horizon,Date,fold,test_year,include_in_main,variant,y_true,pred
5,03.01.2012,1,2012,True,har,0.0091622752838812,0.015377429794215434
5,04.01.2012,1,2012,True,har,0.0073304055022451,0.01891349197796055
5,05.01.2012,1,2012,True,har,0.0073897103930778,0.01830802649853495
5,06.01.2012,1,2012,True,har,0.0068938129059292,0.018155217199657146
5,09.01.2012,1,2012,True,har,0.0094039118661892,0.01782490911315796
5,10.01.2012,1,2012,True,har,0.0081388578114853,0.017698746756361627
5,11.01.2012,1,2012,True,har,0.009300169890081,0.017445917274980516
5,12.01.2012,1,2012,True,har,0.0109276706331585,0.017342257368559027
5,13.01.2012,1,2012,True,har,0.0111507403942219,0.017027606046553956
5,17.01.2012,1,2012,True,har,0.0098667899424775,0.014644642987056982
5,18.01.2012,1,2012,True,har,0.0094455173209661,0.01484410443086699
5,19.01.2012,1,2012,True,har,0.0096719954779693,0.014360793920691799
5,20.01.2012,1,2012,True,har,0.0060212685873953,0.014426401190252637
5,23.01.2012,1,2012,True,har,0.0067920384043433,0.014060345616442142
5,24.01.2012,1,2012,True,har,0.006116763920081,0.013782760430620596
5,25.01.2012,1,2012,True,har,0.0058653193197458,0.013763829171811829
5,26.01.2012,1,2012,True,har,0.0050763152347303,0.013685959831932763
5,27.01.2012,1,2012,True,har,0.0103837053356925,0.013779130049745224
5,30.01.2012,1,2012,True,har,0.0080960249026039,0.01317742308574603
5,31.01.2012,1,2012,True,har,0.007987238535353,0.013298286421453063
5,01.02.2012,1,2012,True,har,0.0077116895506092,0.013079375309657915
5,02.02.2012,1,2012,True,har,0.0071242658754918,0.009615607154184214
5,03.02.2012,1,2012,True,har,0.0094715479737674,0.009102183437051166
5,06.02.2012,1,2012,True,har,0.008686217751824,0.010755623129773306
5,07.02.2012,1,2012,True,har,0.008706163809804,0.010666759317247962
5,08.02.2012,1,2012,True,har,0.0084795263139345,0.010318646790707039
5,09.02.2012,1,2012,True,har,0.0080089951202706,0.010489399269426818
5,10.02.2012,1,2012,True,har,0.0054161866402711,0.010475283852875963
5,13.02.2012,1,2012,True,har,0.0081619430577457,0.010634099422564196
5,14.02.2012,1,2012,True,har,0.0079063960294947,0.010231101788157802
5,15.02.2012,1,2012,True,har,0.0079400873387557,0.010040398628111003
5,16.02.2012,1,2012,True,har,0.0085633915189261,0.009885096799863997
5,17.02.2012,1,2012,True,har,0.0109512037154096,0.010009659186231269
5,21.02.2012,1,2012,True,har,0.0151715998480684,0.009018393105129006
5,22.02.2012,1,2012,True,har,0.0149992827191236,0.009855741656160455
5,23.02.2012,1,2012,True,har,0.0199419141181591,0.00945663057513161
5,24.02.2012,1,2012,True,har,0.0213856615021576,0.009182825820079215
5,27.02.2012,1,2012,True,har,0.0209958358871894,0.009625157975901149
5,28.02.2012,1,2012,True,har,0.0195393142317604,0.010235082064411852
5,29.02.2012,1,2012,True,har,0.0207452707814624,0.011877757484957108
5,01.03.2012,1,2012,True,har,0.0161600241704768,0.011569910976501216
5,02.03.2012,1,2012,True,har,0.0120825027031904,0.013214475222490397
5,05.03.2012,1,2012,True,har,0.0127235151783122,0.01417805743751708
5,06.03.2012,1,2012,True,har,0.0082797341318662,0.013159026686564202
5,07.03.2012,1,2012,True,har,0.0085876706494807,0.01389309462036048
5,08.03.2012,1,2012,True,har,0.0083201006379127,0.014326830639849578
5,09.03.2012,1,2012,True,har,0.0125773457134603,0.01406102143970439
5,12.03.2012,1,2012,True,har,0.0123093188104896,0.013667446264650981
5,13.03.2012,1,2012,True,har,0.0128898239745921,0.013503347283317608
5,14.03.2012,1,2012,True,har,0.0123956282176204,0.013444896623118457
5,15.03.2012,1,2012,True,har,0.0118628485963871,0.013798334465449903
5,16.03.2012,1,2012,True,har,0.0110415405615514,0.01409546195534769
5,19.03.2012,1,2012,True,har,0.0112922270587554,0.01468591888981162
5,20.03.2012,1,2012,True,har,0.0089856438473369,0.014164982776375441
5,21.03.2012,1,2012,True,har,0.0108465286322642,0.014452358090174287
5,22.03.2012,1,2012,True,har,0.0122049500311419,0.013986280803403507
5,23.03.2012,1,2012,True,har,0.0086084771936759,0.014247933844503919
5,26.03.2012,1,2012,True,har,0.0138413626151857,0.014477723176986822
5,27.03.2012,1,2012,True,har,0.0139734214569778,0.014022527288664495
5,28.03.2012,1,2012,True,har,0.0161000857232682,0.013087796766386274
5,29.03.2012,1,2012,True,har,0.0153187824744819,0.013546279551205926
5,30.03.2012,1,2012,True,har,0.015609114726079,0.012578036302551037
5,02.04.2012,1,2012,True,har,0.0129707274242536,0.011536175511721642
5,03.04.2012,1,2012,True,har,0.0139302438717578,0.012891952146966845
5,04.04.2012,1,2012,True,har,0.0142046022811044,0.0120755894228938
5,05.04.2012,1,2012,True,har,0.0132349674214871,0.012794137722821038
5,09.04.2012,1,2012,True,har,0.0170594137241088,0.012401572159570953
5,10.04.2012,1,2012,True,har,0.0144671270776696,0.012333320293195803
5,11.04.2012,1,2012,True,har,0.0143689293232079,0.013476699023701768
5,12.04.2012,1,2012,True,har,0.0116525566634092,0.012851869971084737
5,13.04.2012,1,2012,True,har,0.0126960743041315,0.0133745678874758
5,16.04.2012,1,2012,True,har,0.0047163978177898,0.012863119989526356
5,17.04.2012,1,2012,True,har,0.0051080557535579,0.013966312362727823
5,18.04.2012,1,2012,True,har,0.0052363797494647,0.013237103551320004
5,19.04.2012,1,2012,True,har,0.0055031074768896,0.01325616300149692
5,20.04.2012,1,2012,True,har,0.0053966342340667,0.013001654445111477
5,23.04.2012,1,2012,True,har,0.0057731007949895,0.013249250408592862
5,24.04.2012,1,2012,True,har,0.0047590326136005,0.012308164358109133
5,25.04.2012,1,2012,True,har,0.0069933777762459,0.012350823627508847
5,26.04.2012,1,2012,True,har,0.0083451493404651,0.012647438931357464
5,27.04.2012,1,2012,True,har,0.0109313684583837,0.012617883041577797
5,30.04.2012,1,2012,True,har,0.0115329131138422,0.012164158838530979
5,01.05.2012,1,2012,True,har,0.0102597662173354,0.012191488001928048
5,02.05.2012,1,2012,True,har,0.0125085990615908,0.011202437908118356
5,03.05.2012,1,2012,True,har,0.0113768697123705,0.011726435862585163
5,04.05.2012,1,2012,True,har,0.0036495944131402,0.01176970433273167
5,07.05.2012,1,2012,True,har,0.0040166794662833,0.012650511088403527
5,08.05.2012,1,2012,True,har,0.0055258411001739,0.012023448289265423
5,09.05.2012,1,2012,True,har,0.0048968366345358,0.011359401815664381
5,10.05.2012,1,2012,True,har,0.0169078840740322,0.011473840276982651
5,11.05.2012,1,2012,True,har,0.0169850674196483,0.01091251547553264
5,14.05.2012,1,2012,True,har,0.0204053787960494,0.010644757144197143
5,15.05.2012,1,2012,True,har,0.0195425321790909,0.009536073640968064
5,16.05.2012,1,2012,True,har,0.0212998870610854,0.009737733811701472
5,17.05.2012,1,2012,True,har,0.0161622275304957,0.009655444645454724
5,18.05.2012,1,2012,True,har,0.0162393934336897,0.013382395539665307
5,21.05.2012,1,2012,True,har,0.0136119006739234,0.012221290072165061
5,22.05.2012,1,2012,True,har,0.0180563653175241,0.013332859511105216
5,23.05.2012,1,2012,True,har,0.0159614976427603,0.012996836398453922
5,24.05.2012,1,2012,True,har,0.0166470516045735,0.014129965776103447
5,25.05.2012,1,2012,True,har,0.0171099336878704,0.013647140901071811
5,29.05.2012,1,2012,True,har,0.0173866831511396,0.013544590705711552
5,30.05.2012,1,2012,True,har,0.0200808190537272,0.013456695113344765
5,31.05.2012,1,2012,True,har,0.0193654714803631,0.015145087475159897
5,01.06.2012,1,2012,True,har,0.0099142300768305,0.014753895672449545
5,04.06.2012,1,2012,True,har,0.0122870560813217,0.01611773902863802
5,05.06.2012,1,2012,True,har,0.0126123516952978,0.015086711549294442
5,06.06.2012,1,2012,True,har,0.0054484200760792,0.01498563320627044
5,07.06.2012,1,2012,True,har,0.0060881800846395,0.016323881867501958
5,08.06.2012,1,2012,True,har,0.0081346580087484,0.015880309999388328
5,11.06.2012,1,2012,True,har,0.0085594431258501,0.015548449835626536
5,12.06.2012,1,2012,True,har,0.0081294938417471,0.015972105227875805
5,13.06.2012,1,2012,True,har,0.0152412431703441,0.015824528844219848
5,14.06.2012,1,2012,True,har,0.0187662074052173,0.015232079491253221
5,15.06.2012,1,2012,True,har,0.0232670764420288,0.015316373136960413
5,18.06.2012,1,2012,True,har,0.0240545655052573,0.01421837570114908
5,19.06.2012,1,2012,True,har,0.0282622911609263,0.014670896114082926
5,20.06.2012,1,2012,True,har,0.0240477980156548,0.013636862606148846
5,21.06.2012,1,2012,True,har,0.0180681214052447,0.01556510967026166
5,22.06.2012,1,2012,True,har,0.0340396299864023,0.016569017413272748
5,25.06.2012,1,2012,True,har,0.0346325961850966,0.01679306967429331
5,26.06.2012,1,2012,True,har,0.0357439531082339,0.016253659291015726
5,27.06.2012,1,2012,True,har,0.0361794224159591,0.01795053262589321
5,28.06.2012,1,2012,True,har,0.0367352476062919,0.0168075930505958
5,29.06.2012,1,2012,True,har,0.0230689726194761,0.017379386697833864
5,02.07.2012,1,2012,True,har,0.0264077141593616,0.023257957522728953
5,03.07.2012,1,2012,True,har,0.0233222337738106,0.021588218504762623
5,05.07.2012,1,2012,True,har,0.0236993767464084,0.023403489377266627
5,06.07.2012,1,2012,True,har,0.0189117402394791,0.022255518059529265
5,09.07.2012,1,2012,True,har,0.0176524410594811,0.02343360606767474
5,10.07.2012,1,2012,True,har,0.0069045480121233,0.023335602434308555
5,11.07.2012,1,2012,True,har,0.0033922313525662,0.023776295587224546
5,12.07.2012,1,2012,True,har,0.0074350253020469,0.02399051838424073
5,13.07.2012,1,2012,True,har,0.0122912275970569,0.02365001266932277
5,16.07.2012,1,2012,True,har,0.022315767225726,0.023726074356915886
5,17.07.2012,1,2012,True,har,0.0221973272221649,0.023688882495211887
5,18.07.2012,1,2012,True,har,0.0219567297081522,0.022894698899215138
5,19.07.2012,1,2012,True,har,0.017898862021723,0.022968768021917645
5,20.07.2012,1,2012,True,har,0.0189858196410702,0.022474629380607417
5,23.07.2012,1,2012,True,har,0.0058674975373614,0.02051856032797494
5,24.07.2012,1,2012,True,har,0.0099813627013619,0.022917611835188603
5,25.07.2012,1,2012,True,har,0.0100840993453463,0.022042569358430478
5,26.07.2012,1,2012,True,har,0.0096745322843707,0.022029228280435357
5,27.07.2012,1,2012,True,har,0.0153859234944983,0.021898742085566487
5,30.07.2012,1,2012,True,har,0.014865431525226,0.02121625366663043
5,31.07.2012,1,2012,True,har,0.0118969772265098,0.016638210205356326
5,01.08.2012,1,2012,True,har,0.0130440668541159,0.01722525089129336
5,02.08.2012,1,2012,True,har,0.0114166049847686,0.016073973464964197
5,03.08.2012,1,2012,True,har,0.0094626798706882,0.01582134796173442
5,06.08.2012,1,2012,True,har,0.0094562130206328,0.016393191763395376
5,07.08.2012,1,2012,True,har,0.004522133633977,0.015406495268139527
5,08.08.2012,1,2012,True,har,0.0080221267012888,0.014946802607673355
5,09.08.2012,1,2012,True,har,0.0079238020188743,0.014050964751554547
5,10.08.2012,1,2012,True,har,0.0173678268968499,0.014238846637508849
5,13.08.2012,1,2012,True,har,0.0171936408362314,0.01399090498566551
5,14.08.2012,1,2012,True,har,0.0175389724454779,0.014019230616008654
5,15.08.2012,1,2012,True,har,0.0145174927622739,0.013830249519696875
5,16.08.2012,1,2012,True,har,0.0140218020530756,0.01459310577977346
5,17.08.2012,1,2012,True,har,0.007553338959058,0.013604755225440746
5,20.08.2012,1,2012,True,har,0.0091467623860392,0.015663501272365776
5,21.08.2012,1,2012,True,har,0.0077733270824053,0.012720750042474067
5,22.08.2012,1,2012,True,har,0.0073345755938701,0.012944248358569357
5,23.08.2012,1,2012,True,har,0.0073531004022856,0.012684299562406767
5,24.08.2012,1,2012,True,har,0.010231823932368,0.012630732008590745
5,27.08.2012,1,2012,True,har,0.0078884748825752,0.01310808691447084
5,28.08.2012,1,2012,True,har,0.0098266608544896,0.01344471513312603
5,29.08.2012,1,2012,True,har,0.0098557955133272,0.012784024602884326
5,30.08.2012,1,2012,True,har,0.0100808006458043,0.012654363431047566
5,31.08.2012,1,2012,True,har,0.0067764755500388,0.012656464015664726
5,04.09.2012,1,2012,True,har,0.006644797525805,0.012359480686384107
5,05.09.2012,1,2012,True,har,0.0011196584758676,0.011976407948470645
5,06.09.2012,1,2012,True,har,0.0014198528417733,0.011590905869746048
5,07.09.2012,1,2012,True,har,0.0216360877914852,0.011447682862317544
5,10.09.2012,1,2012,True,har,0.0246810208196203,0.011449432971132257
5,11.09.2012,1,2012,True,har,0.0271386710492224,0.011327609634592518
5,12.09.2012,1,2012,True,har,0.0283518350909793,0.011318885031270785
5,13.09.2012,1,2012,True,har,0.026916823234135,0.011171668277237654
5,18.09.2012,1,2012,True,har,0.021585454105863,0.010657593347615115
5,19.09.2012,1,2012,True,har,0.0126881629397333,0.01516688763134888
5,20.09.2012,1,2012,True,har,0.0129256935073074,0.01567164930119377
5,21.09.2012,1,2012,True,har,0.01194527226123,0.015765450852189396
5,24.09.2012,1,2012,True,har,0.0084431602504154,0.01582726895046913
5,25.09.2012,1,2012,True,har,0.0094032228613865,0.016035898213152416
5,26.09.2012,1,2012,True,har,0.0177429077962465,0.015727939833640625
5,27.09.2012,1,2012,True,har,0.0254695566847665,0.015276508563177266
5,28.09.2012,1,2012,True,har,0.0255497961157989,0.015958399829351114
5,01.10.2012,1,2012,True,har,0.0255498608698106,0.015554906372161875
5,02.10.2012,1,2012,True,har,0.0274281223499804,0.015417993287195675
5,03.10.2012,1,2012,True,har,0.0198401416236242,0.015578373930729483
5,04.10.2012,1,2012,True,har,0.0120909827389253,0.017142708204570898
5,05.10.2012,1,2012,True,har,0.0131775462024186,0.019620298491852844
5,08.10.2012,1,2012,True,har,0.0128155879558175,0.018628215966593524
5,09.10.2012,1,2012,True,har,0.0096915652493701,0.018526230424670276
5,10.10.2012,1,2012,True,har,0.0224557555715533,0.019723236770840036
5,11.10.2012,1,2012,True,har,0.0198230588997972,0.01889902064073653
5,12.10.2012,1,2012,True,har,0.019802862489179,0.01908491174047293
5,15.10.2012,1,2012,True,har,0.0167302005722644,0.019110345147396096
5,16.10.2012,1,2012,True,har,0.0189267136747949,0.019164437865541183
5,19.10.2012,1,2012,True,har,0.0086264708825165,0.016978733124641793
5,22.10.2012,1,2012,True,har,0.00886355235427,0.01915967531835973
5,23.10.2012,1,2012,True,har,0.00754493707986,0.017835164312793347
5,24.10.2012,1,2012,True,har,0.0129791254273151,0.017865938915487038
5,25.10.2012,1,2012,True,har,0.0164368956939948,0.017388799915306424
5,26.10.2012,1,2012,True,har,0.0217387305585523,0.017510588546965068
5,31.10.2012,1,2012,True,har,0.0288483985093757,0.01743445623726595
5,01.11.2012,1,2012,True,har,0.0290148896950637,0.01704139402331263
5,02.11.2012,1,2012,True,har,0.027360046590067,0.01690885402560781
5,05.11.2012,1,2012,True,har,0.0266603637545399,0.018053338772176672
5,06.11.2012,1,2012,True,har,0.0215966772334619,0.018553610000101015
5,07.11.2012,1,2012,True,har,0.0111289299926311,0.019002853287809165
5,08.11.2012,1,2012,True,har,0.0115408520033765,0.01922941259158909
5,09.11.2012,1,2012,True,har,0.0092189751237545,0.018344642522245748
5,12.11.2012,1,2012,True,har,0.0104783502631488,0.019223994943458157
5,13.11.2012,1,2012,True,har,0.0095883914335818,0.01804528113868385
5,14.11.2012,1,2012,True,har,0.0086224637740409,0.018046763894592217
5,15.11.2012,1,2012,True,har,0.007271305434039,0.017898334422892816
5,19.11.2012,1,2012,True,har,0.0084404643321345,0.018089210975358136
5,20.11.2012,1,2012,True,har,0.0075115194186482,0.017563611911602175
5,21.11.2012,1,2012,True,har,0.0081993727512325,0.01784297735419639
5,23.11.2012,1,2012,True,har,0.0081355752103685,0.01573379283853183
5,26.11.2012,1,2012,True,har,0.0079964895522083,0.015541151231234982
5,27.11.2012,1,2012,True,har,0.0080782272724365,0.015334223791689292
5,28.11.2012,1,2012,True,har,0.0090941585498902,0.015627954953358062
5,29.11.2012,1,2012,True,har,0.0078672172524693,0.015421732312590072
5,30.11.2012,1,2012,True,har,0.0064536996976623,0.015698006570060874
5,03.12.2012,1,2012,True,har,0.0078809148313095,0.01542390650568906
5,04.12.2012,1,2012,True,har,0.009389186761803,0.015353619125389177
5,05.12.2012,1,2012,True,har,0.0111807223832454,0.014870893179770358
5,06.12.2012,1,2012,True,har,0.0104464125662849,0.014588726920514312
5,07.12.2012,1,2012,True,har,0.0112113514481462,0.013640750447875032
5,10.12.2012,1,2012,True,har,0.0116041195002358,0.010478264319532853
5,11.12.2012,1,2012,True,har,0.0119923207853944,0.010575720330462998
5,12.12.2012,1,2012,True,har,0.0121389270418496,0.009868799700321002
5,13.12.2012,1,2012,True,har,0.009606228589229,0.01055846510656059
5,14.12.2012,1,2012,True,har,0.0124262632755723,0.010919982180280511
5,19.12.2012,1,2012,True,har,0.0118287305663453,0.010804844911363198
5,20.12.2012,1,2012,True,har,0.0118372953694193,0.010730781228741685
5,21.12.2012,1,2012,True,har,0.0097632686538649,0.010488695343014259
5,24.12.2012,1,2012,True,har,0.0097773026305412,0.010842576674435346
5,26.12.2012,1,2012,True,har,0.0064490168327389,0.010293033104141952
5,27.12.2012,1,2012,True,har,0.0075794447583124,0.011781525916792336
5,28.12.2012,1,2012,True,har,0.0074522725953963,0.011259825675315468
5,31.12.2012,1,2012,True,har,0.0074965227360321,0.011053854822464232
5,03.01.2012,1,2012,True,har_ovx,0.0091622752838812,0.01841854377187057
5,04.01.2012,1,2012,True,har_ovx,0.0073304055022451,0.01957626295210916
5,05.01.2012,1,2012,True,har_ovx,0.0073897103930778,0.01858853952563813
5,06.01.2012,1,2012,True,har_ovx,0.0068938129059292,0.018421030770652304
5,09.01.2012,1,2012,True,har_ovx,0.0094039118661892,0.017371458114462245
5,10.01.2012,1,2012,True,har_ovx,0.0081388578114853,0.017017928607886278
5,11.01.2012,1,2012,True,har_ovx,0.009300169890081,0.017091175229563913
5,12.01.2012,1,2012,True,har_ovx,0.0109276706331585,0.017244287623279262
5,13.01.2012,1,2012,True,har_ovx,0.0111507403942219,0.017784089416260987
5,17.01.2012,1,2012,True,har_ovx,0.0098667899424775,0.016670206265028232
5,18.01.2012,1,2012,True,har_ovx,0.0094455173209661,0.0156182062604092
5,19.01.2012,1,2012,True,har_ovx,0.0096719954779693,0.01476402809663626
5,20.01.2012,1,2012,True,har_ovx,0.0060212685873953,0.015242665813784244
5,23.01.2012,1,2012,True,har_ovx,0.0067920384043433,0.015017218676292111
5,24.01.2012,1,2012,True,har_ovx,0.006116763920081,0.014755697785322194
5,25.01.2012,1,2012,True,har_ovx,0.0058653193197458,0.014860932123313518
5,26.01.2012,1,2012,True,har_ovx,0.0050763152347303,0.014088688252628788
5,27.01.2012,1,2012,True,har_ovx,0.0103837053356925,0.014175375550010964
5,30.01.2012,1,2012,True,har_ovx,0.0080960249026039,0.014007474267336775
5,31.01.2012,1,2012,True,har_ovx,0.007987238535353,0.014089265598319302
5,01.02.2012,1,2012,True,har_ovx,0.0077116895506092,0.014376575256087161
5,02.02.2012,1,2012,True,har_ovx,0.0071242658754918,0.013513704114691489
5,03.02.2012,1,2012,True,har_ovx,0.0094715479737674,0.013220478991233207
5,06.02.2012,1,2012,True,har_ovx,0.008686217751824,0.01278093944722021
5,07.02.2012,1,2012,True,har_ovx,0.008706163809804,0.013105816533575995
5,08.02.2012,1,2012,True,har_ovx,0.0084795263139345,0.013659774228698317
5,09.02.2012,1,2012,True,har_ovx,0.0080089951202706,0.013711928727907654
5,10.02.2012,1,2012,True,har_ovx,0.0054161866402711,0.013837896361053814
5,13.02.2012,1,2012,True,har_ovx,0.0081619430577457,0.013952014212199139
5,14.02.2012,1,2012,True,har_ovx,0.0079063960294947,0.014133897111156195
5,15.02.2012,1,2012,True,har_ovx,0.0079400873387557,0.014258020346736712
5,16.02.2012,1,2012,True,har_ovx,0.0085633915189261,0.01497586140081192
5,17.02.2012,1,2012,True,har_ovx,0.0109512037154096,0.014562447797526065
5,21.02.2012,1,2012,True,har_ovx,0.0151715998480684,0.013899128877706437
5,22.02.2012,1,2012,True,har_ovx,0.0149992827191236,0.014976785116749687
5,23.02.2012,1,2012,True,har_ovx,0.0199419141181591,0.014252674042160912
5,24.02.2012,1,2012,True,har_ovx,0.0213856615021576,0.013882761757922439
5,27.02.2012,1,2012,True,har_ovx,0.0209958358871894,0.01436491778931621
5,28.02.2012,1,2012,True,har_ovx,0.0195393142317604,0.01450958930749701
5,29.02.2012,1,2012,True,har_ovx,0.0207452707814624,0.014373512800485728
5,01.03.2012,1,2012,True,har_ovx,0.0161600241704768,0.013630387500277513
5,02.03.2012,1,2012,True,har_ovx,0.0120825027031904,0.014261713948751574
5,05.03.2012,1,2012,True,har_ovx,0.0127235151783122,0.01416700670816498
5,06.03.2012,1,2012,True,har_ovx,0.0082797341318662,0.014043332606061122
5,07.03.2012,1,2012,True,har_ovx,0.0085876706494807,0.015002797685451277
5,08.03.2012,1,2012,True,har_ovx,0.0083201006379127,0.014230518041770746
5,09.03.2012,1,2012,True,har_ovx,0.0125773457134603,0.013931850138154338
5,12.03.2012,1,2012,True,har_ovx,0.0123093188104896,0.013638658826190194
5,13.03.2012,1,2012,True,har_ovx,0.0128898239745921,0.012739041964639434
5,14.03.2012,1,2012,True,har_ovx,0.0123956282176204,0.012702540640913468
5,15.03.2012,1,2012,True,har_ovx,0.0118628485963871,0.012709924062833205
5,16.03.2012,1,2012,True,har_ovx,0.0110415405615514,0.012885505564402901
5,19.03.2012,1,2012,True,har_ovx,0.0112922270587554,0.012368360651486058
5,20.03.2012,1,2012,True,har_ovx,0.0089856438473369,0.011056379782891848
5,21.03.2012,1,2012,True,har_ovx,0.0108465286322642,0.0117778991900685
5,22.03.2012,1,2012,True,har_ovx,0.0122049500311419,0.011053480886241779
5,23.03.2012,1,2012,True,har_ovx,0.0086084771936759,0.01155123488941085
5,26.03.2012,1,2012,True,har_ovx,0.0138413626151857,0.012102459540575065
5,27.03.2012,1,2012,True,har_ovx,0.0139734214569778,0.011718936714059049
5,28.03.2012,1,2012,True,har_ovx,0.0161000857232682,0.011405969297951013
5,29.03.2012,1,2012,True,har_ovx,0.0153187824744819,0.01177045606629784
5,30.03.2012,1,2012,True,har_ovx,0.015609114726079,0.012008680921931782
5,02.04.2012,1,2012,True,har_ovx,0.0129707274242536,0.011939126345443063
5,03.04.2012,1,2012,True,har_ovx,0.0139302438717578,0.011750482262267294
5,04.04.2012,1,2012,True,har_ovx,0.0142046022811044,0.01112122900954807
5,05.04.2012,1,2012,True,har_ovx,0.0132349674214871,0.011739559708592672
5,09.04.2012,1,2012,True,har_ovx,0.0170594137241088,0.011195136349886451
5,10.04.2012,1,2012,True,har_ovx,0.0144671270776696,0.012191648835939824
5,11.04.2012,1,2012,True,har_ovx,0.0143689293232079,0.013803887227183313
5,12.04.2012,1,2012,True,har_ovx,0.0116525566634092,0.012887108268052515
5,13.04.2012,1,2012,True,har_ovx,0.0126960743041315,0.012331918833997218
5,16.04.2012,1,2012,True,har_ovx,0.0047163978177898,0.012293423969815155
5,17.04.2012,1,2012,True,har_ovx,0.0051080557535579,0.012616713524803327
5,18.04.2012,1,2012,True,har_ovx,0.0052363797494647,0.011797367806224764
5,19.04.2012,1,2012,True,har_ovx,0.0055031074768896,0.011635478908088042
5,20.04.2012,1,2012,True,har_ovx,0.0053966342340667,0.011664825433600746
5,23.04.2012,1,2012,True,har_ovx,0.0057731007949895,0.011003591808778891
5,24.04.2012,1,2012,True,har_ovx,0.0047590326136005,0.011126147732231707
5,25.04.2012,1,2012,True,har_ovx,0.0069933777762459,0.010680130332815643
5,26.04.2012,1,2012,True,har_ovx,0.0083451493404651,0.010520577712265156
5,27.04.2012,1,2012,True,har_ovx,0.0109313684583837,0.00986863048512423
5,30.04.2012,1,2012,True,har_ovx,0.0115329131138422,0.009556045678653369
5,01.05.2012,1,2012,True,har_ovx,0.0102597662173354,0.010028120807678391
5,02.05.2012,1,2012,True,har_ovx,0.0125085990615908,0.009827022153955983
5,03.05.2012,1,2012,True,har_ovx,0.0113768697123705,0.009844341296744004
5,04.05.2012,1,2012,True,har_ovx,0.0036495944131402,0.011229511862535634
5,07.05.2012,1,2012,True,har_ovx,0.0040166794662833,0.012689600565577637
5,08.05.2012,1,2012,True,har_ovx,0.0055258411001739,0.011879955956841179
5,09.05.2012,1,2012,True,har_ovx,0.0048968366345358,0.01182540192971678
5,10.05.2012,1,2012,True,har_ovx,0.0169078840740322,0.011835034214395416
5,11.05.2012,1,2012,True,har_ovx,0.0169850674196483,0.011388650366564723
5,14.05.2012,1,2012,True,har_ovx,0.0204053787960494,0.011920007819526728
5,15.05.2012,1,2012,True,har_ovx,0.0195425321790909,0.012909968401713781
5,16.05.2012,1,2012,True,har_ovx,0.0212998870610854,0.013541626412671563
5,17.05.2012,1,2012,True,har_ovx,0.0161622275304957,0.01317361430469911
5,18.05.2012,1,2012,True,har_ovx,0.0162393934336897,0.01423816160706529
5,21.05.2012,1,2012,True,har_ovx,0.0136119006739234,0.013997087162762446
5,22.05.2012,1,2012,True,har_ovx,0.0180563653175241,0.012300072418241988
5,23.05.2012,1,2012,True,har_ovx,0.0159614976427603,0.01202818779366097
5,24.05.2012,1,2012,True,har_ovx,0.0166470516045735,0.013041826709314516
5,25.05.2012,1,2012,True,har_ovx,0.0171099336878704,0.01265915686911646
5,29.05.2012,1,2012,True,har_ovx,0.0173866831511396,0.01261633824848931
5,30.05.2012,1,2012,True,har_ovx,0.0200808190537272,0.013060614757964287
5,31.05.2012,1,2012,True,har_ovx,0.0193654714803631,0.014929949670244396
5,01.06.2012,1,2012,True,har_ovx,0.0099142300768305,0.01570385805995635
5,04.06.2012,1,2012,True,har_ovx,0.0122870560813217,0.02011716581472111
5,05.06.2012,1,2012,True,har_ovx,0.0126123516952978,0.01782410772389321
5,06.06.2012,1,2012,True,har_ovx,0.0054484200760792,0.016637671272768263
5,07.06.2012,1,2012,True,har_ovx,0.0060881800846395,0.01629734076759776
5,08.06.2012,1,2012,True,har_ovx,0.0081346580087484,0.016916137470641877
5,11.06.2012,1,2012,True,har_ovx,0.0085594431258501,0.017806639603932882
5,12.06.2012,1,2012,True,har_ovx,0.0081294938417471,0.02059775951108133
5,13.06.2012,1,2012,True,har_ovx,0.0152412431703441,0.018828981372131064
5,14.06.2012,1,2012,True,har_ovx,0.0187662074052173,0.018850735127461587
5,15.06.2012,1,2012,True,har_ovx,0.0232670764420288,0.017162280643782134
5,18.06.2012,1,2012,True,har_ovx,0.0240545655052573,0.01686184507400503
5,19.06.2012,1,2012,True,har_ovx,0.0282622911609263,0.01630359358973177
5,20.06.2012,1,2012,True,har_ovx,0.0240477980156548,0.014744677868377043
5,21.06.2012,1,2012,True,har_ovx,0.0180681214052447,0.01600507963648823
5,22.06.2012,1,2012,True,har_ovx,0.0340396299864023,0.017729298691066007
5,25.06.2012,1,2012,True,har_ovx,0.0346325961850966,0.015927502162597928
5,26.06.2012,1,2012,True,har_ovx,0.0357439531082339,0.01661842493980168
5,27.06.2012,1,2012,True,har_ovx,0.0361794224159591,0.015522821830343517
5,28.06.2012,1,2012,True,har_ovx,0.0367352476062919,0.014818020294282955
5,29.06.2012,1,2012,True,har_ovx,0.0230689726194761,0.016136993978697247
5,02.07.2012,1,2012,True,har_ovx,0.0264077141593616,0.01713612403791974
5,03.07.2012,1,2012,True,har_ovx,0.0233222337738106,0.016990644762136218
5,05.07.2012,1,2012,True,har_ovx,0.0236993767464084,0.01758833341314337
5,06.07.2012,1,2012,True,har_ovx,0.0189117402394791,0.018086089036752854
5,09.07.2012,1,2012,True,har_ovx,0.0176524410594811,0.018121487431731028
5,10.07.2012,1,2012,True,har_ovx,0.0069045480121233,0.0188013185146416
5,11.07.2012,1,2012,True,har_ovx,0.0033922313525662,0.018945572904838955
5,12.07.2012,1,2012,True,har_ovx,0.0074350253020469,0.01819063406780689
5,13.07.2012,1,2012,True,har_ovx,0.0122912275970569,0.017090170734570524
5,16.07.2012,1,2012,True,har_ovx,0.022315767225726,0.017101360869100073
5,17.07.2012,1,2012,True,har_ovx,0.0221973272221649,0.017244305122189874
5,18.07.2012,1,2012,True,har_ovx,0.0219567297081522,0.018466934242076995
5,19.07.2012,1,2012,True,har_ovx,0.017898862021723,0.01851194218961777
5,20.07.2012,1,2012,True,har_ovx,0.0189858196410702,0.019300593405820438
5,23.07.2012,1,2012,True,har_ovx,0.0058674975373614,0.01757709091628134
5,24.07.2012,1,2012,True,har_ovx,0.0099813627013619,0.01882109295547603
5,25.07.2012,1,2012,True,har_ovx,0.0100840993453463,0.017799212704099954
5,26.07.2012,1,2012,True,har_ovx,0.0096745322843707,0.017053033463205386
5,27.07.2012,1,2012,True,har_ovx,0.0153859234944983,0.016830474940992386
5,30.07.2012,1,2012,True,har_ovx,0.014865431525226,0.015976939660025773
5,31.07.2012,1,2012,True,har_ovx,0.0118969772265098,0.015701167321083967
5,01.08.2012,1,2012,True,har_ovx,0.0130440668541159,0.01649547286383468
5,02.08.2012,1,2012,True,har_ovx,0.0114166049847686,0.01587535995976966
5,03.08.2012,1,2012,True,har_ovx,0.0094626798706882,0.015544890339214298
5,06.08.2012,1,2012,True,har_ovx,0.0094562130206328,0.01532751006460074
5,07.08.2012,1,2012,True,har_ovx,0.004522133633977,0.014266493979109604
5,08.08.2012,1,2012,True,har_ovx,0.0080221267012888,0.014524856831908057
5,09.08.2012,1,2012,True,har_ovx,0.0079238020188743,0.013644784870597016
5,10.08.2012,1,2012,True,har_ovx,0.0173678268968499,0.013487930071117205
5,13.08.2012,1,2012,True,har_ovx,0.0171936408362314,0.01338409011492112
5,14.08.2012,1,2012,True,har_ovx,0.0175389724454779,0.012755085828543157
5,15.08.2012,1,2012,True,har_ovx,0.0145174927622739,0.013234189592934077
5,16.08.2012,1,2012,True,har_ovx,0.0140218020530756,0.014099055953650623
5,17.08.2012,1,2012,True,har_ovx,0.007553338959058,0.014078337550701082
5,20.08.2012,1,2012,True,har_ovx,0.0091467623860392,0.013835244177384291
5,21.08.2012,1,2012,True,har_ovx,0.0077733270824053,0.01251859608812082
5,22.08.2012,1,2012,True,har_ovx,0.0073345755938701,0.012697264939412438
5,23.08.2012,1,2012,True,har_ovx,0.0073531004022856,0.013029631540619379
5,24.08.2012,1,2012,True,har_ovx,0.010231823932368,0.013437747376246744
5,27.08.2012,1,2012,True,har_ovx,0.0078884748825752,0.014201170568807257
5,28.08.2012,1,2012,True,har_ovx,0.0098266608544896,0.014995613783795476
5,29.08.2012,1,2012,True,har_ovx,0.0098557955133272,0.014643314040176936
5,30.08.2012,1,2012,True,har_ovx,0.0100808006458043,0.014346634989899593
5,31.08.2012,1,2012,True,har_ovx,0.0067764755500388,0.013978645636122316
5,04.09.2012,1,2012,True,har_ovx,0.006644797525805,0.013533298333392136
5,05.09.2012,1,2012,True,har_ovx,0.0011196584758676,0.014767340821114
5,06.09.2012,1,2012,True,har_ovx,0.0014198528417733,0.014619398726920928
5,07.09.2012,1,2012,True,har_ovx,0.0216360877914852,0.0147845697403612
5,10.09.2012,1,2012,True,har_ovx,0.0246810208196203,0.014039762177442476
5,11.09.2012,1,2012,True,har_ovx,0.0271386710492224,0.014171089690308138
5,12.09.2012,1,2012,True,har_ovx,0.0283518350909793,0.013987286482786777
5,13.09.2012,1,2012,True,har_ovx,0.026916823234135,0.01485320024003934
5,18.09.2012,1,2012,True,har_ovx,0.021585454105863,0.014521994648141925
5,19.09.2012,1,2012,True,har_ovx,0.0126881629397333,0.016253278399608058
5,20.09.2012,1,2012,True,har_ovx,0.0129256935073074,0.016566784854769895
5,21.09.2012,1,2012,True,har_ovx,0.01194527226123,0.014542649950157662
5,24.09.2012,1,2012,True,har_ovx,0.0084431602504154,0.014230409213273659
5,25.09.2012,1,2012,True,har_ovx,0.0094032228613865,0.01498094869907152
5,26.09.2012,1,2012,True,har_ovx,0.0177429077962465,0.015245033859850586
5,27.09.2012,1,2012,True,har_ovx,0.0254695566847665,0.016138779051878493
5,28.09.2012,1,2012,True,har_ovx,0.0255497961157989,0.015189835294828598
5,01.10.2012,1,2012,True,har_ovx,0.0255498608698106,0.01469072499313643
5,02.10.2012,1,2012,True,har_ovx,0.0274281223499804,0.01511168940128117
5,03.10.2012,1,2012,True,har_ovx,0.0198401416236242,0.014921630579123877
5,04.10.2012,1,2012,True,har_ovx,0.0120909827389253,0.016495487878619233
5,05.10.2012,1,2012,True,har_ovx,0.0131775462024186,0.01564637172911525
5,08.10.2012,1,2012,True,har_ovx,0.0128155879558175,0.01475543904245606
5,09.10.2012,1,2012,True,har_ovx,0.0096915652493701,0.015455713279479765
5,10.10.2012,1,2012,True,har_ovx,0.0224557555715533,0.016061169032737257
5,11.10.2012,1,2012,True,har_ovx,0.0198230588997972,0.016509953874474292
5,12.10.2012,1,2012,True,har_ovx,0.019802862489179,0.01679951838256744
5,15.10.2012,1,2012,True,har_ovx,0.0167302005722644,0.016233330663768378
5,16.10.2012,1,2012,True,har_ovx,0.0189267136747949,0.016362782735294498
5,19.10.2012,1,2012,True,har_ovx,0.0086264708825165,0.01583217218590388
5,22.10.2012,1,2012,True,har_ovx,0.00886355235427,0.014897379054985414
5,23.10.2012,1,2012,True,har_ovx,0.00754493707986,0.01515574916741856
5,24.10.2012,1,2012,True,har_ovx,0.0129791254273151,0.015870169649685587
5,25.10.2012,1,2012,True,har_ovx,0.0164368956939948,0.015503008261408272
5,26.10.2012,1,2012,True,har_ovx,0.0217387305585523,0.014630995212674466
5,31.10.2012,1,2012,True,har_ovx,0.0288483985093757,0.015262456913469682
5,01.11.2012,1,2012,True,har_ovx,0.0290148896950637,0.01512034246666864
5,02.11.2012,1,2012,True,har_ovx,0.027360046590067,0.014631180510708528
5,05.11.2012,1,2012,True,har_ovx,0.0266603637545399,0.015365734146906316
5,06.11.2012,1,2012,True,har_ovx,0.0215966772334619,0.01504685547984613
5,07.11.2012,1,2012,True,har_ovx,0.0111289299926311,0.014862484609811823
5,08.11.2012,1,2012,True,har_ovx,0.0115408520033765,0.01567400149724006
5,09.11.2012,1,2012,True,har_ovx,0.0092189751237545,0.014896144412807427
5,12.11.2012,1,2012,True,har_ovx,0.0104783502631488,0.014193121892141922
5,13.11.2012,1,2012,True,har_ovx,0.0095883914335818,0.012923986228649422
5,14.11.2012,1,2012,True,har_ovx,0.0086224637740409,0.014020383971613905
5,15.11.2012,1,2012,True,har_ovx,0.007271305434039,0.01482302886557517
5,19.11.2012,1,2012,True,har_ovx,0.0084404643321345,0.014284273240768868
5,20.11.2012,1,2012,True,har_ovx,0.0075115194186482,0.014466121415777265
5,21.11.2012,1,2012,True,har_ovx,0.0081993727512325,0.013853424158885182
5,23.11.2012,1,2012,True,har_ovx,0.0081355752103685,0.013209075014719785
5,26.11.2012,1,2012,True,har_ovx,0.0079964895522083,0.013186778983386594
5,27.11.2012,1,2012,True,har_ovx,0.0080782272724365,0.013154700599051586
5,28.11.2012,1,2012,True,har_ovx,0.0090941585498902,0.012769377565664309
5,29.11.2012,1,2012,True,har_ovx,0.0078672172524693,0.012752059195667995
5,30.11.2012,1,2012,True,har_ovx,0.0064536996976623,0.01260101236834488
5,03.12.2012,1,2012,True,har_ovx,0.0078809148313095,0.012098156661015083
5,04.12.2012,1,2012,True,har_ovx,0.009389186761803,0.012526490585814828
5,05.12.2012,1,2012,True,har_ovx,0.0111807223832454,0.01272402768106035
5,06.12.2012,1,2012,True,har_ovx,0.0104464125662849,0.01275782583117146
5,07.12.2012,1,2012,True,har_ovx,0.0112113514481462,0.01310814006858214
5,10.12.2012,1,2012,True,har_ovx,0.0116041195002358,0.012169550919123258
5,11.12.2012,1,2012,True,har_ovx,0.0119923207853944,0.01251461233803387
5,12.12.2012,1,2012,True,har_ovx,0.0121389270418496,0.012056308202724856
5,13.12.2012,1,2012,True,har_ovx,0.009606228589229,0.011695865179113578
5,14.12.2012,1,2012,True,har_ovx,0.0124262632755723,0.012127304217577567
5,19.12.2012,1,2012,True,har_ovx,0.0118287305663453,0.011845040975968597
5,20.12.2012,1,2012,True,har_ovx,0.0118372953694193,0.01082179618550161
5,21.12.2012,1,2012,True,har_ovx,0.0097632686538649,0.010644591123986979
5,24.12.2012,1,2012,True,har_ovx,0.0097773026305412,0.011537582172983799
5,26.12.2012,1,2012,True,har_ovx,0.0064490168327389,0.011488993658526741
5,27.12.2012,1,2012,True,har_ovx,0.0075794447583124,0.011732671122334934
5,28.12.2012,1,2012,True,har_ovx,0.0074522725953963,0.011120779878993178
5,31.12.2012,1,2012,True,har_ovx,0.0074965227360321,0.011529864421647287
5,03.01.2012,1,2012,True,har_gpr,0.0091622752838812,0.015926940351738667
5,04.01.2012,1,2012,True,har_gpr,0.0073304055022451,0.018403318944074577
5,05.01.2012,1,2012,True,har_gpr,0.0073897103930778,0.017797732700728056
5,06.01.2012,1,2012,True,har_gpr,0.0068938129059292,0.017635026865844457
5,09.01.2012,1,2012,True,har_gpr,0.0094039118661892,0.017305330071245465
5,10.01.2012,1,2012,True,har_gpr,0.0081388578114853,0.017219610865587525
5,11.01.2012,1,2012,True,har_gpr,0.009300169890081,0.016900955465644567
5,12.01.2012,1,2012,True,har_gpr,0.0109276706331585,0.01678718122818579
5,13.01.2012,1,2012,True,har_gpr,0.0111507403942219,0.01647318098315533
5,17.01.2012,1,2012,True,har_gpr,0.0098667899424775,0.01408992469889727
5,18.01.2012,1,2012,True,har_gpr,0.0094455173209661,0.013670797946791293
5,19.01.2012,1,2012,True,har_gpr,0.0096719954779693,0.013180792319526239
5,20.01.2012,1,2012,True,har_gpr,0.0060212685873953,0.013252875348887375
5,23.01.2012,1,2012,True,har_gpr,0.0067920384043433,0.01289671453237573
5,24.01.2012,1,2012,True,har_gpr,0.006116763920081,0.012393180418111112
5,25.01.2012,1,2012,True,har_gpr,0.0058653193197458,0.012366968985292714
5,26.01.2012,1,2012,True,har_gpr,0.0050763152347303,0.012286672412025957
5,27.01.2012,1,2012,True,har_gpr,0.0103837053356925,0.0123813387093017
5,30.01.2012,1,2012,True,har_gpr,0.0080960249026039,0.01175959271437036
5,31.01.2012,1,2012,True,har_gpr,0.007987238535353,0.010678712841401844
5,01.02.2012,1,2012,True,har_gpr,0.0077116895506092,0.010456034076955629
5,02.02.2012,1,2012,True,har_gpr,0.0071242658754918,0.006994721683924681
5,03.02.2012,1,2012,True,har_gpr,0.0094715479737674,0.00647737777051652
5,06.02.2012,1,2012,True,har_gpr,0.008686217751824,0.008159739710834512
5,07.02.2012,1,2012,True,har_gpr,0.008706163809804,0.008842418817260162
5,08.02.2012,1,2012,True,har_gpr,0.0084795263139345,0.008493642164206451
5,09.02.2012,1,2012,True,har_gpr,0.0080089951202706,0.008662926982591626
5,10.02.2012,1,2012,True,har_gpr,0.0054161866402711,0.008645682058107678
5,13.02.2012,1,2012,True,har_gpr,0.0081619430577457,0.00881749776232931
5,14.02.2012,1,2012,True,har_gpr,0.0079063960294947,0.01138184710177442
5,15.02.2012,1,2012,True,har_gpr,0.0079400873387557,0.01119130623981979
5,16.02.2012,1,2012,True,har_gpr,0.0085633915189261,0.011035107705666798
5,17.02.2012,1,2012,True,har_gpr,0.0109512037154096,0.011157044773208388
5,21.02.2012,1,2012,True,har_gpr,0.0151715998480684,0.01015199334766773
5,22.02.2012,1,2012,True,har_gpr,0.0149992827191236,0.011105867783846248
5,23.02.2012,1,2012,True,har_gpr,0.0199419141181591,0.010705415688032618
5,24.02.2012,1,2012,True,har_gpr,0.0213856615021576,0.010431894403782416
5,27.02.2012,1,2012,True,har_gpr,0.0209958358871894,0.010877680584649508
5,28.02.2012,1,2012,True,har_gpr,0.0195393142317604,0.011491179773427973
5,29.02.2012,1,2012,True,har_gpr,0.0207452707814624,0.0131563578220895
5,01.03.2012,1,2012,True,har_gpr,0.0161600241704768,0.012847301245110668
5,02.03.2012,1,2012,True,har_gpr,0.0120825027031904,0.01451882649079564
5,05.03.2012,1,2012,True,har_gpr,0.0127235151783122,0.01548912531268812
5,06.03.2012,1,2012,True,har_gpr,0.0082797341318662,0.011174223238527039
5,07.03.2012,1,2012,True,har_gpr,0.0085876706494807,0.011899936460060614
5,08.03.2012,1,2012,True,har_gpr,0.0083201006379127,0.012340115803088633
5,09.03.2012,1,2012,True,har_gpr,0.0125773457134603,0.012048460514728004
5,12.03.2012,1,2012,True,har_gpr,0.0123093188104896,0.01163205976687227
5,13.03.2012,1,2012,True,har_gpr,0.0128898239745921,0.013617008578398147
5,14.03.2012,1,2012,True,har_gpr,0.0123956282176204,0.013533692044456222
5,15.03.2012,1,2012,True,har_gpr,0.0118628485963871,0.01388862139063808
5,16.03.2012,1,2012,True,har_gpr,0.0110415405615514,0.014183991829984177
5,19.03.2012,1,2012,True,har_gpr,0.0112922270587554,0.014798093833211652
5,20.03.2012,1,2012,True,har_gpr,0.0089856438473369,0.014141211917084423
5,21.03.2012,1,2012,True,har_gpr,0.0108465286322642,0.014432103251051032
5,22.03.2012,1,2012,True,har_gpr,0.0122049500311419,0.013963180981093327
5,23.03.2012,1,2012,True,har_gpr,0.0086084771936759,0.014221923153316052
5,26.03.2012,1,2012,True,har_gpr,0.0138413626151857,0.014447189737596313
5,27.03.2012,1,2012,True,har_gpr,0.0139734214569778,0.013952452940128465
5,28.03.2012,1,2012,True,har_gpr,0.0161000857232682,0.013005589369300914
5,29.03.2012,1,2012,True,har_gpr,0.0153187824744819,0.01347453047784979
5,30.03.2012,1,2012,True,har_gpr,0.015609114726079,0.012515130341077402
5,02.04.2012,1,2012,True,har_gpr,0.0129707274242536,0.011453658939858155
5,03.04.2012,1,2012,True,har_gpr,0.0139302438717578,0.008676496943730776
5,04.04.2012,1,2012,True,har_gpr,0.0142046022811044,0.007861009583692891
5,05.04.2012,1,2012,True,har_gpr,0.0132349674214871,0.008591496821249798
5,09.04.2012,1,2012,True,har_gpr,0.0170594137241088,0.008194417262356576
5,10.04.2012,1,2012,True,har_gpr,0.0144671270776696,0.010765906706922559
5,11.04.2012,1,2012,True,har_gpr,0.0143689293232079,0.011893987752292898
5,12.04.2012,1,2012,True,har_gpr,0.0116525566634092,0.011274275448224234
5,13.04.2012,1,2012,True,har_gpr,0.0126960743041315,0.011798429590436846
5,16.04.2012,1,2012,True,har_gpr,0.0047163978177898,0.011281528454310285
5,17.04.2012,1,2012,True,har_gpr,0.0051080557535579,0.012586570946359423
5,18.04.2012,1,2012,True,har_gpr,0.0052363797494647,0.011842369046042585
5,19.04.2012,1,2012,True,har_gpr,0.0055031074768896,0.011861135204904661
5,20.04.2012,1,2012,True,har_gpr,0.0053966342340667,0.011591300258315361
5,23.04.2012,1,2012,True,har_gpr,0.0057731007949895,0.011844792499573216
5,24.04.2012,1,2012,True,har_gpr,0.0047590326136005,0.01250734382652298
5,25.04.2012,1,2012,True,har_gpr,0.0069933777762459,0.012552359245885235
5,26.04.2012,1,2012,True,har_gpr,0.0083451493404651,0.012849538920886572
5,27.04.2012,1,2012,True,har_gpr,0.0109313684583837,0.012821451177493903
5,30.04.2012,1,2012,True,har_gpr,0.0115329131138422,0.012367338140353724
5,01.05.2012,1,2012,True,har_gpr,0.0102597662173354,0.01233948245080451
5,02.05.2012,1,2012,True,har_gpr,0.0125085990615908,0.011345720724609114
5,03.05.2012,1,2012,True,har_gpr,0.0113768697123705,0.011882232839796933
5,04.05.2012,1,2012,True,har_gpr,0.0036495944131402,0.01193333668529752
5,07.05.2012,1,2012,True,har_gpr,0.0040166794662833,0.012828092201553306
5,08.05.2012,1,2012,True,har_gpr,0.0055258411001739,0.013229626282135044
5,09.05.2012,1,2012,True,har_gpr,0.0048968366345358,0.01255929580007473
5,10.05.2012,1,2012,True,har_gpr,0.0169078840740322,0.012686288143353467
5,11.05.2012,1,2012,True,har_gpr,0.0169850674196483,0.012119195585996256
5,14.05.2012,1,2012,True,har_gpr,0.0204053787960494,0.01180822307619113
5,15.05.2012,1,2012,True,har_gpr,0.0195425321790909,0.010342011657196684
5,16.05.2012,1,2012,True,har_gpr,0.0212998870610854,0.010551942910765855
5,17.05.2012,1,2012,True,har_gpr,0.0161622275304957,0.010466142549488813
5,18.05.2012,1,2012,True,har_gpr,0.0162393934336897,0.014258281471372373
5,21.05.2012,1,2012,True,har_gpr,0.0136119006739234,0.013097214206989763
5,22.05.2012,1,2012,True,har_gpr,0.0180563653175241,0.014960256552836532
5,23.05.2012,1,2012,True,har_gpr,0.0159614976427603,0.0146191871968154
5,24.05.2012,1,2012,True,har_gpr,0.0166470516045735,0.015762063000167817
5,25.05.2012,1,2012,True,har_gpr,0.0171099336878704,0.015250025742384439
5,29.05.2012,1,2012,True,har_gpr,0.0173866831511396,0.01514770708074343
5,30.05.2012,1,2012,True,har_gpr,0.0200808190537272,0.01365383177131168
5,31.05.2012,1,2012,True,har_gpr,0.0193654714803631,0.015366790129440169
5,01.06.2012,1,2012,True,har_gpr,0.0099142300768305,0.01496352680560687
5,04.06.2012,1,2012,True,har_gpr,0.0122870560813217,0.016330638903558188
5,05.06.2012,1,2012,True,har_gpr,0.0126123516952978,0.016998897079918016
5,06.06.2012,1,2012,True,har_gpr,0.0054484200760792,0.016899291485083966
5,07.06.2012,1,2012,True,har_gpr,0.0060881800846395,0.01825210597172868
5,08.06.2012,1,2012,True,har_gpr,0.0081346580087484,0.017804472006015377
5,11.06.2012,1,2012,True,har_gpr,0.0085594431258501,0.017419645129321905
5,12.06.2012,1,2012,True,har_gpr,0.0081294938417471,0.01623661175215438
5,13.06.2012,1,2012,True,har_gpr,0.0152412431703441,0.016090741927875622
5,14.06.2012,1,2012,True,har_gpr,0.0187662074052173,0.015458191706188873
5,15.06.2012,1,2012,True,har_gpr,0.0232670764420288,0.015546039684886685
5,18.06.2012,1,2012,True,har_gpr,0.0240545655052573,0.014460974331563516
5,19.06.2012,1,2012,True,har_gpr,0.0282622911609263,0.014092897391729987
5,20.06.2012,1,2012,True,har_gpr,0.0240477980156548,0.013056944574118113
5,21.06.2012,1,2012,True,har_gpr,0.0180681214052447,0.015024535259781929
5,22.06.2012,1,2012,True,har_gpr,0.0340396299864023,0.016047462980009763
5,25.06.2012,1,2012,True,har_gpr,0.0346325961850966,0.016295744216346098
5,26.06.2012,1,2012,True,har_gpr,0.0357439531082339,0.01661322921567407
5,27.06.2012,1,2012,True,har_gpr,0.0361794224159591,0.018332970477891446
5,28.06.2012,1,2012,True,har_gpr,0.0367352476062919,0.017166754001467593
5,29.06.2012,1,2012,True,har_gpr,0.0230689726194761,0.017705108791258767
5,02.07.2012,1,2012,True,har_gpr,0.0264077141593616,0.023669372516442147
5,03.07.2012,1,2012,True,har_gpr,0.0233222337738106,0.023124396518233684
5,05.07.2012,1,2012,True,har_gpr,0.0236993767464084,0.024945326445260374
5,06.07.2012,1,2012,True,har_gpr,0.0189117402394791,0.023799476011077233
5,09.07.2012,1,2012,True,har_gpr,0.0176524410594811,0.02498059503101995
5,10.07.2012,1,2012,True,har_gpr,0.0069045480121233,0.02317076902905724
5,11.07.2012,1,2012,True,har_gpr,0.0033922313525662,0.023629889362693748
5,12.07.2012,1,2012,True,har_gpr,0.0074350253020469,0.023826469294406124
5,13.07.2012,1,2012,True,har_gpr,0.0122912275970569,0.02348777812615658
5,16.07.2012,1,2012,True,har_gpr,0.022315767225726,0.023537025265722947
5,17.07.2012,1,2012,True,har_gpr,0.0221973272221649,0.024872395748863265
5,18.07.2012,1,2012,True,har_gpr,0.0219567297081522,0.02401823900009943
5,19.07.2012,1,2012,True,har_gpr,0.017898862021723,0.024072770157343843
5,20.07.2012,1,2012,True,har_gpr,0.0189858196410702,0.02360256247930004
5,23.07.2012,1,2012,True,har_gpr,0.0058674975373614,0.021675201046280065
5,24.07.2012,1,2012,True,har_gpr,0.0099813627013619,0.023487755872579327
5,25.07.2012,1,2012,True,har_gpr,0.0100840993453463,0.022611473632031927
5,26.07.2012,1,2012,True,har_gpr,0.0096745322843707,0.022597151344779597
5,27.07.2012,1,2012,True,har_gpr,0.0153859234944983,0.022443921128638755
5,30.07.2012,1,2012,True,har_gpr,0.014865431525226,0.02176842760435982
5,31.07.2012,1,2012,True,har_gpr,0.0118969772265098,0.014984356559864069
5,01.08.2012,1,2012,True,har_gpr,0.0130440668541159,0.015594373555534023
5,02.08.2012,1,2012,True,har_gpr,0.0114166049847686,0.014444806999934286
5,03.08.2012,1,2012,True,har_gpr,0.0094626798706882,0.014189713497675338
5,06.08.2012,1,2012,True,har_gpr,0.0094562130206328,0.014794390688774951
5,07.08.2012,1,2012,True,har_gpr,0.004522133633977,0.01582192033137654
5,08.08.2012,1,2012,True,har_gpr,0.0080221267012888,0.01534678187911243
5,09.08.2012,1,2012,True,har_gpr,0.0079238020188743,0.014457391343817282
5,10.08.2012,1,2012,True,har_gpr,0.0173678268968499,0.014636297931284391
5,13.08.2012,1,2012,True,har_gpr,0.0171936408362314,0.014377286837992378
5,14.08.2012,1,2012,True,har_gpr,0.0175389724454779,0.014364230978237327
5,15.08.2012,1,2012,True,har_gpr,0.0145174927622739,0.014147583797168524
5,16.08.2012,1,2012,True,har_gpr,0.0140218020530756,0.01493004745388261
5,17.08.2012,1,2012,True,har_gpr,0.007553338959058,0.013941566576908399
5,20.08.2012,1,2012,True,har_gpr,0.0091467623860392,0.01605229755818112
5,21.08.2012,1,2012,True,har_gpr,0.0077733270824053,0.01395235337337959
5,22.08.2012,1,2012,True,har_gpr,0.0073345755938701,0.014177935630521886
5,23.08.2012,1,2012,True,har_gpr,0.0073531004022856,0.013900981623417715
5,24.08.2012,1,2012,True,har_gpr,0.010231823932368,0.013844611848054867
5,27.08.2012,1,2012,True,har_gpr,0.0078884748825752,0.01428557653393125
5,28.08.2012,1,2012,True,har_gpr,0.0098266608544896,0.014209751047334011
5,29.08.2012,1,2012,True,har_gpr,0.0098557955133272,0.013541622041996118
5,30.08.2012,1,2012,True,har_gpr,0.0100808006458043,0.013409513969324424
5,31.08.2012,1,2012,True,har_gpr,0.0067764755500388,0.013411745594854321
5,04.09.2012,1,2012,True,har_gpr,0.006644797525805,0.013132031383429289
5,05.09.2012,1,2012,True,har_gpr,0.0011196584758676,0.012340578101134146
5,06.09.2012,1,2012,True,har_gpr,0.0014198528417733,0.011966690696850918
5,07.09.2012,1,2012,True,har_gpr,0.0216360877914852,0.011823502846769472
5,10.09.2012,1,2012,True,har_gpr,0.0246810208196203,0.011826664513020571
5,11.09.2012,1,2012,True,har_gpr,0.0271386710492224,0.011791639496427548
5,12.09.2012,1,2012,True,har_gpr,0.0283518350909793,0.01178219398214098
5,13.09.2012,1,2012,True,har_gpr,0.026916823234135,0.011604016875941106
5,18.09.2012,1,2012,True,har_gpr,0.021585454105863,0.011092335674997617
5,19.09.2012,1,2012,True,har_gpr,0.0126881629397333,0.01619601025077974
5,20.09.2012,1,2012,True,har_gpr,0.0129256935073074,0.016717013273964083
5,21.09.2012,1,2012,True,har_gpr,0.01194527226123,0.016823709317408654
5,24.09.2012,1,2012,True,har_gpr,0.0084431602504154,0.01689208963611767
5,25.09.2012,1,2012,True,har_gpr,0.0094032228613865,0.01669349675540057
5,26.09.2012,1,2012,True,har_gpr,0.0177429077962465,0.01635544698689923
5,27.09.2012,1,2012,True,har_gpr,0.0254695566847665,0.015854313649921487
5,28.09.2012,1,2012,True,har_gpr,0.0255497961157989,0.016537463418370608
5,01.10.2012,1,2012,True,har_gpr,0.0255498608698106,0.016128214252128632
5,02.10.2012,1,2012,True,har_gpr,0.0274281223499804,0.016840921407792666
5,03.10.2012,1,2012,True,har_gpr,0.0198401416236242,0.01700671003695208
5,04.10.2012,1,2012,True,har_gpr,0.0120909827389253,0.018617498426400488
5,05.10.2012,1,2012,True,har_gpr,0.0131775462024186,0.02113634433217804
5,08.10.2012,1,2012,True,har_gpr,0.0128155879558175,0.02014414822100547
5,09.10.2012,1,2012,True,har_gpr,0.0096915652493701,0.02004212338744077
5,10.10.2012,1,2012,True,har_gpr,0.0224557555715533,0.02008763333649726
5,11.10.2012,1,2012,True,har_gpr,0.0198230588997972,0.019220548822490937
5,12.10.2012,1,2012,True,har_gpr,0.019802862489179,0.019363104481112874
5,15.10.2012,1,2012,True,har_gpr,0.0167302005722644,0.019394509432649747
5,16.10.2012,1,2012,True,har_gpr,0.0189267136747949,0.018261279930848206
5,19.10.2012,1,2012,True,har_gpr,0.0086264708825165,0.01606015521598129
5,22.10.2012,1,2012,True,har_gpr,0.00886355235427,0.018312360207412094
5,23.10.2012,1,2012,True,har_gpr,0.00754493707986,0.015460592969191653
5,24.10.2012,1,2012,True,har_gpr,0.0129791254273151,0.0154914334633242
5,25.10.2012,1,2012,True,har_gpr,0.0164368956939948,0.014997171659401228
5,26.10.2012,1,2012,True,har_gpr,0.0217387305585523,0.015131298583636321
5,31.10.2012,1,2012,True,har_gpr,0.0288483985093757,0.014997437588962253
5,01.11.2012,1,2012,True,har_gpr,0.0290148896950637,0.018012505785078417
5,02.11.2012,1,2012,True,har_gpr,0.027360046590067,0.01787254937547868
5,05.11.2012,1,2012,True,har_gpr,0.0266603637545399,0.01904725544619299
5,06.11.2012,1,2012,True,har_gpr,0.0215966772334619,0.019646567729814584
5,07.11.2012,1,2012,True,har_gpr,0.0111289299926311,0.0201257044246039
5,08.11.2012,1,2012,True,har_gpr,0.0115408520033765,0.02039244192266075
5,09.11.2012,1,2012,True,har_gpr,0.0092189751237545,0.01950792729021505
5,12.11.2012,1,2012,True,har_gpr,0.0104783502631488,0.02037775647052715
5,13.11.2012,1,2012,True,har_gpr,0.0095883914335818,0.01919558585048009
5,14.11.2012,1,2012,True,har_gpr,0.0086224637740409,0.01731494583351704
5,15.11.2012,1,2012,True,har_gpr,0.007271305434039,0.017107975251460537
5,19.11.2012,1,2012,True,har_gpr,0.0084404643321345,0.01730096690475507
5,20.11.2012,1,2012,True,har_gpr,0.0075115194186482,0.016306331313410843
5,21.11.2012,1,2012,True,har_gpr,0.0081993727512325,0.016592854645029607
5,23.11.2012,1,2012,True,har_gpr,0.0081355752103685,0.014480936464591001
5,26.11.2012,1,2012,True,har_gpr,0.0079964895522083,0.014282846813899203
5,27.11.2012,1,2012,True,har_gpr,0.0080782272724365,0.015073759744896317
5,28.11.2012,1,2012,True,har_gpr,0.0090941585498902,0.015374007895818144
5,29.11.2012,1,2012,True,har_gpr,0.0078672172524693,0.015162486538853711
5,30.11.2012,1,2012,True,har_gpr,0.0064536996976623,0.015442712686752218
5,03.12.2012,1,2012,True,har_gpr,0.0078809148313095,0.015168216147705523
5,04.12.2012,1,2012,True,har_gpr,0.009389186761803,0.016127617016695347
5,05.12.2012,1,2012,True,har_gpr,0.0111807223832454,0.01564619674034372
5,06.12.2012,1,2012,True,har_gpr,0.0104464125662849,0.015370036459875341
5,07.12.2012,1,2012,True,har_gpr,0.0112113514481462,0.014416502082300746
5,10.12.2012,1,2012,True,har_gpr,0.0116041195002358,0.011248693641077764
5,11.12.2012,1,2012,True,har_gpr,0.0119923207853944,0.01135664828419234
5,12.12.2012,1,2012,True,har_gpr,0.0121389270418496,0.010659138877934928
5,13.12.2012,1,2012,True,har_gpr,0.009606228589229,0.011358493254168475
5,14.12.2012,1,2012,True,har_gpr,0.0124262632755723,0.011715530774162188
5,19.12.2012,1,2012,True,har_gpr,0.0118287305663453,0.011604674357436803
5,20.12.2012,1,2012,True,har_gpr,0.0118372953694193,0.010838782774966206
5,21.12.2012,1,2012,True,har_gpr,0.0097632686538649,0.010598695913489537
5,24.12.2012,1,2012,True,har_gpr,0.0097773026305412,0.010953478165738882
5,26.12.2012,1,2012,True,har_gpr,0.0064490168327389,0.011818837493022625
5,27.12.2012,1,2012,True,har_gpr,0.0075794447583124,0.013322496628928433
5,28.12.2012,1,2012,True,har_gpr,0.0074522725953963,0.012797143327498837
5,31.12.2012,1,2012,True,har_gpr,0.0074965227360321,0.012591404484557764
5,03.01.2012,1,2012,True,har_x,0.0091622752838812,0.01885265407913684
5,04.01.2012,1,2012,True,har_x,0.0073304055022451,0.019016373308464504
5,05.01.2012,1,2012,True,har_x,0.0073897103930778,0.018037710600353574
5,06.01.2012,1,2012,True,har_x,0.0068938129059292,0.017863575151719477
5,09.01.2012,1,2012,True,har_x,0.0094039118661892,0.01682755033550359
5,10.01.2012,1,2012,True,har_x,0.0081388578114853,0.016698961825843305
5,11.01.2012,1,2012,True,har_x,0.009300169890081,0.016717539002217743
5,12.01.2012,1,2012,True,har_x,0.0109276706331585,0.016858286536565355
5,13.01.2012,1,2012,True,har_x,0.0111507403942219,0.01738283587133648
5,17.01.2012,1,2012,True,har_x,0.0098667899424775,0.0162429749608825
5,18.01.2012,1,2012,True,har_x,0.0094455173209661,0.0147078011777606
5,19.01.2012,1,2012,True,har_x,0.0096719954779693,0.01385496771313838
5,20.01.2012,1,2012,True,har_x,0.0060212685873953,0.014330990509719458
5,23.01.2012,1,2012,True,har_x,0.0067920384043433,0.014109043827790843
5,24.01.2012,1,2012,True,har_x,0.006116763920081,0.013622796419629867
5,25.01.2012,1,2012,True,har_x,0.0058653193197458,0.013720594298330833
5,26.01.2012,1,2012,True,har_x,0.0050763152347303,0.012959271422306027
5,27.01.2012,1,2012,True,har_x,0.0103837053356925,0.01304657722677635
5,30.01.2012,1,2012,True,har_x,0.0080960249026039,0.01285569621418065
5,31.01.2012,1,2012,True,har_x,0.007987238535353,0.01195587300852147
5,01.02.2012,1,2012,True,har_x,0.0077116895506092,0.012231479108054062
5,02.02.2012,1,2012,True,har_x,0.0071242658754918,0.011318824067356455
5,03.02.2012,1,2012,True,har_x,0.0094715479737674,0.011018167822180795
5,06.02.2012,1,2012,True,har_x,0.008686217751824,0.010637795982019922
5,07.02.2012,1,2012,True,har_x,0.008706163809804,0.011542999036570934
5,08.02.2012,1,2012,True,har_x,0.0084795263139345,0.01208074175920129
5,09.02.2012,1,2012,True,har_x,0.0080089951202706,0.012133578510774404
5,10.02.2012,1,2012,True,har_x,0.0054161866402711,0.012254351128529926
5,13.02.2012,1,2012,True,har_x,0.0081619430577457,0.01237910954495844
5,14.02.2012,1,2012,True,har_x,0.0079063960294947,0.015060319197505992
5,15.02.2012,1,2012,True,har_x,0.0079400873387557,0.015178997244426963
5,16.02.2012,1,2012,True,har_x,0.0085633915189261,0.015879800355531843
5,17.02.2012,1,2012,True,har_x,0.0109512037154096,0.015473948873394391
5,21.02.2012,1,2012,True,har_x,0.0151715998480684,0.01479390781167809
5,22.02.2012,1,2012,True,har_x,0.0149992827191236,0.016014327557900745
5,23.02.2012,1,2012,True,har_x,0.0199419141181591,0.015295302899304999
5,24.02.2012,1,2012,True,har_x,0.0213856615021576,0.014927420962972993
5,27.02.2012,1,2012,True,har_x,0.0209958358871894,0.015411027657259307
5,28.02.2012,1,2012,True,har_x,0.0195393142317604,0.01554131312500473
5,29.02.2012,1,2012,True,har_x,0.0207452707814624,0.015454723873924887
5,01.03.2012,1,2012,True,har_x,0.0161600241704768,0.014719416057986923
5,02.03.2012,1,2012,True,har_x,0.0120825027031904,0.01538885239161552
5,05.03.2012,1,2012,True,har_x,0.0127235151783122,0.015320188085555984
5,06.03.2012,1,2012,True,har_x,0.0082797341318662,0.012437081330082284
5,07.03.2012,1,2012,True,har_x,0.0085876706494807,0.01338589840497428
5,08.03.2012,1,2012,True,har_x,0.0083201006379127,0.012640330941302798
5,09.03.2012,1,2012,True,har_x,0.0125773457134603,0.012323664397992394
5,12.03.2012,1,2012,True,har_x,0.0123093188104896,0.012012072697943441
5,13.03.2012,1,2012,True,har_x,0.0128898239745921,0.012939660032116504
5,14.03.2012,1,2012,True,har_x,0.0123956282176204,0.012884254525430655
5,15.03.2012,1,2012,True,har_x,0.0118628485963871,0.012899105894902944
5,16.03.2012,1,2012,True,har_x,0.0110415405615514,0.013075815487984107
5,19.03.2012,1,2012,True,har_x,0.0112922270587554,0.012596001948768502
5,20.03.2012,1,2012,True,har_x,0.0089856438473369,0.01101796125850619
5,21.03.2012,1,2012,True,har_x,0.0108465286322642,0.011733379656308355
5,22.03.2012,1,2012,True,har_x,0.0122049500311419,0.011012176958855513
5,23.03.2012,1,2012,True,har_x,0.0086084771936759,0.011503062584849353
5,26.03.2012,1,2012,True,har_x,0.0138413626151857,0.012044709053528216
5,27.03.2012,1,2012,True,har_x,0.0139734214569778,0.0117708567890022
5,28.03.2012,1,2012,True,har_x,0.0161000857232682,0.011436939874484214
5,29.03.2012,1,2012,True,har_x,0.0153187824744819,0.011810321206659478
5,30.03.2012,1,2012,True,har_x,0.015609114726079,0.012031734685199089
5,02.04.2012,1,2012,True,har_x,0.0129707274242536,0.011930039643314204
5,03.04.2012,1,2012,True,har_x,0.0139302438717578,0.008340153591800618
5,04.04.2012,1,2012,True,har_x,0.0142046022811044,0.0077087843881218625
5,05.04.2012,1,2012,True,har_x,0.0132349674214871,0.008336955025550727
5,09.04.2012,1,2012,True,har_x,0.0170594137241088,0.0077926437832417875
5,10.04.2012,1,2012,True,har_x,0.0144671270776696,0.010857238634427939
5,11.04.2012,1,2012,True,har_x,0.0143689293232079,0.012449549753373406
5,12.04.2012,1,2012,True,har_x,0.0116525566634092,0.011543100613556897
5,13.04.2012,1,2012,True,har_x,0.0126960743041315,0.011007988936473376
5,16.04.2012,1,2012,True,har_x,0.0047163978177898,0.010957539229501559
5,17.04.2012,1,2012,True,har_x,0.0051080557535579,0.011391000814603942
5,18.04.2012,1,2012,True,har_x,0.0052363797494647,0.010563975444468172
5,19.04.2012,1,2012,True,har_x,0.0055031074768896,0.010404527424367125
5,20.04.2012,1,2012,True,har_x,0.0053966342340667,0.010417883990916204
5,23.04.2012,1,2012,True,har_x,0.0057731007949895,0.009777002356798193
5,24.04.2012,1,2012,True,har_x,0.0047590326136005,0.011299644408573952
5,25.04.2012,1,2012,True,har_x,0.0069933777762459,0.010863761991088065
5,26.04.2012,1,2012,True,har_x,0.0083451493404651,0.010712853806361177
5,27.04.2012,1,2012,True,har_x,0.0109313684583837,0.0100732868693499
5,30.04.2012,1,2012,True,har_x,0.0115329131138422,0.009757910070114466
5,01.05.2012,1,2012,True,har_x,0.0102597662173354,0.010133140875572957
5,02.05.2012,1,2012,True,har_x,0.0125085990615908,0.009913283222352876
5,03.05.2012,1,2012,True,har_x,0.0113768697123705,0.009948460069458463
5,04.05.2012,1,2012,True,har_x,0.0036495944131402,0.011314687680208683
5,07.05.2012,1,2012,True,har_x,0.0040166794662833,0.012774973370400646
5,08.05.2012,1,2012,True,har_x,0.0055258411001739,0.012930223121842855
5,09.05.2012,1,2012,True,har_x,0.0048968366345358,0.012858861785828879
5,10.05.2012,1,2012,True,har_x,0.0169078840740322,0.012879697144867657
5,11.05.2012,1,2012,True,har_x,0.0169850674196483,0.012426291193806626
5,14.05.2012,1,2012,True,har_x,0.0204053787960494,0.012911233475351728
5,15.05.2012,1,2012,True,har_x,0.0195425321790909,0.013569932957882147
5,16.05.2012,1,2012,True,har_x,0.0212998870610854,0.01420020022735145
5,17.05.2012,1,2012,True,har_x,0.0161622275304957,0.013834777196491267
5,18.05.2012,1,2012,True,har_x,0.0162393934336897,0.01499632569063484
5,21.05.2012,1,2012,True,har_x,0.0136119006739234,0.014740894016627213
5,22.05.2012,1,2012,True,har_x,0.0180563653175241,0.013683507599923268
5,23.05.2012,1,2012,True,har_x,0.0159614976427603,0.013407559665098583
5,24.05.2012,1,2012,True,har_x,0.0166470516045735,0.014429571836462866
5,25.05.2012,1,2012,True,har_x,0.0171099336878704,0.0140248524542027
5,29.05.2012,1,2012,True,har_x,0.0173866831511396,0.013981694322606483
5,30.05.2012,1,2012,True,har_x,0.0200808190537272,0.013263280087116401
5,31.05.2012,1,2012,True,har_x,0.0193654714803631,0.015146525298549316
5,01.06.2012,1,2012,True,har_x,0.0099142300768305,0.015891672452264183
5,04.06.2012,1,2012,True,har_x,0.0122870560813217,0.020252329020451893
5,05.06.2012,1,2012,True,har_x,0.0126123516952978,0.019447392460736183
5,06.06.2012,1,2012,True,har_x,0.0054484200760792,0.018281862546804972
5,07.06.2012,1,2012,True,har_x,0.0060881800846395,0.01798227233762624
5,08.06.2012,1,2012,True,har_x,0.0081346580087484,0.018579546366063834
5,11.06.2012,1,2012,True,har_x,0.0085594431258501,0.019409042576513647
5,12.06.2012,1,2012,True,har_x,0.0081294938417471,0.020779813973028836
5,13.06.2012,1,2012,True,har_x,0.0152412431703441,0.019041892620409267
5,14.06.2012,1,2012,True,har_x,0.0187662074052173,0.019023329194560214
5,15.06.2012,1,2012,True,har_x,0.0232670764420288,0.017369384260846346
5,18.06.2012,1,2012,True,har_x,0.0240545655052573,0.01706215565083073
5,19.06.2012,1,2012,True,har_x,0.0282622911609263,0.015791715111549524
5,20.06.2012,1,2012,True,har_x,0.0240477980156548,0.014240859959374434
5,21.06.2012,1,2012,True,har_x,0.0180681214052447,0.015541545226195047
5,22.06.2012,1,2012,True,har_x,0.0340396299864023,0.017267483416251853
5,25.06.2012,1,2012,True,har_x,0.0346325961850966,0.015522124265582691
5,26.06.2012,1,2012,True,har_x,0.0357439531082339,0.016838516067729667
5,27.06.2012,1,2012,True,har_x,0.0361794224159591,0.015809871863645852
5,28.06.2012,1,2012,True,har_x,0.0367352476062919,0.015080378505538868
5,29.06.2012,1,2012,True,har_x,0.0230689726194761,0.016360253817804708
5,02.07.2012,1,2012,True,har_x,0.0264077141593616,0.017512919696263504
5,03.07.2012,1,2012,True,har_x,0.0233222337738106,0.018452661441498614
5,05.07.2012,1,2012,True,har_x,0.0236993767464084,0.019075729618296063
5,06.07.2012,1,2012,True,har_x,0.0189117402394791,0.019547440011850728
5,09.07.2012,1,2012,True,har_x,0.0176524410594811,0.019604534666238422
5,10.07.2012,1,2012,True,har_x,0.0069045480121233,0.01881295175169823
5,11.07.2012,1,2012,True,har_x,0.0033922313525662,0.018976388520796268
5,12.07.2012,1,2012,True,har_x,0.0074350253020469,0.018226315122941216
5,13.07.2012,1,2012,True,har_x,0.0122912275970569,0.017141917362919815
5,16.07.2012,1,2012,True,har_x,0.022315767225726,0.017134216052318633
5,17.07.2012,1,2012,True,har_x,0.0221973272221649,0.018436454764335457
5,18.07.2012,1,2012,True,har_x,0.0219567297081522,0.01957850513721478
5,19.07.2012,1,2012,True,har_x,0.017898862021723,0.01960910049978574
5,20.07.2012,1,2012,True,har_x,0.0189858196410702,0.020390163494653647
5,23.07.2012,1,2012,True,har_x,0.0058674975373614,0.018682644082478092
5,24.07.2012,1,2012,True,har_x,0.0099813627013619,0.019380243787889904
5,25.07.2012,1,2012,True,har_x,0.0100840993453463,0.01836233873403361
5,26.07.2012,1,2012,True,har_x,0.0096745322843707,0.017627806366941806
5,27.07.2012,1,2012,True,har_x,0.0153859234944983,0.017390143584737505
5,30.07.2012,1,2012,True,har_x,0.014865431525226,0.01654361894141467
5,31.07.2012,1,2012,True,har_x,0.0118969772265098,0.014396903383286605
5,01.08.2012,1,2012,True,har_x,0.0130440668541159,0.015204091750637564
5,02.08.2012,1,2012,True,har_x,0.0114166049847686,0.014574427603402577
5,03.08.2012,1,2012,True,har_x,0.0094626798706882,0.014244188782559864
5,06.08.2012,1,2012,True,har_x,0.0094562130206328,0.014062940172638242
5,07.08.2012,1,2012,True,har_x,0.004522133633977,0.014555303971003372
5,08.08.2012,1,2012,True,har_x,0.0080221267012888,0.014787109903103423
5,09.08.2012,1,2012,True,har_x,0.0079238020188743,0.013912495779327242
5,10.08.2012,1,2012,True,har_x,0.0173678268968499,0.013754636260125555
5,13.08.2012,1,2012,True,har_x,0.0171936408362314,0.01364051410770791
5,14.08.2012,1,2012,True,har_x,0.0175389724454779,0.013041815006652144
5,15.08.2012,1,2012,True,har_x,0.0145174927622739,0.013488570612173727
5,16.08.2012,1,2012,True,har_x,0.0140218020530756,0.01436535443574057
5,17.08.2012,1,2012,True,har_x,0.007553338959058,0.014327282589186427
5,20.08.2012,1,2012,True,har_x,0.0091467623860392,0.014164082775329418
5,21.08.2012,1,2012,True,har_x,0.0077733270824053,0.013545422385963058
5,22.08.2012,1,2012,True,har_x,0.0073345755938701,0.013725867716740614
5,23.08.2012,1,2012,True,har_x,0.0073531004022856,0.014035383607046703
5,24.08.2012,1,2012,True,har_x,0.010231823932368,0.014433223991483984
5,27.08.2012,1,2012,True,har_x,0.0078884748825752,0.015164228333441037
5,28.08.2012,1,2012,True,har_x,0.0098266608544896,0.015574592595350234
5,29.08.2012,1,2012,True,har_x,0.0098557955133272,0.015211365648203077
5,30.08.2012,1,2012,True,har_x,0.0100808006458043,0.014915988240813529
5,31.08.2012,1,2012,True,har_x,0.0067764755500388,0.01455469073788296
5,04.09.2012,1,2012,True,har_x,0.006644797525805,0.014122638597735567
5,05.09.2012,1,2012,True,har_x,0.0011196584758676,0.015098270501910864
5,06.09.2012,1,2012,True,har_x,0.0014198528417733,0.01495343258952788
5,07.09.2012,1,2012,True,har_x,0.0216360877914852,0.015113526852684592
5,10.09.2012,1,2012,True,har_x,0.0246810208196203,0.014382860010145559
5,11.09.2012,1,2012,True,har_x,0.0271386710492224,0.014588317969237
5,12.09.2012,1,2012,True,har_x,0.0283518350909793,0.0144070997807609
5,13.09.2012,1,2012,True,har_x,0.026916823234135,0.015231922064306815
5,18.09.2012,1,2012,True,har_x,0.021585454105863,0.014898182766935577
5,19.09.2012,1,2012,True,har_x,0.0126881629397333,0.01712261524043114
5,20.09.2012,1,2012,True,har_x,0.0129256935073074,0.017452922505343756
5,21.09.2012,1,2012,True,har_x,0.01194527226123,0.01547833789723478
5,24.09.2012,1,2012,True,har_x,0.0084431602504154,0.015178166637980108
5,25.09.2012,1,2012,True,har_x,0.0094032228613865,0.01564691381856363
5,26.09.2012,1,2012,True,har_x,0.0177429077962465,0.01587915150135928
5,27.09.2012,1,2012,True,har_x,0.0254695566847665,0.0167118824845547
5,28.09.2012,1,2012,True,har_x,0.0255497961157989,0.01579262134494701
5,01.10.2012,1,2012,True,har_x,0.0255498608698106,0.015291981748830234
5,02.10.2012,1,2012,True,har_x,0.0274281223499804,0.01637128639137246
5,03.10.2012,1,2012,True,har_x,0.0198401416236242,0.01619131388047673
5,04.10.2012,1,2012,True,har_x,0.0120909827389253,0.01779844613692026
5,05.10.2012,1,2012,True,har_x,0.0131775462024186,0.01704169178913447
5,08.10.2012,1,2012,True,har_x,0.0128155879558175,0.01615121133823027
5,09.10.2012,1,2012,True,har_x,0.0096915652493701,0.01683722567610871
5,10.10.2012,1,2012,True,har_x,0.0224557555715533,0.016396847912464957
5,11.10.2012,1,2012,True,har_x,0.0198230588997972,0.016792537553465766
5,12.10.2012,1,2012,True,har_x,0.019802862489179,0.01704760300487399
5,15.10.2012,1,2012,True,har_x,0.0167302005722644,0.01649673368481562
5,16.10.2012,1,2012,True,har_x,0.0189267136747949,0.015559514006764827
5,19.10.2012,1,2012,True,har_x,0.0086264708825165,0.01498540723888248
5,22.10.2012,1,2012,True,har_x,0.00886355235427,0.014157846684935188
5,23.10.2012,1,2012,True,har_x,0.00754493707986,0.013092724338323286
5,24.10.2012,1,2012,True,har_x,0.0129791254273151,0.013794460820885826
5,25.10.2012,1,2012,True,har_x,0.0164368956939948,0.013412899433557932
5,26.10.2012,1,2012,True,har_x,0.0217387305585523,0.012567739746977637
5,31.10.2012,1,2012,True,har_x,0.0288483985093757,0.013143641528996417
5,01.11.2012,1,2012,True,har_x,0.0290148896950637,0.015996784303778308
5,02.11.2012,1,2012,True,har_x,0.027360046590067,0.01550872926814474
5,05.11.2012,1,2012,True,har_x,0.0266603637545399,0.016272385191747472
5,06.11.2012,1,2012,True,har_x,0.0215966772334619,0.016074458990007222
5,07.11.2012,1,2012,True,har_x,0.0111289299926311,0.015922812567525174
5,08.11.2012,1,2012,True,har_x,0.0115408520033765,0.0167526828106366
5,09.11.2012,1,2012,True,har_x,0.0092189751237545,0.01597558599015666
5,12.11.2012,1,2012,True,har_x,0.0104783502631488,0.015293534391432802
5,13.11.2012,1,2012,True,har_x,0.0095883914335818,0.014023718162353772
5,14.11.2012,1,2012,True,har_x,0.0086224637740409,0.013473730327857043
5,15.11.2012,1,2012,True,har_x,0.007271305434039,0.014215628443171927
5,19.11.2012,1,2012,True,har_x,0.0084404643321345,0.013691792924526696
5,20.11.2012,1,2012,True,har_x,0.0075115194186482,0.013474725670902082
5,21.11.2012,1,2012,True,har_x,0.0081993727512325,0.012882865615832496
5,23.11.2012,1,2012,True,har_x,0.0081355752103685,0.012207419396517151
5,26.11.2012,1,2012,True,har_x,0.0079964895522083,0.012178298753454435
5,27.11.2012,1,2012,True,har_x,0.0080782272724365,0.012908136360618355
5,28.11.2012,1,2012,True,har_x,0.0090941585498902,0.01253962901644285
5,29.11.2012,1,2012,True,har_x,0.0078672172524693,0.012515407838353684
5,30.11.2012,1,2012,True,har_x,0.0064536996976623,0.012374464330775093
5,03.12.2012,1,2012,True,har_x,0.0078809148313095,0.011875818907640768
5,04.12.2012,1,2012,True,har_x,0.009389186761803,0.013274549454170245
5,05.12.2012,1,2012,True,har_x,0.0111807223832454,0.013459456640302061
5,06.12.2012,1,2012,True,har_x,0.0104464125662849,0.013491649020407368
5,07.12.2012,1,2012,True,har_x,0.0112113514481462,0.013812573209476452
5,10.12.2012,1,2012,True,har_x,0.0116041195002358,0.012827697776739895
5,11.12.2012,1,2012,True,har_x,0.0119923207853944,0.013214200913101276
5,12.12.2012,1,2012,True,har_x,0.0121389270418496,0.012757058104647995
5,13.12.2012,1,2012,True,har_x,0.009606228589229,0.01242273384487207
5,14.12.2012,1,2012,True,har_x,0.0124262632755723,0.012850000135837647
5,19.12.2012,1,2012,True,har_x,0.0118287305663453,0.012574067045715278
5,20.12.2012,1,2012,True,har_x,0.0118372953694193,0.010829100142892022
5,21.12.2012,1,2012,True,har_x,0.0097632686538649,0.01065287673183603
5,24.12.2012,1,2012,True,har_x,0.0097773026305412,0.011536271064227471
5,26.12.2012,1,2012,True,har_x,0.0064490168327389,0.012600455354916518
5,27.12.2012,1,2012,True,har_x,0.0075794447583124,0.01287758562737543
5,28.12.2012,1,2012,True,har_x,0.0074522725953963,0.012265858002826147
5,31.12.2012,1,2012,True,har_x,0.0074965227360321,0.012663866447808389
22,03.01.2012,1,2012,True,har,0.0092004954032037,0.016886663690718607
22,04.01.2012,1,2012,True,har,0.0090648062183402,0.02045484041848987
22,05.01.2012,1,2012,True,har,0.0088243976190632,0.019874003161369138
22,06.01.2012,1,2012,True,har,0.0089436457802958,0.019679128516161926
22,09.01.2012,1,2012,True,har,0.0090496666225299,0.019377908662861362
22,10.01.2012,1,2012,True,har,0.0094022252727326,0.019266275883319327
22,11.01.2012,1,2012,True,har,0.0091118583265639,0.01870295889553905
22,12.01.2012,1,2012,True,har,0.00877504584792,0.018559825039831578
22,13.01.2012,1,2012,True,har,0.0085069493056746,0.018279010525202567
22,17.01.2012,1,2012,True,har,0.0085088247534705,0.016127924649337606
22,18.01.2012,1,2012,True,har,0.0083241977120738,0.01638253571817172
22,19.01.2012,1,2012,True,har,0.0087814586700444,0.015910204550395317
22,20.01.2012,1,2012,True,har,0.0077442717139996,0.016002774351357666
22,23.01.2012,1,2012,True,har,0.0077395779881691,0.015732088380769952
22,24.01.2012,1,2012,True,har,0.0076679782686216,0.015477516402700066
22,25.01.2012,1,2012,True,har,0.008270560493786,0.015421289826332368
22,26.01.2012,1,2012,True,har,0.0100198525684073,0.015335146565504386
22,27.01.2012,1,2012,True,har,0.0100674197161408,0.015434877476125118
22,30.01.2012,1,2012,True,har,0.0109948104251373,0.014786353131942181
22,31.01.2012,1,2012,True,har,0.0123345691147401,0.014917402295024602
22,01.02.2012,1,2012,True,har,0.012359415102414,0.014695688128778889
22,02.02.2012,1,2012,True,har,0.0130432857279379,0.01158977092198208
22,03.02.2012,1,2012,True,har,0.0127618511044168,0.01110610206219102
22,06.02.2012,1,2012,True,har,0.0127299054876846,0.012765496727225201
22,07.02.2012,1,2012,True,har,0.0127287370049764,0.012605074718380852
22,08.02.2012,1,2012,True,har,0.0128160910178523,0.012277176718789792
22,09.02.2012,1,2012,True,har,0.0127006822976832,0.012430277615842538
22,10.02.2012,1,2012,True,har,0.0126558960158195,0.012405580051614632
22,13.02.2012,1,2012,True,har,0.0130013975655818,0.012614327289845833
22,14.02.2012,1,2012,True,har,0.0134415510771169,0.012222730117369619
22,15.02.2012,1,2012,True,har,0.0134373063123019,0.012047768205049702
22,16.02.2012,1,2012,True,har,0.0137096268395383,0.011908513790877656
22,17.02.2012,1,2012,True,har,0.013647946604774,0.01201128561759752
22,21.02.2012,1,2012,True,har,0.0133565640870731,0.01104065697893111
22,22.02.2012,1,2012,True,har,0.013614537927347,0.011888223895151078
22,23.02.2012,1,2012,True,har,0.0135895353469397,0.011513258764574598
22,24.02.2012,1,2012,True,har,0.0132203768483395,0.011262866397779344
22,27.02.2012,1,2012,True,har,0.0132450556526295,0.011689869623544728
22,28.02.2012,1,2012,True,har,0.0127862987672208,0.012298977622178025
22,29.02.2012,1,2012,True,har,0.0126653139432938,0.013907903619078184
22,01.03.2012,1,2012,True,har,0.0119112563397907,0.01360985672910808
22,02.03.2012,1,2012,True,har,0.0110860032257265,0.015253268490845047
22,05.03.2012,1,2012,True,har,0.011938427788899,0.01614685842041172
22,06.03.2012,1,2012,True,har,0.0116546193282555,0.015195563815234042
22,07.03.2012,1,2012,True,har,0.0111016497110127,0.01583033018911084
22,08.03.2012,1,2012,True,har,0.0117886611496343,0.016257377441670384
22,09.03.2012,1,2012,True,har,0.0117486942491141,0.015877194333654428
22,12.03.2012,1,2012,True,har,0.0121390373932792,0.015397961973606312
22,13.03.2012,1,2012,True,har,0.0120095209000572,0.015270590635948454
22,14.03.2012,1,2012,True,har,0.0130049454123119,0.01509256940824669
22,15.03.2012,1,2012,True,har,0.0128592718877335,0.015422272728900219
22,16.03.2012,1,2012,True,har,0.0120970339447767,0.015682815629179177
22,19.03.2012,1,2012,True,har,0.012107894905652,0.016344206745692706
22,20.03.2012,1,2012,True,har,0.0120541076315502,0.015845297360679134
22,21.03.2012,1,2012,True,har,0.0120450874330921,0.016136368021895657
22,22.03.2012,1,2012,True,har,0.0119727995138035,0.015687483305500936
22,23.03.2012,1,2012,True,har,0.0115183492054479,0.015917697792018744
22,26.03.2012,1,2012,True,har,0.0115980757777753,0.016110373863333333
22,27.03.2012,1,2012,True,har,0.0115987462081226,0.015693034051898654
22,28.03.2012,1,2012,True,har,0.0114291339189443,0.014784398391595533
22,29.03.2012,1,2012,True,har,0.0110921522857308,0.015263258816130467
22,30.03.2012,1,2012,True,har,0.011282290404038,0.014439740057254015
22,02.04.2012,1,2012,True,har,0.0106335476268801,0.013387859847301908
22,03.04.2012,1,2012,True,har,0.0116050229557343,0.014776960136397756
22,04.04.2012,1,2012,True,har,0.0110721024436651,0.01402684420948702
22,05.04.2012,1,2012,True,har,0.0107194406042115,0.014754354820140456
22,09.04.2012,1,2012,True,har,0.0108508335135772,0.014363833626644867
22,10.04.2012,1,2012,True,har,0.009957200285166,0.014307269803466392
22,11.04.2012,1,2012,True,har,0.009889663732139,0.015279155886057128
22,12.04.2012,1,2012,True,har,0.0092561056649152,0.01471814106462252
22,13.04.2012,1,2012,True,har,0.0094427548439114,0.015208670725836874
22,16.04.2012,1,2012,True,har,0.0080109737018807,0.014706000639371504
22,17.04.2012,1,2012,True,har,0.0110042783662043,0.0158403790795999
22,18.04.2012,1,2012,True,har,0.0109950745880121,0.015076426176058366
22,19.04.2012,1,2012,True,har,0.0117524768526771,0.015099139091155065
22,20.04.2012,1,2012,True,har,0.0115341586017461,0.014783373773850722
22,23.04.2012,1,2012,True,har,0.0124493933410033,0.015044034184292673
22,24.04.2012,1,2012,True,har,0.0128371201528275,0.01396200279810382
22,25.04.2012,1,2012,True,har,0.0126289008157203,0.014017495461235591
22,26.04.2012,1,2012,True,har,0.0123891139237775,0.014291799853929893
22,27.04.2012,1,2012,True,har,0.0134497851852906,0.014271050416575282
22,30.04.2012,1,2012,True,har,0.0135534948518609,0.013853104595334367
22,01.05.2012,1,2012,True,har,0.014566333362165,0.01389165001499415
22,02.05.2012,1,2012,True,har,0.0148071816550853,0.012974296347309237
22,03.05.2012,1,2012,True,har,0.0147269339996185,0.01352335595541323
22,04.05.2012,1,2012,True,har,0.0151001586774571,0.0136093830698822
22,07.05.2012,1,2012,True,har,0.0150594749221744,0.014483337305711632
22,08.05.2012,1,2012,True,har,0.0150557521068705,0.013903462985966931
22,09.05.2012,1,2012,True,har,0.0150100710320992,0.01327691986635271
22,10.05.2012,1,2012,True,har,0.01500752542979,0.013444891515347859
22,11.05.2012,1,2012,True,har,0.0150660165430968,0.012909330858695955
22,14.05.2012,1,2012,True,har,0.0151124618947685,0.012446300276897835
22,15.05.2012,1,2012,True,har,0.0151113955404079,0.011466472754832376
22,16.05.2012,1,2012,True,har,0.0152475776178855,0.01169046988287482
22,17.05.2012,1,2012,True,har,0.0135198246580463,0.01159681158991532
22,18.05.2012,1,2012,True,har,0.0147074537932153,0.015330277689815978
22,21.05.2012,1,2012,True,har,0.0152996316030443,0.014242528679135637
22,22.05.2012,1,2012,True,har,0.0164342242498068,0.015354373137101682
22,23.05.2012,1,2012,True,har,0.0159744310174451,0.015011777162743637
22,24.05.2012,1,2012,True,har,0.0167764798569139,0.016110092799987156
22,25.05.2012,1,2012,True,har,0.0168479359756643,0.015504718134028409
22,29.05.2012,1,2012,True,har,0.0171963756838518,0.015405598125080296
22,30.05.2012,1,2012,True,har,0.0227455351540011,0.015249246049539141
22,31.05.2012,1,2012,True,har,0.0225665423783784,0.016931354459207532
22,01.06.2012,1,2012,True,har,0.02259709666006,0.016499254997632377
22,04.06.2012,1,2012,True,har,0.0225860320076906,0.017767386796050298
22,05.06.2012,1,2012,True,har,0.0232619362419444,0.016814587975778422
22,06.06.2012,1,2012,True,har,0.0234010980829948,0.016726157547532455
22,07.06.2012,1,2012,True,har,0.0238988029187563,0.018028211453962842
22,08.06.2012,1,2012,True,har,0.0244055500669749,0.017594678773290316
22,11.06.2012,1,2012,True,har,0.0242168908651454,0.01702092250739536
22,12.06.2012,1,2012,True,har,0.0242267893917033,0.017483505320195422
22,13.06.2012,1,2012,True,har,0.0242904927303409,0.017352112510923914
22,14.06.2012,1,2012,True,har,0.0242759901090592,0.016602144011665137
22,15.06.2012,1,2012,True,har,0.0243288483211179,0.01669744697745871
22,18.06.2012,1,2012,True,har,0.0243309004196265,0.01577985212240917
22,19.06.2012,1,2012,True,har,0.0244616983029438,0.016211856662013902
22,20.06.2012,1,2012,True,har,0.0245659736198724,0.01525459641217484
22,21.06.2012,1,2012,True,har,0.0226446736850416,0.017229204123950834
22,22.06.2012,1,2012,True,har,0.0224758616161187,0.01823809218640904
22,25.06.2012,1,2012,True,har,0.0224405262320568,0.018542509846072815
22,26.06.2012,1,2012,True,har,0.0222125609533021,0.018055048196829022
22,27.06.2012,1,2012,True,har,0.0222892138749779,0.019727139239111152
22,28.06.2012,1,2012,True,har,0.021724162488504,0.01855790878352266
22,29.06.2012,1,2012,True,har,0.0168278979154035,0.018922887591788673
22,02.07.2012,1,2012,True,har,0.0167528691080316,0.024714111970904867
22,03.07.2012,1,2012,True,har,0.0163254693390235,0.023145827232530447
22,05.07.2012,1,2012,True,har,0.0163126578540902,0.024845160215179952
22,06.07.2012,1,2012,True,har,0.0153926607257404,0.023781938404542704
22,09.07.2012,1,2012,True,har,0.0150235343004012,0.024888772883353026
22,10.07.2012,1,2012,True,har,0.0135969153030938,0.024400926746859425
22,11.07.2012,1,2012,True,har,0.0132206025957068,0.024895327698199632
22,12.07.2012,1,2012,True,har,0.0132049043567317,0.02499686141162479
22,13.07.2012,1,2012,True,har,0.0130929845465351,0.024682282919504014
22,16.07.2012,1,2012,True,har,0.0133891668147633,0.024618824894684255
22,17.07.2012,1,2012,True,har,0.0133877089378887,0.024546443758078983
22,18.07.2012,1,2012,True,har,0.0150396689667624,0.023514890500702056
22,19.07.2012,1,2012,True,har,0.0142827495298156,0.023489345502792
22,20.07.2012,1,2012,True,har,0.0140962558184649,0.023182776798905076
22,23.07.2012,1,2012,True,har,0.0114016682736193,0.021548397844913608
22,24.07.2012,1,2012,True,har,0.0114119615390653,0.02402240044967755
22,25.07.2012,1,2012,True,har,0.0119357888386315,0.023189240381477773
22,26.07.2012,1,2012,True,har,0.0123375770254978,0.023181202049668934
22,27.07.2012,1,2012,True,har,0.01219071643994,0.02294591201997775
22,30.07.2012,1,2012,True,har,0.0121562621735247,0.02237016972991291
22,31.07.2012,1,2012,True,har,0.0117114336441021,0.01787739893504433
22,01.08.2012,1,2012,True,har,0.0119938805785931,0.018535666621518718
22,02.08.2012,1,2012,True,har,0.0120555263217558,0.017504043587831766
22,03.08.2012,1,2012,True,har,0.0109916028258192,0.017252764749989023
22,06.08.2012,1,2012,True,har,0.0109657383281975,0.017969188831190357
22,07.08.2012,1,2012,True,har,0.010045875651766,0.01703811968481008
22,08.08.2012,1,2012,True,har,0.0100817473614568,0.01656391061818193
22,09.08.2012,1,2012,True,har,0.0099463204695663,0.015765014204528
22,10.08.2012,1,2012,True,har,0.0099530832266787,0.015898099837637954
22,13.08.2012,1,2012,True,har,0.0100160935197613,0.015609378877067273
22,14.08.2012,1,2012,True,har,0.0136734370269849,0.015639300233602858
22,15.08.2012,1,2012,True,har,0.014720329492172,0.015324723680843842
22,16.08.2012,1,2012,True,har,0.0152310808822072,0.016131125442790294
22,17.08.2012,1,2012,True,har,0.0144942199035596,0.01522349571896689
22,20.08.2012,1,2012,True,har,0.0147798240996314,0.017371825991693415
22,21.08.2012,1,2012,True,har,0.0147120907932001,0.014691522182069715
22,22.08.2012,1,2012,True,har,0.0146895294187747,0.014913225094626965
22,23.08.2012,1,2012,True,har,0.0152737209828929,0.01458477309598203
22,24.08.2012,1,2012,True,har,0.0150914165286379,0.014520373168045473
22,27.08.2012,1,2012,True,har,0.0148842079866593,0.014777516719572361
22,28.08.2012,1,2012,True,har,0.0149144651277056,0.015124200911661823
22,29.08.2012,1,2012,True,har,0.0162734415872238,0.014480027014674296
22,30.08.2012,1,2012,True,har,0.018552952927271,0.014347677345500149
22,31.08.2012,1,2012,True,har,0.0181851440333285,0.014350972076342313
22,04.09.2012,1,2012,True,har,0.0181782916927297,0.014190544774807926
22,05.09.2012,1,2012,True,har,0.0187987394395859,0.01376062866551105
22,06.09.2012,1,2012,True,har,0.0187914530930427,0.013479978615809317
22,07.09.2012,1,2012,True,har,0.0189108710170393,0.013343950433786417
22,10.09.2012,1,2012,True,har,0.0190024054111878,0.013356456430125813
22,11.09.2012,1,2012,True,har,0.0191001497367109,0.013149362687158966
22,12.09.2012,1,2012,True,har,0.0191180965242969,0.013138077130429561
22,13.09.2012,1,2012,True,har,0.0211223068260822,0.012846211106724115
22,18.09.2012,1,2012,True,har,0.0191927101217343,0.012398902303064922
22,19.09.2012,1,2012,True,har,0.0178131766161427,0.01707122143583676
22,20.09.2012,1,2012,True,har,0.0174227724580541,0.017600527381752894
22,21.09.2012,1,2012,True,har,0.0172349934722311,0.0177301028328549
22,24.09.2012,1,2012,True,har,0.0171167603494975,0.01781443499961268
22,25.09.2012,1,2012,True,har,0.017138395093262,0.01796272046075962
22,26.09.2012,1,2012,True,har,0.0171499221512054,0.017520500745490157
22,27.09.2012,1,2012,True,har,0.0172703172852942,0.016856151113310354
22,28.09.2012,1,2012,True,har,0.0178532350030715,0.017493705032710312
22,01.10.2012,1,2012,True,har,0.0191479145817767,0.017083634182464384
22,02.10.2012,1,2012,True,har,0.0208275544942416,0.016857562417670877
22,03.10.2012,1,2012,True,har,0.0198213473565148,0.017034282122727368
22,04.10.2012,1,2012,True,har,0.0182753426294297,0.018712469524620454
22,05.10.2012,1,2012,True,har,0.0182612720244452,0.021167956466381574
22,08.10.2012,1,2012,True,har,0.0183096599743027,0.020232104807164943
22,09.10.2012,1,2012,True,har,0.0177196979214662,0.020136221966202857
22,10.10.2012,1,2012,True,har,0.0179844056686003,0.02129375722264141
22,11.10.2012,1,2012,True,har,0.0177361802141711,0.020304860638917187
22,12.10.2012,1,2012,True,har,0.0177300366918797,0.020262430524310347
22,15.10.2012,1,2012,True,har,0.0177013654437261,0.02031301985526593
22,16.10.2012,1,2012,True,har,0.0177282641989811,0.02035212395782281
22,19.10.2012,1,2012,True,har,0.0150330559913013,0.0182982548009052
22,22.10.2012,1,2012,True,har,0.0151142119367428,0.020673660177436177
22,23.10.2012,1,2012,True,har,0.0149333081648195,0.019358196134889236
22,24.10.2012,1,2012,True,har,0.0150745101291405,0.019391619043647706
22,25.10.2012,1,2012,True,har,0.0150537528105209,0.018865207777113164
22,26.10.2012,1,2012,True,har,0.0149498088993964,0.01904088173580177
22,31.10.2012,1,2012,True,har,0.0150088356374558,0.018680562116818095
22,01.11.2012,1,2012,True,har,0.0151167029394794,0.018332545739840268
22,02.11.2012,1,2012,True,har,0.0146754931858462,0.018171625103438328
22,05.11.2012,1,2012,True,har,0.0140729365753269,0.01937987142145702
22,06.11.2012,1,2012,True,har,0.0123129631581768,0.019922160205947417
22,07.11.2012,1,2012,True,har,0.009126677071823,0.0204937380273142
22,08.11.2012,1,2012,True,har,0.0095288444157772,0.020914026857166416
22,09.11.2012,1,2012,True,har,0.009096868781605,0.020076769426719474
22,12.11.2012,1,2012,True,har,0.009430832915143,0.020839117655874356
22,13.11.2012,1,2012,True,har,0.0095543039340297,0.01973917014078621
22,14.11.2012,1,2012,True,har,0.0092091279358292,0.019600510258419614
22,15.11.2012,1,2012,True,har,0.0090994138480869,0.019172182975292405
22,19.11.2012,1,2012,True,har,0.0091003120489786,0.019355121019850617
22,20.11.2012,1,2012,True,har,0.0099801776407979,0.018801432566585414
22,21.11.2012,1,2012,True,har,0.0097984229980134,0.019099226019578246
22,23.11.2012,1,2012,True,har,0.0097463501910013,0.017184221682128676
22,26.11.2012,1,2012,True,har,0.0097571042350135,0.016977168094198615
22,27.11.2012,1,2012,True,har,0.0098368422404819,0.016751999813035837
22,28.11.2012,1,2012,True,har,0.0098298863805576,0.01705650019333216
22,29.11.2012,1,2012,True,har,0.0097101248561532,0.016836124222153238
22,30.11.2012,1,2012,True,har,0.0096701530392464,0.017114890625047022
22,03.12.2012,1,2012,True,har,0.0096993883399583,0.01685744107628974
22,04.12.2012,1,2012,True,har,0.0094431978617298,0.01678841704851373
22,05.12.2012,1,2012,True,har,0.0091637867543551,0.016368194792215327
22,06.12.2012,1,2012,True,har,0.0087369831007087,0.016144239891665847
22,07.12.2012,1,2012,True,har,0.0089644932439549,0.015269528025259261
22,10.12.2012,1,2012,True,har,0.0096048471978001,0.012372363787327343
22,11.12.2012,1,2012,True,har,0.0095455110103911,0.012504845472049204
22,12.12.2012,1,2012,True,har,0.0091204566847592,0.011919932515688512
22,13.12.2012,1,2012,True,har,0.0084789730101636,0.012599955949058734
22,14.12.2012,1,2012,True,har,0.0088123823675558,0.012903928161391198
22,19.12.2012,1,2012,True,har,0.0085594091212403,0.012818351687321563
22,20.12.2012,1,2012,True,har,0.0085680947626846,0.01276277801518377
22,21.12.2012,1,2012,True,har,0.008111776717446,0.012543591690144327
22,24.12.2012,1,2012,True,har,0.0080777908407279,0.01287866035569186
22,26.12.2012,1,2012,True,har,0.0070556792971485,0.012299544694251282
22,27.12.2012,1,2012,True,har,0.0070387468417521,0.013741446519100737
22,28.12.2012,1,2012,True,har,0.0070481247949718,0.013231087735579908
22,31.12.2012,1,2012,True,har,0.0072597162459737,0.013045670905014907
22,03.01.2012,1,2012,True,har_ovx,0.0092004954032037,0.019242064180035892
22,04.01.2012,1,2012,True,har_ovx,0.0090648062183402,0.021018503119046066
22,05.01.2012,1,2012,True,har_ovx,0.0088243976190632,0.02014723027285888
22,06.01.2012,1,2012,True,har_ovx,0.0089436457802958,0.01993867658929698
22,09.01.2012,1,2012,True,har_ovx,0.0090496666225299,0.019094635823829545
22,10.01.2012,1,2012,True,har_ovx,0.0094022252727326,0.01881203839815348
22,11.01.2012,1,2012,True,har_ovx,0.0091118583265639,0.01848010329619293
22,12.01.2012,1,2012,True,har_ovx,0.00877504584792,0.01852924759784265
22,13.01.2012,1,2012,True,har_ovx,0.0085069493056746,0.018895778097796904
22,17.01.2012,1,2012,True,har_ovx,0.0085088247534705,0.017714355414668547
22,18.01.2012,1,2012,True,har_ovx,0.0083241977120738,0.01702602306243642
22,19.01.2012,1,2012,True,har_ovx,0.0087814586700444,0.016273583461861172
22,20.01.2012,1,2012,True,har_ovx,0.0077442717139996,0.016679693221263385
22,23.01.2012,1,2012,True,har_ovx,0.0077395779881691,0.016520446178349836
22,24.01.2012,1,2012,True,har_ovx,0.0076679782686216,0.016278302801481046
22,25.01.2012,1,2012,True,har_ovx,0.008270560493786,0.016313965864392033
22,26.01.2012,1,2012,True,har_ovx,0.0100198525684073,0.01570229917903404
22,27.01.2012,1,2012,True,har_ovx,0.0100674197161408,0.015798069931551872
22,30.01.2012,1,2012,True,har_ovx,0.0109948104251373,0.01547470895906997
22,31.01.2012,1,2012,True,har_ovx,0.0123345691147401,0.015576793328533142
22,01.02.2012,1,2012,True,har_ovx,0.012359415102414,0.015737125680152935
22,02.02.2012,1,2012,True,har_ovx,0.0130432857279379,0.014613706582267752
22,03.02.2012,1,2012,True,har_ovx,0.0127618511044168,0.014297704877760258
22,06.02.2012,1,2012,True,har_ovx,0.0127299054876846,0.014377466159272849
22,07.02.2012,1,2012,True,har_ovx,0.0127287370049764,0.014525350171182417
22,08.02.2012,1,2012,True,har_ovx,0.0128160910178523,0.014879369364454295
22,09.02.2012,1,2012,True,har_ovx,0.0127006822976832,0.01494251207502677
22,10.02.2012,1,2012,True,har_ovx,0.0126558960158195,0.015023471846413538
22,13.02.2012,1,2012,True,har_ovx,0.0130013975655818,0.015200844501369987
22,14.02.2012,1,2012,True,har_ovx,0.0134415510771169,0.015251274201756048
22,15.02.2012,1,2012,True,har_ovx,0.0134373063123019,0.01531469449255432
22,16.02.2012,1,2012,True,har_ovx,0.0137096268395383,0.015836522416621066
22,17.02.2012,1,2012,True,har_ovx,0.013647946604774,0.01553193365350801
22,21.02.2012,1,2012,True,har_ovx,0.0133565640870731,0.014809402434294223
22,22.02.2012,1,2012,True,har_ovx,0.013614537927347,0.015840472175631254
22,23.02.2012,1,2012,True,har_ovx,0.0135895353469397,0.015220299913821294
22,24.02.2012,1,2012,True,har_ovx,0.0132203768483395,0.01489795214938908
22,27.02.2012,1,2012,True,har_ovx,0.0132450556526295,0.015355222033039585
22,28.02.2012,1,2012,True,har_ovx,0.0127862987672208,0.015612449253915767
22,29.02.2012,1,2012,True,har_ovx,0.0126653139432938,0.01587673408342925
22,01.03.2012,1,2012,True,har_ovx,0.0119112563397907,0.015249016025183132
22,02.03.2012,1,2012,True,har_ovx,0.0110860032257265,0.0161287118211435
22,05.03.2012,1,2012,True,har_ovx,0.011938427788899,0.016218605270865195
22,06.03.2012,1,2012,True,har_ovx,0.0116546193282555,0.015945395216604295
22,07.03.2012,1,2012,True,har_ovx,0.0111016497110127,0.016747078027075556
22,08.03.2012,1,2012,True,har_ovx,0.0117886611496343,0.016262600661771504
22,09.03.2012,1,2012,True,har_ovx,0.0117486942491141,0.015851325799098502
22,12.03.2012,1,2012,True,har_ovx,0.0121390373932792,0.015443118886137776
22,13.03.2012,1,2012,True,har_ovx,0.0120095209000572,0.014761620139453462
22,14.03.2012,1,2012,True,har_ovx,0.0130049454123119,0.01459449296743124
22,15.03.2012,1,2012,True,har_ovx,0.0128592718877335,0.014661841434533368
22,16.03.2012,1,2012,True,har_ovx,0.0120970339447767,0.014828950073236024
22,19.03.2012,1,2012,True,har_ovx,0.012107894905652,0.014657396635901473
22,20.03.2012,1,2012,True,har_ovx,0.0120541076315502,0.013560004587300294
22,21.03.2012,1,2012,True,har_ovx,0.0120450874330921,0.014180515458481143
22,22.03.2012,1,2012,True,har_ovx,0.0119727995138035,0.013536019672421533
22,23.03.2012,1,2012,True,har_ovx,0.0115183492054479,0.01394391731428677
22,26.03.2012,1,2012,True,har_ovx,0.0115980757777753,0.01437844851442964
22,27.03.2012,1,2012,True,har_ovx,0.0115987462081226,0.01401596662453094
22,28.03.2012,1,2012,True,har_ovx,0.0114291339189443,0.013577978721616573
22,29.03.2012,1,2012,True,har_ovx,0.0110921522857308,0.013987807849855023
22,30.03.2012,1,2012,True,har_ovx,0.011282290404038,0.014083228867554497
22,02.04.2012,1,2012,True,har_ovx,0.0106335476268801,0.013764546441964858
22,03.04.2012,1,2012,True,har_ovx,0.0116050229557343,0.013989788863584181
22,04.04.2012,1,2012,True,har_ovx,0.0110721024436651,0.013382701503452148
22,05.04.2012,1,2012,True,har_ovx,0.0107194406042115,0.014036489157527364
22,09.04.2012,1,2012,True,har_ovx,0.0108508335135772,0.013530173875438426
22,10.04.2012,1,2012,True,har_ovx,0.009957200285166,0.014278723582455018
22,11.04.2012,1,2012,True,har_ovx,0.009889663732139,0.015598428789968352
22,12.04.2012,1,2012,True,har_ovx,0.0092561056649152,0.0148179045343586
22,13.04.2012,1,2012,True,har_ovx,0.0094427548439114,0.014493186893681386
22,16.04.2012,1,2012,True,har_ovx,0.0080109737018807,0.014347259914952436
22,17.04.2012,1,2012,True,har_ovx,0.0110042783662043,0.014896192308965942
22,18.04.2012,1,2012,True,har_ovx,0.0109950745880121,0.01406000641461361
22,19.04.2012,1,2012,True,har_ovx,0.0117524768526771,0.013946649010574071
22,20.04.2012,1,2012,True,har_ovx,0.0115341586017461,0.013841795349278242
22,23.04.2012,1,2012,True,har_ovx,0.0124493933410033,0.013416768803765283
22,24.04.2012,1,2012,True,har_ovx,0.0128371201528275,0.013130982095104228
22,25.04.2012,1,2012,True,har_ovx,0.0126289008157203,0.012818113766908262
22,26.04.2012,1,2012,True,har_ovx,0.0123891139237775,0.012746927951193688
22,27.04.2012,1,2012,True,har_ovx,0.0134497851852906,0.012256048845105595
22,30.04.2012,1,2012,True,har_ovx,0.0135534948518609,0.011945874302461898
22,01.05.2012,1,2012,True,har_ovx,0.014566333362165,0.012321328130583904
22,02.05.2012,1,2012,True,har_ovx,0.0148071816550853,0.012002602902051008
22,03.05.2012,1,2012,True,har_ovx,0.0147269339996185,0.012171001170105795
22,04.05.2012,1,2012,True,har_ovx,0.0151001586774571,0.013273897373684998
22,07.05.2012,1,2012,True,har_ovx,0.0150594749221744,0.014586265023887553
22,08.05.2012,1,2012,True,har_ovx,0.0150557521068705,0.013868338448414603
22,09.05.2012,1,2012,True,har_ovx,0.0150100710320992,0.013704404081765787
22,10.05.2012,1,2012,True,har_ovx,0.01500752542979,0.013795840675410826
22,11.05.2012,1,2012,True,har_ovx,0.0150660165430968,0.01334823420582495
22,14.05.2012,1,2012,True,har_ovx,0.0151124618947685,0.013479587285527663
22,15.05.2012,1,2012,True,har_ovx,0.0151113955404079,0.014092111754865428
22,16.05.2012,1,2012,True,har_ovx,0.0152475776178855,0.014642261014383878
22,17.05.2012,1,2012,True,har_ovx,0.0135198246580463,0.014331951561504894
22,18.05.2012,1,2012,True,har_ovx,0.0147074537932153,0.016057472551511853
22,21.05.2012,1,2012,True,har_ovx,0.0152996316030443,0.01566531280207731
22,22.05.2012,1,2012,True,har_ovx,0.0164342242498068,0.014655724822588668
22,23.05.2012,1,2012,True,har_ovx,0.0159744310174451,0.014360168879491115
22,24.05.2012,1,2012,True,har_ovx,0.0167764798569139,0.01536880013712471
22,25.05.2012,1,2012,True,har_ovx,0.0168479359756643,0.014831503403825162
22,29.05.2012,1,2012,True,har_ovx,0.0171963756838518,0.014777090974894349
22,30.05.2012,1,2012,True,har_ovx,0.0227455351540011,0.01501950131106931
22,31.05.2012,1,2012,True,har_ovx,0.0225665423783784,0.016841108718133158
22,01.06.2012,1,2012,True,har_ovx,0.02259709666006,0.017286236722161306
22,04.06.2012,1,2012,True,har_ovx,0.0225860320076906,0.020856659917406876
22,05.06.2012,1,2012,True,har_ovx,0.0232619362419444,0.018950874202851135
22,06.06.2012,1,2012,True,har_ovx,0.0234010980829948,0.01804231195320355
22,07.06.2012,1,2012,True,har_ovx,0.0238988029187563,0.018075824043699916
22,08.06.2012,1,2012,True,har_ovx,0.0244055500669749,0.018444683732995133
22,11.06.2012,1,2012,True,har_ovx,0.0242168908651454,0.018782708679376266
22,12.06.2012,1,2012,True,har_ovx,0.0242267893917033,0.02103764255642629
22,13.06.2012,1,2012,True,har_ovx,0.0242904927303409,0.019681097387688966
22,14.06.2012,1,2012,True,har_ovx,0.0242759901090592,0.01938673912004138
22,15.06.2012,1,2012,True,har_ovx,0.0243288483211179,0.018142766081384713
22,18.06.2012,1,2012,True,har_ovx,0.0243309004196265,0.017836881579919524
22,19.06.2012,1,2012,True,har_ovx,0.0244616983029438,0.017504914055219638
22,20.06.2012,1,2012,True,har_ovx,0.0245659736198724,0.016153219797987322
22,21.06.2012,1,2012,True,har_ovx,0.0226446736850416,0.017628459991291517
22,22.06.2012,1,2012,True,har_ovx,0.0224758616161187,0.019182826184132112
22,25.06.2012,1,2012,True,har_ovx,0.0224405262320568,0.01795842254155474
22,26.06.2012,1,2012,True,har_ovx,0.0222125609533021,0.018401628601409224
22,27.06.2012,1,2012,True,har_ovx,0.0222892138749779,0.017964224688871766
22,28.06.2012,1,2012,True,har_ovx,0.021724162488504,0.017123074555461054
22,29.06.2012,1,2012,True,har_ovx,0.0168278979154035,0.01804442971079073
22,02.07.2012,1,2012,True,har_ovx,0.0167528691080316,0.02014904500742838
22,03.07.2012,1,2012,True,har_ovx,0.0163254693390235,0.01973184930199276
22,05.07.2012,1,2012,True,har_ovx,0.0163126578540902,0.020508289767543153
22,06.07.2012,1,2012,True,har_ovx,0.0153926607257404,0.020689876844522646
22,09.07.2012,1,2012,True,har_ovx,0.0150235343004012,0.020932061565400166
22,10.07.2012,1,2012,True,har_ovx,0.0135969153030938,0.02101274018784606
22,11.07.2012,1,2012,True,har_ovx,0.0132206025957068,0.021286037686514967
22,12.07.2012,1,2012,True,har_ovx,0.0132049043567317,0.020649525095036342
22,13.07.2012,1,2012,True,har_ovx,0.0130929845465351,0.019760455660732062
22,16.07.2012,1,2012,True,har_ovx,0.0133891668147633,0.019641579617396997
22,17.07.2012,1,2012,True,har_ovx,0.0133877089378887,0.019703459278237745
22,18.07.2012,1,2012,True,har_ovx,0.0150396689667624,0.02018386527067385
22,19.07.2012,1,2012,True,har_ovx,0.0142827495298156,0.02013209142976082
22,20.07.2012,1,2012,True,har_ovx,0.0140962558184649,0.020805286097059863
22,23.07.2012,1,2012,True,har_ovx,0.0114016682736193,0.01936042177774338
22,24.07.2012,1,2012,True,har_ovx,0.0114119615390653,0.02096796072404026
22,25.07.2012,1,2012,True,har_ovx,0.0119357888386315,0.020022799462862458
22,26.07.2012,1,2012,True,har_ovx,0.0123375770254978,0.019461763260661333
22,27.07.2012,1,2012,True,har_ovx,0.01219071643994,0.019151647464775733
22,30.07.2012,1,2012,True,har_ovx,0.0121562621735247,0.018451873315769897
22,31.07.2012,1,2012,True,har_ovx,0.0117114336441021,0.017212869417736684
22,01.08.2012,1,2012,True,har_ovx,0.0119938805785931,0.018032286596297332
22,02.08.2012,1,2012,True,har_ovx,0.0120555263217558,0.017407419040674273
22,03.08.2012,1,2012,True,har_ovx,0.0109916028258192,0.017096490296361816
22,06.08.2012,1,2012,True,har_ovx,0.0109657383281975,0.017226005773774304
22,07.08.2012,1,2012,True,har_ovx,0.010045875651766,0.016239215430200994
22,08.08.2012,1,2012,True,har_ovx,0.0100817473614568,0.016308301834057026
22,09.08.2012,1,2012,True,har_ovx,0.0099463204695663,0.015523980441937825
22,10.08.2012,1,2012,True,har_ovx,0.0099530832266787,0.015394597035972311
22,13.08.2012,1,2012,True,har_ovx,0.0100160935197613,0.01521210622396911
22,14.08.2012,1,2012,True,har_ovx,0.0136734370269849,0.01474556291881531
22,15.08.2012,1,2012,True,har_ovx,0.014720329492172,0.014929590567805136
22,16.08.2012,1,2012,True,har_ovx,0.0152310808822072,0.01581679705809541
22,17.08.2012,1,2012,True,har_ovx,0.0144942199035596,0.015642995448689644
22,20.08.2012,1,2012,True,har_ovx,0.0147798240996314,0.016058428116493162
22,21.08.2012,1,2012,True,har_ovx,0.0147120907932001,0.01461670955006393
22,22.08.2012,1,2012,True,har_ovx,0.0146895294187747,0.01480521038036919
22,23.08.2012,1,2012,True,har_ovx,0.0152737209828929,0.014920522670549562
22,24.08.2012,1,2012,True,har_ovx,0.0150914165286379,0.015204409836942644
22,27.08.2012,1,2012,True,har_ovx,0.0148842079866593,0.015668164005118182
22,28.08.2012,1,2012,True,har_ovx,0.0149144651277056,0.01636142953447923
22,29.08.2012,1,2012,True,har_ovx,0.0162734415872238,0.015950179168070885
22,30.08.2012,1,2012,True,har_ovx,0.018552952927271,0.01569120355971622
22,31.08.2012,1,2012,True,har_ovx,0.0181851440333285,0.01541488039016735
22,04.09.2012,1,2012,True,har_ovx,0.0181782916927297,0.015150250177397682
22,05.09.2012,1,2012,True,har_ovx,0.0187987394395859,0.015939053400924597
22,06.09.2012,1,2012,True,har_ovx,0.0187914530930427,0.015843487466779976
22,07.09.2012,1,2012,True,har_ovx,0.0189108710170393,0.015940343076667564
22,10.09.2012,1,2012,True,har_ovx,0.0190024054111878,0.01538936326527841
22,11.09.2012,1,2012,True,har_ovx,0.0191001497367109,0.015369254857582644
22,12.09.2012,1,2012,True,har_ovx,0.0191180965242969,0.015225529571838668
22,13.09.2012,1,2012,True,har_ovx,0.0211223068260822,0.01569229459786818
22,18.09.2012,1,2012,True,har_ovx,0.0191927101217343,0.015386577946449551
22,19.09.2012,1,2012,True,har_ovx,0.0178131766161427,0.017971529016807777
22,20.09.2012,1,2012,True,har_ovx,0.0174227724580541,0.01835698102022364
22,21.09.2012,1,2012,True,har_ovx,0.0172349934722311,0.016885963136120383
22,24.09.2012,1,2012,True,har_ovx,0.0171167603494975,0.016688315957780968
22,25.09.2012,1,2012,True,har_ovx,0.017138395093262,0.017243492262161583
22,26.09.2012,1,2012,True,har_ovx,0.0171499221512054,0.017226241979232778
22,27.09.2012,1,2012,True,har_ovx,0.0172703172852942,0.01756791054040075
22,28.09.2012,1,2012,True,har_ovx,0.0178532350030715,0.016972063987293298
22,01.10.2012,1,2012,True,har_ovx,0.0191479145817767,0.016488040742361366
22,02.10.2012,1,2012,True,har_ovx,0.0208275544942416,0.016679100537788802
22,03.10.2012,1,2012,True,har_ovx,0.0198213473565148,0.016592114713556705
22,04.10.2012,1,2012,True,har_ovx,0.0182753426294297,0.018285742299678647
22,05.10.2012,1,2012,True,har_ovx,0.0182612720244452,0.018227252913779045
22,08.10.2012,1,2012,True,har_ovx,0.0183096599743027,0.0173672860288762
22,09.10.2012,1,2012,True,har_ovx,0.0177196979214662,0.017877777269686656
22,10.10.2012,1,2012,True,har_ovx,0.0179844056686003,0.018588526885830493
22,11.10.2012,1,2012,True,har_ovx,0.0177361802141711,0.018551609226828473
22,12.10.2012,1,2012,True,har_ovx,0.0177300366918797,0.018577348134003174
22,15.10.2012,1,2012,True,har_ovx,0.0177013654437261,0.018181784449074208
22,16.10.2012,1,2012,True,har_ovx,0.0177282641989811,0.018277200412273875
22,19.10.2012,1,2012,True,har_ovx,0.0150330559913013,0.017479720341208323
22,22.10.2012,1,2012,True,har_ovx,0.0151142119367428,0.017513528389791505
22,23.10.2012,1,2012,True,har_ovx,0.0149333081648195,0.017391285260346844
22,24.10.2012,1,2012,True,har_ovx,0.0150745101291405,0.01794196703304781
22,25.10.2012,1,2012,True,har_ovx,0.0150537528105209,0.01749550155506053
22,26.10.2012,1,2012,True,har_ovx,0.0149498088993964,0.016922877796998425
22,31.10.2012,1,2012,True,har_ovx,0.0150088356374558,0.01708380916267654
22,01.11.2012,1,2012,True,har_ovx,0.0151167029394794,0.016927377521876726
22,02.11.2012,1,2012,True,har_ovx,0.0146754931858462,0.016495228939024106
22,05.11.2012,1,2012,True,har_ovx,0.0140729365753269,0.017398691423291156
22,06.11.2012,1,2012,True,har_ovx,0.0123129631581768,0.01732369616194575
22,07.11.2012,1,2012,True,har_ovx,0.009126677071823,0.017423450508746493
22,08.11.2012,1,2012,True,har_ovx,0.0095288444157772,0.01829613779183714
22,09.11.2012,1,2012,True,har_ovx,0.009096868781605,0.017538727947847745
22,12.11.2012,1,2012,True,har_ovx,0.009430832915143,0.017100973125847654
22,13.11.2012,1,2012,True,har_ovx,0.0095543039340297,0.015934706023971144
22,14.11.2012,1,2012,True,har_ovx,0.0092091279358292,0.01661716562104197
22,15.11.2012,1,2012,True,har_ovx,0.0090994138480869,0.016894405458515345
22,19.11.2012,1,2012,True,har_ovx,0.0091003120489786,0.01652553212627179
22,20.11.2012,1,2012,True,har_ovx,0.0099801776407979,0.0165040657500332
22,21.11.2012,1,2012,True,har_ovx,0.0097984229980134,0.01612926540214175
22,23.11.2012,1,2012,True,har_ovx,0.0097463501910013,0.015330265031060174
22,26.11.2012,1,2012,True,har_ovx,0.0097571042350135,0.015250801284345954
22,27.11.2012,1,2012,True,har_ovx,0.0098368422404819,0.015156787330157687
22,28.11.2012,1,2012,True,har_ovx,0.0098298863805576,0.01494910994926281
22,29.11.2012,1,2012,True,har_ovx,0.0097101248561532,0.014870224727392516
22,30.11.2012,1,2012,True,har_ovx,0.0096701530392464,0.014826905043984366
22,03.12.2012,1,2012,True,har_ovx,0.0096993883399583,0.014396667407242523
22,04.12.2012,1,2012,True,har_ovx,0.0094431978617298,0.014704438499737495
22,05.12.2012,1,2012,True,har_ovx,0.0091637867543551,0.014801884192452711
22,06.12.2012,1,2012,True,har_ovx,0.0087369831007087,0.014819469856625493
22,07.12.2012,1,2012,True,har_ovx,0.0089644932439549,0.014929940056322021
22,10.12.2012,1,2012,True,har_ovx,0.0096048471978001,0.01372422611276202
22,11.12.2012,1,2012,True,har_ovx,0.0095455110103911,0.014045840714721383
22,12.12.2012,1,2012,True,har_ovx,0.0091204566847592,0.013654866581818631
22,13.12.2012,1,2012,True,har_ovx,0.0084789730101636,0.013541556703923022
22,14.12.2012,1,2012,True,har_ovx,0.0088123823675558,0.013895764562369708
22,19.12.2012,1,2012,True,har_ovx,0.0085594091212403,0.013684999496860133
22,20.12.2012,1,2012,True,har_ovx,0.0085680947626846,0.012912838164555102
22,21.12.2012,1,2012,True,har_ovx,0.008111776717446,0.012742912115070993
22,24.12.2012,1,2012,True,har_ovx,0.0080777908407279,0.01348549578506303
22,26.12.2012,1,2012,True,har_ovx,0.0070556792971485,0.013282574318840161
22,27.12.2012,1,2012,True,har_ovx,0.0070387468417521,0.013783430518641924
22,28.12.2012,1,2012,True,har_ovx,0.0070481247949718,0.013203727103498195
22,31.12.2012,1,2012,True,har_ovx,0.0072597162459737,0.013484064093848952
22,03.01.2012,1,2012,True,har_gpr,0.0092004954032037,0.01751887290003615
22,04.01.2012,1,2012,True,har_gpr,0.0090648062183402,0.019845720632885304
22,05.01.2012,1,2012,True,har_gpr,0.0088243976190632,0.01926545614651956
22,06.01.2012,1,2012,True,har_gpr,0.0089436457802958,0.0190593771485125
22,09.01.2012,1,2012,True,har_gpr,0.0090496666225299,0.018758862221342987
22,10.01.2012,1,2012,True,har_gpr,0.0094022252727326,0.018706086206110303
22,11.01.2012,1,2012,True,har_gpr,0.0091118583265639,0.01806731215069485
22,12.01.2012,1,2012,True,har_gpr,0.00877504584792,0.017912486954425603
22,13.01.2012,1,2012,True,har_gpr,0.0085069493056746,0.017632241652151173
22,17.01.2012,1,2012,True,har_gpr,0.0085088247534705,0.015479420304033993
22,18.01.2012,1,2012,True,har_gpr,0.0083241977120738,0.015015704075988168
22,19.01.2012,1,2012,True,har_gpr,0.0087814586700444,0.014535500002171593
22,20.01.2012,1,2012,True,har_gpr,0.0077442717139996,0.014635504231457788
22,23.01.2012,1,2012,True,har_gpr,0.0077395779881691,0.01437563745158063
22,24.01.2012,1,2012,True,har_gpr,0.0076679782686216,0.01385629288166465
22,25.01.2012,1,2012,True,har_gpr,0.008270560493786,0.01379179115423287
22,26.01.2012,1,2012,True,har_gpr,0.0100198525684073,0.013702936083283702
22,27.01.2012,1,2012,True,har_gpr,0.0100674197161408,0.01380418067907864
22,30.01.2012,1,2012,True,har_gpr,0.0109948104251373,0.013132492537396751
22,31.01.2012,1,2012,True,har_gpr,0.0123345691147401,0.011868322527975334
22,01.02.2012,1,2012,True,har_gpr,0.012359415102414,0.011642327633051081
22,02.02.2012,1,2012,True,har_gpr,0.0130432857279379,0.008536993047694605
22,03.02.2012,1,2012,True,har_gpr,0.0127618511044168,0.008048555193812071
22,06.02.2012,1,2012,True,har_gpr,0.0127299054876846,0.009741365224982375
22,07.02.2012,1,2012,True,har_gpr,0.0127287370049764,0.010474385461393804
22,08.02.2012,1,2012,True,har_gpr,0.0128160910178523,0.010145851887402833
22,09.02.2012,1,2012,True,har_gpr,0.0127006822976832,0.01029716898654471
22,10.02.2012,1,2012,True,har_gpr,0.0126558960158195,0.010268758317840035
22,13.02.2012,1,2012,True,har_gpr,0.0130013975655818,0.010492494421500714
22,14.02.2012,1,2012,True,har_gpr,0.0134415510771169,0.013551389888657204
22,15.02.2012,1,2012,True,har_gpr,0.0134373063123019,0.013376619439683258
22,16.02.2012,1,2012,True,har_gpr,0.0137096268395383,0.013236078591322295
22,17.02.2012,1,2012,True,har_gpr,0.013647946604774,0.01333580171944792
22,21.02.2012,1,2012,True,har_gpr,0.0133565640870731,0.012349014718377502
22,22.02.2012,1,2012,True,har_gpr,0.013614537927347,0.013335054323922325
22,23.02.2012,1,2012,True,har_gpr,0.0135895353469397,0.012958574571186595
22,24.02.2012,1,2012,True,har_gpr,0.0132203768483395,0.012708497440408438
22,27.02.2012,1,2012,True,har_gpr,0.0132450556526295,0.013139386402184126
22,28.02.2012,1,2012,True,har_gpr,0.0127862987672208,0.01375129259375783
22,29.02.2012,1,2012,True,har_gpr,0.0126653139432938,0.015386535822051437
22,01.03.2012,1,2012,True,har_gpr,0.0119112563397907,0.015087368046699367
22,02.03.2012,1,2012,True,har_gpr,0.0110860032257265,0.016761883162494384
22,05.03.2012,1,2012,True,har_gpr,0.011938427788899,0.017664031393519054
22,06.03.2012,1,2012,True,har_gpr,0.0116546193282555,0.01288315419297878
22,07.03.2012,1,2012,True,har_gpr,0.0111016497110127,0.013508319393228274
22,08.03.2012,1,2012,True,har_gpr,0.0117886611496343,0.013942899870662336
22,09.03.2012,1,2012,True,har_gpr,0.0117486942491141,0.01353326602609943
22,12.03.2012,1,2012,True,har_gpr,0.0121390373932792,0.013027937790279075
22,13.03.2012,1,2012,True,har_gpr,0.0120095209000572,0.0153991179119486
22,14.03.2012,1,2012,True,har_gpr,0.0130049454123119,0.015192572241008492
22,15.03.2012,1,2012,True,har_gpr,0.0128592718877335,0.015524086749458776
22,16.03.2012,1,2012,True,har_gpr,0.0120970339447767,0.015782748237102174
22,19.03.2012,1,2012,True,har_gpr,0.012107894905652,0.016471276401944304
22,20.03.2012,1,2012,True,har_gpr,0.0120541076315502,0.015803954678635296
22,21.03.2012,1,2012,True,har_gpr,0.0120450874330921,0.016098780289810037
22,22.03.2012,1,2012,True,har_gpr,0.0119727995138035,0.015646804292335052
22,23.03.2012,1,2012,True,har_gpr,0.0115183492054479,0.015873560048516186
22,26.03.2012,1,2012,True,har_gpr,0.0115980757777753,0.0160609329453415
22,27.03.2012,1,2012,True,har_gpr,0.0115987462081226,0.015606976403355972
22,28.03.2012,1,2012,True,har_gpr,0.0114291339189443,0.014684025127303851
22,29.03.2012,1,2012,True,har_gpr,0.0110921522857308,0.015174743473768681
22,30.03.2012,1,2012,True,har_gpr,0.011282290404038,0.01436062051517437
22,02.04.2012,1,2012,True,har_gpr,0.0106335476268801,0.013286073979464762
22,03.04.2012,1,2012,True,har_gpr,0.0116050229557343,0.009873449170295328
22,04.04.2012,1,2012,True,har_gpr,0.0110721024436651,0.009124423944809506
22,05.04.2012,1,2012,True,har_gpr,0.0107194406042115,0.00986543515874778
22,09.04.2012,1,2012,True,har_gpr,0.0108508335135772,0.00946993916310187
22,10.04.2012,1,2012,True,har_gpr,0.009957200285166,0.012473604960053036
22,11.04.2012,1,2012,True,har_gpr,0.009889663732139,0.013428085260503281
22,12.04.2012,1,2012,True,har_gpr,0.0092561056649152,0.012873291323517309
22,13.04.2012,1,2012,True,har_gpr,0.0094427548439114,0.013365430571011548
22,16.04.2012,1,2012,True,har_gpr,0.0080109737018807,0.012856645224825266
22,17.04.2012,1,2012,True,har_gpr,0.0110042783662043,0.01422050340264856
22,18.04.2012,1,2012,True,har_gpr,0.0109950745880121,0.013439902574295743
22,19.04.2012,1,2012,True,har_gpr,0.0117524768526771,0.013462071445248587
22,20.04.2012,1,2012,True,har_gpr,0.0115341586017461,0.013128876867278903
22,23.04.2012,1,2012,True,har_gpr,0.0124493933410033,0.013396200284028586
22,24.04.2012,1,2012,True,har_gpr,0.0128371201528275,0.014183183162996563
22,25.04.2012,1,2012,True,har_gpr,0.0126289008157203,0.014241239477519405
22,26.04.2012,1,2012,True,har_gpr,0.0123891139237775,0.01451624279435959
22,27.04.2012,1,2012,True,har_gpr,0.0134497851852906,0.014497204664004629
22,30.04.2012,1,2012,True,har_gpr,0.0135534948518609,0.014078756545017015
22,01.05.2012,1,2012,True,har_gpr,0.014566333362165,0.014050346243833708
22,02.05.2012,1,2012,True,har_gpr,0.0148071816550853,0.013127057720602017
22,03.05.2012,1,2012,True,har_gpr,0.0147269339996185,0.013690346004326639
22,04.05.2012,1,2012,True,har_gpr,0.0151001586774571,0.013785140528818053
22,07.05.2012,1,2012,True,har_gpr,0.0150594749221744,0.014675308309834118
22,08.05.2012,1,2012,True,har_gpr,0.0150557521068705,0.015297767990598345
22,09.05.2012,1,2012,True,har_gpr,0.0150100710320992,0.014663505292200651
22,10.05.2012,1,2012,True,har_gpr,0.01500752542979,0.014845881324659157
22,11.05.2012,1,2012,True,har_gpr,0.0150660165430968,0.014303387025114576
22,14.05.2012,1,2012,True,har_gpr,0.0151124618947685,0.013790803776488987
22,15.05.2012,1,2012,True,har_gpr,0.0151113955404079,0.012395121583674906
22,16.05.2012,1,2012,True,har_gpr,0.0152475776178855,0.01262870096111704
22,17.05.2012,1,2012,True,har_gpr,0.0135198246580463,0.012531025734867491
22,18.05.2012,1,2012,True,har_gpr,0.0147074537932153,0.016340022650002922
22,21.05.2012,1,2012,True,har_gpr,0.0152996316030443,0.015252905343570197
22,22.05.2012,1,2012,True,har_gpr,0.0164342242498068,0.017235573554940674
22,23.05.2012,1,2012,True,har_gpr,0.0159744310174451,0.01688743863986621
22,24.05.2012,1,2012,True,har_gpr,0.0167764798569139,0.017996739767462515
22,25.05.2012,1,2012,True,har_gpr,0.0168479359756643,0.017358320441192527
22,29.05.2012,1,2012,True,har_gpr,0.0171963756838518,0.017259649151008662
22,30.05.2012,1,2012,True,har_gpr,0.0227455351540011,0.015470892141694738
22,31.05.2012,1,2012,True,har_gpr,0.0225665423783784,0.017181033844239628
22,01.06.2012,1,2012,True,har_gpr,0.02259709666006,0.01673544970966674
22,04.06.2012,1,2012,True,har_gpr,0.0225860320076906,0.018007458132600282
22,05.06.2012,1,2012,True,har_gpr,0.0232619362419444,0.01903275530494451
22,06.06.2012,1,2012,True,har_gpr,0.0234010980829948,0.018946099239503182
22,07.06.2012,1,2012,True,har_gpr,0.0238988029187563,0.02026495567966025
22,08.06.2012,1,2012,True,har_gpr,0.0244055500669749,0.019826913358530953
22,11.06.2012,1,2012,True,har_gpr,0.0242168908651454,0.019192510573919755
22,12.06.2012,1,2012,True,har_gpr,0.0242267893917033,0.01778534652917529
22,13.06.2012,1,2012,True,har_gpr,0.0242904927303409,0.01765603744748707
22,14.06.2012,1,2012,True,har_gpr,0.0242759901090592,0.016860197457689477
22,15.06.2012,1,2012,True,har_gpr,0.0243288483211179,0.01695957989016304
22,18.06.2012,1,2012,True,har_gpr,0.0243309004196265,0.016055915393582323
22,19.06.2012,1,2012,True,har_gpr,0.0244616983029438,0.01553128994917166
22,20.06.2012,1,2012,True,har_gpr,0.0245659736198724,0.014571687422738932
22,21.06.2012,1,2012,True,har_gpr,0.0226446736850416,0.016591348438072563
22,22.06.2012,1,2012,True,har_gpr,0.0224758616161187,0.01762238485980646
22,25.06.2012,1,2012,True,har_gpr,0.0224405262320568,0.017955314062394596
22,26.06.2012,1,2012,True,har_gpr,0.0222125609533021,0.018459553413328528
22,27.06.2012,1,2012,True,har_gpr,0.0222892138749779,0.020158022577853697
22,28.06.2012,1,2012,True,har_gpr,0.021724162488504,0.018962106845799062
22,29.06.2012,1,2012,True,har_gpr,0.0168278979154035,0.01928855531556283
22,02.07.2012,1,2012,True,har_gpr,0.0167528691080316,0.025179644192116882
22,03.07.2012,1,2012,True,har_gpr,0.0163254693390235,0.02493059848848767
22,05.07.2012,1,2012,True,har_gpr,0.0163126578540902,0.02663643803784323
22,06.07.2012,1,2012,True,har_gpr,0.0153926607257404,0.025576173436153923
22,09.07.2012,1,2012,True,har_gpr,0.0150235343004012,0.026686269212422294
22,10.07.2012,1,2012,True,har_gpr,0.0135969153030938,0.02420831683377731
22,11.07.2012,1,2012,True,har_gpr,0.0132206025957068,0.0247239638973853
22,12.07.2012,1,2012,True,har_gpr,0.0132049043567317,0.024805497165422033
22,13.07.2012,1,2012,True,har_gpr,0.0130929845465351,0.024493316457065928
22,16.07.2012,1,2012,True,har_gpr,0.0133891668147633,0.024399084998010606
22,17.07.2012,1,2012,True,har_gpr,0.0133877089378887,0.025922973837378377
22,18.07.2012,1,2012,True,har_gpr,0.0150396689667624,0.02482264539936565
22,19.07.2012,1,2012,True,har_gpr,0.0142827495298156,0.02477456756623935
22,20.07.2012,1,2012,True,har_gpr,0.0140962558184649,0.02449454505194279
22,23.07.2012,1,2012,True,har_gpr,0.0114016682736193,0.022892363704300568
22,24.07.2012,1,2012,True,har_gpr,0.0114119615390653,0.024679629225857765
22,25.07.2012,1,2012,True,har_gpr,0.0119357888386315,0.023845711335139137
22,26.07.2012,1,2012,True,har_gpr,0.0123375770254978,0.02383626089343392
22,27.07.2012,1,2012,True,har_gpr,0.01219071643994,0.02357492854672884
22,30.07.2012,1,2012,True,har_gpr,0.0121562621735247,0.023006653665501947
22,31.07.2012,1,2012,True,har_gpr,0.0117114336441021,0.015952057257358654
22,01.08.2012,1,2012,True,har_gpr,0.0119938805785931,0.016636589505970245
22,02.08.2012,1,2012,True,har_gpr,0.0120555263217558,0.015606304022342782
22,03.08.2012,1,2012,True,har_gpr,0.0109916028258192,0.01535239230015677
22,06.08.2012,1,2012,True,har_gpr,0.0109657383281975,0.016105670473720593
22,07.08.2012,1,2012,True,har_gpr,0.010045875651766,0.017507254970604236
22,08.08.2012,1,2012,True,har_gpr,0.0100817473614568,0.01701450577655811
22,09.08.2012,1,2012,True,har_gpr,0.0099463204695663,0.016223199228763266
22,10.08.2012,1,2012,True,har_gpr,0.0099530832266787,0.016345835237650368
22,13.08.2012,1,2012,True,har_gpr,0.0100160935197613,0.016044576598353365
22,14.08.2012,1,2012,True,har_gpr,0.0136734370269849,0.016029721862043392
22,15.08.2012,1,2012,True,har_gpr,0.014720329492172,0.01568348300575973
22,16.08.2012,1,2012,True,har_gpr,0.0152310808822072,0.01651218870283519
22,17.08.2012,1,2012,True,har_gpr,0.0144942199035596,0.01560431184932228
22,20.08.2012,1,2012,True,har_gpr,0.0147798240996314,0.0178124968911891
22,21.08.2012,1,2012,True,har_gpr,0.0147120907932001,0.016112415725301126
22,22.08.2012,1,2012,True,har_gpr,0.0146895294187747,0.016336337165377916
22,23.08.2012,1,2012,True,har_gpr,0.0152737209828929,0.01598850789656094
22,24.08.2012,1,2012,True,har_gpr,0.0150914165286379,0.0159209271972552
22,27.08.2012,1,2012,True,har_gpr,0.0148842079866593,0.016136346907836555
22,28.08.2012,1,2012,True,har_gpr,0.0149144651277056,0.01600177976123455
22,29.08.2012,1,2012,True,har_gpr,0.0162734415872238,0.01534903040640254
22,30.08.2012,1,2012,True,har_gpr,0.018552952927271,0.015213896782117122
22,31.08.2012,1,2012,True,har_gpr,0.0181851440333285,0.015217319720833067
22,04.09.2012,1,2012,True,har_gpr,0.0181782916927297,0.015075863297183537
22,05.09.2012,1,2012,True,har_gpr,0.0187987394395859,0.014178895744098436
22,06.09.2012,1,2012,True,har_gpr,0.0187914530930427,0.013911058150234409
22,07.09.2012,1,2012,True,har_gpr,0.0189108710170393,0.01377520564390785
22,10.09.2012,1,2012,True,har_gpr,0.0190024054111878,0.013789210469604546
22,11.09.2012,1,2012,True,har_gpr,0.0191001497367109,0.013683610764026253
22,12.09.2012,1,2012,True,har_gpr,0.0191180965242969,0.013671487294422404
22,13.09.2012,1,2012,True,har_gpr,0.0211223068260822,0.013344157861538837
22,18.09.2012,1,2012,True,har_gpr,0.0191927101217343,0.012899153088986452
22,19.09.2012,1,2012,True,har_gpr,0.0178131766161427,0.01825873683440499
22,20.09.2012,1,2012,True,har_gpr,0.0174227724580541,0.01880719409807685
22,21.09.2012,1,2012,True,har_gpr,0.0172349934722311,0.018952225428677597
22,24.09.2012,1,2012,True,har_gpr,0.0171167603494975,0.019044253475569664
22,25.09.2012,1,2012,True,har_gpr,0.017138395093262,0.018723810836888434
22,26.09.2012,1,2012,True,har_gpr,0.0171499221512054,0.01824733375539025
22,27.09.2012,1,2012,True,har_gpr,0.0172703172852942,0.01752598221082737
22,28.09.2012,1,2012,True,har_gpr,0.0178532350030715,0.01816487432746442
22,01.10.2012,1,2012,True,har_gpr,0.0191479145817767,0.017748507165034504
22,02.10.2012,1,2012,True,har_gpr,0.0208275544942416,0.018507391822698734
22,03.10.2012,1,2012,True,har_gpr,0.0198213473565148,0.01869025173596816
22,04.10.2012,1,2012,True,har_gpr,0.0182753426294297,0.020421550014301376
22,05.10.2012,1,2012,True,har_gpr,0.0182612720244452,0.02292536483701679
22,08.10.2012,1,2012,True,har_gpr,0.0183096599743027,0.021990064252422087
22,09.10.2012,1,2012,True,har_gpr,0.0177196979214662,0.02189419197029258
22,10.10.2012,1,2012,True,har_gpr,0.0179844056686003,0.02170729524108381
22,11.10.2012,1,2012,True,har_gpr,0.0177361802141711,0.020669718609500457
22,12.10.2012,1,2012,True,har_gpr,0.0177300366918797,0.020577487857833632
22,15.10.2012,1,2012,True,har_gpr,0.0177013654437261,0.02063501055664634
22,16.10.2012,1,2012,True,har_gpr,0.0177282641989811,0.019289591382584834
22,19.10.2012,1,2012,True,har_gpr,0.0150330559913013,0.01721691219012272
22,22.10.2012,1,2012,True,har_gpr,0.0151142119367428,0.019673714415962672
22,23.10.2012,1,2012,True,har_gpr,0.0149333081648195,0.016582743944095646
22,24.10.2012,1,2012,True,har_gpr,0.0150745101291405,0.016616093465590866
22,25.10.2012,1,2012,True,har_gpr,0.0150537528105209,0.01607008791005548
22,26.10.2012,1,2012,True,har_gpr,0.0149498088993964,0.016259855952111747
22,31.10.2012,1,2012,True,har_gpr,0.0150088356374558,0.015833372653859888
22,01.11.2012,1,2012,True,har_gpr,0.0151167029394794,0.019455729980963427
22,02.11.2012,1,2012,True,har_gpr,0.0146754931858462,0.019286359118636572
22,05.11.2012,1,2012,True,har_gpr,0.0140729365753269,0.020529165810010765
22,06.11.2012,1,2012,True,har_gpr,0.0123129631581768,0.02118820822588901
22,07.11.2012,1,2012,True,har_gpr,0.009126677071823,0.021793808514117757
22,08.11.2012,1,2012,True,har_gpr,0.0095288444157772,0.022259842841384433
22,09.11.2012,1,2012,True,har_gpr,0.009096868781605,0.021423624478386614
22,12.11.2012,1,2012,True,har_gpr,0.009430832915143,0.02217504244484048
22,13.11.2012,1,2012,True,har_gpr,0.0095543039340297,0.021071044779929392
22,14.11.2012,1,2012,True,har_gpr,0.0092091279358292,0.01874181860742092
22,15.11.2012,1,2012,True,har_gpr,0.0090994138480869,0.01824631352040621
22,19.11.2012,1,2012,True,har_gpr,0.0091003120489786,0.018431784047954133
22,20.11.2012,1,2012,True,har_gpr,0.0099801776407979,0.01733359200468222
22,21.11.2012,1,2012,True,har_gpr,0.0097984229980134,0.017639446282653196
22,23.11.2012,1,2012,True,har_gpr,0.0097463501910013,0.015720026956537736
22,26.11.2012,1,2012,True,har_gpr,0.0097571042350135,0.015506800589855816
22,27.11.2012,1,2012,True,har_gpr,0.0098368422404819,0.016436877712637455
22,28.11.2012,1,2012,True,har_gpr,0.0098298863805576,0.016748807724883474
22,29.11.2012,1,2012,True,har_gpr,0.0097101248561532,0.016522479217477088
22,30.11.2012,1,2012,True,har_gpr,0.0096701530392464,0.016805633987865744
22,03.12.2012,1,2012,True,har_gpr,0.0096993883399583,0.01654782584908118
22,04.12.2012,1,2012,True,har_gpr,0.0094431978617298,0.01768311186146514
22,05.12.2012,1,2012,True,har_gpr,0.0091637867543551,0.017263831021160244
22,06.12.2012,1,2012,True,har_gpr,0.0087369831007087,0.017046581838825296
22,07.12.2012,1,2012,True,har_gpr,0.0089644932439549,0.01616468093372941
22,10.12.2012,1,2012,True,har_gpr,0.0096048471978001,0.01326011108084716
22,11.12.2012,1,2012,True,har_gpr,0.0095455110103911,0.013407039347586785
22,12.12.2012,1,2012,True,har_gpr,0.0091204566847592,0.01283232623879781
22,13.12.2012,1,2012,True,har_gpr,0.0084789730101636,0.013523571643349871
22,14.12.2012,1,2012,True,har_gpr,0.0088123823675558,0.013822610286767938
22,19.12.2012,1,2012,True,har_gpr,0.0085594091212403,0.013741973873001107
22,20.12.2012,1,2012,True,har_gpr,0.0085680947626846,0.012872021633947002
22,21.12.2012,1,2012,True,har_gpr,0.008111776717446,0.012655324316793651
22,24.12.2012,1,2012,True,har_gpr,0.0080777908407279,0.012991279019224063
22,26.12.2012,1,2012,True,har_gpr,0.0070556792971485,0.014052809868323135
22,27.12.2012,1,2012,True,har_gpr,0.0070387468417521,0.015512250052305254
22,28.12.2012,1,2012,True,har_gpr,0.0070481247949718,0.014998067824330124
22,31.12.2012,1,2012,True,har_gpr,0.0072597162459737,0.014812820442448723
22,03.01.2012,1,2012,True,har_x,0.0092004954032037,0.019746740541145755
22,04.01.2012,1,2012,True,har_x,0.0090648062183402,0.02037153391237985
22,05.01.2012,1,2012,True,har_x,0.0088243976190632,0.019512010878281635
22,06.01.2012,1,2012,True,har_x,0.0089436457802958,0.019295014219992777
22,09.01.2012,1,2012,True,har_x,0.0090496666225299,0.018469383731218102
22,10.01.2012,1,2012,True,har_x,0.0094022252727326,0.018381463919013536
22,11.01.2012,1,2012,True,har_x,0.0091118583265639,0.01797973224476396
22,12.01.2012,1,2012,True,har_x,0.00877504584792,0.01801276958767193
22,13.01.2012,1,2012,True,har_x,0.0085069493056746,0.01835838671195226
22,17.01.2012,1,2012,True,har_x,0.0085088247534705,0.017141675052891454
22,18.01.2012,1,2012,True,har_x,0.0083241977120738,0.015856253022261207
22,19.01.2012,1,2012,True,har_x,0.0087814586700444,0.015106176552572275
22,20.01.2012,1,2012,True,har_x,0.0077442717139996,0.015508207780166802
22,23.01.2012,1,2012,True,har_x,0.0077395779881691,0.015353235298210834
22,24.01.2012,1,2012,True,har_x,0.0076679782686216,0.014850179889678815
22,25.01.2012,1,2012,True,har_x,0.008270560493786,0.014876173296517827
22,26.01.2012,1,2012,True,har_x,0.0100198525684073,0.014279584939111484
22,27.01.2012,1,2012,True,har_x,0.0100674197161408,0.014376252580189198
22,30.01.2012,1,2012,True,har_x,0.0109948104251373,0.014022943298761494
22,31.01.2012,1,2012,True,har_x,0.0123345691147401,0.012906616204567865
22,01.02.2012,1,2012,True,har_x,0.012359415102414,0.013051121804979166
22,02.02.2012,1,2012,True,har_x,0.0130432857279379,0.01185984952365278
22,03.02.2012,1,2012,True,har_x,0.0127618511044168,0.011534016651618302
22,06.02.2012,1,2012,True,har_x,0.0127299054876846,0.011692860705594839
22,07.02.2012,1,2012,True,har_x,0.0127287370049764,0.012580114897962577
22,08.02.2012,1,2012,True,har_x,0.0128160910178523,0.01291178542695579
22,09.02.2012,1,2012,True,har_x,0.0127006822976832,0.012976098279208518
22,10.02.2012,1,2012,True,har_x,0.0126558960158195,0.013050270500632693
22,13.02.2012,1,2012,True,har_x,0.0130013975655818,0.013241185214378845
22,14.02.2012,1,2012,True,har_x,0.0134415510771169,0.016354594871155197
22,15.02.2012,1,2012,True,har_x,0.0134373063123019,0.016410483878788282
22,16.02.2012,1,2012,True,har_x,0.0137096268395383,0.0169091772984712
22,17.02.2012,1,2012,True,har_x,0.013647946604774,0.01661521695254879
22,21.02.2012,1,2012,True,har_x,0.0133565640870731,0.01587081760311542
22,22.02.2012,1,2012,True,har_x,0.013614537927347,0.017054879957700126
22,23.02.2012,1,2012,True,har_x,0.0135895353469397,0.016441647641670942
22,24.02.2012,1,2012,True,har_x,0.0132203768483395,0.016121985299297543
22,27.02.2012,1,2012,True,har_x,0.0132450556526295,0.01658115213310667
22,28.02.2012,1,2012,True,har_x,0.0127862987672208,0.016833490290159493
22,29.02.2012,1,2012,True,har_x,0.0126653139432938,0.01716391701656218
22,01.03.2012,1,2012,True,har_x,0.0119112563397907,0.01654672733502692
22,02.03.2012,1,2012,True,har_x,0.0110860032257265,0.017476856223455062
22,05.03.2012,1,2012,True,har_x,0.011938427788899,0.017601582924086954
22,06.03.2012,1,2012,True,har_x,0.0116546193282555,0.013923354971327677
22,07.03.2012,1,2012,True,har_x,0.0111016497110127,0.014711339402335571
22,08.03.2012,1,2012,True,har_x,0.0117886611496343,0.014262972185466277
22,09.03.2012,1,2012,True,har_x,0.0117486942491141,0.013828869589604748
22,12.03.2012,1,2012,True,har_x,0.0121390373932792,0.013397084871036719
22,13.03.2012,1,2012,True,har_x,0.0120095209000572,0.014959279296270878
22,14.03.2012,1,2012,True,har_x,0.0130049454123119,0.01476820482501047
22,15.03.2012,1,2012,True,har_x,0.0128592718877335,0.01484569915152022
22,16.03.2012,1,2012,True,har_x,0.0120970339447767,0.015014485904990205
22,19.03.2012,1,2012,True,har_x,0.012107894905652,0.014892364936560307
22,20.03.2012,1,2012,True,har_x,0.0120541076315502,0.01354333949789561
22,21.03.2012,1,2012,True,har_x,0.0120450874330921,0.01415549276266429
22,22.03.2012,1,2012,True,har_x,0.0119727995138035,0.013515370349011192
22,23.03.2012,1,2012,True,har_x,0.0115183492054479,0.01391424934505552
22,26.03.2012,1,2012,True,har_x,0.0115980757777753,0.01433616482429778
22,27.03.2012,1,2012,True,har_x,0.0115987462081226,0.014044977600095827
22,28.03.2012,1,2012,True,har_x,0.0114291339189443,0.013579253437013113
22,29.03.2012,1,2012,True,har_x,0.0110921522857308,0.014000670980392468
22,30.03.2012,1,2012,True,har_x,0.011282290404038,0.014072600370062738
22,02.04.2012,1,2012,True,har_x,0.0106335476268801,0.013711254086102652
22,03.04.2012,1,2012,True,har_x,0.0116050229557343,0.00974072116091066
22,04.04.2012,1,2012,True,har_x,0.0110721024436651,0.009130366772315582
22,05.04.2012,1,2012,True,har_x,0.0107194406042115,0.009797035780232687
22,09.04.2012,1,2012,True,har_x,0.0108508335135772,0.009290974562561907
22,10.04.2012,1,2012,True,har_x,0.009957200285166,0.012636079233197374
22,11.04.2012,1,2012,True,har_x,0.009889663732139,0.013929932891803514
22,12.04.2012,1,2012,True,har_x,0.0092561056649152,0.013162727183794654
22,13.04.2012,1,2012,True,har_x,0.0094427548439114,0.012865592709717566
22,16.04.2012,1,2012,True,har_x,0.0080109737018807,0.012703473451762088
22,17.04.2012,1,2012,True,har_x,0.0110042783662043,0.01342147314148168
22,18.04.2012,1,2012,True,har_x,0.0109950745880121,0.01257535607733895
22,19.04.2012,1,2012,True,har_x,0.0117524768526771,0.012465515071195539
22,20.04.2012,1,2012,True,har_x,0.0115341586017461,0.01233978912859365
22,23.04.2012,1,2012,True,har_x,0.0124493933410033,0.011942317574552174
22,24.04.2012,1,2012,True,har_x,0.0128371201528275,0.013343499086689997
22,25.04.2012,1,2012,True,har_x,0.0126289008157203,0.013044436675539287
22,26.04.2012,1,2012,True,har_x,0.0123891139237775,0.012985098708598122
22,27.04.2012,1,2012,True,har_x,0.0134497851852906,0.01251103473565202
22,30.04.2012,1,2012,True,har_x,0.0135534948518609,0.012196972443669544
22,01.05.2012,1,2012,True,har_x,0.014566333362165,0.01247085292551178
22,02.05.2012,1,2012,True,har_x,0.0148071816550853,0.012126881637096748
22,03.05.2012,1,2012,True,har_x,0.0147269339996185,0.012318994245197733
22,04.05.2012,1,2012,True,har_x,0.0151001586774571,0.013395488932871655
22,07.05.2012,1,2012,True,har_x,0.0150594749221744,0.014707134884715953
22,08.05.2012,1,2012,True,har_x,0.0150557521068705,0.01513315947279378
22,09.05.2012,1,2012,True,har_x,0.0150100710320992,0.01494685884291446
22,10.05.2012,1,2012,True,har_x,0.01500752542979,0.015052680651465342
22,11.05.2012,1,2012,True,har_x,0.0150660165430968,0.014595966660427406
22,14.05.2012,1,2012,True,har_x,0.0151124618947685,0.014667062494463829
22,15.05.2012,1,2012,True,har_x,0.0151113955404079,0.014863287207826122
22,16.05.2012,1,2012,True,har_x,0.0152475776178855,0.015410871522109624
22,17.05.2012,1,2012,True,har_x,0.0135198246580463,0.015104354414179491
22,18.05.2012,1,2012,True,har_x,0.0147074537932153,0.01695816831619424
22,21.05.2012,1,2012,True,har_x,0.0152996316030443,0.016545590417232657
22,22.05.2012,1,2012,True,har_x,0.0164342242498068,0.016347735916998795
22,23.05.2012,1,2012,True,har_x,0.0159744310174451,0.016046740909756795
22,24.05.2012,1,2012,True,har_x,0.0167764798569139,0.017066539254525358
22,25.05.2012,1,2012,True,har_x,0.0168479359756643,0.016500882433940142
22,29.05.2012,1,2012,True,har_x,0.0171963756838518,0.016445829478636136
22,30.05.2012,1,2012,True,har_x,0.0227455351540011,0.015245782280941814
22,31.05.2012,1,2012,True,har_x,0.0225665423783784,0.017085099990370528
22,01.06.2012,1,2012,True,har_x,0.02259709666006,0.01749141786296182
22,04.06.2012,1,2012,True,har_x,0.0225860320076906,0.020989772290005725
22,05.06.2012,1,2012,True,har_x,0.0232619362419444,0.020899933117465855
22,06.06.2012,1,2012,True,har_x,0.0234010980829948,0.020019803916210773
22,07.06.2012,1,2012,True,har_x,0.0238988029187563,0.02010829883545757
22,08.06.2012,1,2012,True,har_x,0.0244055500669749,0.020447763287939905
22,11.06.2012,1,2012,True,har_x,0.0242168908651454,0.020706231342733656
22,12.06.2012,1,2012,True,har_x,0.0242267893917033,0.02122138162517954
22,13.06.2012,1,2012,True,har_x,0.0242904927303409,0.019906838796182953
22,14.06.2012,1,2012,True,har_x,0.0242759901090592,0.019560158953977908
22,15.06.2012,1,2012,True,har_x,0.0243288483211179,0.018363199808014794
22,18.06.2012,1,2012,True,har_x,0.0243309004196265,0.018047294040597583
22,19.06.2012,1,2012,True,har_x,0.0244616983029438,0.016860450128675396
22,20.06.2012,1,2012,True,har_x,0.0245659736198724,0.015519743424026794
22,21.06.2012,1,2012,True,har_x,0.0226446736850416,0.017047675474777813
22,22.06.2012,1,2012,True,har_x,0.0224758616161187,0.018602958841666652
22,25.06.2012,1,2012,True,har_x,0.0224405262320568,0.017453516623862103
22,26.06.2012,1,2012,True,har_x,0.0222125609533021,0.018694410587731407
22,27.06.2012,1,2012,True,har_x,0.0222892138749779,0.018347317043834088
22,28.06.2012,1,2012,True,har_x,0.021724162488504,0.01747383674596447
22,29.06.2012,1,2012,True,har_x,0.0168278979154035,0.018344563683553666
22,02.07.2012,1,2012,True,har_x,0.0167528691080316,0.02065336056110261
22,03.07.2012,1,2012,True,har_x,0.0163254693390235,0.02149348992322338
22,05.07.2012,1,2012,True,har_x,0.0163126578540902,0.022304770198907174
22,06.07.2012,1,2012,True,har_x,0.0153926607257404,0.02244981218825508
22,09.07.2012,1,2012,True,har_x,0.0150235343004012,0.02272197224025709
22,10.07.2012,1,2012,True,har_x,0.0135969153030938,0.02100227585839936
22,11.07.2012,1,2012,True,har_x,0.0132206025957068,0.021300447851786294
22,12.07.2012,1,2012,True,har_x,0.0132049043567317,0.02067189163896091
22,13.07.2012,1,2012,True,har_x,0.0130929845465351,0.019804366279776178
22,16.07.2012,1,2012,True,har_x,0.0133891668147633,0.01966176325469857
22,17.07.2012,1,2012,True,har_x,0.0133877089378887,0.021144095722406005
22,18.07.2012,1,2012,True,har_x,0.0150396689667624,0.021518615290180558
22,19.07.2012,1,2012,True,har_x,0.0142827495298156,0.02144874804307525
22,20.07.2012,1,2012,True,har_x,0.0140962558184649,0.022110140983877154
22,23.07.2012,1,2012,True,har_x,0.0114016682736193,0.02068483774978016
22,24.07.2012,1,2012,True,har_x,0.0114119615390653,0.021656006352106922
22,25.07.2012,1,2012,True,har_x,0.0119357888386315,0.02071567068435402
22,26.07.2012,1,2012,True,har_x,0.0123375770254978,0.020170861005220895
22,27.07.2012,1,2012,True,har_x,0.01219071643994,0.019841780919449593
22,30.07.2012,1,2012,True,har_x,0.0121562621735247,0.019151243538085515
22,31.07.2012,1,2012,True,har_x,0.0117114336441021,0.015574357020520771
22,01.08.2012,1,2012,True,har_x,0.0119938805785931,0.016409841725798183
22,02.08.2012,1,2012,True,har_x,0.0120555263217558,0.015771851882001395
22,03.08.2012,1,2012,True,har_x,0.0109916028258192,0.01546122266655235
22,06.08.2012,1,2012,True,har_x,0.0109657383281975,0.01563836703250038
22,07.08.2012,1,2012,True,har_x,0.010045875651766,0.016622883169005044
22,08.08.2012,1,2012,True,har_x,0.0100817473614568,0.016657247793026134
22,09.08.2012,1,2012,True,har_x,0.0099463204695663,0.01587949587564877
22,10.08.2012,1,2012,True,har_x,0.0099530832266787,0.015749607266898544
22,13.08.2012,1,2012,True,har_x,0.0100160935197613,0.015553722495226803
22,14.08.2012,1,2012,True,har_x,0.0136734370269849,0.0151025674516079
22,15.08.2012,1,2012,True,har_x,0.014720329492172,0.015244363502363604
22,16.08.2012,1,2012,True,har_x,0.0152310808822072,0.016146699582800607
22,17.08.2012,1,2012,True,har_x,0.0144942199035596,0.01594891534081839
22,20.08.2012,1,2012,True,har_x,0.0147798240996314,0.016470129094869022
22,21.08.2012,1,2012,True,har_x,0.0147120907932001,0.015872858787210432
22,22.08.2012,1,2012,True,har_x,0.0146895294187747,0.016063813302041995
22,23.08.2012,1,2012,True,har_x,0.0152737209828929,0.016149001842879995
22,24.08.2012,1,2012,True,har_x,0.0150914165286379,0.01641899589594566
22,27.08.2012,1,2012,True,har_x,0.0148842079866593,0.01684134373859838
22,28.08.2012,1,2012,True,har_x,0.0149144651277056,0.01707435040815054
22,29.08.2012,1,2012,True,har_x,0.0162734415872238,0.016648555487792076
22,30.08.2012,1,2012,True,har_x,0.018552952927271,0.016391502296957874
22,31.08.2012,1,2012,True,har_x,0.0181851440333285,0.016124351308676847
22,04.09.2012,1,2012,True,har_x,0.0181782916927297,0.015877063609146386
22,05.09.2012,1,2012,True,har_x,0.0187987394395859,0.016294617935805267
22,06.09.2012,1,2012,True,har_x,0.0187914530930427,0.016202628041813393
22,07.09.2012,1,2012,True,har_x,0.0189108710170393,0.01629239075473061
22,10.09.2012,1,2012,True,har_x,0.0190024054111878,0.015760753603652682
22,11.09.2012,1,2012,True,har_x,0.0191001497367109,0.015828935901864644
22,12.09.2012,1,2012,True,har_x,0.0191180965242969,0.01568881360381268
22,13.09.2012,1,2012,True,har_x,0.0211223068260822,0.016101658281579743
22,18.09.2012,1,2012,True,har_x,0.0191927101217343,0.015792437767410093
22,19.09.2012,1,2012,True,har_x,0.0178131766161427,0.019014654643851454
22,20.09.2012,1,2012,True,har_x,0.0174227724580541,0.019421623953520886
22,21.09.2012,1,2012,True,har_x,0.0172349934722311,0.018017028145398174
22,24.09.2012,1,2012,True,har_x,0.0171167603494975,0.01783529671698644
22,25.09.2012,1,2012,True,har_x,0.017138395093262,0.018012153859261044
22,26.09.2012,1,2012,True,har_x,0.0171499221512054,0.017953384743287146
22,27.09.2012,1,2012,True,har_x,0.0172703172852942,0.01821526169082944
22,28.09.2012,1,2012,True,har_x,0.0178532350030715,0.017660248383362866
22,01.10.2012,1,2012,True,har_x,0.0191479145817767,0.017174254280879646
22,02.10.2012,1,2012,True,har_x,0.0208275544942416,0.01819338992230397
22,03.10.2012,1,2012,True,har_x,0.0198213473565148,0.018119884149348193
22,04.10.2012,1,2012,True,har_x,0.0182753426294297,0.019856003412342175
22,05.10.2012,1,2012,True,har_x,0.0182612720244452,0.019920802801259088
22,08.10.2012,1,2012,True,har_x,0.0183096599743027,0.01906070059486826
22,09.10.2012,1,2012,True,har_x,0.0177196979214662,0.019551593059071937
22,10.10.2012,1,2012,True,har_x,0.0179844056686003,0.01901738615964709
22,11.10.2012,1,2012,True,har_x,0.0177361802141711,0.018910540068401108
22,12.10.2012,1,2012,True,har_x,0.0177300366918797,0.01889256269796206
22,15.10.2012,1,2012,True,har_x,0.0177013654437261,0.018517460129715845
22,16.10.2012,1,2012,True,har_x,0.0177282641989811,0.017331541369654327
22,19.10.2012,1,2012,True,har_x,0.0150330559913013,0.016475835718426403
22,22.10.2012,1,2012,True,har_x,0.0151142119367428,0.01665178369435763
22,23.10.2012,1,2012,True,har_x,0.0149333081648195,0.014904888899003807
22,24.10.2012,1,2012,True,har_x,0.0150745101291405,0.015438303201217678
22,25.10.2012,1,2012,True,har_x,0.0150537528105209,0.014973292473755923
22,26.10.2012,1,2012,True,har_x,0.0149498088993964,0.014436554782442275
22,31.10.2012,1,2012,True,har_x,0.0150088356374558,0.014525878396800956
22,01.11.2012,1,2012,True,har_x,0.0151167029394794,0.017989956061278803
22,02.11.2012,1,2012,True,har_x,0.0146754931858462,0.01755983114219761
22,05.11.2012,1,2012,True,har_x,0.0140729365753269,0.018501180186006706
22,06.11.2012,1,2012,True,har_x,0.0123129631581768,0.0185668778150933
22,07.11.2012,1,2012,True,har_x,0.009126677071823,0.018709414748865075
22,08.11.2012,1,2012,True,har_x,0.0095288444157772,0.01960437294956776
22,09.11.2012,1,2012,True,har_x,0.009096868781605,0.01884720713414086
22,12.11.2012,1,2012,True,har_x,0.009430832915143,0.018439192937427577
22,13.11.2012,1,2012,True,har_x,0.0095543039340297,0.017271980003976145
22,14.11.2012,1,2012,True,har_x,0.0092091279358292,0.01594854017411524
22,15.11.2012,1,2012,True,har_x,0.0090994138480869,0.01614716727643803
22,19.11.2012,1,2012,True,har_x,0.0091003120489786,0.015798546789282386
22,20.11.2012,1,2012,True,har_x,0.0099801776407979,0.015281854755632759
22,21.11.2012,1,2012,True,har_x,0.0097984229980134,0.014935217961975621
22,23.11.2012,1,2012,True,har_x,0.0097463501910013,0.014094105952002386
22,26.11.2012,1,2012,True,har_x,0.0097571042350135,0.014005614486728633
22,27.11.2012,1,2012,True,har_x,0.0098368422404819,0.014879871416135447
22,28.11.2012,1,2012,True,har_x,0.0098298863805576,0.01469483154752448
22,29.11.2012,1,2012,True,har_x,0.0097101248561532,0.014606761739499869
22,30.11.2012,1,2012,True,har_x,0.0096701530392464,0.014577151020993539
22,03.12.2012,1,2012,True,har_x,0.0096993883399583,0.014152564868493265
22,04.12.2012,1,2012,True,har_x,0.0094431978617298,0.015601510015021388
22,05.12.2012,1,2012,True,har_x,0.0091637867543551,0.015681796574580922
22,06.12.2012,1,2012,True,har_x,0.0087369831007087,0.015696752962801187
22,07.12.2012,1,2012,True,har_x,0.0089644932439549,0.015767690189807303
22,10.12.2012,1,2012,True,har_x,0.0096048471978001,0.014498968677411994
22,11.12.2012,1,2012,True,har_x,0.0095455110103911,0.014854385317229246
22,12.12.2012,1,2012,True,har_x,0.0091204566847592,0.014464464743688772
22,13.12.2012,1,2012,True,har_x,0.0084789730101636,0.014386294596544941
22,14.12.2012,1,2012,True,har_x,0.0088123823675558,0.014735104220505465
22,19.12.2012,1,2012,True,har_x,0.0085594091212403,0.014532617846936982
22,20.12.2012,1,2012,True,har_x,0.0085680947626846,0.012945045229755203
22,21.12.2012,1,2012,True,har_x,0.008111776717446,0.01277609896875298
22,24.12.2012,1,2012,True,har_x,0.0080777908407279,0.013505671835516184
22,26.12.2012,1,2012,True,har_x,0.0070556792971485,0.014698876484773658
22,27.12.2012,1,2012,True,har_x,0.0070387468417521,0.015244697020292772
22,28.12.2012,1,2012,True,har_x,0.0070481247949718,0.014665098669271941
22,31.12.2012,1,2012,True,har_x,0.0072597162459737,0.014930251893751606
66,03.01.2012,1,2012,True,har,0.011081465940709,0.018423279345145406
66,04.01.2012,1,2012,True,har,0.011366441582479,0.02186117949876504
66,05.01.2012,1,2012,True,har,0.0113087148130505,0.021272212740621667
66,06.01.2012,1,2012,True,har,0.011397833752044,0.021016604826549268
66,09.01.2012,1,2012,True,har,0.0113686383359912,0.020764007291274235
66,10.01.2012,1,2012,True,har,0.0118305510452301,0.020690137850400553
66,11.01.2012,1,2012,True,har,0.0117652872152008,0.019736619939224827
66,12.01.2012,1,2012,True,har,0.0117433988358324,0.019554726513686588
66,13.01.2012,1,2012,True,har,0.0116980336918317,0.019343649663568847
66,17.01.2012,1,2012,True,har,0.0116660384978806,0.017694344671226325
66,18.01.2012,1,2012,True,har,0.011615761424939,0.01801418156398818
66,19.01.2012,1,2012,True,har,0.011603768086385,0.017589938832716562
66,20.01.2012,1,2012,True,har,0.0114592872644639,0.01771390125352349
66,23.01.2012,1,2012,True,har,0.0114604513190568,0.017623555965535893
66,24.01.2012,1,2012,True,har,0.0114369500899386,0.017395610226030422
66,25.01.2012,1,2012,True,har,0.0114420847398348,0.01728608671415851
66,26.01.2012,1,2012,True,har,0.0114026324594229,0.017185986720132704
66,27.01.2012,1,2012,True,har,0.0115047175639531,0.017308155059339674
66,30.01.2012,1,2012,True,har,0.0117071806499053,0.01663712419062696
66,31.01.2012,1,2012,True,har,0.0121352672498902,0.016773087988171828
66,01.02.2012,1,2012,True,har,0.0121198075948522,0.016552178720065862
66,02.02.2012,1,2012,True,har,0.0121174213647809,0.014219397823667074
66,03.02.2012,1,2012,True,har,0.0118120382160809,0.013815616622727952
66,06.02.2012,1,2012,True,har,0.0117273766977042,0.015402188325291432
66,07.02.2012,1,2012,True,har,0.0117302278458437,0.015120748422616213
66,08.02.2012,1,2012,True,har,0.0116977367419737,0.014820262263821344
66,09.02.2012,1,2012,True,har,0.0116236341939918,0.014953383949712011
66,10.02.2012,1,2012,True,har,0.0115667611620975,0.01492636934739263
66,13.02.2012,1,2012,True,har,0.0124390995763414,0.015186283364473495
66,14.02.2012,1,2012,True,har,0.012434024744646,0.01482569718151186
66,15.02.2012,1,2012,True,har,0.0125708773731465,0.01467719688103014
66,16.02.2012,1,2012,True,har,0.0124952456500481,0.014586207863389676
66,17.02.2012,1,2012,True,har,0.0128675031117193,0.014659969087946405
66,21.02.2012,1,2012,True,har,0.0127225686167177,0.0137812195576561
66,22.02.2012,1,2012,True,har,0.0126455437710447,0.014613658208577266
66,23.02.2012,1,2012,True,har,0.0126067268289318,0.01428179854487188
66,24.02.2012,1,2012,True,har,0.0128955387074382,0.014071943163667808
66,27.02.2012,1,2012,True,har,0.0129573027417211,0.014470038256748316
66,28.02.2012,1,2012,True,har,0.0133344613021465,0.015014518021976349
66,29.02.2012,1,2012,True,har,0.0132791046836166,0.016477587174653023
66,01.03.2012,1,2012,True,har,0.0126814133368782,0.016180093220304573
66,02.03.2012,1,2012,True,har,0.0127849649245685,0.017747334543056194
66,05.03.2012,1,2012,True,har,0.0127824814381642,0.018443417972715304
66,06.03.2012,1,2012,True,har,0.0127019203615712,0.017607074384057085
66,07.03.2012,1,2012,True,har,0.0125212919217891,0.018090504066474306
66,08.03.2012,1,2012,True,har,0.0124109801882662,0.018481098869309806
66,09.03.2012,1,2012,True,har,0.0123782029841304,0.017948052315028003
66,12.03.2012,1,2012,True,har,0.0123824851082754,0.01736658563954077
66,13.03.2012,1,2012,True,har,0.0123691280548072,0.017304393283582766
66,14.03.2012,1,2012,True,har,0.0124385639613102,0.016976486733809838
66,15.03.2012,1,2012,True,har,0.0124041993078877,0.017254569549437437
66,16.03.2012,1,2012,True,har,0.0125904826606854,0.01744626947156884
66,19.03.2012,1,2012,True,har,0.0132343447966213,0.01817532548908507
66,20.03.2012,1,2012,True,har,0.0135408790877847,0.017695068444697745
66,21.03.2012,1,2012,True,har,0.013539021830464,0.018004446245832133
66,22.03.2012,1,2012,True,har,0.0139179664836934,0.01757943352027573
66,23.03.2012,1,2012,True,har,0.0137372666153777,0.017770522209796486
66,26.03.2012,1,2012,True,har,0.0138857128808237,0.017917616252327934
66,27.03.2012,1,2012,True,har,0.0165325556734367,0.01755162024459645
66,28.03.2012,1,2012,True,har,0.0165080661554909,0.016744296484859113
66,29.03.2012,1,2012,True,har,0.017081356288809,0.017244462034846017
66,30.03.2012,1,2012,True,har,0.0170639596037127,0.016704557942441384
66,02.04.2012,1,2012,True,har,0.0170221361777912,0.01569237232774181
66,03.04.2012,1,2012,True,har,0.0173011935344263,0.017066491924973653
66,04.04.2012,1,2012,True,har,0.0173562405975074,0.016422691655416415
66,05.04.2012,1,2012,True,har,0.0175905811981979,0.0171523890361718
66,09.04.2012,1,2012,True,har,0.0176429496529825,0.01676114112352655
66,10.04.2012,1,2012,True,har,0.0175702706918138,0.01671753336271991
66,11.04.2012,1,2012,True,har,0.0176396288099788,0.017417691661913377
66,12.04.2012,1,2012,True,har,0.0175610445972493,0.0169301220354185
66,13.04.2012,1,2012,True,har,0.0176347755707779,0.017366081168161237
66,16.04.2012,1,2012,True,har,0.0176855283974094,0.01688098691830634
66,17.04.2012,1,2012,True,har,0.0177075760656086,0.018044895393674928
66,18.04.2012,1,2012,True,har,0.0181410314001809,0.017215637190911962
66,19.04.2012,1,2012,True,har,0.0181442237532646,0.017260214547560892
66,20.04.2012,1,2012,True,har,0.0181676548586167,0.016862670115099374
66,23.04.2012,1,2012,True,har,0.0182114715686315,0.01713966778330222
66,24.04.2012,1,2012,True,har,0.0182804987057537,0.015926784015073622
66,25.04.2012,1,2012,True,har,0.0182407740990325,0.01600905202481194
66,26.04.2012,1,2012,True,har,0.0182540099411595,0.01623980685629787
66,27.04.2012,1,2012,True,har,0.0183120707487224,0.016228980698785308
66,30.04.2012,1,2012,True,har,0.0183121892190016,0.015877803623134373
66,01.05.2012,1,2012,True,har,0.0186803577475778,0.015936142948620804
66,02.05.2012,1,2012,True,har,0.0186500397934817,0.015191477318047868
66,03.05.2012,1,2012,True,har,0.0187445628158454,0.015764350748202767
66,04.05.2012,1,2012,True,har,0.0184882003771904,0.01592221624233836
66,07.05.2012,1,2012,True,har,0.0185269052506194,0.016737227784697432
66,08.05.2012,1,2012,True,har,0.0185232315880569,0.0161944143854726
66,09.05.2012,1,2012,True,har,0.0185296618487302,0.015683681816922836
66,10.05.2012,1,2012,True,har,0.0185276526397749,0.015915266808765788
66,11.05.2012,1,2012,True,har,0.018667386098234,0.015460159726221428
66,14.05.2012,1,2012,True,har,0.0186585501294738,0.014756889689848972
66,15.05.2012,1,2012,True,har,0.0189693171028607,0.01404678058676586
66,16.05.2012,1,2012,True,har,0.018959357526478,0.014283740539330254
66,17.05.2012,1,2012,True,har,0.0183519012306315,0.014177671828963012
66,18.05.2012,1,2012,True,har,0.0183449689093339,0.017719601659243606
66,21.05.2012,1,2012,True,har,0.0182563947770032,0.016716440234230568
66,22.05.2012,1,2012,True,har,0.0183212953934733,0.017775497814638393
66,23.05.2012,1,2012,True,har,0.0180695886344848,0.017415167969093003
66,24.05.2012,1,2012,True,har,0.0180407981734107,0.0184450066025977
66,25.05.2012,1,2012,True,har,0.0180399773675471,0.017661142888760348
66,29.05.2012,1,2012,True,har,0.0180379030393135,0.017554299338593076
66,30.05.2012,1,2012,True,har,0.0177107388710312,0.01730945715559756
66,31.05.2012,1,2012,True,har,0.0175926062935777,0.01893512271720759
66,01.06.2012,1,2012,True,har,0.01706754233292,0.018433874649470033
66,04.06.2012,1,2012,True,har,0.0170663650040114,0.019519987321770568
66,05.06.2012,1,2012,True,har,0.0170733426552482,0.018663591040857352
66,06.06.2012,1,2012,True,har,0.0169618490297796,0.018587573075895432
66,07.06.2012,1,2012,True,har,0.0169278791986475,0.019787070899617745
66,08.06.2012,1,2012,True,har,0.0169094899924966,0.019369414014323946
66,11.06.2012,1,2012,True,har,0.0167856606387039,0.018490395409017972
66,12.06.2012,1,2012,True,har,0.0176331609563623,0.01900233379903817
66,13.06.2012,1,2012,True,har,0.0182118934705602,0.018885981808597636
66,14.06.2012,1,2012,True,har,0.0183045848185263,0.017946053809670796
66,15.06.2012,1,2012,True,har,0.0183450076242671,0.018052111466289055
66,18.06.2012,1,2012,True,har,0.0183223569006399,0.017481647225918558
66,19.06.2012,1,2012,True,har,0.0183171504476455,0.017880459869876093
66,20.06.2012,1,2012,True,har,0.0178123948869065,0.017070374586085527
66,21.06.2012,1,2012,True,har,0.0171659934681902,0.01904089904855466
66,22.06.2012,1,2012,True,har,0.0170494606801738,0.019991294796311815
66,25.06.2012,1,2012,True,har,0.0170569095459999,0.020327842335608075
66,26.06.2012,1,2012,True,har,0.0169282446417151,0.019895281145838876
66,27.06.2012,1,2012,True,har,0.017425535740498,0.021461850950438562
66,28.06.2012,1,2012,True,har,0.0177412274519139,0.02029917791615545
66,29.06.2012,1,2012,True,har,0.0157994572828801,0.02039533760697807
66,02.07.2012,1,2012,True,har,0.0157842556209613,0.02572773509151905
66,03.07.2012,1,2012,True,har,0.0155205786632396,0.024236436094120746
66,05.07.2012,1,2012,True,har,0.0155248853242407,0.025721355845116096
66,06.07.2012,1,2012,True,har,0.015195645843567,0.024762216574143424
66,09.07.2012,1,2012,True,har,0.0150779453291053,0.025754410292762434
66,10.07.2012,1,2012,True,har,0.014762680276693,0.024739506390702007
66,11.07.2012,1,2012,True,har,0.0145815970941236,0.02527692999437177
66,12.07.2012,1,2012,True,har,0.0156132149767726,0.025206895968640147
66,13.07.2012,1,2012,True,har,0.0155711109176402,0.02491032475315763
66,16.07.2012,1,2012,True,har,0.0155868818021706,0.02466792329767175
66,17.07.2012,1,2012,True,har,0.0155892183732884,0.02454545605064948
66,18.07.2012,1,2012,True,har,0.0155483407572024,0.023239019916895663
66,19.07.2012,1,2012,True,har,0.0152942266424288,0.023094529987365515
66,20.07.2012,1,2012,True,har,0.0152833281464718,0.023122448410090136
66,23.07.2012,1,2012,True,har,0.0146881593465103,0.022031166962114674
66,24.07.2012,1,2012,True,har,0.0149814241052374,0.024486776205336132
66,25.07.2012,1,2012,True,har,0.015122324929041,0.023681234957095034
66,26.07.2012,1,2012,True,har,0.0155403397003882,0.0237051409551611
66,27.07.2012,1,2012,True,har,0.0162351849319456,0.023337198448537773
66,30.07.2012,1,2012,True,har,0.0162391589632791,0.022969898474552157
66,31.07.2012,1,2012,True,har,0.0163439303743162,0.01893822657811447
66,01.08.2012,1,2012,True,har,0.0163088987567563,0.01967374238601003
66,02.08.2012,1,2012,True,har,0.0163374386942963,0.018889849348254658
66,03.08.2012,1,2012,True,har,0.0160329672778307,0.018632329454571238
66,06.08.2012,1,2012,True,har,0.0160909800850891,0.019581731829184757
66,07.08.2012,1,2012,True,har,0.0158566075153787,0.018735859553222777
66,08.08.2012,1,2012,True,har,0.0158940688423538,0.01833074178551471
66,09.08.2012,1,2012,True,har,0.0158916996072394,0.017670794352314848
66,10.08.2012,1,2012,True,har,0.0159013545342245,0.01774068271420193
66,13.08.2012,1,2012,True,har,0.0158909661050298,0.017395260456812472
66,14.08.2012,1,2012,True,har,0.0159218686480555,0.017435349577670747
66,15.08.2012,1,2012,True,har,0.0157303016041974,0.016961541604173947
66,16.08.2012,1,2012,True,har,0.0157828676356787,0.017811919706840113
66,17.08.2012,1,2012,True,har,0.0154325353335765,0.017051123938883007
66,20.08.2012,1,2012,True,har,0.0154354583564022,0.019219691923743114
66,21.08.2012,1,2012,True,har,0.0154401982076673,0.01704707687073611
66,22.08.2012,1,2012,True,har,0.0154729797486416,0.017273244223760288
66,23.08.2012,1,2012,True,har,0.0155908650898947,0.016855911774186404
66,24.08.2012,1,2012,True,har,0.0155267047152318,0.01677676998405228
66,27.08.2012,1,2012,True,har,0.0154735415491954,0.01673491155223785
66,28.08.2012,1,2012,True,har,0.0154915883675576,0.017065599663828535
66,29.08.2012,1,2012,True,har,0.0155916871565513,0.016470021366237896
66,30.08.2012,1,2012,True,har,0.0156882622386564,0.01633696888055706
66,31.08.2012,1,2012,True,har,0.0156083006813545,0.016343613362583262
66,04.09.2012,1,2012,True,har,0.0156712355724351,0.01643992714075431
66,05.09.2012,1,2012,True,har,0.0156306802281762,0.015936788573969386
66,06.09.2012,1,2012,True,har,0.015679150582947,0.015847487174813477
66,07.09.2012,1,2012,True,har,0.0156529894702848,0.015714115828401678
66,10.09.2012,1,2012,True,har,0.0158590469568737,0.01575062015111162
66,11.09.2012,1,2012,True,har,0.015845070207106,0.015433489197986277
66,12.09.2012,1,2012,True,har,0.015830792854477,0.015420207253559562
66,13.09.2012,1,2012,True,har,0.0158059578058133,0.014945285899298326
66,18.09.2012,1,2012,True,har,0.0149948822915722,0.014639594525960295
66,19.09.2012,1,2012,True,har,0.0143516020095824,0.019268754963874674
66,20.09.2012,1,2012,True,har,0.014237653333373,0.01976608986894396
66,21.09.2012,1,2012,True,har,0.0141537069874078,0.01988044310784231
66,24.09.2012,1,2012,True,har,0.0140478409913276,0.019976650547175928
66,25.09.2012,1,2012,True,har,0.0140326670695039,0.020033049340334477
66,26.09.2012,1,2012,True,har,0.0140246700363852,0.01940875079403149
66,27.09.2012,1,2012,True,har,0.0139218774259656,0.01848896654788408
66,28.09.2012,1,2012,True,har,0.0139851235240016,0.019054560088432128
66,01.10.2012,1,2012,True,har,0.0140920039391074,0.018624320570755793
66,02.10.2012,1,2012,True,har,0.0140813056026423,0.018284776739642645
66,03.10.2012,1,2012,True,har,0.0135443490953709,0.018481934019083452
66,04.10.2012,1,2012,True,har,0.0126066051362126,0.02026356700785025
66,05.10.2012,1,2012,True,har,0.0127540886731764,0.022514756917167155
66,08.10.2012,1,2012,True,har,0.0127584503392247,0.021627534691014923
66,09.10.2012,1,2012,True,har,0.0124264413603077,0.021538303991038732
66,10.10.2012,1,2012,True,har,0.0124253525978561,0.022612617390217568
66,11.10.2012,1,2012,True,har,0.0123350787646965,0.021401462906109135
66,12.10.2012,1,2012,True,har,0.0123199471558745,0.02106974241287988
66,15.10.2012,1,2012,True,har,0.0122676655289886,0.02114421029866884
66,16.10.2012,1,2012,True,har,0.0122629556641273,0.021161170600437734
66,19.10.2012,1,2012,True,har,0.0110345238688234,0.019450793578231134
66,22.10.2012,1,2012,True,har,0.0110799015100954,0.02202470025152721
66,23.10.2012,1,2012,True,har,0.0110148798292835,0.020714150944004528
66,24.10.2012,1,2012,True,har,0.0109986680700062,0.020762678289608073
66,25.10.2012,1,2012,True,har,0.0109900590747303,0.020186784858224706
66,26.10.2012,1,2012,True,har,0.0110547238465037,0.020431687998780763
66,31.10.2012,1,2012,True,har,0.0110396184503248,0.019707788252020197
66,01.11.2012,1,2012,True,har,0.0110195422312143,0.019446397575636827
66,02.11.2012,1,2012,True,har,0.0105797789357735,0.019249248544584218
66,05.11.2012,1,2012,True,har,0.0103577801369592,0.020506372766032167
66,06.11.2012,1,2012,True,har,0.0097000084989707,0.02105162155516689
66,07.11.2012,1,2012,True,har,0.0084134172760186,0.021785671319351267
66,08.11.2012,1,2012,True,har,0.0086905624622445,0.022473725707901106
66,09.11.2012,1,2012,True,har,0.0086878068229853,0.0216645484827978
66,12.11.2012,1,2012,True,har,0.0086930840165873,0.022246813222907665
66,13.11.2012,1,2012,True,har,0.0086375062015641,0.021296996015370773
66,14.11.2012,1,2012,True,har,0.0087378763377334,0.020983740925382247
66,15.11.2012,1,2012,True,har,0.0086604922518362,0.02020699356944488
66,19.11.2012,1,2012,True,har,0.0086767180866452,0.020363766075840256
66,20.11.2012,1,2012,True,har,0.0086716280761031,0.019780873557401237
66,21.11.2012,1,2012,True,har,0.0086007686776341,0.020104935285002075
66,23.11.2012,1,2012,True,har,0.0087486828459687,0.018623522479878037
66,26.11.2012,1,2012,True,har,0.008755114157859,0.018398495085614197
66,27.11.2012,1,2012,True,har,0.0086740672242786,0.018164074175286316
66,28.11.2012,1,2012,True,har,0.0086708075041604,0.01847561369107595
66,29.11.2012,1,2012,True,har,0.0085866032340673,0.018233861998681905
66,30.11.2012,1,2012,True,har,0.0085921675945883,0.018518297766065814
66,03.12.2012,1,2012,True,har,0.0086771305282622,0.018283641107074963
66,04.12.2012,1,2012,True,har,0.0086589437747428,0.018217601636925856
66,05.12.2012,1,2012,True,har,0.0085796741952465,0.017942318304823873
66,06.12.2012,1,2012,True,har,0.0086199737134216,0.017818451606161308
66,07.12.2012,1,2012,True,har,0.0087391988328159,0.017141383224378352
66,10.12.2012,1,2012,True,har,0.008852102319441,0.014808217270392103
66,11.12.2012,1,2012,True,har,0.0088199779953412,0.014988398979551941
66,12.12.2012,1,2012,True,har,0.0086726823165625,0.014635614266433093
66,13.12.2012,1,2012,True,har,0.0085882980654065,0.01526913302824743
66,14.12.2012,1,2012,True,har,0.0084809219464853,0.015469166766007856
66,19.12.2012,1,2012,True,har,0.0083784499785202,0.015422806279910408
66,20.12.2012,1,2012,True,har,0.0084597857373383,0.015396871453481249
66,21.12.2012,1,2012,True,har,0.0083533019977508,0.01519866593787876
66,24.12.2012,1,2012,True,har,0.0092935224287488,0.015509722489225268
66,26.12.2012,1,2012,True,har,0.0089569063359458,0.014905985233622118
66,27.12.2012,1,2012,True,har,0.0093017666122673,0.016222620744709287
66,28.12.2012,1,2012,True,har,0.0093316768727862,0.01571390370321921
66,31.12.2012,1,2012,True,har,0.0095097418930258,0.015570418030771025
66,03.01.2012,1,2012,True,har_ovx,0.011081465940709,0.021340579412147766
66,04.01.2012,1,2012,True,har_ovx,0.011366441582479,0.022726676368695454
66,05.01.2012,1,2012,True,har_ovx,0.0113087148130505,0.021842034165458938
66,06.01.2012,1,2012,True,har_ovx,0.011397833752044,0.021567244275487552
66,09.01.2012,1,2012,True,har_ovx,0.0113686383359912,0.020706986873431588
66,10.01.2012,1,2012,True,har_ovx,0.0118305510452301,0.020437658379430377
66,11.01.2012,1,2012,True,har_ovx,0.0117652872152008,0.019678390707873424
66,12.01.2012,1,2012,True,har_ovx,0.0117433988358324,0.019704229958702857
66,13.01.2012,1,2012,True,har_ovx,0.0116980336918317,0.020235576598717855
66,17.01.2012,1,2012,True,har_ovx,0.0116660384978806,0.019723818774996064
66,18.01.2012,1,2012,True,har_ovx,0.011615761424939,0.0189802818602635
66,19.01.2012,1,2012,True,har_ovx,0.011603768086385,0.018238370385425046
66,20.01.2012,1,2012,True,har_ovx,0.0114592872644639,0.01872520399774994
66,23.01.2012,1,2012,True,har_ovx,0.0114604513190568,0.018770777958159183
66,24.01.2012,1,2012,True,har_ovx,0.0114369500899386,0.01856999195317187
66,25.01.2012,1,2012,True,har_ovx,0.0114420847398348,0.018558916936616453
66,26.01.2012,1,2012,True,har_ovx,0.0114026324594229,0.017861691561528083
66,27.01.2012,1,2012,True,har_ovx,0.0115047175639531,0.017973402630773683
66,30.01.2012,1,2012,True,har_ovx,0.0117071806499053,0.017661846303982737
66,31.01.2012,1,2012,True,har_ovx,0.0121352672498902,0.01776739773912985
66,01.02.2012,1,2012,True,har_ovx,0.0121198075948522,0.01798432777098246
66,02.02.2012,1,2012,True,har_ovx,0.0121174213647809,0.01795585265706839
66,03.02.2012,1,2012,True,har_ovx,0.0118120382160809,0.017746369409198458
66,06.02.2012,1,2012,True,har_ovx,0.0117273766977042,0.017526967391913083
66,07.02.2012,1,2012,True,har_ovx,0.0117302278458437,0.017592987104166596
66,08.02.2012,1,2012,True,har_ovx,0.0116977367419737,0.018081244926891185
66,09.02.2012,1,2012,True,har_ovx,0.0116236341939918,0.018102803506641
66,10.02.2012,1,2012,True,har_ovx,0.0115667611620975,0.01818972746871266
66,13.02.2012,1,2012,True,har_ovx,0.0124390995763414,0.01842659714048226
66,14.02.2012,1,2012,True,har_ovx,0.012434024744646,0.0185752974121273
66,15.02.2012,1,2012,True,har_ovx,0.0125708773731465,0.01870401399038027
66,16.02.2012,1,2012,True,har_ovx,0.0124952456500481,0.019362674178095122
66,17.02.2012,1,2012,True,har_ovx,0.0128675031117193,0.01896504309146698
66,21.02.2012,1,2012,True,har_ovx,0.0127225686167177,0.01837246885621003
66,22.02.2012,1,2012,True,har_ovx,0.0126455437710447,0.019406962005268237
66,23.02.2012,1,2012,True,har_ovx,0.0126067268289318,0.01880644593848975
66,24.02.2012,1,2012,True,har_ovx,0.0128955387074382,0.018522651579899282
66,27.02.2012,1,2012,True,har_ovx,0.0129573027417211,0.018944635457785783
66,28.02.2012,1,2012,True,har_ovx,0.0133344613021465,0.019097738059925613
66,29.02.2012,1,2012,True,har_ovx,0.0132791046836166,0.019021700943115904
66,01.03.2012,1,2012,True,har_ovx,0.0126814133368782,0.018362962524954594
66,02.03.2012,1,2012,True,har_ovx,0.0127849649245685,0.01904953706202755
66,05.03.2012,1,2012,True,har_ovx,0.0127824814381642,0.01883198151597509
66,06.03.2012,1,2012,True,har_ovx,0.0127019203615712,0.018796972878404178
66,07.03.2012,1,2012,True,har_ovx,0.0125212919217891,0.01943897014391994
66,08.03.2012,1,2012,True,har_ovx,0.0124109801882662,0.018790438979722573
66,09.03.2012,1,2012,True,har_ovx,0.0123782029841304,0.018204030438126895
66,12.03.2012,1,2012,True,har_ovx,0.0123824851082754,0.017689980430931854
66,13.03.2012,1,2012,True,har_ovx,0.0123691280548072,0.0170025552965516
66,14.03.2012,1,2012,True,har_ovx,0.0124385639613102,0.016659345519305827
66,15.03.2012,1,2012,True,har_ovx,0.0124041993078877,0.016632803533163796
66,16.03.2012,1,2012,True,har_ovx,0.0125904826606854,0.01671081950126544
66,19.03.2012,1,2012,True,har_ovx,0.0132343447966213,0.016502825324124927
66,20.03.2012,1,2012,True,har_ovx,0.0135408790877847,0.015362266735287075
66,21.03.2012,1,2012,True,har_ovx,0.013539021830464,0.016035664411089834
66,22.03.2012,1,2012,True,har_ovx,0.0139179664836934,0.015402304236819616
66,23.03.2012,1,2012,True,har_ovx,0.0137372666153777,0.015781729116505126
66,26.03.2012,1,2012,True,har_ovx,0.0138857128808237,0.0161893460705504
66,27.03.2012,1,2012,True,har_ovx,0.0165325556734367,0.01590433939294117
66,28.03.2012,1,2012,True,har_ovx,0.0165080661554909,0.015635577479015544
66,29.03.2012,1,2012,True,har_ovx,0.017081356288809,0.016052838484575806
66,30.03.2012,1,2012,True,har_ovx,0.0170639596037127,0.016578912186690133
66,02.04.2012,1,2012,True,har_ovx,0.0170221361777912,0.016404089593941174
66,03.04.2012,1,2012,True,har_ovx,0.0173011935344263,0.016450465309440505
66,04.04.2012,1,2012,True,har_ovx,0.0173562405975074,0.01599622129231861
66,05.04.2012,1,2012,True,har_ovx,0.0175905811981979,0.016630539670959902
66,09.04.2012,1,2012,True,har_ovx,0.0176429496529825,0.01611849472058503
66,10.04.2012,1,2012,True,har_ovx,0.0175702706918138,0.016996598599296437
66,11.04.2012,1,2012,True,har_ovx,0.0176396288099788,0.018045246312475057
66,12.04.2012,1,2012,True,har_ovx,0.0175610445972493,0.017340555461516905
66,13.04.2012,1,2012,True,har_ovx,0.0176347755707779,0.016833502576185905
66,16.04.2012,1,2012,True,har_ovx,0.0176855283974094,0.01676634199507718
66,17.04.2012,1,2012,True,har_ovx,0.0177075760656086,0.017248766534449084
66,18.04.2012,1,2012,True,har_ovx,0.0181410314001809,0.016354263957678805
66,19.04.2012,1,2012,True,har_ovx,0.0181442237532646,0.016237873058444
66,20.04.2012,1,2012,True,har_ovx,0.0181676548586167,0.016073450677827443
66,23.04.2012,1,2012,True,har_ovx,0.0182114715686315,0.01556712720453025
66,24.04.2012,1,2012,True,har_ovx,0.0182804987057537,0.01523155722899651
66,25.04.2012,1,2012,True,har_ovx,0.0182407740990325,0.014892547560432031
66,26.04.2012,1,2012,True,har_ovx,0.0182540099411595,0.014723360707024076
66,27.04.2012,1,2012,True,har_ovx,0.0183120707487224,0.014180558092382752
66,30.04.2012,1,2012,True,har_ovx,0.0183121892190016,0.013963300963132074
66,01.05.2012,1,2012,True,har_ovx,0.0186803577475778,0.014405135542766467
66,02.05.2012,1,2012,True,har_ovx,0.0186500397934817,0.014351780820829945
66,03.05.2012,1,2012,True,har_ovx,0.0187445628158454,0.01448781196573776
66,04.05.2012,1,2012,True,har_ovx,0.0184882003771904,0.01580590221251196
66,07.05.2012,1,2012,True,har_ovx,0.0185269052506194,0.017116416215685323
66,08.05.2012,1,2012,True,har_ovx,0.0185232315880569,0.01645106466179236
66,09.05.2012,1,2012,True,har_ovx,0.0185296618487302,0.016466029791193194
66,10.05.2012,1,2012,True,har_ovx,0.0185276526397749,0.016622104684246804
66,11.05.2012,1,2012,True,har_ovx,0.018667386098234,0.01626861600879982
66,14.05.2012,1,2012,True,har_ovx,0.0186585501294738,0.01619917657258666
66,15.05.2012,1,2012,True,har_ovx,0.0189693171028607,0.017318934138782546
66,16.05.2012,1,2012,True,har_ovx,0.018959357526478,0.01793351869723093
66,17.05.2012,1,2012,True,har_ovx,0.0183519012306315,0.017579286843820607
66,18.05.2012,1,2012,True,har_ovx,0.0183449689093339,0.01882346659787586
66,21.05.2012,1,2012,True,har_ovx,0.0182563947770032,0.01866035025899892
66,22.05.2012,1,2012,True,har_ovx,0.0183212953934733,0.01729785958218678
66,23.05.2012,1,2012,True,har_ovx,0.0180695886344848,0.017001011863873886
66,24.05.2012,1,2012,True,har_ovx,0.0180407981734107,0.017902755788137634
66,25.05.2012,1,2012,True,har_ovx,0.0180399773675471,0.01718736067940108
66,29.05.2012,1,2012,True,har_ovx,0.0180379030393135,0.017139195528967022
66,30.05.2012,1,2012,True,har_ovx,0.0177107388710312,0.017334773647966224
66,31.05.2012,1,2012,True,har_ovx,0.0175926062935777,0.01909596388365504
66,01.06.2012,1,2012,True,har_ovx,0.01706754233292,0.019599457307102268
66,04.06.2012,1,2012,True,har_ovx,0.0170663650040114,0.023274406566406038
66,05.06.2012,1,2012,True,har_ovx,0.0170733426552482,0.021377126815775672
66,06.06.2012,1,2012,True,har_ovx,0.0169618490297796,0.02037416084912115
66,07.06.2012,1,2012,True,har_ovx,0.0169278791986475,0.02011039713068681
66,08.06.2012,1,2012,True,har_ovx,0.0169094899924966,0.02061797239488328
66,11.06.2012,1,2012,True,har_ovx,0.0167856606387039,0.020726784338085846
66,12.06.2012,1,2012,True,har_ovx,0.0176331609563623,0.02327852143567566
66,13.06.2012,1,2012,True,har_ovx,0.0182118934705602,0.02177674847204311
66,14.06.2012,1,2012,True,har_ovx,0.0183045848185263,0.021328426879813595
66,15.06.2012,1,2012,True,har_ovx,0.0183450076242671,0.01991155627473313
66,18.06.2012,1,2012,True,har_ovx,0.0183223569006399,0.020061989523641806
66,19.06.2012,1,2012,True,har_ovx,0.0183171504476455,0.019578121146397114
66,20.06.2012,1,2012,True,har_ovx,0.0178123948869065,0.018343025701155428
66,21.06.2012,1,2012,True,har_ovx,0.0171659934681902,0.019733975657555018
66,22.06.2012,1,2012,True,har_ovx,0.0170494606801738,0.021307129248914383
66,25.06.2012,1,2012,True,har_ovx,0.0170569095459999,0.019943136528627985
66,26.06.2012,1,2012,True,har_ovx,0.0169282446417151,0.020599388146271075
66,27.06.2012,1,2012,True,har_ovx,0.017425535740498,0.019746044489447265
66,28.06.2012,1,2012,True,har_ovx,0.0177412274519139,0.018962732298330134
66,29.06.2012,1,2012,True,har_ovx,0.0157994572828801,0.019632051140736906
66,02.07.2012,1,2012,True,har_ovx,0.0157842556209613,0.02073793169968808
66,03.07.2012,1,2012,True,har_ovx,0.0155205786632396,0.020640227919408928
66,05.07.2012,1,2012,True,har_ovx,0.0155248853242407,0.02102916923329111
66,06.07.2012,1,2012,True,har_ovx,0.015195645843567,0.02153585948273495
66,09.07.2012,1,2012,True,har_ovx,0.0150779453291053,0.02150791902976569
66,10.07.2012,1,2012,True,har_ovx,0.014762680276693,0.02106216263112489
66,11.07.2012,1,2012,True,har_ovx,0.0145815970941236,0.021359613452128758
66,12.07.2012,1,2012,True,har_ovx,0.0156132149767726,0.020428209871947024
66,13.07.2012,1,2012,True,har_ovx,0.0155711109176402,0.019497403888268316
66,16.07.2012,1,2012,True,har_ovx,0.0155868818021706,0.019157684398648823
66,17.07.2012,1,2012,True,har_ovx,0.0155892183732884,0.019182635487402802
66,18.07.2012,1,2012,True,har_ovx,0.0155483407572024,0.019550104541146356
66,19.07.2012,1,2012,True,har_ovx,0.0152942266424288,0.01934753815392034
66,20.07.2012,1,2012,True,har_ovx,0.0152833281464718,0.020510937646678683
66,23.07.2012,1,2012,True,har_ovx,0.0146881593465103,0.019707510227035277
66,24.07.2012,1,2012,True,har_ovx,0.0149814241052374,0.021180242741748623
66,25.07.2012,1,2012,True,har_ovx,0.015122324929041,0.020287454541754096
66,26.07.2012,1,2012,True,har_ovx,0.0155403397003882,0.019673884173153057
66,27.07.2012,1,2012,True,har_ovx,0.0162351849319456,0.019198826375788958
66,30.07.2012,1,2012,True,har_ovx,0.0162391589632791,0.018704431748029233
66,31.07.2012,1,2012,True,har_ovx,0.0163439303743162,0.01837334331954763
66,01.08.2012,1,2012,True,har_ovx,0.0163088987567563,0.01930026718760762
66,02.08.2012,1,2012,True,har_ovx,0.0163374386942963,0.0189991462223639
66,03.08.2012,1,2012,True,har_ovx,0.0160329672778307,0.018683005967436654
66,06.08.2012,1,2012,True,har_ovx,0.0160909800850891,0.018966415128335773
66,07.08.2012,1,2012,True,har_ovx,0.0158566075153787,0.01808820798096778
66,08.08.2012,1,2012,True,har_ovx,0.0158940688423538,0.01827620821396883
66,09.08.2012,1,2012,True,har_ovx,0.0158916996072394,0.01767111894243524
66,10.08.2012,1,2012,True,har_ovx,0.0159013545342245,0.01742234354701696
66,13.08.2012,1,2012,True,har_ovx,0.0158909661050298,0.017195912911699855
66,14.08.2012,1,2012,True,har_ovx,0.0159218686480555,0.01666743166183243
66,15.08.2012,1,2012,True,har_ovx,0.0157303016041974,0.016735874319097295
66,16.08.2012,1,2012,True,har_ovx,0.0157828676356787,0.017674752275268553
66,17.08.2012,1,2012,True,har_ovx,0.0154325353335765,0.017775326750728012
66,20.08.2012,1,2012,True,har_ovx,0.0154354583564022,0.017978595219089247
66,21.08.2012,1,2012,True,har_ovx,0.0154401982076673,0.01728256461225069
66,22.08.2012,1,2012,True,har_ovx,0.0154729797486416,0.01746267803293321
66,23.08.2012,1,2012,True,har_ovx,0.0155908650898947,0.017541189697499064
66,24.08.2012,1,2012,True,har_ovx,0.0155267047152318,0.0178576400391309
66,27.08.2012,1,2012,True,har_ovx,0.0154735415491954,0.017994742065600398
66,28.08.2012,1,2012,True,har_ovx,0.0154915883675576,0.018725221294917545
66,29.08.2012,1,2012,True,har_ovx,0.0155916871565513,0.01840402228128765
66,30.08.2012,1,2012,True,har_ovx,0.0156882622386564,0.018128223603737118
66,31.08.2012,1,2012,True,har_ovx,0.0156083006813545,0.017816070656747934
66,04.09.2012,1,2012,True,har_ovx,0.0156712355724351,0.017801879004008425
66,05.09.2012,1,2012,True,har_ovx,0.0156306802281762,0.018689366512390775
66,06.09.2012,1,2012,True,har_ovx,0.015679150582947,0.01882292639644859
66,07.09.2012,1,2012,True,har_ovx,0.0156529894702848,0.018962223965383523
66,10.09.2012,1,2012,True,har_ovx,0.0158590469568737,0.01835583148602055
66,11.09.2012,1,2012,True,har_ovx,0.015845070207106,0.018234904302821032
66,12.09.2012,1,2012,True,har_ovx,0.015830792854477,0.01806996876435657
66,13.09.2012,1,2012,True,har_ovx,0.0158059578058133,0.018427688263927253
66,18.09.2012,1,2012,True,har_ovx,0.0149948822915722,0.018289870150189298
66,19.09.2012,1,2012,True,har_ovx,0.0143516020095824,0.020568354832213937
66,20.09.2012,1,2012,True,har_ovx,0.014237653333373,0.020919485151957937
66,21.09.2012,1,2012,True,har_ovx,0.0141537069874078,0.019240614727448965
66,24.09.2012,1,2012,True,har_ovx,0.0140478409913276,0.019025942743829738
66,25.09.2012,1,2012,True,har_ovx,0.0140326670695039,0.0195320586673214
66,26.09.2012,1,2012,True,har_ovx,0.0140246700363852,0.019371389155211638
66,27.09.2012,1,2012,True,har_ovx,0.0139218774259656,0.019551535713003495
66,28.09.2012,1,2012,True,har_ovx,0.0139851235240016,0.018692123273797098
66,01.10.2012,1,2012,True,har_ovx,0.0140920039391074,0.01819012673746845
66,02.10.2012,1,2012,True,har_ovx,0.0140813056026423,0.018307677101801905
66,03.10.2012,1,2012,True,har_ovx,0.0135443490953709,0.018204799948197545
66,04.10.2012,1,2012,True,har_ovx,0.0126066051362126,0.02000939602138218
66,05.10.2012,1,2012,True,har_ovx,0.0127540886731764,0.01940068211733262
66,08.10.2012,1,2012,True,har_ovx,0.0127584503392247,0.01864524753494039
66,09.10.2012,1,2012,True,har_ovx,0.0124264413603077,0.01925064387717125
66,10.10.2012,1,2012,True,har_ovx,0.0124253525978561,0.01979100420808925
66,11.10.2012,1,2012,True,har_ovx,0.0123350787646965,0.019649073822354198
66,12.10.2012,1,2012,True,har_ovx,0.0123199471558745,0.019336167303422417
66,15.10.2012,1,2012,True,har_ovx,0.0122676655289886,0.018911086463064185
66,16.10.2012,1,2012,True,har_ovx,0.0122629556641273,0.01898848897663575
66,19.10.2012,1,2012,True,har_ovx,0.0110345238688234,0.018725429249452596
66,22.10.2012,1,2012,True,har_ovx,0.0110799015100954,0.0186460863933787
66,23.10.2012,1,2012,True,har_ovx,0.0110148798292835,0.018730003189911658
66,24.10.2012,1,2012,True,har_ovx,0.0109986680700062,0.019362914795354173
66,25.10.2012,1,2012,True,har_ovx,0.0109900590747303,0.01887274366926124
66,26.10.2012,1,2012,True,har_ovx,0.0110547238465037,0.0182753095331574
66,31.10.2012,1,2012,True,har_ovx,0.0110396184503248,0.018080269161699407
66,01.11.2012,1,2012,True,har_ovx,0.0110195422312143,0.018045942516820266
66,02.11.2012,1,2012,True,har_ovx,0.0105797789357735,0.017536483304866055
66,05.11.2012,1,2012,True,har_ovx,0.0103577801369592,0.018446670666747128
66,06.11.2012,1,2012,True,har_ovx,0.0097000084989707,0.018306184412905435
66,07.11.2012,1,2012,True,har_ovx,0.0084134172760186,0.01851876165938375
66,08.11.2012,1,2012,True,har_ovx,0.0086905624622445,0.019754275230128147
66,09.11.2012,1,2012,True,har_ovx,0.0086878068229853,0.01908034643103527
66,12.11.2012,1,2012,True,har_ovx,0.0086930840165873,0.018259552455805347
66,13.11.2012,1,2012,True,har_ovx,0.0086375062015641,0.017262021445006485
66,14.11.2012,1,2012,True,har_ovx,0.0087378763377334,0.017849067532678013
66,15.11.2012,1,2012,True,har_ovx,0.0086604922518362,0.017810104561721614
66,19.11.2012,1,2012,True,har_ovx,0.0086767180866452,0.017338279979666013
66,20.11.2012,1,2012,True,har_ovx,0.0086716280761031,0.017364680464976318
66,21.11.2012,1,2012,True,har_ovx,0.0086007686776341,0.0169196751874405
66,23.11.2012,1,2012,True,har_ovx,0.0087486828459687,0.016734620726176163
66,26.11.2012,1,2012,True,har_ovx,0.008755114157859,0.016655876428599736
66,27.11.2012,1,2012,True,har_ovx,0.0086740672242786,0.01656612635888749
66,28.11.2012,1,2012,True,har_ovx,0.0086708075041604,0.016292643088550246
66,29.11.2012,1,2012,True,har_ovx,0.0085866032340673,0.016214784484773644
66,30.11.2012,1,2012,True,har_ovx,0.0085921675945883,0.016125633068313036
66,03.12.2012,1,2012,True,har_ovx,0.0086771305282622,0.01570408248610011
66,04.12.2012,1,2012,True,har_ovx,0.0086589437747428,0.01606846737417168
66,05.12.2012,1,2012,True,har_ovx,0.0085796741952465,0.01638418265081055
66,06.12.2012,1,2012,True,har_ovx,0.0086199737134216,0.016545971843204485
66,07.12.2012,1,2012,True,har_ovx,0.0087391988328159,0.01699107743020414
66,10.12.2012,1,2012,True,har_ovx,0.008852102319441,0.016636191767792317
66,11.12.2012,1,2012,True,har_ovx,0.0088199779953412,0.017036487311549057
66,12.12.2012,1,2012,True,har_ovx,0.0086726823165625,0.01692119601208151
66,13.12.2012,1,2012,True,har_ovx,0.0085882980654065,0.016645751082587562
66,14.12.2012,1,2012,True,har_ovx,0.0084809219464853,0.01689235518987505
66,19.12.2012,1,2012,True,har_ovx,0.0083784499785202,0.016712577144603745
66,20.12.2012,1,2012,True,har_ovx,0.0084597857373383,0.01587464087215145
66,21.12.2012,1,2012,True,har_ovx,0.0083533019977508,0.01574672537128313
66,24.12.2012,1,2012,True,har_ovx,0.0092935224287488,0.0165089340901228
66,26.12.2012,1,2012,True,har_ovx,0.0089569063359458,0.016334641348006704
66,27.12.2012,1,2012,True,har_ovx,0.0093017666122673,0.016558412086545755
66,28.12.2012,1,2012,True,har_ovx,0.0093316768727862,0.015990588707668046
66,31.12.2012,1,2012,True,har_ovx,0.0095097418930258,0.016381169434297203
66,03.01.2012,1,2012,True,har_gpr,0.011081465940709,0.018792201311562777
66,04.01.2012,1,2012,True,har_gpr,0.011366441582479,0.022080711664740373
66,05.01.2012,1,2012,True,har_gpr,0.0113087148130505,0.021483647823130687
66,06.01.2012,1,2012,True,har_gpr,0.011397833752044,0.021209437376922703
66,09.01.2012,1,2012,True,har_gpr,0.0113686383359912,0.02095807262757937
66,10.01.2012,1,2012,True,har_gpr,0.0118305510452301,0.019855832912148968
66,11.01.2012,1,2012,True,har_gpr,0.0117652872152008,0.018788944140847457
66,12.01.2012,1,2012,True,har_gpr,0.0117433988358324,0.018590810192846984
66,13.01.2012,1,2012,True,har_gpr,0.0116980336918317,0.018383141446200398
66,17.01.2012,1,2012,True,har_gpr,0.0116660384978806,0.0167513124136002
66,18.01.2012,1,2012,True,har_gpr,0.011615761424939,0.016414906269908863
66,19.01.2012,1,2012,True,har_gpr,0.011603768086385,0.01598176230990664
66,20.01.2012,1,2012,True,har_gpr,0.0114592872644639,0.0161167191726037
66,23.01.2012,1,2012,True,har_gpr,0.0114604513190568,0.016049804602287488
66,24.01.2012,1,2012,True,har_gpr,0.0114369500899386,0.01580959249653921
66,25.01.2012,1,2012,True,har_gpr,0.0114420847398348,0.01568670441584814
66,26.01.2012,1,2012,True,har_gpr,0.0114026324594229,0.015581647239541604
66,27.01.2012,1,2012,True,har_gpr,0.0115047175639531,0.015708682751700762
66,30.01.2012,1,2012,True,har_gpr,0.0117071806499053,0.015005751778533858
66,31.01.2012,1,2012,True,har_gpr,0.0121352672498902,0.013862066792844123
66,01.02.2012,1,2012,True,har_gpr,0.0121198075948522,0.013634363419056855
66,02.02.2012,1,2012,True,har_gpr,0.0121174213647809,0.0128414451882566
66,03.02.2012,1,2012,True,har_gpr,0.0118120382160809,0.0128414451882566
66,06.02.2012,1,2012,True,har_gpr,0.0117273766977042,0.0128414451882566
66,07.02.2012,1,2012,True,har_gpr,0.0117302278458437,0.0133437066837508
66,08.02.2012,1,2012,True,har_gpr,0.0116977367419737,0.013040846355673423
66,09.02.2012,1,2012,True,har_gpr,0.0116236341939918,0.013172503077588691
66,10.02.2012,1,2012,True,har_gpr,0.0115667611620975,0.013141568077699457
66,13.02.2012,1,2012,True,har_gpr,0.0124390995763414,0.013422785162234968
66,14.02.2012,1,2012,True,har_gpr,0.012434024744646,0.015743243157131135
66,15.02.2012,1,2012,True,har_gpr,0.0125708773731465,0.01559509077834245
66,16.02.2012,1,2012,True,har_gpr,0.0124952456500481,0.015505681018378336
66,17.02.2012,1,2012,True,har_gpr,0.0128675031117193,0.01557528654624154
66,21.02.2012,1,2012,True,har_gpr,0.0127225686167177,0.014677598546873472
66,22.02.2012,1,2012,True,har_gpr,0.0126455437710447,0.015339418092703524
66,23.02.2012,1,2012,True,har_gpr,0.0126067268289318,0.01500525604755861
66,24.02.2012,1,2012,True,har_gpr,0.0128955387074382,0.014796191476376912
66,27.02.2012,1,2012,True,har_gpr,0.0129573027417211,0.015200800227227555
66,28.02.2012,1,2012,True,har_gpr,0.0133344613021465,0.01589877095224292
66,29.02.2012,1,2012,True,har_gpr,0.0132791046836166,0.01739342673175471
66,01.03.2012,1,2012,True,har_gpr,0.0126814133368782,0.017090948308970913
66,02.03.2012,1,2012,True,har_gpr,0.0127849649245685,0.018701255604431737
66,05.03.2012,1,2012,True,har_gpr,0.0127824814381642,0.019398230359248265
66,06.03.2012,1,2012,True,har_gpr,0.0127019203615712,0.015334133262124414
66,07.03.2012,1,2012,True,har_gpr,0.0125212919217891,0.015802927463071874
66,08.03.2012,1,2012,True,har_gpr,0.0124109801882662,0.016202619421062096
66,09.03.2012,1,2012,True,har_gpr,0.0123782029841304,0.01562310671327233
66,12.03.2012,1,2012,True,har_gpr,0.0123824851082754,0.015001728472797881
66,13.03.2012,1,2012,True,har_gpr,0.0123691280548072,0.016903234078438766
66,14.03.2012,1,2012,True,har_gpr,0.0124385639613102,0.01653271399260591
66,15.03.2012,1,2012,True,har_gpr,0.0124041993078877,0.016811941447056382
66,16.03.2012,1,2012,True,har_gpr,0.0125904826606854,0.016998856215533726
66,19.03.2012,1,2012,True,har_gpr,0.0132343447966213,0.017767913336509344
66,20.03.2012,1,2012,True,har_gpr,0.0135408790877847,0.01811031221539129
66,21.03.2012,1,2012,True,har_gpr,0.013539021830464,0.018428774502314737
66,22.03.2012,1,2012,True,har_gpr,0.0139179664836934,0.017997190384392785
66,23.03.2012,1,2012,True,har_gpr,0.0137372666153777,0.0181845022724984
66,26.03.2012,1,2012,True,har_gpr,0.0138857128808237,0.01832502284688965
66,27.03.2012,1,2012,True,har_gpr,0.0165325556734367,0.01710214732457965
66,28.03.2012,1,2012,True,har_gpr,0.0165080661554909,0.016279295366214676
66,29.03.2012,1,2012,True,har_gpr,0.017081356288809,0.016798710175235137
66,30.03.2012,1,2012,True,har_gpr,0.0170639596037127,0.016283381625330298
66,02.04.2012,1,2012,True,har_gpr,0.0170221361777912,0.01524026347463395
66,03.04.2012,1,2012,True,har_gpr,0.0173011935344263,0.0128414451882566
66,04.04.2012,1,2012,True,har_gpr,0.0173562405975074,0.0128414451882566
66,05.04.2012,1,2012,True,har_gpr,0.0175905811981979,0.0128414451882566
66,09.04.2012,1,2012,True,har_gpr,0.0176429496529825,0.0128414451882566
66,10.04.2012,1,2012,True,har_gpr,0.0175702706918138,0.01538317033633506
66,11.04.2012,1,2012,True,har_gpr,0.0176396288099788,0.016054634477778752
66,12.04.2012,1,2012,True,har_gpr,0.0175610445972493,0.015572169448459334
66,13.04.2012,1,2012,True,har_gpr,0.0176347755707779,0.0160109779334082
66,16.04.2012,1,2012,True,har_gpr,0.0176855283974094,0.015515242733681834
66,17.04.2012,1,2012,True,har_gpr,0.0177075760656086,0.017287041293205723
66,18.04.2012,1,2012,True,har_gpr,0.0181410314001809,0.016426130395561695
66,19.04.2012,1,2012,True,har_gpr,0.0181442237532646,0.01647261590699453
66,20.04.2012,1,2012,True,har_gpr,0.0181676548586167,0.016047179828748787
66,23.04.2012,1,2012,True,har_gpr,0.0182114715686315,0.016335298478562413
66,24.04.2012,1,2012,True,har_gpr,0.0182804987057537,0.016204575064899782
66,25.04.2012,1,2012,True,har_gpr,0.0182407740990325,0.016292480511473976
66,26.04.2012,1,2012,True,har_gpr,0.0182540099411595,0.01652339768490144
66,27.04.2012,1,2012,True,har_gpr,0.0183120707487224,0.016514793210740127
66,30.04.2012,1,2012,True,har_gpr,0.0183121892190016,0.016163918361364382
66,01.05.2012,1,2012,True,har_gpr,0.0186803577475778,0.016412997728379147
66,02.05.2012,1,2012,True,har_gpr,0.0186500397934817,0.015667119973873656
66,03.05.2012,1,2012,True,har_gpr,0.0187445628158454,0.016262578818996492
66,04.05.2012,1,2012,True,har_gpr,0.0184882003771904,0.016436433502146863
66,07.05.2012,1,2012,True,har_gpr,0.0185269052506194,0.017272284596769164
66,08.05.2012,1,2012,True,har_gpr,0.0185232315880569,0.017141366432088627
66,09.05.2012,1,2012,True,har_gpr,0.0185296618487302,0.01662627898958409
66,10.05.2012,1,2012,True,har_gpr,0.0185276526397749,0.016879279603774215
66,11.05.2012,1,2012,True,har_gpr,0.018667386098234,0.01641837015744788
66,14.05.2012,1,2012,True,har_gpr,0.0186585501294738,0.0156409266768693
66,15.05.2012,1,2012,True,har_gpr,0.0189693171028607,0.014557957012231355
66,16.05.2012,1,2012,True,har_gpr,0.018959357526478,0.014807865642854464
66,17.05.2012,1,2012,True,har_gpr,0.0183519012306315,0.014695703670620348
66,18.05.2012,1,2012,True,har_gpr,0.0183449689093339,0.018338112452873156
66,21.05.2012,1,2012,True,har_gpr,0.0182563947770032,0.017328950392897443
66,22.05.2012,1,2012,True,har_gpr,0.0183212953934733,0.01933380928467361
66,23.05.2012,1,2012,True,har_gpr,0.0180695886344848,0.018962137817751003
66,24.05.2012,1,2012,True,har_gpr,0.0180407981734107,0.02001019174681655
66,25.05.2012,1,2012,True,har_gpr,0.0180399773675471,0.019171111093190675
66,29.05.2012,1,2012,True,har_gpr,0.0180379030393135,0.01906259680931415
66,30.05.2012,1,2012,True,har_gpr,0.0177107388710312,0.017338648399550852
66,31.05.2012,1,2012,True,har_gpr,0.0175926062935777,0.019007009722846486
66,01.06.2012,1,2012,True,har_gpr,0.01706754233292,0.018481085331192366
66,04.06.2012,1,2012,True,har_gpr,0.0170663650040114,0.019570383891765374
66,05.06.2012,1,2012,True,har_gpr,0.0170733426552482,0.020094712446256515
66,06.06.2012,1,2012,True,har_gpr,0.0169618490297796,0.02002029856113801
66,07.06.2012,1,2012,True,har_gpr,0.0169278791986475,0.02124276771298755
66,08.06.2012,1,2012,True,har_gpr,0.0169094899924966,0.020816695047271582
66,11.06.2012,1,2012,True,har_gpr,0.0167856606387039,0.019845725074640556
66,12.06.2012,1,2012,True,har_gpr,0.0176331609563623,0.019014302260718974
66,13.06.2012,1,2012,True,har_gpr,0.0182118934705602,0.01889950684036855
66,14.06.2012,1,2012,True,har_gpr,0.0183045848185263,0.017889687059970565
66,15.06.2012,1,2012,True,har_gpr,0.0183450076242671,0.018001758214965972
66,18.06.2012,1,2012,True,har_gpr,0.0183223569006399,0.01746479499879422
66,19.06.2012,1,2012,True,har_gpr,0.0183171504476455,0.017327882046606204
66,20.06.2012,1,2012,True,har_gpr,0.0178123948869065,0.016516857793564228
66,21.06.2012,1,2012,True,har_gpr,0.0171659934681902,0.018554466258026824
66,22.06.2012,1,2012,True,har_gpr,0.0170494606801738,0.01953294407386755
66,25.06.2012,1,2012,True,har_gpr,0.0170569095459999,0.019902517238944515
66,26.06.2012,1,2012,True,har_gpr,0.0169282446417151,0.0206885867569456
66,27.06.2012,1,2012,True,har_gpr,0.017425535740498,0.022291515071296335
66,28.06.2012,1,2012,True,har_gpr,0.0177412274519139,0.02108950897926344
66,29.06.2012,1,2012,True,har_gpr,0.0157994572828801,0.021129919038136366
66,02.07.2012,1,2012,True,har_gpr,0.0157842556209613,0.026587006472746255
66,03.07.2012,1,2012,True,har_gpr,0.0155205786632396,0.025203573249473494
66,05.07.2012,1,2012,True,har_gpr,0.0155248853242407,0.026696777094352864
66,06.07.2012,1,2012,True,har_gpr,0.015195645843567,0.025735943465772224
66,09.07.2012,1,2012,True,har_gpr,0.0150779453291053,0.026735044263734648
66,10.07.2012,1,2012,True,har_gpr,0.014762680276693,0.024211600814860033
66,11.07.2012,1,2012,True,har_gpr,0.0145815970941236,0.024779072499659584
66,12.07.2012,1,2012,True,har_gpr,0.0156132149767726,0.024675844949295346
66,13.07.2012,1,2012,True,har_gpr,0.0155711109176402,0.02437892738398644
66,16.07.2012,1,2012,True,har_gpr,0.0155868818021706,0.024090636017055488
66,17.07.2012,1,2012,True,har_gpr,0.0155892183732884,0.02519791082279684
66,18.07.2012,1,2012,True,har_gpr,0.0155483407572024,0.023788889784920518
66,19.07.2012,1,2012,True,har_gpr,0.0152942266424288,0.02361223814250797
66,20.07.2012,1,2012,True,har_gpr,0.0152833281464718,0.023692124580226164
66,23.07.2012,1,2012,True,har_gpr,0.0146881593465103,0.022660002819361813
66,24.07.2012,1,2012,True,har_gpr,0.0149814241052374,0.0249982716344406
66,25.07.2012,1,2012,True,har_gpr,0.015122324929041,0.0241834476764837
66,26.07.2012,1,2012,True,har_gpr,0.0155403397003882,0.024209025891744326
66,27.07.2012,1,2012,True,har_gpr,0.0162351849319456,0.023801597661535577
66,30.07.2012,1,2012,True,har_gpr,0.0162391589632791,0.02345326684711361
66,31.07.2012,1,2012,True,har_gpr,0.0163439303743162,0.017004030489879023
66,01.08.2012,1,2012,True,har_gpr,0.0163088987567563,0.017779632659867983
66,02.08.2012,1,2012,True,har_gpr,0.0163374386942963,0.01700676606631246
66,03.08.2012,1,2012,True,har_gpr,0.0160329672778307,0.01674287153087995
66,06.08.2012,1,2012,True,har_gpr,0.0160909800850891,0.017757662125035933
66,07.08.2012,1,2012,True,har_gpr,0.0158566075153787,0.01959991159855687
66,08.08.2012,1,2012,True,har_gpr,0.0158940688423538,0.01917821183370115
66,09.08.2012,1,2012,True,har_gpr,0.0158916996072394,0.01852767559518414
66,10.08.2012,1,2012,True,har_gpr,0.0159013545342245,0.01858383458157479
66,13.08.2012,1,2012,True,har_gpr,0.0158909661050298,0.0182177214127561
66,14.08.2012,1,2012,True,har_gpr,0.0159218686480555,0.017914854227184758
66,15.08.2012,1,2012,True,har_gpr,0.0157303016041974,0.01739285091869243
66,16.08.2012,1,2012,True,har_gpr,0.0157828676356787,0.018278537044095117
66,17.08.2012,1,2012,True,har_gpr,0.0154325353335765,0.017519338126471856
66,20.08.2012,1,2012,True,har_gpr,0.0154354583564022,0.019773078751657874
66,21.08.2012,1,2012,True,har_gpr,0.0154401982076673,0.01828592373125324
66,22.08.2012,1,2012,True,har_gpr,0.0154729797486416,0.0185175209138177
66,23.08.2012,1,2012,True,har_gpr,0.0155908650898947,0.018069679814343546
66,24.08.2012,1,2012,True,har_gpr,0.0155267047152318,0.01798537399117519
66,27.08.2012,1,2012,True,har_gpr,0.0154735415491954,0.017880524932460597
66,28.08.2012,1,2012,True,har_gpr,0.0154915883675576,0.017994304935190737
66,29.08.2012,1,2012,True,har_gpr,0.0155916871565513,0.0173869185800356
66,30.08.2012,1,2012,True,har_gpr,0.0156882622386564,0.017249489865253768
66,31.08.2012,1,2012,True,har_gpr,0.0156083006813545,0.01725661592459346
66,04.09.2012,1,2012,True,har_gpr,0.0156712355724351,0.017392555613489038
66,05.09.2012,1,2012,True,har_gpr,0.0156306802281762,0.015857734202106614
66,06.09.2012,1,2012,True,har_gpr,0.015679150582947,0.015794590189176998
66,07.09.2012,1,2012,True,har_gpr,0.0156529894702848,0.015659797149064906
66,10.09.2012,1,2012,True,har_gpr,0.0158590469568737,0.01570012778574471
66,11.09.2012,1,2012,True,har_gpr,0.015845070207106,0.015427628967809729
66,12.09.2012,1,2012,True,har_gpr,0.015830792854477,0.015413244084182378
66,13.09.2012,1,2012,True,har_gpr,0.0158059578058133,0.014884706434734185
66,18.09.2012,1,2012,True,har_gpr,0.0149948822915722,0.014588635416756575
66,19.09.2012,1,2012,True,har_gpr,0.0143516020095824,0.02011124432089694
66,20.09.2012,1,2012,True,har_gpr,0.014237653333373,0.02063001492354432
66,21.09.2012,1,2012,True,har_gpr,0.0141537069874078,0.02075866572590069
66,24.09.2012,1,2012,True,har_gpr,0.0140478409913276,0.020864123524123736
66,25.09.2012,1,2012,True,har_gpr,0.0140326670695039,0.020137494016687713
66,26.09.2012,1,2012,True,har_gpr,0.0140246700363852,0.019458737013832102
66,27.09.2012,1,2012,True,har_gpr,0.0139218774259656,0.01845385590035124
66,28.09.2012,1,2012,True,har_gpr,0.0139851235240016,0.019022370599528892
66,01.10.2012,1,2012,True,har_gpr,0.0140920039391074,0.018578959342172397
66,02.10.2012,1,2012,True,har_gpr,0.0140813056026423,0.019289621331296
66,03.10.2012,1,2012,True,har_gpr,0.0135443490953709,0.019496685994991592
66,04.10.2012,1,2012,True,har_gpr,0.0126066051362126,0.02135900780094639
66,05.10.2012,1,2012,True,har_gpr,0.0127540886731764,0.023667556289397797
66,08.10.2012,1,2012,True,har_gpr,0.0127584503392247,0.02277286491310053
66,09.10.2012,1,2012,True,har_gpr,0.0124264413603077,0.022682987337378026
66,10.10.2012,1,2012,True,har_gpr,0.0124253525978561,0.023185734090902386
66,11.10.2012,1,2012,True,har_gpr,0.0123350787646965,0.02189582416688277
66,12.10.2012,1,2012,True,har_gpr,0.0123199471558745,0.021490681337314094
66,15.10.2012,1,2012,True,har_gpr,0.0122676655289886,0.021574403214004438
66,16.10.2012,1,2012,True,har_gpr,0.0122629556641273,0.020866264335440518
66,19.10.2012,1,2012,True,har_gpr,0.0110345238688234,0.01914403541677348
66,22.10.2012,1,2012,True,har_gpr,0.0110799015100954,0.021842780901064084
66,23.10.2012,1,2012,True,har_gpr,0.0110148798292835,0.01917420992692537
66,24.10.2012,1,2012,True,har_gpr,0.0109986680700062,0.019224568841643093
66,25.10.2012,1,2012,True,har_gpr,0.0109900590747303,0.018619073584448545
66,26.10.2012,1,2012,True,har_gpr,0.0110547238465037,0.018885753085150524
66,31.10.2012,1,2012,True,har_gpr,0.0110396184503248,0.018062194529199434
66,01.11.2012,1,2012,True,har_gpr,0.0110195422312143,0.020212917375709877
66,02.11.2012,1,2012,True,har_gpr,0.0105797789357735,0.02000246772634777
66,05.11.2012,1,2012,True,har_gpr,0.0103577801369592,0.021311899652057292
66,06.11.2012,1,2012,True,har_gpr,0.0097000084989707,0.02182318683053748
66,07.11.2012,1,2012,True,har_gpr,0.0084134172760186,0.022611349149955228
66,08.11.2012,1,2012,True,har_gpr,0.0086905624622445,0.02337218702068039
66,09.11.2012,1,2012,True,har_gpr,0.0086878068229853,0.022555344513045722
66,12.11.2012,1,2012,True,har_gpr,0.0086930840165873,0.023120736585731178
66,13.11.2012,1,2012,True,har_gpr,0.0086375062015641,0.022166790413567606
66,14.11.2012,1,2012,True,har_gpr,0.0087378763377334,0.020344328420688663
66,15.11.2012,1,2012,True,har_gpr,0.0086604922518362,0.01946753795088429
66,19.11.2012,1,2012,True,har_gpr,0.0086767180866452,0.019626567219643974
66,20.11.2012,1,2012,True,har_gpr,0.0086716280761031,0.018559036175244906
66,21.11.2012,1,2012,True,har_gpr,0.0086007686776341,0.018896938213657535
66,23.11.2012,1,2012,True,har_gpr,0.0087486828459687,0.01742722545892963
66,26.11.2012,1,2012,True,har_gpr,0.008755114157859,0.01719208790659098
66,27.11.2012,1,2012,True,har_gpr,0.0086740672242786,0.018307921731999462
66,28.11.2012,1,2012,True,har_gpr,0.0086708075041604,0.018630977738644035
66,29.11.2012,1,2012,True,har_gpr,0.0085866032340673,0.018378809806995324
66,30.11.2012,1,2012,True,har_gpr,0.0085921675945883,0.018671527321600684
66,03.12.2012,1,2012,True,har_gpr,0.0086771305282622,0.018435255569832498
66,04.12.2012,1,2012,True,har_gpr,0.0086589437747428,0.018681159448265254
66,05.12.2012,1,2012,True,har_gpr,0.0085796741952465,0.018414945244829
66,06.12.2012,1,2012,True,har_gpr,0.0086199737134216,0.018303723111720977
66,07.12.2012,1,2012,True,har_gpr,0.0087391988328159,0.017627272207451767
66,10.12.2012,1,2012,True,har_gpr,0.008852102319441,0.015302337265252005
66,11.12.2012,1,2012,True,har_gpr,0.0088199779953412,0.015282159848660149
66,12.12.2012,1,2012,True,har_gpr,0.0086726823165625,0.014952966205103044
66,13.12.2012,1,2012,True,har_gpr,0.0085882980654065,0.015601375589782546
66,14.12.2012,1,2012,True,har_gpr,0.0084809219464853,0.015791081655197835
66,19.12.2012,1,2012,True,har_gpr,0.0083784499785202,0.015751800753888805
66,20.12.2012,1,2012,True,har_gpr,0.0084597857373383,0.015977659221136784
66,21.12.2012,1,2012,True,har_gpr,0.0083533019977508,0.015780762055476686
66,24.12.2012,1,2012,True,har_gpr,0.0092935224287488,0.016094842238527324
66,26.12.2012,1,2012,True,har_gpr,0.0089569063359458,0.017195728522421114
66,27.12.2012,1,2012,True,har_gpr,0.0093017666122673,0.018535713443036516
66,28.12.2012,1,2012,True,har_gpr,0.0093316768727862,0.01801680217895111
66,31.12.2012,1,2012,True,har_gpr,0.0095097418930258,0.017874985485562128
66,03.01.2012,1,2012,True,har_x,0.011081465940709,0.02159654606931162
66,04.01.2012,1,2012,True,har_x,0.011366441582479,0.022855736796006512
66,05.01.2012,1,2012,True,har_x,0.0113087148130505,0.021972572702195103
66,06.01.2012,1,2012,True,har_x,0.011397833752044,0.02168252283647351
66,09.01.2012,1,2012,True,har_x,0.0113686383359912,0.02083940638259517
66,10.01.2012,1,2012,True,har_x,0.0118305510452301,0.01973655758139961
66,11.01.2012,1,2012,True,har_x,0.0117652872152008,0.018875376426189094
66,12.01.2012,1,2012,True,har_x,0.0117433988358324,0.018881810199981773
66,13.01.2012,1,2012,True,har_x,0.0116980336918317,0.01939639652595403
66,17.01.2012,1,2012,True,har_x,0.0116660384978806,0.01886891043356746
66,18.01.2012,1,2012,True,har_x,0.011615761424939,0.017582498978856043
66,19.01.2012,1,2012,True,har_x,0.011603768086385,0.01684130058064504
66,20.01.2012,1,2012,True,har_x,0.0114592872644639,0.01732794592517965
66,23.01.2012,1,2012,True,har_x,0.0114604513190568,0.01738962947440755
66,24.01.2012,1,2012,True,har_x,0.0114369500899386,0.01716563345727831
66,25.01.2012,1,2012,True,har_x,0.0114420847398348,0.017140598580384806
66,26.01.2012,1,2012,True,har_x,0.0114026324594229,0.016454959025914064
66,27.01.2012,1,2012,True,har_x,0.0115047175639531,0.01657094731784025
66,30.01.2012,1,2012,True,har_x,0.0117071806499053,0.016222613162468546
66,31.01.2012,1,2012,True,har_x,0.0121352672498902,0.015215813667668679
66,01.02.2012,1,2012,True,har_x,0.0121198075948522,0.015415445742076064
66,02.02.2012,1,2012,True,har_x,0.0121174213647809,0.015353018368365421
66,03.02.2012,1,2012,True,har_x,0.0118120382160809,0.015135561224368415
66,06.02.2012,1,2012,True,har_x,0.0117273766977042,0.015002787264058973
66,07.02.2012,1,2012,True,har_x,0.0117302278458437,0.015973879367003615
66,08.02.2012,1,2012,True,har_x,0.0116977367419737,0.016439434383448213
66,09.02.2012,1,2012,True,har_x,0.0116236341939918,0.016462589319828965
66,10.02.2012,1,2012,True,har_x,0.0115667611620975,0.016543071726313873
66,13.02.2012,1,2012,True,har_x,0.0124390995763414,0.016798781020112858
66,14.02.2012,1,2012,True,har_x,0.012434024744646,0.019291321897168208
66,15.02.2012,1,2012,True,har_x,0.0125708773731465,0.01941305179881428
66,16.02.2012,1,2012,True,har_x,0.0124952456500481,0.020053118158574572
66,17.02.2012,1,2012,True,har_x,0.0128675031117193,0.019664331990779542
66,21.02.2012,1,2012,True,har_x,0.0127225686167177,0.019047926810379222
66,22.02.2012,1,2012,True,har_x,0.0126455437710447,0.01994400934259148
66,23.02.2012,1,2012,True,har_x,0.0126067268289318,0.01934869175361975
66,24.02.2012,1,2012,True,har_x,0.0128955387074382,0.019067557690675915
66,27.02.2012,1,2012,True,har_x,0.0129573027417211,0.019494356865837566
66,28.02.2012,1,2012,True,har_x,0.0133344613021465,0.019783618052660285
66,29.02.2012,1,2012,True,har_x,0.0132791046836166,0.019775299975882617
66,01.03.2012,1,2012,True,har_x,0.0126814133368782,0.019122070945200263
66,02.03.2012,1,2012,True,har_x,0.0127849649245685,0.019868563175294677
66,05.03.2012,1,2012,True,har_x,0.0127824814381642,0.019676342674472325
66,06.03.2012,1,2012,True,har_x,0.0127019203615712,0.01679781807397303
66,07.03.2012,1,2012,True,har_x,0.0125212919217891,0.017423005784755006
66,08.03.2012,1,2012,True,har_x,0.0124109801882662,0.01680970641613418
66,09.03.2012,1,2012,True,har_x,0.0123782029841304,0.016185185569691587
66,12.03.2012,1,2012,True,har_x,0.0123824851082754,0.015635376928641448
66,13.03.2012,1,2012,True,har_x,0.0123691280548072,0.016689651833997492
66,14.03.2012,1,2012,True,har_x,0.0124385639613102,0.016310446044633622
66,15.03.2012,1,2012,True,har_x,0.0124041993078877,0.016292939991174357
66,16.03.2012,1,2012,True,har_x,0.0125904826606854,0.016369918907185314
66,19.03.2012,1,2012,True,har_x,0.0132343447966213,0.016220752280886205
66,20.03.2012,1,2012,True,har_x,0.0135408790877847,0.015762917259069177
66,21.03.2012,1,2012,True,har_x,0.013539021830464,0.01643423042076193
66,22.03.2012,1,2012,True,har_x,0.0139179664836934,0.015800944900712852
66,23.03.2012,1,2012,True,har_x,0.0137372666153777,0.01617204936439414
66,26.03.2012,1,2012,True,har_x,0.0138857128808237,0.01656705939439042
66,27.03.2012,1,2012,True,har_x,0.0165325556734367,0.015577177597541209
66,28.03.2012,1,2012,True,har_x,0.0165080661554909,0.015280792242966315
66,29.03.2012,1,2012,True,har_x,0.017081356288809,0.01571652121942332
66,30.03.2012,1,2012,True,har_x,0.0170639596037127,0.016235073299573213
66,02.04.2012,1,2012,True,har_x,0.0170221361777912,0.016011757177609044
66,03.04.2012,1,2012,True,har_x,0.0173011935344263,0.0128414451882566
66,04.04.2012,1,2012,True,har_x,0.0173562405975074,0.0128414451882566
66,05.04.2012,1,2012,True,har_x,0.0175905811981979,0.0128414451882566
66,09.04.2012,1,2012,True,har_x,0.0176429496529825,0.0128414451882566
66,10.04.2012,1,2012,True,har_x,0.0175702706918138,0.015811931338399376
66,11.04.2012,1,2012,True,har_x,0.0176396288099788,0.016826798698563197
66,12.04.2012,1,2012,True,har_x,0.0175610445972493,0.01613254009841714
66,13.04.2012,1,2012,True,har_x,0.0176347755707779,0.015652687721332093
66,16.04.2012,1,2012,True,har_x,0.0176855283974094,0.0155655811426188
66,17.04.2012,1,2012,True,har_x,0.0177075760656086,0.016574154005600347
66,18.04.2012,1,2012,True,har_x,0.0181410314001809,0.015654827574222666
66,19.04.2012,1,2012,True,har_x,0.0181442237532646,0.015544165108983798
66,20.04.2012,1,2012,True,har_x,0.0181676548586167,0.015349905613698518
66,23.04.2012,1,2012,True,har_x,0.0182114715686315,0.014873647879916312
66,24.04.2012,1,2012,True,har_x,0.0182804987057537,0.015488747880319172
66,25.04.2012,1,2012,True,har_x,0.0182407740990325,0.015165567527525646
66,26.04.2012,1,2012,True,har_x,0.0182540099411595,0.015007066657742311
66,27.04.2012,1,2012,True,har_x,0.0183120707487224,0.01448022481510616
66,30.04.2012,1,2012,True,har_x,0.0183121892190016,0.014259718839293202
66,01.05.2012,1,2012,True,har_x,0.0186803577475778,0.014844323689568579
66,02.05.2012,1,2012,True,har_x,0.0186500397934817,0.014771460022862108
66,03.05.2012,1,2012,True,har_x,0.0187445628158454,0.014938149161247753
66,04.05.2012,1,2012,True,har_x,0.0184882003771904,0.016239118952686888
66,07.05.2012,1,2012,True,har_x,0.0185269052506194,0.017554382085915917
66,08.05.2012,1,2012,True,har_x,0.0185232315880569,0.017286529245141683
66,09.05.2012,1,2012,True,har_x,0.0185296618487302,0.017283636369730557
66,10.05.2012,1,2012,True,har_x,0.0185276526397749,0.017459986779573958
66,11.05.2012,1,2012,True,har_x,0.018667386098234,0.017098717010059744
66,14.05.2012,1,2012,True,har_x,0.0186585501294738,0.01694923119137396
66,15.05.2012,1,2012,True,har_x,0.0189693171028607,0.017695937382670317
66,16.05.2012,1,2012,True,har_x,0.018959357526478,0.018311656503925303
66,17.05.2012,1,2012,True,har_x,0.0183519012306315,0.01795878757715495
66,18.05.2012,1,2012,True,har_x,0.0183449689093339,0.019349435863987515
66,21.05.2012,1,2012,True,har_x,0.0182563947770032,0.019159611430527235
66,22.05.2012,1,2012,True,har_x,0.0183212953934733,0.018676169863231822
66,23.05.2012,1,2012,True,har_x,0.0180695886344848,0.01836818320383925
66,24.05.2012,1,2012,True,har_x,0.0180407981734107,0.019288565184146674
66,25.05.2012,1,2012,True,har_x,0.0180399773675471,0.018524587687222326
66,29.05.2012,1,2012,True,har_x,0.0180379030393135,0.018473591390010837
66,30.05.2012,1,2012,True,har_x,0.0177107388710312,0.017369843003998194
66,31.05.2012,1,2012,True,har_x,0.0175926062935777,0.019163582033457995
66,01.06.2012,1,2012,True,har_x,0.01706754233292,0.0196197917417683
66,04.06.2012,1,2012,True,har_x,0.0170663650040114,0.023229031537084614
66,05.06.2012,1,2012,True,har_x,0.0170733426552482,0.022583031244897918
66,06.06.2012,1,2012,True,har_x,0.0169618490297796,0.021605973262563152
66,07.06.2012,1,2012,True,har_x,0.0169278791986475,0.02140032062610995
66,08.06.2012,1,2012,True,har_x,0.0169094899924966,0.02187646023185321
66,11.06.2012,1,2012,True,har_x,0.0167856606387039,0.021880770153172566
66,12.06.2012,1,2012,True,har_x,0.0176331609563623,0.023190867775441232
66,13.06.2012,1,2012,True,har_x,0.0182118934705602,0.021727097439981045
66,14.06.2012,1,2012,True,har_x,0.0183045848185263,0.021206266696727826
66,15.06.2012,1,2012,True,har_x,0.0183450076242671,0.01983471353335215
66,18.06.2012,1,2012,True,har_x,0.0183223569006399,0.01999426637175109
66,19.06.2012,1,2012,True,har_x,0.0183171504476455,0.019049920629970924
66,20.06.2012,1,2012,True,har_x,0.0178123948869065,0.017825292107730487
66,21.06.2012,1,2012,True,har_x,0.0171659934681902,0.01928851238851328
66,22.06.2012,1,2012,True,har_x,0.0170494606801738,0.02086930975822347
66,25.06.2012,1,2012,True,har_x,0.0170569095459999,0.019578886759799713
66,26.06.2012,1,2012,True,har_x,0.0169282446417151,0.02125073809280333
66,27.06.2012,1,2012,True,har_x,0.017425535740498,0.020492173553738603
66,28.06.2012,1,2012,True,har_x,0.0177412274519139,0.019665424541841513
66,29.06.2012,1,2012,True,har_x,0.0157994572828801,0.020271779837749183
66,02.07.2012,1,2012,True,har_x,0.0157842556209613,0.021595972721250353
66,03.07.2012,1,2012,True,har_x,0.0155205786632396,0.021612888972819704
66,05.07.2012,1,2012,True,har_x,0.0155248853242407,0.022037573906617428
66,06.07.2012,1,2012,True,har_x,0.015195645843567,0.02250467368395365
66,09.07.2012,1,2012,True,har_x,0.0150779453291053,0.022509229523378582
66,10.07.2012,1,2012,True,har_x,0.014762680276693,0.020719323222228934
66,11.07.2012,1,2012,True,har_x,0.0145815970941236,0.02104879095698703
66,12.07.2012,1,2012,True,har_x,0.0156132149767726,0.020111896145023705
66,13.07.2012,1,2012,True,har_x,0.0155711109176402,0.019197806142511636
66,16.07.2012,1,2012,True,har_x,0.0155868818021706,0.018821426248396483
66,17.07.2012,1,2012,True,har_x,0.0155892183732884,0.019924325317519236
66,18.07.2012,1,2012,True,har_x,0.0155483407572024,0.02016010501867465
66,19.07.2012,1,2012,True,har_x,0.0152942266424288,0.01993149662245472
66,20.07.2012,1,2012,True,har_x,0.0152833281464718,0.021108762639142922
66,23.07.2012,1,2012,True,har_x,0.0146881593465103,0.020348052895831394
66,24.07.2012,1,2012,True,har_x,0.0149814241052374,0.02171824697936744
66,25.07.2012,1,2012,True,har_x,0.015122324929041,0.02082042994889931
66,26.07.2012,1,2012,True,har_x,0.0155403397003882,0.020224910477290595
66,27.07.2012,1,2012,True,har_x,0.0162351849319456,0.01971899666753704
66,30.07.2012,1,2012,True,har_x,0.0162391589632791,0.019243869545072064
66,31.07.2012,1,2012,True,har_x,0.0163439303743162,0.01671531868178487
66,01.08.2012,1,2012,True,har_x,0.0163088987567563,0.017671288526423433
66,02.08.2012,1,2012,True,har_x,0.0163374386942963,0.01736657510935208
66,03.08.2012,1,2012,True,har_x,0.0160329672778307,0.01704671314824166
66,06.08.2012,1,2012,True,har_x,0.0160909800850891,0.017402906699032432
66,07.08.2012,1,2012,True,har_x,0.0158566075153787,0.018835822459812388
66,08.08.2012,1,2012,True,har_x,0.0158940688423538,0.01899348844647962
66,09.08.2012,1,2012,True,har_x,0.0158916996072394,0.018395261855456087
66,10.08.2012,1,2012,True,har_x,0.0159013545342245,0.01814302921484444
66,13.08.2012,1,2012,True,har_x,0.0158909661050298,0.01789593052774873
66,14.08.2012,1,2012,True,har_x,0.0159218686480555,0.017099683874813868
66,15.08.2012,1,2012,True,har_x,0.0157303016041974,0.017112719435598167
66,16.08.2012,1,2012,True,har_x,0.0157828676356787,0.01807918261043651
66,17.08.2012,1,2012,True,har_x,0.0154325353335765,0.018158466339528778
66,20.08.2012,1,2012,True,har_x,0.0154354583564022,0.018486222888953383
66,21.08.2012,1,2012,True,har_x,0.0154401982076673,0.018358874456252627
66,22.08.2012,1,2012,True,har_x,0.0154729797486416,0.018544687592605996
66,23.08.2012,1,2012,True,har_x,0.0155908650898947,0.018584177992499902
66,24.08.2012,1,2012,True,har_x,0.0155267047152318,0.01888580827572293
66,27.08.2012,1,2012,True,har_x,0.0154735415491954,0.01896431315540097
66,28.08.2012,1,2012,True,har_x,0.0154915883675576,0.019484005957153595
66,29.08.2012,1,2012,True,har_x,0.0155916871565513,0.019145544713559958
66,30.08.2012,1,2012,True,har_x,0.0156882622386564,0.01886980955062577
66,31.08.2012,1,2012,True,har_x,0.0156083006813545,0.018566465232048798
66,04.09.2012,1,2012,True,har_x,0.0156712355724351,0.018588495222673803
66,05.09.2012,1,2012,True,har_x,0.0156306802281762,0.01857303070033022
66,06.09.2012,1,2012,True,har_x,0.015679150582947,0.018722752627325534
66,07.09.2012,1,2012,True,har_x,0.0156529894702848,0.018853756722835423
66,10.09.2012,1,2012,True,har_x,0.0158590469568737,0.01826751406430828
66,11.09.2012,1,2012,True,har_x,0.015845070207106,0.01818263438631985
66,12.09.2012,1,2012,True,har_x,0.015830792854477,0.01802075223176216
66,13.09.2012,1,2012,True,har_x,0.0158059578058133,0.018310747705955855
66,18.09.2012,1,2012,True,har_x,0.0149948822915722,0.01817648174900602
66,19.09.2012,1,2012,True,har_x,0.0143516020095824,0.02128093181939033
66,20.09.2012,1,2012,True,har_x,0.014237653333373,0.02165452900223087
66,21.09.2012,1,2012,True,har_x,0.0141537069874078,0.02003565452431862
66,24.09.2012,1,2012,True,har_x,0.0140478409913276,0.019837200108407962
66,25.09.2012,1,2012,True,har_x,0.0140326670695039,0.019668455569184087
66,26.09.2012,1,2012,True,har_x,0.0140246700363852,0.019449252747280387
66,27.09.2012,1,2012,True,har_x,0.0139218774259656,0.01952774187817668
66,28.09.2012,1,2012,True,har_x,0.0139851235240016,0.0187082561769045
66,01.10.2012,1,2012,True,har_x,0.0140920039391074,0.01819717602990133
66,02.10.2012,1,2012,True,har_x,0.0140813056026423,0.01920854465064581
66,03.10.2012,1,2012,True,har_x,0.0135443490953709,0.019121981609359014
66,04.10.2012,1,2012,True,har_x,0.0126066051362126,0.020994554181973497
66,05.10.2012,1,2012,True,har_x,0.0127540886731764,0.02051066464112548
66,08.10.2012,1,2012,True,har_x,0.0127584503392247,0.019745999662427235
66,09.10.2012,1,2012,True,har_x,0.0124264413603077,0.020332566388721603
66,10.10.2012,1,2012,True,har_x,0.0124253525978561,0.02035547046679989
66,11.10.2012,1,2012,True,har_x,0.0123350787646965,0.020118508008133796
66,12.10.2012,1,2012,True,har_x,0.0123199471558745,0.019742283227409018
66,15.10.2012,1,2012,True,har_x,0.0122676655289886,0.019338347301650786
66,16.10.2012,1,2012,True,har_x,0.0122629556641273,0.01875521588368687
66,19.10.2012,1,2012,True,har_x,0.0110345238688234,0.018443363280119453
66,22.10.2012,1,2012,True,har_x,0.0110799015100954,0.018540130656166342
66,23.10.2012,1,2012,True,har_x,0.0110148798292835,0.017392185403222283
66,24.10.2012,1,2012,True,har_x,0.0109986680700062,0.018011129757791296
66,25.10.2012,1,2012,True,har_x,0.0109900590747303,0.01749350925217619
66,26.10.2012,1,2012,True,har_x,0.0110547238465037,0.01693684991102527
66,31.10.2012,1,2012,True,har_x,0.0110396184503248,0.016642758359917968
66,01.11.2012,1,2012,True,har_x,0.0110195422312143,0.01876431753912557
66,02.11.2012,1,2012,True,har_x,0.0105797789357735,0.01825179659161695
66,05.11.2012,1,2012,True,har_x,0.0103577801369592,0.019215585739592006
66,06.11.2012,1,2012,True,har_x,0.0097000084989707,0.0190710874960079
66,07.11.2012,1,2012,True,har_x,0.0084134172760186,0.019343402654511545
66,08.11.2012,1,2012,True,har_x,0.0086905624622445,0.020626376717966334
66,09.11.2012,1,2012,True,har_x,0.0086878068229853,0.019942988592413245
66,12.11.2012,1,2012,True,har_x,0.0086930840165873,0.01914467197824673
66,13.11.2012,1,2012,True,har_x,0.0086375062015641,0.01814498635940817
66,14.11.2012,1,2012,True,har_x,0.0087378763377334,0.017369345542224704
66,15.11.2012,1,2012,True,har_x,0.0086604922518362,0.017225441928973344
66,19.11.2012,1,2012,True,har_x,0.0086767180866452,0.016772181383734257
66,20.11.2012,1,2012,True,har_x,0.0086716280761031,0.016360174988596935
66,21.11.2012,1,2012,True,har_x,0.0086007686776341,0.01594714294998213
66,23.11.2012,1,2012,True,har_x,0.0087486828459687,0.015737278871478792
66,26.11.2012,1,2012,True,har_x,0.008755114157859,0.015646118992200374
66,27.11.2012,1,2012,True,har_x,0.0086740672242786,0.016712086543946285
66,28.11.2012,1,2012,True,har_x,0.0086708075041604,0.016463805643207468
66,29.11.2012,1,2012,True,har_x,0.0085866032340673,0.016372841887258308
66,30.11.2012,1,2012,True,har_x,0.0085921675945883,0.016300481895122426
66,03.12.2012,1,2012,True,har_x,0.0086771305282622,0.015882592187214405
66,04.12.2012,1,2012,True,har_x,0.0086589437747428,0.016547945460549728
66,05.12.2012,1,2012,True,har_x,0.0085796741952465,0.016855489833725885
66,06.12.2012,1,2012,True,har_x,0.0086199737134216,0.01702045521366768
66,07.12.2012,1,2012,True,har_x,0.0087391988328159,0.017436037650948054
66,10.12.2012,1,2012,True,har_x,0.008852102319441,0.017035522871971725
66,11.12.2012,1,2012,True,har_x,0.0088199779953412,0.017266779881995757
66,12.12.2012,1,2012,True,har_x,0.0086726823165625,0.01716505910683318
66,13.12.2012,1,2012,True,har_x,0.0085882980654065,0.016926298658414163
66,14.12.2012,1,2012,True,har_x,0.0084809219464853,0.017162941826837322
66,19.12.2012,1,2012,True,har_x,0.0083784499785202,0.01699277120664008
66,20.12.2012,1,2012,True,har_x,0.0084597857373383,0.016343714833331743
66,21.12.2012,1,2012,True,har_x,0.0083533019977508,0.01621523666649975
66,24.12.2012,1,2012,True,har_x,0.0092935224287488,0.016967966048997
66,26.12.2012,1,2012,True,har_x,0.0089569063359458,0.01825488143822872
66,27.12.2012,1,2012,True,har_x,0.0093017666122673,0.018527322518425662
66,28.12.2012,1,2012,True,har_x,0.0093316768727862,0.0179526861787202
66,31.12.2012,1,2012,True,har_x,0.0095097418930258,0.018330560611624247
126,03.01.2012,1,2012,True,har,0.0145777760553979,0.020518072012750528
126,04.01.2012,1,2012,True,har,0.0145177753319416,0.02345381644156213
126,05.01.2012,1,2012,True,har,0.0146632659817655,0.022895505905871763
126,06.01.2012,1,2012,True,har,0.0147964990806586,0.022619132292794338
126,09.01.2012,1,2012,True,har,0.0149297760009402,0.02242960756381127
126,10.01.2012,1,2012,True,har,0.0150625990665668,0.022398242178317082
126,11.01.2012,1,2012,True,har,0.0150669183344674,0.02127149869554404
126,12.01.2012,1,2012,True,har,0.0151004818890992,0.021086216974943763
126,13.01.2012,1,2012,True,har,0.0151247579205514,0.020956256486058894
126,17.01.2012,1,2012,True,har,0.0151026588834687,0.019910441689837813
126,18.01.2012,1,2012,True,har,0.0151237962594057,0.020241887776269195
126,19.01.2012,1,2012,True,har,0.0152717005236544,0.019908003962912143
126,20.01.2012,1,2012,True,har,0.0152328130119497,0.02004013773269575
126,23.01.2012,1,2012,True,har,0.0155142162233711,0.02011117779023916
126,24.01.2012,1,2012,True,har,0.015510167712889,0.0199217684418492
126,25.01.2012,1,2012,True,har,0.0155337261375353,0.019783341599907186
126,26.01.2012,1,2012,True,har,0.0155314458129258,0.019681514589020035
126,27.01.2012,1,2012,True,har,0.0155567790085071,0.01981445978902282
126,30.01.2012,1,2012,True,har,0.015548624256085,0.019210555164717064
126,31.01.2012,1,2012,True,har,0.015582462557518,0.019332890390414737
126,01.02.2012,1,2012,True,har,0.015601470433408,0.01913575125261995
126,02.02.2012,1,2012,True,har,0.0155950893675562,0.017712612566971497
126,03.02.2012,1,2012,True,har,0.0156758363790959,0.01742293062963128
126,06.02.2012,1,2012,True,har,0.0156474277874321,0.018768374474837438
126,07.02.2012,1,2012,True,har,0.0157739757147835,0.018416025716409254
126,08.02.2012,1,2012,True,har,0.0157556918286633,0.018163700929125275
126,09.02.2012,1,2012,True,har,0.0157433163421685,0.018271760386274864
126,10.02.2012,1,2012,True,har,0.0157162565811018,0.018251339261227705
126,13.02.2012,1,2012,True,har,0.0157176361894792,0.01851523578253507
126,14.02.2012,1,2012,True,har,0.0157205720320887,0.01821843568212429
126,15.02.2012,1,2012,True,har,0.0158057094716609,0.01810536816375078
126,16.02.2012,1,2012,True,har,0.015788469466996,0.018069991758529295
126,17.02.2012,1,2012,True,har,0.0159727575562073,0.018116280671077095
126,21.02.2012,1,2012,True,har,0.0158940289188971,0.01741687919385453
126,22.02.2012,1,2012,True,har,0.0158846835565562,0.018145627464862514
126,23.02.2012,1,2012,True,har,0.0158764882234562,0.017881004886630605
126,24.02.2012,1,2012,True,har,0.0158164964465513,0.01772420038363829
126,27.02.2012,1,2012,True,har,0.0158273839580247,0.01805994592820043
126,28.02.2012,1,2012,True,har,0.0157505450560947,0.01847651470931724
126,29.02.2012,1,2012,True,har,0.0157295218600711,0.019649025639083176
126,01.03.2012,1,2012,True,har,0.0155105302744304,0.01937422918752832
126,02.03.2012,1,2012,True,har,0.0154120991494354,0.020702760461014685
126,05.03.2012,1,2012,True,har,0.0154911582020053,0.021143229137164633
126,06.03.2012,1,2012,True,har,0.0154407954247908,0.02047942056288306
126,07.03.2012,1,2012,True,har,0.0153773147752347,0.02080095715361975
126,08.03.2012,1,2012,True,har,0.0153486097930676,0.02111544504782876
126,09.03.2012,1,2012,True,har,0.0153563816467997,0.020525070023152868
126,12.03.2012,1,2012,True,har,0.0153596796658207,0.019932533969938746
126,13.03.2012,1,2012,True,har,0.0153530871676082,0.01993003573431729
126,14.03.2012,1,2012,True,har,0.0153384085228211,0.01953213360658091
126,15.03.2012,1,2012,True,har,0.0153265992474743,0.019737739085553707
126,16.03.2012,1,2012,True,har,0.0156876197708906,0.01985298509989574
126,19.03.2012,1,2012,True,har,0.0159766134082811,0.020547501092280554
126,20.03.2012,1,2012,True,har,0.0160230952172777,0.020120969447921258
126,21.03.2012,1,2012,True,har,0.0160676775486692,0.02042024485124536
126,22.03.2012,1,2012,True,har,0.0160994593336958,0.020052980663578624
126,23.03.2012,1,2012,True,har,0.0160390596628814,0.020199611822285968
126,26.03.2012,1,2012,True,har,0.0160342107790585,0.02030241128367336
126,27.03.2012,1,2012,True,har,0.0161214232004501,0.020007897083526585
126,28.03.2012,1,2012,True,har,0.0161000155616072,0.01938081571330013
126,29.03.2012,1,2012,True,har,0.0160541455035582,0.01984560490508619
126,30.03.2012,1,2012,True,har,0.0160543573774603,0.01960072831979666
126,02.04.2012,1,2012,True,har,0.0161626137497834,0.01873833515558897
126,03.04.2012,1,2012,True,har,0.0165695380970189,0.019942609691758893
126,04.04.2012,1,2012,True,har,0.0164806018006992,0.019443736509024607
126,05.04.2012,1,2012,True,har,0.0164584285477043,0.020100851613586997
126,09.04.2012,1,2012,True,har,0.0165945849532195,0.019744667344906548
126,10.04.2012,1,2012,True,har,0.0164718679069038,0.019713092139909072
126,11.04.2012,1,2012,True,har,0.01650683269344,0.02013418838775904
126,12.04.2012,1,2012,True,har,0.0164855811909426,0.01973926589370572
126,13.04.2012,1,2012,True,har,0.0165127513757646,0.02008962129849796
126,16.04.2012,1,2012,True,har,0.0163586105498799,0.019665912057657043
126,17.04.2012,1,2012,True,har,0.0168117902428712,0.020734115761706022
126,18.04.2012,1,2012,True,har,0.0168104546224176,0.019928579407249188
126,19.04.2012,1,2012,True,har,0.0168354554749493,0.01999249805016812
126,20.04.2012,1,2012,True,har,0.0168254304503602,0.01957502205708623
126,23.04.2012,1,2012,True,har,0.0168359361172124,0.019836669921621745
126,24.04.2012,1,2012,True,har,0.0168577479884028,0.0186742467101761
126,25.04.2012,1,2012,True,har,0.0168516069352749,0.018772218632332
126,26.04.2012,1,2012,True,har,0.0168423936254744,0.018943657611568732
126,27.04.2012,1,2012,True,har,0.0169609295270334,0.018939992334810963
126,30.04.2012,1,2012,True,har,0.0170551131181471,0.018678502467019614
126,01.05.2012,1,2012,True,har,0.0172812479340279,0.018747580764341784
126,02.05.2012,1,2012,True,har,0.0175873583852976,0.018232640357523644
126,03.05.2012,1,2012,True,har,0.0175236155355761,0.01876319588608755
126,04.05.2012,1,2012,True,har,0.017476617050301,0.01896385048080194
126,07.05.2012,1,2012,True,har,0.0174783329886654,0.01963580783868169
126,08.05.2012,1,2012,True,har,0.0174872177771769,0.019158400386682727
126,09.05.2012,1,2012,True,har,0.0175194452325314,0.01880957542841567
126,10.05.2012,1,2012,True,har,0.0175521285348176,0.019060290511670325
126,11.05.2012,1,2012,True,har,0.017548662997306,0.01872739091263181
126,14.05.2012,1,2012,True,har,0.0175589416927499,0.01793115766483713
126,15.05.2012,1,2012,True,har,0.0175707905067438,0.01752595062980786
126,16.05.2012,1,2012,True,har,0.0175709363710586,0.017741438776071677
126,17.05.2012,1,2012,True,har,0.0172322241290958,0.01763802428188595
126,18.05.2012,1,2012,True,har,0.017251394909336,0.020611650297243923
126,21.05.2012,1,2012,True,har,0.0171994360318269,0.01975730734671631
126,22.05.2012,1,2012,True,har,0.0172254478141715,0.02065282442116444
126,23.05.2012,1,2012,True,har,0.0170598064987337,0.020309966208678063
126,24.05.2012,1,2012,True,har,0.0170432807237621,0.021182890753556418
126,25.05.2012,1,2012,True,har,0.0170656896979821,0.02034041816127808
126,29.05.2012,1,2012,True,har,0.0170867285832886,0.02023239163337149
126,30.05.2012,1,2012,True,har,0.0169297815169168,0.019949735787123876
126,31.05.2012,1,2012,True,har,0.0168698800908178,0.021357801407535022
126,01.06.2012,1,2012,True,har,0.0165800498917023,0.020848446809167323
126,04.06.2012,1,2012,True,har,0.0165846080978857,0.02167664116625303
126,05.06.2012,1,2012,True,har,0.0166247829353357,0.02096598650837085
126,06.06.2012,1,2012,True,har,0.0166086269711941,0.020903826919806075
126,07.06.2012,1,2012,True,har,0.0166224003599285,0.0218907472527207
126,08.06.2012,1,2012,True,har,0.0166407768348307,0.02152523537703657
126,11.06.2012,1,2012,True,har,0.0165822248662574,0.020522718793552622
126,12.06.2012,1,2012,True,har,0.0165949408091549,0.02101954820549449
126,13.06.2012,1,2012,True,har,0.0165961628618157,0.02092174712022673
126,14.06.2012,1,2012,True,har,0.0166881119428615,0.019946833964941065
126,15.06.2012,1,2012,True,har,0.0166851995889412,0.020048505739792298
126,18.06.2012,1,2012,True,har,0.0166160781137284,0.01982845271623229
126,19.06.2012,1,2012,True,har,0.0166144565132832,0.020163087206819117
126,20.06.2012,1,2012,True,har,0.0163633198089996,0.019555458928051335
126,21.06.2012,1,2012,True,har,0.0159783758534747,0.02130396081185581
126,22.06.2012,1,2012,True,har,0.0159206037691158,0.02209138290092603
126,25.06.2012,1,2012,True,har,0.0159203552096618,0.022382582772272702
126,26.06.2012,1,2012,True,har,0.0158191466045016,0.022023039276154052
126,27.06.2012,1,2012,True,har,0.0158180320184503,0.023331283369802943
126,28.06.2012,1,2012,True,har,0.0156634551722749,0.022303848278658243
126,29.06.2012,1,2012,True,har,0.014521607376904,0.022204469559249037
126,02.07.2012,1,2012,True,har,0.0145405835718965,0.02654134106514138
126,03.07.2012,1,2012,True,har,0.0143053526534763,0.025218327385937416
126,05.07.2012,1,2012,True,har,0.014306472648866,0.026381911767792726
126,06.07.2012,1,2012,True,har,0.0141151278394292,0.025583224923037357
126,09.07.2012,1,2012,True,har,0.013994559380958,0.026390670123054814
126,10.07.2012,1,2012,True,har,0.0138875472805067,0.025096900811980155
126,11.07.2012,1,2012,True,har,0.0137517117055267,0.025599827177903038
126,12.07.2012,1,2012,True,har,0.0137388880144689,0.025405150197226473
126,13.07.2012,1,2012,True,har,0.0136955547456999,0.02514156404924347
126,16.07.2012,1,2012,True,har,0.0136641979136459,0.024799342807365655
126,17.07.2012,1,2012,True,har,0.0136746890047312,0.02465166324029393
126,18.07.2012,1,2012,True,har,0.0136478838652665,0.023295523904385503
126,19.07.2012,1,2012,True,har,0.013483073335198,0.02308749755584378
126,20.07.2012,1,2012,True,har,0.0134837769772735,0.02338930819183882
126,23.07.2012,1,2012,True,har,0.0131552430516285,0.02283993991551868
126,24.07.2012,1,2012,True,har,0.0131700385875092,0.024992109117182734
126,25.07.2012,1,2012,True,har,0.0131492215206664,0.024269176829124675
126,26.07.2012,1,2012,True,har,0.0131356947747843,0.024325286099474718
126,27.07.2012,1,2012,True,har,0.0131547075021821,0.023902141380390842
126,30.07.2012,1,2012,True,har,0.0131676479571898,0.02374862029311062
126,31.07.2012,1,2012,True,har,0.0131197947636473,0.02059271133779033
126,01.08.2012,1,2012,True,har,0.0130955498689713,0.021304246116781982
126,02.08.2012,1,2012,True,har,0.013096214453905,0.02081209551482369
126,03.08.2012,1,2012,True,har,0.012863062696721,0.020570822075061477
126,06.08.2012,1,2012,True,har,0.0128839946358593,0.021613584589344075
126,07.08.2012,1,2012,True,har,0.0128259150716641,0.02091362625255282
126,08.08.2012,1,2012,True,har,0.0129289361297168,0.02063825654249655
126,09.08.2012,1,2012,True,har,0.0129084828742818,0.020143824426694705
126,10.08.2012,1,2012,True,har,0.0129091847697804,0.020167194334400375
126,13.08.2012,1,2012,True,har,0.0129710003642036,0.01981351080586691
126,14.08.2012,1,2012,True,har,0.0129831061741439,0.019860818098378277
126,15.08.2012,1,2012,True,har,0.0128704288895695,0.01932367345688991
126,16.08.2012,1,2012,True,har,0.0128814800678675,0.020117403657116957
126,17.08.2012,1,2012,True,har,0.0126496317530657,0.0195514446901912
126,20.08.2012,1,2012,True,har,0.0127107034633888,0.02148032559093708
126,21.08.2012,1,2012,True,har,0.0126953870544374,0.01994844910881708
126,22.08.2012,1,2012,True,har,0.0126935993556436,0.020159534520398252
126,23.08.2012,1,2012,True,har,0.0126950362914378,0.01972037051992636
126,24.08.2012,1,2012,True,har,0.0126577104140312,0.019638213121993583
126,27.08.2012,1,2012,True,har,0.0126232094436122,0.019386738377605572
126,28.08.2012,1,2012,True,har,0.0126526105812828,0.01966056012223895
126,29.08.2012,1,2012,True,har,0.0126755168961718,0.019168704818260877
126,30.08.2012,1,2012,True,har,0.0126750642916616,0.019049200895711344
126,31.08.2012,1,2012,True,har,0.0126768068950112,0.01905842033114644
126,04.09.2012,1,2012,True,har,0.0127209226953875,0.01936258253565154
126,05.09.2012,1,2012,True,har,0.0127335417963875,0.01885048487786314
126,06.09.2012,1,2012,True,har,0.0127301492076352,0.01892945358233723
126,07.09.2012,1,2012,True,har,0.0127226455699972,0.01880732158460267
126,10.09.2012,1,2012,True,har,0.0127542862601167,0.018861921711129784
126,11.09.2012,1,2012,True,har,0.0127483694237048,0.018499068069307886
126,12.09.2012,1,2012,True,har,0.0127433740453059,0.018486321620305765
126,13.09.2012,1,2012,True,har,0.012752161028638,0.01793211488173741
126,18.09.2012,1,2012,True,har,0.0121814386527972,0.01778069315535361
126,19.09.2012,1,2012,True,har,0.0121369632543216,0.021813866686723377
126,20.09.2012,1,2012,True,har,0.0120573482120742,0.02221026942445058
126,21.09.2012,1,2012,True,har,0.0121433930437303,0.02227280910718856
126,24.09.2012,1,2012,True,har,0.0120882699866894,0.022359536800194993
126,25.09.2012,1,2012,True,har,0.0121523590351855,0.02234023796843183
126,26.09.2012,1,2012,True,har,0.0121533886841604,0.021645381843228534
126,27.09.2012,1,2012,True,har,0.0121092754506453,0.020646513220449525
126,28.09.2012,1,2012,True,har,0.0121407589144143,0.021101335183950302
126,01.10.2012,1,2012,True,har,0.0123603242616177,0.02069233664126965
126,02.10.2012,1,2012,True,har,0.0123533351283096,0.02030761833468874
126,03.10.2012,1,2012,True,har,0.0120539581854097,0.020499789977119758
126,04.10.2012,1,2012,True,har,0.0115355443527678,0.022161677580944096
126,05.10.2012,1,2012,True,har,0.011543279501,0.023970576090255
126,08.10.2012,1,2012,True,har,0.0115667969097538,0.023189465505009308
126,09.10.2012,1,2012,True,har,0.0113549551301897,0.023112708665394027
126,10.10.2012,1,2012,True,har,0.0114343306431833,0.02401137465280026
126,11.10.2012,1,2012,True,har,0.0114805194207736,0.02275733710625168
126,12.10.2012,1,2012,True,har,0.0114555631753657,0.022260286171085997
126,15.10.2012,1,2012,True,har,0.0114303248988334,0.022339883203382226
126,16.10.2012,1,2012,True,har,0.0114797010897771,0.022338566052740788
126,19.10.2012,1,2012,True,har,0.0110133040038899,0.021113835113122568
126,22.10.2012,1,2012,True,har,0.011307766250225,0.023553722753032906
126,23.10.2012,1,2012,True,har,0.01133145705696,0.022367930518323663
126,24.10.2012,1,2012,True,har,0.0113810135211671,0.022428052170093672
126,25.10.2012,1,2012,True,har,0.0114018397844662,0.021879821628623015
126,26.10.2012,1,2012,True,har,0.0113662350072431,0.022149019841433238
126,31.10.2012,1,2012,True,har,0.0113476443296173,0.02124477780519967
126,01.11.2012,1,2012,True,har,0.0113492973345829,0.021082142074415628
126,02.11.2012,1,2012,True,har,0.0111987539881377,0.020878960768413335
126,05.11.2012,1,2012,True,har,0.0110631141429004,0.022033607635736224
126,06.11.2012,1,2012,True,har,0.0107546255031646,0.022503597989211085
126,07.11.2012,1,2012,True,har,0.0101854695406239,0.02328214633194993
126,08.11.2012,1,2012,True,har,0.0101784348639986,0.024098231456366873
126,09.11.2012,1,2012,True,har,0.0100169614085346,0.023368954462189746
126,12.11.2012,1,2012,True,har,0.0100162193468918,0.023757165303361825
126,13.11.2012,1,2012,True,har,0.0100565365115152,0.023025331285018474
126,14.11.2012,1,2012,True,har,0.0099908578535509,0.02262455255369665
126,15.11.2012,1,2012,True,har,0.0099255441687491,0.02168772057741336
126,19.11.2012,1,2012,True,har,0.0100270431732346,0.021803632573937328
126,20.11.2012,1,2012,True,har,0.0101108907652939,0.021259558080716688
126,21.11.2012,1,2012,True,har,0.0100729817759733,0.021572133410033285
126,23.11.2012,1,2012,True,har,0.0101760576078795,0.020621509059882907
126,26.11.2012,1,2012,True,har,0.0102877530919564,0.020405807613059913
126,27.11.2012,1,2012,True,har,0.0103133584559331,0.020194395043131873
126,28.11.2012,1,2012,True,har,0.0103111478970504,0.020477742804467788
126,29.11.2012,1,2012,True,har,0.0102706092270808,0.020242710136618807
126,30.11.2012,1,2012,True,har,0.0102979782140386,0.020505204526864024
126,03.12.2012,1,2012,True,har,0.0103070507352108,0.020309248695981313
126,04.12.2012,1,2012,True,har,0.0103055212567898,0.020252223910628545
126,05.12.2012,1,2012,True,har,0.0102864306481827,0.02013498086872472
126,06.12.2012,1,2012,True,har,0.0102067668218004,0.020104319555292727
126,07.12.2012,1,2012,True,har,0.0102068984688736,0.019679125420642214
126,10.12.2012,1,2012,True,har,0.0103107745044765,0.018066893819553707
126,11.12.2012,1,2012,True,har,0.0102951384075359,0.018264071384338193
126,12.12.2012,1,2012,True,har,0.0107625065818783,0.018142001267090056
126,13.12.2012,1,2012,True,har,0.0107393761581447,0.018666267468295767
126,14.12.2012,1,2012,True,har,0.0106891309786576,0.018760856482094294
126,19.12.2012,1,2012,True,har,0.010639064986288,0.018746488659442864
126,20.12.2012,1,2012,True,har,0.010646797528319,0.01874633095376295
126,21.12.2012,1,2012,True,har,0.010657162439974,0.01857721156557382
126,24.12.2012,1,2012,True,har,0.0106700451804097,0.01884223445970686
126,26.12.2012,1,2012,True,har,0.0105292769556878,0.018285680006362083
126,27.12.2012,1,2012,True,har,0.0105674820272498,0.01935831790971873
126,28.12.2012,1,2012,True,har,0.0106784834549151,0.01889270381609381
126,31.12.2012,1,2012,True,har,0.0107999306495142,0.018799434313151064
126,03.01.2012,1,2012,True,har_ovx,0.0145777760553979,0.02414031682859744
126,04.01.2012,1,2012,True,har_ovx,0.0145177753319416,0.024708578533746132
126,05.01.2012,1,2012,True,har_ovx,0.0146632659817655,0.02375230982579273
126,06.01.2012,1,2012,True,har_ovx,0.0147964990806586,0.023424834812786333
126,09.01.2012,1,2012,True,har_ovx,0.0149297760009402,0.02249440988651729
126,10.01.2012,1,2012,True,har_ovx,0.0150625990665668,0.022232001747046967
126,11.01.2012,1,2012,True,har_ovx,0.0150669183344674,0.0212064651761984
126,12.01.2012,1,2012,True,har_ovx,0.0151004818890992,0.021257476818676395
126,13.01.2012,1,2012,True,har_ovx,0.0151247579205514,0.022038996068129802
126,17.01.2012,1,2012,True,har_ovx,0.0151026588834687,0.02242815257567768
126,18.01.2012,1,2012,True,har_ovx,0.0151237962594057,0.02149558491585311
126,19.01.2012,1,2012,True,har_ovx,0.0152717005236544,0.020767605991138645
126,20.01.2012,1,2012,True,har_ovx,0.0152328130119497,0.021354543465751594
126,23.01.2012,1,2012,True,har_ovx,0.0155142162233711,0.021633564253329053
126,24.01.2012,1,2012,True,har_ovx,0.015510167712889,0.02147069204528823
126,25.01.2012,1,2012,True,har_ovx,0.0155337261375353,0.021433881876938683
126,26.01.2012,1,2012,True,har_ovx,0.0155314458129258,0.0205963262992723
126,27.01.2012,1,2012,True,har_ovx,0.0155567790085071,0.02072974839552211
126,30.01.2012,1,2012,True,har_ovx,0.015548624256085,0.020527979724797224
126,31.01.2012,1,2012,True,har_ovx,0.015582462557518,0.020620489171581255
126,01.02.2012,1,2012,True,har_ovx,0.015601470433408,0.020945470852322425
126,02.02.2012,1,2012,True,har_ovx,0.0155950893675562,0.02241571627544071
126,03.02.2012,1,2012,True,har_ovx,0.0156758363790959,0.022364295924972258
126,06.02.2012,1,2012,True,har_ovx,0.0156474277874321,0.021568348259969783
126,07.02.2012,1,2012,True,har_ovx,0.0157739757147835,0.021593682944500314
126,08.02.2012,1,2012,True,har_ovx,0.0157556918286633,0.022291960070505032
126,09.02.2012,1,2012,True,har_ovx,0.0157433163421685,0.022267164352800746
126,10.02.2012,1,2012,True,har_ovx,0.0157162565811018,0.022384975022135007
126,13.02.2012,1,2012,True,har_ovx,0.0157176361894792,0.022644137077728638
126,14.02.2012,1,2012,True,har_ovx,0.0157205720320887,0.022957283628929365
126,15.02.2012,1,2012,True,har_ovx,0.0158057094716609,0.023180513529595628
126,16.02.2012,1,2012,True,har_ovx,0.015788469466996,0.02406718764019005
126,17.02.2012,1,2012,True,har_ovx,0.0159727575562073,0.02353696198500736
126,21.02.2012,1,2012,True,har_ovx,0.0158940289188971,0.02316833613660857
126,22.02.2012,1,2012,True,har_ovx,0.0158846835565562,0.024179974718931345
126,23.02.2012,1,2012,True,har_ovx,0.0158764882234562,0.023581863628638247
126,24.02.2012,1,2012,True,har_ovx,0.0158164964465513,0.023334276589877263
126,27.02.2012,1,2012,True,har_ovx,0.0158273839580247,0.02371252901208257
126,28.02.2012,1,2012,True,har_ovx,0.0157505450560947,0.023658864235697807
126,29.02.2012,1,2012,True,har_ovx,0.0157295218600711,0.022989386834253552
126,01.03.2012,1,2012,True,har_ovx,0.0155105302744304,0.02225768635525252
126,02.03.2012,1,2012,True,har_ovx,0.0154120991494354,0.022570282253687537
126,05.03.2012,1,2012,True,har_ovx,0.0154911582020053,0.02187769612343688
126,06.03.2012,1,2012,True,har_ovx,0.0154407954247908,0.022174300429665738
126,07.03.2012,1,2012,True,har_ovx,0.0153773147752347,0.0226779031333326
126,08.03.2012,1,2012,True,har_ovx,0.0153486097930676,0.021736313791852143
126,09.03.2012,1,2012,True,har_ovx,0.0153563816467997,0.021018362571360052
126,12.03.2012,1,2012,True,har_ovx,0.0153596796658207,0.02045568209189569
126,13.03.2012,1,2012,True,har_ovx,0.0153530871676082,0.01970545889507915
126,14.03.2012,1,2012,True,har_ovx,0.0153384085228211,0.019239039235787386
126,15.03.2012,1,2012,True,har_ovx,0.0153265992474743,0.01907433675380589
126,16.03.2012,1,2012,True,har_ovx,0.0156876197708906,0.01904327672801768
126,19.03.2012,1,2012,True,har_ovx,0.0159766134082811,0.018647377765902022
126,20.03.2012,1,2012,True,har_ovx,0.0160230952172777,0.0173945350084534
126,21.03.2012,1,2012,True,har_ovx,0.0160676775486692,0.018159078951560718
126,22.03.2012,1,2012,True,har_ovx,0.0160994593336958,0.017521255892262177
126,23.03.2012,1,2012,True,har_ovx,0.0160390596628814,0.01789877498837402
126,26.03.2012,1,2012,True,har_ovx,0.0160342107790585,0.01831670515116922
126,27.03.2012,1,2012,True,har_ovx,0.0161214232004501,0.01811316445304834
126,28.03.2012,1,2012,True,har_ovx,0.0161000155616072,0.018130275416798052
126,29.03.2012,1,2012,True,har_ovx,0.0160541455035582,0.018524587349051845
126,30.03.2012,1,2012,True,har_ovx,0.0160543573774603,0.01962417997301232
126,02.04.2012,1,2012,True,har_ovx,0.0161626137497834,0.019743367108765675
126,03.04.2012,1,2012,True,har_ovx,0.0165695380970189,0.019392939782101694
126,04.04.2012,1,2012,True,har_ovx,0.0164806018006992,0.019117081612237033
126,05.04.2012,1,2012,True,har_ovx,0.0164584285477043,0.019695843984172866
126,09.04.2012,1,2012,True,har_ovx,0.0165945849532195,0.01917137221311084
126,10.04.2012,1,2012,True,har_ovx,0.0164718679069038,0.0202621785611763
126,11.04.2012,1,2012,True,har_ovx,0.01650683269344,0.02107783746637117
126,12.04.2012,1,2012,True,har_ovx,0.0164855811909426,0.02040797918100095
126,13.04.2012,1,2012,True,har_ovx,0.0165127513757646,0.019619552018696404
126,16.04.2012,1,2012,True,har_ovx,0.0163586105498799,0.01968374266506557
126,17.04.2012,1,2012,True,har_ovx,0.0168117902428712,0.019988850028522756
126,18.04.2012,1,2012,True,har_ovx,0.0168104546224176,0.01904306277078396
126,19.04.2012,1,2012,True,har_ovx,0.0168354554749493,0.0189204170984654
126,20.04.2012,1,2012,True,har_ovx,0.0168254304503602,0.01874733072971484
126,23.04.2012,1,2012,True,har_ovx,0.0168359361172124,0.018073522556457274
126,24.04.2012,1,2012,True,har_ovx,0.0168577479884028,0.017892792056949713
126,25.04.2012,1,2012,True,har_ovx,0.0168516069352749,0.01748948066901967
126,26.04.2012,1,2012,True,har_ovx,0.0168423936254744,0.01717466579448487
126,27.04.2012,1,2012,True,har_ovx,0.0169609295270334,0.01652481280423592
126,30.04.2012,1,2012,True,har_ovx,0.0170551131181471,0.01642526093299628
126,01.05.2012,1,2012,True,har_ovx,0.0172812479340279,0.01696934686395106
126,02.05.2012,1,2012,True,har_ovx,0.0175873583852976,0.017305265710334673
126,03.05.2012,1,2012,True,har_ovx,0.0175236155355761,0.017338395514633113
126,04.05.2012,1,2012,True,har_ovx,0.017476617050301,0.01897787085318271
126,07.05.2012,1,2012,True,har_ovx,0.0174783329886654,0.020276541649179462
126,08.05.2012,1,2012,True,har_ovx,0.0174872177771769,0.01962645659143307
126,09.05.2012,1,2012,True,har_ovx,0.0175194452325314,0.019924985048374328
126,10.05.2012,1,2012,True,har_ovx,0.0175521285348176,0.020109358387377325
126,11.05.2012,1,2012,True,har_ovx,0.017548662997306,0.019900047098417598
126,14.05.2012,1,2012,True,har_ovx,0.0175589416927499,0.0197867068597564
126,15.05.2012,1,2012,True,har_ovx,0.0175707905067438,0.021644721479029193
126,16.05.2012,1,2012,True,har_ovx,0.0175709363710586,0.022333250974292937
126,17.05.2012,1,2012,True,har_ovx,0.0172322241290958,0.02191967461319691
126,18.05.2012,1,2012,True,har_ovx,0.017251394909336,0.022214699896983603
126,21.05.2012,1,2012,True,har_ovx,0.0171994360318269,0.022347533178745885
126,22.05.2012,1,2012,True,har_ovx,0.0172254478141715,0.020332396346810985
126,23.05.2012,1,2012,True,har_ovx,0.0170598064987337,0.020042701020015312
126,24.05.2012,1,2012,True,har_ovx,0.0170432807237621,0.020795814883179227
126,25.05.2012,1,2012,True,har_ovx,0.0170656896979821,0.019953241952215154
126,29.05.2012,1,2012,True,har_ovx,0.0170867285832886,0.019907741072660898
126,30.05.2012,1,2012,True,har_ovx,0.0169297815169168,0.02012874055811485
126,31.05.2012,1,2012,True,har_ovx,0.0168698800908178,0.021768819987742192
126,01.06.2012,1,2012,True,har_ovx,0.0165800498917023,0.02243879131606523
126,04.06.2012,1,2012,True,har_ovx,0.0165846080978857,0.026428102840819465
126,05.06.2012,1,2012,True,har_ovx,0.0166247829353357,0.02442585440741188
126,06.06.2012,1,2012,True,har_ovx,0.0166086269711941,0.02323346432320911
126,07.06.2012,1,2012,True,har_ovx,0.0166224003599285,0.022472393293662643
126,08.06.2012,1,2012,True,har_ovx,0.0166407768348307,0.023215116920953432
126,11.06.2012,1,2012,True,har_ovx,0.0165822248662574,0.02330217062456305
126,12.06.2012,1,2012,True,har_ovx,0.0165949408091549,0.026320052306787745
126,13.06.2012,1,2012,True,har_ovx,0.0165961628618157,0.024532082107967743
126,14.06.2012,1,2012,True,har_ovx,0.0166881119428615,0.02406576223851126
126,15.06.2012,1,2012,True,har_ovx,0.0166851995889412,0.02232095403981272
126,18.06.2012,1,2012,True,har_ovx,0.0166160781137284,0.02303996270571746
126,19.06.2012,1,2012,True,har_ovx,0.0166144565132832,0.022312849193428685
126,20.06.2012,1,2012,True,har_ovx,0.0163633198089996,0.021183848256858557
126,21.06.2012,1,2012,True,har_ovx,0.0159783758534747,0.022321570706819123
126,22.06.2012,1,2012,True,har_ovx,0.0159206037691158,0.023895957484561515
126,25.06.2012,1,2012,True,har_ovx,0.0159203552096618,0.02213256217037448
126,26.06.2012,1,2012,True,har_ovx,0.0158191466045016,0.023086304918663758
126,27.06.2012,1,2012,True,har_ovx,0.0158180320184503,0.02149835725585654
126,28.06.2012,1,2012,True,har_ovx,0.0156634551722749,0.020878099480450083
126,29.06.2012,1,2012,True,har_ovx,0.014521607376904,0.021421830041515346
126,02.07.2012,1,2012,True,har_ovx,0.0145405835718965,0.020748490961746056
126,03.07.2012,1,2012,True,har_ovx,0.0143053526534763,0.0210534659014812
126,05.07.2012,1,2012,True,har_ovx,0.014306472648866,0.020905340651437933
126,06.07.2012,1,2012,True,har_ovx,0.0141151278394292,0.021862910637827825
126,09.07.2012,1,2012,True,har_ovx,0.013994559380958,0.021452490682373527
126,10.07.2012,1,2012,True,har_ovx,0.0138875472805067,0.02067837171588266
126,11.07.2012,1,2012,True,har_ovx,0.0137517117055267,0.020923633182653677
126,12.07.2012,1,2012,True,har_ovx,0.0137388880144689,0.01963530621801493
126,13.07.2012,1,2012,True,har_ovx,0.0136955547456999,0.018585956285737386
126,16.07.2012,1,2012,True,har_ovx,0.0136641979136459,0.01807302660051074
126,17.07.2012,1,2012,True,har_ovx,0.0136746890047312,0.018086670674278986
126,18.07.2012,1,2012,True,har_ovx,0.0136478838652665,0.01864266657791631
126,19.07.2012,1,2012,True,har_ovx,0.013483073335198,0.018331238266386225
126,20.07.2012,1,2012,True,har_ovx,0.0134837769772735,0.020102765651953597
126,23.07.2012,1,2012,True,har_ovx,0.0131552430516285,0.0199829188146474
126,24.07.2012,1,2012,True,har_ovx,0.0131700385875092,0.021049151287072625
126,25.07.2012,1,2012,True,har_ovx,0.0131492215206664,0.020180224628926123
126,26.07.2012,1,2012,True,har_ovx,0.0131356947747843,0.019471834313373373
126,27.07.2012,1,2012,True,har_ovx,0.0131547075021821,0.018869866614056346
126,30.07.2012,1,2012,True,har_ovx,0.0131676479571898,0.018597473122600162
126,31.07.2012,1,2012,True,har_ovx,0.0131197947636473,0.019881248143353
126,01.08.2012,1,2012,True,har_ovx,0.0130955498689713,0.02087979660260548
126,02.08.2012,1,2012,True,har_ovx,0.013096214453905,0.02100085925929074
126,03.08.2012,1,2012,True,har_ovx,0.012863062696721,0.020672230674035466
126,06.08.2012,1,2012,True,har_ovx,0.0128839946358593,0.021011812594501342
126,07.08.2012,1,2012,True,har_ovx,0.0128259150716641,0.020248454224991507
126,08.08.2012,1,2012,True,har_ovx,0.0129289361297168,0.0207003784588354
126,09.08.2012,1,2012,True,har_ovx,0.0129084828742818,0.02027044988451651
126,10.08.2012,1,2012,True,har_ovx,0.0129091847697804,0.019896551447656185
126,13.08.2012,1,2012,True,har_ovx,0.0129710003642036,0.019656439344816642
126,14.08.2012,1,2012,True,har_ovx,0.0129831061741439,0.01901697934968987
126,15.08.2012,1,2012,True,har_ovx,0.0128704288895695,0.01908011621559266
126,16.08.2012,1,2012,True,har_ovx,0.0128814800678675,0.020034592370313086
126,17.08.2012,1,2012,True,har_ovx,0.0126496317530657,0.020515120424625992
126,20.08.2012,1,2012,True,har_ovx,0.0127107034633888,0.020158017931994433
126,21.08.2012,1,2012,True,har_ovx,0.0126953870544374,0.020443241160807816
126,22.08.2012,1,2012,True,har_ovx,0.0126935993556436,0.020612050590996522
126,23.08.2012,1,2012,True,har_ovx,0.0126950362914378,0.020734788313537627
126,24.08.2012,1,2012,True,har_ovx,0.0126577104140312,0.021126689581767333
126,27.08.2012,1,2012,True,har_ovx,0.0126232094436122,0.021022809244580207
126,28.08.2012,1,2012,True,har_ovx,0.0126526105812828,0.021793505061168013
126,29.08.2012,1,2012,True,har_ovx,0.0126755168961718,0.021618532531963393
126,30.08.2012,1,2012,True,har_ovx,0.0126750642916616,0.02131843326126053
126,31.08.2012,1,2012,True,har_ovx,0.0126768068950112,0.020940874238729656
126,04.09.2012,1,2012,True,har_ovx,0.0127209226953875,0.021182764129183386
126,05.09.2012,1,2012,True,har_ovx,0.0127335417963875,0.022319228086332278
126,06.09.2012,1,2012,True,har_ovx,0.0127301492076352,0.022714352747179423
126,07.09.2012,1,2012,True,har_ovx,0.0127226455699972,0.022916866751013953
126,10.09.2012,1,2012,True,har_ovx,0.0127542862601167,0.022197344637205345
126,11.09.2012,1,2012,True,har_ovx,0.0127483694237048,0.0220322773276439
126,12.09.2012,1,2012,True,har_ovx,0.0127433740453059,0.021833934589448722
126,13.09.2012,1,2012,True,har_ovx,0.012752161028638,0.02222829830878233
126,18.09.2012,1,2012,True,har_ovx,0.0121814386527972,0.022303599388693123
126,19.09.2012,1,2012,True,har_ovx,0.0121369632543216,0.02367700752641632
126,20.09.2012,1,2012,True,har_ovx,0.0120573482120742,0.02390637895486644
126,21.09.2012,1,2012,True,har_ovx,0.0121433930437303,0.02178060835355532
126,24.09.2012,1,2012,True,har_ovx,0.0120882699866894,0.021494360860892885
126,25.09.2012,1,2012,True,har_ovx,0.0121523590351855,0.02200338560874117
126,26.09.2012,1,2012,True,har_ovx,0.0121533886841604,0.02179860243013274
126,27.09.2012,1,2012,True,har_ovx,0.0121092754506453,0.02203625057143178
126,28.09.2012,1,2012,True,har_ovx,0.0121407589144143,0.020768284453996304
126,01.10.2012,1,2012,True,har_ovx,0.0123603242616177,0.02024327025939851
126,02.10.2012,1,2012,True,har_ovx,0.0123533351283096,0.020372207371921035
126,03.10.2012,1,2012,True,har_ovx,0.0120539581854097,0.020213954857641783
126,04.10.2012,1,2012,True,har_ovx,0.0115355443527678,0.022015050789429218
126,05.10.2012,1,2012,True,har_ovx,0.011543279501,0.02039319840678243
126,08.10.2012,1,2012,True,har_ovx,0.0115667969097538,0.019733407406460922
126,09.10.2012,1,2012,True,har_ovx,0.0113549551301897,0.020498895448862596
126,10.10.2012,1,2012,True,har_ovx,0.0114343306431833,0.020781618126263432
126,11.10.2012,1,2012,True,har_ovx,0.0114805194207736,0.02071494249104201
126,12.10.2012,1,2012,True,har_ovx,0.0114555631753657,0.020159984222811185
126,15.10.2012,1,2012,True,har_ovx,0.0114303248988334,0.019639536895424227
126,16.10.2012,1,2012,True,har_ovx,0.0114797010897771,0.019707436243032745
126,19.10.2012,1,2012,True,har_ovx,0.0110133040038899,0.020252787323155712
126,22.10.2012,1,2012,True,har_ovx,0.011307766250225,0.01963553167543184
126,23.10.2012,1,2012,True,har_ovx,0.01133145705696,0.020078453630786346
126,24.10.2012,1,2012,True,har_ovx,0.0113810135211671,0.020857409831703023
126,25.10.2012,1,2012,True,har_ovx,0.0114018397844662,0.020374032399968336
126,26.10.2012,1,2012,True,har_ovx,0.0113662350072431,0.019645965590530126
126,31.10.2012,1,2012,True,har_ovx,0.0113476443296173,0.019267340146255935
126,01.11.2012,1,2012,True,har_ovx,0.0113492973345829,0.01939018203595727
126,02.11.2012,1,2012,True,har_ovx,0.0111987539881377,0.01878843269418179
126,05.11.2012,1,2012,True,har_ovx,0.0110631141429004,0.019593533839879385
126,06.11.2012,1,2012,True,har_ovx,0.0107546255031646,0.01925152082572644
126,07.11.2012,1,2012,True,har_ovx,0.0101854695406239,0.01947048514942939
126,08.11.2012,1,2012,True,har_ovx,0.0101784348639986,0.021050866187948013
126,09.11.2012,1,2012,True,har_ovx,0.0100169614085346,0.020445493768995838
126,12.11.2012,1,2012,True,har_ovx,0.0100162193468918,0.019112743706295704
126,13.11.2012,1,2012,True,har_ovx,0.0100565365115152,0.0183121899950819
126,14.11.2012,1,2012,True,har_ovx,0.0099908578535509,0.018953090301606884
126,15.11.2012,1,2012,True,har_ovx,0.0099255441687491,0.01879802637366503
126,19.11.2012,1,2012,True,har_ovx,0.0100270431732346,0.018149114465484777
126,20.11.2012,1,2012,True,har_ovx,0.0101108907652939,0.018310494620569856
126,21.11.2012,1,2012,True,har_ovx,0.0100729817759733,0.017710034050740602
126,23.11.2012,1,2012,True,har_ovx,0.0101760576078795,0.01837896781604472
126,26.11.2012,1,2012,True,har_ovx,0.0102877530919564,0.01832558630650965
126,27.11.2012,1,2012,True,har_ovx,0.0103133584559331,0.01827772511434768
126,28.11.2012,1,2012,True,har_ovx,0.0103111478970504,0.017865973000719657
126,29.11.2012,1,2012,True,har_ovx,0.0102706092270808,0.01781258261323977
126,30.11.2012,1,2012,True,har_ovx,0.0102979782140386,0.01763684522680863
126,03.12.2012,1,2012,True,har_ovx,0.0103070507352108,0.017206200121826453
126,04.12.2012,1,2012,True,har_ovx,0.0103055212567898,0.017670524407852026
126,05.12.2012,1,2012,True,har_ovx,0.0102864306481827,0.018298590914126132
126,06.12.2012,1,2012,True,har_ovx,0.0102067668218004,0.018634514248049534
126,07.12.2012,1,2012,True,har_ovx,0.0102068984688736,0.019596751633496702
126,10.12.2012,1,2012,True,har_ovx,0.0103107745044765,0.020423149785482396
126,11.12.2012,1,2012,True,har_ovx,0.0102951384075359,0.02090867215765556
126,12.12.2012,1,2012,True,har_ovx,0.0107625065818783,0.021118098322456473
126,13.12.2012,1,2012,True,har_ovx,0.0107393761581447,0.020554530708140787
126,14.12.2012,1,2012,True,har_ovx,0.0106891309786576,0.020689544859826978
126,19.12.2012,1,2012,True,har_ovx,0.010639064986288,0.02051912390787717
126,20.12.2012,1,2012,True,har_ovx,0.010646797528319,0.019536372117466786
126,21.12.2012,1,2012,True,har_ovx,0.010657162439974,0.019445907666739
126,24.12.2012,1,2012,True,har_ovx,0.0106700451804097,0.020271289169685198
126,26.12.2012,1,2012,True,har_ovx,0.0105292769556878,0.020201993664135783
126,27.12.2012,1,2012,True,har_ovx,0.0105674820272498,0.019977516264206352
126,28.12.2012,1,2012,True,har_ovx,0.0106784834549151,0.01941180467879347
126,31.12.2012,1,2012,True,har_ovx,0.0107999306495142,0.019972400340267895
126,03.01.2012,1,2012,True,har_gpr,0.0145777760553979,0.020889086536011982
126,04.01.2012,1,2012,True,har_gpr,0.0145177753319416,0.024719622462715106
126,05.01.2012,1,2012,True,har_gpr,0.0146632659817655,0.02417041367303173
126,06.01.2012,1,2012,True,har_gpr,0.0147964990806586,0.023866675515583385
126,09.01.2012,1,2012,True,har_gpr,0.0149297760009402,0.02368549375275688
126,10.01.2012,1,2012,True,har_gpr,0.0150625990665668,0.021091926405208336
126,11.01.2012,1,2012,True,har_gpr,0.0150669183344674,0.01977135460180681
126,12.01.2012,1,2012,True,har_gpr,0.0151004818890992,0.01955790552212068
126,13.01.2012,1,2012,True,har_gpr,0.0151247579205514,0.019436728955675005
126,17.01.2012,1,2012,True,har_gpr,0.0151026588834687,0.01844186080330861
126,18.01.2012,1,2012,True,har_gpr,0.0151237962594057,0.01793070075206673
126,19.01.2012,1,2012,True,har_gpr,0.0152717005236544,0.01758681126606175
126,20.01.2012,1,2012,True,har_gpr,0.0152328130119497,0.01773717147969847
126,23.01.2012,1,2012,True,har_gpr,0.0155142162233711,0.017847128896569142
126,24.01.2012,1,2012,True,har_gpr,0.015510167712889,0.017915130547494672
126,25.01.2012,1,2012,True,har_gpr,0.0155337261375353,0.017754845074918025
126,26.01.2012,1,2012,True,har_gpr,0.0155314458129258,0.017646977236535456
126,27.01.2012,1,2012,True,har_gpr,0.0155567790085071,0.01778330312324784
126,30.01.2012,1,2012,True,har_gpr,0.015548624256085,0.017131405715991324
126,31.01.2012,1,2012,True,har_gpr,0.015582462557518,0.015610927369942162
126,01.02.2012,1,2012,True,har_gpr,0.015601470433408,0.015406591684945263
126,02.02.2012,1,2012,True,har_gpr,0.0155950893675562,0.014066899931575479
126,03.02.2012,1,2012,True,har_gpr,0.0156758363790959,0.013776454299211946
126,06.02.2012,1,2012,True,har_gpr,0.0156474277874321,0.01517574996461576
126,07.02.2012,1,2012,True,har_gpr,0.0157739757147835,0.016483662645738858
126,08.02.2012,1,2012,True,har_gpr,0.0157556918286633,0.016235757817058598
126,09.02.2012,1,2012,True,har_gpr,0.0157433163421685,0.01633637055002459
126,10.02.2012,1,2012,True,har_gpr,0.0157162565811018,0.016307212098550634
126,13.02.2012,1,2012,True,har_gpr,0.0157176361894792,0.01660694110384041
126,14.02.2012,1,2012,True,har_gpr,0.0157205720320887,0.019202456259133097
126,15.02.2012,1,2012,True,har_gpr,0.0158057094716609,0.01909361938483575
126,16.02.2012,1,2012,True,har_gpr,0.015788469466996,0.019059493552577123
126,17.02.2012,1,2012,True,har_gpr,0.0159727575562073,0.019095534122869757
126,21.02.2012,1,2012,True,har_gpr,0.0158940289188971,0.018375273641635742
126,22.02.2012,1,2012,True,har_gpr,0.0158846835565562,0.018529067796517338
126,23.02.2012,1,2012,True,har_gpr,0.0158764882234562,0.018268184085018797
126,24.02.2012,1,2012,True,har_gpr,0.0158164964465513,0.018117666875218628
126,27.02.2012,1,2012,True,har_gpr,0.0158273839580247,0.018455380653499158
126,28.02.2012,1,2012,True,har_gpr,0.0157505450560947,0.01924406263648051
126,29.02.2012,1,2012,True,har_gpr,0.0157295218600711,0.020450343393077344
126,01.03.2012,1,2012,True,har_gpr,0.0155105302744304,0.02017703649338863
126,02.03.2012,1,2012,True,har_gpr,0.0154120991494354,0.021553892547727067
126,05.03.2012,1,2012,True,har_gpr,0.0154911582020053,0.021992670599691573
126,06.03.2012,1,2012,True,har_gpr,0.0154407954247908,0.017534092331342767
126,07.03.2012,1,2012,True,har_gpr,0.0153773147752347,0.017816008491267916
126,08.03.2012,1,2012,True,har_gpr,0.0153486097930676,0.018140896023158125
126,09.03.2012,1,2012,True,har_gpr,0.0153563816467997,0.017477084279524956
126,12.03.2012,1,2012,True,har_gpr,0.0153596796658207,0.016823126398479014
126,13.03.2012,1,2012,True,har_gpr,0.0153530871676082,0.01896393365220083
126,14.03.2012,1,2012,True,har_gpr,0.0153384085228211,0.01849215276671402
126,15.03.2012,1,2012,True,har_gpr,0.0153265992474743,0.018694943585454288
126,16.03.2012,1,2012,True,har_gpr,0.0156876197708906,0.01879856493748824
126,19.03.2012,1,2012,True,har_gpr,0.0159766134082811,0.01955274349436351
126,20.03.2012,1,2012,True,har_gpr,0.0160230952172777,0.021319467061064298
126,21.03.2012,1,2012,True,har_gpr,0.0160676775486692,0.0216246532610559
126,22.03.2012,1,2012,True,har_gpr,0.0160994593336958,0.02125739408904049
126,23.03.2012,1,2012,True,har_gpr,0.0160390596628814,0.02139049913275551
126,26.03.2012,1,2012,True,har_gpr,0.0160342107790585,0.021475520919876517
126,27.03.2012,1,2012,True,har_gpr,0.0161214232004501,0.01915019891211883
126,28.03.2012,1,2012,True,har_gpr,0.0161000155616072,0.01850631253985908
126,29.03.2012,1,2012,True,har_gpr,0.0160541455035582,0.018994104111026092
126,30.03.2012,1,2012,True,har_gpr,0.0160543573774603,0.018797595695835723
126,02.04.2012,1,2012,True,har_gpr,0.0161626137497834,0.017897158203214938
126,03.04.2012,1,2012,True,har_gpr,0.0165695380970189,0.01414093397327425
126,04.04.2012,1,2012,True,har_gpr,0.0164806018006992,0.0137306299758832
126,05.04.2012,1,2012,True,har_gpr,0.0164584285477043,0.014340146582095207
126,09.04.2012,1,2012,True,har_gpr,0.0165945849532195,0.013977374281199252
126,10.04.2012,1,2012,True,har_gpr,0.0164718679069038,0.018543255280447302
126,11.04.2012,1,2012,True,har_gpr,0.01650683269344,0.01889515749369469
126,12.04.2012,1,2012,True,har_gpr,0.0164855811909426,0.018526771986133592
126,13.04.2012,1,2012,True,har_gpr,0.0165127513757646,0.018871429066193886
126,16.04.2012,1,2012,True,har_gpr,0.0163586105498799,0.01844085996106862
126,17.04.2012,1,2012,True,har_gpr,0.0168117902428712,0.02071689133618195
126,18.04.2012,1,2012,True,har_gpr,0.0168104546224176,0.01987857589862955
126,19.04.2012,1,2012,True,har_gpr,0.0168354554749493,0.019941954503835346
126,20.04.2012,1,2012,True,har_gpr,0.0168254304503602,0.019482721165604698
126,23.04.2012,1,2012,True,har_gpr,0.0168359361172124,0.019757629769254527
126,24.04.2012,1,2012,True,har_gpr,0.0168577479884028,0.019269596746678705
126,25.04.2012,1,2012,True,har_gpr,0.0168516069352749,0.019374320344284088
126,26.04.2012,1,2012,True,har_gpr,0.0168423936254744,0.01954143635773381
126,27.04.2012,1,2012,True,har_gpr,0.0169609295270334,0.019542689487583604
126,30.04.2012,1,2012,True,har_gpr,0.0170551131181471,0.019289165740703263
126,01.05.2012,1,2012,True,har_gpr,0.0172812479340279,0.019889649633914073
126,02.05.2012,1,2012,True,har_gpr,0.0175873583852976,0.01938182884983508
126,03.05.2012,1,2012,True,har_gpr,0.0175236155355761,0.019940255443990383
126,04.05.2012,1,2012,True,har_gpr,0.017476617050301,0.020164466265286618
126,07.05.2012,1,2012,True,har_gpr,0.0174783329886654,0.020860412358246237
126,08.05.2012,1,2012,True,har_gpr,0.0174872177771769,0.020144941079764583
126,09.05.2012,1,2012,True,har_gpr,0.0175194452325314,0.019792018563585277
126,10.05.2012,1,2012,True,har_gpr,0.0175521285348176,0.02007834631076745
126,11.05.2012,1,2012,True,har_gpr,0.017548662997306,0.019740209491145133
126,14.05.2012,1,2012,True,har_gpr,0.0175589416927499,0.018818790408357267
126,15.05.2012,1,2012,True,har_gpr,0.0175707905067438,0.017945358450505502
126,16.05.2012,1,2012,True,har_gpr,0.0175709363710586,0.018181501639352973
126,17.05.2012,1,2012,True,har_gpr,0.0172322241290958,0.018069076769287915
126,18.05.2012,1,2012,True,har_gpr,0.017251394909336,0.021163325884205813
126,21.05.2012,1,2012,True,har_gpr,0.0171994360318269,0.020329945954213967
126,22.05.2012,1,2012,True,har_gpr,0.0172254478141715,0.022592532617947657
126,23.05.2012,1,2012,True,har_gpr,0.0170598064987337,0.02224020460934086
126,24.05.2012,1,2012,True,har_gpr,0.0170432807237621,0.023120878008306093
126,25.05.2012,1,2012,True,har_gpr,0.0170656896979821,0.022198159953515272
126,29.05.2012,1,2012,True,har_gpr,0.0170867285832886,0.022092217924746946
126,30.05.2012,1,2012,True,har_gpr,0.0169297815169168,0.019934537031160077
126,31.05.2012,1,2012,True,har_gpr,0.0168698800908178,0.02138395684519553
126,01.06.2012,1,2012,True,har_gpr,0.0165800498917023,0.02084462878056708
126,04.06.2012,1,2012,True,har_gpr,0.0165846080978857,0.02165536063982706
126,05.06.2012,1,2012,True,har_gpr,0.0166247829353357,0.0222503879603647
126,06.06.2012,1,2012,True,har_gpr,0.0166086269711941,0.02219436999748091
126,07.06.2012,1,2012,True,har_gpr,0.0166224003599285,0.023198536237574438
126,08.06.2012,1,2012,True,har_gpr,0.0166407768348307,0.022828990135290807
126,11.06.2012,1,2012,True,har_gpr,0.0165822248662574,0.021672798867258508
126,12.06.2012,1,2012,True,har_gpr,0.0165949408091549,0.02086022929840234
126,13.06.2012,1,2012,True,har_gpr,0.0165961628618157,0.020770049092305
126,14.06.2012,1,2012,True,har_gpr,0.0166881119428615,0.01968536366729143
126,15.06.2012,1,2012,True,har_gpr,0.0166851995889412,0.019796091173832006
126,18.06.2012,1,2012,True,har_gpr,0.0166160781137284,0.019639843942283387
126,19.06.2012,1,2012,True,har_gpr,0.0166144565132832,0.01966783043039825
126,20.06.2012,1,2012,True,har_gpr,0.0163633198089996,0.019075282337697327
126,21.06.2012,1,2012,True,har_gpr,0.0159783758534747,0.020904764175055403
126,22.06.2012,1,2012,True,har_gpr,0.0159206037691158,0.02172864263457403
126,25.06.2012,1,2012,True,har_gpr,0.0159203552096618,0.022086043581172624
126,26.06.2012,1,2012,True,har_gpr,0.0158191466045016,0.0236635997931923
126,27.06.2012,1,2012,True,har_gpr,0.0158180320184503,0.02500689088772789
126,28.06.2012,1,2012,True,har_gpr,0.0156634551722749,0.023931692886698216
126,29.06.2012,1,2012,True,har_gpr,0.014521607376904,0.02372073876057544
126,02.07.2012,1,2012,True,har_gpr,0.0145405835718965,0.02819487277391557
126,03.07.2012,1,2012,True,har_gpr,0.0143053526534763,0.025811212690381426
126,05.07.2012,1,2012,True,har_gpr,0.014306472648866,0.02695603733465842
126,06.07.2012,1,2012,True,har_gpr,0.0141151278394292,0.026184559736271432
126,09.07.2012,1,2012,True,har_gpr,0.013994559380958,0.0269786762058342
126,10.07.2012,1,2012,True,har_gpr,0.0138875472805067,0.024120205226352824
126,11.07.2012,1,2012,True,har_gpr,0.0137517117055267,0.02466967316284574
126,12.07.2012,1,2012,True,har_gpr,0.0137388880144689,0.02441671013807076
126,13.07.2012,1,2012,True,har_gpr,0.0136955547456999,0.02416421367808614
126,16.07.2012,1,2012,True,har_gpr,0.0136641979136459,0.023739629320293883
126,17.07.2012,1,2012,True,har_gpr,0.0136746890047312,0.0249036293072009
126,18.07.2012,1,2012,True,har_gpr,0.0136478838652665,0.023382104605702475
126,19.07.2012,1,2012,True,har_gpr,0.013483073335198,0.023114081041540353
126,20.07.2012,1,2012,True,har_gpr,0.0134837769772735,0.023500986767220487
126,23.07.2012,1,2012,True,har_gpr,0.0131552430516285,0.023079348425329493
126,24.07.2012,1,2012,True,har_gpr,0.0131700385875092,0.025636218736306105
126,25.07.2012,1,2012,True,har_gpr,0.0131492215206664,0.02492448876941002
126,26.07.2012,1,2012,True,har_gpr,0.0131356947747843,0.02497889496748546
126,27.07.2012,1,2012,True,har_gpr,0.0131547075021821,0.024489527133012775
126,30.07.2012,1,2012,True,har_gpr,0.0131676479571898,0.024372498693594914
126,31.07.2012,1,2012,True,har_gpr,0.0131197947636473,0.018059121431347566
126,01.08.2012,1,2012,True,har_gpr,0.0130955498689713,0.018828733831456133
126,02.08.2012,1,2012,True,har_gpr,0.013096214453905,0.01836661019713324
126,03.08.2012,1,2012,True,har_gpr,0.012863062696721,0.018122181519170638
126,06.08.2012,1,2012,True,har_gpr,0.0128839946358593,0.019255556160988185
126,07.08.2012,1,2012,True,har_gpr,0.0128259150716641,0.02265772578153467
126,08.08.2012,1,2012,True,har_gpr,0.0129289361297168,0.022347663943298485
126,09.08.2012,1,2012,True,har_gpr,0.0129084828742818,0.021889672290538172
126,10.08.2012,1,2012,True,har_gpr,0.0129091847697804,0.02188279002515677
126,13.08.2012,1,2012,True,har_gpr,0.0129710003642036,0.021500035925836988
126,14.08.2012,1,2012,True,har_gpr,0.0129831061741439,0.020758020778771175
126,15.08.2012,1,2012,True,har_gpr,0.0128704288895695,0.020140862946533278
126,16.08.2012,1,2012,True,har_gpr,0.0128814800678675,0.020979372905939576
126,17.08.2012,1,2012,True,har_gpr,0.0126496317530657,0.02043284266109817
126,20.08.2012,1,2012,True,har_gpr,0.0127107034633888,0.022477233136039776
126,21.08.2012,1,2012,True,har_gpr,0.0126953870544374,0.021612971261343195
126,22.08.2012,1,2012,True,har_gpr,0.0126935993556436,0.021826536239344323
126,23.08.2012,1,2012,True,har_gpr,0.0126950362914378,0.021340733411437125
126,24.08.2012,1,2012,True,har_gpr,0.0126577104140312,0.021251059323643077
126,27.08.2012,1,2012,True,har_gpr,0.0126232094436122,0.020880298435592432
126,28.08.2012,1,2012,True,har_gpr,0.0126526105812828,0.021132473435423717
126,29.08.2012,1,2012,True,har_gpr,0.0126755168961718,0.020631344739906
126,30.08.2012,1,2012,True,har_gpr,0.0126750642916616,0.020506933725342128
126,31.08.2012,1,2012,True,har_gpr,0.0126768068950112,0.020516583923141367
126,04.09.2012,1,2012,True,har_gpr,0.0127209226953875,0.02088162155997089
126,05.09.2012,1,2012,True,har_gpr,0.0127335417963875,0.018368701170588492
126,06.09.2012,1,2012,True,har_gpr,0.0127301492076352,0.018492089858473518
126,07.09.2012,1,2012,True,har_gpr,0.0127226455699972,0.018372417418592364
126,10.09.2012,1,2012,True,har_gpr,0.0127542862601167,0.01843166032025988
126,11.09.2012,1,2012,True,har_gpr,0.0127483694237048,0.018073515618032873
126,12.09.2012,1,2012,True,har_gpr,0.0127433740453059,0.018058803809351202
126,13.09.2012,1,2012,True,har_gpr,0.012752161028638,0.017413897254823618
126,18.09.2012,1,2012,True,har_gpr,0.0121814386527972,0.017281366205731334
126,19.09.2012,1,2012,True,har_gpr,0.0121369632543216,0.022713576688332442
126,20.09.2012,1,2012,True,har_gpr,0.0120573482120742,0.02314723003117111
126,21.09.2012,1,2012,True,har_gpr,0.0121433930437303,0.023244523163928027
126,24.09.2012,1,2012,True,har_gpr,0.0120882699866894,0.023349249582304013
126,25.09.2012,1,2012,True,har_gpr,0.0121523590351855,0.0219185589001789
126,26.09.2012,1,2012,True,har_gpr,0.0121533886841604,0.021138067332528168
126,27.09.2012,1,2012,True,har_gpr,0.0121092754506453,0.019998080365942767
126,28.09.2012,1,2012,True,har_gpr,0.0121407589144143,0.020443623993671306
126,01.10.2012,1,2012,True,har_gpr,0.0123603242616177,0.020024148853098587
126,02.10.2012,1,2012,True,har_gpr,0.0123533351283096,0.021158180055078486
126,03.10.2012,1,2012,True,har_gpr,0.0120539581854097,0.02136372868535838
126,04.10.2012,1,2012,True,har_gpr,0.0115355443527678,0.023135569368660864
126,05.10.2012,1,2012,True,har_gpr,0.011543279501,0.02501663462987723
126,08.10.2012,1,2012,True,har_gpr,0.0115667969097538,0.024252372608628996
126,09.10.2012,1,2012,True,har_gpr,0.0113549551301897,0.024177314499491835
126,10.10.2012,1,2012,True,har_gpr,0.0114343306431833,0.0250766182074858
126,11.10.2012,1,2012,True,har_gpr,0.0114805194207736,0.02370775531714711
126,12.10.2012,1,2012,True,har_gpr,0.0114555631753657,0.02307658791385283
126,15.10.2012,1,2012,True,har_gpr,0.0114303248988334,0.02317341341135285
126,16.10.2012,1,2012,True,har_gpr,0.0114797010897771,0.022865271560371034
126,19.10.2012,1,2012,True,har_gpr,0.0110133040038899,0.02164099049101873
126,22.10.2012,1,2012,True,har_gpr,0.011307766250225,0.02425413469684505
126,23.10.2012,1,2012,True,har_gpr,0.01133145705696,0.021675185512251192
126,24.10.2012,1,2012,True,har_gpr,0.0113810135211671,0.021735416480995494
126,25.10.2012,1,2012,True,har_gpr,0.0114018397844662,0.02114475877131733
126,26.10.2012,1,2012,True,har_gpr,0.0113662350072431,0.021448992895696503
126,31.10.2012,1,2012,True,har_gpr,0.0113476443296173,0.02037185554790682
126,01.11.2012,1,2012,True,har_gpr,0.0113492973345829,0.021897931179658013
126,02.11.2012,1,2012,True,har_gpr,0.0111987539881377,0.021674784922433382
126,05.11.2012,1,2012,True,har_gpr,0.0110631141429004,0.022898434687877917
126,06.11.2012,1,2012,True,har_gpr,0.0107546255031646,0.023164949530690197
126,07.11.2012,1,2012,True,har_gpr,0.0101854695406239,0.024025777850110154
126,08.11.2012,1,2012,True,har_gpr,0.0101784348639986,0.024959826535010624
126,09.11.2012,1,2012,True,har_gpr,0.0100169614085346,0.024246171676517818
126,12.11.2012,1,2012,True,har_gpr,0.0100162193468918,0.02458833272740164
126,13.11.2012,1,2012,True,har_gpr,0.0100565365115152,0.023869597747001654
126,14.11.2012,1,2012,True,har_gpr,0.0099908578535509,0.022102537532313782
126,15.11.2012,1,2012,True,har_gpr,0.0099255441687491,0.02099206920825685
126,19.11.2012,1,2012,True,har_gpr,0.0100270431732346,0.021110232078099523
126,20.11.2012,1,2012,True,har_gpr,0.0101108907652939,0.01997373558450861
126,21.11.2012,1,2012,True,har_gpr,0.0100729817759733,0.020302923754564533
126,23.11.2012,1,2012,True,har_gpr,0.0101760576078795,0.01939006875282762
126,26.11.2012,1,2012,True,har_gpr,0.0102877530919564,0.01916145894622586
126,27.11.2012,1,2012,True,har_gpr,0.0103133584559331,0.021017169964117656
126,28.11.2012,1,2012,True,har_gpr,0.0103111478970504,0.021314552473594074
126,29.11.2012,1,2012,True,har_gpr,0.0102706092270808,0.021067159843389922
126,30.11.2012,1,2012,True,har_gpr,0.0102979782140386,0.021336635927924234
126,03.12.2012,1,2012,True,har_gpr,0.0103070507352108,0.021144552998498368
126,04.12.2012,1,2012,True,har_gpr,0.0103055212567898,0.020580952688834236
126,05.12.2012,1,2012,True,har_gpr,0.0102864306481827,0.020479096570716292
126,06.12.2012,1,2012,True,har_gpr,0.0102067668218004,0.020472758621307666
126,07.12.2012,1,2012,True,har_gpr,0.0102068984688736,0.02005230465108656
126,10.12.2012,1,2012,True,har_gpr,0.0103107745044765,0.018490868003933295
126,11.12.2012,1,2012,True,har_gpr,0.0102951384075359,0.01818281567784547
126,12.12.2012,1,2012,True,har_gpr,0.0107625065818783,0.018105147739777925
126,13.12.2012,1,2012,True,har_gpr,0.0107393761581447,0.018644681578712293
126,14.12.2012,1,2012,True,har_gpr,0.0106891309786576,0.01871791551004872
126,19.12.2012,1,2012,True,har_gpr,0.010639064986288,0.018718632604174567
126,20.12.2012,1,2012,True,har_gpr,0.010646797528319,0.020186624168232185
126,21.12.2012,1,2012,True,har_gpr,0.010657162439974,0.0200276289380006
126,24.12.2012,1,2012,True,har_gpr,0.0106700451804097,0.020288906160437013
126,26.12.2012,1,2012,True,har_gpr,0.0105292769556878,0.02215991117555875
126,27.12.2012,1,2012,True,har_gpr,0.0105674820272498,0.02324848216112468
126,28.12.2012,1,2012,True,har_gpr,0.0106784834549151,0.022780854995739747
126,31.12.2012,1,2012,True,har_gpr,0.0107999306495142,0.022692681477920165
126,03.01.2012,1,2012,True,har_x,0.0145777760553979,0.0243222409864881
126,04.01.2012,1,2012,True,har_x,0.0145177753319416,0.026119653974215038
126,05.01.2012,1,2012,True,har_x,0.0146632659817655,0.02517807651689821
126,06.01.2012,1,2012,True,har_x,0.0147964990806586,0.024825381840067075
126,09.01.2012,1,2012,True,har_x,0.0149297760009402,0.023917168305394827
126,10.01.2012,1,2012,True,har_x,0.0150625990665668,0.0209511550699105
126,11.01.2012,1,2012,True,har_x,0.0150669183344674,0.019740279962729087
126,12.01.2012,1,2012,True,har_x,0.0151004818890992,0.019760342765179663
126,13.01.2012,1,2012,True,har_x,0.0151247579205514,0.020533132606173714
126,17.01.2012,1,2012,True,har_x,0.0151026588834687,0.02094677490763224
126,18.01.2012,1,2012,True,har_x,0.0151237962594057,0.01929112749633894
126,19.01.2012,1,2012,True,har_x,0.0152717005236544,0.01856184132464768
126,20.01.2012,1,2012,True,har_x,0.0152328130119497,0.019157237838335804
126,23.01.2012,1,2012,True,har_x,0.0155142162233711,0.01947042650203587
126,24.01.2012,1,2012,True,har_x,0.015510167712889,0.019628797373663992
126,25.01.2012,1,2012,True,har_x,0.0155337261375353,0.019569179738414322
126,26.01.2012,1,2012,True,har_x,0.0155314458129258,0.018739908949050442
126,27.01.2012,1,2012,True,har_x,0.0155567790085071,0.018876985285283164
126,30.01.2012,1,2012,True,har_x,0.015548624256085,0.018622650615787745
126,31.01.2012,1,2012,True,har_x,0.015582462557518,0.017259094347957176
126,01.02.2012,1,2012,True,har_x,0.015601470433408,0.017567175029065983
126,02.02.2012,1,2012,True,har_x,0.0155950893675562,0.019066841733929234
126,03.02.2012,1,2012,True,har_x,0.0156758363790959,0.01901088656236653
126,06.02.2012,1,2012,True,har_x,0.0156474277874321,0.018306121058941905
126,07.02.2012,1,2012,True,har_x,0.0157739757147835,0.01989740099762853
126,08.02.2012,1,2012,True,har_x,0.0157556918286633,0.020581345053642223
126,09.02.2012,1,2012,True,har_x,0.0157433163421685,0.020552264572671737
126,10.02.2012,1,2012,True,har_x,0.0157162565811018,0.02065945166743862
126,13.02.2012,1,2012,True,har_x,0.0157176361894792,0.02095237546977398
126,14.02.2012,1,2012,True,har_x,0.0157205720320887,0.023623307256344827
126,15.02.2012,1,2012,True,har_x,0.0158057094716609,0.023844099032439173
126,16.02.2012,1,2012,True,har_x,0.015788469466996,0.024714871956853516
126,17.02.2012,1,2012,True,har_x,0.0159727575562073,0.024186106250478737
126,21.02.2012,1,2012,True,har_x,0.0158940289188971,0.023792443806700193
126,22.02.2012,1,2012,True,har_x,0.0158846835565562,0.024166593717689984
126,23.02.2012,1,2012,True,har_x,0.0158764882234562,0.02357846878108575
126,24.02.2012,1,2012,True,har_x,0.0158164964465513,0.023338661048322443
126,27.02.2012,1,2012,True,har_x,0.0158273839580247,0.023718040425443728
126,28.02.2012,1,2012,True,har_x,0.0157505450560947,0.024063542949700152
126,29.02.2012,1,2012,True,har_x,0.0157295218600711,0.023459856646814155
126,01.03.2012,1,2012,True,har_x,0.0155105302744304,0.022737782671084898
126,02.03.2012,1,2012,True,har_x,0.0154120991494354,0.02311483206448622
126,05.03.2012,1,2012,True,har_x,0.0154911582020053,0.022440173131446316
126,06.03.2012,1,2012,True,har_x,0.0154407954247908,0.01947086262483823
126,07.03.2012,1,2012,True,har_x,0.0153773147752347,0.01993336440259265
126,08.03.2012,1,2012,True,har_x,0.0153486097930676,0.019025336676869495
126,09.03.2012,1,2012,True,har_x,0.0153563816467997,0.018239968703366916
126,12.03.2012,1,2012,True,har_x,0.0153596796658207,0.017618499994446153
126,13.03.2012,1,2012,True,har_x,0.0153530871676082,0.018649775333985697
126,14.03.2012,1,2012,True,har_x,0.0153384085228211,0.018114814086699137
126,15.03.2012,1,2012,True,har_x,0.0153265992474743,0.017954252311151647
126,16.03.2012,1,2012,True,har_x,0.0156876197708906,0.017914622237233887
126,19.03.2012,1,2012,True,har_x,0.0159766134082811,0.017595963920818546
126,20.03.2012,1,2012,True,har_x,0.0160230952172777,0.018698859626972326
126,21.03.2012,1,2012,True,har_x,0.0160676775486692,0.01946064678135935
126,22.03.2012,1,2012,True,har_x,0.0160994593336958,0.018827725493978268
126,23.03.2012,1,2012,True,har_x,0.0160390596628814,0.019188237813832883
126,26.03.2012,1,2012,True,har_x,0.0160342107790585,0.019583515591046673
126,27.03.2012,1,2012,True,har_x,0.0161214232004501,0.017246744561464813
126,28.03.2012,1,2012,True,har_x,0.0161000155616072,0.017236737020021264
126,29.03.2012,1,2012,True,har_x,0.0160541455035582,0.01765439044536693
126,30.03.2012,1,2012,True,har_x,0.0160543573774603,0.018775883466396727
126,02.04.2012,1,2012,True,har_x,0.0161626137497834,0.01884085138365895
126,03.04.2012,1,2012,True,har_x,0.0165695380970189,0.014237409225847946
126,04.04.2012,1,2012,True,har_x,0.0164806018006992,0.013974672371492169
126,05.04.2012,1,2012,True,har_x,0.0164584285477043,0.014576562613539736
126,09.04.2012,1,2012,True,har_x,0.0165945849532195,0.014048697932076507
126,10.04.2012,1,2012,True,har_x,0.0164718679069038,0.019358227231917473
126,11.04.2012,1,2012,True,har_x,0.01650683269344,0.02010024878714165
126,12.04.2012,1,2012,True,har_x,0.0164855811909426,0.019460075400067264
126,13.04.2012,1,2012,True,har_x,0.0165127513757646,0.01868819565479217
126,16.04.2012,1,2012,True,har_x,0.0163586105498799,0.018736290438554327
126,17.04.2012,1,2012,True,har_x,0.0168117902428712,0.0202830419593925
126,18.04.2012,1,2012,True,har_x,0.0168104546224176,0.01930779132487317
126,19.04.2012,1,2012,True,har_x,0.0168354554749493,0.019188719405996358
126,20.04.2012,1,2012,True,har_x,0.0168254304503602,0.018971129800660406
126,23.04.2012,1,2012,True,har_x,0.0168359361172124,0.018328047011434485
126,24.04.2012,1,2012,True,har_x,0.0168577479884028,0.018475841935411748
126,25.04.2012,1,2012,True,har_x,0.0168516069352749,0.018088885599734983
126,26.04.2012,1,2012,True,har_x,0.0168423936254744,0.017779145789786326
126,27.04.2012,1,2012,True,har_x,0.0169609295270334,0.017146318142269263
126,30.04.2012,1,2012,True,har_x,0.0170551131181471,0.017051423638965606
126,01.05.2012,1,2012,True,har_x,0.0172812479340279,0.018158719528441974
126,02.05.2012,1,2012,True,har_x,0.0175873583852976,0.01848650258180514
126,03.05.2012,1,2012,True,har_x,0.0175236155355761,0.01855574792426947
126,04.05.2012,1,2012,True,har_x,0.017476617050301,0.020190341798420143
126,07.05.2012,1,2012,True,har_x,0.0174783329886654,0.02149893125025005
126,08.05.2012,1,2012,True,har_x,0.0174872177771769,0.020364233585761664
126,09.05.2012,1,2012,True,har_x,0.0175194452325314,0.020647812789958368
126,10.05.2012,1,2012,True,har_x,0.0175521285348176,0.020867109973626
126,11.05.2012,1,2012,True,har_x,0.017548662997306,0.020651358915830167
126,14.05.2012,1,2012,True,har_x,0.0175589416927499,0.020406495496596264
126,15.05.2012,1,2012,True,har_x,0.0175707905067438,0.021808431872304003
126,16.05.2012,1,2012,True,har_x,0.0175709363710586,0.022507122881860797
126,17.05.2012,1,2012,True,har_x,0.0172322241290958,0.022090984565146923
126,18.05.2012,1,2012,True,har_x,0.017251394909336,0.02254896985246138
126,21.05.2012,1,2012,True,har_x,0.0171994360318269,0.02268148711720703
126,22.05.2012,1,2012,True,har_x,0.0172254478141715,0.02199097186460425
126,23.05.2012,1,2012,True,har_x,0.0170598064987337,0.021690772990459916
126,24.05.2012,1,2012,True,har_x,0.0170432807237621,0.0224537314970405
126,25.05.2012,1,2012,True,har_x,0.0170656896979821,0.021534255140718783
126,29.05.2012,1,2012,True,har_x,0.0170867285832886,0.021489105572625646
126,30.05.2012,1,2012,True,har_x,0.0169297815169168,0.020047171076202137
126,31.05.2012,1,2012,True,har_x,0.0168698800908178,0.021721868069757205
126,01.06.2012,1,2012,True,har_x,0.0165800498917023,0.022340017523736093
126,04.06.2012,1,2012,True,har_x,0.0165846080978857,0.026251379496881305
126,05.06.2012,1,2012,True,har_x,0.0166247829353357,0.025258613529176965
126,06.06.2012,1,2012,True,har_x,0.0166086269711941,0.02409359560994522
126,07.06.2012,1,2012,True,har_x,0.0166224003599285,0.02338193539227682
126,08.06.2012,1,2012,True,har_x,0.0166407768348307,0.024099261736394283
126,11.06.2012,1,2012,True,har_x,0.0165822248662574,0.024019813278914677
126,12.06.2012,1,2012,True,har_x,0.0165949408091549,0.025976263885613665
126,13.06.2012,1,2012,True,har_x,0.0165961628618157,0.024227749305149905
126,14.06.2012,1,2012,True,har_x,0.0166881119428615,0.023647647325039513
126,15.06.2012,1,2012,True,har_x,0.0166851995889412,0.021946904385342643
126,18.06.2012,1,2012,True,har_x,0.0166160781137284,0.022710618792423348
126,19.06.2012,1,2012,True,har_x,0.0166144565132832,0.021868942980161028
126,20.06.2012,1,2012,True,har_x,0.0163633198089996,0.02076480927973376
126,21.06.2012,1,2012,True,har_x,0.0159783758534747,0.0219906227784127
126,22.06.2012,1,2012,True,har_x,0.0159206037691158,0.02358332608954487
126,25.06.2012,1,2012,True,har_x,0.0159203552096618,0.02192029359296067
126,26.06.2012,1,2012,True,har_x,0.0158191466045016,0.024691654830519338
126,27.06.2012,1,2012,True,har_x,0.0158180320184503,0.023191837696415692
126,28.06.2012,1,2012,True,har_x,0.0156634551722749,0.02251879381990175
126,29.06.2012,1,2012,True,har_x,0.014521607376904,0.022944907962110104
126,02.07.2012,1,2012,True,har_x,0.0145405835718965,0.02249268096953975
126,03.07.2012,1,2012,True,har_x,0.0143053526534763,0.02138649983735944
126,05.07.2012,1,2012,True,har_x,0.014306472648866,0.02124541890435439
126,06.07.2012,1,2012,True,har_x,0.0141151278394292,0.02219393391311383
126,09.07.2012,1,2012,True,har_x,0.013994559380958,0.02179458922987422
126,10.07.2012,1,2012,True,har_x,0.0138875472805067,0.019759153013863003
126,11.07.2012,1,2012,True,har_x,0.0137517117055267,0.020053030363406645
126,12.07.2012,1,2012,True,har_x,0.0137388880144689,0.01872999655531104
126,13.07.2012,1,2012,True,har_x,0.0136955547456999,0.017705569243209186
126,16.07.2012,1,2012,True,har_x,0.0136641979136459,0.017118041786130044
126,17.07.2012,1,2012,True,har_x,0.0136746890047312,0.018197646061117803
126,18.07.2012,1,2012,True,har_x,0.0136478838652665,0.018560563630345157
126,19.07.2012,1,2012,True,har_x,0.013483073335198,0.018194652806317022
126,20.07.2012,1,2012,True,har_x,0.0134837769772735,0.02002067714726196
126,23.07.2012,1,2012,True,har_x,0.0131552430516285,0.020015582494254003
126,24.07.2012,1,2012,True,har_x,0.0131700385875092,0.021661387238323927
126,25.07.2012,1,2012,True,har_x,0.0131492215206664,0.02080446530503608
126,26.07.2012,1,2012,True,har_x,0.0131356947747843,0.020109865127696202
126,27.07.2012,1,2012,True,har_x,0.0131547075021821,0.01944861933156144
126,30.07.2012,1,2012,True,har_x,0.0131676479571898,0.019214521761688287
126,31.07.2012,1,2012,True,har_x,0.0131197947636473,0.017592521911198186
126,01.08.2012,1,2012,True,har_x,0.0130955498689713,0.018640565464049193
126,02.08.2012,1,2012,True,har_x,0.013096214453905,0.018779995469559232
126,03.08.2012,1,2012,True,har_x,0.012863062696721,0.0184496439740908
126,06.08.2012,1,2012,True,har_x,0.0128839946358593,0.018890272747255542
126,07.08.2012,1,2012,True,har_x,0.0128259150716641,0.02198766615836591
126,08.08.2012,1,2012,True,har_x,0.0129289361297168,0.022394868531107955
126,09.08.2012,1,2012,True,har_x,0.0129084828742818,0.021997901169095786
126,10.08.2012,1,2012,True,har_x,0.0129091847697804,0.021603361122027723
126,13.08.2012,1,2012,True,har_x,0.0129710003642036,0.02133324007951738
126,14.08.2012,1,2012,True,har_x,0.0129831061741439,0.019885243259616686
126,15.08.2012,1,2012,True,har_x,0.0128704288895695,0.019861020339194135
126,16.08.2012,1,2012,True,har_x,0.0128814800678675,0.02085503503023652
126,17.08.2012,1,2012,True,har_x,0.0126496317530657,0.021334264847456343
126,20.08.2012,1,2012,True,har_x,0.0127107034633888,0.021129388559507387
126,21.08.2012,1,2012,True,har_x,0.0126953870544374,0.021886585515072964
126,22.08.2012,1,2012,True,har_x,0.0126935993556436,0.022058916407846695
126,23.08.2012,1,2012,True,har_x,0.0126950362914378,0.022126479978157865
126,24.08.2012,1,2012,True,har_x,0.0126577104140312,0.022502082560790726
126,27.08.2012,1,2012,True,har_x,0.0126232094436122,0.022282385812483967
126,28.08.2012,1,2012,True,har_x,0.0126526105812828,0.02311421943219029
126,29.08.2012,1,2012,True,har_x,0.0126755168961718,0.022924632611498616
126,30.08.2012,1,2012,True,har_x,0.0126750642916616,0.022623341126317816
126,31.08.2012,1,2012,True,har_x,0.0126768068950112,0.022253683580102372
126,04.09.2012,1,2012,True,har_x,0.0127209226953875,0.022556432895097938
126,05.09.2012,1,2012,True,har_x,0.0127335417963875,0.02164664250818327
126,06.09.2012,1,2012,True,har_x,0.0127301492076352,0.02207901371481845
126,07.09.2012,1,2012,True,har_x,0.0127226455699972,0.022277314955240116
126,10.09.2012,1,2012,True,har_x,0.0127542862601167,0.02157736677076721
126,11.09.2012,1,2012,True,har_x,0.0127483694237048,0.021395073893726104
126,12.09.2012,1,2012,True,har_x,0.0127433740453059,0.021198471388571435
126,13.09.2012,1,2012,True,har_x,0.012752161028638,0.021488711046984035
126,18.09.2012,1,2012,True,har_x,0.0121814386527972,0.021578696922804248
126,19.09.2012,1,2012,True,har_x,0.0121369632543216,0.024337213299121765
126,20.09.2012,1,2012,True,har_x,0.0120573482120742,0.02460366225270067
126,21.09.2012,1,2012,True,har_x,0.0121433930437303,0.022551242915669262
126,24.09.2012,1,2012,True,har_x,0.0120882699866894,0.02228877540813684
126,25.09.2012,1,2012,True,har_x,0.0121523590351855,0.02139481141139995
126,26.09.2012,1,2012,True,har_x,0.0121533886841604,0.021099048350583547
126,27.09.2012,1,2012,True,har_x,0.0121092754506453,0.021179511483097567
126,28.09.2012,1,2012,True,har_x,0.0121407589144143,0.019936013698969572
126,01.10.2012,1,2012,True,har_x,0.0123603242616177,0.019402678101535037
126,02.10.2012,1,2012,True,har_x,0.0123533351283096,0.02092925854124095
126,03.10.2012,1,2012,True,har_x,0.0120539581854097,0.020790515797143826
126,04.10.2012,1,2012,True,har_x,0.0115355443527678,0.022692997147171753
126,05.10.2012,1,2012,True,har_x,0.011543279501,0.021202427993074858
126,08.10.2012,1,2012,True,har_x,0.0115667969097538,0.020554824609856224
126,09.10.2012,1,2012,True,har_x,0.0113549551301897,0.02130560447417012
126,10.10.2012,1,2012,True,har_x,0.0114343306431833,0.02186502031917268
126,11.10.2012,1,2012,True,har_x,0.0114805194207736,0.02166589629776535
126,12.10.2012,1,2012,True,har_x,0.0114555631753657,0.020985379461124797
126,15.10.2012,1,2012,True,har_x,0.0114303248988334,0.020492564902119908
126,16.10.2012,1,2012,True,har_x,0.0114797010897771,0.020507036234162924
126,19.10.2012,1,2012,True,har_x,0.0110133040038899,0.021021953541166805
126,22.10.2012,1,2012,True,har_x,0.011307766250225,0.020627725503101914
126,23.10.2012,1,2012,True,har_x,0.01133145705696,0.019917838368403766
126,24.10.2012,1,2012,True,har_x,0.0113810135211671,0.020683419512446094
126,25.10.2012,1,2012,True,har_x,0.0114018397844662,0.0201586611802798
126,26.10.2012,1,2012,True,har_x,0.0113662350072431,0.019483032918412413
126,31.10.2012,1,2012,True,har_x,0.0113476443296173,0.018930649851313278
126,01.11.2012,1,2012,True,har_x,0.0113492973345829,0.02004889301313431
126,02.11.2012,1,2012,True,har_x,0.0111987539881377,0.019435821510314942
126,05.11.2012,1,2012,True,har_x,0.0110631141429004,0.020312907119507638
126,06.11.2012,1,2012,True,har_x,0.0107546255031646,0.019747965925940653
126,07.11.2012,1,2012,True,har_x,0.0101854695406239,0.020056060483889526
126,08.11.2012,1,2012,True,har_x,0.0101784348639986,0.02173408124951535
126,09.11.2012,1,2012,True,har_x,0.0100169614085346,0.021139506720554424
126,12.11.2012,1,2012,True,har_x,0.0100162193468918,0.019796127398522254
126,13.11.2012,1,2012,True,har_x,0.0100565365115152,0.01900975706312392
126,14.11.2012,1,2012,True,har_x,0.0099908578535509,0.0186235487245778
126,15.11.2012,1,2012,True,har_x,0.0099255441687491,0.018289312308117128
126,19.11.2012,1,2012,True,har_x,0.0100270431732346,0.0176569449319037
126,20.11.2012,1,2012,True,har_x,0.0101108907652939,0.01728766738979849
126,21.11.2012,1,2012,True,har_x,0.0100729817759733,0.016720782867788157
126,23.11.2012,1,2012,True,har_x,0.0101760576078795,0.01739783718745882
126,26.11.2012,1,2012,True,har_x,0.0102877530919564,0.01732898327511965
126,27.11.2012,1,2012,True,har_x,0.0103133584559331,0.019228291585488933
126,28.11.2012,1,2012,True,har_x,0.0103111478970504,0.018843230766299103
126,29.11.2012,1,2012,True,har_x,0.0102706092270808,0.018774400225303235
126,30.11.2012,1,2012,True,har_x,0.0102979782140386,0.018613983116797624
126,03.12.2012,1,2012,True,har_x,0.0103070507352108,0.018191347137072968
126,04.12.2012,1,2012,True,har_x,0.0103055212567898,0.017877070055644116
126,05.12.2012,1,2012,True,har_x,0.0102864306481827,0.01850679859932127
126,06.12.2012,1,2012,True,har_x,0.0102067668218004,0.018859180523910106
126,07.12.2012,1,2012,True,har_x,0.0102068984688736,0.019801380896968812
126,10.12.2012,1,2012,True,har_x,0.0103107745044765,0.020632751403427393
126,11.12.2012,1,2012,True,har_x,0.0102951384075359,0.02057770087854851
126,12.12.2012,1,2012,True,har_x,0.0107625065818783,0.020824339265213147
126,13.12.2012,1,2012,True,har_x,0.0107393761581447,0.020295724989787343
126,14.12.2012,1,2012,True,har_x,0.0106891309786576,0.020409188376786604
126,19.12.2012,1,2012,True,har_x,0.010639064986288,0.020255992407695537
126,20.12.2012,1,2012,True,har_x,0.010646797528319,0.020996180127358544
126,21.12.2012,1,2012,True,har_x,0.010657162439974,0.02091336156243072
126,24.12.2012,1,2012,True,har_x,0.0106700451804097,0.021724693680611265
126,26.12.2012,1,2012,True,har_x,0.0105292769556878,0.023880564359715133
126,27.12.2012,1,2012,True,har_x,0.0105674820272498,0.023695434333910994
126,28.12.2012,1,2012,True,har_x,0.0106784834549151,0.02312898026054095
126,31.12.2012,1,2012,True,har_x,0.0107999306495142,0.023682095294778514
5,02.01.2013,2,2013,True,har,0.0045395703942418,0.010752528351595169
5,03.01.2013,2,2013,True,har,0.0045324495165185,0.011024033770519902
5,04.01.2013,2,2013,True,har,0.0060601931974806,0.010649667977265805
5,07.01.2013,2,2013,True,har,0.0082773486704723,0.010919715094094158
5,08.01.2013,2,2013,True,har,0.0101623780528176,0.010500920552626391
5,09.01.2013,2,2013,True,har,0.0104946679580882,0.010421307212712606
5,10.01.2013,2,2013,True,har,0.0104177839558249,0.009512749920291778
5,11.01.2013,2,2013,True,har,0.009142855959703,0.009489144229021265
5,14.01.2013,2,2013,True,har,0.0108280506533806,0.010231179511569802
5,15.01.2013,2,2013,True,har,0.0067501322562163,0.010443331354528598
5,16.01.2013,2,2013,True,har,0.0066912192004784,0.010750352747867536
5,17.01.2013,2,2013,True,har,0.0066912192004784,0.009892606773366355
5,18.01.2013,2,2013,True,har,0.0064177259770934,0.00954891626822865
5,22.01.2013,2,2013,True,har,0.0029006094632186,0.009235685292881907
5,23.01.2013,2,2013,True,har,0.002956182864602,0.010353531873065785
5,24.01.2013,2,2013,True,har,0.0030849175687202,0.009485627092012637
5,25.01.2013,2,2013,True,har,0.0032483580907666,0.009495352665602206
5,28.01.2013,2,2013,True,har,0.0079589258047384,0.008412365537308054
5,29.01.2013,2,2013,True,har,0.0079849512075914,0.008423875692026773
5,30.01.2013,2,2013,True,har,0.0080027466980831,0.008590779868992638
5,31.01.2013,2,2013,True,har,0.0079235504587713,0.008506034303794416
5,01.02.2013,2,2013,True,har,0.0088949322657306,0.008259913126603338
5,04.02.2013,2,2013,True,har,0.0076031317684489,0.008568629944072195
5,05.02.2013,2,2013,True,har,0.0073473205295092,0.008842624637861634
5,06.02.2013,2,2013,True,har,0.0074504820517317,0.008871932768530516
5,07.02.2013,2,2013,True,har,0.0076769876730248,0.00866816516390239
5,08.02.2013,2,2013,True,har,0.0039511971121077,0.008714529506451737
5,11.02.2013,2,2013,True,har,0.0049233074403166,0.009375241044533779
5,12.02.2013,2,2013,True,har,0.0073672337738002,0.00880425268419069
5,13.02.2013,2,2013,True,har,0.0083698689874816,0.008560435054314607
5,14.02.2013,2,2013,True,har,0.0100858062082722,0.007516321377780716
5,15.02.2013,2,2013,True,har,0.0107216305643707,0.007617381134771956
5,19.02.2013,2,2013,True,har,0.0113413666702552,0.0074767445661935265
5,20.02.2013,2,2013,True,har,0.0104074544311586,0.00822004885392888
5,21.02.2013,2,2013,True,har,0.0081866524813664,0.008963555502260575
5,22.02.2013,2,2013,True,har,0.006649763404871,0.009959546101581144
5,25.02.2013,2,2013,True,har,0.0048197355881887,0.009629188015102609
5,26.02.2013,2,2013,True,har,0.0090834318275826,0.009600877946446875
5,27.02.2013,2,2013,True,har,0.0087629214882529,0.010527963507499084
5,28.02.2013,2,2013,True,har,0.0086349369936882,0.010209830796642085
5,01.03.2013,2,2013,True,har,0.0074999208640517,0.00999242819197221
5,04.03.2013,2,2013,True,har,0.0079467550023273,0.010062393584101194
5,05.03.2013,2,2013,True,har,0.0026904312622214,0.009429970003789895
5,06.03.2013,2,2013,True,har,0.0041104266813004,0.010346389460493802
5,07.03.2013,2,2013,True,har,0.0069458716595082,0.009861290558286748
5,08.03.2013,2,2013,True,har,0.0070601316816475,0.009715664562525154
5,11.03.2013,2,2013,True,har,0.0098729290407825,0.00962588394019541
5,12.03.2013,2,2013,True,har,0.0124110966646295,0.008986271429380067
5,13.03.2013,2,2013,True,har,0.012630940315655,0.008807997215503108
5,14.03.2013,2,2013,True,har,0.0116123392810698,0.008912023151403211
5,15.03.2013,2,2013,True,har,0.0121390502548737,0.009282480925001616
5,19.03.2013,2,2013,True,har,0.0094189527262856,0.009060930796673548
5,20.03.2013,2,2013,True,har,0.0082490705879824,0.010057295565506804
5,21.03.2013,2,2013,True,har,0.0036496838019312,0.01050177127115677
5,22.03.2013,2,2013,True,har,0.0037580122905878,0.010274932088635804
5,25.03.2013,2,2013,True,har,0.0058320187398269,0.009478817500241009
5,26.03.2013,2,2013,True,har,0.0167099196810387,0.009572599841870075
5,27.03.2013,2,2013,True,har,0.016231829739426,0.010044117631767525
5,28.03.2013,2,2013,True,har,0.0163918651048596,0.009395053691698487
5,01.04.2013,2,2013,True,har,0.0150693443296829,0.009205689521172495
5,02.04.2013,2,2013,True,har,0.019288823340425,0.009619246215478215
5,03.04.2013,2,2013,True,har,0.0135285333656162,0.009333615572903065
5,04.04.2013,2,2013,True,har,0.0145167753389294,0.012721570213593492
5,05.04.2013,2,2013,True,har,0.0120549319979559,0.01152444522231113
5,08.04.2013,2,2013,True,har,0.0153395488191686,0.012565737743086513
5,09.04.2013,2,2013,True,har,0.0102517561563692,0.012143289926221539
5,10.04.2013,2,2013,True,har,0.0111141079553981,0.013085646023026127
5,11.04.2013,2,2013,True,har,0.0109649102493472,0.012584032057006339
5,12.04.2013,2,2013,True,har,0.0128571432110645,0.013158138615694724
5,15.04.2013,2,2013,True,har,0.007652946179444,0.013012043735209462
5,16.04.2013,2,2013,True,har,0.0076610527873249,0.014222748776597901
5,17.04.2013,2,2013,True,har,0.0099454322299394,0.013281577795113885
5,18.04.2013,2,2013,True,har,0.0069153039742968,0.013015396022244627
5,19.04.2013,2,2013,True,har,0.0084771091658984,0.013094561510099294
5,22.04.2013,2,2013,True,har,0.0084761825811773,0.012989897768244957
5,23.04.2013,2,2013,True,har,0.01248664249901,0.013058150844630377
5,24.04.2013,2,2013,True,har,0.0159588501375107,0.012759372886676397
5,25.04.2013,2,2013,True,har,0.020155191555247,0.013386312157376096
5,26.04.2013,2,2013,True,har,0.0210522375418292,0.013909303665088453
5,29.04.2013,2,2013,True,har,0.0215065521128035,0.01347608608936345
5,30.04.2013,2,2013,True,har,0.0207947025870124,0.01347909447222188
5,01.05.2013,2,2013,True,har,0.0147075034786576,0.013986807815806575
5,02.05.2013,2,2013,True,har,0.0096103019351857,0.013693226601889753
5,03.05.2013,2,2013,True,har,0.0083390446832814,0.015386482055707541
5,06.05.2013,2,2013,True,har,0.0053730925029395,0.014620362494444093
5,07.05.2013,2,2013,True,har,0.0046385832802049,0.014777343343512266
5,08.05.2013,2,2013,True,har,0.0078712352476201,0.01450581955918343
5,09.05.2013,2,2013,True,har,0.0078642694607645,0.014029940850366867
5,10.05.2013,2,2013,True,har,0.0075283189168871,0.013612657985932069
5,13.05.2013,2,2013,True,har,0.0050244040690939,0.013551913946385004
5,14.05.2013,2,2013,True,har,0.0045480057321202,0.012619840452514863
5,15.05.2013,2,2013,True,har,0.006006642726228,0.01235994190493013
5,16.05.2013,2,2013,True,har,0.0057566864554236,0.012837720802067337
5,17.05.2013,2,2013,True,har,0.0060959656392417,0.01221299220338177
5,20.05.2013,2,2013,True,har,0.0100256171636034,0.0121902483174092
5,21.05.2013,2,2013,True,har,0.0129017951243581,0.012048491515741569
5,22.05.2013,2,2013,True,har,0.0117080513719396,0.012079655399199158
5,23.05.2013,2,2013,True,har,0.0139926370248829,0.012486493672262072
5,24.05.2013,2,2013,True,har,0.0167844269555366,0.011673138921708648
5,28.05.2013,2,2013,True,har,0.0158974276892408,0.011696483079338097
5,29.05.2013,2,2013,True,har,0.0134384546785402,0.012562818079129196
5,30.05.2013,2,2013,True,har,0.013381529050393,0.01289384956760464
5,31.05.2013,2,2013,True,har,0.0069022572515458,0.011335314453373409
5,03.06.2013,2,2013,True,har,0.0073576779449851,0.010826218679534682
5,04.06.2013,2,2013,True,har,0.0077754766410971,0.011109591462343613
5,05.06.2013,2,2013,True,har,0.0080949293819787,0.010899511988352572
5,06.06.2013,2,2013,True,har,0.0083879291700455,0.0103594824787602
5,07.06.2013,2,2013,True,har,0.0071504926873812,0.010544783764447506
5,10.06.2013,2,2013,True,har,0.0095464453961566,0.010651282417962257
5,11.06.2013,2,2013,True,har,0.0064969351476735,0.01057649300285356
5,12.06.2013,2,2013,True,har,0.020886839260917,0.010658892286378892
5,13.06.2013,2,2013,True,har,0.0203873125895519,0.010572288525473114
5,14.06.2013,2,2013,True,har,0.0205846039297967,0.010531880662023388
5,18.06.2013,2,2013,True,har,0.0172401074212478,0.010285842963415968
5,19.06.2013,2,2013,True,har,0.0177260852498633,0.011351113615450988
5,20.06.2013,2,2013,True,har,0.0085438297696349,0.010794172848402691
5,21.06.2013,2,2013,True,har,0.0063743223563009,0.014858799429636825
5,24.06.2013,2,2013,True,har,0.006870041669453,0.014044997187030579
5,25.06.2013,2,2013,True,har,0.0071340458916095,0.013770967641497097
5,26.06.2013,2,2013,True,har,0.0086540168825698,0.013625579494095175
5,27.06.2013,2,2013,True,har,0.0098388268462654,0.01335085718673346
5,28.06.2013,2,2013,True,har,0.008373873141375,0.013084515821300612
5,01.07.2013,2,2013,True,har,0.0088779752514242,0.0129344549671152
5,02.07.2013,2,2013,True,har,0.0089444104205748,0.012536495306308541
5,03.07.2013,2,2013,True,har,0.0097818547179847,0.012307787170899162
5,05.07.2013,2,2013,True,har,0.0069443471297099,0.012803153205566074
5,08.07.2013,2,2013,True,har,0.0064319774719014,0.01332220175750784
5,09.07.2013,2,2013,True,har,0.0064269399026393,0.012823724855893753
5,10.07.2013,2,2013,True,har,0.0062080943605859,0.012778307725155586
5,11.07.2013,2,2013,True,har,0.0079547242388301,0.012807288530117514
5,12.07.2013,2,2013,True,har,0.0060979170738879,0.012770873082675544
5,15.07.2013,2,2013,True,har,0.0060861119064007,0.012856972590091286
5,16.07.2013,2,2013,True,har,0.0069746480990811,0.01257883663095277
5,17.07.2013,2,2013,True,har,0.0078486973885007,0.012580948067590424
5,19.07.2013,2,2013,True,har,0.0063494951001391,0.012156626282763459
5,22.07.2013,2,2013,True,har,0.0065779747481344,0.012842417945377053
5,23.07.2013,2,2013,True,har,0.0063509396261996,0.009277881584527237
5,24.07.2013,2,2013,True,har,0.0054816936397158,0.00871520680551437
5,25.07.2013,2,2013,True,har,0.0091207446643905,0.009566389752251124
5,26.07.2013,2,2013,True,har,0.0093309002964895,0.009370082889373195
5,29.07.2013,2,2013,True,har,0.0096727282566542,0.009462646239564566
5,30.07.2013,2,2013,True,har,0.0096270701915313,0.009215453202401948
5,31.07.2013,2,2013,True,har,0.0098787241546707,0.009225895657222535
5,01.08.2013,2,2013,True,har,0.0019340869128997,0.009248370378936971
5,02.08.2013,2,2013,True,har,0.0089744194733887,0.010032254848704944
5,05.08.2013,2,2013,True,har,0.0096487099105742,0.009288816170638366
5,06.08.2013,2,2013,True,har,0.0095619420577289,0.008409577753327313
5,07.08.2013,2,2013,True,har,0.0078604827703753,0.008534356718055223
5,08.08.2013,2,2013,True,har,0.0039360286022611,0.008708506263715032
5,09.08.2013,2,2013,True,har,0.0032888246561805,0.008476469021661218
5,12.08.2013,2,2013,True,har,0.0071061395095393,0.009350083139916927
5,13.08.2013,2,2013,True,har,0.0066024957930898,0.009009120792044282
5,14.08.2013,2,2013,True,har,0.0063566291434821,0.009170411759027497
5,15.08.2013,2,2013,True,har,0.0071045224779331,0.009001162002271103
5,16.08.2013,2,2013,True,har,0.0071825371669589,0.009184264513466607
5,20.08.2013,2,2013,True,har,0.0148631176810734,0.008486745510510384
5,21.08.2013,2,2013,True,har,0.0142572324525854,0.009146821118430976
5,22.08.2013,2,2013,True,har,0.017704722374946,0.008979125530478312
5,23.08.2013,2,2013,True,har,0.0196587011001895,0.008489863083097432
5,26.08.2013,2,2013,True,har,0.0194057495848968,0.008994761957518107
5,27.08.2013,2,2013,True,har,0.0149026902679362,0.00872197686841778
5,28.08.2013,2,2013,True,har,0.0111297032592963,0.011907112023417033
5,29.08.2013,2,2013,True,har,0.01009347627407,0.01184386154560713
5,30.08.2013,2,2013,True,har,0.0137427184172519,0.012212162931427437
5,03.09.2013,2,2013,True,har,0.0134402056497722,0.01211503701277131
5,04.09.2013,2,2013,True,har,0.0141989461122723,0.012395771463262185
5,05.09.2013,2,2013,True,har,0.0156029472371096,0.012148216614430017
5,06.09.2013,2,2013,True,har,0.0146332149447381,0.011822898774095706
5,09.09.2013,2,2013,True,har,0.0142908000939404,0.011756123169685398
5,10.09.2013,2,2013,True,har,0.0129271422895077,0.013119882255425753
5,11.09.2013,2,2013,True,har,0.0132129543528319,0.013864627445381486
5,12.09.2013,2,2013,True,har,0.0105964877091328,0.013241804792579664
5,13.09.2013,2,2013,True,har,0.0113493193723499,0.013574409068478437
5,18.09.2013,2,2013,True,har,0.0091638332012145,0.013274776888113567
5,19.09.2013,2,2013,True,har,0.0071551276099548,0.01433405726711216
5,20.09.2013,2,2013,True,har,0.0072949981588029,0.014592164754308464
5,23.09.2013,2,2013,True,har,0.0056703857689498,0.01415319786854721
5,24.09.2013,2,2013,True,har,0.0054131360327372,0.014358927659100896
5,25.09.2013,2,2013,True,har,0.0076914870539452,0.014253398047925657
5,26.09.2013,2,2013,True,har,0.0067964830063757,0.013970932503366229
5,27.09.2013,2,2013,True,har,0.0063894710538695,0.01418888256336135
5,30.09.2013,2,2013,True,har,0.0060063001537353,0.012329352060763337
5,01.10.2013,2,2013,True,har,0.0048360133983335,0.011275783387347901
5,02.10.2013,2,2013,True,har,0.0060062669490411,0.011159402857521107
5,03.10.2013,2,2013,True,har,0.0125358876488317,0.011733195239059791
5,04.10.2013,2,2013,True,har,0.0132935205767633,0.010847779694951473
5,07.10.2013,2,2013,True,har,0.0135232530545666,0.010974696955114892
5,08.10.2013,2,2013,True,har,0.0144713973252867,0.010876859026777944
5,09.10.2013,2,2013,True,har,0.0136974609004114,0.0108111529391205
5,10.10.2013,2,2013,True,har,0.006675500237042,0.01041989698471092
5,11.10.2013,2,2013,True,har,0.0081993656613473,0.0115148898537765
5,14.10.2013,2,2013,True,har,0.0086403947746407,0.010963705611872782
5,15.10.2013,2,2013,True,har,0.0116225452135124,0.010673149890235111
5,16.10.2013,2,2013,True,har,0.0094468932979915,0.011079286854980374
5,17.10.2013,2,2013,True,har,0.0091344881369178,0.010402444169999978
5,21.10.2013,2,2013,True,har,0.0164026743448499,0.009283068166103388
5,22.10.2013,2,2013,True,har,0.0164463306255269,0.010014575409979076
5,23.10.2013,2,2013,True,har,0.013122189773532,0.009516855525409186
5,24.10.2013,2,2013,True,har,0.0135256586284731,0.010997136331761706
5,25.10.2013,2,2013,True,har,0.0194715474857418,0.01065445991610191
5,28.10.2013,2,2013,True,har,0.0135559507651276,0.010260564090497871
5,29.10.2013,2,2013,True,har,0.0135800007096982,0.012404955640341588
5,30.10.2013,2,2013,True,har,0.0116700692183327,0.011873813398125068
5,31.10.2013,2,2013,True,har,0.0122875711780534,0.011905758613213274
5,01.11.2013,2,2013,True,har,0.0124033043695885,0.011907823816434177
5,04.11.2013,2,2013,True,har,0.0138152924733937,0.013833279391661383
5,05.11.2013,2,2013,True,har,0.0134010739401773,0.012913513820911295
5,06.11.2013,2,2013,True,har,0.014234310497314,0.013131067635783743
5,07.11.2013,2,2013,True,har,0.0086033735841318,0.012779543281036103
5,08.11.2013,2,2013,True,har,0.0086030839774625,0.013537680272199698
5,11.11.2013,2,2013,True,har,0.0120407977927697,0.012825282851488993
5,12.11.2013,2,2013,True,har,0.0120175772223023,0.013108509524114288
5,13.11.2013,2,2013,True,har,0.0133159281155167,0.0129163271633567
5,14.11.2013,2,2013,True,har,0.0128146825726639,0.013367733848060172
5,15.11.2013,2,2013,True,har,0.0128643020437859,0.01342427767937335
5,19.11.2013,2,2013,True,har,0.0082055122908252,0.013024603620896429
5,20.11.2013,2,2013,True,har,0.0080735027128029,0.013695402622564953
5,21.11.2013,2,2013,True,har,0.0087427723551993,0.013742957094676473
5,22.11.2013,2,2013,True,har,0.0109782264654032,0.013925222421510305
5,25.11.2013,2,2013,True,har,0.0117424885917702,0.01357422302530871
5,26.11.2013,2,2013,True,har,0.0124468883651392,0.013323368648654165
5,27.11.2013,2,2013,True,har,0.0130796856059611,0.01232211955487196
5,29.11.2013,2,2013,True,har,0.0105232652810828,0.01235109056368403
5,02.12.2013,2,2013,True,har,0.0120814274218189,0.01299202885787451
5,03.12.2013,2,2013,True,har,0.0096692304233405,0.01331932161272663
5,04.12.2013,2,2013,True,har,0.0103927226415528,0.011792528979237955
5,05.12.2013,2,2013,True,har,0.0105444903927452,0.011861023953423616
5,06.12.2013,2,2013,True,har,0.0096967691809419,0.01190637263549739
5,09.12.2013,2,2013,True,har,0.0087193161705878,0.011752378927678463
5,10.12.2013,2,2013,True,har,0.0087482484684447,0.012469146694560356
5,11.12.2013,2,2013,True,har,0.0088117983811185,0.011472993707066264
5,12.12.2013,2,2013,True,har,0.0078550723583805,0.011379458185985063
5,13.12.2013,2,2013,True,har,0.0084208946080929,0.011711476681717254
5,16.12.2013,2,2013,True,har,0.0063023112476234,0.011206393940288618
5,17.12.2013,2,2013,True,har,0.0061705750021904,0.011677240904197873
5,19.12.2013,2,2013,True,har,0.0058402919775116,0.011245258254761574
5,20.12.2013,2,2013,True,har,0.0046600830379985,0.010747675439306121
5,23.12.2013,2,2013,True,har,0.0048132900601037,0.01120459592027643
5,24.12.2013,2,2013,True,har,0.0119893687658279,0.010266439679877056
5,26.12.2013,2,2013,True,har,0.0110888861554179,0.010106602439405438
5,27.12.2013,2,2013,True,har,0.0103402157693091,0.010031112641054375
5,30.12.2013,2,2013,True,har,0.0125726323492284,0.010052095578627414
5,31.12.2013,2,2013,True,har,0.0127209608336051,0.010374542693399451
5,02.01.2013,2,2013,True,har_ovx,0.0045395703942418,0.011129089435157549
5,03.01.2013,2,2013,True,har_ovx,0.0045324495165185,0.010875543516454991
5,04.01.2013,2,2013,True,har_ovx,0.0060601931974806,0.010339042163888361
5,07.01.2013,2,2013,True,har_ovx,0.0082773486704723,0.009902782772069149
5,08.01.2013,2,2013,True,har_ovx,0.0101623780528176,0.009173955292076562
5,09.01.2013,2,2013,True,har_ovx,0.0104946679580882,0.008751372637955914
5,10.01.2013,2,2013,True,har_ovx,0.0104177839558249,0.008862697460286097
5,11.01.2013,2,2013,True,har_ovx,0.009142855959703,0.008847910856020512
5,14.01.2013,2,2013,True,har_ovx,0.0108280506533806,0.009004765704599117
5,15.01.2013,2,2013,True,har_ovx,0.0067501322562163,0.009597112759533292
5,16.01.2013,2,2013,True,har_ovx,0.0066912192004784,0.009570874094751332
5,17.01.2013,2,2013,True,har_ovx,0.0066912192004784,0.008482288941989562
5,18.01.2013,2,2013,True,har_ovx,0.0064177259770934,0.008146915948140415
5,22.01.2013,2,2013,True,har_ovx,0.0029006094632186,0.006968034054631131
5,23.01.2013,2,2013,True,har_ovx,0.002956182864602,0.007085690591010963
5,24.01.2013,2,2013,True,har_ovx,0.0030849175687202,0.007651442245069132
5,25.01.2013,2,2013,True,har_ovx,0.0032483580907666,0.007505927535702234
5,28.01.2013,2,2013,True,har_ovx,0.0079589258047384,0.007237336141547479
5,29.01.2013,2,2013,True,har_ovx,0.0079849512075914,0.007541557172974621
5,30.01.2013,2,2013,True,har_ovx,0.0080027466980831,0.00783604282146174
5,31.01.2013,2,2013,True,har_ovx,0.0079235504587713,0.007734482063243279
5,01.02.2013,2,2013,True,har_ovx,0.0088949322657306,0.007476482606844416
5,04.02.2013,2,2013,True,har_ovx,0.0076031317684489,0.007497578787551173
5,05.02.2013,2,2013,True,har_ovx,0.0073473205295092,0.008193140958049449
5,06.02.2013,2,2013,True,har_ovx,0.0074504820517317,0.007652404850986833
5,07.02.2013,2,2013,True,har_ovx,0.0076769876730248,0.007745625994423936
5,08.02.2013,2,2013,True,har_ovx,0.0039511971121077,0.007729923730146756
5,11.02.2013,2,2013,True,har_ovx,0.0049233074403166,0.007780229712646622
5,12.02.2013,2,2013,True,har_ovx,0.0073672337738002,0.006836352625102789
5,13.02.2013,2,2013,True,har_ovx,0.0083698689874816,0.006201127580896099
5,14.02.2013,2,2013,True,har_ovx,0.0100858062082722,0.0060906473454608555
5,15.02.2013,2,2013,True,har_ovx,0.0107216305643707,0.0056424327592872765
5,19.02.2013,2,2013,True,har_ovx,0.0113413666702552,0.007221144709418896
5,20.02.2013,2,2013,True,har_ovx,0.0104074544311586,0.007326057192352494
5,21.02.2013,2,2013,True,har_ovx,0.0081866524813664,0.00890515846296476
5,22.02.2013,2,2013,True,har_ovx,0.006649763404871,0.0103635960597612
5,25.02.2013,2,2013,True,har_ovx,0.0048197355881887,0.008574522542988636
5,26.02.2013,2,2013,True,har_ovx,0.0090834318275826,0.009476362683951052
5,27.02.2013,2,2013,True,har_ovx,0.0087629214882529,0.009573513925691269
5,28.02.2013,2,2013,True,har_ovx,0.0086349369936882,0.008566583016709038
5,01.03.2013,2,2013,True,har_ovx,0.0074999208640517,0.008199223838171385
5,04.03.2013,2,2013,True,har_ovx,0.0079467550023273,0.008386360246588655
5,05.03.2013,2,2013,True,har_ovx,0.0026904312622214,0.008648340196973808
5,06.03.2013,2,2013,True,har_ovx,0.0041104266813004,0.007602312123381685
5,07.03.2013,2,2013,True,har_ovx,0.0069458716595082,0.007497719634480194
5,08.03.2013,2,2013,True,har_ovx,0.0070601316816475,0.006713492151683429
5,11.03.2013,2,2013,True,har_ovx,0.0098729290407825,0.006488205249516012
5,12.03.2013,2,2013,True,har_ovx,0.0124110966646295,0.00552413749016329
5,13.03.2013,2,2013,True,har_ovx,0.012630940315655,0.005410761167179292
5,14.03.2013,2,2013,True,har_ovx,0.0116123392810698,0.0055816949259374134
5,15.03.2013,2,2013,True,har_ovx,0.0121390502548737,0.00505287345431895
5,19.03.2013,2,2013,True,har_ovx,0.0094189527262856,0.005162414617887191
5,20.03.2013,2,2013,True,har_ovx,0.0082490705879824,0.0067745218353316835
5,21.03.2013,2,2013,True,har_ovx,0.0036496838019312,0.005760181239631808
5,22.03.2013,2,2013,True,har_ovx,0.0037580122905878,0.005785736738880786
5,25.03.2013,2,2013,True,har_ovx,0.0058320187398269,0.005205894669283543
5,26.03.2013,2,2013,True,har_ovx,0.0167099196810387,0.005203715708529994
5,27.03.2013,2,2013,True,har_ovx,0.016231829739426,0.0047842886345246145
5,28.03.2013,2,2013,True,har_ovx,0.0163918651048596,0.004716491588405841
5,01.04.2013,2,2013,True,har_ovx,0.0150693443296829,0.005088331285385059
5,02.04.2013,2,2013,True,har_ovx,0.019288823340425,0.005828497933466771
5,03.04.2013,2,2013,True,har_ovx,0.0135285333656162,0.005661994790465328
5,04.04.2013,2,2013,True,har_ovx,0.0145167753389294,0.007474620899262888
5,05.04.2013,2,2013,True,har_ovx,0.0120549319979559,0.007063342049513999
5,08.04.2013,2,2013,True,har_ovx,0.0153395488191686,0.007152337836353434
5,09.04.2013,2,2013,True,har_ovx,0.0102517561563692,0.006774747333413577
5,10.04.2013,2,2013,True,har_ovx,0.0111141079553981,0.00660902561312981
5,11.04.2013,2,2013,True,har_ovx,0.0109649102493472,0.006692622482396308
5,12.04.2013,2,2013,True,har_ovx,0.0128571432110645,0.007237853549670308
5,15.04.2013,2,2013,True,har_ovx,0.007652946179444,0.008140095919157493
5,16.04.2013,2,2013,True,har_ovx,0.0076610527873249,0.012620572557381327
5,17.04.2013,2,2013,True,har_ovx,0.0099454322299394,0.011000205866595562
5,18.04.2013,2,2013,True,har_ovx,0.0069153039742968,0.013127692687402038
5,19.04.2013,2,2013,True,har_ovx,0.0084771091658984,0.011725083347188917
5,22.04.2013,2,2013,True,har_ovx,0.0084761825811773,0.010963202248917187
5,23.04.2013,2,2013,True,har_ovx,0.01248664249901,0.009840460734172657
5,24.04.2013,2,2013,True,har_ovx,0.0159588501375107,0.009337780174669071
5,25.04.2013,2,2013,True,har_ovx,0.020155191555247,0.00877297362531545
5,26.04.2013,2,2013,True,har_ovx,0.0210522375418292,0.008757145742753733
5,29.04.2013,2,2013,True,har_ovx,0.0215065521128035,0.008343970211528369
5,30.04.2013,2,2013,True,har_ovx,0.0207947025870124,0.008923602107628529
5,01.05.2013,2,2013,True,har_ovx,0.0147075034786576,0.009531896763937515
5,02.05.2013,2,2013,True,har_ovx,0.0096103019351857,0.010577572288180313
5,03.05.2013,2,2013,True,har_ovx,0.0083390446832814,0.00947934880394976
5,06.05.2013,2,2013,True,har_ovx,0.0053730925029395,0.00883077994739559
5,07.05.2013,2,2013,True,har_ovx,0.0046385832802049,0.009509541377708566
5,08.05.2013,2,2013,True,har_ovx,0.0078712352476201,0.009012677525439694
5,09.05.2013,2,2013,True,har_ovx,0.0078642694607645,0.00816254582844856
5,10.05.2013,2,2013,True,har_ovx,0.0075283189168871,0.008727492549567586
5,13.05.2013,2,2013,True,har_ovx,0.0050244040690939,0.008583018264644277
5,14.05.2013,2,2013,True,har_ovx,0.0045480057321202,0.009071162681470292
5,15.05.2013,2,2013,True,har_ovx,0.006006642726228,0.009253489576034047
5,16.05.2013,2,2013,True,har_ovx,0.0057566864554236,0.009454233831438473
5,17.05.2013,2,2013,True,har_ovx,0.0060959656392417,0.00917570294289869
5,20.05.2013,2,2013,True,har_ovx,0.0100256171636034,0.008264648884896851
5,21.05.2013,2,2013,True,har_ovx,0.0129017951243581,0.008739049741297607
5,22.05.2013,2,2013,True,har_ovx,0.0117080513719396,0.008596420351312485
5,23.05.2013,2,2013,True,har_ovx,0.0139926370248829,0.009483785538819851
5,24.05.2013,2,2013,True,har_ovx,0.0167844269555366,0.00853706910854172
5,28.05.2013,2,2013,True,har_ovx,0.0158974276892408,0.008096559410485838
5,29.05.2013,2,2013,True,har_ovx,0.0134384546785402,0.008401997994358737
5,30.05.2013,2,2013,True,har_ovx,0.013381529050393,0.008965657110600175
5,31.05.2013,2,2013,True,har_ovx,0.0069022572515458,0.008641597197397155
5,03.06.2013,2,2013,True,har_ovx,0.0073576779449851,0.008630931399640291
5,04.06.2013,2,2013,True,har_ovx,0.0077754766410971,0.008743300697559788
5,05.06.2013,2,2013,True,har_ovx,0.0080949293819787,0.008616628715874982
5,06.06.2013,2,2013,True,har_ovx,0.0083879291700455,0.008467870928696948
5,07.06.2013,2,2013,True,har_ovx,0.0071504926873812,0.008192591307180664
5,10.06.2013,2,2013,True,har_ovx,0.0095464453961566,0.0077668364600105635
5,11.06.2013,2,2013,True,har_ovx,0.0064969351476735,0.007300640704507658
5,12.06.2013,2,2013,True,har_ovx,0.020886839260917,0.007367421122431966
5,13.06.2013,2,2013,True,har_ovx,0.0203873125895519,0.007825311059085127
5,14.06.2013,2,2013,True,har_ovx,0.0205846039297967,0.007081942605624594
5,18.06.2013,2,2013,True,har_ovx,0.0172401074212478,0.006892814046639839
5,19.06.2013,2,2013,True,har_ovx,0.0177260852498633,0.006795384596645146
5,20.06.2013,2,2013,True,har_ovx,0.0085438297696349,0.006328418867085314
5,21.06.2013,2,2013,True,har_ovx,0.0063743223563009,0.010218945726799752
5,24.06.2013,2,2013,True,har_ovx,0.006870041669453,0.00853432553944106
5,25.06.2013,2,2013,True,har_ovx,0.0071340458916095,0.008752017153581823
5,26.06.2013,2,2013,True,har_ovx,0.0086540168825698,0.008500161505416689
5,27.06.2013,2,2013,True,har_ovx,0.0098388268462654,0.007954758318606835
5,28.06.2013,2,2013,True,har_ovx,0.008373873141375,0.008709905284015645
5,01.07.2013,2,2013,True,har_ovx,0.0088779752514242,0.008293187606891109
5,02.07.2013,2,2013,True,har_ovx,0.0089444104205748,0.008072234260991065
5,03.07.2013,2,2013,True,har_ovx,0.0097818547179847,0.008279024273756798
5,05.07.2013,2,2013,True,har_ovx,0.0069443471297099,0.010168935006689524
5,08.07.2013,2,2013,True,har_ovx,0.0064319774719014,0.01084522641941785
5,09.07.2013,2,2013,True,har_ovx,0.0064269399026393,0.009878576165361799
5,10.07.2013,2,2013,True,har_ovx,0.0062080943605859,0.009756456236866013
5,11.07.2013,2,2013,True,har_ovx,0.0079547242388301,0.0103716243308789
5,12.07.2013,2,2013,True,har_ovx,0.0060979170738879,0.009355311672850258
5,15.07.2013,2,2013,True,har_ovx,0.0060861119064007,0.009527828900119687
5,16.07.2013,2,2013,True,har_ovx,0.0069746480990811,0.008966354995332798
5,17.07.2013,2,2013,True,har_ovx,0.0078486973885007,0.009427751045034773
5,19.07.2013,2,2013,True,har_ovx,0.0063494951001391,0.008614495545851752
5,22.07.2013,2,2013,True,har_ovx,0.0065779747481344,0.009226985496881293
5,23.07.2013,2,2013,True,har_ovx,0.0063509396261996,0.00848893713766826
5,24.07.2013,2,2013,True,har_ovx,0.0054816936397158,0.008018508442625704
5,25.07.2013,2,2013,True,har_ovx,0.0091207446643905,0.008323863486627905
5,26.07.2013,2,2013,True,har_ovx,0.0093309002964895,0.007930157997370272
5,29.07.2013,2,2013,True,har_ovx,0.0096727282566542,0.007814347980746343
5,30.07.2013,2,2013,True,har_ovx,0.0096270701915313,0.007614864579734827
5,31.07.2013,2,2013,True,har_ovx,0.0098787241546707,0.008056776823125025
5,01.08.2013,2,2013,True,har_ovx,0.0019340869128997,0.007822256398972226
5,02.08.2013,2,2013,True,har_ovx,0.0089744194733887,0.007476350213445846
5,05.08.2013,2,2013,True,har_ovx,0.0096487099105742,0.0071791654415885855
5,06.08.2013,2,2013,True,har_ovx,0.0095619420577289,0.00728286574633363
5,07.08.2013,2,2013,True,har_ovx,0.0078604827703753,0.007200946088382224
5,08.08.2013,2,2013,True,har_ovx,0.0039360286022611,0.007197440371726019
5,09.08.2013,2,2013,True,har_ovx,0.0032888246561805,0.007438574504624469
5,12.08.2013,2,2013,True,har_ovx,0.0071061395095393,0.007513237428996643
5,13.08.2013,2,2013,True,har_ovx,0.0066024957930898,0.0073532985335006025
5,14.08.2013,2,2013,True,har_ovx,0.0063566291434821,0.00737455945181557
5,15.08.2013,2,2013,True,har_ovx,0.0071045224779331,0.007705855421157629
5,16.08.2013,2,2013,True,har_ovx,0.0071825371669589,0.00861211302312112
5,20.08.2013,2,2013,True,har_ovx,0.0148631176810734,0.008327263650652594
5,21.08.2013,2,2013,True,har_ovx,0.0142572324525854,0.008439156729297152
5,22.08.2013,2,2013,True,har_ovx,0.017704722374946,0.008466411171751686
5,23.08.2013,2,2013,True,har_ovx,0.0196587011001895,0.007717462521909506
5,26.08.2013,2,2013,True,har_ovx,0.0194057495848968,0.007542795206578828
5,27.08.2013,2,2013,True,har_ovx,0.0149026902679362,0.007839390847401213
5,28.08.2013,2,2013,True,har_ovx,0.0111297032592963,0.010589803494152717
5,29.08.2013,2,2013,True,har_ovx,0.01009347627407,0.012031874483685234
5,30.08.2013,2,2013,True,har_ovx,0.0137427184172519,0.010455419408059094
5,03.09.2013,2,2013,True,har_ovx,0.0134402056497722,0.010699974115998875
5,04.09.2013,2,2013,True,har_ovx,0.0141989461122723,0.01158919421673481
5,05.09.2013,2,2013,True,har_ovx,0.0156029472371096,0.011335005374324025
5,06.09.2013,2,2013,True,har_ovx,0.0146332149447381,0.010695613103858642
5,09.09.2013,2,2013,True,har_ovx,0.0142908000939404,0.011166584675101822
5,10.09.2013,2,2013,True,har_ovx,0.0129271422895077,0.01128369289296118
5,11.09.2013,2,2013,True,har_ovx,0.0132129543528319,0.011011244937981501
5,12.09.2013,2,2013,True,har_ovx,0.0105964877091328,0.009007587240272391
5,13.09.2013,2,2013,True,har_ovx,0.0113493193723499,0.008627199121640606
5,18.09.2013,2,2013,True,har_ovx,0.0091638332012145,0.008311806123024573
5,19.09.2013,2,2013,True,har_ovx,0.0071551276099548,0.008518296125630268
5,20.09.2013,2,2013,True,har_ovx,0.0072949981588029,0.007874267462996985
5,23.09.2013,2,2013,True,har_ovx,0.0056703857689498,0.0075714956916340505
5,24.09.2013,2,2013,True,har_ovx,0.0054131360327372,0.008346452378717492
5,25.09.2013,2,2013,True,har_ovx,0.0076914870539452,0.00836683383616482
5,26.09.2013,2,2013,True,har_ovx,0.0067964830063757,0.008312788522037736
5,27.09.2013,2,2013,True,har_ovx,0.0063894710538695,0.008205514229802032
5,30.09.2013,2,2013,True,har_ovx,0.0060063001537353,0.0077738933841768245
5,01.10.2013,2,2013,True,har_ovx,0.0048360133983335,0.008267100651449913
5,02.10.2013,2,2013,True,har_ovx,0.0060062669490411,0.008027277126890532
5,03.10.2013,2,2013,True,har_ovx,0.0125358876488317,0.007472785511707661
5,04.10.2013,2,2013,True,har_ovx,0.0132935205767633,0.007293563065681724
5,07.10.2013,2,2013,True,har_ovx,0.0135232530545666,0.00729233852006542
5,08.10.2013,2,2013,True,har_ovx,0.0144713973252867,0.007579228185513979
5,09.10.2013,2,2013,True,har_ovx,0.0136974609004114,0.007618348453017214
5,10.10.2013,2,2013,True,har_ovx,0.006675500237042,0.008261098541193375
5,11.10.2013,2,2013,True,har_ovx,0.0081993656613473,0.007165783730408199
5,14.10.2013,2,2013,True,har_ovx,0.0086403947746407,0.0069148725680845576
5,15.10.2013,2,2013,True,har_ovx,0.0116225452135124,0.007381296019611004
5,16.10.2013,2,2013,True,har_ovx,0.0094468932979915,0.008072119950360758
5,17.10.2013,2,2013,True,har_ovx,0.0091344881369178,0.00689276048120831
5,21.10.2013,2,2013,True,har_ovx,0.0164026743448499,0.006688894414490621
5,22.10.2013,2,2013,True,har_ovx,0.0164463306255269,0.006681410548082216
5,23.10.2013,2,2013,True,har_ovx,0.013122189773532,0.0068784035744290485
5,24.10.2013,2,2013,True,har_ovx,0.0135256586284731,0.008167581890876623
5,25.10.2013,2,2013,True,har_ovx,0.0194715474857418,0.007290305890998688
5,28.10.2013,2,2013,True,har_ovx,0.0135559507651276,0.006217004640810187
5,29.10.2013,2,2013,True,har_ovx,0.0135800007096982,0.006662419714577702
5,30.10.2013,2,2013,True,har_ovx,0.0116700692183327,0.0064136022417811515
5,31.10.2013,2,2013,True,har_ovx,0.0122875711780534,0.006821719156094495
5,01.11.2013,2,2013,True,har_ovx,0.0124033043695885,0.006599561346875695
5,04.11.2013,2,2013,True,har_ovx,0.0138152924733937,0.00726106820024175
5,05.11.2013,2,2013,True,har_ovx,0.0134010739401773,0.007458782099363948
5,06.11.2013,2,2013,True,har_ovx,0.014234310497314,0.00781346685985915
5,07.11.2013,2,2013,True,har_ovx,0.0086033735841318,0.007075387156364678
5,08.11.2013,2,2013,True,har_ovx,0.0086030839774625,0.007242141864535158
5,11.11.2013,2,2013,True,har_ovx,0.0120407977927697,0.006416402127849955
5,12.11.2013,2,2013,True,har_ovx,0.0120175772223023,0.006360970538297926
5,13.11.2013,2,2013,True,har_ovx,0.0133159281155167,0.006655632754181515
5,14.11.2013,2,2013,True,har_ovx,0.0128146825726639,0.00636367727084777
5,15.11.2013,2,2013,True,har_ovx,0.0128643020437859,0.006892304860842918
5,19.11.2013,2,2013,True,har_ovx,0.0082055122908252,0.006376571723070807
5,20.11.2013,2,2013,True,har_ovx,0.0080735027128029,0.006713999480871759
5,21.11.2013,2,2013,True,har_ovx,0.0087427723551993,0.006712223285991555
5,22.11.2013,2,2013,True,har_ovx,0.0109782264654032,0.006050522639087083
5,25.11.2013,2,2013,True,har_ovx,0.0117424885917702,0.005569008987611939
5,26.11.2013,2,2013,True,har_ovx,0.0124468883651392,0.006100852925058624
5,27.11.2013,2,2013,True,har_ovx,0.0130796856059611,0.005801609153334957
5,29.11.2013,2,2013,True,har_ovx,0.0105232652810828,0.006415644202554686
5,02.12.2013,2,2013,True,har_ovx,0.0120814274218189,0.006841093990168197
5,03.12.2013,2,2013,True,har_ovx,0.0096692304233405,0.006959668519258709
5,04.12.2013,2,2013,True,har_ovx,0.0103927226415528,0.006042119720649577
5,05.12.2013,2,2013,True,har_ovx,0.0105444903927452,0.005731144209707143
5,06.12.2013,2,2013,True,har_ovx,0.0096967691809419,0.005440210050855272
5,09.12.2013,2,2013,True,har_ovx,0.0087193161705878,0.005160656281602778
5,10.12.2013,2,2013,True,har_ovx,0.0087482484684447,0.00544614602991727
5,11.12.2013,2,2013,True,har_ovx,0.0088117983811185,0.00509898922318205
5,12.12.2013,2,2013,True,har_ovx,0.0078550723583805,0.005074819542240849
5,13.12.2013,2,2013,True,har_ovx,0.0084208946080929,0.005322363308919834
5,16.12.2013,2,2013,True,har_ovx,0.0063023112476234,0.00532195162099219
5,17.12.2013,2,2013,True,har_ovx,0.0061705750021904,0.005058649301979053
5,19.12.2013,2,2013,True,har_ovx,0.0058402919775116,0.004957147943560808
5,20.12.2013,2,2013,True,har_ovx,0.0046600830379985,0.0042524286088148795
5,23.12.2013,2,2013,True,har_ovx,0.0048132900601037,0.00402704669613229
5,24.12.2013,2,2013,True,har_ovx,0.0119893687658279,0.0034163769579577475
5,26.12.2013,2,2013,True,har_ovx,0.0110888861554179,0.003421258361089751
5,27.12.2013,2,2013,True,har_ovx,0.0103402157693091,0.0033564955973290553
5,30.12.2013,2,2013,True,har_ovx,0.0125726323492284,0.0037075536722162112
5,31.12.2013,2,2013,True,har_ovx,0.0127209608336051,0.004376757407122078
5,02.01.2013,2,2013,True,har_gpr,0.0045395703942418,0.011884100697552063
5,03.01.2013,2,2013,True,har_gpr,0.0045324495165185,0.012158174871996441
5,04.01.2013,2,2013,True,har_gpr,0.0060601931974806,0.011775959152374026
5,07.01.2013,2,2013,True,har_gpr,0.0082773486704723,0.012049468567863791
5,08.01.2013,2,2013,True,har_gpr,0.0101623780528176,0.011093750290788231
5,09.01.2013,2,2013,True,har_gpr,0.0104946679580882,0.011014714209584704
5,10.01.2013,2,2013,True,har_gpr,0.0104177839558249,0.010098067570848307
5,11.01.2013,2,2013,True,har_gpr,0.009142855959703,0.010074275801509882
5,14.01.2013,2,2013,True,har_gpr,0.0108280506533806,0.010823176046726979
5,15.01.2013,2,2013,True,har_gpr,0.0067501322562163,0.011705986433379915
5,16.01.2013,2,2013,True,har_gpr,0.0066912192004784,0.012017371277774781
5,17.01.2013,2,2013,True,har_gpr,0.0066912192004784,0.01115465184088019
5,18.01.2013,2,2013,True,har_gpr,0.0064177259770934,0.010809031130778576
5,22.01.2013,2,2013,True,har_gpr,0.0029006094632186,0.01049287923678878
5,23.01.2013,2,2013,True,har_gpr,0.002956182864602,0.007755270453166586
5,24.01.2013,2,2013,True,har_gpr,0.0030849175687202,0.006875935819309988
5,25.01.2013,2,2013,True,har_gpr,0.0032483580907666,0.006885790001727817
5,28.01.2013,2,2013,True,har_gpr,0.0079589258047384,0.005797979473164841
5,29.01.2013,2,2013,True,har_gpr,0.0079849512075914,0.007616204029062934
5,30.01.2013,2,2013,True,har_gpr,0.0080027466980831,0.007780026945533902
5,31.01.2013,2,2013,True,har_gpr,0.0079235504587713,0.007694443370374358
5,01.02.2013,2,2013,True,har_gpr,0.0088949322657306,0.007447785087525614
5,04.02.2013,2,2013,True,har_gpr,0.0076031317684489,0.00775881915325945
5,05.02.2013,2,2013,True,har_gpr,0.0073473205295092,0.008874236205990746
5,06.02.2013,2,2013,True,har_gpr,0.0074504820517317,0.008903275320850926
5,07.02.2013,2,2013,True,har_gpr,0.0076769876730248,0.008697556486726658
5,08.02.2013,2,2013,True,har_gpr,0.0039511971121077,0.0087444939661141
5,11.02.2013,2,2013,True,har_gpr,0.0049233074403166,0.009410924295902663
5,12.02.2013,2,2013,True,har_gpr,0.0073672337738002,0.010277244734886407
5,13.02.2013,2,2013,True,har_gpr,0.0083698689874816,0.01003177210960107
5,14.02.2013,2,2013,True,har_gpr,0.0100858062082722,0.008983176177283314
5,15.02.2013,2,2013,True,har_gpr,0.0107216305643707,0.009085056672702848
5,19.02.2013,2,2013,True,har_gpr,0.0113413666702552,0.008938488795177193
5,20.02.2013,2,2013,True,har_gpr,0.0104074544311586,0.009089702419674123
5,21.02.2013,2,2013,True,har_gpr,0.0081866524813664,0.009840835727290262
5,22.02.2013,2,2013,True,har_gpr,0.006649763404871,0.010842192876230117
5,25.02.2013,2,2013,True,har_gpr,0.0048197355881887,0.010510388986611571
5,26.02.2013,2,2013,True,har_gpr,0.0090834318275826,0.011097551727422258
5,27.02.2013,2,2013,True,har_gpr,0.0087629214882529,0.01203135699697459
5,28.02.2013,2,2013,True,har_gpr,0.0086349369936882,0.011709204709638169
5,01.03.2013,2,2013,True,har_gpr,0.0074999208640517,0.011487297960141144
5,04.03.2013,2,2013,True,har_gpr,0.0079467550023273,0.01155627569862746
5,05.03.2013,2,2013,True,har_gpr,0.0026904312622214,0.01063318918508934
5,06.03.2013,2,2013,True,har_gpr,0.0041104266813004,0.011561082303700043
5,07.03.2013,2,2013,True,har_gpr,0.0069458716595082,0.011071999459081805
5,08.03.2013,2,2013,True,har_gpr,0.0070601316816475,0.010924833190714646
5,11.03.2013,2,2013,True,har_gpr,0.0098729290407825,0.010833525202246015
5,12.03.2013,2,2013,True,har_gpr,0.0124110966646295,0.009770159097850756
5,13.03.2013,2,2013,True,har_gpr,0.012630940315655,0.009583821510513346
5,14.03.2013,2,2013,True,har_gpr,0.0116123392810698,0.00969124047129856
5,15.03.2013,2,2013,True,har_gpr,0.0121390502548737,0.010066577043063886
5,19.03.2013,2,2013,True,har_gpr,0.0094189527262856,0.009842790108966876
5,20.03.2013,2,2013,True,har_gpr,0.0082490705879824,0.00914561673621533
5,21.03.2013,2,2013,True,har_gpr,0.0036496838019312,0.009594036791184084
5,22.03.2013,2,2013,True,har_gpr,0.0037580122905878,0.009366633940658212
5,25.03.2013,2,2013,True,har_gpr,0.0058320187398269,0.00856421880732987
5,26.03.2013,2,2013,True,har_gpr,0.0167099196810387,0.008807497404400434
5,27.03.2013,2,2013,True,har_gpr,0.016231829739426,0.009278209999471727
5,28.03.2013,2,2013,True,har_gpr,0.0163918651048596,0.00862354947375881
5,01.04.2013,2,2013,True,har_gpr,0.0150693443296829,0.008427095795184171
5,02.04.2013,2,2013,True,har_gpr,0.019288823340425,0.008012582553183345
5,03.04.2013,2,2013,True,har_gpr,0.0135285333656162,0.007727569614268294
5,04.04.2013,2,2013,True,har_gpr,0.0145167753389294,0.011148958105838198
5,05.04.2013,2,2013,True,har_gpr,0.0120549319979559,0.00994163144533127
5,08.04.2013,2,2013,True,har_gpr,0.0153395488191686,0.010989749514371887
5,09.04.2013,2,2013,True,har_gpr,0.0102517561563692,0.009606740289521916
5,10.04.2013,2,2013,True,har_gpr,0.0111141079553981,0.010560366270367934
5,11.04.2013,2,2013,True,har_gpr,0.0109649102493472,0.010046752031643923
5,12.04.2013,2,2013,True,har_gpr,0.0128571432110645,0.010626407853913816
5,15.04.2013,2,2013,True,har_gpr,0.007652946179444,0.0104756963471496
5,16.04.2013,2,2013,True,har_gpr,0.0076610527873249,0.013468441959706926
5,17.04.2013,2,2013,True,har_gpr,0.0099454322299394,0.012511445512145364
5,18.04.2013,2,2013,True,har_gpr,0.0069153039742968,0.012245426273110281
5,19.04.2013,2,2013,True,har_gpr,0.0084771091658984,0.012327147897567087
5,22.04.2013,2,2013,True,har_gpr,0.0084761825811773,0.012223306648962852
5,23.04.2013,2,2013,True,har_gpr,0.01248664249901,0.010557928901792798
5,24.04.2013,2,2013,True,har_gpr,0.0159588501375107,0.010256742528792856
5,25.04.2013,2,2013,True,har_gpr,0.020155191555247,0.0108918156866021
5,26.04.2013,2,2013,True,har_gpr,0.0210522375418292,0.011412979116787812
5,29.04.2013,2,2013,True,har_gpr,0.0215065521128035,0.010977544114405713
5,30.04.2013,2,2013,True,har_gpr,0.0207947025870124,0.014023326973547254
5,01.05.2013,2,2013,True,har_gpr,0.0147075034786576,0.014540018681979692
5,02.05.2013,2,2013,True,har_gpr,0.0096103019351857,0.014252183751847466
5,03.05.2013,2,2013,True,har_gpr,0.0083390446832814,0.01595842025105268
5,06.05.2013,2,2013,True,har_gpr,0.0053730925029395,0.015187597787827722
5,07.05.2013,2,2013,True,har_gpr,0.0046385832802049,0.01548830784168554
5,08.05.2013,2,2013,True,har_gpr,0.0078712352476201,0.015214394959815497
5,09.05.2013,2,2013,True,har_gpr,0.0078642694607645,0.014726399000158728
5,10.05.2013,2,2013,True,har_gpr,0.0075283189168871,0.01430063503851561
5,13.05.2013,2,2013,True,har_gpr,0.0050244040690939,0.014238729377865845
5,14.05.2013,2,2013,True,har_gpr,0.0045480057321202,0.013581219295221204
5,15.05.2013,2,2013,True,har_gpr,0.006006642726228,0.013317661269387207
5,16.05.2013,2,2013,True,har_gpr,0.0057566864554236,0.013803356316926065
5,17.05.2013,2,2013,True,har_gpr,0.0060959656392417,0.013174458789586535
5,20.05.2013,2,2013,True,har_gpr,0.0100256171636034,0.01315108715492131
5,21.05.2013,2,2013,True,har_gpr,0.0129017951243581,0.011292130098011615
5,22.05.2013,2,2013,True,har_gpr,0.0117080513719396,0.011323113133060515
5,23.05.2013,2,2013,True,har_gpr,0.0139926370248829,0.01173564843312216
5,24.05.2013,2,2013,True,har_gpr,0.0167844269555366,0.010916731797423996
5,28.05.2013,2,2013,True,har_gpr,0.0158974276892408,0.010940711346229951
5,29.05.2013,2,2013,True,har_gpr,0.0134384546785402,0.013347153031819284
5,30.05.2013,2,2013,True,har_gpr,0.013381529050393,0.013683807230265953
5,31.05.2013,2,2013,True,har_gpr,0.0069022572515458,0.012114873663300428
5,03.06.2013,2,2013,True,har_gpr,0.0073576779449851,0.011610180087399348
5,04.06.2013,2,2013,True,har_gpr,0.0077754766410971,0.012030638280377124
5,05.06.2013,2,2013,True,har_gpr,0.0080949293819787,0.011817552079968426
5,06.06.2013,2,2013,True,har_gpr,0.0083879291700455,0.011270207445667875
5,07.06.2013,2,2013,True,har_gpr,0.0071504926873812,0.011456826675875602
5,10.06.2013,2,2013,True,har_gpr,0.0095464453961566,0.011555433778083504
5,11.06.2013,2,2013,True,har_gpr,0.0064969351476735,0.010768745991725844
5,12.06.2013,2,2013,True,har_gpr,0.020886839260917,0.010852773957042032
5,13.06.2013,2,2013,True,har_gpr,0.0203873125895519,0.010765407154187837
5,14.06.2013,2,2013,True,har_gpr,0.0205846039297967,0.010725696080117763
5,18.06.2013,2,2013,True,har_gpr,0.0172401074212478,0.010475645493099744
5,19.06.2013,2,2013,True,har_gpr,0.0177260852498633,0.011421445006810868
5,20.06.2013,2,2013,True,har_gpr,0.0085438297696349,0.010855112331695138
5,21.06.2013,2,2013,True,har_gpr,0.0063743223563009,0.01496210556614949
5,24.06.2013,2,2013,True,har_gpr,0.006870041669453,0.014139426998170937
5,25.06.2013,2,2013,True,har_gpr,0.0071340458916095,0.014724421770854382
5,26.06.2013,2,2013,True,har_gpr,0.0086540168825698,0.014573553435651438
5,27.06.2013,2,2013,True,har_gpr,0.0098388268462654,0.014299091646093075
5,28.06.2013,2,2013,True,har_gpr,0.008373873141375,0.014020494869832447
5,01.07.2013,2,2013,True,har_gpr,0.0088779752514242,0.013865884048127
5,02.07.2013,2,2013,True,har_gpr,0.0089444104205748,0.013926939514716801
5,03.07.2013,2,2013,True,har_gpr,0.0097818547179847,0.013698055029147036
5,05.07.2013,2,2013,True,har_gpr,0.0069443471297099,0.014198778442452114
5,08.07.2013,2,2013,True,har_gpr,0.0064319774719014,0.01472169462804211
5,09.07.2013,2,2013,True,har_gpr,0.0064269399026393,0.012985838540546808
5,10.07.2013,2,2013,True,har_gpr,0.0062080943605859,0.012941123040773099
5,11.07.2013,2,2013,True,har_gpr,0.0079547242388301,0.01297089232067307
5,12.07.2013,2,2013,True,har_gpr,0.0060979170738879,0.012935656245152034
5,15.07.2013,2,2013,True,har_gpr,0.0060861119064007,0.013018681059857623
5,16.07.2013,2,2013,True,har_gpr,0.0069746480990811,0.01150620115072567
5,17.07.2013,2,2013,True,har_gpr,0.0078486973885007,0.011508367023894918
5,19.07.2013,2,2013,True,har_gpr,0.0063494951001391,0.011081689092146305
5,22.07.2013,2,2013,True,har_gpr,0.0065779747481344,0.011774730151889611
5,23.07.2013,2,2013,True,har_gpr,0.0063509396261996,0.009933380868177605
5,24.07.2013,2,2013,True,har_gpr,0.0054816936397158,0.00936897775850499
5,25.07.2013,2,2013,True,har_gpr,0.0091207446643905,0.010226305637722628
5,26.07.2013,2,2013,True,har_gpr,0.0093309002964895,0.010029064340276696
5,29.07.2013,2,2013,True,har_gpr,0.0096727282566542,0.01011992068541993
5,30.07.2013,2,2013,True,har_gpr,0.0096270701915313,0.009939742176553456
5,31.07.2013,2,2013,True,har_gpr,0.0098787241546707,0.009950394488310827
5,01.08.2013,2,2013,True,har_gpr,0.0019340869128997,0.009972209458582489
5,02.08.2013,2,2013,True,har_gpr,0.0089744194733887,0.010765948039043812
5,05.08.2013,2,2013,True,har_gpr,0.0096487099105742,0.010017760648853154
5,06.08.2013,2,2013,True,har_gpr,0.0095619420577289,0.008269954916692013
5,07.08.2013,2,2013,True,har_gpr,0.0078604827703753,0.00839562902301351
5,08.08.2013,2,2013,True,har_gpr,0.0039360286022611,0.008571181939453998
5,09.08.2013,2,2013,True,har_gpr,0.0032888246561805,0.008327297701548372
5,12.08.2013,2,2013,True,har_gpr,0.0071061395095393,0.00921535263406311
5,13.08.2013,2,2013,True,har_gpr,0.0066024957930898,0.009134629837896011
5,14.08.2013,2,2013,True,har_gpr,0.0063566291434821,0.009296564923629385
5,15.08.2013,2,2013,True,har_gpr,0.0071045224779331,0.009123463841130776
5,16.08.2013,2,2013,True,har_gpr,0.0071825371669589,0.009302739414719177
5,20.08.2013,2,2013,True,har_gpr,0.0148631176810734,0.00860022160869262
5,21.08.2013,2,2013,True,har_gpr,0.0142572324525854,0.010415211373413193
5,22.08.2013,2,2013,True,har_gpr,0.017704722374946,0.01024497210403466
5,23.08.2013,2,2013,True,har_gpr,0.0196587011001895,0.009753117853512756
5,26.08.2013,2,2013,True,har_gpr,0.0194057495848968,0.01026281334510722
5,27.08.2013,2,2013,True,har_gpr,0.0149026902679362,0.008977874775087363
5,28.08.2013,2,2013,True,har_gpr,0.0111297032592963,0.012191275869042409
5,29.08.2013,2,2013,True,har_gpr,0.01009347627407,0.012124389555798802
5,30.08.2013,2,2013,True,har_gpr,0.0137427184172519,0.012497435608445955
5,03.09.2013,2,2013,True,har_gpr,0.0134402056497722,0.012402172915254965
5,04.09.2013,2,2013,True,har_gpr,0.0141989461122723,0.011267205508589808
5,05.09.2013,2,2013,True,har_gpr,0.0156029472371096,0.011010906478789578
5,06.09.2013,2,2013,True,har_gpr,0.0146332149447381,0.010678421579592121
5,09.09.2013,2,2013,True,har_gpr,0.0142908000939404,0.010610841652899522
5,10.09.2013,2,2013,True,har_gpr,0.0129271422895077,0.013596002269940793
5,11.09.2013,2,2013,True,har_gpr,0.0132129543528319,0.014343273769962755
5,12.09.2013,2,2013,True,har_gpr,0.0105964877091328,0.013715267700922773
5,13.09.2013,2,2013,True,har_gpr,0.0113493193723499,0.014052615485533894
5,18.09.2013,2,2013,True,har_gpr,0.0091638332012145,0.013748781099923548
5,19.09.2013,2,2013,True,har_gpr,0.0071551276099548,0.014518791736024866
5,20.09.2013,2,2013,True,har_gpr,0.0072949981588029,0.014775400291687425
5,23.09.2013,2,2013,True,har_gpr,0.0056703857689498,0.014332702644646911
5,24.09.2013,2,2013,True,har_gpr,0.0054131360327372,0.012089366825252863
5,25.09.2013,2,2013,True,har_gpr,0.0076914870539452,0.011983428762477183
5,26.09.2013,2,2013,True,har_gpr,0.0067964830063757,0.011696592989252151
5,27.09.2013,2,2013,True,har_gpr,0.0063894710538695,0.011913599749935642
5,30.09.2013,2,2013,True,har_gpr,0.0060063001537353,0.010046870811846107
5,01.10.2013,2,2013,True,har_gpr,0.0048360133983335,0.009549343856129835
5,02.10.2013,2,2013,True,har_gpr,0.0060062669490411,0.009432495710909709
5,03.10.2013,2,2013,True,har_gpr,0.0125358876488317,0.010013071203556285
5,04.10.2013,2,2013,True,har_gpr,0.0132935205767633,0.009121204482425361
5,07.10.2013,2,2013,True,har_gpr,0.0135232530545666,0.009248516760950095
5,08.10.2013,2,2013,True,har_gpr,0.0144713973252867,0.011517612288440634
5,09.10.2013,2,2013,True,har_gpr,0.0136974609004114,0.011450511626888076
5,10.10.2013,2,2013,True,har_gpr,0.006675500237042,0.01106058435959046
5,11.10.2013,2,2013,True,har_gpr,0.0081993656613473,0.012171633052491491
5,14.10.2013,2,2013,True,har_gpr,0.0086403947746407,0.011615439008665473
5,15.10.2013,2,2013,True,har_gpr,0.0116225452135124,0.011323635026224011
5,16.10.2013,2,2013,True,har_gpr,0.0094468932979915,0.011037294185710905
5,17.10.2013,2,2013,True,har_gpr,0.0091344881369178,0.01035656806901554
5,21.10.2013,2,2013,True,har_gpr,0.0164026743448499,0.00922189029091075
5,22.10.2013,2,2013,True,har_gpr,0.0164463306255269,0.008102088461972889
5,23.10.2013,2,2013,True,har_gpr,0.013122189773532,0.007601340760914524
5,24.10.2013,2,2013,True,har_gpr,0.0135256586284731,0.00909458995830268
5,25.10.2013,2,2013,True,har_gpr,0.0194715474857418,0.00874514820774305
5,28.10.2013,2,2013,True,har_gpr,0.0135559507651276,0.008347973382881135
5,29.10.2013,2,2013,True,har_gpr,0.0135800007096982,0.013643319481086998
5,30.10.2013,2,2013,True,har_gpr,0.0116700692183327,0.013106426226752104
5,31.10.2013,2,2013,True,har_gpr,0.0122875711780534,0.013134324917880332
5,01.11.2013,2,2013,True,har_gpr,0.0124033043695885,0.013137271541738538
5,04.11.2013,2,2013,True,har_gpr,0.0138152924733937,0.015081655691182373
5,05.11.2013,2,2013,True,har_gpr,0.0134010739401773,0.013845082887917422
5,06.11.2013,2,2013,True,har_gpr,0.014234310497314,0.014064569335933398
5,07.11.2013,2,2013,True,har_gpr,0.0086033735841318,0.013707566017737795
5,08.11.2013,2,2013,True,har_gpr,0.0086030839774625,0.014472591482840594
5,11.11.2013,2,2013,True,har_gpr,0.0120407977927697,0.013757513454139836
5,12.11.2013,2,2013,True,har_gpr,0.0120175772223023,0.01404297649614385
5,13.11.2013,2,2013,True,har_gpr,0.0133159281155167,0.012793950667416969
5,14.11.2013,2,2013,True,har_gpr,0.0128146825726639,0.01324952364526884
5,15.11.2013,2,2013,True,har_gpr,0.0128643020437859,0.013298621131364896
5,19.11.2013,2,2013,True,har_gpr,0.0082055122908252,0.012894858234163772
5,20.11.2013,2,2013,True,har_gpr,0.0080735027128029,0.012517510435617881
5,21.11.2013,2,2013,True,har_gpr,0.0087427723551993,0.012564299652768604
5,22.11.2013,2,2013,True,har_gpr,0.0109782264654032,0.01275062556282646
5,25.11.2013,2,2013,True,har_gpr,0.0117424885917702,0.012395687218370689
5,26.11.2013,2,2013,True,har_gpr,0.0124468883651392,0.007761601987949196
5,27.11.2013,2,2013,True,har_gpr,0.0130796856059611,0.006750331721879487
5,29.11.2013,2,2013,True,har_gpr,0.0105232652810828,0.006779784812724161
5,02.12.2013,2,2013,True,har_gpr,0.0120814274218189,0.0074261680602816914
5,03.12.2013,2,2013,True,har_gpr,0.0096692304233405,0.014542480932437906
5,04.12.2013,2,2013,True,har_gpr,0.0103927226415528,0.013010053271267004
5,05.12.2013,2,2013,True,har_gpr,0.0105444903927452,0.013079006264875457
5,06.12.2013,2,2013,True,har_gpr,0.0096967691809419,0.013125698542977507
5,09.12.2013,2,2013,True,har_gpr,0.0087193161705878,0.012967102039106592
5,10.12.2013,2,2013,True,har_gpr,0.0087482484684447,0.012811674967038085
5,11.12.2013,2,2013,True,har_gpr,0.0088117983811185,0.011804504593996743
5,12.12.2013,2,2013,True,har_gpr,0.0078550723583805,0.011712199247333329
5,13.12.2013,2,2013,True,har_gpr,0.0084208946080929,0.012046952438853275
5,16.12.2013,2,2013,True,har_gpr,0.0063023112476234,0.011537242108061256
5,17.12.2013,2,2013,True,har_gpr,0.0061705750021904,0.012485767996630249
5,19.12.2013,2,2013,True,har_gpr,0.0058402919775116,0.012049350535418661
5,20.12.2013,2,2013,True,har_gpr,0.0046600830379985,0.011550140347202077
5,23.12.2013,2,2013,True,har_gpr,0.0048132900601037,0.012009861990676433
5,24.12.2013,2,2013,True,har_gpr,0.0119893687658279,0.011706352000219673
5,26.12.2013,2,2013,True,har_gpr,0.0110888861554179,0.011543216853740754
5,27.12.2013,2,2013,True,har_gpr,0.0103402157693091,0.011466800110305835
5,30.12.2013,2,2013,True,har_gpr,0.0125726323492284,0.011487615445284552
5,31.12.2013,2,2013,True,har_gpr,0.0127209608336051,0.010019741351642422
5,02.01.2013,2,2013,True,har_x,0.0045395703942418,0.012118474979546186
5,03.01.2013,2,2013,True,har_x,0.0045324495165185,0.011875618997140146
5,04.01.2013,2,2013,True,har_x,0.0060601931974806,0.011335574139283771
5,07.01.2013,2,2013,True,har_x,0.0082773486704723,0.01091366551093231
5,08.01.2013,2,2013,True,har_x,0.0101623780528176,0.009697087701811763
5,09.01.2013,2,2013,True,har_x,0.0104946679580882,0.009280458943380676
5,10.01.2013,2,2013,True,har_x,0.0104177839558249,0.009368290085715596
5,11.01.2013,2,2013,True,har_x,0.009142855959703,0.009353202655364807
5,14.01.2013,2,2013,True,har_x,0.0108280506533806,0.009525343564190736
5,15.01.2013,2,2013,True,har_x,0.0067501322562163,0.010677905917211553
5,16.01.2013,2,2013,True,har_x,0.0066912192004784,0.01066064526928585
5,17.01.2013,2,2013,True,har_x,0.0066912192004784,0.009571463253471822
5,18.01.2013,2,2013,True,har_x,0.0064177259770934,0.009234239722416309
5,22.01.2013,2,2013,True,har_x,0.0029006094632186,0.00806703994944317
5,23.01.2013,2,2013,True,har_x,0.002956182864602,0.00489999210508915
5,24.01.2013,2,2013,True,har_x,0.0030849175687202,0.005433047090372378
5,25.01.2013,2,2013,True,har_x,0.0032483580907666,0.0052901683965667756
5,28.01.2013,2,2013,True,har_x,0.0079589258047384,0.005003793039413363
5,29.01.2013,2,2013,True,har_x,0.0079849512075914,0.006840791319279659
5,30.01.2013,2,2013,True,har_x,0.0080027466980831,0.007130941868127233
5,31.01.2013,2,2013,True,har_x,0.0079235504587713,0.007028973427820351
5,01.02.2013,2,2013,True,har_x,0.0088949322657306,0.0067705626894854
5,04.02.2013,2,2013,True,har_x,0.0076031317684489,0.006798326857959398
5,05.02.2013,2,2013,True,har_x,0.0073473205295092,0.008238514474289107
5,06.02.2013,2,2013,True,har_x,0.0074504820517317,0.007706924642717966
5,07.02.2013,2,2013,True,har_x,0.0076769876730248,0.007793693247882115
5,08.02.2013,2,2013,True,har_x,0.0039511971121077,0.007779459547201795
5,11.02.2013,2,2013,True,har_x,0.0049233074403166,0.007844532375248637
5,12.02.2013,2,2013,True,har_x,0.0073672337738002,0.00808200598468112
5,13.02.2013,2,2013,True,har_x,0.0083698689874816,0.007451743128746429
5,14.02.2013,2,2013,True,har_x,0.0100858062082722,0.007321818168402444
5,15.02.2013,2,2013,True,har_x,0.0107216305643707,0.00688327592943662
5,19.02.2013,2,2013,True,har_x,0.0113413666702552,0.008429287588739662
5,20.02.2013,2,2013,True,har_x,0.0104074544311586,0.008085474088584347
5,21.02.2013,2,2013,True,har_x,0.0081866524813664,0.009657243558199458
5,22.02.2013,2,2013,True,har_x,0.006649763404871,0.011112964765286441
5,25.02.2013,2,2013,True,har_x,0.0048197355881887,0.009346457553926196
5,26.02.2013,2,2013,True,har_x,0.0090834318275826,0.010776969670864972
5,27.02.2013,2,2013,True,har_x,0.0087629214882529,0.010893425049891561
5,28.02.2013,2,2013,True,har_x,0.0086349369936882,0.009894499587122099
5,01.03.2013,2,2013,True,har_x,0.0074999208640517,0.00952602072567501
5,04.03.2013,2,2013,True,har_x,0.0079467550023273,0.009710517232731319
5,05.03.2013,2,2013,True,har_x,0.0026904312622214,0.009721655649769357
5,06.03.2013,2,2013,True,har_x,0.0041104266813004,0.008717048346570555
5,07.03.2013,2,2013,True,har_x,0.0069458716595082,0.008602893562584962
5,08.03.2013,2,2013,True,har_x,0.0070601316816475,0.007827844698532007
5,11.03.2013,2,2013,True,har_x,0.0098729290407825,0.007603529367143598
5,12.03.2013,2,2013,True,har_x,0.0124110966646295,0.006257952128847678
5,13.03.2013,2,2013,True,har_x,0.012630940315655,0.006137255124478772
5,14.03.2013,2,2013,True,har_x,0.0116123392810698,0.006309719609287435
5,15.03.2013,2,2013,True,har_x,0.0121390502548737,0.00579959968576977
5,19.03.2013,2,2013,True,har_x,0.0094189527262856,0.005901912062408912
5,20.03.2013,2,2013,True,har_x,0.0082490705879824,0.006072889058117142
5,21.03.2013,2,2013,True,har_x,0.0036496838019312,0.00508576641250471
5,22.03.2013,2,2013,True,har_x,0.0037580122905878,0.0051065947528416205
5,25.03.2013,2,2013,True,har_x,0.0058320187398269,0.004517879302991191
5,26.03.2013,2,2013,True,har_x,0.0167099196810387,0.004619948311050453
5,27.03.2013,2,2013,True,har_x,0.016231829739426,0.004214792239688369
5,28.03.2013,2,2013,True,har_x,0.0163918651048596,0.004132794590472605
5,01.04.2013,2,2013,True,har_x,0.0150693443296829,0.004489932043914436
5,02.04.2013,2,2013,True,har_x,0.019288823340425,0.004540030174743262
5,03.04.2013,2,2013,True,har_x,0.0135285333656162,0.004371868140827403
5,04.04.2013,2,2013,True,har_x,0.0145167753389294,0.00623806899388725
5,05.04.2013,2,2013,True,har_x,0.0120549319979559,0.005805440462402091
5,08.04.2013,2,2013,True,har_x,0.0153395488191686,0.005915898067713955
5,09.04.2013,2,2013,True,har_x,0.0102517561563692,0.004708575430815919
5,10.04.2013,2,2013,True,har_x,0.0111141079553981,0.004570187733777653
5,11.04.2013,2,2013,True,har_x,0.0109649102493472,0.00463478828330135
5,12.04.2013,2,2013,True,har_x,0.0128571432110645,0.005185084126026588
5,15.04.2013,2,2013,True,har_x,0.007652946179444,0.006066598564746265
5,16.04.2013,2,2013,True,har_x,0.0076610527873249,0.01199883105480826
5,17.04.2013,2,2013,True,har_x,0.0099454322299394,0.010376984622101144
5,18.04.2013,2,2013,True,har_x,0.0069153039742968,0.012465278836280572
5,19.04.2013,2,2013,True,har_x,0.0084771091658984,0.011088802384566328
5,22.04.2013,2,2013,True,har_x,0.0084761825811773,0.010338250421719548
5,23.04.2013,2,2013,True,har_x,0.01248664249901,0.007712581391980637
5,24.04.2013,2,2013,True,har_x,0.0159588501375107,0.0072112146414104634
5,25.04.2013,2,2013,True,har_x,0.020155191555247,0.00667245848324839
5,26.04.2013,2,2013,True,har_x,0.0210522375418292,0.006664436837247035
5,29.04.2013,2,2013,True,har_x,0.0215065521128035,0.006249005398073489
5,30.04.2013,2,2013,True,har_x,0.0207947025870124,0.00945284778897096
5,01.05.2013,2,2013,True,har_x,0.0147075034786576,0.01006666271129907
5,02.05.2013,2,2013,True,har_x,0.0096103019351857,0.011094526498656217
5,03.05.2013,2,2013,True,har_x,0.0083390446832814,0.010053059502961247
5,06.05.2013,2,2013,True,har_x,0.0053730925029395,0.009398506095740807
5,07.05.2013,2,2013,True,har_x,0.0046385832802049,0.01018976427715861
5,08.05.2013,2,2013,True,har_x,0.0078712352476201,0.009694569942868117
5,09.05.2013,2,2013,True,har_x,0.0078642694607645,0.008841042153518894
5,10.05.2013,2,2013,True,har_x,0.0075283189168871,0.009383168637560144
5,13.05.2013,2,2013,True,har_x,0.0050244040690939,0.009239105489839076
5,14.05.2013,2,2013,True,har_x,0.0045480057321202,0.009945157606766482
5,15.05.2013,2,2013,True,har_x,0.006006642726228,0.010117332720976818
5,16.05.2013,2,2013,True,har_x,0.0057566864554236,0.010328932884012572
5,17.05.2013,2,2013,True,har_x,0.0060959656392417,0.010041154889421665
5,20.05.2013,2,2013,True,har_x,0.0100256171636034,0.009144123378291834
5,21.05.2013,2,2013,True,har_x,0.0129017951243581,0.008120289860156584
5,22.05.2013,2,2013,True,har_x,0.0117080513719396,0.007980374857767203
5,23.05.2013,2,2013,True,har_x,0.0139926370248829,0.008864460213103761
5,24.05.2013,2,2013,True,har_x,0.0167844269555366,0.007915139767841688
5,28.05.2013,2,2013,True,har_x,0.0158974276892408,0.007482707410319045
5,29.05.2013,2,2013,True,har_x,0.0134384546785402,0.009102952982291539
5,30.05.2013,2,2013,True,har_x,0.013381529050393,0.009667325863687248
5,31.05.2013,2,2013,True,har_x,0.0069022572515458,0.009314085478754515
5,03.06.2013,2,2013,True,har_x,0.0073576779449851,0.009298121910733956
5,04.06.2013,2,2013,True,har_x,0.0077754766410971,0.0095835507293061
5,05.06.2013,2,2013,True,har_x,0.0080949293819787,0.00945310187181866
5,06.06.2013,2,2013,True,har_x,0.0083879291700455,0.009292037938920557
5,07.06.2013,2,2013,True,har_x,0.0071504926873812,0.009025405351695246
5,10.06.2013,2,2013,True,har_x,0.0095464453961566,0.008602411355947795
5,11.06.2013,2,2013,True,har_x,0.0064969351476735,0.007503586113402534
5,12.06.2013,2,2013,True,har_x,0.020886839260917,0.007571898296500801
5,13.06.2013,2,2013,True,har_x,0.0203873125895519,0.008020273987402864
5,14.06.2013,2,2013,True,har_x,0.0205846039297967,0.007288874982542821
5,18.06.2013,2,2013,True,har_x,0.0172401074212478,0.007095623067053581
5,19.06.2013,2,2013,True,har_x,0.0177260852498633,0.006941595697570005
5,20.06.2013,2,2013,True,har_x,0.0085438297696349,0.006465695583668702
5,21.06.2013,2,2013,True,har_x,0.0063743223563009,0.01039416129224025
5,24.06.2013,2,2013,True,har_x,0.006870041669453,0.008716566664169395
5,25.06.2013,2,2013,True,har_x,0.0071340458916095,0.009627766105368765
5,26.06.2013,2,2013,True,har_x,0.0086540168825698,0.009373384057839003
5,27.06.2013,2,2013,True,har_x,0.0098388268462654,0.008832368550697488
5,28.06.2013,2,2013,True,har_x,0.008373873141375,0.009561259338194327
5,01.07.2013,2,2013,True,har_x,0.0088779752514242,0.009145358338408714
5,02.07.2013,2,2013,True,har_x,0.0089444104205748,0.009327302185909046
5,03.07.2013,2,2013,True,har_x,0.0097818547179847,0.009526654993701603
5,05.07.2013,2,2013,True,har_x,0.0069443471297099,0.011398186869365537
5,08.07.2013,2,2013,True,har_x,0.0064319774719014,0.012075239732406056
5,09.07.2013,2,2013,True,har_x,0.0064269399026393,0.010065203910183512
5,10.07.2013,2,2013,True,har_x,0.0062080943605859,0.00994482942891734
5,11.07.2013,2,2013,True,har_x,0.0079547242388301,0.01055102150171246
5,12.07.2013,2,2013,True,har_x,0.0060979170738879,0.009551582524481118
5,15.07.2013,2,2013,True,har_x,0.0060861119064007,0.009720400675933305
5,16.07.2013,2,2013,True,har_x,0.0069746480990811,0.008085613599887133
5,17.07.2013,2,2013,True,har_x,0.0078486973885007,0.008539546399943617
5,19.07.2013,2,2013,True,har_x,0.0063494951001391,0.007730542822916832
5,22.07.2013,2,2013,True,har_x,0.0065779747481344,0.008350193876118885
5,23.07.2013,2,2013,True,har_x,0.0063509396261996,0.009062641826145112
5,24.07.2013,2,2013,True,har_x,0.0054816936397158,0.008588944251662907
5,25.07.2013,2,2013,True,har_x,0.0091207446643905,0.008908487850127206
5,26.07.2013,2,2013,True,har_x,0.0093309002964895,0.008517192673213252
5,29.07.2013,2,2013,True,har_x,0.0096727282566542,0.008403561338361691
5,30.07.2013,2,2013,True,har_x,0.0096270701915313,0.008227122335858289
5,31.07.2013,2,2013,True,har_x,0.0098787241546707,0.008662136015973846
5,01.08.2013,2,2013,True,har_x,0.0019340869128997,0.00843131563985732
5,02.08.2013,2,2013,True,har_x,0.0089744194733887,0.008111900597365319
5,05.08.2013,2,2013,True,har_x,0.0096487099105742,0.0078033159630111135
5,06.08.2013,2,2013,True,har_x,0.0095619420577289,0.0071890969606454875
5,07.08.2013,2,2013,True,har_x,0.0078604827703753,0.007111315000579871
5,08.08.2013,2,2013,True,har_x,0.0039360286022611,0.007111899695398735
5,09.08.2013,2,2013,True,har_x,0.0032888246561805,0.007336121275327482
5,12.08.2013,2,2013,True,har_x,0.0071061395095393,0.007435439061195167
5,13.08.2013,2,2013,True,har_x,0.0066024957930898,0.007490424479127904
5,14.08.2013,2,2013,True,har_x,0.0063566291434821,0.007514582279632541
5,15.08.2013,2,2013,True,har_x,0.0071045224779331,0.007834671134256906
5,16.08.2013,2,2013,True,har_x,0.0071825371669589,0.008726316318223157
5,20.08.2013,2,2013,True,har_x,0.0148631176810734,0.008430435967927672
5,21.08.2013,2,2013,True,har_x,0.0142572324525854,0.009560673090766547
5,22.08.2013,2,2013,True,har_x,0.017704722374946,0.0095827202272717
5,23.08.2013,2,2013,True,har_x,0.0196587011001895,0.008835680878807633
5,26.08.2013,2,2013,True,har_x,0.0194057495848968,0.008676090226901103
5,27.08.2013,2,2013,True,har_x,0.0149026902679362,0.008038745332309838
5,28.08.2013,2,2013,True,har_x,0.0111297032592963,0.01082001188269797
5,29.08.2013,2,2013,True,har_x,0.01009347627407,0.012234760357521805
5,30.08.2013,2,2013,True,har_x,0.0137427184172519,0.010694018100561125
5,03.09.2013,2,2013,True,har_x,0.0134402056497722,0.01093434626113315
5,04.09.2013,2,2013,True,har_x,0.0141989461122723,0.01061902217141443
5,05.09.2013,2,2013,True,har_x,0.0156029472371096,0.010358159172029861
5,06.09.2013,2,2013,True,har_x,0.0146332149447381,0.00971822576930663
5,09.09.2013,2,2013,True,har_x,0.0142908000939404,0.010179718854267564
5,10.09.2013,2,2013,True,har_x,0.0129271422895077,0.011681148997713182
5,11.09.2013,2,2013,True,har_x,0.0132129543528319,0.011427811929698457
5,12.09.2013,2,2013,True,har_x,0.0105964877091328,0.00944242571277434
5,13.09.2013,2,2013,True,har_x,0.0113493193723499,0.009077497251035013
5,18.09.2013,2,2013,True,har_x,0.0091638332012145,0.008758994899773555
5,19.09.2013,2,2013,True,har_x,0.0071551276099548,0.008760664635920486
5,20.09.2013,2,2013,True,har_x,0.0072949981588029,0.00813045644920884
5,23.09.2013,2,2013,True,har_x,0.0056703857689498,0.007822367543456131
5,24.09.2013,2,2013,True,har_x,0.0054131360327372,0.006457132422349606
5,25.09.2013,2,2013,True,har_x,0.0076914870539452,0.006475099605361747
5,26.09.2013,2,2013,True,har_x,0.0067964830063757,0.006413792624822553
5,27.09.2013,2,2013,True,har_x,0.0063894710538695,0.0063112503848374996
5,30.09.2013,2,2013,True,har_x,0.0060063001537353,0.005849404476934907
5,01.10.2013,2,2013,True,har_x,0.0048360133983335,0.006844362690109332
5,02.10.2013,2,2013,True,har_x,0.0060062669490411,0.00660610006258603
5,03.10.2013,2,2013,True,har_x,0.0125358876488317,0.006075592455102056
5,04.10.2013,2,2013,True,har_x,0.0132935205767633,0.005879307621559665
5,07.10.2013,2,2013,True,har_x,0.0135232530545666,0.005880559135763271
5,08.10.2013,2,2013,True,har_x,0.0144713973252867,0.008119513329152846
5,09.10.2013,2,2013,True,har_x,0.0136974609004114,0.008155794743605425
5,10.10.2013,2,2013,True,har_x,0.006675500237042,0.008782317513991165
5,11.10.2013,2,2013,True,har_x,0.0081993656613473,0.00773574036895743
5,14.10.2013,2,2013,True,har_x,0.0086403947746407,0.007475822702261051
5,15.10.2013,2,2013,True,har_x,0.0116225452135124,0.007928720174633903
5,16.10.2013,2,2013,True,har_x,0.0094468932979915,0.008091799974095029
5,17.10.2013,2,2013,True,har_x,0.0091344881369178,0.006917186337916789
5,21.10.2013,2,2013,True,har_x,0.0164026743448499,0.006685915481322415
5,22.10.2013,2,2013,True,har_x,0.0164463306255269,0.0050845842987023064
5,23.10.2013,2,2013,True,har_x,0.013122189773532,0.005267599418669247
5,24.10.2013,2,2013,True,har_x,0.0135256586284731,0.0065707892060357055
5,25.10.2013,2,2013,True,har_x,0.0194715474857418,0.0056969250246094285
5,28.10.2013,2,2013,True,har_x,0.0135559507651276,0.00463197435118588
5,29.10.2013,2,2013,True,har_x,0.0135800007096982,0.007808553474166361
5,30.10.2013,2,2013,True,har_x,0.0116700692183327,0.007550469409775616
5,31.10.2013,2,2013,True,har_x,0.0122875711780534,0.007949375717373326
5,01.11.2013,2,2013,True,har_x,0.0124033043695885,0.007731542407064497
5,04.11.2013,2,2013,True,har_x,0.0138152924733937,0.008429456978123116
5,05.11.2013,2,2013,True,har_x,0.0134010739401773,0.008370007445765623
5,06.11.2013,2,2013,True,har_x,0.014234310497314,0.00872405225097532
5,07.11.2013,2,2013,True,har_x,0.0086033735841318,0.007987904314414936
5,08.11.2013,2,2013,True,har_x,0.0086030839774625,0.008170036138522935
5,11.11.2013,2,2013,True,har_x,0.0120407977927697,0.007343566223160267
5,12.11.2013,2,2013,True,har_x,0.0120175772223023,0.007295612258784683
5,13.11.2013,2,2013,True,har_x,0.0133159281155167,0.006654549476698293
5,14.11.2013,2,2013,True,har_x,0.0128146825726639,0.006378210951228222
5,15.11.2013,2,2013,True,har_x,0.0128643020437859,0.006893506647470042
5,19.11.2013,2,2013,True,har_x,0.0082055122908252,0.006376340045644311
5,20.11.2013,2,2013,True,har_x,0.0080735027128029,0.00584448455625239
5,21.11.2013,2,2013,True,har_x,0.0087427723551993,0.005843000020489946
5,22.11.2013,2,2013,True,har_x,0.0109782264654032,0.005198263002258749
5,25.11.2013,2,2013,True,har_x,0.0117424885917702,0.0047156816795763945
5,26.11.2013,2,2013,True,har_x,0.0124468883651392,0.0014910872242822086
5,27.11.2013,2,2013,True,har_x,0.0130796856059611,0.001171978651081827
5,29.11.2013,2,2013,True,har_x,0.0105232652810828,0.0017768242872551162
5,02.12.2013,2,2013,True,har_x,0.0120814274218189,0.0022103575818189026
5,03.12.2013,2,2013,True,har_x,0.0096692304233405,0.008152014205644629
5,04.12.2013,2,2013,True,har_x,0.0103927226415528,0.007219080356199108
5,05.12.2013,2,2013,True,har_x,0.0105444903927452,0.006914731856047173
5,06.12.2013,2,2013,True,har_x,0.0096967691809419,0.006630338409005839
5,09.12.2013,2,2013,True,har_x,0.0087193161705878,0.0063492361776109445
5,10.12.2013,2,2013,True,har_x,0.0087482484684447,0.005878127629825335
5,11.12.2013,2,2013,True,har_x,0.0088117983811185,0.005511356135266323
5,12.12.2013,2,2013,True,har_x,0.0078550723583805,0.005486896112707313
5,13.12.2013,2,2013,True,har_x,0.0084208946080929,0.005738112269272905
5,16.12.2013,2,2013,True,har_x,0.0063023112476234,0.005725599671728454
5,17.12.2013,2,2013,True,har_x,0.0061705750021904,0.005904589842786938
5,19.12.2013,2,2013,True,har_x,0.0058402919775116,0.005794079738611048
5,20.12.2013,2,2013,True,har_x,0.0046600830379985,0.0050911185500437306
5,23.12.2013,2,2013,True,har_x,0.0048132900601037,0.004879286745723796
5,24.12.2013,2,2013,True,har_x,0.0119893687658279,0.004783113176445123
5,26.12.2013,2,2013,True,har_x,0.0110888861554179,0.004782666091674569
5,27.12.2013,2,2013,True,har_x,0.0103402157693091,0.004716980708147227
5,30.12.2013,2,2013,True,har_x,0.0125726323492284,0.0050625274227126095
5,31.12.2013,2,2013,True,har_x,0.0127209608336051,0.004207874534408358
22,02.01.2013,2,2013,True,har,0.0073550586721884,0.012407986696781077
22,03.01.2013,2,2013,True,har,0.0074250448626855,0.0126570672361997
22,04.01.2013,2,2013,True,har,0.0071373890177702,0.012232947974373388
22,07.01.2013,2,2013,True,har,0.0071454886848949,0.012507370251604193
22,08.01.2013,2,2013,True,har,0.0075586478883866,0.012121641523130805
22,09.01.2013,2,2013,True,har,0.0077617380732279,0.012051037659764015
22,10.01.2013,2,2013,True,har,0.0077663033564777,0.011150826466418372
22,11.01.2013,2,2013,True,har,0.007143767632499,0.011129071099768535
22,14.01.2013,2,2013,True,har,0.0069725705666795,0.011844057190754742
22,15.01.2013,2,2013,True,har,0.0059131182652563,0.012091447839349984
22,16.01.2013,2,2013,True,har,0.0064669775049302,0.012417717345484455
22,17.01.2013,2,2013,True,har,0.0076470192085624,0.011642623523021738
22,18.01.2013,2,2013,True,har,0.008761764878111,0.011327262925131216
22,22.01.2013,2,2013,True,har,0.00814927409704,0.011010878610995499
22,23.01.2013,2,2013,True,har,0.0081434192263617,0.012073107430514946
22,24.01.2013,2,2013,True,har,0.0087693581120062,0.011180569916922154
22,25.01.2013,2,2013,True,har,0.0089040391459325,0.011188156407116493
22,28.01.2013,2,2013,True,har,0.0089238846386208,0.010201278723108552
22,29.01.2013,2,2013,True,har,0.0088645601497506,0.010205416854681175
22,30.01.2013,2,2013,True,har,0.0087538582870147,0.010272506254708904
22,31.01.2013,2,2013,True,har,0.0092423898680744,0.010196108815145023
22,01.02.2013,2,2013,True,har,0.0088656323423536,0.009975355736521675
22,04.02.2013,2,2013,True,har,0.0087160798514167,0.010261382439895484
22,05.02.2013,2,2013,True,har,0.0084424363391887,0.010626019909518045
22,06.02.2013,2,2013,True,har,0.0084217435240235,0.010652932579343487
22,07.02.2013,2,2013,True,har,0.0082905188248754,0.010466626113749232
22,08.02.2013,2,2013,True,har,0.0074875803159048,0.010507409987809593
22,11.02.2013,2,2013,True,har,0.0079161914123321,0.01113466589086056
22,12.02.2013,2,2013,True,har,0.0077499605654737,0.010581685270823631
22,13.02.2013,2,2013,True,har,0.0082439002387981,0.010353034690627247
22,14.02.2013,2,2013,True,har,0.0089270013463744,0.009404129149537362
22,15.02.2013,2,2013,True,har,0.0090235230271408,0.009501817717753087
22,19.02.2013,2,2013,True,har,0.0090586667605937,0.009282375005750222
22,20.02.2013,2,2013,True,har,0.0087903800269433,0.009984704411272041
22,21.02.2013,2,2013,True,har,0.00859916315957,0.010722935220810702
22,22.02.2013,2,2013,True,har,0.0085353227330697,0.011654610840369218
22,25.02.2013,2,2013,True,har,0.0085360818669759,0.011393219930954383
22,26.02.2013,2,2013,True,har,0.0083121913147446,0.011382597998155285
22,27.02.2013,2,2013,True,har,0.0081995597119065,0.012244284860389806
22,28.02.2013,2,2013,True,har,0.010710869642849,0.011930242631214788
22,01.03.2013,2,2013,True,har,0.0106654215668787,0.011677350710013504
22,04.03.2013,2,2013,True,har,0.0114402896874643,0.011704331185999072
22,05.03.2013,2,2013,True,har,0.0109991646656303,0.011082551067599162
22,06.03.2013,2,2013,True,har,0.0116208694106644,0.012023417288493737
22,07.03.2013,2,2013,True,har,0.011611442165795,0.01157216225315039
22,08.03.2013,2,2013,True,har,0.0119009849646924,0.011435621752395434
22,11.03.2013,2,2013,True,har,0.0120219537640774,0.011326482888879984
22,12.03.2013,2,2013,True,har,0.0130405061759501,0.010755658512704276
22,13.03.2013,2,2013,True,har,0.0129835477912911,0.010464630794891367
22,14.03.2013,2,2013,True,har,0.012742904555836,0.01059511543324377
22,15.03.2013,2,2013,True,har,0.012838597008496,0.011001369076912224
22,19.03.2013,2,2013,True,har,0.0126374255857762,0.01080088146498178
22,20.03.2013,2,2013,True,har,0.0124207818964672,0.011780333244724578
22,21.03.2013,2,2013,True,har,0.0123045772680735,0.01224592011617356
22,22.03.2013,2,2013,True,har,0.0128064354628036,0.0120447304397855
22,25.03.2013,2,2013,True,har,0.0133521908544215,0.011293018502698437
22,26.03.2013,2,2013,True,har,0.0130334217491445,0.011391880171041148
22,27.03.2013,2,2013,True,har,0.0131194136477967,0.01175586509604937
22,28.03.2013,2,2013,True,har,0.0132781455506948,0.011134708984036401
22,01.04.2013,2,2013,True,har,0.0136491503219128,0.010849758319141438
22,02.04.2013,2,2013,True,har,0.0153984486769606,0.01123024987571881
22,03.04.2013,2,2013,True,har,0.0142704928844872,0.01101973098829651
22,04.04.2013,2,2013,True,har,0.0144797164236829,0.014376372843042468
22,05.04.2013,2,2013,True,har,0.0139090053891861,0.013269625885606564
22,08.04.2013,2,2013,True,har,0.0138635218086711,0.014224370321648307
22,09.04.2013,2,2013,True,har,0.0134584601688623,0.013804220759345273
22,10.04.2013,2,2013,True,har,0.0134756689488047,0.014767384761881237
22,11.04.2013,2,2013,True,har,0.0133111507518808,0.014167602958188839
22,12.04.2013,2,2013,True,har,0.0131078869977375,0.014716542954340306
22,15.04.2013,2,2013,True,har,0.0118662295888047,0.01452263874506551
22,16.04.2013,2,2013,True,har,0.0118599782497821,0.01570841153285968
22,17.04.2013,2,2013,True,har,0.011865858456843,0.014721761823620026
22,18.04.2013,2,2013,True,har,0.0114660393848373,0.014500450054398635
22,19.04.2013,2,2013,True,har,0.0114441063910229,0.014571325948547448
22,22.04.2013,2,2013,True,har,0.0117810312882006,0.014520921490546809
22,23.04.2013,2,2013,True,har,0.0117876678710967,0.014456158872460472
22,24.04.2013,2,2013,True,har,0.0114238726046052,0.014183016306430174
22,25.04.2013,2,2013,True,har,0.011358642218979,0.014812356216692872
22,26.04.2013,2,2013,True,har,0.0119673129263975,0.015214848188034154
22,29.04.2013,2,2013,True,har,0.0118816520906964,0.014855856493478623
22,30.04.2013,2,2013,True,har,0.0121091251870781,0.014859339293754168
22,01.05.2013,2,2013,True,har,0.0114986544185609,0.015421254053738795
22,02.05.2013,2,2013,True,har,0.0100235040466823,0.015240888964992063
22,03.05.2013,2,2013,True,har,0.009614307317443,0.016886163020503497
22,06.05.2013,2,2013,True,har,0.0092996200017074,0.016207469437194134
22,07.05.2013,2,2013,True,har,0.0092877966124543,0.01636134839170046
22,08.05.2013,2,2013,True,har,0.009372960159992,0.016096315109789913
22,09.05.2013,2,2013,True,har,0.0095765727217601,0.015512206475562916
22,10.05.2013,2,2013,True,har,0.0095923808677933,0.01500769552719997
22,13.05.2013,2,2013,True,har,0.0094281674346789,0.01492210435179727
22,14.05.2013,2,2013,True,har,0.009408190853681,0.014001928962440142
22,15.05.2013,2,2013,True,har,0.0097816973605806,0.013745657237402651
22,16.05.2013,2,2013,True,har,0.0097816555109683,0.014261413503200442
22,17.05.2013,2,2013,True,har,0.0128620852951885,0.013690592995914335
22,20.05.2013,2,2013,True,har,0.0130922492738689,0.013661588645531571
22,21.05.2013,2,2013,True,har,0.0131001806499754,0.01347110385065407
22,22.05.2013,2,2013,True,har,0.0128522065156249,0.013488184731614665
22,23.05.2013,2,2013,True,har,0.012886078207787,0.01389644665224828
22,24.05.2013,2,2013,True,har,0.0131194389691209,0.013147581206867931
22,28.05.2013,2,2013,True,har,0.0127270297687113,0.013177214341320891
22,29.05.2013,2,2013,True,har,0.0123094998472123,0.014064807011653685
22,30.05.2013,2,2013,True,har,0.0124541783385579,0.014436984031120537
22,31.05.2013,2,2013,True,har,0.012176522156247,0.012985772894893867
22,03.06.2013,2,2013,True,har,0.0122855572714544,0.01258121419552126
22,04.06.2013,2,2013,True,har,0.0121601089320489,0.012907274966995175
22,05.06.2013,2,2013,True,har,0.0121357352563988,0.012693306337487314
22,06.06.2013,2,2013,True,har,0.0121504050342283,0.012139559000232324
22,07.06.2013,2,2013,True,har,0.0121997793967962,0.012307588895152759
22,10.06.2013,2,2013,True,har,0.0122210564398301,0.012246736310239353
22,11.06.2013,2,2013,True,har,0.0119410152281227,0.01218913506660449
22,12.06.2013,2,2013,True,har,0.0119280986978735,0.01227511852513848
22,13.06.2013,2,2013,True,har,0.0118935188621422,0.012203203683658726
22,14.06.2013,2,2013,True,har,0.0122624015803358,0.012174015607098491
22,18.06.2013,2,2013,True,har,0.0118063786198483,0.01191835014891576
22,19.06.2013,2,2013,True,har,0.0118112476335594,0.01295006822681335
22,20.06.2013,2,2013,True,har,0.0085119047571811,0.012365292600164404
22,21.06.2013,2,2013,True,har,0.0078863567163734,0.0164255133076346
22,24.06.2013,2,2013,True,har,0.0080432037292444,0.015667198171496293
22,25.06.2013,2,2013,True,har,0.0080349303669256,0.015420594531079721
22,26.06.2013,2,2013,True,har,0.0081951741594979,0.01520609423458729
22,27.06.2013,2,2013,True,har,0.0080278216564193,0.014968443290763831
22,28.06.2013,2,2013,True,har,0.0083821366691973,0.014502745235741441
22,01.07.2013,2,2013,True,har,0.0084946820514264,0.014312061086418356
22,02.07.2013,2,2013,True,har,0.0084002071785375,0.013962204454850285
22,03.07.2013,2,2013,True,har,0.0078338347496158,0.013760723067286974
22,05.07.2013,2,2013,True,har,0.0069748679689901,0.014250346208183062
22,08.07.2013,2,2013,True,har,0.0071141309665202,0.014752231605350278
22,09.07.2013,2,2013,True,har,0.0077378392300027,0.014259425383423436
22,10.07.2013,2,2013,True,har,0.0077552169895512,0.014230574226954416
22,11.07.2013,2,2013,True,har,0.0077317257173933,0.014259169965819137
22,12.07.2013,2,2013,True,har,0.007487316429603,0.01424665237169865
22,15.07.2013,2,2013,True,har,0.0076541535688009,0.014256164328333435
22,16.07.2013,2,2013,True,har,0.0076411759831496,0.013988921309080757
22,17.07.2013,2,2013,True,har,0.0079292120006861,0.013990773615239193
22,19.07.2013,2,2013,True,har,0.0074955027897196,0.01359859302398268
22,22.07.2013,2,2013,True,har,0.0074955288993037,0.014268009822505947
22,23.07.2013,2,2013,True,har,0.0077641277753691,0.010974941120570425
22,24.07.2013,2,2013,True,har,0.0073077961836283,0.010462697998040924
22,25.07.2013,2,2013,True,har,0.0098208392323293,0.011261191004766857
22,26.07.2013,2,2013,True,har,0.0102986938188597,0.011102429339273375
22,29.07.2013,2,2013,True,har,0.0108731594929836,0.011150060904802334
22,30.07.2013,2,2013,True,har,0.011102193886464,0.01093021859544461
22,31.07.2013,2,2013,True,har,0.0113418313146021,0.01093465334411886
22,01.08.2013,2,2013,True,har,0.0110993982440674,0.010934308824269027
22,02.08.2013,2,2013,True,har,0.0109701783805435,0.011738958741542724
22,05.08.2013,2,2013,True,har,0.010961215685622,0.011064926255814421
22,06.08.2013,2,2013,True,har,0.0119942730685207,0.01027214771987706
22,07.08.2013,2,2013,True,har,0.0129364642154916,0.010385134828966
22,08.08.2013,2,2013,True,har,0.0127903809316248,0.010550262070956244
22,09.08.2013,2,2013,True,har,0.0126264577227829,0.010144655887163895
22,12.08.2013,2,2013,True,har,0.0125752608357108,0.011113759236377824
22,13.08.2013,2,2013,True,har,0.0132609404790509,0.010818345118128275
22,14.08.2013,2,2013,True,har,0.0137266398271601,0.010963245231454994
22,15.08.2013,2,2013,True,har,0.0136303229557634,0.010766659389955163
22,16.08.2013,2,2013,True,har,0.0137588980583828,0.010838293860504954
22,20.08.2013,2,2013,True,har,0.0136899080928682,0.010185857816642921
22,21.08.2013,2,2013,True,har,0.0136887271960766,0.010881965607156357
22,22.08.2013,2,2013,True,har,0.0138150613323258,0.010715743436978552
22,23.08.2013,2,2013,True,har,0.0136447315771261,0.01026381438977148
22,26.08.2013,2,2013,True,har,0.0136424905177488,0.010743698501108876
22,27.08.2013,2,2013,True,har,0.0114500120234045,0.010495749174332592
22,28.08.2013,2,2013,True,har,0.0108262681747088,0.013589517008624106
22,29.08.2013,2,2013,True,har,0.0106165691100625,0.01351456850285081
22,30.08.2013,2,2013,True,har,0.0105693354186064,0.013932867175518195
22,03.09.2013,2,2013,True,har,0.0099641158756998,0.013891754371553792
22,04.09.2013,2,2013,True,har,0.0100175023699658,0.014142061800416987
22,05.09.2013,2,2013,True,har,0.0100968286617774,0.013804927618145217
22,06.09.2013,2,2013,True,har,0.0114952196910095,0.013415694247529444
22,09.09.2013,2,2013,True,har,0.0107003549460148,0.013330414349749124
22,10.09.2013,2,2013,True,har,0.0096315907474069,0.01466404493060118
22,11.09.2013,2,2013,True,har,0.0098318673144916,0.0153349296591281
22,12.09.2013,2,2013,True,har,0.0097397944255032,0.014782515008573506
22,13.09.2013,2,2013,True,har,0.009736661463957,0.015121252585832877
22,18.09.2013,2,2013,True,har,0.0091643612044914,0.01482297956916472
22,19.09.2013,2,2013,True,har,0.0084209759202973,0.01578266239079603
22,20.09.2013,2,2013,True,har,0.0094272604473113,0.015983753046653223
22,23.09.2013,2,2013,True,har,0.0093363595486731,0.015588584455069688
22,24.09.2013,2,2013,True,har,0.0092714692245435,0.01571297554390407
22,25.09.2013,2,2013,True,har,0.0107222556861888,0.01563425641760107
22,26.09.2013,2,2013,True,har,0.0106540636182093,0.015323310457250125
22,27.09.2013,2,2013,True,har,0.0107128186853078,0.015473639068897486
22,30.09.2013,2,2013,True,har,0.0109026729752677,0.013783434594276847
22,01.10.2013,2,2013,True,har,0.0123627558169699,0.012783852489056884
22,02.10.2013,2,2013,True,har,0.0120873305886012,0.012671909928886328
22,03.10.2013,2,2013,True,har,0.0121861457288712,0.013251577481560731
22,04.10.2013,2,2013,True,har,0.0121196422101694,0.012421588266465498
22,07.10.2013,2,2013,True,har,0.0125107337390954,0.012527675065199674
22,08.10.2013,2,2013,True,har,0.0130501342279427,0.012428783093791005
22,09.10.2013,2,2013,True,har,0.0132632111189172,0.012340793118149965
22,10.10.2013,2,2013,True,har,0.0119508197858698,0.012014322625870804
22,11.10.2013,2,2013,True,har,0.0123457854493105,0.013173987838712375
22,14.10.2013,2,2013,True,har,0.0127465407696719,0.01268668451677967
22,15.10.2013,2,2013,True,har,0.0125971281578569,0.01242726441681111
22,16.10.2013,2,2013,True,har,0.0128043132236158,0.012821753492306253
22,17.10.2013,2,2013,True,har,0.013060087227128,0.012186245253437117
22,21.10.2013,2,2013,True,har,0.0134711055789184,0.010993845586366194
22,22.10.2013,2,2013,True,har,0.0135843201510546,0.011699348546449335
22,23.10.2013,2,2013,True,har,0.0128056074910781,0.011255180074899765
22,24.10.2013,2,2013,True,har,0.0126657774851289,0.012679268225455828
22,25.10.2013,2,2013,True,har,0.0126646240911286,0.012311576523705408
22,28.10.2013,2,2013,True,har,0.0120389191152113,0.01194391364613576
22,29.10.2013,2,2013,True,har,0.0124300811419596,0.014078972379098201
22,30.10.2013,2,2013,True,har,0.0125122183922139,0.0135926232713468
22,31.10.2013,2,2013,True,har,0.0124165935544078,0.013540826306682813
22,01.11.2013,2,2013,True,har,0.0108961574489665,0.013552888491669614
22,04.11.2013,2,2013,True,har,0.0109210068238723,0.0154550201011419
22,05.11.2013,2,2013,True,har,0.0117145098499704,0.014468034256771794
22,06.11.2013,2,2013,True,har,0.0117076507028762,0.014667790585599237
22,07.11.2013,2,2013,True,har,0.0109278347523612,0.01429948448517935
22,08.11.2013,2,2013,True,har,0.0107993635709006,0.015008076370630861
22,11.11.2013,2,2013,True,har,0.0105374535502457,0.01436206026960939
22,12.11.2013,2,2013,True,har,0.010830583409137,0.014653722663983543
22,13.11.2013,2,2013,True,har,0.0105898821175613,0.014467311216467731
22,14.11.2013,2,2013,True,har,0.0102650228569171,0.014900032928444829
22,15.11.2013,2,2013,True,har,0.0106082816350166,0.014813909380166947
22,19.11.2013,2,2013,True,har,0.0099873187374801,0.014447412265195934
22,20.11.2013,2,2013,True,har,0.0098029710749773,0.015145258086789801
22,21.11.2013,2,2013,True,har,0.0090439861085308,0.01518708899902416
22,22.11.2013,2,2013,True,har,0.0088708595747144,0.015386376541111767
22,25.11.2013,2,2013,True,har,0.0090822911053458,0.015052600198402207
22,26.11.2013,2,2013,True,har,0.0091152901670714,0.014823764918233673
22,27.11.2013,2,2013,True,har,0.0107932292881847,0.01379828550185484
22,29.11.2013,2,2013,True,har,0.0105039661518271,0.013821986595848162
22,02.12.2013,2,2013,True,har,0.009786142689537,0.014424063779532103
22,03.12.2013,2,2013,True,har,0.009552727063513,0.014777002571288963
22,04.12.2013,2,2013,True,har,0.0095017406978621,0.0134045062762388
22,05.12.2013,2,2013,True,har,0.0094745291554404,0.013483340050842212
22,06.12.2013,2,2013,True,har,0.0095787344727798,0.013540406839176306
22,09.12.2013,2,2013,True,har,0.0087014600183554,0.013337169327774958
22,10.12.2013,2,2013,True,har,0.0087113398508777,0.014030759464848084
22,11.12.2013,2,2013,True,har,0.0088439391013767,0.013060793540686224
22,12.12.2013,2,2013,True,har,0.008645014490238,0.012993895712077647
22,13.12.2013,2,2013,True,har,0.0086324528843079,0.013301197129188806
22,16.12.2013,2,2013,True,har,0.0083418913677218,0.012819008371186214
22,17.12.2013,2,2013,True,har,0.0084223503222738,0.013226464643923831
22,19.12.2013,2,2013,True,har,0.008464735050181,0.012831000920034002
22,20.12.2013,2,2013,True,har,0.008088412979004,0.012379626254191397
22,23.12.2013,2,2013,True,har,0.0083054738383308,0.01277466312150487
22,24.12.2013,2,2013,True,har,0.0083369574147939,0.01193206511222742
22,26.12.2013,2,2013,True,har,0.0083399751091995,0.011734930575620021
22,27.12.2013,2,2013,True,har,0.0087300965272301,0.011662513318611843
22,30.12.2013,2,2013,True,har,0.0086210262448263,0.011673748842466133
22,31.12.2013,2,2013,True,har,0.0086146029421024,0.011939822090687075
22,02.01.2013,2,2013,True,har_ovx,0.0073550586721884,0.012704838764693794
22,03.01.2013,2,2013,True,har_ovx,0.0074250448626855,0.012528561466889566
22,04.01.2013,2,2013,True,har_ovx,0.0071373890177702,0.011967250316452214
22,07.01.2013,2,2013,True,har_ovx,0.0071454886848949,0.011671243786368675
22,08.01.2013,2,2013,True,har_ovx,0.0075586478883866,0.011034515913191073
22,09.01.2013,2,2013,True,har_ovx,0.0077617380732279,0.010686586943878404
22,10.01.2013,2,2013,True,har_ovx,0.0077663033564777,0.010608990191726099
22,11.01.2013,2,2013,True,har_ovx,0.007143767632499,0.010594384173393813
22,14.01.2013,2,2013,True,har_ovx,0.0069725705666795,0.010837198313353412
22,15.01.2013,2,2013,True,har_ovx,0.0059131182652563,0.011396127179330221
22,16.01.2013,2,2013,True,har_ovx,0.0064669775049302,0.01145536467298224
22,17.01.2013,2,2013,True,har_ovx,0.0076470192085624,0.010494824943151132
22,18.01.2013,2,2013,True,har_ovx,0.008761764878111,0.01018657986345716
22,22.01.2013,2,2013,True,har_ovx,0.00814927409704,0.009167258872497646
22,23.01.2013,2,2013,True,har_ovx,0.0081434192263617,0.009421035580947246
22,24.01.2013,2,2013,True,har_ovx,0.0087693581120062,0.009683555098446985
22,25.01.2013,2,2013,True,har_ovx,0.0089040391459325,0.00956531038912034
22,28.01.2013,2,2013,True,har_ovx,0.0089238846386208,0.009240160012735707
22,29.01.2013,2,2013,True,har_ovx,0.0088645601497506,0.009481047800025465
22,30.01.2013,2,2013,True,har_ovx,0.0087538582870147,0.009645272351667242
22,31.01.2013,2,2013,True,har_ovx,0.0092423898680744,0.009555314108088919
22,01.02.2013,2,2013,True,har_ovx,0.0088656323423536,0.009325745542846351
22,04.02.2013,2,2013,True,har_ovx,0.0087160798514167,0.009378747751749407
22,05.02.2013,2,2013,True,har_ovx,0.0084424363391887,0.01009275472234881
22,06.02.2013,2,2013,True,har_ovx,0.0084217435240235,0.009657688438898991
22,07.02.2013,2,2013,True,har_ovx,0.0082905188248754,0.009712007019640473
22,08.02.2013,2,2013,True,har_ovx,0.0074875803159048,0.009702451083908171
22,11.02.2013,2,2013,True,har_ovx,0.0079161914123321,0.009836244930140254
22,12.02.2013,2,2013,True,har_ovx,0.0077499605654737,0.008979505922912384
22,13.02.2013,2,2013,True,har_ovx,0.0082439002387981,0.008433663215787129
22,14.02.2013,2,2013,True,har_ovx,0.0089270013463744,0.00824320846317591
22,15.02.2013,2,2013,True,har_ovx,0.0090235230271408,0.007896148450894728
22,19.02.2013,2,2013,True,har_ovx,0.0090586667605937,0.009063162950646747
22,20.02.2013,2,2013,True,har_ovx,0.0087903800269433,0.009249136059404622
22,21.02.2013,2,2013,True,har_ovx,0.00859916315957,0.010667685077246072
22,22.02.2013,2,2013,True,har_ovx,0.0085353227330697,0.011973850936396009
22,25.02.2013,2,2013,True,har_ovx,0.0085360818669759,0.010533522241213915
22,26.02.2013,2,2013,True,har_ovx,0.0083121913147446,0.011277511200136814
22,27.02.2013,2,2013,True,har_ovx,0.0081995597119065,0.011466883838688238
22,28.02.2013,2,2013,True,har_ovx,0.010710869642849,0.010593253092073778
22,01.03.2013,2,2013,True,har_ovx,0.0106654215668787,0.010215128792016763
22,04.03.2013,2,2013,True,har_ovx,0.0114402896874643,0.010334451731073328
22,05.03.2013,2,2013,True,har_ovx,0.0109991646656303,0.010434876970455814
22,06.03.2013,2,2013,True,har_ovx,0.0116208694106644,0.009792381726086867
22,07.03.2013,2,2013,True,har_ovx,0.011611442165795,0.009649203917528864
22,08.03.2013,2,2013,True,har_ovx,0.0119009849646924,0.00899508364598754
22,11.03.2013,2,2013,True,har_ovx,0.0120219537640774,0.008774452361393592
22,12.03.2013,2,2013,True,har_ovx,0.0130405061759501,0.007943113027122138
22,13.03.2013,2,2013,True,har_ovx,0.0129835477912911,0.007695580108645968
22,14.03.2013,2,2013,True,har_ovx,0.012742904555836,0.007882964128227117
22,15.03.2013,2,2013,True,har_ovx,0.012838597008496,0.0076334400065212
22,19.03.2013,2,2013,True,har_ovx,0.0126374255857762,0.0076334400065212
22,20.03.2013,2,2013,True,har_ovx,0.0124207818964672,0.009115179548425743
22,21.03.2013,2,2013,True,har_ovx,0.0123045772680735,0.008402107363491259
22,22.03.2013,2,2013,True,har_ovx,0.0128064354628036,0.008406245842661857
22,25.03.2013,2,2013,True,har_ovx,0.0133521908544215,0.007828880479261127
22,26.03.2013,2,2013,True,har_ovx,0.0130334217491445,0.007850957987334914
22,27.03.2013,2,2013,True,har_ovx,0.0131194136477967,0.0076334400065212
22,28.03.2013,2,2013,True,har_ovx,0.0132781455506948,0.0076334400065212
22,01.04.2013,2,2013,True,har_ovx,0.0136491503219128,0.0076334400065212
22,02.04.2013,2,2013,True,har_ovx,0.0153984486769606,0.008142936676079151
22,03.04.2013,2,2013,True,har_ovx,0.0142704928844872,0.008032806509029905
22,04.04.2013,2,2013,True,har_ovx,0.0144797164236829,0.010127733338627116
22,05.04.2013,2,2013,True,har_ovx,0.0139090053891861,0.009657447289970627
22,08.04.2013,2,2013,True,har_ovx,0.0138635218086711,0.009839800666878028
22,09.04.2013,2,2013,True,har_ovx,0.0134584601688623,0.00945337179630578
22,10.04.2013,2,2013,True,har_ovx,0.0134756689488047,0.009525121316457028
22,11.04.2013,2,2013,True,har_ovx,0.0133111507518808,0.009389407756622599
22,12.04.2013,2,2013,True,har_ovx,0.0131078869977375,0.009916263877530626
22,15.04.2013,2,2013,True,har_ovx,0.0118662295888047,0.01056732625419387
22,16.04.2013,2,2013,True,har_ovx,0.0118599782497821,0.014406561687930542
22,17.04.2013,2,2013,True,har_ovx,0.011865858456843,0.012860631842049797
22,18.04.2013,2,2013,True,har_ovx,0.0114660393848373,0.014580616728101606
22,19.04.2013,2,2013,True,har_ovx,0.0114441063910229,0.013451481360315152
22,22.04.2013,2,2013,True,har_ovx,0.0117810312882006,0.012871738880152873
22,23.04.2013,2,2013,True,har_ovx,0.0117876678710967,0.011832786590872836
22,24.04.2013,2,2013,True,har_ovx,0.0114238726046052,0.011394620383288331
22,25.04.2013,2,2013,True,har_ovx,0.011358642218979,0.01106220228638471
22,26.04.2013,2,2013,True,har_ovx,0.0119673129263975,0.011021822652272532
22,29.04.2013,2,2013,True,har_ovx,0.0118816520906964,0.010681776036696669
22,30.04.2013,2,2013,True,har_ovx,0.0121091251870781,0.01115267357777787
22,01.05.2013,2,2013,True,har_ovx,0.0114986544185609,0.011802748253876906
22,02.05.2013,2,2013,True,har_ovx,0.0100235040466823,0.012714911215490444
22,03.05.2013,2,2013,True,har_ovx,0.009614307317443,0.012103012697549114
22,06.05.2013,2,2013,True,har_ovx,0.0092996200017074,0.011521640623231837
22,07.05.2013,2,2013,True,har_ovx,0.0092877966124543,0.012098666939218397
22,08.05.2013,2,2013,True,har_ovx,0.009372960159992,0.01165022140607785
22,09.05.2013,2,2013,True,har_ovx,0.0095765727217601,0.010752322365610854
22,10.05.2013,2,2013,True,har_ovx,0.0095923808677933,0.011035343900275048
22,13.05.2013,2,2013,True,har_ovx,0.0094281674346789,0.01088006061081772
22,14.05.2013,2,2013,True,har_ovx,0.009408190853681,0.011107457764222409
22,15.05.2013,2,2013,True,har_ovx,0.0097816973605806,0.011208081556736856
22,16.05.2013,2,2013,True,har_ovx,0.0097816555109683,0.011504788154041722
22,17.05.2013,2,2013,True,har_ovx,0.0128620852951885,0.011215063025858932
22,20.05.2013,2,2013,True,har_ovx,0.0130922492738689,0.010465816113142817
22,21.05.2013,2,2013,True,har_ovx,0.0131001806499754,0.010770263257017874
22,22.05.2013,2,2013,True,har_ovx,0.0128522065156249,0.010645757871769614
22,23.05.2013,2,2013,True,har_ovx,0.012886078207787,0.011445854006698047
22,24.05.2013,2,2013,True,har_ovx,0.0131194389691209,0.010589398992496384
22,28.05.2013,2,2013,True,har_ovx,0.0127270297687113,0.010243829818560512
22,29.05.2013,2,2013,True,har_ovx,0.0123094998472123,0.010683205949002409
22,30.05.2013,2,2013,True,har_ovx,0.0124541783385579,0.01124845505465563
22,31.05.2013,2,2013,True,har_ovx,0.012176522156247,0.010797378628828416
22,03.06.2013,2,2013,True,har_ovx,0.0122855572714544,0.010802863617241115
22,04.06.2013,2,2013,True,har_ovx,0.0121601089320489,0.010994708916901238
22,05.06.2013,2,2013,True,har_ovx,0.0121357352563988,0.010846805358443946
22,06.06.2013,2,2013,True,har_ovx,0.0121504050342283,0.010606084583283024
22,07.06.2013,2,2013,True,har_ovx,0.0121997793967962,0.01040074357917971
22,10.06.2013,2,2013,True,har_ovx,0.0122210564398301,0.009897116444800035
22,11.06.2013,2,2013,True,har_ovx,0.0119410152281227,0.009523157980489307
22,12.06.2013,2,2013,True,har_ovx,0.0119280986978735,0.009597328680753556
22,13.06.2013,2,2013,True,har_ovx,0.0118935188621422,0.009966970858468724
22,14.06.2013,2,2013,True,har_ovx,0.0122624015803358,0.009369045714719438
22,18.06.2013,2,2013,True,har_ovx,0.0118063786198483,0.00915728792455921
22,19.06.2013,2,2013,True,har_ovx,0.0118112476335594,0.00925026790455556
22,20.06.2013,2,2013,True,har_ovx,0.0085119047571811,0.008732980040878859
22,21.06.2013,2,2013,True,har_ovx,0.0078863567163734,0.012672125626050638
22,24.06.2013,2,2013,True,har_ovx,0.0080432037292444,0.011207279765483883
22,25.06.2013,2,2013,True,har_ovx,0.0080349303669256,0.011359274226378942
22,26.06.2013,2,2013,True,har_ovx,0.0081951741594979,0.011052725309379374
22,27.06.2013,2,2013,True,har_ovx,0.0080278216564193,0.010597433834248585
22,28.06.2013,2,2013,True,har_ovx,0.0083821366691973,0.010943919679595066
22,01.07.2013,2,2013,True,har_ovx,0.0084946820514264,0.010533282329529426
22,02.07.2013,2,2013,True,har_ovx,0.0084002071785375,0.010328664980039724
22,03.07.2013,2,2013,True,har_ovx,0.0078338347496158,0.010481052812111698
22,05.07.2013,2,2013,True,har_ovx,0.0069748679689901,0.012102658906289844
22,08.07.2013,2,2013,True,har_ovx,0.0071141309665202,0.012733090458384966
22,09.07.2013,2,2013,True,har_ovx,0.0077378392300027,0.011858296324675973
22,10.07.2013,2,2013,True,har_ovx,0.0077552169895512,0.011768361227876115
22,11.07.2013,2,2013,True,har_ovx,0.0077317257173933,0.012272121323524973
22,12.07.2013,2,2013,True,har_ovx,0.007487316429603,0.011467372563112562
22,15.07.2013,2,2013,True,har_ovx,0.0076541535688009,0.01154182946615772
22,16.07.2013,2,2013,True,har_ovx,0.0076411759831496,0.011044176438835674
22,17.07.2013,2,2013,True,har_ovx,0.0079292120006861,0.011418121764619954
22,19.07.2013,2,2013,True,har_ovx,0.0074955027897196,0.010711162176330618
22,22.07.2013,2,2013,True,har_ovx,0.0074955288993037,0.011323713481034219
22,23.07.2013,2,2013,True,har_ovx,0.0077641277753691,0.010323799722109088
22,24.07.2013,2,2013,True,har_ovx,0.0073077961836283,0.009887560977133817
22,25.07.2013,2,2013,True,har_ovx,0.0098208392323293,0.010244309720876473
22,26.07.2013,2,2013,True,har_ovx,0.0102986938188597,0.009927094674235552
22,29.07.2013,2,2013,True,har_ovx,0.0108731594929836,0.009803048920857082
22,30.07.2013,2,2013,True,har_ovx,0.011102193886464,0.009622649200444072
22,31.07.2013,2,2013,True,har_ovx,0.0113418313146021,0.009976381100307604
22,01.08.2013,2,2013,True,har_ovx,0.0110993982440674,0.009766393999610372
22,02.08.2013,2,2013,True,har_ovx,0.0109701783805435,0.009661318423572842
22,05.08.2013,2,2013,True,har_ovx,0.010961215685622,0.009349919195202564
22,06.08.2013,2,2013,True,har_ovx,0.0119942730685207,0.00935568252565001
22,07.08.2013,2,2013,True,har_ovx,0.0129364642154916,0.009301049744829266
22,08.08.2013,2,2013,True,har_ovx,0.0127903809316248,0.009322486076694583
22,09.08.2013,2,2013,True,har_ovx,0.0126264577227829,0.009286484872509137
22,12.08.2013,2,2013,True,har_ovx,0.0125752608357108,0.009619631155482354
22,13.08.2013,2,2013,True,har_ovx,0.0132609404790509,0.009472262078545565
22,14.08.2013,2,2013,True,har_ovx,0.0137266398271601,0.009503288272781683
22,15.08.2013,2,2013,True,har_ovx,0.0136303229557634,0.009709215190701958
22,16.08.2013,2,2013,True,har_ovx,0.0137588980583828,0.010359638505549535
22,20.08.2013,2,2013,True,har_ovx,0.0136899080928682,0.010041269632653952
22,21.08.2013,2,2013,True,har_ovx,0.0136887271960766,0.010299351878344357
22,22.08.2013,2,2013,True,har_ovx,0.0138150613323258,0.01029007957953396
22,23.08.2013,2,2013,True,har_ovx,0.0136447315771261,0.009628181468193114
22,26.08.2013,2,2013,True,har_ovx,0.0136424905177488,0.009558482403544392
22,27.08.2013,2,2013,True,har_ovx,0.0114500120234045,0.009771987464081089
22,28.08.2013,2,2013,True,har_ovx,0.0108262681747088,0.012522798293121352
22,29.08.2013,2,2013,True,har_ovx,0.0106165691100625,0.01366552035212813
22,30.08.2013,2,2013,True,har_ovx,0.0105693354186064,0.012513199585419962
22,03.09.2013,2,2013,True,har_ovx,0.0099641158756998,0.012752424267575738
22,04.09.2013,2,2013,True,har_ovx,0.0100175023699658,0.013494976893536828
22,05.09.2013,2,2013,True,har_ovx,0.0100968286617774,0.013144358704790327
22,06.09.2013,2,2013,True,har_ovx,0.0114952196910095,0.012494338520821718
22,09.09.2013,2,2013,True,har_ovx,0.0107003549460148,0.012843305937700514
22,10.09.2013,2,2013,True,har_ovx,0.0096315907474069,0.013171625739411564
22,11.09.2013,2,2013,True,har_ovx,0.0098318673144916,0.013016423466422719
22,12.09.2013,2,2013,True,har_ovx,0.0097397944255032,0.011346586662504802
22,13.09.2013,2,2013,True,har_ovx,0.009736661463957,0.011110076314586381
22,18.09.2013,2,2013,True,har_ovx,0.0091643612044914,0.010797299622517237
22,19.09.2013,2,2013,True,har_ovx,0.0084209759202973,0.011064573753805845
22,20.09.2013,2,2013,True,har_ovx,0.0094272604473113,0.01053162959393883
22,23.09.2013,2,2013,True,har_ovx,0.0093363595486731,0.010247332665677424
22,24.09.2013,2,2013,True,har_ovx,0.0092714692245435,0.010828158379471407
22,25.09.2013,2,2013,True,har_ovx,0.0107222556861888,0.01085263593454436
22,26.09.2013,2,2013,True,har_ovx,0.0106540636182093,0.010723310602064117
22,27.09.2013,2,2013,True,har_ovx,0.0107128186853078,0.010606480123121443
22,30.09.2013,2,2013,True,har_ovx,0.0109026729752677,0.010077000207939939
22,01.10.2013,2,2013,True,har_ovx,0.0123627558169699,0.010329602177802627
22,02.10.2013,2,2013,True,har_ovx,0.0120873305886012,0.01011754561414994
22,03.10.2013,2,2013,True,har_ovx,0.0121861457288712,0.009786562588018705
22,04.10.2013,2,2013,True,har_ovx,0.0121196422101694,0.009528235640511126
22,07.10.2013,2,2013,True,har_ovx,0.0125107337390954,0.0095296912732689
22,08.10.2013,2,2013,True,har_ovx,0.0130501342279427,0.009741845358758721
22,09.10.2013,2,2013,True,har_ovx,0.0132632111189172,0.009736987285297483
22,10.10.2013,2,2013,True,har_ovx,0.0119508197858698,0.010251522879793626
22,11.10.2013,2,2013,True,har_ovx,0.0123457854493105,0.009647189599814128
22,14.10.2013,2,2013,True,har_ovx,0.0127465407696719,0.00940422494554617
22,15.10.2013,2,2013,True,har_ovx,0.0125971281578569,0.009758905801671366
22,16.10.2013,2,2013,True,har_ovx,0.0128043132236158,0.010385427438114367
22,17.10.2013,2,2013,True,har_ovx,0.013060087227128,0.009342711646053202
22,21.10.2013,2,2013,True,har_ovx,0.0134711055789184,0.00888124712630919
22,22.10.2013,2,2013,True,har_ovx,0.0135843201510546,0.008990054423278247
22,23.10.2013,2,2013,True,har_ovx,0.0128056074910781,0.00910988674790262
22,24.10.2013,2,2013,True,har_ovx,0.0126657774851289,0.010382621304758975
22,25.10.2013,2,2013,True,har_ovx,0.0126646240911286,0.009577762544505437
22,28.10.2013,2,2013,True,har_ovx,0.0120389191152113,0.008659445915686511
22,29.10.2013,2,2013,True,har_ovx,0.0124300811419596,0.009428366998699087
22,30.10.2013,2,2013,True,har_ovx,0.0125122183922139,0.009170558037712575
22,31.10.2013,2,2013,True,har_ovx,0.0124165935544078,0.009417655507710903
22,01.11.2013,2,2013,True,har_ovx,0.0108961574489665,0.009248893437754476
22,04.11.2013,2,2013,True,har_ovx,0.0109210068238723,0.010134967634727234
22,05.11.2013,2,2013,True,har_ovx,0.0117145098499704,0.010042896281342122
22,06.11.2013,2,2013,True,har_ovx,0.0117076507028762,0.01035372910646382
22,07.11.2013,2,2013,True,har_ovx,0.0109278347523612,0.009669023205926806
22,08.11.2013,2,2013,True,har_ovx,0.0107993635709006,0.009899189296208573
22,11.11.2013,2,2013,True,har_ovx,0.0105374535502457,0.009162955295404236
22,12.11.2013,2,2013,True,har_ovx,0.010830583409137,0.009181925964279018
22,13.11.2013,2,2013,True,har_ovx,0.0105898821175613,0.00938912302460693
22,14.11.2013,2,2013,True,har_ovx,0.0102650228569171,0.009220646162121423
22,15.11.2013,2,2013,True,har_ovx,0.0106082816350166,0.00950683632724196
22,19.11.2013,2,2013,True,har_ovx,0.0099873187374801,0.009046217205626135
22,20.11.2013,2,2013,True,har_ovx,0.0098029710749773,0.009479814404555906
22,21.11.2013,2,2013,True,har_ovx,0.0090439861085308,0.009481219313153218
22,22.11.2013,2,2013,True,har_ovx,0.0088708595747144,0.008999279604572943
22,25.11.2013,2,2013,True,har_ovx,0.0090822911053458,0.008558907945991555
22,26.11.2013,2,2013,True,har_ovx,0.0091152901670714,0.008964192357085638
22,27.11.2013,2,2013,True,har_ovx,0.0107932292881847,0.00850121822542197
22,29.11.2013,2,2013,True,har_ovx,0.0105039661518271,0.008998807442679044
22,02.12.2013,2,2013,True,har_ovx,0.009786142689537,0.009426940055079876
22,03.12.2013,2,2013,True,har_ovx,0.009552727063513,0.009614200453010386
22,04.12.2013,2,2013,True,har_ovx,0.0095017406978621,0.008739432168074449
22,05.12.2013,2,2013,True,har_ovx,0.0094745291554404,0.008511686219434397
22,06.12.2013,2,2013,True,har_ovx,0.0095787344727798,0.008297459458182943
22,09.12.2013,2,2013,True,har_ovx,0.0087014600183554,0.00798806923474193
22,10.12.2013,2,2013,True,har_ovx,0.0087113398508777,0.008334586637175935
22,11.12.2013,2,2013,True,har_ovx,0.0088439391013767,0.007886732565171826
22,12.12.2013,2,2013,True,har_ovx,0.008645014490238,0.00787772195936953
22,13.12.2013,2,2013,True,har_ovx,0.0086324528843079,0.008116630408680317
22,16.12.2013,2,2013,True,har_ovx,0.0083418913677218,0.008042264839563515
22,17.12.2013,2,2013,True,har_ovx,0.0084223503222738,0.007853180194099581
22,19.12.2013,2,2013,True,har_ovx,0.008464735050181,0.007725381930821878
22,20.12.2013,2,2013,True,har_ovx,0.008088412979004,0.0076334400065212
22,23.12.2013,2,2013,True,har_ovx,0.0083054738383308,0.0076334400065212
22,24.12.2013,2,2013,True,har_ovx,0.0083369574147939,0.0076334400065212
22,26.12.2013,2,2013,True,har_ovx,0.0083399751091995,0.0076334400065212
22,27.12.2013,2,2013,True,har_ovx,0.0087300965272301,0.0076334400065212
22,30.12.2013,2,2013,True,har_ovx,0.0086210262448263,0.0076334400065212
22,31.12.2013,2,2013,True,har_ovx,0.0086146029421024,0.0076334400065212
22,02.01.2013,2,2013,True,har_gpr,0.0073550586721884,0.013582891534990243
22,03.01.2013,2,2013,True,har_gpr,0.0074250448626855,0.013835632736622049
22,04.01.2013,2,2013,True,har_gpr,0.0071373890177702,0.01339965946250463
22,07.01.2013,2,2013,True,har_gpr,0.0071454886848949,0.013678868251844022
22,08.01.2013,2,2013,True,har_gpr,0.0075586478883866,0.012847106236912376
22,09.01.2013,2,2013,True,har_gpr,0.0077617380732279,0.012778199550171655
22,10.01.2013,2,2013,True,har_gpr,0.0077663033564777,0.011868804106643996
22,11.01.2013,2,2013,True,har_gpr,0.007143767632499,0.011846813037257441
22,14.01.2013,2,2013,True,har_gpr,0.0069725705666795,0.012570453466250055
22,15.01.2013,2,2013,True,har_gpr,0.0059131182652563,0.013627274271902868
22,16.01.2013,2,2013,True,har_gpr,0.0064669775049302,0.013959473860597928
22,17.01.2013,2,2013,True,har_gpr,0.0076470192085624,0.013179177450329553
22,18.01.2013,2,2013,True,har_gpr,0.008761764878111,0.012862008377791409
22,22.01.2013,2,2013,True,har_gpr,0.00814927409704,0.012542354854289572
22,23.01.2013,2,2013,True,har_gpr,0.0081434192263617,0.009180280963058549
22,24.01.2013,2,2013,True,har_gpr,0.0087693581120062,0.008272028303910448
22,25.01.2013,2,2013,True,har_gpr,0.0089040391459325,0.008279863831980315
22,28.01.2013,2,2013,True,har_gpr,0.0089238846386208,0.0076334400065212
22,29.01.2013,2,2013,True,har_gpr,0.0088645601497506,0.00941542044290818
22,30.01.2013,2,2013,True,har_gpr,0.0087538582870147,0.009477359970645253
22,31.01.2013,2,2013,True,har_gpr,0.0092423898680744,0.009399702431612866
22,01.02.2013,2,2013,True,har_gpr,0.0088656323423536,0.009179309083006165
22,04.02.2013,2,2013,True,har_gpr,0.0087160798514167,0.009468124977061598
22,05.02.2013,2,2013,True,har_gpr,0.0084424363391887,0.010638080439343823
22,06.02.2013,2,2013,True,har_gpr,0.0084217435240235,0.010664220189064861
22,07.02.2013,2,2013,True,har_gpr,0.0082905188248754,0.0104750976982426
22,08.02.2013,2,2013,True,har_gpr,0.0074875803159048,0.010516846103317594
22,11.02.2013,2,2013,True,har_gpr,0.0079161914123321,0.011151245029825963
22,12.02.2013,2,2013,True,har_gpr,0.0077499605654737,0.012532382652735497
22,13.02.2013,2,2013,True,har_gpr,0.0082439002387981,0.012301985270962079
22,14.02.2013,2,2013,True,har_gpr,0.0089270013463744,0.011350265989966768
22,15.02.2013,2,2013,True,har_gpr,0.0090235230271408,0.011448879857872423
22,19.02.2013,2,2013,True,har_gpr,0.0090586667605937,0.01122039880053422
22,20.02.2013,2,2013,True,har_gpr,0.0087903800269433,0.010997477126674331
22,21.02.2013,2,2013,True,har_gpr,0.00859916315957,0.011745328935645774
22,22.02.2013,2,2013,True,har_gpr,0.0085353227330697,0.012681231495252512
22,25.02.2013,2,2013,True,har_gpr,0.0085360818669759,0.012417736382816768
22,26.02.2013,2,2013,True,har_gpr,0.0083121913147446,0.013026377971973433
22,27.02.2013,2,2013,True,har_gpr,0.0081995597119065,0.013895848569509246
22,28.02.2013,2,2013,True,har_gpr,0.010710869642849,0.013576019216418067
22,01.03.2013,2,2013,True,har_gpr,0.0106654215668787,0.013316555952517057
22,04.03.2013,2,2013,True,har_gpr,0.0114402896874643,0.01334206118210689
22,05.03.2013,2,2013,True,har_gpr,0.0109991646656303,0.012321925091755021
22,06.03.2013,2,2013,True,har_gpr,0.0116208694106644,0.013278159783823375
22,07.03.2013,2,2013,True,har_gpr,0.011611442165795,0.012821843403718006
22,08.03.2013,2,2013,True,har_gpr,0.0119009849646924,0.012683079752421438
22,11.03.2013,2,2013,True,har_gpr,0.0120219537640774,0.012572077856738521
22,12.03.2013,2,2013,True,har_gpr,0.0130405061759501,0.011638956098987721
22,13.03.2013,2,2013,True,har_gpr,0.0129835477912911,0.011335689526497906
22,14.03.2013,2,2013,True,har_gpr,0.012742904555836,0.011471681655842643
22,15.03.2013,2,2013,True,har_gpr,0.012838597008496,0.011883891612019764
22,19.03.2013,2,2013,True,har_gpr,0.0126374255857762,0.011680034092889325
22,20.03.2013,2,2013,True,har_gpr,0.0124207818964672,0.010618838492541006
22,21.03.2013,2,2013,True,har_gpr,0.0123045772680735,0.011088141426440438
22,22.03.2013,2,2013,True,har_gpr,0.0128064354628036,0.010887069168244307
22,25.03.2013,2,2013,True,har_gpr,0.0133521908544215,0.010127889901215235
22,26.03.2013,2,2013,True,har_gpr,0.0130334217491445,0.010528576247497642
22,27.03.2013,2,2013,True,har_gpr,0.0131194136477967,0.010889705035380573
22,28.03.2013,2,2013,True,har_gpr,0.0132781455506948,0.01026172494616178
22,01.04.2013,2,2013,True,har_gpr,0.0136491503219128,0.009966207833174649
22,02.04.2013,2,2013,True,har_gpr,0.0153984486769606,0.009271765056923977
22,03.04.2013,2,2013,True,har_gpr,0.0142704928844872,0.009062957494003642
22,04.04.2013,2,2013,True,har_gpr,0.0144797164236829,0.012460837991237374
22,05.04.2013,2,2013,True,har_gpr,0.0139090053891861,0.011340605905304535
22,08.04.2013,2,2013,True,har_gpr,0.0138635218086711,0.012302939589597954
22,09.04.2013,2,2013,True,har_gpr,0.0134584601688623,0.0108136689405477
22,10.04.2013,2,2013,True,har_gpr,0.0134756689488047,0.011791635843951903
22,11.04.2013,2,2013,True,har_gpr,0.0133111507518808,0.011173740519285307
22,12.04.2013,2,2013,True,har_gpr,0.0131078869977375,0.011730010672740456
22,15.04.2013,2,2013,True,har_gpr,0.0118662295888047,0.011529005820063252
22,16.04.2013,2,2013,True,har_gpr,0.0118599782497821,0.014865615912360089
22,17.04.2013,2,2013,True,har_gpr,0.011865858456843,0.013855151725748315
22,18.04.2013,2,2013,True,har_gpr,0.0114660393848373,0.013635299145886941
22,19.04.2013,2,2013,True,har_gpr,0.0114441063910229,0.013711155914622408
22,22.04.2013,2,2013,True,har_gpr,0.0117810312882006,0.013661857424704146
22,23.04.2013,2,2013,True,har_gpr,0.0117876678710967,0.011803593436852177
22,24.04.2013,2,2013,True,har_gpr,0.0114238726046052,0.011527287975195834
22,25.04.2013,2,2013,True,har_gpr,0.011358642218979,0.012168175635814387
22,26.04.2013,2,2013,True,har_gpr,0.0119673129263975,0.01256553833955949
22,29.04.2013,2,2013,True,har_gpr,0.0118816520906964,0.012203582506188974
22,30.04.2013,2,2013,True,har_gpr,0.0121091251870781,0.015553014768754583
22,01.05.2013,2,2013,True,har_gpr,0.0114986544185609,0.01612783713734458
22,02.05.2013,2,2013,True,har_gpr,0.0100235040466823,0.015959082063635673
22,03.05.2013,2,2013,True,har_gpr,0.009614307317443,0.01761796048274091
22,06.05.2013,2,2013,True,har_gpr,0.0092996200017074,0.01693365851804455
22,07.05.2013,2,2013,True,har_gpr,0.0092877966124543,0.017262776592327615
22,08.05.2013,2,2013,True,har_gpr,0.009372960159992,0.016994940481273108
22,09.05.2013,2,2013,True,har_gpr,0.0095765727217601,0.016392531059111738
22,10.05.2013,2,2013,True,har_gpr,0.0095923808677933,0.015876326041126706
22,13.05.2013,2,2013,True,har_gpr,0.0094281674346789,0.015789549722748604
22,14.05.2013,2,2013,True,har_gpr,0.009408190853681,0.015154546766444472
22,15.05.2013,2,2013,True,har_gpr,0.0097816973605806,0.014892736021455726
22,16.05.2013,2,2013,True,har_gpr,0.0097816555109683,0.015419887654434555
22,17.05.2013,2,2013,True,har_gpr,0.0128620852951885,0.014844297052836044
22,20.05.2013,2,2013,True,har_gpr,0.0130922492738689,0.014814346490618899
22,21.05.2013,2,2013,True,har_gpr,0.0131001806499754,0.012745456177680978
22,22.05.2013,2,2013,True,har_gpr,0.0128522065156249,0.012762282984528887
22,23.05.2013,2,2013,True,har_gpr,0.012886078207787,0.013178937262770847
22,24.05.2013,2,2013,True,har_gpr,0.0131194389691209,0.012423744020113611
22,28.05.2013,2,2013,True,har_gpr,0.0127270297687113,0.012454333332810512
22,29.05.2013,2,2013,True,har_gpr,0.0123094998472123,0.015176127335573822
22,30.05.2013,2,2013,True,har_gpr,0.0124541783385579,0.01555605347147201
22,31.05.2013,2,2013,True,har_gpr,0.012176522156247,0.014093753961706463
22,03.06.2013,2,2013,True,har_gpr,0.0122855572714544,0.013700171749491117
22,04.06.2013,2,2013,True,har_gpr,0.0121601089320489,0.013911182738877492
22,05.06.2013,2,2013,True,har_gpr,0.0121357352563988,0.01369283554133692
22,06.06.2013,2,2013,True,har_gpr,0.0121504050342283,0.013128827817401371
22,07.06.2013,2,2013,True,har_gpr,0.0121997793967962,0.01329848460414413
22,10.06.2013,2,2013,True,har_gpr,0.0122210564398301,0.013224766812816938
22,11.06.2013,2,2013,True,har_gpr,0.0119410152281227,0.012501724874022622
22,12.06.2013,2,2013,True,har_gpr,0.0119280986978735,0.012590324692096271
22,13.06.2013,2,2013,True,har_gpr,0.0118935188621422,0.012517138485046667
22,14.06.2013,2,2013,True,har_gpr,0.0122624015803358,0.012489477006225798
22,18.06.2013,2,2013,True,har_gpr,0.0118063786198483,0.012227784100040206
22,19.06.2013,2,2013,True,har_gpr,0.0118112476335594,0.012985207432277051
22,20.06.2013,2,2013,True,har_gpr,0.0085119047571811,0.012386308957446353
22,21.06.2013,2,2013,True,har_gpr,0.0078863567163734,0.01649983750345511
22,24.06.2013,2,2013,True,har_gpr,0.0080432037292444,0.015728384153407448
22,25.06.2013,2,2013,True,har_gpr,0.0080349303669256,0.01664177543546541
22,26.06.2013,2,2013,True,har_gpr,0.0081951741594979,0.016418956166987034
22,27.06.2013,2,2013,True,har_gpr,0.0080278216564193,0.01618328413967123
22,28.06.2013,2,2013,True,har_gpr,0.0083821366691973,0.01569977406088581
22,01.07.2013,2,2013,True,har_gpr,0.0084946820514264,0.015501954484499638
22,02.07.2013,2,2013,True,har_gpr,0.0084002071785375,0.015613505045050125
22,03.07.2013,2,2013,True,har_gpr,0.0078338347496158,0.01541293896236355
22,05.07.2013,2,2013,True,har_gpr,0.0069748679689901,0.01590962828964967
22,08.07.2013,2,2013,True,har_gpr,0.0071141309665202,0.016415518567137227
22,09.07.2013,2,2013,True,har_gpr,0.0077378392300027,0.014458999822957654
22,10.07.2013,2,2013,True,har_gpr,0.0077552169895512,0.014431572682820637
22,11.07.2013,2,2013,True,har_gpr,0.0077317257173933,0.01446159834719752
22,12.07.2013,2,2013,True,har_gpr,0.007487316429603,0.014451224873677199
22,15.07.2013,2,2013,True,har_gpr,0.0076541535688009,0.014455652911414762
22,16.07.2013,2,2013,True,har_gpr,0.0076411759831496,0.012880181285256429
22,17.07.2013,2,2013,True,har_gpr,0.0079292120006861,0.012882138211873223
22,19.07.2013,2,2013,True,har_gpr,0.0074955027897196,0.012487866627008475
22,22.07.2013,2,2013,True,har_gpr,0.0074955288993037,0.013166958668096232
22,23.07.2013,2,2013,True,har_gpr,0.0077641277753691,0.011743928553961037
22,24.07.2013,2,2013,True,har_gpr,0.0073077961836283,0.011231663466283924
22,25.07.2013,2,2013,True,har_gpr,0.0098208392323293,0.012037031663985419
22,26.07.2013,2,2013,True,har_gpr,0.0102986938188597,0.011876960910591577
22,29.07.2013,2,2013,True,har_gpr,0.0108731594929836,0.011921430370238153
22,30.07.2013,2,2013,True,har_gpr,0.011102193886464,0.011951079958627306
22,31.07.2013,2,2013,True,har_gpr,0.0113418313146021,0.01195604579171912
22,01.08.2013,2,2013,True,har_gpr,0.0110993982440674,0.011954763494392416
22,02.08.2013,2,2013,True,har_gpr,0.0109701783805435,0.012772648631264403
22,05.08.2013,2,2013,True,har_gpr,0.010961215685622,0.012093237240305737
22,06.08.2013,2,2013,True,har_gpr,0.0119942730685207,0.010089185959471876
22,07.08.2013,2,2013,True,har_gpr,0.0129364642154916,0.010203289760431939
22,08.08.2013,2,2013,True,har_gpr,0.0127903809316248,0.010370083636453817
22,09.08.2013,2,2013,True,har_gpr,0.0126264577227829,0.00994645614072442
22,12.08.2013,2,2013,True,har_gpr,0.0125752608357108,0.010935549122025445
22,13.08.2013,2,2013,True,har_gpr,0.0132609404790509,0.010963934792255972
22,14.08.2013,2,2013,True,har_gpr,0.0137266398271601,0.011109216443710062
22,15.08.2013,2,2013,True,har_gpr,0.0136303229557634,0.010906769273906986
22,16.08.2013,2,2013,True,har_gpr,0.0137588980583828,0.010971858168748164
22,20.08.2013,2,2013,True,har_gpr,0.0136899080928682,0.010313810068326249
22,21.08.2013,2,2013,True,har_gpr,0.0136887271960766,0.012229469006698418
22,22.08.2013,2,2013,True,har_gpr,0.0138150613323258,0.01205930876670336
22,23.08.2013,2,2013,True,har_gpr,0.0136447315771261,0.011605227559508524
22,26.08.2013,2,2013,True,har_gpr,0.0136424905177488,0.012091465050643796
22,27.08.2013,2,2013,True,har_gpr,0.0114500120234045,0.010980137011733115
22,28.08.2013,2,2013,True,har_gpr,0.0108262681747088,0.014107750218879327
22,29.08.2013,2,2013,True,har_gpr,0.0106165691100625,0.014025961817042791
22,30.08.2013,2,2013,True,har_gpr,0.0105693354186064,0.014449527759498086
22,03.09.2013,2,2013,True,har_gpr,0.0099641158756998,0.014411623313693788
22,04.09.2013,2,2013,True,har_gpr,0.0100175023699658,0.012947290569428373
22,05.09.2013,2,2013,True,har_gpr,0.0100968286617774,0.012596410404296175
22,06.09.2013,2,2013,True,har_gpr,0.0114952196910095,0.01219675251754829
22,09.09.2013,2,2013,True,har_gpr,0.0107003549460148,0.012110917775472786
22,10.09.2013,2,2013,True,har_gpr,0.0096315907474069,0.01542976815320978
22,11.09.2013,2,2013,True,har_gpr,0.0098318673144916,0.016101403461404176
22,12.09.2013,2,2013,True,har_gpr,0.0097397944255032,0.01554154288548257
22,13.09.2013,2,2013,True,har_gpr,0.009736661463957,0.015887177495552497
22,18.09.2013,2,2013,True,har_gpr,0.0091643612044914,0.015582638323790957
22,19.09.2013,2,2013,True,har_gpr,0.0084209759202973,0.016061986390211162
22,20.09.2013,2,2013,True,har_gpr,0.0094272604473113,0.01625919764262202
22,23.09.2013,2,2013,True,har_gpr,0.0093363595486731,0.015858788801916407
22,24.09.2013,2,2013,True,har_gpr,0.0092714692245435,0.013347819792129862
22,25.09.2013,2,2013,True,har_gpr,0.0107222556861888,0.013268400481661887
22,26.09.2013,2,2013,True,har_gpr,0.0106540636182093,0.012951558810686558
22,27.09.2013,2,2013,True,har_gpr,0.0107128186853078,0.013099879600127571
22,30.09.2013,2,2013,True,har_gpr,0.0109026729752677,0.011406346863913789
22,01.10.2013,2,2013,True,har_gpr,0.0123627558169699,0.010783592302827558
22,02.10.2013,2,2013,True,har_gpr,0.0120873305886012,0.010671588052987532
22,03.10.2013,2,2013,True,har_gpr,0.0121861457288712,0.011260302132582957
22,04.10.2013,2,2013,True,har_gpr,0.0121196422101694,0.01042301656384246
22,07.10.2013,2,2013,True,har_gpr,0.0125107337390954,0.010529400502448197
22,08.10.2013,2,2013,True,har_gpr,0.0130501342279427,0.013497450146445296
22,09.10.2013,2,2013,True,har_gpr,0.0132632111189172,0.01340774664614061
22,10.10.2013,2,2013,True,har_gpr,0.0119508197858698,0.013085784334825844
22,11.10.2013,2,2013,True,har_gpr,0.0123457854493105,0.014267772054030946
22,14.10.2013,2,2013,True,har_gpr,0.0127465407696719,0.013772929546477264
22,15.10.2013,2,2013,True,har_gpr,0.0125971281578569,0.013512586437252831
22,16.10.2013,2,2013,True,har_gpr,0.0128043132236158,0.01275358708248219
22,17.10.2013,2,2013,True,har_gpr,0.013060087227128,0.012114771531901174
22,21.10.2013,2,2013,True,har_gpr,0.0134711055789184,0.010902132960469229
22,22.10.2013,2,2013,True,har_gpr,0.0135843201510546,0.009590293829248123
22,23.10.2013,2,2013,True,har_gpr,0.0128056074910781,0.009142637045554684
22,24.10.2013,2,2013,True,har_gpr,0.0126657774851289,0.01058250374376224
22,25.10.2013,2,2013,True,har_gpr,0.0126646240911286,0.010204248808392564
22,28.10.2013,2,2013,True,har_gpr,0.0120389191152113,0.0098324190934974
22,29.10.2013,2,2013,True,har_gpr,0.0124300811419596,0.015554404127152907
22,30.10.2013,2,2013,True,har_gpr,0.0125122183922139,0.015059315405336834
22,31.10.2013,2,2013,True,har_gpr,0.0124165935544078,0.015001068309610385
22,01.11.2013,2,2013,True,har_gpr,0.0108961574489665,0.015014697668430298
22,04.11.2013,2,2013,True,har_gpr,0.0109210068238723,0.016940275247759925
22,05.11.2013,2,2013,True,har_gpr,0.0117145098499704,0.015422907181094209
22,06.11.2013,2,2013,True,har_gpr,0.0117076507028762,0.015625323114666505
22,07.11.2013,2,2013,True,har_gpr,0.0109278347523612,0.015249038956599185
22,08.11.2013,2,2013,True,har_gpr,0.0107993635709006,0.015966856326492997
22,11.11.2013,2,2013,True,har_gpr,0.0105374535502457,0.015319685072316656
22,12.11.2013,2,2013,True,har_gpr,0.010830583409137,0.015613272608903956
22,13.11.2013,2,2013,True,har_gpr,0.0105898821175613,0.014331583464790063
22,14.11.2013,2,2013,True,har_gpr,0.0102650228569171,0.01476961504978927
22,15.11.2013,2,2013,True,har_gpr,0.0106082816350166,0.01467130271981032
22,19.11.2013,2,2013,True,har_gpr,0.0099873187374801,0.014298754959981182
22,20.11.2013,2,2013,True,har_gpr,0.0098029710749773,0.01367734686616371
22,21.11.2013,2,2013,True,har_gpr,0.0090439861085308,0.013717275794254257
22,22.11.2013,2,2013,True,har_gpr,0.0088708595747144,0.013923058858305755
22,25.11.2013,2,2013,True,har_gpr,0.0090822911053458,0.01358357922510637
22,26.11.2013,2,2013,True,har_gpr,0.0091152901670714,0.00827669169339902
22,27.11.2013,2,2013,True,har_gpr,0.0107932292881847,0.0076334400065212
22,29.11.2013,2,2013,True,har_gpr,0.0105039661518271,0.0076334400065212
22,02.12.2013,2,2013,True,har_gpr,0.009786142689537,0.007873319685835994
22,03.12.2013,2,2013,True,har_gpr,0.009552727063513,0.015981331067926402
22,04.12.2013,2,2013,True,har_gpr,0.0095017406978621,0.014606236416563396
22,05.12.2013,2,2013,True,har_gpr,0.0094745291554404,0.014685112051324355
22,06.12.2013,2,2013,True,har_gpr,0.0095787344727798,0.014744284658177273
22,09.12.2013,2,2013,True,har_gpr,0.0087014600183554,0.014534091290934692
22,10.12.2013,2,2013,True,har_gpr,0.0087113398508777,0.014313790723471113
22,11.12.2013,2,2013,True,har_gpr,0.0088439391013767,0.013328658481184471
22,12.12.2013,2,2013,True,har_gpr,0.008645014490238,0.013264456753586167
22,13.12.2013,2,2013,True,har_gpr,0.0086324528843079,0.013575285492740497
22,16.12.2013,2,2013,True,har_gpr,0.0083418913677218,0.013087169274962344
22,17.12.2013,2,2013,True,har_gpr,0.0084223503222738,0.013933725925647298
22,19.12.2013,2,2013,True,har_gpr,0.008464735050181,0.013531669817325549
22,20.12.2013,2,2013,True,har_gpr,0.008088412979004,0.013080016340909247
22,23.12.2013,2,2013,True,har_gpr,0.0083054738383308,0.013478679870698214
22,24.12.2013,2,2013,True,har_gpr,0.0083369574147939,0.013485389318390585
22,26.12.2013,2,2013,True,har_gpr,0.0083399751091995,0.013283785665958905
22,27.12.2013,2,2013,True,har_gpr,0.0087300965272301,0.013209990081070919
22,30.12.2013,2,2013,True,har_gpr,0.0086210262448263,0.01322096447929336
22,31.12.2013,2,2013,True,har_gpr,0.0086146029421024,0.011357247775216434
22,02.01.2013,2,2013,True,har_x,0.0073550586721884,0.013776955502292583
22,03.01.2013,2,2013,True,har_x,0.0074250448626855,0.01361410889182546
22,04.01.2013,2,2013,True,har_x,0.0071373890177702,0.01304582742614338
22,07.01.2013,2,2013,True,har_x,0.0071454886848949,0.012767687574962508
22,08.01.2013,2,2013,True,har_x,0.0075586478883866,0.01170842738443086
22,09.01.2013,2,2013,True,har_x,0.0077617380732279,0.011368564570172568
22,10.01.2013,2,2013,True,har_x,0.0077663033564777,0.011263052016922629
22,11.01.2013,2,2013,True,har_x,0.007143767632499,0.01124806404278031
22,14.01.2013,2,2013,True,har_x,0.0069725705666795,0.01150987698096046
22,15.01.2013,2,2013,True,har_x,0.0059131182652563,0.012783341056378777
22,16.01.2013,2,2013,True,har_x,0.0064669775049302,0.012854160175720455
22,17.01.2013,2,2013,True,har_x,0.0076470192085624,0.011893284677524867
22,18.01.2013,2,2013,True,har_x,0.008761764878111,0.011583189160445456
22,22.01.2013,2,2013,True,har_x,0.00814927409704,0.010577809620550112
22,23.01.2013,2,2013,True,har_x,0.0081434192263617,0.0076334400065212
22,24.01.2013,2,2013,True,har_x,0.0087693581120062,0.0076334400065212
22,25.01.2013,2,2013,True,har_x,0.0089040391459325,0.0076334400065212
22,28.01.2013,2,2013,True,har_x,0.0089238846386208,0.0076334400065212
22,29.01.2013,2,2013,True,har_x,0.0088645601497506,0.008768166184197937
22,30.01.2013,2,2013,True,har_x,0.0087538582870147,0.00892574025088691
22,31.01.2013,2,2013,True,har_x,0.0092423898680744,0.008834997733284094
22,01.02.2013,2,2013,True,har_x,0.0088656323423536,0.008605849747267228
22,04.02.2013,2,2013,True,har_x,0.0087160798514167,0.008666941805653815
22,05.02.2013,2,2013,True,har_x,0.0084424363391887,0.010122790935674536
22,06.02.2013,2,2013,True,har_x,0.0084217435240235,0.00969815261355266
22,07.02.2013,2,2013,True,har_x,0.0082905188248754,0.00974421737437171
22,08.02.2013,2,2013,True,har_x,0.0074875803159048,0.009736710298909688
22,11.02.2013,2,2013,True,har_x,0.0079161914123321,0.009888692353139073
22,12.02.2013,2,2013,True,har_x,0.0077499605654737,0.010734264394806528
22,13.02.2013,2,2013,True,har_x,0.0082439002387981,0.010194439370043223
22,14.02.2013,2,2013,True,har_x,0.0089270013463744,0.009982984301251899
22,15.02.2013,2,2013,True,har_x,0.0090235230271408,0.009647416782280463
22,19.02.2013,2,2013,True,har_x,0.0090586667605937,0.010773427789177123
22,20.02.2013,2,2013,True,har_x,0.0087903800269433,0.010178396397877225
22,21.02.2013,2,2013,True,har_x,0.00859916315957,0.011589136189521183
22,22.02.2013,2,2013,True,har_x,0.0085353227330697,0.01289032411811552
22,25.02.2013,2,2013,True,har_x,0.0085360818669759,0.011476329840311744
22,26.02.2013,2,2013,True,har_x,0.0083121913147446,0.01277336055321987
22,27.02.2013,2,2013,True,har_x,0.0081995597119065,0.012985862842910721
22,28.02.2013,2,2013,True,har_x,0.010710869642849,0.012120584526837272
22,01.03.2013,2,2013,True,har_x,0.0106654215668787,0.011739772276273715
22,04.03.2013,2,2013,True,har_x,0.0114402896874643,0.011855653316417983
22,05.03.2013,2,2013,True,har_x,0.0109991646656303,0.011590650400630672
22,06.03.2013,2,2013,True,har_x,0.0116208694106644,0.010999589433043876
22,07.03.2013,2,2013,True,har_x,0.011611442165795,0.010844513191355713
22,08.03.2013,2,2013,True,har_x,0.0119009849646924,0.010200846989526148
22,11.03.2013,2,2013,True,har_x,0.0120219537640774,0.009981265554457724
22,12.03.2013,2,2013,True,har_x,0.0130405061759501,0.008810471746436888
22,13.03.2013,2,2013,True,har_x,0.0129835477912911,0.008551390256152099
22,14.03.2013,2,2013,True,har_x,0.012742904555836,0.00874214937086859
22,15.03.2013,2,2013,True,har_x,0.012838597008496,0.008446609039045386
22,19.03.2013,2,2013,True,har_x,0.0126374255857762,0.008505060643358337
22,20.03.2013,2,2013,True,har_x,0.0124207818964672,0.008154730493897335
22,21.03.2013,2,2013,True,har_x,0.0123045772680735,0.0076334400065212
22,22.03.2013,2,2013,True,har_x,0.0128064354628036,0.0076334400065212
22,25.03.2013,2,2013,True,har_x,0.0133521908544215,0.0076334400065212
22,26.03.2013,2,2013,True,har_x,0.0130334217491445,0.0076334400065212
22,27.03.2013,2,2013,True,har_x,0.0131194136477967,0.0076334400065212
22,28.03.2013,2,2013,True,har_x,0.0132781455506948,0.0076334400065212
22,01.04.2013,2,2013,True,har_x,0.0136491503219128,0.0076334400065212
22,02.04.2013,2,2013,True,har_x,0.0153984486769606,0.0076334400065212
22,03.04.2013,2,2013,True,har_x,0.0142704928844872,0.0076334400065212
22,04.04.2013,2,2013,True,har_x,0.0144797164236829,0.008525807592742997
22,05.04.2013,2,2013,True,har_x,0.0139090053891861,0.008028277150716558
22,08.04.2013,2,2013,True,har_x,0.0138635218086711,0.008236039919544264
22,09.04.2013,2,2013,True,har_x,0.0134584601688623,0.0076334400065212
22,10.04.2013,2,2013,True,har_x,0.0134756689488047,0.0076334400065212
22,11.04.2013,2,2013,True,har_x,0.0133111507518808,0.0076334400065212
22,12.04.2013,2,2013,True,har_x,0.0131078869977375,0.0076334400065212
22,15.04.2013,2,2013,True,har_x,0.0118662295888047,0.007983494837260744
22,16.04.2013,2,2013,True,har_x,0.0118599782497821,0.013677732193912667
22,17.04.2013,2,2013,True,har_x,0.011865858456843,0.012124521373576587
22,18.04.2013,2,2013,True,har_x,0.0114660393848373,0.013799100638873902
22,19.04.2013,2,2013,True,har_x,0.0114441063910229,0.01270301986377696
22,22.04.2013,2,2013,True,har_x,0.0117810312882006,0.012136866664038497
22,23.04.2013,2,2013,True,har_x,0.0117876678710967,0.009476086039009964
22,24.04.2013,2,2013,True,har_x,0.0114238726046052,0.009039057929493383
22,25.04.2013,2,2013,True,har_x,0.011358642218979,0.008739799259460697
22,26.04.2013,2,2013,True,har_x,0.0119673129263975,0.008705873672278153
22,29.04.2013,2,2013,True,har_x,0.0118816520906964,0.008362667070101427
22,30.04.2013,2,2013,True,har_x,0.0121091251870781,0.011856636518022119
22,01.05.2013,2,2013,True,har_x,0.0114986544185609,0.012515807701090507
22,02.05.2013,2,2013,True,har_x,0.0100235040466823,0.013411562874318654
22,03.05.2013,2,2013,True,har_x,0.009614307317443,0.012866055777718533
22,06.05.2013,2,2013,True,har_x,0.0092996200017074,0.01227725698875555
22,07.05.2013,2,2013,True,har_x,0.0092877966124543,0.013000158202207401
22,08.05.2013,2,2013,True,har_x,0.009372960159992,0.012553611536579166
22,09.05.2013,2,2013,True,har_x,0.0095765727217601,0.011647439318314124
22,10.05.2013,2,2013,True,har_x,0.0095923808677933,0.011901443496289243
22,13.05.2013,2,2013,True,har_x,0.0094281674346789,0.011746798382486167
22,14.05.2013,2,2013,True,har_x,0.009408190853681,0.012208260962395167
22,15.05.2013,2,2013,True,har_x,0.0097816973605806,0.012295498358557828
22,16.05.2013,2,2013,True,har_x,0.0097816555109683,0.012607366060823171
22,17.05.2013,2,2013,True,har_x,0.0128620852951885,0.012306581937280717
22,20.05.2013,2,2013,True,har_x,0.0130922492738689,0.01157378730632021
22,21.05.2013,2,2013,True,har_x,0.0131001806499754,0.010161326309290439
22,22.05.2013,2,2013,True,har_x,0.0128522065156249,0.010040012135893034
22,23.05.2013,2,2013,True,har_x,0.012886078207787,0.010838035699417384
22,24.05.2013,2,2013,True,har_x,0.0131194389691209,0.009978436721489545
22,28.05.2013,2,2013,True,har_x,0.0127270297687113,0.009642687916319236
22,29.05.2013,2,2013,True,har_x,0.0123094998472123,0.011732738414430335
22,30.05.2013,2,2013,True,har_x,0.0124541783385579,0.01230009784947002
22,31.05.2013,2,2013,True,har_x,0.012176522156247,0.011814962188779083
22,03.06.2013,2,2013,True,har_x,0.0122855572714544,0.011819778946763658
22,04.06.2013,2,2013,True,har_x,0.0121601089320489,0.011954723762847176
22,05.06.2013,2,2013,True,har_x,0.0121357352563988,0.01180141735952486
22,06.06.2013,2,2013,True,har_x,0.0121504050342283,0.011544224680394729
22,07.06.2013,2,2013,True,har_x,0.0121997793967962,0.01134929782785436
22,10.06.2013,2,2013,True,har_x,0.0122210564398301,0.010845361815930548
22,11.06.2013,2,2013,True,har_x,0.0119410152281227,0.009855960026786029
22,12.06.2013,2,2013,True,har_x,0.0119280986978735,0.009932679052584287
22,13.06.2013,2,2013,True,har_x,0.0118935188621422,0.010290614263801564
22,14.06.2013,2,2013,True,har_x,0.0122624015803358,0.009707611373276515
22,18.06.2013,2,2013,True,har_x,0.0118063786198483,0.009489560998639845
22,19.06.2013,2,2013,True,har_x,0.0118112476335594,0.009380149522878363
22,20.06.2013,2,2013,True,har_x,0.0085119047571811,0.008848974217947732
22,21.06.2013,2,2013,True,har_x,0.0078863567163734,0.012838105369373208
22,24.06.2013,2,2013,True,har_x,0.0080432037292444,0.011378662228705944
22,25.06.2013,2,2013,True,har_x,0.0080349303669256,0.012537079541851372
22,26.06.2013,2,2013,True,har_x,0.0081951741594979,0.012225586445157494
22,27.06.2013,2,2013,True,har_x,0.0080278216564193,0.01177709227165049
22,28.06.2013,2,2013,True,har_x,0.0083821366691973,0.012088816744200533
22,01.07.2013,2,2013,True,har_x,0.0084946820514264,0.011677307469181861
22,02.07.2013,2,2013,True,har_x,0.0084002071785375,0.011894917733212171
22,03.07.2013,2,2013,True,har_x,0.0078338347496158,0.012039511415972806
22,05.07.2013,2,2013,True,har_x,0.0069748679689901,0.013640202312865602
22,08.07.2013,2,2013,True,har_x,0.0071141309665202,0.014271173548395124
22,09.07.2013,2,2013,True,har_x,0.0077378392300027,0.012095242210140505
22,10.07.2013,2,2013,True,har_x,0.0077552169895512,0.012007968036497275
22,11.07.2013,2,2013,True,har_x,0.0077317257173933,0.012501567776081579
22,12.07.2013,2,2013,True,har_x,0.007487316429603,0.011717627094772316
22,15.07.2013,2,2013,True,har_x,0.0076541535688009,0.011786227940969212
22,16.07.2013,2,2013,True,har_x,0.0076411759831496,0.010099522442166053
22,17.07.2013,2,2013,True,har_x,0.0079292120006861,0.010464636784359323
22,19.07.2013,2,2013,True,har_x,0.0074955027897196,0.009763271571497936
22,22.07.2013,2,2013,True,har_x,0.0074955288993037,0.01038571314257411
22,23.07.2013,2,2013,True,har_x,0.0077641277753691,0.011031113689270438
22,24.07.2013,2,2013,True,har_x,0.0073077961836283,0.010592810953882942
22,25.07.2013,2,2013,True,har_x,0.0098208392323293,0.01096635500043766
22,26.07.2013,2,2013,True,har_x,0.0102986938188597,0.010651741569138716
22,29.07.2013,2,2013,True,har_x,0.0108731594929836,0.010529152825836927
22,30.07.2013,2,2013,True,har_x,0.011102193886464,0.010544784732239512
22,31.07.2013,2,2013,True,har_x,0.0113418313146021,0.010890600074407588
22,01.08.2013,2,2013,True,har_x,0.0110993982440674,0.010684849727835401
22,02.08.2013,2,2013,True,har_x,0.0109701783805435,0.010613185541805403
22,05.08.2013,2,2013,True,har_x,0.010961215685622,0.010288205121411566
22,06.08.2013,2,2013,True,har_x,0.0119942730685207,0.00921913717729209
22,07.08.2013,2,2013,True,har_x,0.0129364642154916,0.00916952600490998
22,08.08.2013,2,2013,True,har_x,0.0127903809316248,0.009195898548659197
22,09.08.2013,2,2013,True,har_x,0.0126264577227829,0.009135579034148255
22,12.08.2013,2,2013,True,har_x,0.0125752608357108,0.009501366273952672
22,13.08.2013,2,2013,True,har_x,0.0132609404790509,0.009637772445918529
22,14.08.2013,2,2013,True,har_x,0.0137266398271601,0.009671918666876743
22,15.08.2013,2,2013,True,har_x,0.0136303229557634,0.009863128591265287
22,16.08.2013,2,2013,True,har_x,0.0137588980583828,0.010494169456354629
22,20.08.2013,2,2013,True,har_x,0.0136899080928682,0.010162725499735736
22,21.08.2013,2,2013,True,har_x,0.0136887271960766,0.011545649014625556
22,22.08.2013,2,2013,True,har_x,0.0138150613323258,0.011529186769317041
22,23.08.2013,2,2013,True,har_x,0.0136447315771261,0.010870292266155386
22,26.08.2013,2,2013,True,har_x,0.0136424905177488,0.010819391645052155
22,27.08.2013,2,2013,True,har_x,0.0114500120234045,0.01019726072231747
22,28.08.2013,2,2013,True,har_x,0.0108262681747088,0.01298643023014089
22,29.08.2013,2,2013,True,har_x,0.0106165691100625,0.014094095469226645
22,30.08.2013,2,2013,True,har_x,0.0105693354186064,0.012984065324663091
22,03.09.2013,2,2013,True,har_x,0.0099641158756998,0.013219264395664648
22,04.09.2013,2,2013,True,har_x,0.0100175023699658,0.012421425828401873
22,05.09.2013,2,2013,True,har_x,0.0100968286617774,0.012059309352504792
22,06.09.2013,2,2013,True,har_x,0.0114952196910095,0.0114065228994364
22,09.09.2013,2,2013,True,har_x,0.0107003549460148,0.01174458135821523
22,10.09.2013,2,2013,True,har_x,0.0096315907474069,0.013863555359194667
22,11.09.2013,2,2013,True,har_x,0.0098318673144916,0.01372909562863265
22,12.09.2013,2,2013,True,har_x,0.0097397944255032,0.012079444792935698
22,13.09.2013,2,2013,True,har_x,0.009736661463957,0.011862742445334449
22,18.09.2013,2,2013,True,har_x,0.0091643612044914,0.011544847960244024
22,19.09.2013,2,2013,True,har_x,0.0084209759202973,0.011420230164820192
22,20.09.2013,2,2013,True,har_x,0.0094272604473113,0.0109016788273453
22,23.09.2013,2,2013,True,har_x,0.0093363595486731,0.010610075696289217
22,24.09.2013,2,2013,True,har_x,0.0092714692245435,0.008780540416396445
22,25.09.2013,2,2013,True,har_x,0.0107222556861888,0.008801902436462786
22,26.09.2013,2,2013,True,har_x,0.0106540636182093,0.00866308305696795
22,27.09.2013,2,2013,True,har_x,0.0107128186853078,0.008551035083438028
22,30.09.2013,2,2013,True,har_x,0.0109026729752677,0.007990147606479052
22,01.10.2013,2,2013,True,har_x,0.0123627558169699,0.008593633034658656
22,02.10.2013,2,2013,True,har_x,0.0120873305886012,0.008383878586306084
22,03.10.2013,2,2013,True,har_x,0.0121861457288712,0.008082673445609598
22,04.10.2013,2,2013,True,har_x,0.0121196422101694,0.007804063260373887
22,07.10.2013,2,2013,True,har_x,0.0125107337390954,0.007808332414192726
22,08.10.2013,2,2013,True,har_x,0.0130501342279427,0.010716925224153927
22,09.10.2013,2,2013,True,har_x,0.0132632111189172,0.010708588024524977
22,10.10.2013,2,2013,True,har_x,0.0119508197858698,0.011206650541285522
22,11.10.2013,2,2013,True,har_x,0.0123457854493105,0.010664084067431245
22,14.10.2013,2,2013,True,har_x,0.0127465407696719,0.010408605178222657
22,15.10.2013,2,2013,True,har_x,0.0125971281578569,0.010747658978800617
22,16.10.2013,2,2013,True,har_x,0.0128043132236158,0.010387915181774558
22,17.10.2013,2,2013,True,har_x,0.013060087227128,0.00935187272418263
22,21.10.2013,2,2013,True,har_x,0.0134711055789184,0.008855179850419725
22,22.10.2013,2,2013,True,har_x,0.0135843201510546,0.0076334400065212
22,23.10.2013,2,2013,True,har_x,0.0128056074910781,0.0076334400065212
22,24.10.2013,2,2013,True,har_x,0.0126657774851289,0.008539393531438365
22,25.10.2013,2,2013,True,har_x,0.0126646240911286,0.007735868206278089
22,28.10.2013,2,2013,True,har_x,0.0120389191152113,0.0076334400065212
22,29.10.2013,2,2013,True,har_x,0.0124300811419596,0.010861134063868393
22,30.10.2013,2,2013,True,har_x,0.0125122183922139,0.010590174554337367
22,31.10.2013,2,2013,True,har_x,0.0124165935544078,0.010824620331444398
22,01.11.2013,2,2013,True,har_x,0.0108961574489665,0.010661531292989107
22,04.11.2013,2,2013,True,har_x,0.0109210068238723,0.011592729579203464
22,05.11.2013,2,2013,True,har_x,0.0117145098499704,0.01102840838201685
22,06.11.2013,2,2013,True,har_x,0.0117076507028762,0.011338934619337498
22,07.11.2013,2,2013,True,har_x,0.0109278347523612,0.010654869375385892
22,08.11.2013,2,2013,True,har_x,0.0107993635709006,0.010904680317422902
22,11.11.2013,2,2013,True,har_x,0.0105374535502457,0.010169340609177896
22,12.11.2013,2,2013,True,har_x,0.010830583409137,0.010196601493538088
22,13.11.2013,2,2013,True,har_x,0.0105898821175613,0.009389936512200546
22,14.11.2013,2,2013,True,har_x,0.0102650228569171,0.009240583409743153
22,15.11.2013,2,2013,True,har_x,0.0106082816350166,0.009507478094314925
22,19.11.2013,2,2013,True,har_x,0.0099873187374801,0.009043792075452427
22,20.11.2013,2,2013,True,har_x,0.0098029710749773,0.008315209333472958
22,21.11.2013,2,2013,True,har_x,0.0090439861085308,0.008315978760027841
22,22.11.2013,2,2013,True,har_x,0.0088708595747144,0.007855985882407695
22,25.11.2013,2,2013,True,har_x,0.0090822911053458,0.0076334400065212
22,26.11.2013,2,2013,True,har_x,0.0091152901670714,0.0076334400065212
22,27.11.2013,2,2013,True,har_x,0.0107932292881847,0.0076334400065212
22,29.11.2013,2,2013,True,har_x,0.0105039661518271,0.0076334400065212
22,02.12.2013,2,2013,True,har_x,0.009786142689537,0.0076334400065212
22,03.12.2013,2,2013,True,har_x,0.009552727063513,0.010855571333571904
22,04.12.2013,2,2013,True,har_x,0.0095017406978621,0.0099660446779255
22,05.12.2013,2,2013,True,har_x,0.0094745291554404,0.009745710351484003
22,06.12.2013,2,2013,True,har_x,0.0095787344727798,0.00953980209447511
22,09.12.2013,2,2013,True,har_x,0.0087014600183554,0.009226964170741694
22,10.12.2013,2,2013,True,har_x,0.0087113398508777,0.008745587849231658
22,11.12.2013,2,2013,True,har_x,0.0088439391013767,0.008271880103155348
22,12.12.2013,2,2013,True,har_x,0.008645014490238,0.00826374433395712
22,13.12.2013,2,2013,True,har_x,0.0086324528843079,0.008507434865482036
22,16.12.2013,2,2013,True,har_x,0.0083418913677218,0.008418033379850866
22,17.12.2013,2,2013,True,har_x,0.0084223503222738,0.00865589108820958
22,19.12.2013,2,2013,True,har_x,0.008464735050181,0.008515876537996072
22,20.12.2013,2,2013,True,har_x,0.008088412979004,0.007901436390717846
22,23.12.2013,2,2013,True,har_x,0.0083054738383308,0.0077584889742407515
22,24.12.2013,2,2013,True,har_x,0.0083369574147939,0.00792189302434428
22,26.12.2013,2,2013,True,har_x,0.0083399751091995,0.007847832137637234
22,27.12.2013,2,2013,True,har_x,0.0087300965272301,0.007782452408344151
22,30.12.2013,2,2013,True,har_x,0.0086210262448263,0.008053925807962362
22,31.12.2013,2,2013,True,har_x,0.0086146029421024,0.0076334400065212
66,02.01.2013,2,2013,True,har,0.0093818700620437,0.014392433624853925
66,03.01.2013,2,2013,True,har,0.0095262104584456,0.01462060089396097
66,04.01.2013,2,2013,True,har,0.0095757133192196,0.01411768145318679
66,07.01.2013,2,2013,True,har,0.0100757217855641,0.014395889049513666
66,08.01.2013,2,2013,True,har,0.0100452248358639,0.014061734239215858
66,09.01.2013,2,2013,True,har,0.0100472892860936,0.014026059174720253
66,10.01.2013,2,2013,True,har,0.0101265722623555,0.013193423167644705
66,11.01.2013,2,2013,True,har,0.0100942134638718,0.013174259358209237
66,14.01.2013,2,2013,True,har,0.0100318628838887,0.013835549909482527
66,15.01.2013,2,2013,True,har,0.0099081849616889,0.014116081430348794
66,16.01.2013,2,2013,True,har,0.0100776654353776,0.014458566992038582
66,17.01.2013,2,2013,True,har,0.0103084104344037,0.013818740752162342
66,18.01.2013,2,2013,True,har,0.0103090320284354,0.013557966123851711
66,22.01.2013,2,2013,True,har,0.0101234074612753,0.01326087551512062
66,23.01.2013,2,2013,True,har,0.010227203514572,0.01422555898732724
66,24.01.2013,2,2013,True,har,0.0105671386564296,0.013312330209937646
66,25.01.2013,2,2013,True,har,0.0112128694078234,0.013319682150238397
66,28.01.2013,2,2013,True,har,0.0113460467046315,0.01253294949464061
66,29.01.2013,2,2013,True,har,0.0114124207421569,0.012532950585824255
66,30.01.2013,2,2013,True,har,0.0114394624627303,0.01247098909975371
66,31.01.2013,2,2013,True,har,0.0114057039120575,0.012400615288808361
66,01.02.2013,2,2013,True,har,0.0113131984078451,0.0122379426923322
66,04.02.2013,2,2013,True,har,0.0112753373412844,0.012487900283015663
66,05.02.2013,2,2013,True,har,0.0112640882750602,0.012957552223186846
66,06.02.2013,2,2013,True,har,0.0112546367938658,0.012970586110652937
66,07.02.2013,2,2013,True,har,0.0113322677346934,0.01279960310218529
66,08.02.2013,2,2013,True,har,0.0111634015498728,0.012839331234656942
66,11.02.2013,2,2013,True,har,0.0111506132565392,0.013408542304446864
66,12.02.2013,2,2013,True,har,0.0111243740938626,0.012893688228514066
66,13.02.2013,2,2013,True,har,0.0111302289949345,0.012696706470917668
66,14.02.2013,2,2013,True,har,0.0112067528752724,0.011944841384630341
66,15.02.2013,2,2013,True,har,0.011203700159921,0.012032848093487251
66,19.02.2013,2,2013,True,har,0.0111829627409641,0.011708444017098326
66,20.02.2013,2,2013,True,har,0.0112380208051389,0.012332989819718514
66,21.02.2013,2,2013,True,har,0.0112236477282902,0.0130376559204274
66,22.02.2013,2,2013,True,har,0.0111939140594652,0.013809830424576931
66,25.02.2013,2,2013,True,har,0.011351635916211,0.013617877779570629
66,26.02.2013,2,2013,True,har,0.0114534062252025,0.013626095856226648
66,27.02.2013,2,2013,True,har,0.011538924440512,0.014374920620097717
66,28.02.2013,2,2013,True,har,0.0115324969122651,0.014059507974869717
66,01.03.2013,2,2013,True,har,0.0115211934811056,0.013760709916344982
66,04.03.2013,2,2013,True,har,0.0115852475070153,0.01373983635374058
66,05.03.2013,2,2013,True,har,0.0114582978376514,0.013156668172212034
66,06.03.2013,2,2013,True,har,0.0114964134484519,0.014106408385924876
66,07.03.2013,2,2013,True,har,0.011520039588932,0.013704177726334924
66,08.03.2013,2,2013,True,har,0.0115642864533325,0.013574814546138993
66,11.03.2013,2,2013,True,har,0.011549921340606,0.013452868427940776
66,12.03.2013,2,2013,True,har,0.0117303055226826,0.013039341065726897
66,13.03.2013,2,2013,True,har,0.0116666377239254,0.01260112680389863
66,14.03.2013,2,2013,True,har,0.0125076501806971,0.012781794402230784
66,15.03.2013,2,2013,True,har,0.0125825922488452,0.013201881360517599
66,19.03.2013,2,2013,True,har,0.0124179745971332,0.01301601168805097
66,20.03.2013,2,2013,True,har,0.0123193892515057,0.013966426154916677
66,21.03.2013,2,2013,True,har,0.0122640518417714,0.014403659755632743
66,22.03.2013,2,2013,True,har,0.0123517710964824,0.014254988259436394
66,25.03.2013,2,2013,True,har,0.012352818778916,0.013586586666184699
66,26.03.2013,2,2013,True,har,0.0123169380799189,0.013697410388948866
66,27.03.2013,2,2013,True,har,0.0123765466745269,0.013899435194524459
66,28.03.2013,2,2013,True,har,0.0125566944027243,0.013334775292687623
66,01.04.2013,2,2013,True,har,0.0127117002773531,0.012929664766596774
66,02.04.2013,2,2013,True,har,0.0127090684154534,0.01325883470178803
66,03.04.2013,2,2013,True,har,0.0120532685778533,0.013151163703296862
66,04.04.2013,2,2013,True,har,0.012043239528338,0.016325357421754432
66,05.04.2013,2,2013,True,har,0.0117820609987329,0.015333072399467644
66,08.04.2013,2,2013,True,har,0.0118260055197291,0.01614309746888735
66,09.04.2013,2,2013,True,har,0.0116932984913991,0.015694038755577087
66,10.04.2013,2,2013,True,har,0.0116830708126654,0.016654223892022507
66,11.04.2013,2,2013,True,har,0.0115328595621978,0.015911084785559373
66,12.04.2013,2,2013,True,har,0.0115439403640087,0.016422705522501826
66,15.04.2013,2,2013,True,har,0.0110226109330942,0.016159379259626377
66,16.04.2013,2,2013,True,har,0.0110224081901642,0.017280981082729338
66,17.04.2013,2,2013,True,har,0.0111299946000567,0.01619517019061952
66,18.04.2013,2,2013,True,har,0.0110111343429101,0.01605594207064525
66,19.04.2013,2,2013,True,har,0.0110218944537383,0.0161588326537319
66,22.04.2013,2,2013,True,har,0.0109955383440285,0.016164089530135893
66,23.04.2013,2,2013,True,har,0.0110187467764981,0.01591575989696451
66,24.04.2013,2,2013,True,har,0.0109268080314726,0.01567472438508795
66,25.04.2013,2,2013,True,har,0.0109392698645323,0.01631335784144647
66,26.04.2013,2,2013,True,har,0.0109592049741051,0.01651606837887163
66,29.04.2013,2,2013,True,har,0.0109443889748858,0.016238086961506852
66,30.04.2013,2,2013,True,har,0.0108127282789142,0.016257560251692598
66,01.05.2013,2,2013,True,har,0.0104080619166861,0.016888227409893743
66,02.05.2013,2,2013,True,har,0.0098703230770538,0.01692947424834467
66,03.05.2013,2,2013,True,har,0.0098985660387283,0.018397814674476157
66,06.05.2013,2,2013,True,har,0.0098256306838543,0.01783708093777115
66,07.05.2013,2,2013,True,har,0.0097752018910185,0.017971364195188758
66,08.05.2013,2,2013,True,har,0.0097792737201727,0.017727920975275507
66,09.05.2013,2,2013,True,har,0.0098214916262031,0.016989231829787073
66,10.05.2013,2,2013,True,har,0.0097899784480204,0.016396322803943313
66,13.05.2013,2,2013,True,har,0.0097671767938629,0.01629701368641131
66,14.05.2013,2,2013,True,har,0.0097726387993012,0.015485015908664718
66,15.05.2013,2,2013,True,har,0.0097011224299811,0.015219685822517107
66,16.05.2013,2,2013,True,har,0.009770420784241,0.015786224151109578
66,17.05.2013,2,2013,True,har,0.0097793100292342,0.015301048095088777
66,20.05.2013,2,2013,True,har,0.0105079175986436,0.015263405885084184
66,21.05.2013,2,2013,True,har,0.0107391173379139,0.015012005016926332
66,22.05.2013,2,2013,True,har,0.0107355254304436,0.015014285664960702
66,23.05.2013,2,2013,True,har,0.0108260458269591,0.015437462974710759
66,24.05.2013,2,2013,True,har,0.0109422501184122,0.014796118036552057
66,28.05.2013,2,2013,True,har,0.0108581619928488,0.014834400018590297
66,29.05.2013,2,2013,True,har,0.0105992957763989,0.015740331119987225
66,30.05.2013,2,2013,True,har,0.0106089696315005,0.016153562434728742
66,31.05.2013,2,2013,True,har,0.0107044461230902,0.014910681023741566
66,03.06.2013,2,2013,True,har,0.0109410621946506,0.014753886996429079
66,04.06.2013,2,2013,True,har,0.0108675308211698,0.015113404702594094
66,05.06.2013,2,2013,True,har,0.0109153352806123,0.01488972822989127
66,06.06.2013,2,2013,True,har,0.0109028972951237,0.014319099782152341
66,07.06.2013,2,2013,True,har,0.011153214177962,0.01446320533891425
66,10.06.2013,2,2013,True,har,0.0113338296508179,0.01417340266685365
66,11.06.2013,2,2013,True,har,0.0112687968684971,0.014132450509453415
66,12.06.2013,2,2013,True,har,0.0113314368719123,0.014232211866421993
66,13.06.2013,2,2013,True,har,0.011310922390285,0.01416965707392396
66,14.06.2013,2,2013,True,har,0.0113194559964773,0.014168105318796066
66,18.06.2013,2,2013,True,har,0.0111859821197433,0.013889606812344992
66,19.06.2013,2,2013,True,har,0.0112083109393884,0.01485814791453659
66,20.06.2013,2,2013,True,har,0.0101322249383097,0.01421393327386784
66,21.06.2013,2,2013,True,har,0.0100183591403667,0.018109816374046316
66,24.06.2013,2,2013,True,har,0.0101000011656448,0.017386821900980474
66,25.06.2013,2,2013,True,har,0.0101062920969085,0.017160330649222
66,26.06.2013,2,2013,True,har,0.0101075029038666,0.016853631926488935
66,27.06.2013,2,2013,True,har,0.0100271966956269,0.01670084547530109
66,28.06.2013,2,2013,True,har,0.0099923698129155,0.0160046966504409
66,01.07.2013,2,2013,True,har,0.0100463151201817,0.015748469525105998
66,02.07.2013,2,2013,True,har,0.0104166845814904,0.015503477466532758
66,03.07.2013,2,2013,True,har,0.0102530438081522,0.01536355869596422
66,05.07.2013,2,2013,True,har,0.0100198596341269,0.01583625370916771
66,08.07.2013,2,2013,True,har,0.0100917755196324,0.016281042342645484
66,09.07.2013,2,2013,True,har,0.010130116885771,0.015770867714255225
66,10.07.2013,2,2013,True,har,0.0101021913931509,0.015772125894833802
66,11.07.2013,2,2013,True,har,0.0101752369217497,0.01580983135742201
66,12.07.2013,2,2013,True,har,0.0101088760616268,0.015836681467463094
66,15.07.2013,2,2013,True,har,0.0104015282865262,0.0157430502088936
66,16.07.2013,2,2013,True,har,0.0104336190508344,0.01548237321862025
66,17.07.2013,2,2013,True,har,0.0104336548423777,0.01548477949074439
66,19.07.2013,2,2013,True,har,0.0107792961464893,0.015160002588479526
66,22.07.2013,2,2013,True,har,0.0108018686635269,0.01580075448134785
66,23.07.2013,2,2013,True,har,0.0108391377178815,0.013114805285206537
66,24.07.2013,2,2013,True,har,0.0108078200491245,0.012723198333403383
66,25.07.2013,2,2013,True,har,0.0113126590842051,0.013419000132398252
66,26.07.2013,2,2013,True,har,0.0113072029947257,0.013299218100585397
66,29.07.2013,2,2013,True,har,0.0113484507131093,0.013277380029146265
66,30.07.2013,2,2013,True,har,0.0113332628076081,0.013107250042028187
66,31.07.2013,2,2013,True,har,0.0114790010877343,0.013112226360630908
66,01.08.2013,2,2013,True,har,0.0114556139064839,0.01308743886794568
66,02.08.2013,2,2013,True,har,0.011545588443204,0.013900497576165223
66,05.08.2013,2,2013,True,har,0.0115609948158774,0.013333942828690135
66,06.08.2013,2,2013,True,har,0.0116524170537703,0.012716902171016863
66,07.08.2013,2,2013,True,har,0.0117354366496355,0.012813910038598528
66,08.08.2013,2,2013,True,har,0.0117003892743128,0.012961484632644685
66,09.08.2013,2,2013,True,har,0.0117173784394162,0.0123302305324524
66,12.08.2013,2,2013,True,har,0.0117605811793225,0.013396620937131086
66,13.08.2013,2,2013,True,har,0.0119446540366626,0.013161200302576713
66,14.08.2013,2,2013,True,har,0.0119859448701201,0.013274301797553035
66,15.08.2013,2,2013,True,har,0.0119431588627307,0.013034697378444968
66,16.08.2013,2,2013,True,har,0.011943667749928,0.012954862381825145
66,20.08.2013,2,2013,True,har,0.0118975034766857,0.012387738360651743
66,21.08.2013,2,2013,True,har,0.0120306123263462,0.013119484211984632
66,22.08.2013,2,2013,True,har,0.0121892560688002,0.012943362834417289
66,23.08.2013,2,2013,True,har,0.0121908432908256,0.012571866318386329
66,26.08.2013,2,2013,True,har,0.0122142006782513,0.013016578881755706
66,27.08.2013,2,2013,True,har,0.0115757477961756,0.0127939259389618
66,28.08.2013,2,2013,True,har,0.0113319380147289,0.015636533676278833
66,29.08.2013,2,2013,True,har,0.0114911273399075,0.015498469281740711
66,30.08.2013,2,2013,True,har,0.0114329238124186,0.01593112049450935
66,03.09.2013,2,2013,True,har,0.0112842269231431,0.015966189150829126
66,04.09.2013,2,2013,True,har,0.0113113552096684,0.01617057253025883
66,05.09.2013,2,2013,True,har,0.0113047038248339,0.015694500749508605
66,06.09.2013,2,2013,True,har,0.0114269863171335,0.015225346258501237
66,09.09.2013,2,2013,True,har,0.0111466006740255,0.015136787296281262
66,10.09.2013,2,2013,True,har,0.0108181374507717,0.01637890146885161
66,11.09.2013,2,2013,True,har,0.0109409486276025,0.016893788816565378
66,12.09.2013,2,2013,True,har,0.0108708156322802,0.01640819251755577
66,13.09.2013,2,2013,True,har,0.0108764325229588,0.016761936846547008
66,18.09.2013,2,2013,True,har,0.0106029117796869,0.01645301869524553
66,19.09.2013,2,2013,True,har,0.0103900499915662,0.017265605009457063
66,20.09.2013,2,2013,True,har,0.0104396761500777,0.01735588473803865
66,23.09.2013,2,2013,True,har,0.0103766027029485,0.017005008908350612
66,24.09.2013,2,2013,True,har,0.0109197957338561,0.01702167254682186
66,25.09.2013,2,2013,True,har,0.0109608113639929,0.01696721642612739
66,26.09.2013,2,2013,True,har,0.0109115512956998,0.016631649612876165
66,27.09.2013,2,2013,True,har,0.0109193449595202,0.016691417599488965
66,30.09.2013,2,2013,True,har,0.0109178809274264,0.015368779984505412
66,01.10.2013,2,2013,True,har,0.0109415521545069,0.014513163695817621
66,02.10.2013,2,2013,True,har,0.0108926149172539,0.014422643678159732
66,03.10.2013,2,2013,True,har,0.0109046702033229,0.014997471890083495
66,04.10.2013,2,2013,True,har,0.0108962066457657,0.01427316802577091
66,07.10.2013,2,2013,True,har,0.0109299632033575,0.014350284207301701
66,08.10.2013,2,2013,True,har,0.0109140112669034,0.014248445664061037
66,09.10.2013,2,2013,True,har,0.0108477527827453,0.014143587338542265
66,10.10.2013,2,2013,True,har,0.0104873472122374,0.013960731461377537
66,11.10.2013,2,2013,True,har,0.0105001101542134,0.015187948683007534
66,14.10.2013,2,2013,True,har,0.010505814486722,0.014751095428734137
66,15.10.2013,2,2013,True,har,0.0105250719700868,0.014547405607284907
66,16.10.2013,2,2013,True,har,0.0105085822140125,0.014925414224979922
66,17.10.2013,2,2013,True,har,0.0105221517497916,0.014392795525864848
66,21.10.2013,2,2013,True,har,0.0104223560754333,0.013153628939001728
66,22.10.2013,2,2013,True,har,0.0105596801845623,0.01381170720173508
66,23.10.2013,2,2013,True,har,0.0102841371972375,0.013444115911424262
66,24.10.2013,2,2013,True,har,0.0102476350360873,0.014745185166471577
66,25.10.2013,2,2013,True,har,0.0102631491290616,0.0143183638676736
66,28.10.2013,2,2013,True,har,0.0098484463155933,0.013989323529631696
66,29.10.2013,2,2013,True,har,0.0102008805949521,0.01604625243742731
66,30.10.2013,2,2013,True,har,0.0102102146072167,0.015585552313691225
66,31.10.2013,2,2013,True,har,0.0101460415941128,0.015422705597823515
66,01.11.2013,2,2013,True,har,0.0095568672853311,0.015454961844331027
66,04.11.2013,2,2013,True,har,0.0095519651044723,0.017250763687698928
66,05.11.2013,2,2013,True,har,0.0094877388335552,0.01614112090799439
66,06.11.2013,2,2013,True,har,0.0096731924862868,0.016321478949383978
66,07.11.2013,2,2013,True,har,0.0094193087877529,0.015925366247886652
66,08.11.2013,2,2013,True,har,0.0092512879875041,0.016572094499672
66,11.11.2013,2,2013,True,har,0.0091770567635728,0.016068836442131657
66,12.11.2013,2,2013,True,har,0.0092436228829757,0.016335543884192873
66,13.11.2013,2,2013,True,har,0.0091255850135672,0.016145456270474836
66,14.11.2013,2,2013,True,har,0.0090068585192508,0.016544861123472972
66,15.11.2013,2,2013,True,har,0.0090076182750113,0.016257234267574406
66,19.11.2013,2,2013,True,har,0.0091113265666553,0.01591501247594509
66,20.11.2013,2,2013,True,har,0.0092835282284154,0.01666066376446151
66,21.11.2013,2,2013,True,har,0.0091612764331291,0.016672615614825224
66,22.11.2013,2,2013,True,har,0.0091013356179098,0.016913924630930922
66,25.11.2013,2,2013,True,har,0.0091640980518337,0.016591703487481454
66,26.11.2013,2,2013,True,har,0.0092191421396333,0.016379322851035143
66,27.11.2013,2,2013,True,har,0.0092226520357952,0.01539815241238591
66,29.11.2013,2,2013,True,har,0.0090670382627739,0.01542347915172185
66,02.12.2013,2,2013,True,har,0.008864159625365,0.01596579609841741
66,03.12.2013,2,2013,True,har,0.0088736147265619,0.016335081324281832
66,04.12.2013,2,2013,True,har,0.0088415001939956,0.01527326037690276
66,05.12.2013,2,2013,True,har,0.0090056713709821,0.01534593784459885
66,06.12.2013,2,2013,True,har,0.0090278753628042,0.015422032903100893
66,09.12.2013,2,2013,True,har,0.008733008210428,0.015151453777678875
66,10.12.2013,2,2013,True,har,0.008753073713007,0.015816265770318475
66,11.12.2013,2,2013,True,har,0.0087438992205671,0.01487804373774371
66,12.12.2013,2,2013,True,har,0.0086740900686525,0.014867104431866972
66,13.12.2013,2,2013,True,har,0.0086718182839482,0.015140713826671887
66,16.12.2013,2,2013,True,har,0.0085170615208493,0.014696922545410683
66,17.12.2013,2,2013,True,har,0.0085229837077255,0.01503385406092215
66,19.12.2013,2,2013,True,har,0.0085282729247904,0.01466442991970843
66,20.12.2013,2,2013,True,har,0.0086929159324488,0.014317947921112167
66,23.12.2013,2,2013,True,har,0.0087351589690435,0.014640627237596215
66,24.12.2013,2,2013,True,har,0.0088872691949708,0.01395741185280262
66,26.12.2013,2,2013,True,har,0.0089177373525015,0.01372459986245261
66,27.12.2013,2,2013,True,har,0.0089624787175298,0.013652844778798471
66,30.12.2013,2,2013,True,har,0.0091835212147998,0.013653087259349706
66,31.12.2013,2,2013,True,har,0.009183864211943,0.013843221373413261
66,02.01.2013,2,2013,True,har_ovx,0.0093818700620437,0.014539700030129641
66,03.01.2013,2,2013,True,har_ovx,0.0095262104584456,0.01446022349211954
66,04.01.2013,2,2013,True,har_ovx,0.0095757133192196,0.013858514066147897
66,07.01.2013,2,2013,True,har_ovx,0.0100757217855641,0.01371917216122126
66,08.01.2013,2,2013,True,har_ovx,0.0100452248358639,0.013197150175333117
66,09.01.2013,2,2013,True,har_ovx,0.0100472892860936,0.012959472176302268
66,10.01.2013,2,2013,True,har_ovx,0.0101265722623555,0.012731091163588283
66,11.01.2013,2,2013,True,har_ovx,0.0100942134638718,0.012716915576070603
66,14.01.2013,2,2013,True,har_ovx,0.0100318628838887,0.013035817148456603
66,15.01.2013,2,2013,True,har_ovx,0.0099081849616889,0.013540855513259892
66,16.01.2013,2,2013,True,har_ovx,0.0100776654353776,0.013686153607036742
66,17.01.2013,2,2013,True,har_ovx,0.0103084104344037,0.012902025016718175
66,18.01.2013,2,2013,True,har_ovx,0.0103090320284354,0.012644235198325297
66,22.01.2013,2,2013,True,har_ovx,0.0101234074612753,0.011833474057429304
66,23.01.2013,2,2013,True,har_ovx,0.010227203514572,0.01221285823566325
66,24.01.2013,2,2013,True,har_ovx,0.0105671386564296,0.012146099067562269
66,25.01.2013,2,2013,True,har_ovx,0.0112128694078234,0.012061743977023576
66,28.01.2013,2,2013,True,har_ovx,0.0113460467046315,0.011754258830491074
66,29.01.2013,2,2013,True,har_ovx,0.0114124207421569,0.011929064071980673
66,30.01.2013,2,2013,True,har_ovx,0.0114394624627303,0.011948487216130711
66,31.01.2013,2,2013,True,har_ovx,0.0114057039120575,0.01186654441028163
66,01.02.2013,2,2013,True,har_ovx,0.0113131984078451,0.01169661478974495
66,04.02.2013,2,2013,True,har_ovx,0.0112753373412844,0.011778517901868492
66,05.02.2013,2,2013,True,har_ovx,0.0112640882750602,0.012495384126130334
66,06.02.2013,2,2013,True,har_ovx,0.0112546367938658,0.012169099767679423
66,07.02.2013,2,2013,True,har_ovx,0.0113322677346934,0.01217121582865031
66,08.02.2013,2,2013,True,har_ovx,0.0111634015498728,0.012175410128653391
66,11.02.2013,2,2013,True,har_ovx,0.0111506132565392,0.01238732181595488
66,12.02.2013,2,2013,True,har_ovx,0.0111243740938626,0.01164738577581258
66,13.02.2013,2,2013,True,har_ovx,0.0111302289949345,0.011216776476428799
66,14.02.2013,2,2013,True,har_ovx,0.0112067528752724,0.011081465940709
66,15.02.2013,2,2013,True,har_ovx,0.011203700159921,0.011081465940709
66,19.02.2013,2,2013,True,har_ovx,0.0111829627409641,0.011475610626864127
66,20.02.2013,2,2013,True,har_ovx,0.0112380208051389,0.011726093517201849
66,21.02.2013,2,2013,True,har_ovx,0.0112236477282902,0.01293004123092522
66,22.02.2013,2,2013,True,har_ovx,0.0111939140594652,0.013978900437142543
66,25.02.2013,2,2013,True,har_ovx,0.011351635916211,0.012913038592381678
66,26.02.2013,2,2013,True,har_ovx,0.0114534062252025,0.01347203463634903
66,27.02.2013,2,2013,True,har_ovx,0.011538924440512,0.013735215680586223
66,28.02.2013,2,2013,True,har_ovx,0.0115324969122651,0.013007363895359272
66,01.03.2013,2,2013,True,har_ovx,0.0115211934811056,0.012619304348856181
66,04.03.2013,2,2013,True,har_ovx,0.0115852475070153,0.01267128592233566
66,05.03.2013,2,2013,True,har_ovx,0.0114582978376514,0.012616378463082589
66,06.03.2013,2,2013,True,har_ovx,0.0114964134484519,0.012404792372284701
66,07.03.2013,2,2013,True,har_ovx,0.011520039588932,0.012223690739383517
66,08.03.2013,2,2013,True,har_ovx,0.0115642864533325,0.011713106505054726
66,11.03.2013,2,2013,True,har_ovx,0.011549921340606,0.0115122073973573
66,12.03.2013,2,2013,True,har_ovx,0.0117303055226826,0.011081465940709
66,13.03.2013,2,2013,True,har_ovx,0.0116666377239254,0.011081465940709
66,14.03.2013,2,2013,True,har_ovx,0.0125076501806971,0.011081465940709
66,15.03.2013,2,2013,True,har_ovx,0.0125825922488452,0.011081465940709
66,19.03.2013,2,2013,True,har_ovx,0.0124179745971332,0.011081465940709
66,20.03.2013,2,2013,True,har_ovx,0.0123193892515057,0.01194563359421164
66,21.03.2013,2,2013,True,har_ovx,0.0122640518417714,0.011513132415266636
66,22.03.2013,2,2013,True,har_ovx,0.0123517710964824,0.011513571307762035
66,25.03.2013,2,2013,True,har_ovx,0.012352818778916,0.011081465940709
66,26.03.2013,2,2013,True,har_ovx,0.0123169380799189,0.011081465940709
66,27.03.2013,2,2013,True,har_ovx,0.0123765466745269,0.011081465940709
66,28.03.2013,2,2013,True,har_ovx,0.0125566944027243,0.011081465940709
66,01.04.2013,2,2013,True,har_ovx,0.0127117002773531,0.011081465940709
66,02.04.2013,2,2013,True,har_ovx,0.0127090684154534,0.011081465940709
66,03.04.2013,2,2013,True,har_ovx,0.0120532685778533,0.011081465940709
66,04.04.2013,2,2013,True,har_ovx,0.012043239528338,0.013145976885703972
66,05.04.2013,2,2013,True,har_ovx,0.0117820609987329,0.012606415040172066
66,08.04.2013,2,2013,True,har_ovx,0.0118260055197291,0.012859469445832767
66,09.04.2013,2,2013,True,har_ovx,0.0116932984913991,0.012429905824770885
66,10.04.2013,2,2013,True,har_ovx,0.0116830708126654,0.012735552798735728
66,11.04.2013,2,2013,True,har_ovx,0.0115328595621978,0.012338149827229316
66,12.04.2013,2,2013,True,har_ovx,0.0115439403640087,0.012837804279818402
66,15.04.2013,2,2013,True,har_ovx,0.0110226109330942,0.013196880510614045
66,16.04.2013,2,2013,True,har_ovx,0.0110224081901642,0.01626695154637299
66,17.04.2013,2,2013,True,har_ovx,0.0111299946000567,0.01476766832509846
66,18.04.2013,2,2013,True,har_ovx,0.0110111343429101,0.016048205446247764
66,19.04.2013,2,2013,True,har_ovx,0.0110218944537383,0.015277228382919348
66,22.04.2013,2,2013,True,har_ovx,0.0109955383440285,0.014887472739147117
66,23.04.2013,2,2013,True,har_ovx,0.0110187467764981,0.013937008813135155
66,24.04.2013,2,2013,True,har_ovx,0.0109268080314726,0.013571283308314724
66,25.04.2013,2,2013,True,har_ovx,0.0109392698645323,0.013508049347210054
66,26.04.2013,2,2013,True,har_ovx,0.0109592049741051,0.013395271285799955
66,29.04.2013,2,2013,True,har_ovx,0.0109443889748858,0.01312079669590781
66,30.04.2013,2,2013,True,har_ovx,0.0108127282789142,0.013484360465328468
66,01.05.2013,2,2013,True,har_ovx,0.0104080619166861,0.014176363165415637
66,02.05.2013,2,2013,True,har_ovx,0.0098703230770538,0.015014033212708795
66,03.05.2013,2,2013,True,har_ovx,0.0098985660387283,0.014827768064504487
66,06.05.2013,2,2013,True,har_ovx,0.0098256306838543,0.014327434827634274
66,07.05.2013,2,2013,True,har_ovx,0.0097752018910185,0.014771126272242016
66,08.05.2013,2,2013,True,har_ovx,0.0097792737201727,0.014392927545427089
66,09.05.2013,2,2013,True,har_ovx,0.0098214916262031,0.013431189532132555
66,10.05.2013,2,2013,True,har_ovx,0.0097899784480204,0.013424575839469625
66,13.05.2013,2,2013,True,har_ovx,0.0097671767938629,0.013278226772273426
66,14.05.2013,2,2013,True,har_ovx,0.0097726387993012,0.013311912504162434
66,15.05.2013,2,2013,True,har_ovx,0.0097011224299811,0.013305310610507225
66,16.05.2013,2,2013,True,har_ovx,0.009770420784241,0.013709793328194145
66,17.05.2013,2,2013,True,har_ovx,0.0097793100292342,0.013424600672941435
66,20.05.2013,2,2013,True,har_ovx,0.0105079175986436,0.012859596994968414
66,21.05.2013,2,2013,True,har_ovx,0.0107391173379139,0.012975192498052788
66,22.05.2013,2,2013,True,har_ovx,0.0107355254304436,0.012875537725716032
66,23.05.2013,2,2013,True,har_ovx,0.0108260458269591,0.01358871361701232
66,24.05.2013,2,2013,True,har_ovx,0.0109422501184122,0.012861592997865759
66,28.05.2013,2,2013,True,har_ovx,0.0108581619928488,0.012624464458091008
66,29.05.2013,2,2013,True,har_ovx,0.0105992957763989,0.013202440024132175
66,30.05.2013,2,2013,True,har_ovx,0.0106089696315005,0.013753306041920734
66,31.05.2013,2,2013,True,har_ovx,0.0107044461230902,0.013234028856757889
66,03.06.2013,2,2013,True,har_ovx,0.0109410621946506,0.013377344586857721
66,04.06.2013,2,2013,True,har_ovx,0.0108675308211698,0.013633321481314752
66,05.06.2013,2,2013,True,har_ovx,0.0109153352806123,0.013457101478119144
66,06.06.2013,2,2013,True,har_ovx,0.0109028972951237,0.013115092853412082
66,07.06.2013,2,2013,True,har_ovx,0.011153214177962,0.012987812454865312
66,10.06.2013,2,2013,True,har_ovx,0.0113338296508179,0.012388639310568154
66,11.06.2013,2,2013,True,har_ovx,0.0112687968684971,0.012113334320846995
66,12.06.2013,2,2013,True,har_ovx,0.0113314368719123,0.012205374042673613
66,13.06.2013,2,2013,True,har_ovx,0.011310922390285,0.012463656029098463
66,14.06.2013,2,2013,True,har_ovx,0.0113194559964773,0.012045444158744091
66,18.06.2013,2,2013,True,har_ovx,0.0111859821197433,0.01179797772117281
66,19.06.2013,2,2013,True,har_ovx,0.0112083109393884,0.012084028625840737
66,20.06.2013,2,2013,True,har_ovx,0.0101322249383097,0.011487262558228049
66,21.06.2013,2,2013,True,har_ovx,0.0100183591403667,0.015294776965037216
66,24.06.2013,2,2013,True,har_ovx,0.0101000011656448,0.014041681186750345
66,25.06.2013,2,2013,True,har_ovx,0.0101062920969085,0.014101984216268154
66,26.06.2013,2,2013,True,har_ovx,0.0101075029038666,0.01373354999806161
66,27.06.2013,2,2013,True,har_ovx,0.0100271966956269,0.013420447308212641
66,28.06.2013,2,2013,True,har_ovx,0.0099923698129155,0.013340274028335649
66,01.07.2013,2,2013,True,har_ovx,0.0100463151201817,0.012924788049692666
66,02.07.2013,2,2013,True,har_ovx,0.0104166845814904,0.012784451536020976
66,03.07.2013,2,2013,True,har_ovx,0.0102530438081522,0.012903064226170359
66,05.07.2013,2,2013,True,har_ovx,0.0100198596341269,0.014206861884508894
66,08.07.2013,2,2013,True,har_ovx,0.0100917755196324,0.014745967836550702
66,09.07.2013,2,2013,True,har_ovx,0.010130116885771,0.013950761771211346
66,10.07.2013,2,2013,True,har_ovx,0.0101021913931509,0.013906390774419988
66,11.07.2013,2,2013,True,har_ovx,0.0101752369217497,0.014293455538206781
66,12.07.2013,2,2013,True,har_ovx,0.0101088760616268,0.013738187050470614
66,15.07.2013,2,2013,True,har_ovx,0.0104015282865262,0.013699381440973938
66,16.07.2013,2,2013,True,har_ovx,0.0104336190508344,0.01326691799876925
66,17.07.2013,2,2013,True,har_ovx,0.0104336548423777,0.013542128401150167
66,19.07.2013,2,2013,True,har_ovx,0.0107792961464893,0.012984572042986448
66,22.07.2013,2,2013,True,har_ovx,0.0108018686635269,0.013587197997845647
66,23.07.2013,2,2013,True,har_ovx,0.0108391377178815,0.012567968587186186
66,24.07.2013,2,2013,True,har_ovx,0.0108078200491245,0.012230715336801631
66,25.07.2013,2,2013,True,har_ovx,0.0113126590842051,0.012607674483946299
66,26.07.2013,2,2013,True,har_ovx,0.0113072029947257,0.012366410381666953
66,29.07.2013,2,2013,True,har_ovx,0.0113484507131093,0.01222224843846467
66,30.07.2013,2,2013,True,har_ovx,0.0113332628076081,0.012078901749667463
66,31.07.2013,2,2013,True,har_ovx,0.0114790010877343,0.012341326737460547
66,01.08.2013,2,2013,True,har_ovx,0.0114556139064839,0.012165700593443851
66,02.08.2013,2,2013,True,har_ovx,0.011545588443204,0.0123113527096525
66,05.08.2013,2,2013,True,har_ovx,0.0115609948158774,0.01200276288258494
66,06.08.2013,2,2013,True,har_ovx,0.0116524170537703,0.011965737433851521
66,07.08.2013,2,2013,True,har_ovx,0.0117354366496355,0.01194146117606343
66,08.08.2013,2,2013,True,har_ovx,0.0117003892743128,0.01198468836255628
66,09.08.2013,2,2013,True,har_ovx,0.0117173784394162,0.011639800777750717
66,12.08.2013,2,2013,True,har_ovx,0.0117605811793225,0.012231835244177529
66,13.08.2013,2,2013,True,har_ovx,0.0119446540366626,0.012099299597274148
66,14.08.2013,2,2013,True,har_ovx,0.0119859448701201,0.012130067988567968
66,15.08.2013,2,2013,True,har_ovx,0.0119431588627307,0.012186570204084849
66,16.08.2013,2,2013,True,har_ovx,0.011943667749928,0.012541504833688828
66,20.08.2013,2,2013,True,har_ovx,0.0118975034766857,0.01221487900211973
66,21.08.2013,2,2013,True,har_ovx,0.0120306123263462,0.012623710859839658
66,22.08.2013,2,2013,True,har_ovx,0.0121892560688002,0.012560570033641453
66,23.08.2013,2,2013,True,har_ovx,0.0121908432908256,0.012032997744651552
66,26.08.2013,2,2013,True,har_ovx,0.0122142006782513,0.01207908855271852
66,27.08.2013,2,2013,True,har_ovx,0.0115757477961756,0.012190427485507851
66,28.08.2013,2,2013,True,har_ovx,0.0113319380147289,0.014789481033136518
66,29.08.2013,2,2013,True,har_ovx,0.0114911273399075,0.01553965387306687
66,30.08.2013,2,2013,True,har_ovx,0.0114329238124186,0.0148128219867404
66,03.09.2013,2,2013,True,har_ovx,0.0112842269231431,0.015047979232041021
66,04.09.2013,2,2013,True,har_ovx,0.0113113552096684,0.015616445143155423
66,05.09.2013,2,2013,True,har_ovx,0.0113047038248339,0.015135657763083541
66,06.09.2013,2,2013,True,har_ovx,0.0114269863171335,0.014480467422627838
66,09.09.2013,2,2013,True,har_ovx,0.0111466006740255,0.014713769395450608
66,10.09.2013,2,2013,True,har_ovx,0.0108181374507717,0.015222091421602758
66,11.09.2013,2,2013,True,har_ovx,0.0109409486276025,0.015135390834794139
66,12.09.2013,2,2013,True,har_ovx,0.0108708156322802,0.013819187967365395
66,13.09.2013,2,2013,True,har_ovx,0.0108764325229588,0.013752860587582967
66,18.09.2013,2,2013,True,har_ovx,0.0106029117796869,0.013430695994253568
66,19.09.2013,2,2013,True,har_ovx,0.0103900499915662,0.013747742347595616
66,20.09.2013,2,2013,True,har_ovx,0.0104396761500777,0.013302748298886802
66,23.09.2013,2,2013,True,har_ovx,0.0103766027029485,0.013025898736434786
66,24.09.2013,2,2013,True,har_ovx,0.0109197957338561,0.013385377312027005
66,25.09.2013,2,2013,True,har_ovx,0.0109608113639929,0.013402486134980247
66,26.09.2013,2,2013,True,har_ovx,0.0109115512956998,0.013202860806609366
66,27.09.2013,2,2013,True,har_ovx,0.0109193449595202,0.013073857060883775
66,30.09.2013,2,2013,True,har_ovx,0.0109178809274264,0.012593556921233137
66,01.10.2013,2,2013,True,har_ovx,0.0109415521545069,0.012653851876814724
66,02.10.2013,2,2013,True,har_ovx,0.0108926149172539,0.012490696487214025
66,03.10.2013,2,2013,True,har_ovx,0.0109046702033229,0.012398637952471456
66,04.10.2013,2,2013,True,har_ovx,0.0108962066457657,0.012087928659518648
66,07.10.2013,2,2013,True,har_ovx,0.0109299632033575,0.012090656986793744
66,08.10.2013,2,2013,True,har_ovx,0.0109140112669034,0.01221630397594635
66,09.10.2013,2,2013,True,har_ovx,0.0108477527827453,0.01217546551919654
66,10.10.2013,2,2013,True,har_ovx,0.0104873472122374,0.012607351631498709
66,11.10.2013,2,2013,True,har_ovx,0.0105001101542134,0.01253843472476988
66,14.10.2013,2,2013,True,har_ovx,0.010505814486722,0.01226899790089546
66,15.10.2013,2,2013,True,har_ovx,0.0105250719700868,0.012512795727472263
66,16.10.2013,2,2013,True,har_ovx,0.0105085822140125,0.013063442137922624
66,17.10.2013,2,2013,True,har_ovx,0.0105221517497916,0.012230857876243822
66,21.10.2013,2,2013,True,har_ovx,0.0104223560754333,0.011534737397776246
66,22.10.2013,2,2013,True,har_ovx,0.0105596801845623,0.011759539444935074
66,23.10.2013,2,2013,True,har_ovx,0.0102841371972375,0.01179890626181548
66,24.10.2013,2,2013,True,har_ovx,0.0102476350360873,0.012995168646313967
66,25.10.2013,2,2013,True,har_ovx,0.0102631491290616,0.012246219883134535
66,28.10.2013,2,2013,True,har_ovx,0.0098484463155933,0.011510044746224768
66,29.10.2013,2,2013,True,har_ovx,0.0102008805949521,0.012568516256696964
66,30.10.2013,2,2013,True,har_ovx,0.0102102146072167,0.012265545465241372
66,31.10.2013,2,2013,True,har_ovx,0.0101460415941128,0.012329572666746075
66,01.11.2013,2,2013,True,har_ovx,0.0095568672853311,0.012229122144533694
66,04.11.2013,2,2013,True,har_ovx,0.0095519651044723,0.013282423483060649
66,05.11.2013,2,2013,True,har_ovx,0.0094877388335552,0.012827617296200116
66,06.11.2013,2,2013,True,har_ovx,0.0096731924862868,0.013092322865889735
66,07.11.2013,2,2013,True,har_ovx,0.0094193087877529,0.012463901145767939
66,08.11.2013,2,2013,True,har_ovx,0.0092512879875041,0.012768033801636105
66,11.11.2013,2,2013,True,har_ovx,0.0091770567635728,0.012195347830472707
66,12.11.2013,2,2013,True,har_ovx,0.0092436228829757,0.012258844150171682
66,13.11.2013,2,2013,True,har_ovx,0.0091255850135672,0.012354726535852099
66,14.11.2013,2,2013,True,har_ovx,0.0090068585192508,0.012316210393304555
66,15.11.2013,2,2013,True,har_ovx,0.0090076182750113,0.012313510025366781
66,19.11.2013,2,2013,True,har_ovx,0.0091113265666553,0.011895612109914994
66,20.11.2013,2,2013,True,har_ovx,0.0092835282284154,0.012449058786815972
66,21.11.2013,2,2013,True,har_ovx,0.0091612764331291,0.012429797942539945
66,22.11.2013,2,2013,True,har_ovx,0.0091013356179098,0.012173064825638628
66,25.11.2013,2,2013,True,har_ovx,0.0091640980518337,0.011768563737133895
66,26.11.2013,2,2013,True,har_ovx,0.0092191421396333,0.012016527603525815
66,27.11.2013,2,2013,True,har_ovx,0.0092226520357952,0.011453685435552731
66,29.11.2013,2,2013,True,har_ovx,0.0090670382627739,0.011827781721792488
66,02.12.2013,2,2013,True,har_ovx,0.008864159625365,0.012247931648970912
66,03.12.2013,2,2013,True,har_ovx,0.0088736147265619,0.012492932320708694
66,04.12.2013,2,2013,True,har_ovx,0.0088415001939956,0.011786487034749535
66,05.12.2013,2,2013,True,har_ovx,0.0090056713709821,0.011631764125835685
66,06.12.2013,2,2013,True,har_ovx,0.0090278753628042,0.01150851326108994
66,09.12.2013,2,2013,True,har_ovx,0.008733008210428,0.011163845207772992
66,10.12.2013,2,2013,True,har_ovx,0.008753073713007,0.011579532442423792
66,11.12.2013,2,2013,True,har_ovx,0.0087438992205671,0.011081465940709
66,12.12.2013,2,2013,True,har_ovx,0.0086740900686525,0.011081465940709
66,13.12.2013,2,2013,True,har_ovx,0.0086718182839482,0.011274994860543662
66,16.12.2013,2,2013,True,har_ovx,0.0085170615208493,0.011126759202444922
66,17.12.2013,2,2013,True,har_ovx,0.0085229837077255,0.011081465940709
66,19.12.2013,2,2013,True,har_ovx,0.0085282729247904,0.011081465940709
66,20.12.2013,2,2013,True,har_ovx,0.0086929159324488,0.011081465940709
66,23.12.2013,2,2013,True,har_ovx,0.0087351589690435,0.011081465940709
66,24.12.2013,2,2013,True,har_ovx,0.0088872691949708,0.011081465940709
66,26.12.2013,2,2013,True,har_ovx,0.0089177373525015,0.011081465940709
66,27.12.2013,2,2013,True,har_ovx,0.0089624787175298,0.011081465940709
66,30.12.2013,2,2013,True,har_ovx,0.0091835212147998,0.011081465940709
66,31.12.2013,2,2013,True,har_ovx,0.009183864211943,0.011081465940709
66,02.01.2013,2,2013,True,har_gpr,0.0093818700620437,0.014563127887495609
66,03.01.2013,2,2013,True,har_gpr,0.0095262104584456,0.014797516697952632
66,04.01.2013,2,2013,True,har_gpr,0.0095757133192196,0.014268676677658043
66,07.01.2013,2,2013,True,har_gpr,0.0100757217855641,0.014555745356877916
66,08.01.2013,2,2013,True,har_gpr,0.0100452248358639,0.0147157948270882
66,09.01.2013,2,2013,True,har_gpr,0.0100472892860936,0.014685924515306942
66,10.01.2013,2,2013,True,har_gpr,0.0101265722623555,0.013842211471186784
66,11.01.2013,2,2013,True,har_gpr,0.0100942134638718,0.013822737322200768
66,14.01.2013,2,2013,True,har_gpr,0.0100318628838887,0.014496648991497947
66,15.01.2013,2,2013,True,har_gpr,0.0099081849616889,0.015532726606255279
66,16.01.2013,2,2013,True,har_gpr,0.0100776654353776,0.01588637126379974
66,17.01.2013,2,2013,True,har_gpr,0.0103084104344037,0.015244292317371084
66,18.01.2013,2,2013,True,har_gpr,0.0103090320284354,0.014983469775830625
66,22.01.2013,2,2013,True,har_gpr,0.0101234074612753,0.014682388365971109
66,23.01.2013,2,2013,True,har_gpr,0.010227203514572,0.012568050175948281
66,24.01.2013,2,2013,True,har_gpr,0.0105671386564296,0.011625621924518083
66,25.01.2013,2,2013,True,har_gpr,0.0112128694078234,0.01163354838715424
66,28.01.2013,2,2013,True,har_gpr,0.0113460467046315,0.011081465940709
66,29.01.2013,2,2013,True,har_gpr,0.0114124207421569,0.012559683375724015
66,30.01.2013,2,2013,True,har_gpr,0.0114394624627303,0.01248266027844609
66,31.01.2013,2,2013,True,har_gpr,0.0114057039120575,0.012409993788219994
66,01.02.2013,2,2013,True,har_gpr,0.0113131984078451,0.01225177554057877
66,04.02.2013,2,2013,True,har_gpr,0.0112753373412844,0.01250495090361829
66,05.02.2013,2,2013,True,har_gpr,0.0112640882750602,0.012782551285556828
66,06.02.2013,2,2013,True,har_gpr,0.0112546367938658,0.012793020644209698
66,07.02.2013,2,2013,True,har_gpr,0.0113322677346934,0.012617166279847825
66,08.02.2013,2,2013,True,har_gpr,0.0111634015498728,0.012658929862226461
66,11.02.2013,2,2013,True,har_gpr,0.0111506132565392,0.013237995418376567
66,12.02.2013,2,2013,True,har_gpr,0.0111243740938626,0.015417129491856248
66,13.02.2013,2,2013,True,har_gpr,0.0111302289949345,0.015218921282477284
66,14.02.2013,2,2013,True,har_gpr,0.0112067528752724,0.014474163860652603
66,15.02.2013,2,2013,True,har_gpr,0.011203700159921,0.014563181792838015
66,19.02.2013,2,2013,True,har_gpr,0.0111829627409641,0.01421746597535267
66,20.02.2013,2,2013,True,har_gpr,0.0112380208051389,0.01303537652759028
66,21.02.2013,2,2013,True,har_gpr,0.0112236477282902,0.013754909743469003
66,22.02.2013,2,2013,True,har_gpr,0.0111939140594652,0.014524081156177957
66,25.02.2013,2,2013,True,har_gpr,0.011351635916211,0.014330286470067953
66,26.02.2013,2,2013,True,har_gpr,0.0114534062252025,0.014358534731489967
66,27.02.2013,2,2013,True,har_gpr,0.011538924440512,0.015115330512954625
66,28.02.2013,2,2013,True,har_gpr,0.0115324969122651,0.014788894806522351
66,01.03.2013,2,2013,True,har_gpr,0.0115211934811056,0.014476033533192127
66,04.03.2013,2,2013,True,har_gpr,0.0115852475070153,0.014450761139912128
66,05.03.2013,2,2013,True,har_gpr,0.0114582978376514,0.013279882564309689
66,06.03.2013,2,2013,True,har_gpr,0.0114964134484519,0.014257090073085071
66,07.03.2013,2,2013,True,har_gpr,0.011520039588932,0.013847957423916923
66,08.03.2013,2,2013,True,har_gpr,0.0115642864533325,0.013714593005953072
66,11.03.2013,2,2013,True,har_gpr,0.011549921340606,0.0135892839502959
66,12.03.2013,2,2013,True,har_gpr,0.0117303055226826,0.013509585492001512
66,13.03.2013,2,2013,True,har_gpr,0.0116666377239254,0.013042431824329091
66,14.03.2013,2,2013,True,har_gpr,0.0125076501806971,0.013236196970596891
66,15.03.2013,2,2013,True,har_gpr,0.0125825922488452,0.013666191617058948
66,19.03.2013,2,2013,True,har_gpr,0.0124179745971332,0.013474132977745327
66,20.03.2013,2,2013,True,har_gpr,0.0123193892515057,0.012546727650925144
66,21.03.2013,2,2013,True,har_gpr,0.0122640518417714,0.012986755660820179
66,22.03.2013,2,2013,True,har_gpr,0.0123517710964824,0.012841553855718772
66,25.03.2013,2,2013,True,har_gpr,0.012352818778916,0.012164358182710569
66,26.03.2013,2,2013,True,har_gpr,0.0123169380799189,0.013103216367609947
66,27.03.2013,2,2013,True,har_gpr,0.0123765466745269,0.013291809771927928
66,28.03.2013,2,2013,True,har_gpr,0.0125566944027243,0.012718097022897704
66,01.04.2013,2,2013,True,har_gpr,0.0127117002773531,0.012288535162031421
66,02.04.2013,2,2013,True,har_gpr,0.0127090684154534,0.011278872032017013
66,03.04.2013,2,2013,True,har_gpr,0.0120532685778533,0.011179098234712515
66,04.04.2013,2,2013,True,har_gpr,0.012043239528338,0.014413967035096776
66,05.04.2013,2,2013,True,har_gpr,0.0117820609987329,0.013401765172093207
66,08.04.2013,2,2013,True,har_gpr,0.0118260055197291,0.014217793785343009
66,09.04.2013,2,2013,True,har_gpr,0.0116932984913991,0.01317914005990713
66,10.04.2013,2,2013,True,har_gpr,0.0116830708126654,0.014164879529221998
66,11.04.2013,2,2013,True,har_gpr,0.0115328595621978,0.013381421912840558
66,12.04.2013,2,2013,True,har_gpr,0.0115439403640087,0.013904644214334811
66,15.04.2013,2,2013,True,har_gpr,0.0110226109330942,0.01362487988338133
66,16.04.2013,2,2013,True,har_gpr,0.0110224081901642,0.016752244526708045
66,17.04.2013,2,2013,True,har_gpr,0.0111299946000567,0.015616360215547354
66,18.04.2013,2,2013,True,har_gpr,0.0110111343429101,0.01548458700612831
66,19.04.2013,2,2013,True,har_gpr,0.0110218944537383,0.015600165148047906
66,22.04.2013,2,2013,True,har_gpr,0.0109955383440285,0.015609141102363985
66,23.04.2013,2,2013,True,har_gpr,0.0110187467764981,0.015033381318896135
66,24.04.2013,2,2013,True,har_gpr,0.0109268080314726,0.014787878787734425
66,25.04.2013,2,2013,True,har_gpr,0.0109392698645323,0.01544843563294006
66,26.04.2013,2,2013,True,har_gpr,0.0109592049741051,0.015630838497849568
66,29.04.2013,2,2013,True,har_gpr,0.0109443889748858,0.01535017825452059
66,30.04.2013,2,2013,True,har_gpr,0.0108127282789142,0.017010372876716813
66,01.05.2013,2,2013,True,har_gpr,0.0104080619166861,0.01766766461698289
66,02.05.2013,2,2013,True,har_gpr,0.0098703230770538,0.01774364138183717
66,03.05.2013,2,2013,True,har_gpr,0.0098985660387283,0.01922350500806962
66,06.05.2013,2,2013,True,har_gpr,0.0098256306838543,0.01865784063068057
66,07.05.2013,2,2013,True,har_gpr,0.0097752018910185,0.01896390851803414
66,08.05.2013,2,2013,True,har_gpr,0.0097792737201727,0.018716919041705343
66,09.05.2013,2,2013,True,har_gpr,0.0098214916262031,0.01793716999035005
66,10.05.2013,2,2013,True,har_gpr,0.0097899784480204,0.017320171901612766
66,13.05.2013,2,2013,True,har_gpr,0.0097671767938629,0.017219016492237203
66,14.05.2013,2,2013,True,har_gpr,0.0097726387993012,0.01645854755864466
66,15.05.2013,2,2013,True,har_gpr,0.0097011224299811,0.01618195967902421
66,16.05.2013,2,2013,True,har_gpr,0.009770420784241,0.01677171615408196
66,17.05.2013,2,2013,True,har_gpr,0.0097793100292342,0.016282300270183816
66,20.05.2013,2,2013,True,har_gpr,0.0105079175986436,0.016242517849784192
66,21.05.2013,2,2013,True,har_gpr,0.0107391173379139,0.015115751357185705
66,22.05.2013,2,2013,True,har_gpr,0.0107355254304436,0.01511709417322573
66,23.05.2013,2,2013,True,har_gpr,0.0108260458269591,0.015556990159268747
66,24.05.2013,2,2013,True,har_gpr,0.0109422501184122,0.014909906670310748
66,28.05.2013,2,2013,True,har_gpr,0.0108581619928488,0.014950346342369317
66,29.05.2013,2,2013,True,har_gpr,0.0105992957763989,0.017456728716442382
66,30.05.2013,2,2013,True,har_gpr,0.0106089696315005,0.01788536371658275
66,31.05.2013,2,2013,True,har_gpr,0.0107044461230902,0.016634662937783325
66,03.06.2013,2,2013,True,har_gpr,0.0109410621946506,0.016514450957088093
66,04.06.2013,2,2013,True,har_gpr,0.0108675308211698,0.015507502742242347
66,05.06.2013,2,2013,True,har_gpr,0.0109153352806123,0.01527512771380057
66,06.06.2013,2,2013,True,har_gpr,0.0109028972951237,0.014684965156033902
66,07.06.2013,2,2013,True,har_gpr,0.011153214177962,0.014830939657818641
66,10.06.2013,2,2013,True,har_gpr,0.0113338296508179,0.014506934940044468
66,11.06.2013,2,2013,True,har_gpr,0.0112687968684971,0.014720393391540042
66,12.06.2013,2,2013,True,har_gpr,0.0113314368719123,0.014826018151531378
66,13.06.2013,2,2013,True,har_gpr,0.011310922390285,0.014761050292688475
66,14.06.2013,2,2013,True,har_gpr,0.0113194559964773,0.014764162760642376
66,18.06.2013,2,2013,True,har_gpr,0.0111859821197433,0.014473080455895754
66,19.06.2013,2,2013,True,har_gpr,0.0112083109393884,0.01460498973898458
66,20.06.2013,2,2013,True,har_gpr,0.0101322249383097,0.01393107664847771
66,21.06.2013,2,2013,True,har_gpr,0.0100183591403667,0.01790974839774446
66,24.06.2013,2,2013,True,har_gpr,0.0101000011656448,0.017162325986565974
66,25.06.2013,2,2013,True,har_gpr,0.0101062920969085,0.018569353868387924
66,26.06.2013,2,2013,True,har_gpr,0.0101075029038666,0.018243230313960312
66,27.06.2013,2,2013,True,har_gpr,0.0100271966956269,0.018099621154129688
66,28.06.2013,2,2013,True,har_gpr,0.0099923698129155,0.01736212597503186
66,01.07.2013,2,2013,True,har_gpr,0.0100463151201817,0.017089293089045977
66,02.07.2013,2,2013,True,har_gpr,0.0104166845814904,0.016855963514354744
66,03.07.2013,2,2013,True,har_gpr,0.0102530438081522,0.016721724933923255
66,05.07.2013,2,2013,True,har_gpr,0.0100198596341269,0.017206184560490615
66,08.07.2013,2,2013,True,har_gpr,0.0100917755196324,0.017654093399520263
66,09.07.2013,2,2013,True,har_gpr,0.010130116885771,0.015914654535726457
66,10.07.2013,2,2013,True,har_gpr,0.0101021913931509,0.015920272609527757
66,11.07.2013,2,2013,True,har_gpr,0.0101752369217497,0.015961483114175286
66,12.07.2013,2,2013,True,har_gpr,0.0101088760616268,0.01599440653370519
66,15.07.2013,2,2013,True,har_gpr,0.0104015282865262,0.015886752305350273
66,16.07.2013,2,2013,True,har_gpr,0.0104336190508344,0.015226350282160276
66,17.07.2013,2,2013,True,har_gpr,0.0104336548423777,0.01522901747347447
66,19.07.2013,2,2013,True,har_gpr,0.0107792961464893,0.014904627244710271
66,22.07.2013,2,2013,True,har_gpr,0.0108018686635269,0.01556152698548782
66,23.07.2013,2,2013,True,har_gpr,0.0108391377178815,0.013660557121532024
66,24.07.2013,2,2013,True,har_gpr,0.0108078200491245,0.013276936419666553
66,25.07.2013,2,2013,True,har_gpr,0.0113126590842051,0.01397916730888912
66,26.07.2013,2,2013,True,har_gpr,0.0113072029947257,0.013858192468294742
66,29.07.2013,2,2013,True,har_gpr,0.0113484507131093,0.013826958194692578
66,30.07.2013,2,2013,True,har_gpr,0.0113332628076081,0.01464797324330627
66,31.07.2013,2,2013,True,har_gpr,0.0114790010877343,0.014654366443597544
66,01.08.2013,2,2013,True,har_gpr,0.0114556139064839,0.014627049869738581
66,02.08.2013,2,2013,True,har_gpr,0.011545588443204,0.015463853793902076
66,05.08.2013,2,2013,True,har_gpr,0.0115609948158774,0.01489297942093151
66,06.08.2013,2,2013,True,har_gpr,0.0116524170537703,0.01241431075770221
66,07.08.2013,2,2013,True,har_gpr,0.0117354366496355,0.01251263881090662
66,08.08.2013,2,2013,True,har_gpr,0.0117003892743128,0.012662216010866959
66,09.08.2013,2,2013,True,har_gpr,0.0117173784394162,0.011988004104568557
66,12.08.2013,2,2013,True,har_gpr,0.0117605811793225,0.013094014941286184
66,13.08.2013,2,2013,True,har_gpr,0.0119446540366626,0.013203715684579774
66,14.08.2013,2,2013,True,har_gpr,0.0119859448701201,0.013315603632248154
66,15.08.2013,2,2013,True,har_gpr,0.0119431588627307,0.013062980358368644
66,16.08.2013,2,2013,True,har_gpr,0.011943667749928,0.01296417715332172
66,20.08.2013,2,2013,True,har_gpr,0.0118975034766857,0.012391809790239539
66,21.08.2013,2,2013,True,har_gpr,0.0120306123263462,0.013477684697020776
66,22.08.2013,2,2013,True,har_gpr,0.0121892560688002,0.013293307063503639
66,23.08.2013,2,2013,True,har_gpr,0.0121908432908256,0.012922968314795202
66,26.08.2013,2,2013,True,har_gpr,0.0122142006782513,0.013377679924202555
66,27.08.2013,2,2013,True,har_gpr,0.0115757477961756,0.013965327603264858
66,28.08.2013,2,2013,True,har_gpr,0.0113319380147289,0.01685249789611837
66,29.08.2013,2,2013,True,har_gpr,0.0114911273399075,0.016696716703196786
66,30.08.2013,2,2013,True,har_gpr,0.0114329238124186,0.017137135125759675
66,03.09.2013,2,2013,True,har_gpr,0.0112842269231431,0.01718159327269621
66,04.09.2013,2,2013,True,har_gpr,0.0113113552096684,0.015764833073799916
66,05.09.2013,2,2013,True,har_gpr,0.0113047038248339,0.015256319806327514
66,06.09.2013,2,2013,True,har_gpr,0.0114269863171335,0.014764686168235374
66,09.09.2013,2,2013,True,har_gpr,0.0111466006740255,0.014676004364381637
66,10.09.2013,2,2013,True,har_gpr,0.0108181374507717,0.017897990547113267
66,11.09.2013,2,2013,True,har_gpr,0.0109409486276025,0.01840443937543231
66,12.09.2013,2,2013,True,har_gpr,0.0108708156322802,0.017906851217500894
66,13.09.2013,2,2013,True,har_gpr,0.0108764325229588,0.018274270172991033
66,18.09.2013,2,2013,True,har_gpr,0.0106029117796869,0.017952757545779713
66,19.09.2013,2,2013,True,har_gpr,0.0103900499915662,0.017728980491093487
66,20.09.2013,2,2013,True,har_gpr,0.0104396761500777,0.017805457923160847
66,23.09.2013,2,2013,True,har_gpr,0.0103766027029485,0.017446260627252037
66,24.09.2013,2,2013,True,har_gpr,0.0109197957338561,0.01645315431681351
66,25.09.2013,2,2013,True,har_gpr,0.0109608113639929,0.01639794255671477
66,26.09.2013,2,2013,True,har_gpr,0.0109115512956998,0.0160510924986876
66,27.09.2013,2,2013,True,har_gpr,0.0109193449595202,0.01610308319877974
66,30.09.2013,2,2013,True,har_gpr,0.0109178809274264,0.014797770301169253
66,01.10.2013,2,2013,True,har_gpr,0.0109415521545069,0.012963252429665669
66,02.10.2013,2,2013,True,har_gpr,0.0108926149172539,0.012874338300789856
66,03.10.2013,2,2013,True,har_gpr,0.0109046702033229,0.013464945589987322
66,04.10.2013,2,2013,True,har_gpr,0.0108962066457657,0.012733541785174086
66,07.10.2013,2,2013,True,har_gpr,0.0109299632033575,0.012809843219272123
66,08.10.2013,2,2013,True,har_gpr,0.0109140112669034,0.016505930705184444
66,09.10.2013,2,2013,True,har_gpr,0.0108477527827453,0.01639779368222897
66,10.10.2013,2,2013,True,har_gpr,0.0104873472122374,0.016232464170545052
66,11.10.2013,2,2013,True,har_gpr,0.0105001101542134,0.017502803753177944
66,14.10.2013,2,2013,True,har_gpr,0.010505814486722,0.01705267775774274
66,15.10.2013,2,2013,True,har_gpr,0.0105250719700868,0.016850491028354578
66,16.10.2013,2,2013,True,har_gpr,0.0105085822140125,0.014726708427967878
66,17.10.2013,2,2013,True,har_gpr,0.0105221517497916,0.01419497051595104
66,21.10.2013,2,2013,True,har_gpr,0.0104223560754333,0.01291899954287241
66,22.10.2013,2,2013,True,har_gpr,0.0105596801845623,0.01268169870901131
66,23.10.2013,2,2013,True,har_gpr,0.0102841371972375,0.012311395066508142
66,24.10.2013,2,2013,True,har_gpr,0.0102476350360873,0.013633567829859493
66,25.10.2013,2,2013,True,har_gpr,0.0102631491290616,0.013183431251199501
66,28.10.2013,2,2013,True,har_gpr,0.0098484463155933,0.012848651864328781
66,29.10.2013,2,2013,True,har_gpr,0.0102008805949521,0.01727958579622592
66,30.10.2013,2,2013,True,har_gpr,0.0102102146072167,0.016802325211742294
66,31.10.2013,2,2013,True,har_gpr,0.0101460415941128,0.016622670646628
66,01.11.2013,2,2013,True,har_gpr,0.0095568672853311,0.016659047641658247
66,04.11.2013,2,2013,True,har_gpr,0.0095519651044723,0.01848946133310871
66,05.11.2013,2,2013,True,har_gpr,0.0094877388335552,0.016212364523094602
66,06.11.2013,2,2013,True,har_gpr,0.0096731924862868,0.016396946601819617
66,07.11.2013,2,2013,True,har_gpr,0.0094193087877529,0.01598466677628952
66,08.11.2013,2,2013,True,har_gpr,0.0092512879875041,0.016645762676313975
66,11.11.2013,2,2013,True,har_gpr,0.0091770567635728,0.01614944568355295
66,12.11.2013,2,2013,True,har_gpr,0.0092436228829757,0.016416801261051953
66,13.11.2013,2,2013,True,har_gpr,0.0091255850135672,0.016019493629989882
66,14.11.2013,2,2013,True,har_gpr,0.0090068585192508,0.016426743178911338
66,15.11.2013,2,2013,True,har_gpr,0.0090076182750113,0.01610712361888606
66,19.11.2013,2,2013,True,har_gpr,0.0091113265666553,0.015753906666514068
66,20.11.2013,2,2013,True,har_gpr,0.0092835282284154,0.015033428922364768
66,21.11.2013,2,2013,True,har_gpr,0.0091612764331291,0.015039459445332916
66,22.11.2013,2,2013,True,har_gpr,0.0091013356179098,0.015295529425836526
66,25.11.2013,2,2013,True,har_gpr,0.0091640980518337,0.014962796507549633
66,26.11.2013,2,2013,True,har_gpr,0.0092191421396333,0.011081465940709
66,27.11.2013,2,2013,True,har_gpr,0.0092226520357952,0.011081465940709
66,29.11.2013,2,2013,True,har_gpr,0.0090670382627739,0.011081465940709
66,02.12.2013,2,2013,True,har_gpr,0.008864159625365,0.011081465940709
66,03.12.2013,2,2013,True,har_gpr,0.0088736147265619,0.01617423839471753
66,04.12.2013,2,2013,True,har_gpr,0.0088415001939956,0.015126728060488905
66,05.12.2013,2,2013,True,har_gpr,0.0090056713709821,0.015198232976497611
66,06.12.2013,2,2013,True,har_gpr,0.0090278753628042,0.015279216848010799
66,09.12.2013,2,2013,True,har_gpr,0.008733008210428,0.01499275385703645
66,10.12.2013,2,2013,True,har_gpr,0.008753073713007,0.01543557670020272
66,11.12.2013,2,2013,True,har_gpr,0.0087438992205671,0.014470772361006775
66,12.12.2013,2,2013,True,har_gpr,0.0086740900686525,0.014468296905516683
66,13.12.2013,2,2013,True,har_gpr,0.0086718182839482,0.014746834343578893
66,16.12.2013,2,2013,True,har_gpr,0.0085170615208493,0.014294266542058254
66,17.12.2013,2,2013,True,har_gpr,0.0085229837077255,0.014419955474353619
66,19.12.2013,2,2013,True,har_gpr,0.0085282729247904,0.014038489213222495
66,20.12.2013,2,2013,True,har_gpr,0.0086929159324488,0.013698320877522112
66,23.12.2013,2,2013,True,har_gpr,0.0087351589690435,0.014024904047096514
66,24.12.2013,2,2013,True,har_gpr,0.0088872691949708,0.014505778281597598
66,26.12.2013,2,2013,True,har_gpr,0.0089177373525015,0.014263840280993336
66,27.12.2013,2,2013,True,har_gpr,0.0089624787175298,0.014189415999319827
66,30.12.2013,2,2013,True,har_gpr,0.0091835212147998,0.0141887825418132
66,31.12.2013,2,2013,True,har_gpr,0.009183864211943,0.012537296651659428
66,02.01.2013,2,2013,True,har_x,0.0093818700620437,0.014638123945958197
66,03.01.2013,2,2013,True,har_x,0.0095262104584456,0.014571888865931953
66,04.01.2013,2,2013,True,har_x,0.0095757133192196,0.013948772537760931
66,07.01.2013,2,2013,True,har_x,0.0100757217855641,0.013827823460433122
66,08.01.2013,2,2013,True,har_x,0.0100452248358639,0.013812168161667764
66,09.01.2013,2,2013,True,har_x,0.0100472892860936,0.013584859000493695
66,10.01.2013,2,2013,True,har_x,0.0101265722623555,0.013331641660363451
66,11.01.2013,2,2013,True,har_x,0.0100942134638718,0.013317064100961855
66,14.01.2013,2,2013,True,har_x,0.0100318628838887,0.01365582688828518
66,15.01.2013,2,2013,True,har_x,0.0099081849616889,0.014842701155715739
66,16.01.2013,2,2013,True,har_x,0.0100776654353776,0.015003075560750093
66,17.01.2013,2,2013,True,har_x,0.0103084104344037,0.014220704634329156
66,18.01.2013,2,2013,True,har_x,0.0103090320284354,0.013962910039745362
66,22.01.2013,2,2013,True,har_x,0.0101234074612753,0.013161218361851228
66,23.01.2013,2,2013,True,har_x,0.010227203514572,0.011081465940709
66,24.01.2013,2,2013,True,har_x,0.0105671386564296,0.011081465940709
66,25.01.2013,2,2013,True,har_x,0.0112128694078234,0.011081465940709
66,28.01.2013,2,2013,True,har_x,0.0113460467046315,0.011081465940709
66,29.01.2013,2,2013,True,har_x,0.0114124207421569,0.012011276680511595
66,30.01.2013,2,2013,True,har_x,0.0114394624627303,0.01201470974570192
66,31.01.2013,2,2013,True,har_x,0.0114057039120575,0.011930961259427888
66,01.02.2013,2,2013,True,har_x,0.0113131984078451,0.011765408578311763
66,04.02.2013,2,2013,True,har_x,0.0112753373412844,0.01185432546673026
66,05.02.2013,2,2013,True,har_x,0.0112640882750602,0.012336046054144888
66,06.02.2013,2,2013,True,har_x,0.0112546367938658,0.012015743610476396
66,07.02.2013,2,2013,True,har_x,0.0113322677346934,0.012009159292098405
66,08.02.2013,2,2013,True,har_x,0.0111634015498728,0.012016094852497128
66,11.02.2013,2,2013,True,har_x,0.0111506132565392,0.012245703548068565
66,12.02.2013,2,2013,True,har_x,0.0111243740938626,0.014013901014114141
66,13.02.2013,2,2013,True,har_x,0.0111302289949345,0.013587995015521506
66,14.02.2013,2,2013,True,har_x,0.0112067528752724,0.013379656288721457
66,15.02.2013,2,2013,True,har_x,0.011203700159921,0.013150846967341218
66,19.02.2013,2,2013,True,har_x,0.0111829627409641,0.013804252806237616
66,20.02.2013,2,2013,True,har_x,0.0112380208051389,0.012365858850937014
66,21.02.2013,2,2013,True,har_x,0.0112236477282902,0.013571004853277219
66,22.02.2013,2,2013,True,har_x,0.0111939140594652,0.014609945058852743
66,25.02.2013,2,2013,True,har_x,0.011351635916211,0.013564029696892044
66,26.02.2013,2,2013,True,har_x,0.0114534062252025,0.014095871266168944
66,27.02.2013,2,2013,True,har_x,0.011538924440512,0.01437808257413422
66,28.02.2013,2,2013,True,har_x,0.0115324969122651,0.013650309156609874
66,01.03.2013,2,2013,True,har_x,0.0115211934811056,0.01325151765355453
66,04.03.2013,2,2013,True,har_x,0.0115852475070153,0.013297611204970985
66,05.03.2013,2,2013,True,har_x,0.0114582978376514,0.012682801968762845
66,06.03.2013,2,2013,True,har_x,0.0114964134484519,0.012524928414048668
66,07.03.2013,2,2013,True,har_x,0.011520039588932,0.012332157925400728
66,08.03.2013,2,2013,True,har_x,0.0115642864533325,0.011827317629308732
66,11.03.2013,2,2013,True,har_x,0.011549921340606,0.011625282539029703
66,12.03.2013,2,2013,True,har_x,0.0117303055226826,0.011365348222527374
66,13.03.2013,2,2013,True,har_x,0.0116666377239254,0.011081465940709
66,14.03.2013,2,2013,True,har_x,0.0125076501806971,0.011174147703350389
66,15.03.2013,2,2013,True,har_x,0.0125825922488452,0.011081465940709
66,19.03.2013,2,2013,True,har_x,0.0124179745971332,0.011081465940709
66,20.03.2013,2,2013,True,har_x,0.0123193892515057,0.011081465940709
66,21.03.2013,2,2013,True,har_x,0.0122640518417714,0.011081465940709
66,22.03.2013,2,2013,True,har_x,0.0123517710964824,0.011081465940709
66,25.03.2013,2,2013,True,har_x,0.012352818778916,0.011081465940709
66,26.03.2013,2,2013,True,har_x,0.0123169380799189,0.011081465940709
66,27.03.2013,2,2013,True,har_x,0.0123765466745269,0.011081465940709
66,28.03.2013,2,2013,True,har_x,0.0125566944027243,0.011081465940709
66,01.04.2013,2,2013,True,har_x,0.0127117002773531,0.011081465940709
66,02.04.2013,2,2013,True,har_x,0.0127090684154534,0.011081465940709
66,03.04.2013,2,2013,True,har_x,0.0120532685778533,0.011081465940709
66,04.04.2013,2,2013,True,har_x,0.012043239528338,0.011475989537205442
66,05.04.2013,2,2013,True,har_x,0.0117820609987329,0.011081465940709
66,08.04.2013,2,2013,True,har_x,0.0118260055197291,0.011179243038537536
66,09.04.2013,2,2013,True,har_x,0.0116932984913991,0.011081465940709
66,10.04.2013,2,2013,True,har_x,0.0116830708126654,0.011081465940709
66,11.04.2013,2,2013,True,har_x,0.0115328595621978,0.011081465940709
66,12.04.2013,2,2013,True,har_x,0.0115439403640087,0.011081465940709
66,15.04.2013,2,2013,True,har_x,0.0110226109330942,0.011081465940709
66,16.04.2013,2,2013,True,har_x,0.0110224081901642,0.015824271872861555
66,17.04.2013,2,2013,True,har_x,0.0111299946000567,0.014289196486854266
66,18.04.2013,2,2013,True,har_x,0.0110111343429101,0.015541727128273227
66,19.04.2013,2,2013,True,har_x,0.0110218944537383,0.014803983312426633
66,22.04.2013,2,2013,True,har_x,0.0109955383440285,0.01442743861970168
66,23.04.2013,2,2013,True,har_x,0.0110187467764981,0.01327359588689637
66,24.04.2013,2,2013,True,har_x,0.0109268080314726,0.012906913187288595
66,25.04.2013,2,2013,True,har_x,0.0109392698645323,0.012881035884739158
66,26.04.2013,2,2013,True,har_x,0.0109592049741051,0.01275708331907738
66,29.04.2013,2,2013,True,har_x,0.0109443889748858,0.012480193758262014
66,30.04.2013,2,2013,True,har_x,0.0108127282789142,0.014243907104196577
66,01.05.2013,2,2013,True,har_x,0.0104080619166861,0.014958848267192982
66,02.05.2013,2,2013,True,har_x,0.0098703230770538,0.015809095895662085
66,03.05.2013,2,2013,True,har_x,0.0098985660387283,0.015673707364652907
66,06.05.2013,2,2013,True,har_x,0.0098256306838543,0.015167583925175062
66,07.05.2013,2,2013,True,har_x,0.0097752018910185,0.015760451837231935
66,08.05.2013,2,2013,True,har_x,0.0097792737201727,0.015382383900161877
66,09.05.2013,2,2013,True,har_x,0.0098214916262031,0.014388335214773043
66,10.05.2013,2,2013,True,har_x,0.0097899784480204,0.014345134346481133
66,13.05.2013,2,2013,True,har_x,0.0097671767938629,0.01419825458941574
66,14.05.2013,2,2013,True,har_x,0.0097726387993012,0.014245812088928625
66,15.05.2013,2,2013,True,har_x,0.0097011224299811,0.014222513865628988
66,16.05.2013,2,2013,True,har_x,0.009770420784241,0.0146522994369407
66,17.05.2013,2,2013,True,har_x,0.0097793100292342,0.014358466227099916
66,20.05.2013,2,2013,True,har_x,0.0105079175986436,0.0138044865732289
66,21.05.2013,2,2013,True,har_x,0.0107391173379139,0.013164706560212869
66,22.05.2013,2,2013,True,har_x,0.0107355254304436,0.013066685376579778
66,23.05.2013,2,2013,True,har_x,0.0108260458269591,0.013788036148494111
66,24.05.2013,2,2013,True,har_x,0.0109422501184122,0.013057993136243269
66,28.05.2013,2,2013,True,har_x,0.0108581619928488,0.012829638713827753
66,29.05.2013,2,2013,True,har_x,0.0105992957763989,0.01486517214231119
66,30.05.2013,2,2013,True,har_x,0.0106089696315005,0.015426781319682958
66,31.05.2013,2,2013,True,har_x,0.0107044461230902,0.014882956619594039
66,03.06.2013,2,2013,True,har_x,0.0109410621946506,0.015052859640583689
66,04.06.2013,2,2013,True,har_x,0.0108675308211698,0.013995839559758281
66,05.06.2013,2,2013,True,har_x,0.0109153352806123,0.013810477810031432
66,06.06.2013,2,2013,True,har_x,0.0109028972951237,0.013444953447337551
66,07.06.2013,2,2013,True,har_x,0.011153214177962,0.01332602664699942
66,10.06.2013,2,2013,True,har_x,0.0113338296508179,0.012702814869223112
66,11.06.2013,2,2013,True,har_x,0.0112687968684971,0.01271470335443627
66,12.06.2013,2,2013,True,har_x,0.0113314368719123,0.012812326227074062
66,13.06.2013,2,2013,True,har_x,0.011310922390285,0.01306050137348848
66,14.06.2013,2,2013,True,har_x,0.0113194559964773,0.012656881715358137
66,18.06.2013,2,2013,True,har_x,0.0111859821197433,0.012397098459729252
66,19.06.2013,2,2013,True,har_x,0.0112083109393884,0.011904975074172909
66,20.06.2013,2,2013,True,har_x,0.0101322249383097,0.011279767959867362
66,21.06.2013,2,2013,True,har_x,0.0100183591403667,0.015164672630227255
66,24.06.2013,2,2013,True,har_x,0.0101000011656448,0.013902330720876812
66,25.06.2013,2,2013,True,har_x,0.0101062920969085,0.015473741192117783
66,26.06.2013,2,2013,True,har_x,0.0101075029038666,0.015088914707169283
66,27.06.2013,2,2013,True,har_x,0.0100271966956269,0.01478833598431253
66,28.06.2013,2,2013,True,har_x,0.0099923698129155,0.014654834022813017
66,01.07.2013,2,2013,True,har_x,0.0100463151201817,0.014227969159501381
66,02.07.2013,2,2013,True,har_x,0.0104166845814904,0.014071612595858402
66,03.07.2013,2,2013,True,har_x,0.0102530438081522,0.014189180119105577
66,05.07.2013,2,2013,True,har_x,0.0100198596341269,0.015483211128271257
66,08.07.2013,2,2013,True,har_x,0.0100917755196324,0.016022708783656844
66,09.07.2013,2,2013,True,har_x,0.010130116885771,0.014124128697140945
66,10.07.2013,2,2013,True,har_x,0.0101021913931509,0.014084927832257295
66,11.07.2013,2,2013,True,har_x,0.0101752369217497,0.014466613501181058
66,12.07.2013,2,2013,True,har_x,0.0101088760616268,0.013931316976425374
66,15.07.2013,2,2013,True,har_x,0.0104015282865262,0.013878164199314286
66,16.07.2013,2,2013,True,har_x,0.0104336190508344,0.013133153640394062
66,17.07.2013,2,2013,True,har_x,0.0104336548423777,0.01340188193915336
66,19.07.2013,2,2013,True,har_x,0.0107792961464893,0.012850558399384603
66,22.07.2013,2,2013,True,har_x,0.0108018686635269,0.01346882631164924
66,23.07.2013,2,2013,True,har_x,0.0108391377178815,0.013068034168534545
66,24.07.2013,2,2013,True,har_x,0.0108078200491245,0.012737007681000525
66,25.07.2013,2,2013,True,har_x,0.0113126590842051,0.013127487473452243
66,26.07.2013,2,2013,True,har_x,0.0113072029947257,0.012888181755459905
66,29.07.2013,2,2013,True,har_x,0.0113484507131093,0.012738315631439614
66,30.07.2013,2,2013,True,har_x,0.0113332628076081,0.013539482105582715
66,31.07.2013,2,2013,True,har_x,0.0114790010877343,0.013796868334704036
66,01.08.2013,2,2013,True,har_x,0.0114556139064839,0.013622612024028875
66,02.08.2013,2,2013,True,har_x,0.011545588443204,0.013806407386341552
66,05.08.2013,2,2013,True,har_x,0.0115609948158774,0.013487714191807072
66,06.08.2013,2,2013,True,har_x,0.0116524170537703,0.0117004186751401
66,07.08.2013,2,2013,True,har_x,0.0117354366496355,0.01168030998085106
66,08.08.2013,2,2013,True,har_x,0.0117003892743128,0.011727902615677657
66,09.08.2013,2,2013,True,har_x,0.0117173784394162,0.011336311582413933
66,12.08.2013,2,2013,True,har_x,0.0117605811793225,0.011976383660610669
66,13.08.2013,2,2013,True,har_x,0.0119446540366626,0.01215789262146381
66,14.08.2013,2,2013,True,har_x,0.0119859448701201,0.012189514951425928
66,15.08.2013,2,2013,True,har_x,0.0119431588627307,0.012226739609275712
66,16.08.2013,2,2013,True,har_x,0.011943667749928,0.01255335903643367
66,20.08.2013,2,2013,True,har_x,0.0118975034766857,0.01221618903175427
66,21.08.2013,2,2013,True,har_x,0.0120306123263462,0.0129100096276321
66,22.08.2013,2,2013,True,har_x,0.0121892560688002,0.012836508263046486
66,23.08.2013,2,2013,True,har_x,0.0121908432908256,0.012314012593198803
66,26.08.2013,2,2013,True,har_x,0.0122142006782513,0.012379003013149195
66,27.08.2013,2,2013,True,har_x,0.0115757477961756,0.013311738518579579
66,28.08.2013,2,2013,True,har_x,0.0113319380147289,0.01595694957903361
66,29.08.2013,2,2013,True,har_x,0.0114911273399075,0.01666887976845864
66,30.08.2013,2,2013,True,har_x,0.0114329238124186,0.015977686877501056
66,03.09.2013,2,2013,True,har_x,0.0112842269231431,0.016216628578850048
66,04.09.2013,2,2013,True,har_x,0.0113113552096684,0.015299555304016945
66,05.09.2013,2,2013,True,har_x,0.0113047038248339,0.014788971204660618
66,06.09.2013,2,2013,True,har_x,0.0114269863171335,0.014117687000125256
66,09.09.2013,2,2013,True,har_x,0.0111466006740255,0.014342963135253425
66,10.09.2013,2,2013,True,har_x,0.0108181374507717,0.016677857115078666
66,11.09.2013,2,2013,True,har_x,0.0109409486276025,0.016597936024604614
66,12.09.2013,2,2013,True,har_x,0.0108708156322802,0.015291325977796033
66,13.09.2013,2,2013,True,har_x,0.0108764325229588,0.015247882322848086
66,18.09.2013,2,2013,True,har_x,0.0106029117796869,0.014914500585367113
66,19.09.2013,2,2013,True,har_x,0.0103900499915662,0.014266855436469153
66,20.09.2013,2,2013,True,har_x,0.0104396761500777,0.01382220704238865
66,23.09.2013,2,2013,True,har_x,0.0103766027029485,0.01353598822426432
66,24.09.2013,2,2013,True,har_x,0.0109197957338561,0.013050867026817063
66,25.09.2013,2,2013,True,har_x,0.0109608113639929,0.013065550870310489
66,26.09.2013,2,2013,True,har_x,0.0109115512956998,0.01285223480074768
66,27.09.2013,2,2013,True,har_x,0.0109193449595202,0.012720617721065412
66,30.09.2013,2,2013,True,har_x,0.0109178809274264,0.012236184875647566
66,01.10.2013,2,2013,True,har_x,0.0109415521545069,0.011307326842172671
66,02.10.2013,2,2013,True,har_x,0.0108926149172539,0.011147483125430385
66,03.10.2013,2,2013,True,har_x,0.0109046702033229,0.011086258277883794
66,04.10.2013,2,2013,True,har_x,0.0108962066457657,0.011081465940709
66,07.10.2013,2,2013,True,har_x,0.0109299632033575,0.011081465940709
66,08.10.2013,2,2013,True,har_x,0.0109140112669034,0.014392621968704153
66,09.10.2013,2,2013,True,har_x,0.0108477527827453,0.014347194163981093
66,10.10.2013,2,2013,True,har_x,0.0104873472122374,0.014780261398026056
66,11.10.2013,2,2013,True,har_x,0.0105001101542134,0.01478279465983593
66,14.10.2013,2,2013,True,har_x,0.010505814486722,0.014497149657845172
66,15.10.2013,2,2013,True,har_x,0.0105250719700868,0.014731405882474582
66,16.10.2013,2,2013,True,har_x,0.0105085822140125,0.012919577452151429
66,17.10.2013,2,2013,True,har_x,0.0105221517497916,0.012095419947758486
66,21.10.2013,2,2013,True,har_x,0.0104223560754333,0.011352252761224459
66,22.10.2013,2,2013,True,har_x,0.0105596801845623,0.011081465940709
66,23.10.2013,2,2013,True,har_x,0.0102841371972375,0.011081465940709
66,24.10.2013,2,2013,True,har_x,0.0102476350360873,0.012073644178162663
66,25.10.2013,2,2013,True,har_x,0.0102631491290616,0.011311192637681725
66,28.10.2013,2,2013,True,har_x,0.0098484463155933,0.011081465940709
66,29.10.2013,2,2013,True,har_x,0.0102008805949521,0.0137668314464635
66,30.10.2013,2,2013,True,har_x,0.0102102146072167,0.013444844124391363
66,31.10.2013,2,2013,True,har_x,0.0101460415941128,0.01348772723078417
66,01.11.2013,2,2013,True,har_x,0.0095568672853311,0.013394355690182757
66,04.11.2013,2,2013,True,har_x,0.0095519651044723,0.014497323761657273
66,05.11.2013,2,2013,True,har_x,0.0094877388335552,0.01292684251731837
66,06.11.2013,2,2013,True,har_x,0.0096731924862868,0.013193301714787267
66,07.11.2013,2,2013,True,har_x,0.0094193087877529,0.012555773744643365
66,08.11.2013,2,2013,True,har_x,0.0092512879875041,0.012881378954207125
66,11.11.2013,2,2013,True,har_x,0.0091770567635728,0.012317053775930412
66,12.11.2013,2,2013,True,har_x,0.0092436228829757,0.012386067310838456
66,13.11.2013,2,2013,True,har_x,0.0091255850135672,0.012332939352240179
66,14.11.2013,2,2013,True,har_x,0.0090068585192508,0.012312318103738003
66,15.11.2013,2,2013,True,har_x,0.0090076182750113,0.01227299492153212
66,19.11.2013,2,2013,True,har_x,0.0091113265666553,0.01184693203079808
66,20.11.2013,2,2013,True,har_x,0.0092835282284154,0.011081465940709
66,21.11.2013,2,2013,True,har_x,0.0091612764331291,0.011081465940709
66,22.11.2013,2,2013,True,har_x,0.0091013356179098,0.011081465940709
66,25.11.2013,2,2013,True,har_x,0.0091640980518337,0.011081465940709
66,26.11.2013,2,2013,True,har_x,0.0092191421396333,0.011081465940709
66,27.11.2013,2,2013,True,har_x,0.0092226520357952,0.011081465940709
66,29.11.2013,2,2013,True,har_x,0.0090670382627739,0.011081465940709
66,02.12.2013,2,2013,True,har_x,0.008864159625365,0.011081465940709
66,03.12.2013,2,2013,True,har_x,0.0088736147265619,0.01236753435952426
66,04.12.2013,2,2013,True,har_x,0.0088415001939956,0.011666062752879423
66,05.12.2013,2,2013,True,har_x,0.0090056713709821,0.011515839273794237
66,06.12.2013,2,2013,True,har_x,0.0090278753628042,0.011402005746014389
66,09.12.2013,2,2013,True,har_x,0.008733008210428,0.011081465940709
66,10.12.2013,2,2013,True,har_x,0.008753073713007,0.011299821359276721
66,11.12.2013,2,2013,True,har_x,0.0087438992205671,0.011081465940709
66,12.12.2013,2,2013,True,har_x,0.0086740900686525,0.011081465940709
66,13.12.2013,2,2013,True,har_x,0.0086718182839482,0.011081465940709
66,16.12.2013,2,2013,True,har_x,0.0085170615208493,0.011081465940709
66,17.12.2013,2,2013,True,har_x,0.0085229837077255,0.011081465940709
66,19.12.2013,2,2013,True,har_x,0.0085282729247904,0.011081465940709
66,20.12.2013,2,2013,True,har_x,0.0086929159324488,0.011081465940709
66,23.12.2013,2,2013,True,har_x,0.0087351589690435,0.011081465940709
66,24.12.2013,2,2013,True,har_x,0.0088872691949708,0.011081465940709
66,26.12.2013,2,2013,True,har_x,0.0089177373525015,0.011081465940709
66,27.12.2013,2,2013,True,har_x,0.0089624787175298,0.011081465940709
66,30.12.2013,2,2013,True,har_x,0.0091835212147998,0.011081465940709
66,31.12.2013,2,2013,True,har_x,0.009183864211943,0.011081465940709
126,02.01.2013,2,2013,True,har,0.0107443047282774,0.016862897425798024
126,03.01.2013,2,2013,True,har,0.0107473603252732,0.01707239835231505
126,04.01.2013,2,2013,True,har,0.0107450715906409,0.016564233507395564
126,07.01.2013,2,2013,True,har,0.0107627904113426,0.016819631803142165
126,08.01.2013,2,2013,True,har,0.0107919780770458,0.016541780794099244
126,09.01.2013,2,2013,True,har,0.0107941119079015,0.016546137887901123
126,10.01.2013,2,2013,True,har,0.0107968248483131,0.015864292331758983
126,11.01.2013,2,2013,True,har,0.0107511085511163,0.01584790544652111
126,14.01.2013,2,2013,True,har,0.0107541349214398,0.0164157652973983
126,15.01.2013,2,2013,True,har,0.0106812495145931,0.016674452428132563
126,16.01.2013,2,2013,True,har,0.0106805910061292,0.01698710164306861
126,17.01.2013,2,2013,True,har,0.0107274979448349,0.016481117124307245
126,18.01.2013,2,2013,True,har,0.0107350746722115,0.01628104733686332
126,22.01.2013,2,2013,True,har,0.0106393345102574,0.016038947325737726
126,23.01.2013,2,2013,True,har,0.0106373925541146,0.016861360272773684
126,24.01.2013,2,2013,True,har,0.0106372074467559,0.016024720391649257
126,25.01.2013,2,2013,True,har,0.01065994646638,0.016033913400081656
126,28.01.2013,2,2013,True,har,0.0107697752293355,0.01546611692835325
126,29.01.2013,2,2013,True,har,0.0107551939258713,0.015469857946528824
126,30.01.2013,2,2013,True,har,0.0107467499799474,0.015361521596789367
126,31.01.2013,2,2013,True,har,0.0107397197760086,0.015294460711268821
126,01.02.2013,2,2013,True,har,0.0107091902538446,0.015193282543355372
126,04.02.2013,2,2013,True,har,0.0106921616890942,0.015401989399065395
126,05.02.2013,2,2013,True,har,0.0107482884970342,0.015863391275933558
126,06.02.2013,2,2013,True,har,0.0107669684813361,0.015859081437730967
126,07.02.2013,2,2013,True,har,0.0107836733023707,0.015700752245046568
126,08.02.2013,2,2013,True,har,0.0107101104377653,0.015743005490490722
126,11.02.2013,2,2013,True,har,0.0107255815691764,0.01622841221913144
126,12.02.2013,2,2013,True,har,0.010716739284755,0.015785101585680493
126,13.02.2013,2,2013,True,har,0.0107442842732947,0.01562866350530962
126,14.02.2013,2,2013,True,har,0.0107464667132603,0.015089748742221097
126,15.02.2013,2,2013,True,har,0.010747086492271,0.015161484272656567
126,19.02.2013,2,2013,True,har,0.0107642668437487,0.014818402166711403
126,20.02.2013,2,2013,True,har,0.0106699500040636,0.015336817537799006
126,21.02.2013,2,2013,True,har,0.010939565649331,0.015944557978067264
126,22.02.2013,2,2013,True,har,0.0110672334992401,0.016514688364178628
126,25.02.2013,2,2013,True,har,0.0111217312444749,0.016346163648488485
126,26.02.2013,2,2013,True,har,0.0110741423869844,0.016357195153363417
126,27.02.2013,2,2013,True,har,0.0111273423791435,0.016972401328003067
126,28.02.2013,2,2013,True,har,0.0111368671714775,0.01667524249926465
126,01.03.2013,2,2013,True,har,0.0111095882973593,0.016382256449579913
126,04.03.2013,2,2013,True,har,0.0111238059903458,0.01635172754073954
126,05.03.2013,2,2013,True,har,0.0112197372292167,0.0158558011068687
126,06.03.2013,2,2013,True,har,0.011382753046337,0.01670974099800883
126,07.03.2013,2,2013,True,har,0.0113842735101306,0.016364741282867294
126,08.03.2013,2,2013,True,har,0.0114167059786266,0.016244109983630347
126,11.03.2013,2,2013,True,har,0.0114051789948087,0.016139109182454474
126,12.03.2013,2,2013,True,har,0.0115299479772156,0.01588983415388607
126,13.03.2013,2,2013,True,har,0.011590393846042,0.015426978397950857
126,14.03.2013,2,2013,True,har,0.0115729907714766,0.015628998868402674
126,15.03.2013,2,2013,True,har,0.0116054371000544,0.015988294517715915
126,19.03.2013,2,2013,True,har,0.0115025171051487,0.015810644478884413
126,20.03.2013,2,2013,True,har,0.0114577404966416,0.016665653702600595
126,21.03.2013,2,2013,True,har,0.0114337288681184,0.017000749169530732
126,22.03.2013,2,2013,True,har,0.0114430464805213,0.016904310017460716
126,25.03.2013,2,2013,True,har,0.0114374589710701,0.01634887103224126
126,26.03.2013,2,2013,True,har,0.0114005975028366,0.016460902503842134
126,27.03.2013,2,2013,True,har,0.0114442600557637,0.016559252229475137
126,28.03.2013,2,2013,True,har,0.0114419833727775,0.016083029469458162
126,01.04.2013,2,2013,True,har,0.01141565357704,0.015666190411648434
126,02.04.2013,2,2013,True,har,0.0114130979502196,0.015939810274007763
126,03.04.2013,2,2013,True,har,0.0110326502850014,0.015887497676074225
126,04.04.2013,2,2013,True,har,0.0110507110435521,0.01859117681055567
126,05.04.2013,2,2013,True,har,0.0110996394798622,0.017722136745042583
126,08.04.2013,2,2013,True,har,0.0111015557239568,0.01837641605009639
126,09.04.2013,2,2013,True,har,0.0110282621290634,0.01792024424072583
126,10.04.2013,2,2013,True,har,0.0110579648274307,0.018771929305745408
126,11.04.2013,2,2013,True,har,0.010999591141578,0.01801526802475434
126,12.04.2013,2,2013,True,har,0.0109495861486697,0.01846597685205513
126,15.04.2013,2,2013,True,har,0.0107325849960955,0.018188661986110393
126,16.04.2013,2,2013,True,har,0.0107341626555067,0.019162327851717655
126,17.04.2013,2,2013,True,har,0.0108906413480466,0.018084344419763466
126,18.04.2013,2,2013,True,har,0.0108535552239011,0.018013065317832935
126,19.04.2013,2,2013,True,har,0.0108460678903433,0.01816307316659493
126,22.04.2013,2,2013,True,har,0.0110420524824523,0.018175593292425102
126,23.04.2013,2,2013,True,har,0.0110550359697271,0.017862648778273444
126,24.04.2013,2,2013,True,har,0.0110081605898431,0.017652807390316966
126,25.04.2013,2,2013,True,har,0.0109516402656084,0.01824979320677208
126,26.04.2013,2,2013,True,har,0.0112237022129593,0.01831268889205415
126,29.04.2013,2,2013,True,har,0.0112133366033378,0.018074449974097635
126,30.04.2013,2,2013,True,har,0.0111686709442916,0.018114073962554305
126,01.05.2013,2,2013,True,har,0.0109566884294848,0.018719902066819612
126,02.05.2013,2,2013,True,har,0.0107702918313224,0.018921175191097723
126,03.05.2013,2,2013,True,har,0.0108019829971935,0.02008586314557553
126,06.05.2013,2,2013,True,har,0.0108018712241113,0.019622251476725104
126,07.05.2013,2,2013,True,har,0.0107752005325305,0.01972233500238069
126,08.05.2013,2,2013,True,har,0.0108296388402093,0.019520309585977613
126,09.05.2013,2,2013,True,har,0.0108906943236442,0.018765055007661083
126,10.05.2013,2,2013,True,har,0.0108787754181127,0.018209140959005804
126,13.05.2013,2,2013,True,har,0.0109230753669028,0.018130765650569865
126,14.05.2013,2,2013,True,har,0.010959156493664,0.01752001773626132
126,15.05.2013,2,2013,True,har,0.011041420544553,0.01725876115177768
126,16.05.2013,2,2013,True,har,0.0110660019309858,0.017801482555449333
126,17.05.2013,2,2013,True,har,0.0110657358552697,0.017405472616125708
126,20.05.2013,2,2013,True,har,0.0110665764284558,0.017366885982742792
126,21.05.2013,2,2013,True,har,0.0110699867826625,0.01711360102213295
126,22.05.2013,2,2013,True,har,0.0110902386590268,0.017113208882183928
126,23.05.2013,2,2013,True,har,0.0111728786717705,0.017521236469427263
126,24.05.2013,2,2013,True,har,0.0112062390635474,0.01699855139969938
126,28.05.2013,2,2013,True,har,0.0111474301573887,0.01703770471814207
126,29.05.2013,2,2013,True,har,0.0110575648692397,0.017868707159561733
126,30.05.2013,2,2013,True,har,0.0110632943468242,0.018252813590615286
126,31.05.2013,2,2013,True,har,0.0110961624918872,0.017262625348036215
126,03.06.2013,2,2013,True,har,0.0110050326394849,0.01732957104760475
126,04.06.2013,2,2013,True,har,0.0109632382305524,0.017651694768121763
126,05.06.2013,2,2013,True,har,0.0109967562176848,0.0174375280132348
126,06.06.2013,2,2013,True,har,0.0109876654371687,0.01690707450034955
126,07.06.2013,2,2013,True,har,0.0110369146643118,0.01702843673619353
126,10.06.2013,2,2013,True,har,0.0110228453410319,0.016658309601671372
126,11.06.2013,2,2013,True,har,0.0109868322439333,0.016621723604303036
126,12.06.2013,2,2013,True,har,0.0110383529930052,0.016728051996630796
126,13.06.2013,2,2013,True,har,0.011024053625497,0.01666465244520724
126,14.06.2013,2,2013,True,har,0.0110263016560406,0.01668734009648804
126,18.06.2013,2,2013,True,har,0.0109335735211533,0.016411851627432205
126,19.06.2013,2,2013,True,har,0.0109341438485911,0.017257325036380878
126,20.06.2013,2,2013,True,har,0.0104050991135432,0.016618007779734923
126,21.06.2013,2,2013,True,har,0.0103482059777734,0.019975701017743624
126,24.06.2013,2,2013,True,har,0.0106510899620658,0.019288733559284038
126,25.06.2013,2,2013,True,har,0.0106797553202678,0.019073197745570803
126,26.06.2013,2,2013,True,har,0.0106764358361713,0.01875170248649332
126,27.06.2013,2,2013,True,har,0.0106422366502706,0.01868191230126266
126,28.06.2013,2,2013,True,har,0.0106267065939205,0.017977453054615455
126,01.07.2013,2,2013,True,har,0.0106241994324245,0.017702804345571567
126,02.07.2013,2,2013,True,har,0.0106137551618417,0.017561939536432553
126,03.07.2013,2,2013,True,har,0.0105179915540702,0.017484143110801858
126,05.07.2013,2,2013,True,har,0.01039315088756,0.017902469157571738
126,08.07.2013,2,2013,True,har,0.0104092799501496,0.018253780805330105
126,09.07.2013,2,2013,True,har,0.0104044284466601,0.017753189324764083
126,10.07.2013,2,2013,True,har,0.010387927090015,0.017775011625028158
126,11.07.2013,2,2013,True,har,0.0104169589979708,0.017822895827348653
126,12.07.2013,2,2013,True,har,0.0103941036724703,0.017871710098325885
126,15.07.2013,2,2013,True,har,0.0103945609024203,0.017740455655706134
126,16.07.2013,2,2013,True,har,0.0104371782208867,0.017495918223662955
126,17.07.2013,2,2013,True,har,0.0104553772034162,0.01749923866207857
126,19.07.2013,2,2013,True,har,0.0104087691708499,0.017253312692958128
126,22.07.2013,2,2013,True,har,0.0104088910139405,0.017823470081975348
126,23.07.2013,2,2013,True,har,0.0104855308099092,0.015851718899171953
126,24.07.2013,2,2013,True,har,0.0104408760570217,0.015595091068874542
126,25.07.2013,2,2013,True,har,0.0104355783212737,0.016159349643077876
126,26.07.2013,2,2013,True,har,0.0104361650781525,0.016055200161690486
126,29.07.2013,2,2013,True,har,0.0104634647405883,0.0159961070192356
126,30.07.2013,2,2013,True,har,0.0106349049894655,0.01587382520974821
126,31.07.2013,2,2013,True,har,0.0106440187212226,0.015886913265868156
126,01.08.2013,2,2013,True,har,0.0105357394795243,0.015859448420852656
126,02.08.2013,2,2013,True,har,0.0105252294936441,0.01659183842275725
126,05.08.2013,2,2013,True,har,0.0105233456294285,0.01613150087770912
126,06.08.2013,2,2013,True,har,0.0105145242069877,0.01569807336578174
126,07.08.2013,2,2013,True,har,0.0105899608257879,0.01578016033374523
126,08.08.2013,2,2013,True,har,0.0105707851543791,0.015902960483039144
126,09.08.2013,2,2013,True,har,0.0105018261404646,0.015231572431899636
126,12.08.2013,2,2013,True,har,0.0105031931652152,0.016224513807021085
126,13.08.2013,2,2013,True,har,0.0105209957124609,0.016033073792155253
126,14.08.2013,2,2013,True,har,0.0105163700806962,0.01611379837870116
126,15.08.2013,2,2013,True,har,0.0104995910102662,0.015868736018575844
126,16.08.2013,2,2013,True,har,0.0104999226441065,0.015727701572411473
126,20.08.2013,2,2013,True,har,0.010610301271258,0.015267285929626844
126,21.08.2013,2,2013,True,har,0.0107183226117886,0.015943244327768842
126,22.08.2013,2,2013,True,har,0.0107918818379734,0.01576560449452646
126,23.08.2013,2,2013,True,har,0.01075504427637,0.015488222450419425
126,26.08.2013,2,2013,True,har,0.0107790710733413,0.015880225431837466
126,27.08.2013,2,2013,True,har,0.0104044447729961,0.015678803144869937
126,28.08.2013,2,2013,True,har,0.0102588019193923,0.018059217449361745
126,29.08.2013,2,2013,True,har,0.0102101793767201,0.017859240659106667
126,30.08.2013,2,2013,True,har,0.0101857044227695,0.01821247592027297
126,03.09.2013,2,2013,True,har,0.0101481041148154,0.018278799140924697
126,04.09.2013,2,2013,True,har,0.0101329548576242,0.01844183373319193
126,05.09.2013,2,2013,True,har,0.0102251194823019,0.017925775363870362
126,06.09.2013,2,2013,True,har,0.0102255455512989,0.017465370750565763
126,09.09.2013,2,2013,True,har,0.010079448980109,0.017403269009562086
126,10.09.2013,2,2013,True,har,0.0099030242549928,0.01845623839720391
126,11.09.2013,2,2013,True,har,0.0099005490781742,0.018807059453187017
126,12.09.2013,2,2013,True,har,0.0098579827197693,0.01836306433007053
126,13.09.2013,2,2013,True,har,0.0098570009835289,0.01870130795236908
126,18.09.2013,2,2013,True,har,0.0097308383258476,0.01840069182090709
126,19.09.2013,2,2013,True,har,0.0096184947550126,0.019070854258259683
126,20.09.2013,2,2013,True,har,0.0096140534525956,0.01907269337805295
126,23.09.2013,2,2013,True,har,0.0097397948910105,0.018755443459166014
126,24.09.2013,2,2013,True,har,0.0097548904119568,0.018725316151444786
126,25.09.2013,2,2013,True,har,0.0098221762839313,0.018674526575351957
126,26.09.2013,2,2013,True,har,0.0098061790258143,0.01836841885133901
126,27.09.2013,2,2013,True,har,0.0098233529289338,0.018384184488804283
126,30.09.2013,2,2013,True,har,0.0099446619441968,0.017463033430351375
126,01.10.2013,2,2013,True,har,0.0099417620477105,0.016807830640544048
126,02.10.2013,2,2013,True,har,0.0098968835435804,0.016748805829735664
126,03.10.2013,2,2013,True,har,0.009896303291695,0.01726290857099461
126,04.10.2013,2,2013,True,har,0.0099939092969324,0.01667309658728807
126,07.10.2013,2,2013,True,har,0.0099957757107483,0.01673042151315851
126,08.10.2013,2,2013,True,har,0.0099880086921582,0.016634045244828595
126,09.10.2013,2,2013,True,har,0.0099659899478988,0.01654285866190512
126,10.10.2013,2,2013,True,har,0.0097209045963768,0.01649170056200558
126,11.10.2013,2,2013,True,har,0.0097276200247279,0.017630749466801897
126,14.10.2013,2,2013,True,har,0.0097266670551586,0.017217129795652236
126,15.10.2013,2,2013,True,har,0.0097391861968827,0.017067514587333042
126,16.10.2013,2,2013,True,har,0.0097305978483725,0.017407043577633678
126,17.10.2013,2,2013,True,har,0.0098021195746493,0.01700774015821315
126,21.10.2013,2,2013,True,har,0.0097704283148933,0.015897520045119712
126,22.10.2013,2,2013,True,har,0.0097946179339633,0.01646983636301926
126,23.10.2013,2,2013,True,har,0.0096354666280415,0.016169719724903667
126,24.10.2013,2,2013,True,har,0.0096355647728639,0.017266539392345886
126,25.10.2013,2,2013,True,har,0.0096628044499886,0.016823866605710946
126,28.10.2013,2,2013,True,har,0.0094200881526069,0.016541450001478428
126,29.10.2013,2,2013,True,har,0.009450885054591,0.018335337337643965
126,30.10.2013,2,2013,True,har,0.0094248922125789,0.017889799508974943
126,31.10.2013,2,2013,True,har,0.0093893976809128,0.017693108661170916
126,01.11.2013,2,2013,True,har,0.0090751566276377,0.01773806045074506
126,04.11.2013,2,2013,True,har,0.0090959334951002,0.01927056678312264
126,05.11.2013,2,2013,True,har,0.0090926931199881,0.018165928559552385
126,06.11.2013,2,2013,True,har,0.0090936138296728,0.01832761917235523
126,07.11.2013,2,2013,True,har,0.0089579418246108,0.017946296419946984
126,08.11.2013,2,2013,True,har,0.0088948017955875,0.018518405802706403
126,11.11.2013,2,2013,True,har,0.0088348615017696,0.018169440552067984
126,12.11.2013,2,2013,True,har,0.0088449022824869,0.018368881303686968
126,13.11.2013,2,2013,True,har,0.0087812457685381,0.018181545349388435
126,14.11.2013,2,2013,True,har,0.0087051331222046,0.018526314133209026
126,15.11.2013,2,2013,True,har,0.0087158951068991,0.01816465263432658
126,19.11.2013,2,2013,True,har,0.0086099364924776,0.017841113176749582
126,20.11.2013,2,2013,True,har,0.008560010910125,0.018558451085456944
126,21.11.2013,2,2013,True,har,0.0084116150157852,0.018535095444920876
126,22.11.2013,2,2013,True,har,0.0083870143631597,0.018793648890071776
126,25.11.2013,2,2013,True,har,0.0083869759649723,0.01849132848747234
126,26.11.2013,2,2013,True,har,0.0083931000800571,0.01829063684629878
126,27.11.2013,2,2013,True,har,0.0083920588839845,0.017481805703865504
126,29.11.2013,2,2013,True,har,0.0082919324239659,0.0175141637584305
126,02.12.2013,2,2013,True,har,0.0082461883699118,0.017979429635284434
126,03.12.2013,2,2013,True,har,0.0081997194131769,0.01830863760993661
126,04.12.2013,2,2013,True,har,0.0081878440505985,0.017567202231709884
126,05.12.2013,2,2013,True,har,0.0085196406651844,0.017612068031976597
126,06.12.2013,2,2013,True,har,0.008510445615678,0.01769347093874898
126,09.12.2013,2,2013,True,har,0.0083163688436568,0.017414246350659336
126,10.12.2013,2,2013,True,har,0.0083177711248275,0.018015147730753564
126,11.12.2013,2,2013,True,har,0.0083367494399589,0.017163153369221543
126,12.12.2013,2,2013,True,har,0.0083112528122774,0.017196862720602477
126,13.12.2013,2,2013,True,har,0.008314028415767,0.017433250285070544
126,16.12.2013,2,2013,True,har,0.0082303500979988,0.017049338251956023
126,17.12.2013,2,2013,True,har,0.0082335771062795,0.01734242649701029
126,19.12.2013,2,2013,True,har,0.0082416600701463,0.016992028747602146
126,20.12.2013,2,2013,True,har,0.0081822630454137,0.01676034860585235
126,23.12.2013,2,2013,True,har,0.0081805491156704,0.01703582882014258
126,24.12.2013,2,2013,True,har,0.00821076791293,0.016506974707428547
126,26.12.2013,2,2013,True,har,0.0082107437995654,0.01629127169985827
126,27.12.2013,2,2013,True,har,0.0082518440156145,0.016222264015024558
126,30.12.2013,2,2013,True,har,0.0082177346182512,0.01621971791070871
126,31.12.2013,2,2013,True,har,0.0082339689277104,0.01636123103522359
126,02.01.2013,2,2013,True,har_ovx,0.0107443047282774,0.016955469672398294
126,03.01.2013,2,2013,True,har_ovx,0.0107473603252732,0.01692545971141008
126,04.01.2013,2,2013,True,har_ovx,0.0107450715906409,0.016341160622722783
126,07.01.2013,2,2013,True,har_ovx,0.0107627904113426,0.01626991108199778
126,08.01.2013,2,2013,True,har_ovx,0.0107919780770458,0.015844660801682557
126,09.01.2013,2,2013,True,har_ovx,0.0107941119079015,0.015691802495657558
126,10.01.2013,2,2013,True,har_ovx,0.0107968248483131,0.015484513569336548
126,11.01.2013,2,2013,True,har_ovx,0.0107511085511163,0.015471982414966522
126,14.01.2013,2,2013,True,har_ovx,0.0107541349214398,0.01577211413089024
126,15.01.2013,2,2013,True,har_ovx,0.0106812495145931,0.016204621142133488
126,16.01.2013,2,2013,True,har_ovx,0.0106805910061292,0.016362112780002873
126,17.01.2013,2,2013,True,har_ovx,0.0107274979448349,0.015742138794904693
126,18.01.2013,2,2013,True,har_ovx,0.0107350746722115,0.015544332718218331
126,22.01.2013,2,2013,True,har_ovx,0.0106393345102574,0.014901864989287314
126,23.01.2013,2,2013,True,har_ovx,0.0106373925541146,0.015267198161141004
126,24.01.2013,2,2013,True,har_ovx,0.0106372074467559,0.015093626269346324
126,25.01.2013,2,2013,True,har_ovx,0.01065994646638,0.01503130551004392
126,28.01.2013,2,2013,True,har_ovx,0.0107697752293355,0.014838432075212689
126,29.01.2013,2,2013,True,har_ovx,0.0107551939258713,0.014979243787497638
126,30.01.2013,2,2013,True,har_ovx,0.0107467499799474,0.014937586657248647
126,31.01.2013,2,2013,True,har_ovx,0.0107397197760086,0.01486105619367342
126,01.02.2013,2,2013,True,har_ovx,0.0107091902538446,0.014754494101835311
126,04.02.2013,2,2013,True,har_ovx,0.0106921616890942,0.014832199956988288
126,05.02.2013,2,2013,True,har_ovx,0.0107482884970342,0.015483432735823139
126,06.02.2013,2,2013,True,har_ovx,0.0107669684813361,0.015213544738286861
126,07.02.2013,2,2013,True,har_ovx,0.0107836733023707,0.01518973404132613
126,08.02.2013,2,2013,True,har_ovx,0.0107101104377653,0.01520462094850279
126,11.02.2013,2,2013,True,har_ovx,0.0107255815691764,0.015411025677538338
126,12.02.2013,2,2013,True,har_ovx,0.010716739284755,0.014791982201420154
126,13.02.2013,2,2013,True,har_ovx,0.0107442842732947,0.01445301661626787
126,14.02.2013,2,2013,True,har_ovx,0.0107464667132603,0.014344398594045859
126,15.02.2013,2,2013,True,har_ovx,0.010747086492271,0.014161393136689555
126,19.02.2013,2,2013,True,har_ovx,0.0107642668437487,0.014620015582920377
126,20.02.2013,2,2013,True,har_ovx,0.0106699500040636,0.014846137447469343
126,21.02.2013,2,2013,True,har_ovx,0.010939565649331,0.01584300546126354
126,22.02.2013,2,2013,True,har_ovx,0.0110672334992401,0.01662806898913479
126,25.02.2013,2,2013,True,har_ovx,0.0111217312444749,0.01577364251297325
126,26.02.2013,2,2013,True,har_ovx,0.0110741423869844,0.016214461240697732
126,27.02.2013,2,2013,True,har_ovx,0.0111273423791435,0.016450731863570465
126,28.02.2013,2,2013,True,har_ovx,0.0111368671714775,0.01583090380712536
126,01.03.2013,2,2013,True,har_ovx,0.0111095882973593,0.015469318829544722
126,04.03.2013,2,2013,True,har_ovx,0.0111238059903458,0.015497364536525464
126,05.03.2013,2,2013,True,har_ovx,0.0112197372292167,0.015415170918073354
126,06.03.2013,2,2013,True,har_ovx,0.011382753046337,0.015359477809632371
126,07.03.2013,2,2013,True,har_ovx,0.0113842735101306,0.015186605855298874
126,08.03.2013,2,2013,True,har_ovx,0.0114167059786266,0.014767584310050746
126,11.03.2013,2,2013,True,har_ovx,0.0114051789948087,0.014601991323596622
126,12.03.2013,2,2013,True,har_ovx,0.0115299479772156,0.014202646908977839
126,13.03.2013,2,2013,True,har_ovx,0.011590393846042,0.0137759584131417
126,14.03.2013,2,2013,True,har_ovx,0.0115729907714766,0.014009996758388349
126,15.03.2013,2,2013,True,har_ovx,0.0116054371000544,0.013947728226535124
126,19.03.2013,2,2013,True,har_ovx,0.0115025171051487,0.01391939009253216
126,20.03.2013,2,2013,True,har_ovx,0.0114577404966416,0.015066308363879186
126,21.03.2013,2,2013,True,har_ovx,0.0114337288681184,0.014718603626904038
126,22.03.2013,2,2013,True,har_ovx,0.0114430464805213,0.014738747466586783
126,25.03.2013,2,2013,True,har_ovx,0.0114374589710701,0.014279323609809975
126,26.03.2013,2,2013,True,har_ovx,0.0114005975028366,0.014347756932791316
126,27.03.2013,2,2013,True,har_ovx,0.0114442600557637,0.014039536165762591
126,28.03.2013,2,2013,True,har_ovx,0.0114419833727775,0.013829948389053572
126,01.04.2013,2,2013,True,har_ovx,0.01141565357704,0.01367902335712828
126,02.04.2013,2,2013,True,har_ovx,0.0114130979502196,0.014107735582886693
126,03.04.2013,2,2013,True,har_ovx,0.0110326502850014,0.014104849771448135
126,04.04.2013,2,2013,True,har_ovx,0.0110507110435521,0.016081695010561187
126,05.04.2013,2,2013,True,har_ovx,0.0110996394798622,0.015563929724151479
126,08.04.2013,2,2013,True,har_ovx,0.0111015557239568,0.01578397122519333
126,09.04.2013,2,2013,True,har_ovx,0.0110282621290634,0.01534181096234922
126,10.04.2013,2,2013,True,har_ovx,0.0110579648274307,0.015679793152388814
126,11.04.2013,2,2013,True,har_ovx,0.010999591141578,0.01519591159573979
126,12.04.2013,2,2013,True,har_ovx,0.0109495861486697,0.015637699221287837
126,15.04.2013,2,2013,True,har_ovx,0.0107325849960955,0.01584808866405088
126,16.04.2013,2,2013,True,har_ovx,0.0107341626555067,0.01834385199394016
126,17.04.2013,2,2013,True,har_ovx,0.0108906413480466,0.01694276889636844
126,18.04.2013,2,2013,True,har_ovx,0.0108535552239011,0.017980826094698664
126,19.04.2013,2,2013,True,har_ovx,0.0108460678903433,0.017449756169656362
126,22.04.2013,2,2013,True,har_ovx,0.0110420524824523,0.017151288367838788
126,23.04.2013,2,2013,True,har_ovx,0.0110550359697271,0.01629321975182657
126,24.04.2013,2,2013,True,har_ovx,0.0110081605898431,0.015985162760796243
126,25.04.2013,2,2013,True,har_ovx,0.0109516402656084,0.01603355824095114
126,26.04.2013,2,2013,True,har_ovx,0.0112237022129593,0.01585172088099953
126,29.04.2013,2,2013,True,har_ovx,0.0112133366033378,0.015613431123348809
126,30.04.2013,2,2013,True,har_ovx,0.0111686709442916,0.015922597728540003
126,01.05.2013,2,2013,True,har_ovx,0.0109566884294848,0.016574477416782255
126,02.05.2013,2,2013,True,har_ovx,0.0107702918313224,0.017397796802872737
126,03.05.2013,2,2013,True,har_ovx,0.0108019829971935,0.01726565839906221
126,06.05.2013,2,2013,True,har_ovx,0.0108018712241113,0.016846941323859294
126,07.05.2013,2,2013,True,har_ovx,0.0107752005325305,0.017188290201326763
126,08.05.2013,2,2013,True,har_ovx,0.0108296388402093,0.016881340642176636
126,09.05.2013,2,2013,True,har_ovx,0.0108906943236442,0.0159546771815395
126,10.05.2013,2,2013,True,har_ovx,0.0108787754181127,0.015860831436192057
126,13.05.2013,2,2013,True,har_ovx,0.0109230753669028,0.015747217721955357
126,14.05.2013,2,2013,True,har_ovx,0.010959156493664,0.015801063640641176
126,15.05.2013,2,2013,True,har_ovx,0.011041420544553,0.015741442119708356
126,16.05.2013,2,2013,True,har_ovx,0.0110660019309858,0.016156245878743838
126,17.05.2013,2,2013,True,har_ovx,0.0110657358552697,0.01591567614918577
126,20.05.2013,2,2013,True,har_ovx,0.0110665764284558,0.01546507984135172
126,21.05.2013,2,2013,True,har_ovx,0.0110699867826625,0.015500286603755785
126,22.05.2013,2,2013,True,har_ovx,0.0110902386590268,0.015420787886690414
126,23.05.2013,2,2013,True,har_ovx,0.0111728786717705,0.016055843324159522
126,24.05.2013,2,2013,True,har_ovx,0.0112062390635474,0.015465297642127904
126,28.05.2013,2,2013,True,har_ovx,0.0111474301573887,0.015289005726942358
126,29.05.2013,2,2013,True,har_ovx,0.0110575648692397,0.015862400951516087
126,30.05.2013,2,2013,True,har_ovx,0.0110632943468242,0.016352220299151607
126,31.05.2013,2,2013,True,har_ovx,0.0110961624918872,0.01592747861673214
126,03.06.2013,2,2013,True,har_ovx,0.0110050326394849,0.016230373659320122
126,04.06.2013,2,2013,True,har_ovx,0.0109632382305524,0.016469287713224756
126,05.06.2013,2,2013,True,har_ovx,0.0109967562176848,0.01629220725721099
126,06.06.2013,2,2013,True,har_ovx,0.0109876654371687,0.015941060219755637
126,07.06.2013,2,2013,True,har_ovx,0.0110369146643118,0.015850727972992112
126,10.06.2013,2,2013,True,har_ovx,0.0110228453410319,0.015243485330224332
126,11.06.2013,2,2013,True,har_ovx,0.0109868322439333,0.01502298929472786
126,12.06.2013,2,2013,True,har_ovx,0.0110383529930052,0.015123512561868313
126,13.06.2013,2,2013,True,har_ovx,0.011024053625497,0.01531006268808109
126,14.06.2013,2,2013,True,har_ovx,0.0110263016560406,0.015007271497648174
126,18.06.2013,2,2013,True,har_ovx,0.0109335735211533,0.014755993201334278
126,19.06.2013,2,2013,True,har_ovx,0.0109341438485911,0.015067981203217949
126,20.06.2013,2,2013,True,har_ovx,0.0104050991135432,0.01446583972025794
126,21.06.2013,2,2013,True,har_ovx,0.0103482059777734,0.01774710899923316
126,24.06.2013,2,2013,True,har_ovx,0.0106510899620658,0.016642853604487987
126,25.06.2013,2,2013,True,har_ovx,0.0106797553202678,0.01665008674928206
126,26.06.2013,2,2013,True,har_ovx,0.0106764358361713,0.016282423459511246
126,27.06.2013,2,2013,True,har_ovx,0.0106422366502706,0.016087725539420887
126,28.06.2013,2,2013,True,har_ovx,0.0106267065939205,0.01587210677644697
126,01.07.2013,2,2013,True,har_ovx,0.0106241994324245,0.015473770357693524
126,02.07.2013,2,2013,True,har_ovx,0.0106137551618417,0.015415021669777495
126,03.07.2013,2,2013,True,har_ovx,0.0105179915540702,0.015539563829537644
126,05.07.2013,2,2013,True,har_ovx,0.01039315088756,0.016607145220018313
126,08.07.2013,2,2013,True,har_ovx,0.0104092799501496,0.01703116969757034
126,09.07.2013,2,2013,True,har_ovx,0.0104044284466601,0.01630677269505447
126,10.07.2013,2,2013,True,har_ovx,0.010387927090015,0.016292773961355318
126,11.07.2013,2,2013,True,har_ovx,0.0104169589979708,0.01661410783915672
126,12.07.2013,2,2013,True,har_ovx,0.0103941036724703,0.01620753653704745
126,15.07.2013,2,2013,True,har_ovx,0.0103945609024203,0.01612133573100817
126,16.07.2013,2,2013,True,har_ovx,0.0104371782208867,0.015741967097984165
126,17.07.2013,2,2013,True,har_ovx,0.0104553772034162,0.015958556376211325
126,19.07.2013,2,2013,True,har_ovx,0.0104087691708499,0.015530838129000218
126,22.07.2013,2,2013,True,har_ovx,0.0104088910139405,0.016071213242569028
126,23.07.2013,2,2013,True,har_ovx,0.0104855308099092,0.015404955581143957
126,24.07.2013,2,2013,True,har_ovx,0.0104408760570217,0.015191611513580007
126,25.07.2013,2,2013,True,har_ovx,0.0104355783212737,0.015506682193025428
126,26.07.2013,2,2013,True,har_ovx,0.0104361650781525,0.015306082938854415
126,29.07.2013,2,2013,True,har_ovx,0.0104634647405883,0.015152302148047784
126,30.07.2013,2,2013,True,har_ovx,0.0106349049894655,0.01505074417325714
126,31.07.2013,2,2013,True,har_ovx,0.0106440187212226,0.015265572711222758
126,01.08.2013,2,2013,True,har_ovx,0.0105357394795243,0.015121119337185197
126,02.08.2013,2,2013,True,har_ovx,0.0105252294936441,0.015330251911457248
126,05.08.2013,2,2013,True,har_ovx,0.0105233456294285,0.01507029502866118
126,06.08.2013,2,2013,True,har_ovx,0.0105145242069877,0.015090318027525583
126,07.08.2013,2,2013,True,har_ovx,0.0105899608257879,0.015077911773994713
126,08.08.2013,2,2013,True,har_ovx,0.0105707851543791,0.015119150157183181
126,09.08.2013,2,2013,True,har_ovx,0.0105018261404646,0.01467702250944595
126,12.08.2013,2,2013,True,har_ovx,0.0105031931652152,0.015294929437697986
126,13.08.2013,2,2013,True,har_ovx,0.0105209957124609,0.015182624137011743
126,14.08.2013,2,2013,True,har_ovx,0.0105163700806962,0.015199038576162081
126,15.08.2013,2,2013,True,har_ovx,0.0104995910102662,0.015186009995048828
126,16.08.2013,2,2013,True,har_ovx,0.0104999226441065,0.015387928584499654
126,20.08.2013,2,2013,True,har_ovx,0.010610301271258,0.015115358610403537
126,21.08.2013,2,2013,True,har_ovx,0.0107183226117886,0.015537175567122084
126,22.08.2013,2,2013,True,har_ovx,0.0107918818379734,0.015447372046035102
126,23.08.2013,2,2013,True,har_ovx,0.01075504427637,0.01504825864409754
126,26.08.2013,2,2013,True,har_ovx,0.0107790710733413,0.01512922037297493
126,27.08.2013,2,2013,True,har_ovx,0.0104044447729961,0.01518787853034142
126,28.08.2013,2,2013,True,har_ovx,0.0102588019193923,0.01737456190944886
126,29.08.2013,2,2013,True,har_ovx,0.0102101793767201,0.017867303505961635
126,30.08.2013,2,2013,True,har_ovx,0.0101857044227695,0.017310603102580487
126,03.09.2013,2,2013,True,har_ovx,0.0101481041148154,0.01753174655525286
126,04.09.2013,2,2013,True,har_ovx,0.0101329548576242,0.017979957918836102
126,05.09.2013,2,2013,True,har_ovx,0.0102251194823019,0.017462156250539797
126,06.09.2013,2,2013,True,har_ovx,0.0102255455512989,0.01685854041329529
126,09.09.2013,2,2013,True,har_ovx,0.010079448980109,0.01704942922132824
126,10.09.2013,2,2013,True,har_ovx,0.0099030242549928,0.017527314307589685
126,11.09.2013,2,2013,True,har_ovx,0.0099005490781742,0.01740760617889109
126,12.09.2013,2,2013,True,har_ovx,0.0098579827197693,0.016311413768266204
126,13.09.2013,2,2013,True,har_ovx,0.0098570009835289,0.016321323150305454
126,18.09.2013,2,2013,True,har_ovx,0.0097308383258476,0.01600990039858411
126,19.09.2013,2,2013,True,har_ovx,0.0096184947550126,0.016294821203476022
126,20.09.2013,2,2013,True,har_ovx,0.0096140534525956,0.015878510457763173
126,23.09.2013,2,2013,True,har_ovx,0.0097397948910105,0.015617384450655348
126,24.09.2013,2,2013,True,har_ovx,0.0097548904119568,0.01585758211298769
126,25.09.2013,2,2013,True,har_ovx,0.0098221762839313,0.01586150567757965
126,26.09.2013,2,2013,True,har_ovx,0.0098061790258143,0.015663107547233303
126,27.09.2013,2,2013,True,har_ovx,0.0098233529289338,0.015533251539252956
126,30.09.2013,2,2013,True,har_ovx,0.0099446619441968,0.015271659757203614
126,01.10.2013,2,2013,True,har_ovx,0.0099417620477105,0.015333917605854118
126,02.10.2013,2,2013,True,har_ovx,0.0098968835435804,0.01521864167039252
126,03.10.2013,2,2013,True,har_ovx,0.009896303291695,0.015210657564057905
126,04.10.2013,2,2013,True,har_ovx,0.0099939092969324,0.014943994871093484
126,07.10.2013,2,2013,True,har_ovx,0.0099957757107483,0.014943710432165244
126,08.10.2013,2,2013,True,har_ovx,0.0099880086921582,0.015025135967955471
126,09.10.2013,2,2013,True,har_ovx,0.0099659899478988,0.014985179262700578
126,10.10.2013,2,2013,True,har_ovx,0.0097209045963768,0.015414988756891148
126,11.10.2013,2,2013,True,har_ovx,0.0097276200247279,0.015537998122480183
126,14.10.2013,2,2013,True,har_ovx,0.0097266670551586,0.015252110242151335
126,15.10.2013,2,2013,True,har_ovx,0.0097391861968827,0.015451983735365831
126,16.10.2013,2,2013,True,har_ovx,0.0097305978483725,0.015926639429906568
126,17.10.2013,2,2013,True,har_ovx,0.0098021195746493,0.015293758258619549
126,21.10.2013,2,2013,True,har_ovx,0.0097704283148933,0.014612487924862087
126,22.10.2013,2,2013,True,har_ovx,0.0097946179339633,0.014846204912077365
126,23.10.2013,2,2013,True,har_ovx,0.0096354666280415,0.01486293273425016
126,24.10.2013,2,2013,True,har_ovx,0.0096355647728639,0.015877156172229637
126,25.10.2013,2,2013,True,har_ovx,0.0096628044499886,0.015182513594867924
126,28.10.2013,2,2013,True,har_ovx,0.0094200881526069,0.014581358143949001
126,29.10.2013,2,2013,True,har_ovx,0.009450885054591,0.01559188684222132
126,30.10.2013,2,2013,True,har_ovx,0.0094248922125789,0.015267094537088594
126,31.10.2013,2,2013,True,har_ovx,0.0093893976809128,0.015250223964744056
126,01.11.2013,2,2013,True,har_ovx,0.0090751566276377,0.015191428953788326
126,04.11.2013,2,2013,True,har_ovx,0.0090959334951002,0.016140729297324248
126,05.11.2013,2,2013,True,har_ovx,0.0090926931199881,0.01554884691376587
126,06.11.2013,2,2013,True,har_ovx,0.0090936138296728,0.01577710242099962
126,07.11.2013,2,2013,True,har_ovx,0.0089579418246108,0.015214584487977042
126,08.11.2013,2,2013,True,har_ovx,0.0088948017955875,0.015520337749018714
126,11.11.2013,2,2013,True,har_ovx,0.0088348615017696,0.015117512136076589
126,12.11.2013,2,2013,True,har_ovx,0.0088449022824869,0.015156344810429177
126,13.11.2013,2,2013,True,har_ovx,0.0087812457685381,0.01519195450597454
126,14.11.2013,2,2013,True,har_ovx,0.0087051331222046,0.015194530108805596
126,15.11.2013,2,2013,True,har_ovx,0.0087158951068991,0.015059325370349185
126,19.11.2013,2,2013,True,har_ovx,0.0086099364924776,0.014674970516774518
126,20.11.2013,2,2013,True,har_ovx,0.008560010910125,0.015241558351549887
126,21.11.2013,2,2013,True,har_ovx,0.0084116150157852,0.0151930735097562
126,22.11.2013,2,2013,True,har_ovx,0.0083870143631597,0.015062570110539157
126,25.11.2013,2,2013,True,har_ovx,0.0083869759649723,0.014695072872647513
126,26.11.2013,2,2013,True,har_ovx,0.0083931000800571,0.01485309377138858
126,27.11.2013,2,2013,True,har_ovx,0.0083920588839845,0.01437529397776321
126,29.11.2013,2,2013,True,har_ovx,0.0082919324239659,0.014680746540155188
126,02.12.2013,2,2013,True,har_ovx,0.0082461883699118,0.015051176762067589
126,03.12.2013,2,2013,True,har_ovx,0.0081997194131769,0.015281677840576173
126,04.12.2013,2,2013,True,har_ovx,0.0081878440505985,0.0148180664870949
126,05.12.2013,2,2013,True,har_ovx,0.0085196406651844,0.014684072068251704
126,06.12.2013,2,2013,True,har_ovx,0.008510445615678,0.014609440988874988
126,09.12.2013,2,2013,True,har_ovx,0.0083163688436568,0.01427374187910015
126,10.12.2013,2,2013,True,har_ovx,0.0083177711248275,0.01468049318148556
126,11.12.2013,2,2013,True,har_ovx,0.0083367494399589,0.014121678698416216
126,12.12.2013,2,2013,True,har_ovx,0.0083112528122774,0.014188057559417041
126,13.12.2013,2,2013,True,har_ovx,0.008314028415767,0.01438862697820766
126,16.12.2013,2,2013,True,har_ovx,0.0082303500979988,0.014235503646016308
126,17.12.2013,2,2013,True,har_ovx,0.0082335771062795,0.014196341695516207
126,19.12.2013,2,2013,True,har_ovx,0.0082416600701463,0.01399159869647909
126,20.12.2013,2,2013,True,har_ovx,0.0081822630454137,0.01366361958903808
126,23.12.2013,2,2013,True,har_ovx,0.0081805491156704,0.013630239649092747
126,24.12.2013,2,2013,True,har_ovx,0.00821076791293,0.013246114927030022
126,26.12.2013,2,2013,True,har_ovx,0.0082107437995654,0.013109916960366822
126,27.12.2013,2,2013,True,har_ovx,0.0082518440156145,0.013044806087638024
126,30.12.2013,2,2013,True,har_ovx,0.0082177346182512,0.01319639259118531
126,31.12.2013,2,2013,True,har_ovx,0.0082339689277104,0.01350401913552006
126,02.01.2013,2,2013,True,har_gpr,0.0107443047282774,0.017162195512013322
126,03.01.2013,2,2013,True,har_gpr,0.0107473603252732,0.01737491824367688
126,04.01.2013,2,2013,True,har_gpr,0.0107450715906409,0.01684137407896922
126,07.01.2013,2,2013,True,har_gpr,0.0107627904113426,0.017104863011756073
126,08.01.2013,2,2013,True,har_gpr,0.0107919780770458,0.017184046028099267
126,09.01.2013,2,2013,True,har_gpr,0.0107941119079015,0.01719281900960053
126,10.01.2013,2,2013,True,har_gpr,0.0107968248483131,0.016498907908738168
126,11.01.2013,2,2013,True,har_gpr,0.0107511085511163,0.01648238278727941
126,14.01.2013,2,2013,True,har_gpr,0.0107541349214398,0.017060119035807328
126,15.01.2013,2,2013,True,har_gpr,0.0106812495145931,0.0180363959758251
126,16.01.2013,2,2013,True,har_gpr,0.0106805910061292,0.018360627932027748
126,17.01.2013,2,2013,True,har_gpr,0.0107274979448349,0.01785742149987731
126,18.01.2013,2,2013,True,har_gpr,0.0107350746722115,0.017658476039333196
126,22.01.2013,2,2013,True,har_gpr,0.0106393345102574,0.017411399563343796
126,23.01.2013,2,2013,True,har_gpr,0.0106373925541146,0.01518914098469693
126,24.01.2013,2,2013,True,har_gpr,0.0106372074467559,0.014324787667719855
126,25.01.2013,2,2013,True,har_gpr,0.01065994646638,0.014334174537570828
126,28.01.2013,2,2013,True,har_gpr,0.0107697752293355,0.013775215710937634
126,29.01.2013,2,2013,True,har_gpr,0.0107551939258713,0.015425274161970584
126,30.01.2013,2,2013,True,har_gpr,0.0107467499799474,0.015296330047633722
126,31.01.2013,2,2013,True,har_gpr,0.0107397197760086,0.015228187185564459
126,01.02.2013,2,2013,True,har_gpr,0.0107091902538446,0.015131393093226283
126,04.02.2013,2,2013,True,har_gpr,0.0106921616890942,0.015341523910409527
126,05.02.2013,2,2013,True,har_gpr,0.0107482884970342,0.01574529537240181
126,06.02.2013,2,2013,True,har_gpr,0.0107669684813361,0.01573918261861617
126,07.02.2013,2,2013,True,har_gpr,0.0107836733023707,0.015578374475265354
126,08.02.2013,2,2013,True,har_gpr,0.0107101104377653,0.01562162150325972
126,11.02.2013,2,2013,True,har_gpr,0.0107255815691764,0.01611381016021075
126,12.02.2013,2,2013,True,har_gpr,0.010716739284755,0.01810882990461473
126,13.02.2013,2,2013,True,har_gpr,0.0107442842732947,0.017951821614104954
126,14.02.2013,2,2013,True,har_gpr,0.0107464667132603,0.01742221440836116
126,15.02.2013,2,2013,True,har_gpr,0.010747086492271,0.01749486049163949
126,19.02.2013,2,2013,True,har_gpr,0.0107642668437487,0.01712754012583192
126,20.02.2013,2,2013,True,har_gpr,0.0106699500040636,0.0160520624029163
126,21.02.2013,2,2013,True,har_gpr,0.010939565649331,0.01667371899701527
126,22.02.2013,2,2013,True,har_gpr,0.0110672334992401,0.017240571341788694
126,25.02.2013,2,2013,True,har_gpr,0.0111217312444749,0.017076792994877046
126,26.02.2013,2,2013,True,har_gpr,0.0110741423869844,0.01717729998267449
126,27.02.2013,2,2013,True,har_gpr,0.0111273423791435,0.017795975461920518
126,28.02.2013,2,2013,True,har_gpr,0.0111368671714775,0.017489973301973143
126,01.03.2013,2,2013,True,har_gpr,0.0111095882973593,0.017182139131550922
126,04.03.2013,2,2013,True,har_gpr,0.0111238059903458,0.01714411280078756
126,05.03.2013,2,2013,True,har_gpr,0.0112197372292167,0.016119019031403375
126,06.03.2013,2,2013,True,har_gpr,0.011382753046337,0.01699980047670668
126,07.03.2013,2,2013,True,har_gpr,0.0113842735101306,0.016651124066527034
126,08.03.2013,2,2013,True,har_gpr,0.0114167059786266,0.01652797997078472
126,11.03.2013,2,2013,True,har_gpr,0.0114051789948087,0.016417926667873884
126,12.03.2013,2,2013,True,har_gpr,0.0115299479772156,0.01640308447719605
126,13.03.2013,2,2013,True,har_gpr,0.011590393846042,0.01590672580754062
126,14.03.2013,2,2013,True,har_gpr,0.0115729907714766,0.016121192956921777
126,15.03.2013,2,2013,True,har_gpr,0.0116054371000544,0.01649356139405644
126,19.03.2013,2,2013,True,har_gpr,0.0115025171051487,0.016312864083204207
126,20.03.2013,2,2013,True,har_gpr,0.0114577404966416,0.015387474861608333
126,21.03.2013,2,2013,True,har_gpr,0.0114337288681184,0.015729660536899316
126,22.03.2013,2,2013,True,har_gpr,0.0114430464805213,0.015637103190077994
126,25.03.2013,2,2013,True,har_gpr,0.0114374589710701,0.015076018556308428
126,26.03.2013,2,2013,True,har_gpr,0.0114005975028366,0.01590348679840569
126,27.03.2013,2,2013,True,har_gpr,0.0114442600557637,0.015983314354766204
126,28.03.2013,2,2013,True,har_gpr,0.0114419833727775,0.01550026965685937
126,01.04.2013,2,2013,True,har_gpr,0.01141565357704,0.015054844720639015
126,02.04.2013,2,2013,True,har_gpr,0.0114130979502196,0.014101728119919738
126,03.04.2013,2,2013,True,har_gpr,0.0110326502850014,0.014061637910602876
126,04.04.2013,2,2013,True,har_gpr,0.0110507110435521,0.01682317689198024
126,05.04.2013,2,2013,True,har_gpr,0.0110996394798622,0.015943942863314107
126,08.04.2013,2,2013,True,har_gpr,0.0111015557239568,0.016598631123682327
126,09.04.2013,2,2013,True,har_gpr,0.0110282621290634,0.015536722068667134
126,10.04.2013,2,2013,True,har_gpr,0.0110579648274307,0.016413713549953208
126,11.04.2013,2,2013,True,har_gpr,0.010999591141578,0.015615658946297795
126,12.04.2013,2,2013,True,har_gpr,0.0109495861486697,0.016074737707266508
126,15.04.2013,2,2013,True,har_gpr,0.0107325849960955,0.015780004066236256
126,16.04.2013,2,2013,True,har_gpr,0.0107341626555067,0.01864948905847637
126,17.04.2013,2,2013,True,har_gpr,0.0108906413480466,0.01752701583994529
126,18.04.2013,2,2013,True,har_gpr,0.0108535552239011,0.017464263908846454
126,19.04.2013,2,2013,True,har_gpr,0.0108460678903433,0.01762224353669049
126,22.04.2013,2,2013,True,har_gpr,0.0110420524824523,0.017642905417038692
126,23.04.2013,2,2013,True,har_gpr,0.0110550359697271,0.016844502434113947
126,24.04.2013,2,2013,True,har_gpr,0.0110081605898431,0.016632810718309157
126,25.04.2013,2,2013,True,har_gpr,0.0109516402656084,0.01724857576438445
126,26.04.2013,2,2013,True,har_gpr,0.0112237022129593,0.01728718393570495
126,29.04.2013,2,2013,True,har_gpr,0.0112133366033378,0.017053105531835464
126,30.04.2013,2,2013,True,har_gpr,0.0111686709442916,0.018826477363383387
126,01.05.2013,2,2013,True,har_gpr,0.0109566884294848,0.019459502903516078
126,02.05.2013,2,2013,True,har_gpr,0.0107702918313224,0.019695243883196614
126,03.05.2013,2,2013,True,har_gpr,0.0108019829971935,0.020872571543965025
126,06.05.2013,2,2013,True,har_gpr,0.0108018712241113,0.02041108317981706
126,07.05.2013,2,2013,True,har_gpr,0.0107752005325305,0.02067310033796721
126,08.05.2013,2,2013,True,har_gpr,0.0108296388402093,0.02046777757667
126,09.05.2013,2,2013,True,har_gpr,0.0108906943236442,0.01966962486567079
126,10.05.2013,2,2013,True,har_gpr,0.0108787754181127,0.01908491818955729
126,13.05.2013,2,2013,True,har_gpr,0.0109230753669028,0.01900204150627012
126,14.05.2013,2,2013,True,har_gpr,0.010959156493664,0.018462942482697475
126,15.05.2013,2,2013,True,har_gpr,0.011041420544553,0.01819299550448336
126,16.05.2013,2,2013,True,har_gpr,0.0110660019309858,0.018758571128712914
126,17.05.2013,2,2013,True,har_gpr,0.0110657358552697,0.018362122234616165
126,20.05.2013,2,2013,True,har_gpr,0.0110665764284558,0.018321240324655038
126,21.05.2013,2,2013,True,har_gpr,0.0110699867826625,0.017128070884330812
126,22.05.2013,2,2013,True,har_gpr,0.0110902386590268,0.01712560875680528
126,23.05.2013,2,2013,True,har_gpr,0.0111728786717705,0.017547465489133284
126,24.05.2013,2,2013,True,har_gpr,0.0112062390635474,0.017023400138974885
126,28.05.2013,2,2013,True,har_gpr,0.0111474301573887,0.017064867430756726
126,29.05.2013,2,2013,True,har_gpr,0.0110575648692397,0.019424473200748398
126,30.05.2013,2,2013,True,har_gpr,0.0110632943468242,0.019825687193394805
126,31.05.2013,2,2013,True,har_gpr,0.0110961624918872,0.018833075704511232
126,03.06.2013,2,2013,True,har_gpr,0.0110050326394849,0.018933367058661443
126,04.06.2013,2,2013,True,har_gpr,0.0109632382305524,0.018123294752183716
126,05.06.2013,2,2013,True,har_gpr,0.0109967562176848,0.017901576087914633
126,06.06.2013,2,2013,True,har_gpr,0.0109876654371687,0.017353157307912526
126,07.06.2013,2,2013,True,har_gpr,0.0110369146643118,0.017474907334663954
126,10.06.2013,2,2013,True,har_gpr,0.0110228453410319,0.01706319204810017
126,11.06.2013,2,2013,True,har_gpr,0.0109868322439333,0.017160603286498315
126,12.06.2013,2,2013,True,har_gpr,0.0110383529930052,0.01727176505352803
126,13.06.2013,2,2013,True,har_gpr,0.011024053625497,0.017207930311830988
126,14.06.2013,2,2013,True,har_gpr,0.0110263016560406,0.017234776745179474
126,18.06.2013,2,2013,True,har_gpr,0.0109335735211533,0.01694825814658254
126,19.06.2013,2,2013,True,har_gpr,0.0109341438485911,0.01707228848005574
126,20.06.2013,2,2013,True,har_gpr,0.0104050991135432,0.0164064919724449
126,21.06.2013,2,2013,True,har_gpr,0.0103482059777734,0.019844115152779604
126,24.06.2013,2,2013,True,har_gpr,0.0106510899620658,0.01914227839556869
126,25.06.2013,2,2013,True,har_gpr,0.0106797553202678,0.020406306620453497
126,26.06.2013,2,2013,True,har_gpr,0.0106764358361713,0.02006292823483725
126,27.06.2013,2,2013,True,har_gpr,0.0106422366502706,0.020001849921749196
126,28.06.2013,2,2013,True,har_gpr,0.0106267065939205,0.019244995363879355
126,01.07.2013,2,2013,True,har_gpr,0.0106241994324245,0.018953628482327862
126,02.07.2013,2,2013,True,har_gpr,0.0106137551618417,0.018877114234688137
126,03.07.2013,2,2013,True,har_gpr,0.0105179915540702,0.01880484274077142
126,05.07.2013,2,2013,True,har_gpr,0.01039315088756,0.01923341840987944
126,08.07.2013,2,2013,True,har_gpr,0.0104092799501496,0.01958804443940139
126,09.07.2013,2,2013,True,har_gpr,0.0104044284466601,0.017910334897931663
126,10.07.2013,2,2013,True,har_gpr,0.010387927090015,0.017936704863888004
126,11.07.2013,2,2013,True,har_gpr,0.0104169589979708,0.017987057547650922
126,12.07.2013,2,2013,True,har_gpr,0.0103941036724703,0.01804246981657927
126,15.07.2013,2,2013,True,har_gpr,0.0103945609024203,0.017893500119932793
126,16.07.2013,2,2013,True,har_gpr,0.0104371782208867,0.017170914483593338
126,17.07.2013,2,2013,True,har_gpr,0.0104553772034162,0.017174391550491427
126,19.07.2013,2,2013,True,har_gpr,0.0104087691708499,0.01692982019095657
126,22.07.2013,2,2013,True,har_gpr,0.0104088910139405,0.01751309347815315
126,23.07.2013,2,2013,True,har_gpr,0.0104855308099092,0.016410972503766996
126,24.07.2013,2,2013,True,har_gpr,0.0104408760570217,0.01616202424588959
126,25.07.2013,2,2013,True,har_gpr,0.0104355783212737,0.01672973278692427
126,26.07.2013,2,2013,True,har_gpr,0.0104361650781525,0.016627938075367363
126,29.07.2013,2,2013,True,har_gpr,0.0104634647405883,0.016557935941692154
126,30.07.2013,2,2013,True,har_gpr,0.0106349049894655,0.01728053072630535
126,31.07.2013,2,2013,True,har_gpr,0.0106440187212226,0.017293927137888215
126,01.08.2013,2,2013,True,har_gpr,0.0105357394795243,0.017262261662796333
126,02.08.2013,2,2013,True,har_gpr,0.0105252294936441,0.01801776092969369
126,05.08.2013,2,2013,True,har_gpr,0.0105233456294285,0.01755799605330582
126,06.08.2013,2,2013,True,har_gpr,0.0105145242069877,0.015458263176583264
126,07.08.2013,2,2013,True,har_gpr,0.0105899608257879,0.015540633498579247
126,08.08.2013,2,2013,True,har_gpr,0.0105707851543791,0.01566480159123901
126,09.08.2013,2,2013,True,har_gpr,0.0105018261404646,0.014943163147083131
126,12.08.2013,2,2013,True,har_gpr,0.0105031931652152,0.015979041125992067
126,13.08.2013,2,2013,True,har_gpr,0.0105209957124609,0.0161122205007744
126,14.08.2013,2,2013,True,har_gpr,0.0105163700806962,0.016191234305469662
126,15.08.2013,2,2013,True,har_gpr,0.0104995910102662,0.01593326871030884
126,16.08.2013,2,2013,True,har_gpr,0.0104999226441065,0.01576777045881546
126,20.08.2013,2,2013,True,har_gpr,0.010610301271258,0.015304766262880257
126,21.08.2013,2,2013,True,har_gpr,0.0107183226117886,0.016415369156740228
126,22.08.2013,2,2013,True,har_gpr,0.0107918818379734,0.016231360634677304
126,23.08.2013,2,2013,True,har_gpr,0.01075504427637,0.015956046107132763
126,26.08.2013,2,2013,True,har_gpr,0.0107790710733413,0.016354938642991913
126,27.08.2013,2,2013,True,har_gpr,0.0104044447729961,0.016722362796203788
126,28.08.2013,2,2013,True,har_gpr,0.0102588019193923,0.01914165492219657
126,29.08.2013,2,2013,True,har_gpr,0.0102101793767201,0.01892813075227377
126,30.08.2013,2,2013,True,har_gpr,0.0101857044227695,0.01929465486014122
126,03.09.2013,2,2013,True,har_gpr,0.0101481041148154,0.019373144759400215
126,04.09.2013,2,2013,True,har_gpr,0.0101329548576242,0.018003781307748355
126,05.09.2013,2,2013,True,har_gpr,0.0102251194823019,0.017454156374042153
126,06.09.2013,2,2013,True,har_gpr,0.0102255455512989,0.01696931916861819
126,09.09.2013,2,2013,True,har_gpr,0.010079448980109,0.016904564124308248
126,10.09.2013,2,2013,True,har_gpr,0.0099030242549928,0.01981361039380745
126,11.09.2013,2,2013,True,har_gpr,0.0099005490781742,0.0201548576201181
126,12.09.2013,2,2013,True,har_gpr,0.0098579827197693,0.01970719814883114
126,13.09.2013,2,2013,True,har_gpr,0.0098570009835289,0.020057330693177933
126,18.09.2013,2,2013,True,har_gpr,0.0097308383258476,0.019746622718329963
126,19.09.2013,2,2013,True,har_gpr,0.0096184947550126,0.019502350521625963
126,20.09.2013,2,2013,True,har_gpr,0.0096140534525956,0.01948997323746931
126,23.09.2013,2,2013,True,har_gpr,0.0097397948910105,0.01916954900541225
126,24.09.2013,2,2013,True,har_gpr,0.0097548904119568,0.0179993122835574
126,25.09.2013,2,2013,True,har_gpr,0.0098221762839313,0.017950484269653805
126,26.09.2013,2,2013,True,har_gpr,0.0098061790258143,0.017631789059164564
126,27.09.2013,2,2013,True,har_gpr,0.0098233529289338,0.017635862421736523
126,30.09.2013,2,2013,True,har_gpr,0.0099446619441968,0.016734365631515785
126,01.10.2013,2,2013,True,har_gpr,0.0099417620477105,0.015318712124712464
126,02.10.2013,2,2013,True,har_gpr,0.0098968835435804,0.01526054714993275
126,03.10.2013,2,2013,True,har_gpr,0.009896303291695,0.015789413326337952
126,04.10.2013,2,2013,True,har_gpr,0.0099939092969324,0.015195810146883315
126,07.10.2013,2,2013,True,har_gpr,0.0099957757107483,0.015250958268282024
126,08.10.2013,2,2013,True,har_gpr,0.0099880086921582,0.01863012161631905
126,09.10.2013,2,2013,True,har_gpr,0.0099659899478988,0.01853374798331176
126,10.10.2013,2,2013,True,har_gpr,0.0097209045963768,0.01849935911563857
126,11.10.2013,2,2013,True,har_gpr,0.0097276200247279,0.019681466546351386
126,14.10.2013,2,2013,True,har_gpr,0.0097266670551586,0.019263016655328615
126,15.10.2013,2,2013,True,har_gpr,0.0097391861968827,0.019116216091365754
126,16.10.2013,2,2013,True,har_gpr,0.0097305978483725,0.017265290435995284
126,17.10.2013,2,2013,True,har_gpr,0.0098021195746493,0.016867166427856895
126,21.10.2013,2,2013,True,har_gpr,0.0097704283148933,0.015716967689585325
126,22.10.2013,2,2013,True,har_gpr,0.0097946179339633,0.015318935592450851
126,23.10.2013,2,2013,True,har_gpr,0.0096354666280415,0.015020147027687131
126,24.10.2013,2,2013,True,har_gpr,0.0096355647728639,0.016133697624397574
126,25.10.2013,2,2013,True,har_gpr,0.0096628044499886,0.015670458135439557
126,28.10.2013,2,2013,True,har_gpr,0.0094200881526069,0.015384821102295828
126,29.10.2013,2,2013,True,har_gpr,0.009450885054591,0.019545308647061683
126,30.10.2013,2,2013,True,har_gpr,0.0094248922125789,0.0190906545151464
126,31.10.2013,2,2013,True,har_gpr,0.0093893976809128,0.018873224092028015
126,01.11.2013,2,2013,True,har_gpr,0.0090751566276377,0.018922095430819838
126,04.11.2013,2,2013,True,har_gpr,0.0090959334951002,0.020486926732267968
126,05.11.2013,2,2013,True,har_gpr,0.0090926931199881,0.018359034543300866
126,06.11.2013,2,2013,True,har_gpr,0.0090936138296728,0.018522820115400136
126,07.11.2013,2,2013,True,har_gpr,0.0089579418246108,0.01812659150939039
126,08.11.2013,2,2013,True,har_gpr,0.0088948017955875,0.018707219989694004
126,11.11.2013,2,2013,True,har_gpr,0.0088348615017696,0.01836616266574044
126,12.11.2013,2,2013,True,har_gpr,0.0088449022824869,0.0185687834540536
126,13.11.2013,2,2013,True,har_gpr,0.0087812457685381,0.018085949507196927
126,14.11.2013,2,2013,True,har_gpr,0.0087051331222046,0.01843657775622956
126,15.11.2013,2,2013,True,har_gpr,0.0087158951068991,0.01803736174696664
126,19.11.2013,2,2013,True,har_gpr,0.0086099364924776,0.017707876633643753
126,20.11.2013,2,2013,True,har_gpr,0.008560010910125,0.017068846432098755
126,21.11.2013,2,2013,True,har_gpr,0.0084116150157852,0.0170411801021028
126,22.11.2013,2,2013,True,har_gpr,0.0083870143631597,0.0173126760979727
126,25.11.2013,2,2013,True,har_gpr,0.0083869759649723,0.017003177173634428
126,26.11.2013,2,2013,True,har_gpr,0.0083931000800571,0.013123585806767219
126,27.11.2013,2,2013,True,har_gpr,0.0083920588839845,0.0126997862299264
126,29.11.2013,2,2013,True,har_gpr,0.0082919324239659,0.0126997862299264
126,02.12.2013,2,2013,True,har_gpr,0.0082461883699118,0.012799960373795296
126,03.12.2013,2,2013,True,har_gpr,0.0081997194131769,0.018331630880701142
126,04.12.2013,2,2013,True,har_gpr,0.0081878440505985,0.017608168405474772
126,05.12.2013,2,2013,True,har_gpr,0.0085196406651844,0.01765388513966285
126,06.12.2013,2,2013,True,har_gpr,0.008510445615678,0.017740189114580474
126,09.12.2013,2,2013,True,har_gpr,0.0083163688436568,0.017443698246434557
126,10.12.2013,2,2013,True,har_gpr,0.0083177711248275,0.01775442763766279
126,11.12.2013,2,2013,True,har_gpr,0.0083367494399589,0.016881580613926677
126,12.12.2013,2,2013,True,har_gpr,0.0083112528122774,0.016923441761361256
126,13.12.2013,2,2013,True,har_gpr,0.008314028415767,0.01716230070809481
126,16.12.2013,2,2013,True,har_gpr,0.0082303500979988,0.016772064563470176
126,17.12.2013,2,2013,True,har_gpr,0.0082335771062795,0.016936460344675115
126,19.12.2013,2,2013,True,har_gpr,0.0082416600701463,0.016579607940150898
126,20.12.2013,2,2013,True,har_gpr,0.0081822630454137,0.016354408285719886
126,23.12.2013,2,2013,True,har_gpr,0.0081805491156704,0.016628128517150204
126,24.12.2013,2,2013,True,har_gpr,0.00821076791293,0.017159908040340056
126,26.12.2013,2,2013,True,har_gpr,0.0082107437995654,0.016932791029647332
126,27.12.2013,2,2013,True,har_gpr,0.0082518440156145,0.01686189408488344
126,30.12.2013,2,2013,True,har_gpr,0.0082177346182512,0.016857760646141043
126,31.12.2013,2,2013,True,har_gpr,0.0082339689277104,0.01523558799343737
126,02.01.2013,2,2013,True,har_x,0.0107443047282774,0.017154384728337396
126,03.01.2013,2,2013,True,har_x,0.0107473603252732,0.017136028777496388
126,04.01.2013,2,2013,True,har_x,0.0107450715906409,0.016530409767171197
126,07.01.2013,2,2013,True,har_x,0.0107627904113426,0.016478359529108116
126,08.01.2013,2,2013,True,har_x,0.0107919780770458,0.01645842960955091
126,09.01.2013,2,2013,True,har_x,0.0107941119079015,0.016315470264969063
126,10.01.2013,2,2013,True,har_x,0.0107968248483131,0.016080361941090655
126,11.01.2013,2,2013,True,har_x,0.0107511085511163,0.016067559616616555
126,14.01.2013,2,2013,True,har_x,0.0107541349214398,0.016386458636729596
126,15.01.2013,2,2013,True,har_x,0.0106812495145931,0.01747423141548299
126,16.01.2013,2,2013,True,har_x,0.0106805910061292,0.01764806794934833
126,17.01.2013,2,2013,True,har_x,0.0107274979448349,0.017034741268583325
126,18.01.2013,2,2013,True,har_x,0.0107350746722115,0.016837976197070153
126,22.01.2013,2,2013,True,har_x,0.0106393345102574,0.016205149214957124
126,23.01.2013,2,2013,True,har_x,0.0106373925541146,0.013860628128626765
126,24.01.2013,2,2013,True,har_x,0.0106372074467559,0.013637486908829988
126,25.01.2013,2,2013,True,har_x,0.01065994646638,0.01357790604844579
126,28.01.2013,2,2013,True,har_x,0.0107697752293355,0.013380440046699277
126,29.01.2013,2,2013,True,har_x,0.0107551939258713,0.01501326132369555
126,30.01.2013,2,2013,True,har_x,0.0107467499799474,0.01495000269653637
126,31.01.2013,2,2013,True,har_x,0.0107397197760086,0.014872722360703302
126,01.02.2013,2,2013,True,har_x,0.0107091902538446,0.014770624378408048
126,04.02.2013,2,2013,True,har_x,0.0106921616890942,0.01485432893746606
126,05.02.2013,2,2013,True,har_x,0.0107482884970342,0.01537153152707181
126,06.02.2013,2,2013,True,har_x,0.0107669684813361,0.015109259418101213
126,07.02.2013,2,2013,True,har_x,0.0107836733023707,0.01507823469094794
126,08.02.2013,2,2013,True,har_x,0.0107101104377653,0.015095094261686433
126,11.02.2013,2,2013,True,har_x,0.0107255815691764,0.015317781449829738
126,12.02.2013,2,2013,True,har_x,0.010716739284755,0.01702279701843431
126,13.02.2013,2,2013,True,har_x,0.0107442842732947,0.01668979948806038
126,14.02.2013,2,2013,True,har_x,0.0107464667132603,0.016575062228874657
126,15.02.2013,2,2013,True,har_x,0.010747086492271,0.016401904200168002
126,19.02.2013,2,2013,True,har_x,0.0107642668437487,0.01680938917018139
126,20.02.2013,2,2013,True,har_x,0.0106699500040636,0.015502567795941884
126,21.02.2013,2,2013,True,har_x,0.010939565649331,0.01649866114349468
126,22.02.2013,2,2013,True,har_x,0.0110672334992401,0.017272615340783774
126,25.02.2013,2,2013,True,har_x,0.0111217312444749,0.016446615163083378
126,26.02.2013,2,2013,True,har_x,0.0110741423869844,0.016911205256474205
126,27.02.2013,2,2013,True,har_x,0.0111273423791435,0.01716414460550931
126,28.02.2013,2,2013,True,har_x,0.0111368671714775,0.01654729535005045
126,01.03.2013,2,2013,True,har_x,0.0111095882973593,0.01617417078840991
126,04.03.2013,2,2013,True,har_x,0.0111238059903458,0.01619322059443769
126,05.03.2013,2,2013,True,har_x,0.0112197372292167,0.015591811855249877
126,06.03.2013,2,2013,True,har_x,0.011382753046337,0.015593500876469308
126,07.03.2013,2,2013,True,har_x,0.0113842735101306,0.015410997560700518
126,08.03.2013,2,2013,True,har_x,0.0114167059786266,0.01500009513556833
126,11.03.2013,2,2013,True,har_x,0.0114051789948087,0.014832007229003246
126,12.03.2013,2,2013,True,har_x,0.0115299479772156,0.01470621069137482
126,13.03.2013,2,2013,True,har_x,0.011590393846042,0.014246809018538233
126,14.03.2013,2,2013,True,har_x,0.0115729907714766,0.014491553014027651
126,15.03.2013,2,2013,True,har_x,0.0116054371000544,0.014456242141879783
126,19.03.2013,2,2013,True,har_x,0.0115025171051487,0.01441957705700726
126,20.03.2013,2,2013,True,har_x,0.0114577404966416,0.013916070441535172
126,21.03.2013,2,2013,True,har_x,0.0114337288681184,0.013598766174576789
126,22.03.2013,2,2013,True,har_x,0.0114430464805213,0.013618535941368325
126,25.03.2013,2,2013,True,har_x,0.0114374589710701,0.013150435548831177
126,26.03.2013,2,2013,True,har_x,0.0114005975028366,0.013922588711170199
126,27.03.2013,2,2013,True,har_x,0.0114442600557637,0.013611339152848026
126,28.03.2013,2,2013,True,har_x,0.0114419833727775,0.013385927114264597
126,01.04.2013,2,2013,True,har_x,0.01141565357704,0.013198804539986536
126,02.04.2013,2,2013,True,har_x,0.0114130979502196,0.0126997862299264
126,03.04.2013,2,2013,True,har_x,0.0110326502850014,0.0126997862299264
126,04.04.2013,2,2013,True,har_x,0.0110507110435521,0.01452786703797716
126,05.04.2013,2,2013,True,har_x,0.0110996394798622,0.013987736833225326
126,08.04.2013,2,2013,True,har_x,0.0111015557239568,0.014223530496883213
126,09.04.2013,2,2013,True,har_x,0.0110282621290634,0.013254347523065781
126,10.04.2013,2,2013,True,har_x,0.0110579648274307,0.013634201075294335
126,11.04.2013,2,2013,True,har_x,0.010999591141578,0.013101601136915917
126,12.04.2013,2,2013,True,har_x,0.0109495861486697,0.01355166976949158
126,15.04.2013,2,2013,True,har_x,0.0107325849960955,0.013728373289651662
126,16.04.2013,2,2013,True,har_x,0.0107341626555067,0.01791796323295011
126,17.04.2013,2,2013,True,har_x,0.0108906413480466,0.016485985692169188
126,18.04.2013,2,2013,True,har_x,0.0108535552239011,0.017492916754734363
126,19.04.2013,2,2013,True,har_x,0.0108460678903433,0.01699385157442117
126,22.04.2013,2,2013,True,har_x,0.0110420524824523,0.01671383995317052
126,23.04.2013,2,2013,True,har_x,0.0110550359697271,0.015533074658452883
126,24.04.2013,2,2013,True,har_x,0.0110081605898431,0.015226659893580213
126,25.04.2013,2,2013,True,har_x,0.0109516402656084,0.015312303185815602
126,26.04.2013,2,2013,True,har_x,0.0112237022129593,0.015116124049685268
126,29.04.2013,2,2013,True,har_x,0.0112133366033378,0.01488145383875229
126,30.04.2013,2,2013,True,har_x,0.0111686709442916,0.016664428830748083
126,01.05.2013,2,2013,True,har_x,0.0109566884294848,0.017340283171870422
126,02.05.2013,2,2013,True,har_x,0.0107702918313224,0.018174494028387247
126,03.05.2013,2,2013,True,har_x,0.0108019829971935,0.018099491491766814
126,06.05.2013,2,2013,True,har_x,0.0108018712241113,0.017680986551298513
126,07.05.2013,2,2013,True,har_x,0.0107752005325305,0.018163735436820982
126,08.05.2013,2,2013,True,har_x,0.0108296388402093,0.01785745690051115
126,09.05.2013,2,2013,True,har_x,0.0108906943236442,0.016896411724293608
126,10.05.2013,2,2013,True,har_x,0.0108787754181127,0.016759365741402514
126,13.05.2013,2,2013,True,har_x,0.0109230753669028,0.016642944497047656
126,14.05.2013,2,2013,True,har_x,0.010959156493664,0.01672284253557039
126,15.05.2013,2,2013,True,har_x,0.011041420544553,0.016647736570142492
126,16.05.2013,2,2013,True,har_x,0.0110660019309858,0.01708862578626107
126,17.05.2013,2,2013,True,har_x,0.0110657358552697,0.016842106990707567
126,20.05.2013,2,2013,True,har_x,0.0110665764284558,0.016403931103397218
126,21.05.2013,2,2013,True,har_x,0.0110699867826625,0.015630937932461418
126,22.05.2013,2,2013,True,har_x,0.0110902386590268,0.015552343486462524
126,23.05.2013,2,2013,True,har_x,0.0111728786717705,0.016192561840073484
126,24.05.2013,2,2013,True,har_x,0.0112062390635474,0.015603110237100868
126,28.05.2013,2,2013,True,har_x,0.0111474301573887,0.015436621618691191
126,29.05.2013,2,2013,True,har_x,0.0110575648692397,0.017419486753453506
126,30.05.2013,2,2013,True,har_x,0.0110632943468242,0.01792156453780361
126,31.05.2013,2,2013,True,har_x,0.0110961624918872,0.01747473853124036
126,03.06.2013,2,2013,True,har_x,0.0110050326394849,0.017801434417994012
126,04.06.2013,2,2013,True,har_x,0.0109632382305524,0.01690084561777865
126,05.06.2013,2,2013,True,har_x,0.0109967562176848,0.01671527307286327
126,06.06.2013,2,2013,True,har_x,0.0109876654371687,0.016340804329659182
126,07.06.2013,2,2013,True,har_x,0.0110369146643118,0.016258368505052856
126,10.06.2013,2,2013,True,har_x,0.0110228453410319,0.015620494205808152
126,11.06.2013,2,2013,True,har_x,0.0109868322439333,0.015598167357311902
126,12.06.2013,2,2013,True,har_x,0.0110383529930052,0.015703534693748186
126,13.06.2013,2,2013,True,har_x,0.011024053625497,0.01588071174486658
126,14.06.2013,2,2013,True,har_x,0.0110263016560406,0.015593447641482194
126,18.06.2013,2,2013,True,har_x,0.0109335735211533,0.015330810488049715
126,19.06.2013,2,2013,True,har_x,0.0109341438485911,0.014950909670753958
126,20.06.2013,2,2013,True,har_x,0.0104050991135432,0.014322265641651722
126,21.06.2013,2,2013,True,har_x,0.0103482059777734,0.017680778341819803
126,24.06.2013,2,2013,True,har_x,0.0106510899620658,0.016576769376088554
126,25.06.2013,2,2013,True,har_x,0.0106797553202678,0.01798337378225639
126,26.06.2013,2,2013,True,har_x,0.0106764358361713,0.017596785719300356
126,27.06.2013,2,2013,True,har_x,0.0106422366502706,0.01741493758401963
126,28.06.2013,2,2013,True,har_x,0.0106267065939205,0.017133148983057424
126,01.07.2013,2,2013,True,har_x,0.0106241994324245,0.016723366768314322
126,02.07.2013,2,2013,True,har_x,0.0106137551618417,0.01668824002162608
126,03.07.2013,2,2013,True,har_x,0.0105179915540702,0.016810978599104943
126,05.07.2013,2,2013,True,har_x,0.01039315088756,0.017865237410257508
126,08.07.2013,2,2013,True,har_x,0.0104092799501496,0.01828961256000361
126,09.07.2013,2,2013,True,har_x,0.0104044284466601,0.01649858776014286
126,10.07.2013,2,2013,True,har_x,0.010387927090015,0.016490184414785513
126,11.07.2013,2,2013,True,har_x,0.0104169589979708,0.016804253398287873
126,12.07.2013,2,2013,True,har_x,0.0103941036724703,0.016420046420793366
126,15.07.2013,2,2013,True,har_x,0.0103945609024203,0.016315652787345182
126,16.07.2013,2,2013,True,har_x,0.0104371782208867,0.015564250955699879
126,17.07.2013,2,2013,True,har_x,0.0104553772034162,0.015773448308272733
126,19.07.2013,2,2013,True,har_x,0.0104087691708499,0.015353552237332358
126,22.07.2013,2,2013,True,har_x,0.0104088910139405,0.015907397706193278
126,23.07.2013,2,2013,True,har_x,0.0104855308099092,0.01592164772942596
126,24.07.2013,2,2013,True,har_x,0.0104408760570217,0.015714325370645533
126,25.07.2013,2,2013,True,har_x,0.0104355783212737,0.016041370976987507
126,26.07.2013,2,2013,True,har_x,0.0104361650781525,0.015846237098870723
126,29.07.2013,2,2013,True,har_x,0.0104634647405883,0.015685512808757945
126,30.07.2013,2,2013,True,har_x,0.0106349049894655,0.016421274572874407
126,31.07.2013,2,2013,True,har_x,0.0106440187212226,0.016629335560143704
126,01.08.2013,2,2013,True,har_x,0.0105357394795243,0.016485145783580506
126,02.08.2013,2,2013,True,har_x,0.0105252294936441,0.016734493114316962
126,05.08.2013,2,2013,True,har_x,0.0105233456294285,0.01646792478634996
126,06.08.2013,2,2013,True,har_x,0.0105145242069877,0.014878166092262099
126,07.08.2013,2,2013,True,har_x,0.0105899608257879,0.014869400416703558
126,08.08.2013,2,2013,True,har_x,0.0105707851543791,0.014914802348021061
126,09.08.2013,2,2013,True,har_x,0.0105018261404646,0.01441743413937337
126,12.08.2013,2,2013,True,har_x,0.0105031931652152,0.015088824824066996
126,13.08.2013,2,2013,True,har_x,0.0105209957124609,0.015276284895437808
126,14.08.2013,2,2013,True,har_x,0.0105163700806962,0.015293320478309811
126,15.08.2013,2,2013,True,har_x,0.0104995910102662,0.01525987408249889
126,16.08.2013,2,2013,True,har_x,0.0104999226441065,0.015426737415786082
126,20.08.2013,2,2013,True,har_x,0.010610301271258,0.015145143972180919
126,21.08.2013,2,2013,True,har_x,0.0107183226117886,0.015915166695712867
126,22.08.2013,2,2013,True,har_x,0.0107918818379734,0.015816126754697853
126,23.08.2013,2,2013,True,har_x,0.01075504427637,0.015423418548944731
126,26.08.2013,2,2013,True,har_x,0.0107790710733413,0.015521965411768836
126,27.08.2013,2,2013,True,har_x,0.0104044447729961,0.016221787480083738
126,28.08.2013,2,2013,True,har_x,0.0102588019193923,0.018451412000567317
126,29.08.2013,2,2013,True,har_x,0.0102101793767201,0.018906471066170317
126,30.08.2013,2,2013,True,har_x,0.0101857044227695,0.01839404130777038
126,03.09.2013,2,2013,True,har_x,0.0101481041148154,0.018621102470772873
126,04.09.2013,2,2013,True,har_x,0.0101329548576242,0.017644570491728344
126,05.09.2013,2,2013,True,har_x,0.0102251194823019,0.01709510649906529
126,06.09.2013,2,2013,True,har_x,0.0102255455512989,0.016473612276388785
126,09.09.2013,2,2013,True,har_x,0.010079448980109,0.016653242780011165
126,10.09.2013,2,2013,True,har_x,0.0099030242549928,0.018872543414120008
126,11.09.2013,2,2013,True,har_x,0.0099005490781742,0.018760167530798295
126,12.09.2013,2,2013,True,har_x,0.0098579827197693,0.017683201701112535
126,13.09.2013,2,2013,True,har_x,0.0098570009835289,0.017716031686665763
126,18.09.2013,2,2013,True,har_x,0.0097308383258476,0.017395331854385066
126,19.09.2013,2,2013,True,har_x,0.0096184947550126,0.01680500020461874
126,20.09.2013,2,2013,True,har_x,0.0096140534525956,0.016389899150654814
126,23.09.2013,2,2013,True,har_x,0.0097397948910105,0.016123561443731477
126,24.09.2013,2,2013,True,har_x,0.0097548904119568,0.015416143322539424
126,25.09.2013,2,2013,True,har_x,0.0098221762839313,0.015419834013249504
126,26.09.2013,2,2013,True,har_x,0.0098061790258143,0.015205871270728416
126,27.09.2013,2,2013,True,har_x,0.0098233529289338,0.01507025920124395
126,30.09.2013,2,2013,True,har_x,0.0099446619441968,0.01480459387909566
126,01.10.2013,2,2013,True,har_x,0.0099417620477105,0.01403666571892909
126,02.10.2013,2,2013,True,har_x,0.0098968835435804,0.01392430165070577
126,03.10.2013,2,2013,True,har_x,0.009896303291695,0.01394867139134812
126,04.10.2013,2,2013,True,har_x,0.0099939092969324,0.013667081009813845
126,07.10.2013,2,2013,True,har_x,0.0099957757107483,0.013666816648184938
126,08.10.2013,2,2013,True,har_x,0.0099880086921582,0.017019792441128164
126,09.10.2013,2,2013,True,har_x,0.0099659899478988,0.016973262028058274
126,10.10.2013,2,2013,True,har_x,0.0097209045963768,0.017402207995788142
126,11.10.2013,2,2013,True,har_x,0.0097276200247279,0.017601666633121793
126,14.10.2013,2,2013,True,har_x,0.0097266670551586,0.01730625657658704
126,15.10.2013,2,2013,True,har_x,0.0097391861968827,0.017496457115717456
126,16.10.2013,2,2013,True,har_x,0.0097305978483725,0.01583532693599961
126,17.10.2013,2,2013,True,har_x,0.0098021195746493,0.01521208768332372
126,21.10.2013,2,2013,True,har_x,0.0097704283148933,0.014478327221519656
126,22.10.2013,2,2013,True,har_x,0.0097946179339633,0.013905917429605667
126,23.10.2013,2,2013,True,har_x,0.0096354666280415,0.013912593807444355
126,24.10.2013,2,2013,True,har_x,0.0096355647728639,0.01494536948638052
126,25.10.2013,2,2013,True,har_x,0.0096628044499886,0.014240026080919531
126,28.10.2013,2,2013,True,har_x,0.0094200881526069,0.013647061176802786
126,29.10.2013,2,2013,True,har_x,0.009450885054591,0.01679094810697795
126,30.10.2013,2,2013,True,har_x,0.0094248922125789,0.016452873248957573
126,31.10.2013,2,2013,True,har_x,0.0093893976809128,0.01641020541152385
126,01.11.2013,2,2013,True,har_x,0.0090751566276377,0.016358822491109773
126,04.11.2013,2,2013,True,har_x,0.0090959334951002,0.01735887770995275
126,05.11.2013,2,2013,True,har_x,0.0090926931199881,0.015753894297862843
126,06.11.2013,2,2013,True,har_x,0.0090936138296728,0.01598185680417704
126,07.11.2013,2,2013,True,har_x,0.0089579418246108,0.015411630198721951
126,08.11.2013,2,2013,True,har_x,0.0088948017955875,0.015735038795767035
126,11.11.2013,2,2013,True,har_x,0.0088348615017696,0.015341855398866799
126,12.11.2013,2,2013,True,har_x,0.0088449022824869,0.015389089030468685
126,13.11.2013,2,2013,True,har_x,0.0087812457685381,0.015207851367154829
126,14.11.2013,2,2013,True,har_x,0.0087051331222046,0.015228072648091326
126,15.11.2013,2,2013,True,har_x,0.0087158951068991,0.01504954769183527
126,19.11.2013,2,2013,True,har_x,0.0086099364924776,0.014661476470266777
126,20.11.2013,2,2013,True,har_x,0.008560010910125,0.013963799478594961
126,21.11.2013,2,2013,True,har_x,0.0084116150157852,0.013911965466043945
126,22.11.2013,2,2013,True,har_x,0.0083870143631597,0.013807597234804729
126,25.11.2013,2,2013,True,har_x,0.0083869759649723,0.013435475176524131
126,26.11.2013,2,2013,True,har_x,0.0083931000800571,0.0126997862299264
126,27.11.2013,2,2013,True,har_x,0.0083920588839845,0.0126997862299264
126,29.11.2013,2,2013,True,har_x,0.0082919324239659,0.0126997862299264
126,02.12.2013,2,2013,True,har_x,0.0082461883699118,0.0126997862299264
126,03.12.2013,2,2013,True,har_x,0.0081997194131769,0.015308565370267428
126,04.12.2013,2,2013,True,har_x,0.0081878440505985,0.014852555864035819
126,05.12.2013,2,2013,True,har_x,0.0085196406651844,0.014725520223312773
126,06.12.2013,2,2013,True,har_x,0.008510445615678,0.014661051060176709
126,09.12.2013,2,2013,True,har_x,0.0083163688436568,0.014311103495249392
126,10.12.2013,2,2013,True,har_x,0.0083177711248275,0.014506043280091932
126,11.12.2013,2,2013,True,har_x,0.0083367494399589,0.013917005541389
126,12.12.2013,2,2013,True,har_x,0.0083112528122774,0.013990039345516254
126,13.12.2013,2,2013,True,har_x,0.008314028415767,0.01419427490958828
126,16.12.2013,2,2013,True,har_x,0.0082303500979988,0.014026993701538041
126,17.12.2013,2,2013,True,har_x,0.0082335771062795,0.013832710562780992
126,19.12.2013,2,2013,True,har_x,0.0082416600701463,0.013616432864003348
126,20.12.2013,2,2013,True,har_x,0.0081822630454137,0.01329821331993781
126,23.12.2013,2,2013,True,har_x,0.0081805491156704,0.013274330451069504
126,24.12.2013,2,2013,True,har_x,0.00821076791293,0.013891848271178665
126,26.12.2013,2,2013,True,har_x,0.0082107437995654,0.013742223327097524
126,27.12.2013,2,2013,True,har_x,0.0082518440156145,0.013675150713567785
126,30.12.2013,2,2013,True,har_x,0.0082177346182512,0.013819818252761698
126,31.12.2013,2,2013,True,har_x,0.0082339689277104,0.0126997862299264
5,02.01.2014,3,2014,True,har,0.0055900519581994,0.009371506327736845
5,03.01.2014,3,2014,True,har,0.0061744660061707,0.011285887647781243
5,06.01.2014,3,2014,True,har,0.0066019372410342,0.010418753945503127
5,07.01.2014,3,2014,True,har,0.0058325064259333,0.010159412867845236
5,08.01.2014,3,2014,True,har,0.0070137663003642,0.010393713619185611
5,09.01.2014,3,2014,True,har,0.0058661860265603,0.01015532670447626
5,10.01.2014,3,2014,True,har,0.0044967058272868,0.00945123863136471
5,13.01.2014,3,2014,True,har,0.0060415852778053,0.009691131295844395
5,14.01.2014,3,2014,True,har,0.0069047066427392,0.009587038933129264
5,15.01.2014,3,2014,True,har,0.0064307942384515,0.009382055837141693
5,16.01.2014,3,2014,True,har,0.0085913809815078,0.0096494896275232
5,17.01.2014,3,2014,True,har,0.0092341232725789,0.008790725286793576
5,22.01.2014,3,2014,True,har,0.0075925901278188,0.008757957934987709
5,23.01.2014,3,2014,True,har,0.0069144416894773,0.009514213545527596
5,24.01.2014,3,2014,True,har,0.0094451227738855,0.0089048204488683
5,27.01.2014,3,2014,True,har,0.008306486406899,0.008837446938018937
5,28.01.2014,3,2014,True,har,0.0070263982697371,0.009284429710422405
5,29.01.2014,3,2014,True,har,0.0071153361765939,0.009342936860098655
5,30.01.2014,3,2014,True,har,0.0088590873259901,0.009280217982064794
5,31.01.2014,3,2014,True,har,0.0103034277763868,0.009066775440382778
5,03.02.2014,3,2014,True,har,0.0116544779603729,0.00991726879993607
5,04.02.2014,3,2014,True,har,0.0112655959219237,0.007727577691804871
5,05.02.2014,3,2014,True,har,0.0114422429937858,0.007495564849027068
5,06.02.2014,3,2014,True,har,0.0113726395738286,0.007628055410064409
5,07.02.2014,3,2014,True,har,0.0039978187038731,0.007942981014851417
5,10.02.2014,3,2014,True,har,0.0070208646409281,0.009639507876594483
5,11.02.2014,3,2014,True,har,0.0072795728879118,0.009329119469265573
5,12.02.2014,3,2014,True,har,0.007947324610839,0.008940466978425765
5,13.02.2014,3,2014,True,har,0.0080907459697827,0.008884836579945977
5,14.02.2014,3,2014,True,har,0.010218328003247,0.008825680303962576
5,19.02.2014,3,2014,True,har,0.0063425299820654,0.008547345503371781
5,20.02.2014,3,2014,True,har,0.006516445091446,0.00964346797643614
5,21.02.2014,3,2014,True,har,0.0065933011259634,0.009225342237275185
5,24.02.2014,3,2014,True,har,0.0111987548039301,0.009133406264183245
5,25.02.2014,3,2014,True,har,0.013206355155197,0.009185187691923311
5,26.02.2014,3,2014,True,har,0.0145535251166977,0.009636167894930396
5,27.02.2014,3,2014,True,har,0.0147546457478029,0.008877474707984783
5,28.02.2014,3,2014,True,har,0.0154191404126675,0.009048307992310673
5,03.03.2014,3,2014,True,har,0.0110328425943345,0.008894411362858429
5,04.03.2014,3,2014,True,har,0.0095027853208556,0.010360811556767947
5,05.03.2014,3,2014,True,har,0.006930666848392,0.010555258724621729
5,06.03.2014,3,2014,True,har,0.0072267584578108,0.010947160371146947
5,07.03.2014,3,2014,True,har,0.0081416057740489,0.010599921278367223
5,10.03.2014,3,2014,True,har,0.006944263922946,0.010855130481624377
5,11.03.2014,3,2014,True,har,0.0098543848190951,0.010808249395154856
5,12.03.2014,3,2014,True,har,0.010170126624699,0.009636166064506822
5,13.03.2014,3,2014,True,har,0.0109357947741829,0.009482806791006876
5,14.03.2014,3,2014,True,har,0.0093127062117453,0.009585746455507239
5,17.03.2014,3,2014,True,har,0.0092623315149463,0.010049833129676606
5,18.03.2014,3,2014,True,har,0.0057602385916531,0.009695857934573452
5,19.03.2014,3,2014,True,har,0.0027754187777422,0.0107911813676819
5,20.03.2014,3,2014,True,har,0.0033806682519872,0.010030360788165198
5,21.03.2014,3,2014,True,har,0.003222616593264,0.010079174465669985
5,24.03.2014,3,2014,True,har,0.0037397118047829,0.010068265689047574
5,25.03.2014,3,2014,True,har,0.0104633343791102,0.009795494733663316
5,26.03.2014,3,2014,True,har,0.0105329874045871,0.009581895706300848
5,27.03.2014,3,2014,True,har,0.0121937903127827,0.00947507613873832
5,28.03.2014,3,2014,True,har,0.0126115307156822,0.009819560981715197
5,31.03.2014,3,2014,True,har,0.012896430065583,0.009667549265520275
5,01.04.2014,3,2014,True,har,0.011783438756988,0.00870879282373744
5,02.04.2014,3,2014,True,har,0.009943273838881,0.009633787591101351
5,03.04.2014,3,2014,True,har,0.0100282770298767,0.00895723681004629
5,04.04.2014,3,2014,True,har,0.0099830054063883,0.009600877981725443
5,07.04.2014,3,2014,True,har,0.0101120826237681,0.00926658451585565
5,08.04.2014,3,2014,True,har,0.0083856911234337,0.009368184618633858
5,09.04.2014,3,2014,True,har,0.0083879092777913,0.010324515319897238
5,10.04.2014,3,2014,True,har,0.0077698293995801,0.009811754868562906
5,11.04.2014,3,2014,True,har,0.0072653390290552,0.009848732015965632
5,14.04.2014,3,2014,True,har,0.005164003765812,0.009448917539971744
5,15.04.2014,3,2014,True,har,0.0049496547439807,0.010505054637117768
5,16.04.2014,3,2014,True,har,0.006794074399427,0.009453184508339471
5,17.04.2014,3,2014,True,har,0.0075067687604036,0.009138693334737701
5,21.04.2014,3,2014,True,har,0.009142930753685,0.00933643407199169
5,22.04.2014,3,2014,True,har,0.0101683513990107,0.009229672710389256
5,23.04.2014,3,2014,True,har,0.0107797712246596,0.009376447356984492
5,24.04.2014,3,2014,True,har,0.0080104402590735,0.009240798644267549
5,25.04.2014,3,2014,True,har,0.0095347117365345,0.009806272250439283
5,28.04.2014,3,2014,True,har,0.008095712578905,0.009746975428348507
5,29.04.2014,3,2014,True,har,0.0066468575787859,0.010406717656251311
5,30.04.2014,3,2014,True,har,0.0081920341802138,0.010366366992368365
5,01.05.2014,3,2014,True,har,0.0080559592878034,0.009598359975416885
5,02.05.2014,3,2014,True,har,0.0069934869387945,0.009204743524796595
5,05.05.2014,3,2014,True,har,0.0062100486128275,0.009152558177600561
5,06.05.2014,3,2014,True,har,0.0050384179160193,0.009274795013691634
5,07.05.2014,3,2014,True,har,0.0046812928538155,0.009092714459043215
5,08.05.2014,3,2014,True,har,0.0040861688988735,0.008734368505089712
5,09.05.2014,3,2014,True,har,0.0036735385493243,0.008434126523864065
5,12.05.2014,3,2014,True,har,0.0073153934594985,0.008366176870086681
5,13.05.2014,3,2014,True,har,0.0066443808912067,0.008500612039859705
5,14.05.2014,3,2014,True,har,0.0064003601466923,0.008001497524056189
5,15.05.2014,3,2014,True,har,0.0063973513817914,0.008193624814757402
5,16.05.2014,3,2014,True,har,0.0064458627517259,0.007991276195757424
5,19.05.2014,3,2014,True,har,0.004752736339705,0.007810105477823611
5,20.05.2014,3,2014,True,har,0.0048023911857553,0.008408646888921126
5,21.05.2014,3,2014,True,har,0.0026497754458306,0.008106170008348207
5,22.05.2014,3,2014,True,har,0.0032317051895306,0.008395697427443774
5,23.05.2014,3,2014,True,har,0.0029029497495353,0.007884471319139826
5,27.05.2014,3,2014,True,har,0.0030016593654185,0.007738956527146277
5,28.05.2014,3,2014,True,har,0.0030820177409741,0.0072512183223132735
5,29.05.2014,3,2014,True,har,0.0038372890734606,0.007005239344794623
5,30.05.2014,3,2014,True,har,0.0034670816606601,0.006651358098746759
5,02.06.2014,3,2014,True,har,0.0064717554174717,0.006855649385339734
5,03.06.2014,3,2014,True,har,0.0070732471945175,0.006783270405158208
5,04.06.2014,3,2014,True,har,0.0064890827340707,0.006359020119555952
5,05.06.2014,3,2014,True,har,0.0128766918507161,0.006374977436751319
5,06.06.2014,3,2014,True,har,0.0121380564079481,0.006046312941709222
5,09.06.2014,3,2014,True,har,0.0126414779196166,0.005989612970762696
5,10.06.2014,3,2014,True,har,0.011661569569147,0.0069672108242641966
5,11.06.2014,3,2014,True,har,0.0115338392514247,0.006758354267627894
5,12.06.2014,3,2014,True,har,0.0036772538825514,0.0065805569848157094
5,13.06.2014,3,2014,True,har,0.0044958453507235,0.009520091657495289
5,16.06.2014,3,2014,True,har,0.0057433311703373,0.008775251526248376
5,17.06.2014,3,2014,True,har,0.0057771453520422,0.008750245794186082
5,18.06.2014,3,2014,True,har,0.0053333130936398,0.008404995004960523
5,19.06.2014,3,2014,True,har,0.0039352311526214,0.008629384467270079
5,20.06.2014,3,2014,True,har,0.0043398165408209,0.008420134877303774
5,23.06.2014,3,2014,True,har,0.0048772378642072,0.008301816421718998
5,24.06.2014,3,2014,True,har,0.0039284241650493,0.0086147408751121
5,25.06.2014,3,2014,True,har,0.0046614325143613,0.008411180510499026
5,26.06.2014,3,2014,True,har,0.0046266926786487,0.008489665817830639
5,27.06.2014,3,2014,True,har,0.0038729976416478,0.00874535917767768
5,30.06.2014,3,2014,True,har,0.0047471691745763,0.00844848950968322
5,01.07.2014,3,2014,True,har,0.0036504492405609,0.00882735523528148
5,02.07.2014,3,2014,True,har,0.0057699448850144,0.008575005789310117
5,03.07.2014,3,2014,True,har,0.008188101668796,0.009089869999561968
5,07.07.2014,3,2014,True,har,0.0095901431788181,0.008880186624908297
5,08.07.2014,3,2014,True,har,0.009233062944795,0.009141126329371061
5,09.07.2014,3,2014,True,har,0.0093707934985611,0.009283736444985985
5,10.07.2014,3,2014,True,har,0.0088724424406735,0.009122875180333532
5,11.07.2014,3,2014,True,har,0.0076188192384605,0.009088622634237799
5,14.07.2014,3,2014,True,har,0.0077031125043948,0.008006579692593534
5,15.07.2014,3,2014,True,har,0.0060216298203714,0.007541121228431204
5,16.07.2014,3,2014,True,har,0.0057395346678643,0.007822752080234559
5,17.07.2014,3,2014,True,har,0.0082426246193025,0.007515623744018703
5,18.07.2014,3,2014,True,har,0.0083168708381077,0.007176097888904517
5,21.07.2014,3,2014,True,har,0.0092213232834711,0.007917144451962278
5,22.07.2014,3,2014,True,har,0.0090698891378043,0.007844995605594311
5,23.07.2014,3,2014,True,har,0.0097066113867351,0.007755149432575606
5,24.07.2014,3,2014,True,har,0.0092086076899734,0.008012631599541095
5,25.07.2014,3,2014,True,har,0.0052907280520335,0.008244622153448533
5,28.07.2014,3,2014,True,har,0.0074698126605499,0.00891726499268673
5,29.07.2014,3,2014,True,har,0.0068907191997867,0.008840638738065804
5,30.07.2014,3,2014,True,har,0.0064773943135969,0.008589526318838135
5,31.07.2014,3,2014,True,har,0.0082499003521869,0.009108630953865906
5,01.08.2014,3,2014,True,har,0.0064871902041711,0.008780528155131872
5,04.08.2014,3,2014,True,har,0.0059240803336235,0.009081989699964037
5,05.08.2014,3,2014,True,har,0.0086689255396813,0.009069151462596079
5,06.08.2014,3,2014,True,har,0.0111074097481983,0.00895856960999918
5,07.08.2014,3,2014,True,har,0.0131850925196184,0.008683531726138158
5,08.08.2014,3,2014,True,har,0.0134396961762554,0.009138228429429764
5,11.08.2014,3,2014,True,har,0.0134301557485216,0.00816763534245198
5,12.08.2014,3,2014,True,har,0.0122856083835995,0.008102784795895587
5,13.08.2014,3,2014,True,har,0.0108583226598731,0.008992068421855133
5,14.08.2014,3,2014,True,har,0.0040792191101847,0.009385453827421368
5,15.08.2014,3,2014,True,har,0.0045373846128707,0.01072163575314889
5,18.08.2014,3,2014,True,har,0.0039982035813722,0.009621847400547247
5,19.08.2014,3,2014,True,har,0.0041860558915532,0.009601515474894169
5,20.08.2014,3,2014,True,har,0.003085207891312,0.009495631097889258
5,21.08.2014,3,2014,True,har,0.0029984602366252,0.00969232682189028
5,22.08.2014,3,2014,True,har,0.0038909066781316,0.00940597297781364
5,25.08.2014,3,2014,True,har,0.0136416277184844,0.00888337642470617
5,26.08.2014,3,2014,True,har,0.0188219570518644,0.008909475181738296
5,27.08.2014,3,2014,True,har,0.0192557646084014,0.008816618004344924
5,28.08.2014,3,2014,True,har,0.0196159966341817,0.008644418347530219
5,29.08.2014,3,2014,True,har,0.0187480217344944,0.008634740755886007
5,02.09.2014,3,2014,True,har,0.0147928453014539,0.00871849187734376
5,03.09.2014,3,2014,True,har,0.0019819736647756,0.011108445177444892
5,04.09.2014,3,2014,True,har,0.0048450267299621,0.01233188083314292
5,05.09.2014,3,2014,True,har,0.004841368489835,0.012008860101829345
5,08.09.2014,3,2014,True,har,0.0049786443976779,0.011984641421076268
5,09.09.2014,3,2014,True,har,0.0054077041497786,0.011870651300098786
5,10.09.2014,3,2014,True,har,0.0130023199404608,0.012023297966263552
5,11.09.2014,3,2014,True,har,0.0146431911443733,0.01157015427911054
5,12.09.2014,3,2014,True,har,0.0139387358984514,0.010898868075275974
5,15.09.2014,3,2014,True,har,0.0157960210985471,0.010551302935794513
5,16.09.2014,3,2014,True,har,0.0158169093487189,0.010397319316881638
5,17.09.2014,3,2014,True,har,0.0092900596442013,0.010278443658485922
5,18.09.2014,3,2014,True,har,0.0079591257359478,0.012461087088155121
5,19.09.2014,3,2014,True,har,0.0065900474453067,0.012242749241797529
5,22.09.2014,3,2014,True,har,0.0012231246184106,0.012142043021614729
5,23.09.2014,3,2014,True,har,0.0122216663726763,0.01266976535486623
5,24.09.2014,3,2014,True,har,0.0118186641715144,0.012198739978092881
5,25.09.2014,3,2014,True,har,0.0112738793413094,0.012065288850829428
5,26.09.2014,3,2014,True,har,0.0105226078139723,0.011995548545639253
5,29.09.2014,3,2014,True,har,0.011462820648482,0.01196178540205856
5,30.09.2014,3,2014,True,har,0.0064226910275539,0.011771127787938863
5,01.10.2014,3,2014,True,har,0.0065156159019231,0.012628183078520903
5,02.10.2014,3,2014,True,har,0.0076186617493575,0.010520628608590547
5,03.10.2014,3,2014,True,har,0.0080079921228499,0.010561418985939132
5,06.10.2014,3,2014,True,har,0.0067833480646212,0.010723469549665736
5,07.10.2014,3,2014,True,har,0.0172021887552399,0.010708469548342243
5,08.10.2014,3,2014,True,har,0.0166642439336965,0.010594331672007344
5,09.10.2014,3,2014,True,har,0.0203265594661195,0.010529491497327789
5,10.10.2014,3,2014,True,har,0.0201606361226623,0.010960556408247099
5,13.10.2014,3,2014,True,har,0.0225438816494519,0.010570034738976681
5,14.10.2014,3,2014,True,har,0.0105660936639458,0.0111717891392567
5,15.10.2014,3,2014,True,har,0.0117209703425688,0.014887279812838413
5,16.10.2014,3,2014,True,har,0.0155383870894815,0.012471690536629066
5,17.10.2014,3,2014,True,har,0.0166810255409262,0.012746576751824366
5,20.10.2014,3,2014,True,har,0.0164859922826585,0.012275562035915032
5,21.10.2014,3,2014,True,har,0.0158534071677988,0.013013378789809273
5,22.10.2014,3,2014,True,har,0.0131837510708843,0.013082746008383273
5,23.10.2014,3,2014,True,har,0.009157034617998,0.013479416427226347
5,24.10.2014,3,2014,True,har,0.0086126643515513,0.015139743741258656
5,27.10.2014,3,2014,True,har,0.0102034656198302,0.014618326855416452
5,28.10.2014,3,2014,True,har,0.0132213936003756,0.014388317725084455
5,29.10.2014,3,2014,True,har,0.0093703314846997,0.013792539900652346
5,30.10.2014,3,2014,True,har,0.010133662106054,0.014463760585846175
5,31.10.2014,3,2014,True,har,0.0120541981227348,0.01432974091858761
5,03.11.2014,3,2014,True,har,0.0120560383685315,0.014046562914303179
5,04.11.2014,3,2014,True,har,0.0076240550925422,0.014318256764754272
5,05.11.2014,3,2014,True,har,0.0090074069953794,0.015192572948025694
5,06.11.2014,3,2014,True,har,0.0135267172457045,0.014485996473929993
5,07.11.2014,3,2014,True,har,0.0108149088919137,0.01436099394404635
5,10.11.2014,3,2014,True,har,0.0187773609829932,0.014671355498713512
5,11.11.2014,3,2014,True,har,0.0188321268752651,0.014807468906553184
5,12.11.2014,3,2014,True,har,0.018312333493432,0.011932540315909967
5,13.11.2014,3,2014,True,har,0.0134228684592254,0.01224888865246823
5,14.11.2014,3,2014,True,har,0.0134753731226207,0.013922072955620186
5,17.11.2014,3,2014,True,har,0.0123914591691394,0.01294530597884539
5,18.11.2014,3,2014,True,har,0.0141112512525083,0.014252147127912018
5,19.11.2014,3,2014,True,har,0.0143702030896402,0.013741381204257806
5,20.11.2014,3,2014,True,har,0.0451158473517674,0.013272522674621711
5,21.11.2014,3,2014,True,har,0.0500657725584232,0.012764820921934289
5,24.11.2014,3,2014,True,har,0.0496565896538458,0.013128811217710033
5,25.11.2014,3,2014,True,har,0.0500947691016574,0.013008209360231702
5,26.11.2014,3,2014,True,har,0.0503781313437315,0.01350870449675373
5,28.11.2014,3,2014,True,har,0.022458328193281,0.012712330982052376
5,01.12.2014,3,2014,True,har,0.0164226360876594,0.02638780483812033
5,02.12.2014,3,2014,True,har,0.0193035233965902,0.02584768662914657
5,03.12.2014,3,2014,True,har,0.0230846638173571,0.02594219989363549
5,04.12.2014,3,2014,True,har,0.0225107064555626,0.02520212136960594
5,05.12.2014,3,2014,True,har,0.0222065292388306,0.024996919719022962
5,08.12.2014,3,2014,True,har,0.0191060877104642,0.024437173206384805
5,09.12.2014,3,2014,True,har,0.0125232750584158,0.025939524193750074
5,10.12.2014,3,2014,True,har,0.0107377879619474,0.02532490683188022
5,11.12.2014,3,2014,True,har,0.0107189301078239,0.02692087108969226
5,12.12.2014,3,2014,True,har,0.021514479068117,0.025955698287270915
5,15.12.2014,3,2014,True,har,0.0228354779760604,0.026521087734149077
5,16.12.2014,3,2014,True,har,0.0236265863670592,0.02588529184872599
5,17.12.2014,3,2014,True,har,0.0272406243322852,0.025164173136715567
5,18.12.2014,3,2014,True,har,0.0277133978529759,0.024663510439428372
5,19.12.2014,3,2014,True,har,0.0216632568233808,0.024861357401708438
5,22.12.2014,3,2014,True,har,0.0214997618814836,0.027014979860442212
5,23.12.2014,3,2014,True,har,0.0109519862572387,0.026136690365523296
5,24.12.2014,3,2014,True,har,0.0098257771186882,0.027420672402255927
5,26.12.2014,3,2014,True,har,0.0233564557063315,0.02750790722317457
5,29.12.2014,3,2014,True,har,0.024460690807252,0.027170752785883396
5,30.12.2014,3,2014,True,har,0.0246251020420348,0.020840058666485545
5,31.12.2014,3,2014,True,har,0.0256902033771827,0.018172866156772445
5,02.01.2014,3,2014,True,har_ovx,0.0055900519581994,0.005929442867502509
5,03.01.2014,3,2014,True,har_ovx,0.0061744660061707,0.0076015283674812605
5,06.01.2014,3,2014,True,har_ovx,0.0066019372410342,0.007430621557239937
5,07.01.2014,3,2014,True,har_ovx,0.0058325064259333,0.007391940883134319
5,08.01.2014,3,2014,True,har_ovx,0.0070137663003642,0.0068430739004693335
5,09.01.2014,3,2014,True,har_ovx,0.0058661860265603,0.006996034430383975
5,10.01.2014,3,2014,True,har_ovx,0.0044967058272868,0.0068525895743981645
5,13.01.2014,3,2014,True,har_ovx,0.0060415852778053,0.006878893168154214
5,14.01.2014,3,2014,True,har_ovx,0.0069047066427392,0.006946202911681498
5,15.01.2014,3,2014,True,har_ovx,0.0064307942384515,0.006947006560137855
5,16.01.2014,3,2014,True,har_ovx,0.0085913809815078,0.006413711842736676
5,17.01.2014,3,2014,True,har_ovx,0.0092341232725789,0.005759373150457199
5,22.01.2014,3,2014,True,har_ovx,0.0075925901278188,0.005406969354188478
5,23.01.2014,3,2014,True,har_ovx,0.0069144416894773,0.006181752368847814
5,24.01.2014,3,2014,True,har_ovx,0.0094451227738855,0.006246051298142355
5,27.01.2014,3,2014,True,har_ovx,0.008306486406899,0.006571450044151304
5,28.01.2014,3,2014,True,har_ovx,0.0070263982697371,0.007402367159238002
5,29.01.2014,3,2014,True,har_ovx,0.0071153361765939,0.007320745159151273
5,30.01.2014,3,2014,True,har_ovx,0.0088590873259901,0.007354871461681442
5,31.01.2014,3,2014,True,har_ovx,0.0103034277763868,0.006755020026159082
5,03.02.2014,3,2014,True,har_ovx,0.0116544779603729,0.0072874532073167585
5,04.02.2014,3,2014,True,har_ovx,0.0112655959219237,0.00730085101120128
5,05.02.2014,3,2014,True,har_ovx,0.0114422429937858,0.007197542698344791
5,06.02.2014,3,2014,True,har_ovx,0.0113726395738286,0.0068195141682722005
5,07.02.2014,3,2014,True,har_ovx,0.0039978187038731,0.0063351933133442475
5,10.02.2014,3,2014,True,har_ovx,0.0070208646409281,0.006534276780502942
5,11.02.2014,3,2014,True,har_ovx,0.0072795728879118,0.006348062989114166
5,12.02.2014,3,2014,True,har_ovx,0.007947324610839,0.006122859072266096
5,13.02.2014,3,2014,True,har_ovx,0.0080907459697827,0.006195954572327925
5,14.02.2014,3,2014,True,har_ovx,0.010218328003247,0.006058782099123389
5,19.02.2014,3,2014,True,har_ovx,0.0063425299820654,0.005801887972599387
5,20.02.2014,3,2014,True,har_ovx,0.006516445091446,0.006299904762069861
5,21.02.2014,3,2014,True,har_ovx,0.0065933011259634,0.005655754706124918
5,24.02.2014,3,2014,True,har_ovx,0.0111987548039301,0.005776897718086711
5,25.02.2014,3,2014,True,har_ovx,0.013206355155197,0.00594453476862329
5,26.02.2014,3,2014,True,har_ovx,0.0145535251166977,0.006153079457575941
5,27.02.2014,3,2014,True,har_ovx,0.0147546457478029,0.006055236314470514
5,28.02.2014,3,2014,True,har_ovx,0.0154191404126675,0.006307825956651891
5,03.03.2014,3,2014,True,har_ovx,0.0110328425943345,0.006174564184226178
5,04.03.2014,3,2014,True,har_ovx,0.0095027853208556,0.007652104999158723
5,05.03.2014,3,2014,True,har_ovx,0.006930666848392,0.007057687331683827
5,06.03.2014,3,2014,True,har_ovx,0.0072267584578108,0.007292370927825103
5,07.03.2014,3,2014,True,har_ovx,0.0081416057740489,0.006922008082522802
5,10.03.2014,3,2014,True,har_ovx,0.006944263922946,0.007028910362341642
5,11.03.2014,3,2014,True,har_ovx,0.0098543848190951,0.007407067966771338
5,12.03.2014,3,2014,True,har_ovx,0.010170126624699,0.007289750869803435
5,13.03.2014,3,2014,True,har_ovx,0.0109357947741829,0.007500632273146901
5,14.03.2014,3,2014,True,har_ovx,0.0093127062117453,0.0074864502327577406
5,17.03.2014,3,2014,True,har_ovx,0.0092623315149463,0.008068229797060983
5,18.03.2014,3,2014,True,har_ovx,0.0057602385916531,0.007233153897449385
5,19.03.2014,3,2014,True,har_ovx,0.0027754187777422,0.0074820001906353035
5,20.03.2014,3,2014,True,har_ovx,0.0033806682519872,0.006993746738513475
5,21.03.2014,3,2014,True,har_ovx,0.003222616593264,0.006844586044100417
5,24.03.2014,3,2014,True,har_ovx,0.0037397118047829,0.00679430295082447
5,25.03.2014,3,2014,True,har_ovx,0.0104633343791102,0.006722354247845638
5,26.03.2014,3,2014,True,har_ovx,0.0105329874045871,0.0066719302142904295
5,27.03.2014,3,2014,True,har_ovx,0.0121937903127827,0.006772205449658001
5,28.03.2014,3,2014,True,har_ovx,0.0126115307156822,0.006954583921669532
5,31.03.2014,3,2014,True,har_ovx,0.012896430065583,0.0068094350472727334
5,01.04.2014,3,2014,True,har_ovx,0.011783438756988,0.006567642160919294
5,02.04.2014,3,2014,True,har_ovx,0.009943273838881,0.006811845658322925
5,03.04.2014,3,2014,True,har_ovx,0.0100282770298767,0.006609695874426566
5,04.04.2014,3,2014,True,har_ovx,0.0099830054063883,0.006052604183896916
5,07.04.2014,3,2014,True,har_ovx,0.0101120826237681,0.0057860938122265265
5,08.04.2014,3,2014,True,har_ovx,0.0083856911234337,0.0060133931052382015
5,09.04.2014,3,2014,True,har_ovx,0.0083879092777913,0.0065478358915231644
5,10.04.2014,3,2014,True,har_ovx,0.0077698293995801,0.006201209681948654
5,11.04.2014,3,2014,True,har_ovx,0.0072653390290552,0.0063116944697821295
5,14.04.2014,3,2014,True,har_ovx,0.005164003765812,0.005997393471372026
5,15.04.2014,3,2014,True,har_ovx,0.0049496547439807,0.0065815622529328
5,16.04.2014,3,2014,True,har_ovx,0.006794074399427,0.006261253175671654
5,17.04.2014,3,2014,True,har_ovx,0.0075067687604036,0.006249420243873569
5,21.04.2014,3,2014,True,har_ovx,0.009142930753685,0.00640243599143719
5,22.04.2014,3,2014,True,har_ovx,0.0101683513990107,0.00603562114146434
5,23.04.2014,3,2014,True,har_ovx,0.0107797712246596,0.006480375012834293
5,24.04.2014,3,2014,True,har_ovx,0.0080104402590735,0.006231963485423937
5,25.04.2014,3,2014,True,har_ovx,0.0095347117365345,0.006326218192550642
5,28.04.2014,3,2014,True,har_ovx,0.008095712578905,0.0065098424079178575
5,29.04.2014,3,2014,True,har_ovx,0.0066468575787859,0.006805511234594222
5,30.04.2014,3,2014,True,har_ovx,0.0081920341802138,0.006724194604829869
5,01.05.2014,3,2014,True,har_ovx,0.0080559592878034,0.00656791759250169
5,02.05.2014,3,2014,True,har_ovx,0.0069934869387945,0.006066312047001193
5,05.05.2014,3,2014,True,har_ovx,0.0062100486128275,0.0056778213595319715
5,06.05.2014,3,2014,True,har_ovx,0.0050384179160193,0.00618056491400353
5,07.05.2014,3,2014,True,har_ovx,0.0046812928538155,0.0058789161041613806
5,08.05.2014,3,2014,True,har_ovx,0.0040861688988735,0.005596033766406553
5,09.05.2014,3,2014,True,har_ovx,0.0036735385493243,0.005329086647442707
5,12.05.2014,3,2014,True,har_ovx,0.0073153934594985,0.005112416516730603
5,13.05.2014,3,2014,True,har_ovx,0.0066443808912067,0.005035858701032965
5,14.05.2014,3,2014,True,har_ovx,0.0064003601466923,0.005082652477254898
5,15.05.2014,3,2014,True,har_ovx,0.0063973513817914,0.005091710924167123
5,16.05.2014,3,2014,True,har_ovx,0.0064458627517259,0.004606054067020429
5,19.05.2014,3,2014,True,har_ovx,0.004752736339705,0.004286906111246267
5,20.05.2014,3,2014,True,har_ovx,0.0048023911857553,0.004599393791824806
5,21.05.2014,3,2014,True,har_ovx,0.0026497754458306,0.004649810406677282
5,22.05.2014,3,2014,True,har_ovx,0.0032317051895306,0.0048787217876836994
5,23.05.2014,3,2014,True,har_ovx,0.0029029497495353,0.004510398103902946
5,27.05.2014,3,2014,True,har_ovx,0.0030016593654185,0.0043815978984305835
5,28.05.2014,3,2014,True,har_ovx,0.0030820177409741,0.004460365667019387
5,29.05.2014,3,2014,True,har_ovx,0.0038372890734606,0.004322611585152859
5,30.05.2014,3,2014,True,har_ovx,0.0034670816606601,0.004081001817564726
5,02.06.2014,3,2014,True,har_ovx,0.0064717554174717,0.004170754259331019
5,03.06.2014,3,2014,True,har_ovx,0.0070732471945175,0.004121251602636967
5,04.06.2014,3,2014,True,har_ovx,0.0064890827340707,0.003957100930862867
5,05.06.2014,3,2014,True,har_ovx,0.0128766918507161,0.003924943426535814
5,06.06.2014,3,2014,True,har_ovx,0.0121380564079481,0.0036482229175327134
5,09.06.2014,3,2014,True,har_ovx,0.0126414779196166,0.003301612533911421
5,10.06.2014,3,2014,True,har_ovx,0.011661569569147,0.0036074436169617795
5,11.06.2014,3,2014,True,har_ovx,0.0115338392514247,0.003486714608032517
5,12.06.2014,3,2014,True,har_ovx,0.0036772538825514,0.003425547521123084
5,13.06.2014,3,2014,True,har_ovx,0.0044958453507235,0.006485733423308531
5,16.06.2014,3,2014,True,har_ovx,0.0057433311703373,0.006273142457004123
5,17.06.2014,3,2014,True,har_ovx,0.0057771453520422,0.00625232719123216
5,18.06.2014,3,2014,True,har_ovx,0.0053333130936398,0.005099522647791156
5,19.06.2014,3,2014,True,har_ovx,0.0039352311526214,0.005148759257145029
5,20.06.2014,3,2014,True,har_ovx,0.0043398165408209,0.0058887039647556845
5,23.06.2014,3,2014,True,har_ovx,0.0048772378642072,0.0061866224534323135
5,24.06.2014,3,2014,True,har_ovx,0.0039284241650493,0.0058323674611413575
5,25.06.2014,3,2014,True,har_ovx,0.0046614325143613,0.0056848951645090484
5,26.06.2014,3,2014,True,har_ovx,0.0046266926786487,0.005618656697467888
5,27.06.2014,3,2014,True,har_ovx,0.0038729976416478,0.0054065265267482
5,30.06.2014,3,2014,True,har_ovx,0.0047471691745763,0.004974748133667668
5,01.07.2014,3,2014,True,har_ovx,0.0036504492405609,0.005158574596714498
5,02.07.2014,3,2014,True,har_ovx,0.0057699448850144,0.0049267388038147526
5,03.07.2014,3,2014,True,har_ovx,0.008188101668796,0.004915164868629301
5,07.07.2014,3,2014,True,har_ovx,0.0095901431788181,0.004652881549541645
5,08.07.2014,3,2014,True,har_ovx,0.009233062944795,0.005205702961852597
5,09.07.2014,3,2014,True,har_ovx,0.0093707934985611,0.005215959091620462
5,10.07.2014,3,2014,True,har_ovx,0.0088724424406735,0.005205466785474662
5,11.07.2014,3,2014,True,har_ovx,0.0076188192384605,0.005120073958123289
5,14.07.2014,3,2014,True,har_ovx,0.0077031125043948,0.005219660070074716
5,15.07.2014,3,2014,True,har_ovx,0.0060216298203714,0.005327239891886943
5,16.07.2014,3,2014,True,har_ovx,0.0057395346678643,0.005401712590176955
5,17.07.2014,3,2014,True,har_ovx,0.0082426246193025,0.0046838738360268275
5,18.07.2014,3,2014,True,har_ovx,0.0083168708381077,0.005122558083129768
5,21.07.2014,3,2014,True,har_ovx,0.0092213232834711,0.005237785589644892
5,22.07.2014,3,2014,True,har_ovx,0.0090698891378043,0.004930944695944661
5,23.07.2014,3,2014,True,har_ovx,0.0097066113867351,0.005051694446458713
5,24.07.2014,3,2014,True,har_ovx,0.0092086076899734,0.004973467468762547
5,25.07.2014,3,2014,True,har_ovx,0.0052907280520335,0.004525707540058425
5,28.07.2014,3,2014,True,har_ovx,0.0074698126605499,0.005118687192834378
5,29.07.2014,3,2014,True,har_ovx,0.0068907191997867,0.004857098794310069
5,30.07.2014,3,2014,True,har_ovx,0.0064773943135969,0.004961933528651595
5,31.07.2014,3,2014,True,har_ovx,0.0082499003521869,0.005325230023302936
5,01.08.2014,3,2014,True,har_ovx,0.0064871902041711,0.006073342088263849
5,04.08.2014,3,2014,True,har_ovx,0.0059240803336235,0.006730465324901952
5,05.08.2014,3,2014,True,har_ovx,0.0086689255396813,0.006325004941608239
5,06.08.2014,3,2014,True,har_ovx,0.0111074097481983,0.00643368384808746
5,07.08.2014,3,2014,True,har_ovx,0.0131850925196184,0.006165002472571807
5,08.08.2014,3,2014,True,har_ovx,0.0134396961762554,0.006289944255990192
5,11.08.2014,3,2014,True,har_ovx,0.0134301557485216,0.006081519090504658
5,12.08.2014,3,2014,True,har_ovx,0.0122856083835995,0.005386769530611925
5,13.08.2014,3,2014,True,har_ovx,0.0108583226598731,0.005610831763672938
5,14.08.2014,3,2014,True,har_ovx,0.0040792191101847,0.005382650591372504
5,15.08.2014,3,2014,True,har_ovx,0.0045373846128707,0.006091521400866627
5,18.08.2014,3,2014,True,har_ovx,0.0039982035813722,0.005970811864019645
5,19.08.2014,3,2014,True,har_ovx,0.0041860558915532,0.006472890244900239
5,20.08.2014,3,2014,True,har_ovx,0.003085207891312,0.006403391773506063
5,21.08.2014,3,2014,True,har_ovx,0.0029984602366252,0.005845494685771389
5,22.08.2014,3,2014,True,har_ovx,0.0038909066781316,0.005708705265766493
5,25.08.2014,3,2014,True,har_ovx,0.0136416277184844,0.005147235390252125
5,26.08.2014,3,2014,True,har_ovx,0.0188219570518644,0.00539759273858452
5,27.08.2014,3,2014,True,har_ovx,0.0192557646084014,0.0052197295238870876
5,28.08.2014,3,2014,True,har_ovx,0.0196159966341817,0.005121778722942775
5,29.08.2014,3,2014,True,har_ovx,0.0187480217344944,0.0051525531552877165
5,02.09.2014,3,2014,True,har_ovx,0.0147928453014539,0.005250934906057441
5,03.09.2014,3,2014,True,har_ovx,0.0019819736647756,0.0064781700740725
5,04.09.2014,3,2014,True,har_ovx,0.0048450267299621,0.006614908554431972
5,05.09.2014,3,2014,True,har_ovx,0.004841368489835,0.006622349362539009
5,08.09.2014,3,2014,True,har_ovx,0.0049786443976779,0.0063789349248876675
5,09.09.2014,3,2014,True,har_ovx,0.0054077041497786,0.00735594801607524
5,10.09.2014,3,2014,True,har_ovx,0.0130023199404608,0.007244358364510532
5,11.09.2014,3,2014,True,har_ovx,0.0146431911443733,0.008195228904215895
5,12.09.2014,3,2014,True,har_ovx,0.0139387358984514,0.007841099335779792
5,15.09.2014,3,2014,True,har_ovx,0.0157960210985471,0.007242399020065205
5,16.09.2014,3,2014,True,har_ovx,0.0158169093487189,0.007483389449347521
5,17.09.2014,3,2014,True,har_ovx,0.0092900596442013,0.006744562011065108
5,18.09.2014,3,2014,True,har_ovx,0.0079591257359478,0.007308577518181707
5,19.09.2014,3,2014,True,har_ovx,0.0065900474453067,0.006970248706012466
5,22.09.2014,3,2014,True,har_ovx,0.0012231246184106,0.00671141677685601
5,23.09.2014,3,2014,True,har_ovx,0.0122216663726763,0.007569584949956205
5,24.09.2014,3,2014,True,har_ovx,0.0118186641715144,0.007717770978745778
5,25.09.2014,3,2014,True,har_ovx,0.0112738793413094,0.007524989394976204
5,26.09.2014,3,2014,True,har_ovx,0.0105226078139723,0.007709263999275351
5,29.09.2014,3,2014,True,har_ovx,0.011462820648482,0.007426207235542202
5,30.09.2014,3,2014,True,har_ovx,0.0064226910275539,0.007890043817159813
5,01.10.2014,3,2014,True,har_ovx,0.0065156159019231,0.008636276929050753
5,02.10.2014,3,2014,True,har_ovx,0.0076186617493575,0.008328240133866693
5,03.10.2014,3,2014,True,har_ovx,0.0080079921228499,0.008898508123904683
5,06.10.2014,3,2014,True,har_ovx,0.0067833480646212,0.009464338195958995
5,07.10.2014,3,2014,True,har_ovx,0.0172021887552399,0.00956710959584648
5,08.10.2014,3,2014,True,har_ovx,0.0166642439336965,0.010052990230254796
5,09.10.2014,3,2014,True,har_ovx,0.0203265594661195,0.010133291395139066
5,10.10.2014,3,2014,True,har_ovx,0.0201606361226623,0.011527414305824558
5,13.10.2014,3,2014,True,har_ovx,0.0225438816494519,0.012496861300122161
5,14.10.2014,3,2014,True,har_ovx,0.0105660936639458,0.013508954035846869
5,15.10.2014,3,2014,True,har_ovx,0.0117209703425688,0.017370791387430695
5,16.10.2014,3,2014,True,har_ovx,0.0155383870894815,0.01601194766430166
5,17.10.2014,3,2014,True,har_ovx,0.0166810255409262,0.014668224335224352
5,20.10.2014,3,2014,True,har_ovx,0.0164859922826585,0.012953989065032624
5,21.10.2014,3,2014,True,har_ovx,0.0158534071677988,0.012181481463911195
5,22.10.2014,3,2014,True,har_ovx,0.0131837510708843,0.011649679449074277
5,23.10.2014,3,2014,True,har_ovx,0.009157034617998,0.013615902105638417
5,24.10.2014,3,2014,True,har_ovx,0.0086126643515513,0.014532159015240855
5,27.10.2014,3,2014,True,har_ovx,0.0102034656198302,0.013925285427435829
5,28.10.2014,3,2014,True,har_ovx,0.0132213936003756,0.01444215235342491
5,29.10.2014,3,2014,True,har_ovx,0.0093703314846997,0.013077543225947494
5,30.10.2014,3,2014,True,har_ovx,0.010133662106054,0.012874073657229753
5,31.10.2014,3,2014,True,har_ovx,0.0120541981227348,0.013813600535117394
5,03.11.2014,3,2014,True,har_ovx,0.0120560383685315,0.013750329670997968
5,04.11.2014,3,2014,True,har_ovx,0.0076240550925422,0.01450158230176636
5,05.11.2014,3,2014,True,har_ovx,0.0090074069953794,0.015358904915805927
5,06.11.2014,3,2014,True,har_ovx,0.0135267172457045,0.014270229638651252
5,07.11.2014,3,2014,True,har_ovx,0.0108149088919137,0.013643791360387878
5,10.11.2014,3,2014,True,har_ovx,0.0187773609829932,0.013224173949871503
5,11.11.2014,3,2014,True,har_ovx,0.0188321268752651,0.013965149605972947
5,12.11.2014,3,2014,True,har_ovx,0.018312333493432,0.013358317863378865
5,13.11.2014,3,2014,True,har_ovx,0.0134228684592254,0.013399200129327297
5,14.11.2014,3,2014,True,har_ovx,0.0134753731226207,0.015030698461475655
5,17.11.2014,3,2014,True,har_ovx,0.0123914591691394,0.014590160261261193
5,18.11.2014,3,2014,True,har_ovx,0.0141112512525083,0.01543337500370545
5,19.11.2014,3,2014,True,har_ovx,0.0143702030896402,0.014572394535846366
5,20.11.2014,3,2014,True,har_ovx,0.0451158473517674,0.014400435751000569
5,21.11.2014,3,2014,True,har_ovx,0.0500657725584232,0.014849295241347205
5,24.11.2014,3,2014,True,har_ovx,0.0496565896538458,0.015597987940500024
5,25.11.2014,3,2014,True,har_ovx,0.0500947691016574,0.016292529850295424
5,26.11.2014,3,2014,True,har_ovx,0.0503781313437315,0.017048939204310293
5,28.11.2014,3,2014,True,har_ovx,0.022458328193281,0.015961954428044184
5,01.12.2014,3,2014,True,har_ovx,0.0164226360876594,0.01933478609746163
5,02.12.2014,3,2014,True,har_ovx,0.0193035233965902,0.018924565876392428
5,03.12.2014,3,2014,True,har_ovx,0.0230846638173571,0.019492063536952493
5,04.12.2014,3,2014,True,har_ovx,0.0225107064555626,0.017847142611187437
5,05.12.2014,3,2014,True,har_ovx,0.0222065292388306,0.017333606503279076
5,08.12.2014,3,2014,True,har_ovx,0.0191060877104642,0.018006306613834254
5,09.12.2014,3,2014,True,har_ovx,0.0125232750584158,0.02187875796671276
5,10.12.2014,3,2014,True,har_ovx,0.0107377879619474,0.02069442734195591
5,11.12.2014,3,2014,True,har_ovx,0.0107189301078239,0.02312003316466394
5,12.12.2014,3,2014,True,har_ovx,0.021514479068117,0.024053426113987725
5,15.12.2014,3,2014,True,har_ovx,0.0228354779760604,0.0269075853214707
5,16.12.2014,3,2014,True,har_ovx,0.0236265863670592,0.030808828647678373
5,17.12.2014,3,2014,True,har_ovx,0.0272406243322852,0.03006230600651516
5,18.12.2014,3,2014,True,har_ovx,0.0277133978529759,0.030369939828555667
5,19.12.2014,3,2014,True,har_ovx,0.0216632568233808,0.030855780030647876
5,22.12.2014,3,2014,True,har_ovx,0.0214997618814836,0.02977572303319478
5,23.12.2014,3,2014,True,har_ovx,0.0109519862572387,0.0293319946403955
5,24.12.2014,3,2014,True,har_ovx,0.0098257771186882,0.02926059700282545
5,26.12.2014,3,2014,True,har_ovx,0.0233564557063315,0.029559191418844076
5,29.12.2014,3,2014,True,har_ovx,0.024460690807252,0.02924930557155849
5,30.12.2014,3,2014,True,har_ovx,0.0246251020420348,0.027282031889671654
5,31.12.2014,3,2014,True,har_ovx,0.0256902033771827,0.02502531569750802
5,02.01.2014,3,2014,True,har_gpr,0.0055900519581994,0.009148345785392496
5,03.01.2014,3,2014,True,har_gpr,0.0061744660061707,0.011063660939800542
5,06.01.2014,3,2014,True,har_gpr,0.0066019372410342,0.010194029696977316
5,07.01.2014,3,2014,True,har_gpr,0.0058325064259333,0.010478571942615523
5,08.01.2014,3,2014,True,har_gpr,0.0070137663003642,0.010711246719461408
5,09.01.2014,3,2014,True,har_gpr,0.0058661860265603,0.010471578158673018
5,10.01.2014,3,2014,True,har_gpr,0.0044967058272868,0.009771301955030072
5,13.01.2014,3,2014,True,har_gpr,0.0060415852778053,0.010011868529413291
5,14.01.2014,3,2014,True,har_gpr,0.0069047066427392,0.009184869428149887
5,15.01.2014,3,2014,True,har_gpr,0.0064307942384515,0.00897967720075004
5,16.01.2014,3,2014,True,har_gpr,0.0085913809815078,0.009247009182337408
5,17.01.2014,3,2014,True,har_gpr,0.0092341232725789,0.008384981445768628
5,22.01.2014,3,2014,True,har_gpr,0.0075925901278188,0.008353663421821865
5,23.01.2014,3,2014,True,har_gpr,0.0069144416894773,0.009857656549095426
5,24.01.2014,3,2014,True,har_gpr,0.0094451227738855,0.009243955631629285
5,27.01.2014,3,2014,True,har_gpr,0.008306486406899,0.009177055028793377
5,28.01.2014,3,2014,True,har_gpr,0.0070263982697371,0.009469454293950161
5,29.01.2014,3,2014,True,har_gpr,0.0071153361765939,0.009527926535633507
5,30.01.2014,3,2014,True,har_gpr,0.0088590873259901,0.009467022534772182
5,31.01.2014,3,2014,True,har_gpr,0.0103034277763868,0.009253372659397735
5,03.02.2014,3,2014,True,har_gpr,0.0116544779603729,0.010104815812324508
5,04.02.2014,3,2014,True,har_gpr,0.0112655959219237,0.005383537904385901
5,05.02.2014,3,2014,True,har_gpr,0.0114422429937858,0.005151732129999463
5,06.02.2014,3,2014,True,har_gpr,0.0113726395738286,0.005284747566089264
5,07.02.2014,3,2014,True,har_gpr,0.0039978187038731,0.005599114334225716
5,10.02.2014,3,2014,True,har_gpr,0.0070208646409281,0.007303056289052832
5,11.02.2014,3,2014,True,har_gpr,0.0072795728879118,0.010597177163532992
5,12.02.2014,3,2014,True,har_gpr,0.007947324610839,0.01020734293926819
5,13.02.2014,3,2014,True,har_gpr,0.0080907459697827,0.010151115632906719
5,14.02.2014,3,2014,True,har_gpr,0.010218328003247,0.010091723959819906
5,19.02.2014,3,2014,True,har_gpr,0.0063425299820654,0.009820580379468187
5,20.02.2014,3,2014,True,har_gpr,0.006516445091446,0.010195281562636294
5,21.02.2014,3,2014,True,har_gpr,0.0065933011259634,0.009775557656957251
5,24.02.2014,3,2014,True,har_gpr,0.0111987548039301,0.009682042748610951
5,25.02.2014,3,2014,True,har_gpr,0.013206355155197,0.009993513844307852
5,26.02.2014,3,2014,True,har_gpr,0.0145535251166977,0.010444411668306099
5,27.02.2014,3,2014,True,har_gpr,0.0147546457478029,0.009686643718747848
5,28.02.2014,3,2014,True,har_gpr,0.0154191404126675,0.00985786667977529
5,03.03.2014,3,2014,True,har_gpr,0.0110328425943345,0.009703302932754447
5,04.03.2014,3,2014,True,har_gpr,0.0095027853208556,0.00702647774390869
5,05.03.2014,3,2014,True,har_gpr,0.006930666848392,0.007219883429480012
5,06.03.2014,3,2014,True,har_gpr,0.0072267584578108,0.007612813563618211
5,07.03.2014,3,2014,True,har_gpr,0.0081416057740489,0.007264188330449447
5,10.03.2014,3,2014,True,har_gpr,0.006944263922946,0.007519702252943586
5,11.03.2014,3,2014,True,har_gpr,0.0098543848190951,0.009419010253829253
5,12.03.2014,3,2014,True,har_gpr,0.010170126624699,0.008242010636004661
5,13.03.2014,3,2014,True,har_gpr,0.0109357947741829,0.008090753023396983
5,14.03.2014,3,2014,True,har_gpr,0.0093127062117453,0.008193879354842273
5,17.03.2014,3,2014,True,har_gpr,0.0092623315149463,0.008659243180209763
5,18.03.2014,3,2014,True,har_gpr,0.0057602385916531,0.007713211735265017
5,19.03.2014,3,2014,True,har_gpr,0.0027754187777422,0.008810302913758335
5,20.03.2014,3,2014,True,har_gpr,0.0033806682519872,0.008045135054291906
5,21.03.2014,3,2014,True,har_gpr,0.003222616593264,0.00809360539321088
5,24.03.2014,3,2014,True,har_gpr,0.0037397118047829,0.00808468258854828
5,25.03.2014,3,2014,True,har_gpr,0.0104633343791102,0.008660305111268767
5,26.03.2014,3,2014,True,har_gpr,0.0105329874045871,0.008449547408917813
5,27.03.2014,3,2014,True,har_gpr,0.0121937903127827,0.00834576828363539
5,28.03.2014,3,2014,True,har_gpr,0.0126115307156822,0.008691002120052561
5,31.03.2014,3,2014,True,har_gpr,0.012896430065583,0.008538712282264412
5,01.04.2014,3,2014,True,har_gpr,0.011783438756988,0.008198321412127726
5,02.04.2014,3,2014,True,har_gpr,0.009943273838881,0.00911937915715327
5,03.04.2014,3,2014,True,har_gpr,0.0100282770298767,0.008439700741878043
5,04.04.2014,3,2014,True,har_gpr,0.0099830054063883,0.009084821141680664
5,07.04.2014,3,2014,True,har_gpr,0.0101120826237681,0.008748656064101124
5,08.04.2014,3,2014,True,har_gpr,0.0083856911234337,0.009955110579792086
5,09.04.2014,3,2014,True,har_gpr,0.0083879092777913,0.010917802890260259
5,10.04.2014,3,2014,True,har_gpr,0.0077698293995801,0.010405394165403807
5,11.04.2014,3,2014,True,har_gpr,0.0072653390290552,0.010442323898253811
5,14.04.2014,3,2014,True,har_gpr,0.005164003765812,0.010040453557812835
5,15.04.2014,3,2014,True,har_gpr,0.0049496547439807,0.00867694521787202
5,16.04.2014,3,2014,True,har_gpr,0.006794074399427,0.007621898705907713
5,17.04.2014,3,2014,True,har_gpr,0.0075067687604036,0.007305713210329237
5,21.04.2014,3,2014,True,har_gpr,0.009142930753685,0.007504859466841868
5,22.04.2014,3,2014,True,har_gpr,0.0101683513990107,0.00961016526869926
5,23.04.2014,3,2014,True,har_gpr,0.0107797712246596,0.009760139600677705
5,24.04.2014,3,2014,True,har_gpr,0.0080104402590735,0.009624337217123418
5,25.04.2014,3,2014,True,har_gpr,0.0095347117365345,0.010190191586455346
5,28.04.2014,3,2014,True,har_gpr,0.008095712578905,0.01013005572577501
5,29.04.2014,3,2014,True,har_gpr,0.0066468575787859,0.008641387038349891
5,30.04.2014,3,2014,True,har_gpr,0.0081920341802138,0.008600041492428216
5,01.05.2014,3,2014,True,har_gpr,0.0080559592878034,0.00782660420942538
5,02.05.2014,3,2014,True,har_gpr,0.0069934869387945,0.0074343964793273255
5,05.05.2014,3,2014,True,har_gpr,0.0062100486128275,0.007379651640005324
5,06.05.2014,3,2014,True,har_gpr,0.0050384179160193,0.009628037077105567
5,07.05.2014,3,2014,True,har_gpr,0.0046812928538155,0.009446752392623419
5,08.05.2014,3,2014,True,har_gpr,0.0040861688988735,0.009084052220342757
5,09.05.2014,3,2014,True,har_gpr,0.0036735385493243,0.008782945183768948
5,12.05.2014,3,2014,True,har_gpr,0.0073153934594985,0.008715807282277051
5,13.05.2014,3,2014,True,har_gpr,0.0066443808912067,0.008332771340722647
5,14.05.2014,3,2014,True,har_gpr,0.0064003601466923,0.007831787509716656
5,15.05.2014,3,2014,True,har_gpr,0.0063973513817914,0.008025417875335459
5,16.05.2014,3,2014,True,har_gpr,0.0064458627517259,0.007823110972715533
5,19.05.2014,3,2014,True,har_gpr,0.004752736339705,0.007641517042915644
5,20.05.2014,3,2014,True,har_gpr,0.0048023911857553,0.009808328347964513
5,21.05.2014,3,2014,True,har_gpr,0.0026497754458306,0.009505397714306415
5,22.05.2014,3,2014,True,har_gpr,0.0032317051895306,0.009796547930416694
5,23.05.2014,3,2014,True,har_gpr,0.0029029497495353,0.009282754814718762
5,27.05.2014,3,2014,True,har_gpr,0.0030016593654185,0.009136307279504853
5,28.05.2014,3,2014,True,har_gpr,0.0030820177409741,0.0067848390723847
5,29.05.2014,3,2014,True,har_gpr,0.0038372890734606,0.006537552872958218
5,30.05.2014,3,2014,True,har_gpr,0.0034670816606601,0.006184142679402678
5,02.06.2014,3,2014,True,har_gpr,0.0064717554174717,0.006388658556443716
5,03.06.2014,3,2014,True,har_gpr,0.0070732471945175,0.007099797938304266
5,04.06.2014,3,2014,True,har_gpr,0.0064890827340707,0.00667331096227038
5,05.06.2014,3,2014,True,har_gpr,0.0128766918507161,0.006688940326887048
5,06.06.2014,3,2014,True,har_gpr,0.0121380564079481,0.006357402094383211
5,09.06.2014,3,2014,True,har_gpr,0.0126414779196166,0.006300969979571195
5,10.06.2014,3,2014,True,har_gpr,0.011661569569147,0.007481283769220659
5,11.06.2014,3,2014,True,har_gpr,0.0115338392514247,0.007271166296037563
5,12.06.2014,3,2014,True,har_gpr,0.0036772538825514,0.00709302188346928
5,13.06.2014,3,2014,True,har_gpr,0.0044958453507235,0.010040679875485516
5,16.06.2014,3,2014,True,har_gpr,0.0057433311703373,0.009294303538877164
5,17.06.2014,3,2014,True,har_gpr,0.0057771453520422,0.008047827424637898
5,18.06.2014,3,2014,True,har_gpr,0.0053333130936398,0.007701625492373986
5,19.06.2014,3,2014,True,har_gpr,0.0039352311526214,0.007927086308877285
5,20.06.2014,3,2014,True,har_gpr,0.0043398165408209,0.007725987778163486
5,23.06.2014,3,2014,True,har_gpr,0.0048772378642072,0.007606389343126967
5,24.06.2014,3,2014,True,har_gpr,0.0039284241650493,0.007388664512462437
5,25.06.2014,3,2014,True,har_gpr,0.0046614325143613,0.00718409477249155
5,26.06.2014,3,2014,True,har_gpr,0.0046266926786487,0.007263496014226264
5,27.06.2014,3,2014,True,har_gpr,0.0038729976416478,0.007522159603436888
5,30.06.2014,3,2014,True,har_gpr,0.0047471691745763,0.007223540944221854
5,01.07.2014,3,2014,True,har_gpr,0.0036504492405609,0.009026779460008481
5,02.07.2014,3,2014,True,har_gpr,0.0057699448850144,0.00877470648128403
5,03.07.2014,3,2014,True,har_gpr,0.008188101668796,0.009291052206581402
5,07.07.2014,3,2014,True,har_gpr,0.0095901431788181,0.009080768308698351
5,08.07.2014,3,2014,True,har_gpr,0.009233062944795,0.008287985070368422
5,09.07.2014,3,2014,True,har_gpr,0.0093707934985611,0.008429978883014442
5,10.07.2014,3,2014,True,har_gpr,0.0088724424406735,0.008269958785320252
5,11.07.2014,3,2014,True,har_gpr,0.0076188192384605,0.008233176366350313
5,14.07.2014,3,2014,True,har_gpr,0.0077031125043948,0.007140363558642166
5,15.07.2014,3,2014,True,har_gpr,0.0060216298203714,0.005927836359338844
5,16.07.2014,3,2014,True,har_gpr,0.0057395346678643,0.006211079141038377
5,17.07.2014,3,2014,True,har_gpr,0.0082426246193025,0.0059025679432161415
5,18.07.2014,3,2014,True,har_gpr,0.0083168708381077,0.005561628944656552
5,21.07.2014,3,2014,True,har_gpr,0.0092213232834711,0.006307716547157718
5,22.07.2014,3,2014,True,har_gpr,0.0090698891378043,0.0033194850724744375
5,23.07.2014,3,2014,True,har_gpr,0.0097066113867351,0.003231180556319247
5,24.07.2014,3,2014,True,har_gpr,0.0092086076899734,0.0034902797388423846
5,25.07.2014,3,2014,True,har_gpr,0.0052907280520335,0.003720468802021675
5,28.07.2014,3,2014,True,har_gpr,0.0074698126605499,0.004396812709989729
5,29.07.2014,3,2014,True,har_gpr,0.0068907191997867,0.00695685120599606
5,30.07.2014,3,2014,True,har_gpr,0.0064773943135969,0.006704936727471802
5,31.07.2014,3,2014,True,har_gpr,0.0082499003521869,0.007225565455400111
5,01.08.2014,3,2014,True,har_gpr,0.0064871902041711,0.00689665085015097
5,04.08.2014,3,2014,True,har_gpr,0.0059240803336235,0.007204059652583211
5,05.08.2014,3,2014,True,har_gpr,0.0086689255396813,0.007418912612595035
5,06.08.2014,3,2014,True,har_gpr,0.0111074097481983,0.007308162449413517
5,07.08.2014,3,2014,True,har_gpr,0.0131850925196184,0.00703259774896536
5,08.08.2014,3,2014,True,har_gpr,0.0134396961762554,0.007487241863229967
5,11.08.2014,3,2014,True,har_gpr,0.0134301557485216,0.006513230129210389
5,12.08.2014,3,2014,True,har_gpr,0.0122856083835995,0.004320493816351961
5,13.08.2014,3,2014,True,har_gpr,0.0108583226598731,0.005210775081331141
5,14.08.2014,3,2014,True,har_gpr,0.0040792191101847,0.005603959395843458
5,15.08.2014,3,2014,True,har_gpr,0.0045373846128707,0.006944899734025032
5,18.08.2014,3,2014,True,har_gpr,0.0039982035813722,0.005840000396713987
5,19.08.2014,3,2014,True,har_gpr,0.0041860558915532,0.008407815190481267
5,20.08.2014,3,2014,True,har_gpr,0.003085207891312,0.00830292420808764
5,21.08.2014,3,2014,True,har_gpr,0.0029984602366252,0.008501941559433205
5,22.08.2014,3,2014,True,har_gpr,0.0038909066781316,0.008222286397781945
5,25.08.2014,3,2014,True,har_gpr,0.0136416277184844,0.007695980237928642
5,26.08.2014,3,2014,True,har_gpr,0.0188219570518644,0.007430650333214877
5,27.08.2014,3,2014,True,har_gpr,0.0192557646084014,0.007337183502501252
5,28.08.2014,3,2014,True,har_gpr,0.0196159966341817,0.0071651984164331365
5,29.08.2014,3,2014,True,har_gpr,0.0187480217344944,0.0071555320455884966
5,02.09.2014,3,2014,True,har_gpr,0.0147928453014539,0.007238325162378525
5,03.09.2014,3,2014,True,har_gpr,0.0019819736647756,0.008155712061658714
5,04.09.2014,3,2014,True,har_gpr,0.0048450267299621,0.00938071917685795
5,05.09.2014,3,2014,True,har_gpr,0.004841368489835,0.009056502570282178
5,08.09.2014,3,2014,True,har_gpr,0.0049786443976779,0.009031637815107785
5,09.09.2014,3,2014,True,har_gpr,0.0054077041497786,0.010108750312681724
5,10.09.2014,3,2014,True,har_gpr,0.0130023199404608,0.010266687925938895
5,11.09.2014,3,2014,True,har_gpr,0.0146431911443733,0.009826056325505143
5,12.09.2014,3,2014,True,har_gpr,0.0139387358984514,0.009148223350587466
5,15.09.2014,3,2014,True,har_gpr,0.0157960210985471,0.008797725278894879
5,16.09.2014,3,2014,True,har_gpr,0.0158169093487189,0.010046910425355111
5,17.09.2014,3,2014,True,har_gpr,0.0092900596442013,0.009927195169809427
5,18.09.2014,3,2014,True,har_gpr,0.0079591257359478,0.012111917407706844
5,19.09.2014,3,2014,True,har_gpr,0.0065900474453067,0.011891248715149329
5,22.09.2014,3,2014,True,har_gpr,0.0012231246184106,0.011791286762681827
5,23.09.2014,3,2014,True,har_gpr,0.0122216663726763,0.013482219547976272
5,24.09.2014,3,2014,True,har_gpr,0.0118186641715144,0.013009469729083572
5,25.09.2014,3,2014,True,har_gpr,0.0112738793413094,0.012883043031755746
5,26.09.2014,3,2014,True,har_gpr,0.0105226078139723,0.0128145184738873
5,29.09.2014,3,2014,True,har_gpr,0.011462820648482,0.012782234888458732
5,30.09.2014,3,2014,True,har_gpr,0.0064226910275539,0.011496597269652494
5,01.10.2014,3,2014,True,har_gpr,0.0065156159019231,0.012343564088630398
5,02.10.2014,3,2014,True,har_gpr,0.0076186617493575,0.010225535145325905
5,03.10.2014,3,2014,True,har_gpr,0.0080079921228499,0.010267008747039622
5,06.10.2014,3,2014,True,har_gpr,0.0067833480646212,0.01043058821658483
5,07.10.2014,3,2014,True,har_gpr,0.0172021887552399,0.010888217986451388
5,08.10.2014,3,2014,True,har_gpr,0.0166642439336965,0.010779234651025543
5,09.10.2014,3,2014,True,har_gpr,0.0203265594661195,0.010713837608399057
5,10.10.2014,3,2014,True,har_gpr,0.0201606361226623,0.011145612557065185
5,13.10.2014,3,2014,True,har_gpr,0.0225438816494519,0.010753377554530444
5,14.10.2014,3,2014,True,har_gpr,0.0105660936639458,0.011359119775889933
5,15.10.2014,3,2014,True,har_gpr,0.0117209703425688,0.01495069387340172
5,16.10.2014,3,2014,True,har_gpr,0.0155383870894815,0.012523652615751085
5,17.10.2014,3,2014,True,har_gpr,0.0166810255409262,0.012796405606583074
5,20.10.2014,3,2014,True,har_gpr,0.0164859922826585,0.012323374602751541
5,21.10.2014,3,2014,True,har_gpr,0.0158534071677988,0.012981084766558234
5,22.10.2014,3,2014,True,har_gpr,0.0131837510708843,0.013065265154719553
5,23.10.2014,3,2014,True,har_gpr,0.009157034617998,0.013462252436049461
5,24.10.2014,3,2014,True,har_gpr,0.0086126643515513,0.015127464583152391
5,27.10.2014,3,2014,True,har_gpr,0.0102034656198302,0.014602963678470922
5,28.10.2014,3,2014,True,har_gpr,0.0132213936003756,0.014888105518136931
5,29.10.2014,3,2014,True,har_gpr,0.0093703314846997,0.014289572995502903
5,30.10.2014,3,2014,True,har_gpr,0.010133662106054,0.014967168352833377
5,31.10.2014,3,2014,True,har_gpr,0.0120541981227348,0.014837369981122336
5,03.11.2014,3,2014,True,har_gpr,0.0120560383685315,0.014553625593937799
5,04.11.2014,3,2014,True,har_gpr,0.0076240550925422,0.014231104083988026
5,05.11.2014,3,2014,True,har_gpr,0.0090074069953794,0.015106175076326615
5,06.11.2014,3,2014,True,har_gpr,0.0135267172457045,0.014401823806404746
5,07.11.2014,3,2014,True,har_gpr,0.0108149088919137,0.014275191092924466
5,10.11.2014,3,2014,True,har_gpr,0.0187773609829932,0.014584674760073635
5,11.11.2014,3,2014,True,har_gpr,0.0188321268752651,0.015912415408783732
5,12.11.2014,3,2014,True,har_gpr,0.018312333493432,0.013025749757275747
5,13.11.2014,3,2014,True,har_gpr,0.0134228684592254,0.01334168566392338
5,14.11.2014,3,2014,True,har_gpr,0.0134753731226207,0.015018286434987852
5,17.11.2014,3,2014,True,har_gpr,0.0123914591691394,0.014041346380020905
5,18.11.2014,3,2014,True,har_gpr,0.0141112512525083,0.012578139747268869
5,19.11.2014,3,2014,True,har_gpr,0.0143702030896402,0.012065023837378471
5,20.11.2014,3,2014,True,har_gpr,0.0451158473517674,0.011594459469902655
5,21.11.2014,3,2014,True,har_gpr,0.0500657725584232,0.011088585177575399
5,24.11.2014,3,2014,True,har_gpr,0.0496565896538458,0.011454957371879423
5,25.11.2014,3,2014,True,har_gpr,0.0500947691016574,0.011397705243718489
5,26.11.2014,3,2014,True,har_gpr,0.0503781313437315,0.011898428890242169
5,28.11.2014,3,2014,True,har_gpr,0.022458328193281,0.01109775562518136
5,01.12.2014,3,2014,True,har_gpr,0.0164226360876594,0.02481104736002164
5,02.12.2014,3,2014,True,har_gpr,0.0193035233965902,0.02657387634066928
5,03.12.2014,3,2014,True,har_gpr,0.0230846638173571,0.02666993524189882
5,04.12.2014,3,2014,True,har_gpr,0.0225107064555626,0.02592650818803243
5,05.12.2014,3,2014,True,har_gpr,0.0222065292388306,0.025720141743315772
5,08.12.2014,3,2014,True,har_gpr,0.0191060877104642,0.02519006814095856
5,09.12.2014,3,2014,True,har_gpr,0.0125232750584158,0.025439204078030443
5,10.12.2014,3,2014,True,har_gpr,0.0107377879619474,0.02482026514390865
5,11.12.2014,3,2014,True,har_gpr,0.0107189301078239,0.026418778674156894
5,12.12.2014,3,2014,True,har_gpr,0.021514479068117,0.025451130155673247
5,15.12.2014,3,2014,True,har_gpr,0.0228354779760604,0.02601853742967225
5,16.12.2014,3,2014,True,har_gpr,0.0236265863670592,0.02677757561863831
5,17.12.2014,3,2014,True,har_gpr,0.0272406243322852,0.026059357732697744
5,18.12.2014,3,2014,True,har_gpr,0.0277133978529759,0.02555943660113203
5,19.12.2014,3,2014,True,har_gpr,0.0216632568233808,0.025757818659984826
5,22.12.2014,3,2014,True,har_gpr,0.0214997618814836,0.027909305658606824
5,23.12.2014,3,2014,True,har_gpr,0.0109519862572387,0.026615283930618794
5,24.12.2014,3,2014,True,har_gpr,0.0098257771186882,0.027905667401501258
5,26.12.2014,3,2014,True,har_gpr,0.0233564557063315,0.027989291505522658
5,29.12.2014,3,2014,True,har_gpr,0.024460690807252,0.027650447153393147
5,30.12.2014,3,2014,True,har_gpr,0.0246251020420348,0.020834148615879674
5,31.12.2014,3,2014,True,har_gpr,0.0256902033771827,0.018153274633963334
5,02.01.2014,3,2014,True,har_x,0.0055900519581994,0.005906066109730898
5,03.01.2014,3,2014,True,har_x,0.0061744660061707,0.007580768962224531
5,06.01.2014,3,2014,True,har_x,0.0066019372410342,0.007396848151749895
5,07.01.2014,3,2014,True,har_x,0.0058325064259333,0.007614156841009273
5,08.01.2014,3,2014,True,har_x,0.0070137663003642,0.007076716122152094
5,09.01.2014,3,2014,True,har_x,0.0058661860265603,0.00722201193624817
5,10.01.2014,3,2014,True,har_x,0.0044967058272868,0.007073178222941141
5,13.01.2014,3,2014,True,har_x,0.0060415852778053,0.007103597931191525
5,14.01.2014,3,2014,True,har_x,0.0069047066427392,0.006665846446831929
5,15.01.2014,3,2014,True,har_x,0.0064307942384515,0.006663124955801077
5,16.01.2014,3,2014,True,har_x,0.0085913809815078,0.006143105055268255
5,17.01.2014,3,2014,True,har_x,0.0092341232725789,0.005482902802294558
5,22.01.2014,3,2014,True,har_x,0.0075925901278188,0.00513748044188278
5,23.01.2014,3,2014,True,har_x,0.0069144416894773,0.006547423252568449
5,24.01.2014,3,2014,True,har_x,0.0094451227738855,0.0065964828961196705
5,27.01.2014,3,2014,True,har_x,0.008306486406899,0.0069158204956171875
5,28.01.2014,3,2014,True,har_x,0.0070263982697371,0.007512342873918861
5,29.01.2014,3,2014,True,har_x,0.0071153361765939,0.007433212818893515
5,30.01.2014,3,2014,True,har_x,0.0088590873259901,0.00746767198893993
5,31.01.2014,3,2014,True,har_x,0.0103034277763868,0.006874534047876965
5,03.02.2014,3,2014,True,har_x,0.0116544779603729,0.0074121674525668094
5,04.02.2014,3,2014,True,har_x,0.0112655959219237,0.005530757444975187
5,05.02.2014,3,2014,True,har_x,0.0114422429937858,0.005425675633373401
5,06.02.2014,3,2014,True,har_x,0.0113726395738286,0.005056750541612819
5,07.02.2014,3,2014,True,har_x,0.0039978187038731,0.004585145220211302
5,10.02.2014,3,2014,True,har_x,0.0070208646409281,0.004815542342636747
5,11.02.2014,3,2014,True,har_x,0.0072795728879118,0.007355446910650855
5,12.02.2014,3,2014,True,har_x,0.007947324610839,0.00712687544225556
5,13.02.2014,3,2014,True,har_x,0.0080907459697827,0.007197181363138447
5,14.02.2014,3,2014,True,har_x,0.010218328003247,0.007061174138600471
5,19.02.2014,3,2014,True,har_x,0.0063425299820654,0.0068114485602495875
5,20.02.2014,3,2014,True,har_x,0.006516445091446,0.006815090837894679
5,21.02.2014,3,2014,True,har_x,0.0065933011259634,0.0061740971260948845
5,24.02.2014,3,2014,True,har_x,0.0111987548039301,0.00628995933682603
5,25.02.2014,3,2014,True,har_x,0.013206355155197,0.006606430229663028
5,26.02.2014,3,2014,True,har_x,0.0145535251166977,0.006818563659965315
5,27.02.2014,3,2014,True,har_x,0.0147546457478029,0.0067113358818507544
5,28.02.2014,3,2014,True,har_x,0.0154191404126675,0.0069625829213275856
5,03.03.2014,3,2014,True,har_x,0.0110328425943345,0.0068285767176407275
5,04.03.2014,3,2014,True,har_x,0.0095027853208556,0.0051858677481978945
5,05.03.2014,3,2014,True,har_x,0.006930666848392,0.004603849758073823
5,06.03.2014,3,2014,True,har_x,0.0072267584578108,0.00484207527607498
5,07.03.2014,3,2014,True,har_x,0.0081416057740489,0.004471417228713723
5,10.03.2014,3,2014,True,har_x,0.006944263922946,0.004580764316154619
5,11.03.2014,3,2014,True,har_x,0.0098543848190951,0.006446912221939316
5,12.03.2014,3,2014,True,har_x,0.010170126624699,0.006307629850210457
5,13.03.2014,3,2014,True,har_x,0.0109357947741829,0.0065144967020897985
5,14.03.2014,3,2014,True,har_x,0.0093127062117453,0.006502392076366875
5,17.03.2014,3,2014,True,har_x,0.0092623315149463,0.0070828737878930485
5,18.03.2014,3,2014,True,har_x,0.0057602385916531,0.00580888598603425
5,19.03.2014,3,2014,True,har_x,0.0027754187777422,0.006072531085626299
5,20.03.2014,3,2014,True,har_x,0.0033806682519872,0.0055761010577272925
5,21.03.2014,3,2014,True,har_x,0.003222616593264,0.00543007341860208
5,24.03.2014,3,2014,True,har_x,0.0037397118047829,0.005382536555686796
5,25.03.2014,3,2014,True,har_x,0.0104633343791102,0.005916386963159808
5,26.03.2014,3,2014,True,har_x,0.0105329874045871,0.005866191441955149
5,27.03.2014,3,2014,True,har_x,0.0121937903127827,0.005966134567885995
5,28.03.2014,3,2014,True,har_x,0.0126115307156822,0.00615149702980192
5,31.03.2014,3,2014,True,har_x,0.012896430065583,0.006006276120409884
5,01.04.2014,3,2014,True,har_x,0.011783438756988,0.006276503593477826
5,02.04.2014,3,2014,True,har_x,0.009943273838881,0.006526971375272552
5,03.04.2014,3,2014,True,har_x,0.0100282770298767,0.006314538181152401
5,04.04.2014,3,2014,True,har_x,0.0099830054063883,0.00577882376230403
5,07.04.2014,3,2014,True,har_x,0.0101120826237681,0.005509819191429215
5,08.04.2014,3,2014,True,har_x,0.0083856911234337,0.0065644425408979915
5,09.04.2014,3,2014,True,har_x,0.0083879092777913,0.0071114501465201155
5,10.04.2014,3,2014,True,har_x,0.0077698293995801,0.006763312122918728
5,11.04.2014,3,2014,True,har_x,0.0072653390290552,0.006872381688963933
5,14.04.2014,3,2014,True,har_x,0.005164003765812,0.006554994709774719
5,15.04.2014,3,2014,True,har_x,0.0049496547439807,0.005315776808784812
5,16.04.2014,3,2014,True,har_x,0.006794074399427,0.004981062037223483
5,17.04.2014,3,2014,True,har_x,0.0075067687604036,0.004962671811278186
5,21.04.2014,3,2014,True,har_x,0.009142930753685,0.005117479140707234
5,22.04.2014,3,2014,True,har_x,0.0101683513990107,0.006347540253524275
5,23.04.2014,3,2014,True,har_x,0.0107797712246596,0.006790215302016463
5,24.04.2014,3,2014,True,har_x,0.0080104402590735,0.006543877370957114
5,25.04.2014,3,2014,True,har_x,0.0095347117365345,0.00664576470789382
5,28.04.2014,3,2014,True,har_x,0.008095712578905,0.006824588468158244
5,29.04.2014,3,2014,True,har_x,0.0066468575787859,0.005603222832920115
5,30.04.2014,3,2014,True,har_x,0.0081920341802138,0.005521848180967146
5,01.05.2014,3,2014,True,har_x,0.0080559592878034,0.005350176703285552
5,02.05.2014,3,2014,True,har_x,0.0069934869387945,0.004852385395226899
5,05.05.2014,3,2014,True,har_x,0.0062100486128275,0.004466922012519231
5,06.05.2014,3,2014,True,har_x,0.0050384179160193,0.006551068345442309
5,07.05.2014,3,2014,True,har_x,0.0046812928538155,0.006252498530680925
5,08.05.2014,3,2014,True,har_x,0.0040861688988735,0.0059640483972283114
5,09.05.2014,3,2014,True,har_x,0.0036735385493243,0.005696253124280718
5,12.05.2014,3,2014,True,har_x,0.0073153934594985,0.005482989640882688
5,13.05.2014,3,2014,True,har_x,0.0066443808912067,0.00497173952259089
5,14.05.2014,3,2014,True,har_x,0.0064003601466923,0.005007567985840997
5,15.05.2014,3,2014,True,har_x,0.0063973513817914,0.005021094318195807
5,16.05.2014,3,2014,True,har_x,0.0064458627517259,0.004540752894369221
5,19.05.2014,3,2014,True,har_x,0.004752736339705,0.004223770460300022
5,20.05.2014,3,2014,True,har_x,0.0048023911857553,0.005706579518321603
5,21.05.2014,3,2014,True,har_x,0.0026497754458306,0.005750988052407772
5,22.05.2014,3,2014,True,har_x,0.0032317051895306,0.005982158607084572
5,23.05.2014,3,2014,True,har_x,0.0029029497495353,0.0056094334467034915
5,27.05.2014,3,2014,True,har_x,0.0030016593654185,0.005479522098033407
5,28.05.2014,3,2014,True,har_x,0.0030820177409741,0.004133583510353539
5,29.05.2014,3,2014,True,har_x,0.0038372890734606,0.00399295674633977
5,30.05.2014,3,2014,True,har_x,0.0034670816606601,0.003750202538491356
5,02.06.2014,3,2014,True,har_x,0.0064717554174717,0.003841839022451295
5,03.06.2014,3,2014,True,har_x,0.0070732471945175,0.004478900704665044
5,04.06.2014,3,2014,True,har_x,0.0064890827340707,0.004308569138360648
5,05.06.2014,3,2014,True,har_x,0.0128766918507161,0.00427674347519672
5,06.06.2014,3,2014,True,har_x,0.0121380564079481,0.003996495160012939
5,09.06.2014,3,2014,True,har_x,0.0126414779196166,0.0036552502672520136
5,10.06.2014,3,2014,True,har_x,0.011661569569147,0.004051309951801352
5,11.06.2014,3,2014,True,har_x,0.0115338392514247,0.0039282871193239985
5,12.06.2014,3,2014,True,har_x,0.0036772538825514,0.003864925663577004
5,13.06.2014,3,2014,True,har_x,0.0044958453507235,0.006927976741858209
5,16.06.2014,3,2014,True,har_x,0.0057433311703373,0.006706246249329025
5,17.06.2014,3,2014,True,har_x,0.0057771453520422,0.00568450327099673
5,18.06.2014,3,2014,True,har_x,0.0053333130936398,0.004544849948532387
5,19.06.2014,3,2014,True,har_x,0.0039352311526214,0.004597796037699669
5,20.06.2014,3,2014,True,har_x,0.0043398165408209,0.005329898288213077
5,23.06.2014,3,2014,True,har_x,0.0048772378642072,0.005619664196930572
5,24.06.2014,3,2014,True,har_x,0.0039284241650493,0.0049392634223473595
5,25.06.2014,3,2014,True,har_x,0.0046614325143613,0.004790090061195899
5,26.06.2014,3,2014,True,har_x,0.0046266926786487,0.004727157615970006
5,27.06.2014,3,2014,True,har_x,0.0038729976416478,0.004525740807590531
5,30.06.2014,3,2014,True,har_x,0.0047471691745763,0.004094984550677367
5,01.07.2014,3,2014,True,har_x,0.0036504492405609,0.005374921081278161
5,02.07.2014,3,2014,True,har_x,0.0057699448850144,0.005143519784787962
5,03.07.2014,3,2014,True,har_x,0.008188101668796,0.005141716875598195
5,07.07.2014,3,2014,True,har_x,0.0095901431788181,0.00488018000322805
5,08.07.2014,3,2014,True,har_x,0.009233062944795,0.004599320575512171
5,09.07.2014,3,2014,True,har_x,0.0093707934985611,0.00461091102379326
5,10.07.2014,3,2014,True,har_x,0.0088724424406735,0.004599049231148009
5,11.07.2014,3,2014,True,har_x,0.0076188192384605,0.004512093916014028
5,14.07.2014,3,2014,True,har_x,0.0077031125043948,0.004580778968084765
5,15.07.2014,3,2014,True,har_x,0.0060216298203714,0.0040946820731990324
5,16.07.2014,3,2014,True,har_x,0.0057395346678643,0.004173878332317284
5,17.07.2014,3,2014,True,har_x,0.0082426246193025,0.003462220471678097
5,18.07.2014,3,2014,True,har_x,0.0083168708381077,0.0038864214595750535
5,21.07.2014,3,2014,True,har_x,0.0092213232834711,0.004016463994663311
5,22.07.2014,3,2014,True,har_x,0.0090698891378043,0.0015963917527877488
5,23.07.2014,3,2014,True,har_x,0.0097066113867351,0.0017151978204706774
5,24.07.2014,3,2014,True,har_x,0.0092086076899734,0.001644032608265831
5,25.07.2014,3,2014,True,har_x,0.0052907280520335,0.0012058224559398723
5,28.07.2014,3,2014,True,har_x,0.0074698126605499,0.0018032465573860684
5,29.07.2014,3,2014,True,har_x,0.0068907191997867,0.0034795389276932247
5,30.07.2014,3,2014,True,har_x,0.0064773943135969,0.003577901681752253
5,31.07.2014,3,2014,True,har_x,0.0082499003521869,0.003944607876252152
5,01.08.2014,3,2014,True,har_x,0.0064871902041711,0.004673965903436732
5,04.08.2014,3,2014,True,har_x,0.0059240803336235,0.005330516452196945
5,05.08.2014,3,2014,True,har_x,0.0086689255396813,0.005065180488623092
5,06.08.2014,3,2014,True,har_x,0.0111074097481983,0.0051699314032125545
5,07.08.2014,3,2014,True,har_x,0.0131850925196184,0.004901120341662355
5,08.08.2014,3,2014,True,har_x,0.0134396961762554,0.005030987333800558
5,11.08.2014,3,2014,True,har_x,0.0134301557485216,0.0048069693877749176
5,12.08.2014,3,2014,True,har_x,0.0122856083835995,0.002539177271414837
5,13.08.2014,3,2014,True,har_x,0.0108583226598731,0.0027744422049998715
5,14.08.2014,3,2014,True,har_x,0.0040792191101847,0.002556550146903992
5,15.08.2014,3,2014,True,har_x,0.0045373846128707,0.0032795382272940736
5,18.08.2014,3,2014,True,har_x,0.0039982035813722,0.0031385835463447302
5,19.08.2014,3,2014,True,har_x,0.0041860558915532,0.005645676218243757
5,20.08.2014,3,2014,True,har_x,0.003085207891312,0.005576765639193927
5,21.08.2014,3,2014,True,har_x,0.0029984602366252,0.005033743655757714
5,22.08.2014,3,2014,True,har_x,0.0038909066781316,0.004901553941329585
5,25.08.2014,3,2014,True,har_x,0.0136416277184844,0.004337416182763248
5,26.08.2014,3,2014,True,har_x,0.0188219570518644,0.004231234503528056
5,27.08.2014,3,2014,True,har_x,0.0192557646084014,0.004054366634466501
5,28.08.2014,3,2014,True,har_x,0.0196159966341817,0.003955472237701301
5,29.08.2014,3,2014,True,har_x,0.0187480217344944,0.0039855567583356325
5,02.09.2014,3,2014,True,har_x,0.0147928453014539,0.004082469773954875
5,03.09.2014,3,2014,True,har_x,0.0019819736647756,0.004369474688824397
5,04.09.2014,3,2014,True,har_x,0.0048450267299621,0.0045256160827097745
5,05.09.2014,3,2014,True,har_x,0.004841368489835,0.004527015761067694
5,08.09.2014,3,2014,True,har_x,0.0049786443976779,0.004286694825278714
5,09.09.2014,3,2014,True,har_x,0.0054077041497786,0.006076738209583515
5,10.09.2014,3,2014,True,har_x,0.0130023199404608,0.005974753491005106
5,11.09.2014,3,2014,True,har_x,0.0146431911443733,0.006914557057545383
5,12.09.2014,3,2014,True,har_x,0.0139387358984514,0.006549322931780595
5,15.09.2014,3,2014,True,har_x,0.0157960210985471,0.005951863621616442
5,16.09.2014,3,2014,True,har_x,0.0158169093487189,0.007232294558230013
5,17.09.2014,3,2014,True,har_x,0.0092900596442013,0.006503522926998876
5,18.09.2014,3,2014,True,har_x,0.0079591257359478,0.007094714032921433
5,19.09.2014,3,2014,True,har_x,0.0065900474453067,0.006756688554211564
5,22.09.2014,3,2014,True,har_x,0.0012231246184106,0.006501634947956532
5,23.09.2014,3,2014,True,har_x,0.0122216663726763,0.008232543858541651
5,24.09.2014,3,2014,True,har_x,0.0118186641715144,0.008369263586010556
5,25.09.2014,3,2014,True,har_x,0.0112738793413094,0.008184736231805313
5,26.09.2014,3,2014,True,har_x,0.0105226078139723,0.008365963203870666
5,29.09.2014,3,2014,True,har_x,0.011462820648482,0.008088729432526849
5,30.09.2014,3,2014,True,har_x,0.0064226910275539,0.007745198275821459
5,01.10.2014,3,2014,True,har_x,0.0065156159019231,0.00848145962421265
5,02.10.2014,3,2014,True,har_x,0.0076186617493575,0.008134465520672594
5,03.10.2014,3,2014,True,har_x,0.0080079921228499,0.008696214473973845
5,06.10.2014,3,2014,True,har_x,0.0067833480646212,0.009256378973191441
5,07.10.2014,3,2014,True,har_x,0.0172021887552399,0.009692783062976634
5,08.10.2014,3,2014,True,har_x,0.0166642439336965,0.010173605107645034
5,09.10.2014,3,2014,True,har_x,0.0203265594661195,0.01025088121288719
5,10.10.2014,3,2014,True,har_x,0.0201606361226623,0.011628595375931873
5,13.10.2014,3,2014,True,har_x,0.0225438816494519,0.01257380134540135
5,14.10.2014,3,2014,True,har_x,0.0105660936639458,0.013581904439806357
5,15.10.2014,3,2014,True,har_x,0.0117209703425688,0.017400821461942086
5,16.10.2014,3,2014,True,har_x,0.0155383870894815,0.016015346185219277
5,17.10.2014,3,2014,True,har_x,0.0166810255409262,0.014697262984483697
5,20.10.2014,3,2014,True,har_x,0.0164859922826585,0.013002975888587991
5,21.10.2014,3,2014,True,har_x,0.0158534071677988,0.012216532004079727
5,22.10.2014,3,2014,True,har_x,0.0131837510708843,0.011710023185698358
5,23.10.2014,3,2014,True,har_x,0.009157034617998,0.013649009069504097
5,24.10.2014,3,2014,True,har_x,0.0086126643515513,0.014581362057358068
5,27.10.2014,3,2014,True,har_x,0.0102034656198302,0.013973900835241687
5,28.10.2014,3,2014,True,har_x,0.0132213936003756,0.014760768070578828
5,29.10.2014,3,2014,True,har_x,0.0093703314846997,0.01340707944860895
5,30.10.2014,3,2014,True,har_x,0.010133662106054,0.01322412931699057
5,31.10.2014,3,2014,True,har_x,0.0120541981227348,0.014149726765103083
5,03.11.2014,3,2014,True,har_x,0.0120560383685315,0.01408256375682846
5,04.11.2014,3,2014,True,har_x,0.0076240550925422,0.014473567984215781
5,05.11.2014,3,2014,True,har_x,0.0090074069953794,0.015330820272342675
5,06.11.2014,3,2014,True,har_x,0.0135267172457045,0.014252380496428168
5,07.11.2014,3,2014,True,har_x,0.0108149088919137,0.01363300972131306
5,10.11.2014,3,2014,True,har_x,0.0187773609829932,0.013224564186852358
5,11.11.2014,3,2014,True,har_x,0.0188321268752651,0.014825216947024393
5,12.11.2014,3,2014,True,har_x,0.018312333493432,0.014170085196471933
5,13.11.2014,3,2014,True,har_x,0.0134228684592254,0.0142147144682458
5,14.11.2014,3,2014,True,har_x,0.0134753731226207,0.01584844526042408
5,17.11.2014,3,2014,True,har_x,0.0123914591691394,0.015400451769177955
5,18.11.2014,3,2014,True,har_x,0.0141112512525083,0.014149375764676977
5,19.11.2014,3,2014,True,har_x,0.0143702030896402,0.013292798651257667
5,20.11.2014,3,2014,True,har_x,0.0451158473517674,0.013114629344794279
5,21.11.2014,3,2014,True,har_x,0.0500657725584232,0.013548917897649204
5,24.11.2014,3,2014,True,har_x,0.0496565896538458,0.01429324005574812
5,25.11.2014,3,2014,True,har_x,0.0500947691016574,0.015000050598921006
5,26.11.2014,3,2014,True,har_x,0.0503781313437315,0.015751561335240628
5,28.11.2014,3,2014,True,har_x,0.022458328193281,0.01466622393237786
5,01.12.2014,3,2014,True,har_x,0.0164226360876594,0.018239306801675823
5,02.12.2014,3,2014,True,har_x,0.0193035233965902,0.019632443754529206
5,03.12.2014,3,2014,True,har_x,0.0230846638173571,0.020193537147235218
5,04.12.2014,3,2014,True,har_x,0.0225107064555626,0.01856208864848298
5,05.12.2014,3,2014,True,har_x,0.0222065292388306,0.01805301460181921
5,08.12.2014,3,2014,True,har_x,0.0191060877104642,0.018734943978401745
5,09.12.2014,3,2014,True,har_x,0.0125232750584158,0.02156940154957356
5,10.12.2014,3,2014,True,har_x,0.0107377879619474,0.02039224462327737
5,11.12.2014,3,2014,True,har_x,0.0107189301078239,0.022803743873719015
5,12.12.2014,3,2014,True,har_x,0.021514479068117,0.023704056729328994
5,15.12.2014,3,2014,True,har_x,0.0228354779760604,0.026519749881484773
5,16.12.2014,3,2014,True,har_x,0.0236265863670592,0.03141063822106393
5,17.12.2014,3,2014,True,har_x,0.0272406243322852,0.03066780003529798
5,18.12.2014,3,2014,True,har_x,0.0277133978529759,0.030963465815423124
5,19.12.2014,3,2014,True,har_x,0.0216632568233808,0.03144443950113407
5,22.12.2014,3,2014,True,har_x,0.0214997618814836,0.0304149168617146
5,23.12.2014,3,2014,True,har_x,0.0109519862572387,0.029661887113491235
5,24.12.2014,3,2014,True,har_x,0.0098257771186882,0.029618990415542237
5,26.12.2014,3,2014,True,har_x,0.0233564557063315,0.02991031381236381
5,29.12.2014,3,2014,True,har_x,0.024460690807252,0.029598934533294055
5,30.12.2014,3,2014,True,har_x,0.0246251020420348,0.027167287468119847
5,31.12.2014,3,2014,True,har_x,0.0256902033771827,0.024892852067894055
22,02.01.2014,3,2014,True,har,0.0065568620036706,0.0106832387182816
22,03.01.2014,3,2014,True,har,0.0066210523638085,0.012637419398979503
22,06.01.2014,3,2014,True,har,0.008075947299425,0.011829266318492364
22,07.01.2014,3,2014,True,har,0.0082672261140659,0.01157417515890315
22,08.01.2014,3,2014,True,har,0.0082498802184712,0.011852428435815625
22,09.01.2014,3,2014,True,har,0.0080656338386238,0.011640843488004359
22,10.01.2014,3,2014,True,har,0.0079153608093475,0.010776775509284551
22,13.01.2014,3,2014,True,har,0.0078287047154497,0.01101404887978979
22,14.01.2014,3,2014,True,har,0.0083912766447381,0.010933842472630243
22,15.01.2014,3,2014,True,har,0.0083344689095706,0.010723494129853088
22,16.01.2014,3,2014,True,har,0.0084078334105866,0.011001623245323132
22,17.01.2014,3,2014,True,har,0.0084966419277095,0.010183019736967806
22,22.01.2014,3,2014,True,har,0.0085590743623757,0.010112262592688097
22,23.01.2014,3,2014,True,har,0.0084202768854638,0.01084464415722661
22,24.01.2014,3,2014,True,har,0.0085005760830876,0.010313753363985559
22,27.01.2014,3,2014,True,har,0.0081000481439766,0.010240740366571317
22,28.01.2014,3,2014,True,har,0.0089285772509495,0.010709131030771778
22,29.01.2014,3,2014,True,har,0.0097613363466947,0.010785745255840267
22,30.01.2014,3,2014,True,har,0.0102572090606397,0.010681500949922255
22,31.01.2014,3,2014,True,har,0.0097563064755905,0.010467660132275292
22,03.02.2014,3,2014,True,har,0.0098394727942485,0.011313850736378465
22,04.02.2014,3,2014,True,har,0.0100293874322698,0.009274897694998875
22,05.02.2014,3,2014,True,har,0.0100278628375949,0.009024204715503898
22,06.02.2014,3,2014,True,har,0.0099432552211107,0.009147064047919564
22,07.02.2014,3,2014,True,har,0.0087628179429944,0.009484903432811668
22,10.02.2014,3,2014,True,har,0.0089337698067431,0.011077478346445922
22,11.02.2014,3,2014,True,har,0.0089332445815123,0.010843350082140626
22,12.02.2014,3,2014,True,har,0.0095704668955618,0.010481135922086882
22,13.02.2014,3,2014,True,har,0.0097204454915896,0.010434739220883043
22,14.02.2014,3,2014,True,har,0.0098283353463574,0.010378637127071974
22,19.02.2014,3,2014,True,har,0.0091750012250345,0.009903916053594865
22,20.02.2014,3,2014,True,har,0.0091755005482708,0.010988732465208787
22,21.02.2014,3,2014,True,har,0.009179337572157,0.010623869653367996
22,24.02.2014,3,2014,True,har,0.0089970068725867,0.010556976287799264
22,25.02.2014,3,2014,True,har,0.0089684407424282,0.010606273921052956
22,26.02.2014,3,2014,True,har,0.00898892367853,0.011081763831863965
22,27.02.2014,3,2014,True,har,0.008947700679153,0.010277219781807963
22,28.02.2014,3,2014,True,har,0.0098591014421589,0.010435294656312578
22,03.03.2014,3,2014,True,har,0.008772682721749,0.0102994763760309
22,04.03.2014,3,2014,True,har,0.0087472050640726,0.011769884209131023
22,05.03.2014,3,2014,True,har,0.0083629268522491,0.012010204151923932
22,06.03.2014,3,2014,True,har,0.0084912571019182,0.012413348828031748
22,07.03.2014,3,2014,True,har,0.0091536364845456,0.012109202783827298
22,10.03.2014,3,2014,True,har,0.009004768430054,0.012359388948625266
22,11.03.2014,3,2014,True,har,0.0090044618582433,0.012185775227002135
22,12.03.2014,3,2014,True,har,0.0089521442838571,0.01106551194898853
22,13.03.2014,3,2014,True,har,0.0095075858139794,0.010847530436087965
22,14.03.2014,3,2014,True,har,0.0092553171120433,0.0109502238326475
22,17.03.2014,3,2014,True,har,0.0092555204344099,0.011400065322859825
22,18.03.2014,3,2014,True,har,0.0085927813755585,0.011047842479832683
22,19.03.2014,3,2014,True,har,0.0083110953105991,0.012128482361422409
22,20.03.2014,3,2014,True,har,0.0084280422424451,0.011444187406213946
22,21.03.2014,3,2014,True,har,0.0084142633400663,0.01151454099481116
22,24.03.2014,3,2014,True,har,0.0086747440802374,0.011457333323565813
22,25.03.2014,3,2014,True,har,0.0088526219634409,0.011207745602692998
22,26.03.2014,3,2014,True,har,0.0093779370231135,0.01090662884864187
22,27.03.2014,3,2014,True,har,0.0093953516228666,0.010720777779179605
22,28.03.2014,3,2014,True,har,0.0095723071160209,0.011049702606424388
22,31.03.2014,3,2014,True,har,0.0095723071160209,0.010909573975386427
22,01.04.2014,3,2014,True,har,0.008579517123622,0.010042347688680075
22,02.04.2014,3,2014,True,har,0.0085874277602742,0.01107857479006771
22,03.04.2014,3,2014,True,har,0.0083134212324847,0.010468515746094857
22,04.04.2014,3,2014,True,har,0.0084995014241515,0.011105770785417714
22,07.04.2014,3,2014,True,har,0.0082643169730658,0.010817011721109342
22,08.04.2014,3,2014,True,har,0.0074169475572432,0.010916315050093156
22,09.04.2014,3,2014,True,har,0.0074627880862937,0.011755563009137361
22,10.04.2014,3,2014,True,har,0.0075368089971451,0.011241376737446386
22,11.04.2014,3,2014,True,har,0.0077065744515487,0.01127627034175327
22,14.04.2014,3,2014,True,har,0.0069627797315616,0.010910159653932116
22,15.04.2014,3,2014,True,har,0.0069190391895356,0.01187305301311975
22,16.04.2014,3,2014,True,har,0.0072564081813949,0.010865086777996054
22,17.04.2014,3,2014,True,har,0.0071405182277415,0.010577920873031494
22,21.04.2014,3,2014,True,har,0.0072893318653782,0.010736287867827564
22,22.04.2014,3,2014,True,har,0.0071619394337549,0.010625497144333047
22,23.04.2014,3,2014,True,har,0.0071528932762188,0.01069608271080301
22,24.04.2014,3,2014,True,har,0.0068326343471453,0.010568925047856254
22,25.04.2014,3,2014,True,har,0.0066821261317587,0.011135792897954463
22,28.04.2014,3,2014,True,har,0.0059641417109173,0.011106050364596848
22,29.04.2014,3,2014,True,har,0.0058662263882115,0.011756044590637662
22,30.04.2014,3,2014,True,har,0.0056865641179246,0.011754031915023992
22,01.05.2014,3,2014,True,har,0.0056429931220067,0.011065252742968469
22,02.05.2014,3,2014,True,har,0.005472919356821,0.010625508432578933
22,05.05.2014,3,2014,True,har,0.0052231168531386,0.010618730469247913
22,06.05.2014,3,2014,True,har,0.0050375704895865,0.010688116523231306
22,07.05.2014,3,2014,True,har,0.0052987191754321,0.010479160872965836
22,08.05.2014,3,2014,True,har,0.0053986649592105,0.01019218734471727
22,09.05.2014,3,2014,True,har,0.0054232132320691,0.00991962948411258
22,12.05.2014,3,2014,True,har,0.0078386962106312,0.009825077587762953
22,13.05.2014,3,2014,True,har,0.0077431482280522,0.009922587823080305
22,14.05.2014,3,2014,True,har,0.0076134667978356,0.009426215118506906
22,15.05.2014,3,2014,True,har,0.0076121033239638,0.009591485847608043
22,16.05.2014,3,2014,True,har,0.0077063817743821,0.009393049922104484
22,19.05.2014,3,2014,True,har,0.0073702923780684,0.009215878081137264
22,20.05.2014,3,2014,True,har,0.0074298607463704,0.009866811128240578
22,21.05.2014,3,2014,True,har,0.00750647462182,0.009574207095101588
22,22.05.2014,3,2014,True,har,0.0074789026077537,0.00982918510982832
22,23.05.2014,3,2014,True,har,0.0075765240471228,0.009363923459814738
22,27.05.2014,3,2014,True,har,0.0076769475144703,0.009231569929477693
22,28.05.2014,3,2014,True,har,0.0076446847461388,0.008729942738205751
22,29.05.2014,3,2014,True,har,0.0079223551899575,0.008507492282635634
22,30.05.2014,3,2014,True,har,0.0078153956857902,0.008118351754503181
22,02.06.2014,3,2014,True,har,0.0080225230562853,0.008320502129417977
22,03.06.2014,3,2014,True,har,0.0080479453415093,0.008243968921208896
22,04.06.2014,3,2014,True,har,0.0081574160525393,0.007861013766474587
22,05.06.2014,3,2014,True,har,0.0085579941671153,0.007874890431723444
22,06.06.2014,3,2014,True,har,0.0086516604504963,0.007595198068167488
22,09.06.2014,3,2014,True,har,0.00822071235858,0.00753367136402725
22,10.06.2014,3,2014,True,har,0.0090611540254615,0.00851304872002516
22,11.06.2014,3,2014,True,har,0.0090384241552273,0.008345829281714626
22,12.06.2014,3,2014,True,har,0.0064979115433188,0.008165209045780603
22,13.06.2014,3,2014,True,har,0.0063503983456152,0.011039359095775279
22,16.06.2014,3,2014,True,har,0.006406249818291,0.010352539902057992
22,17.06.2014,3,2014,True,har,0.0070962629437853,0.010345987586077065
22,18.06.2014,3,2014,True,har,0.0069274417345143,0.009998948576278161
22,19.06.2014,3,2014,True,har,0.0065819444091806,0.010197289456807118
22,20.06.2014,3,2014,True,har,0.0068962392921612,0.009771461022211209
22,23.06.2014,3,2014,True,har,0.0069885637848154,0.009690991721447158
22,24.06.2014,3,2014,True,har,0.0076120204521507,0.010012686095799292
22,25.06.2014,3,2014,True,har,0.0076842593491509,0.009828999454747136
22,26.06.2014,3,2014,True,har,0.0076671174131035,0.009887127990709114
22,27.06.2014,3,2014,True,har,0.0078684727436647,0.010078347188956324
22,30.06.2014,3,2014,True,har,0.0077836677637243,0.009822459772926806
22,01.07.2014,3,2014,True,har,0.0079770293546601,0.010180607300371545
22,02.07.2014,3,2014,True,har,0.0080472485565564,0.009926774380837946
22,03.07.2014,3,2014,True,har,0.0081217801307687,0.010414805645582368
22,07.07.2014,3,2014,True,har,0.0080830131154089,0.010226984324989974
22,08.07.2014,3,2014,True,har,0.0080893280799334,0.010440668510118198
22,09.07.2014,3,2014,True,har,0.0080450455730025,0.010593621124688042
22,10.07.2014,3,2014,True,har,0.007975075065238,0.010417936162676396
22,11.07.2014,3,2014,True,har,0.007719513326128,0.010451497519635845
22,14.07.2014,3,2014,True,har,0.0082095092686141,0.009515139954329805
22,15.07.2014,3,2014,True,har,0.0092081009866624,0.009141833756632686
22,16.07.2014,3,2014,True,har,0.009211426938601,0.009385232162852053
22,17.07.2014,3,2014,True,har,0.0091973422673663,0.009113034952631785
22,18.07.2014,3,2014,True,har,0.0086685607832504,0.00878634763843283
22,21.07.2014,3,2014,True,har,0.0087978749768615,0.009421578040359875
22,22.07.2014,3,2014,True,har,0.0088793703034534,0.009364396397367202
22,23.07.2014,3,2014,True,har,0.0086742808857726,0.009232487611066778
22,24.07.2014,3,2014,True,har,0.0086395565700662,0.009458242217508024
22,25.07.2014,3,2014,True,har,0.008042648843575,0.009743992419245937
22,28.07.2014,3,2014,True,har,0.0080191695289167,0.010362207189027785
22,29.07.2014,3,2014,True,har,0.0079813917211152,0.010322524308781469
22,30.07.2014,3,2014,True,har,0.0079549029069269,0.010092247107053304
22,31.07.2014,3,2014,True,har,0.0097585540878974,0.010580362232134839
22,01.08.2014,3,2014,True,har,0.0110558933655564,0.010269367358868412
22,04.08.2014,3,2014,True,har,0.0110963920811548,0.010424734113932521
22,05.08.2014,3,2014,True,har,0.0111684472132485,0.010482547034434884
22,06.08.2014,3,2014,True,har,0.0112032239610254,0.01036175050086137
22,07.08.2014,3,2014,True,har,0.0111082772352647,0.010102717784782167
22,08.08.2014,3,2014,True,har,0.0112562618897464,0.01056701619942297
22,11.08.2014,3,2014,True,har,0.0112813422675956,0.00962517940679319
22,12.08.2014,3,2014,True,har,0.0110195536570815,0.009549419418161228
22,13.08.2014,3,2014,True,har,0.010513090405281,0.01043833062608104
22,14.08.2014,3,2014,True,har,0.0096749009124633,0.01087592906585794
22,15.08.2014,3,2014,True,har,0.0111937401166342,0.012158600176046665
22,18.08.2014,3,2014,True,har,0.0114572401778001,0.011172484973895568
22,19.08.2014,3,2014,True,har,0.0116085808350583,0.011151086608060235
22,20.08.2014,3,2014,True,har,0.0117673695750488,0.011022241689916248
22,21.08.2014,3,2014,True,har,0.0116990261293408,0.01115515140508428
22,22.08.2014,3,2014,True,har,0.0117236630027381,0.010693370996184007
22,25.08.2014,3,2014,True,har,0.0116685033126976,0.0102262859249365
22,26.08.2014,3,2014,True,har,0.0116792939509374,0.010234111260105157
22,27.08.2014,3,2014,True,har,0.0116777081313644,0.010155999396843718
22,28.08.2014,3,2014,True,har,0.0127379205372905,0.009964293178732441
22,29.08.2014,3,2014,True,har,0.0125150417306961,0.009952482478055991
22,02.09.2014,3,2014,True,har,0.0113726167517771,0.01005218964677302
22,03.09.2014,3,2014,True,har,0.0097460984478307,0.012522952345634391
22,04.09.2014,3,2014,True,har,0.0099236749430491,0.01380586264227299
22,05.09.2014,3,2014,True,har,0.0098671559845979,0.013534039341367106
22,08.09.2014,3,2014,True,har,0.0098922831296902,0.013521803018145886
22,09.09.2014,3,2014,True,har,0.0100590562861677,0.013394356234088169
22,10.09.2014,3,2014,True,har,0.0100148085521115,0.013413665623537917
22,11.09.2014,3,2014,True,har,0.0102313393823624,0.012615355908181872
22,12.09.2014,3,2014,True,har,0.0132724368643452,0.012092109032463265
22,15.09.2014,3,2014,True,har,0.0134023144201129,0.01176418804034397
22,16.09.2014,3,2014,True,har,0.0137066631624501,0.011630992658960629
22,17.09.2014,3,2014,True,har,0.0120846307152441,0.01153821629619231
22,18.09.2014,3,2014,True,har,0.0125515201509835,0.013751816334888358
22,19.09.2014,3,2014,True,har,0.0126879427332319,0.013609012763717891
22,22.09.2014,3,2014,True,har,0.0128052655915123,0.013500402407397645
22,23.09.2014,3,2014,True,har,0.0143780214493661,0.014034743048628104
22,24.09.2014,3,2014,True,har,0.0143283550281201,0.013613270521276054
22,25.09.2014,3,2014,True,har,0.0142752416472768,0.013296743551959731
22,26.09.2014,3,2014,True,har,0.0143269470416523,0.013193474801748326
22,29.09.2014,3,2014,True,har,0.0147593734236839,0.013122170527446016
22,30.09.2014,3,2014,True,har,0.0140265388634746,0.012785562989588318
22,01.10.2014,3,2014,True,har,0.0140242231638419,0.013880279219299133
22,02.10.2014,3,2014,True,har,0.0141205750209589,0.011947116281496981
22,03.10.2014,3,2014,True,har,0.014613394950649,0.011966352248027886
22,06.10.2014,3,2014,True,har,0.0145141344308755,0.012089679475839013
22,07.10.2014,3,2014,True,har,0.0145291955455056,0.012109536077361671
22,08.10.2014,3,2014,True,har,0.0147017118838542,0.011852943011883488
22,09.10.2014,3,2014,True,har,0.0146400067588231,0.01179554350338969
22,10.10.2014,3,2014,True,har,0.0146044753145962,0.012219222837742403
22,13.10.2014,3,2014,True,har,0.0146459315817198,0.011882410758568846
22,14.10.2014,3,2014,True,har,0.0131347875027259,0.012388667688934023
22,15.10.2014,3,2014,True,har,0.0129072458025695,0.016091461138140854
22,16.10.2014,3,2014,True,har,0.013636305577651,0.013877984536510464
22,17.10.2014,3,2014,True,har,0.0137076058683186,0.014245377399147776
22,20.10.2014,3,2014,True,har,0.0133722775695502,0.01381335476019065
22,21.10.2014,3,2014,True,har,0.0137246289154474,0.014555090763673464
22,22.10.2014,3,2014,True,har,0.0137993878987174,0.014263496594131102
22,23.10.2014,3,2014,True,har,0.0124417740359422,0.014655883316035054
22,24.10.2014,3,2014,True,har,0.0127303437990001,0.016290823937866794
22,27.10.2014,3,2014,True,har,0.0127459117750925,0.01585913271523083
22,28.10.2014,3,2014,True,har,0.0244350686651887,0.01564562619063617
22,29.10.2014,3,2014,True,har,0.0257001640366103,0.015079706055836261
22,30.10.2014,3,2014,True,har,0.0260385994862605,0.015609220779372414
22,31.10.2014,3,2014,True,har,0.026017511186657,0.015368342391714916
22,03.11.2014,3,2014,True,har,0.0260302122125774,0.015096497885562898
22,04.11.2014,3,2014,True,har,0.0258294037614482,0.015386750571482075
22,05.11.2014,3,2014,True,har,0.0267300352550043,0.016271705663003032
22,06.11.2014,3,2014,True,har,0.0270062950906044,0.015525689580311149
22,07.11.2014,3,2014,True,har,0.0274761970027347,0.015433777739750625
22,10.11.2014,3,2014,True,har,0.0274833678823937,0.015771896937158608
22,11.11.2014,3,2014,True,har,0.027718956057064,0.01589185174408348
22,12.11.2014,3,2014,True,har,0.0277093530802853,0.013119081256644982
22,13.11.2014,3,2014,True,har,0.0274528390876327,0.013444666921050619
22,14.11.2014,3,2014,True,har,0.027476226089403,0.015105433447702625
22,17.11.2014,3,2014,True,har,0.0265528270936049,0.014150570200995086
22,18.11.2014,3,2014,True,har,0.0284771549981057,0.015574480004880192
22,19.11.2014,3,2014,True,har,0.0285118831734554,0.015114111767997911
22,20.11.2014,3,2014,True,har,0.0290658027061948,0.014672330628961762
22,21.11.2014,3,2014,True,har,0.0286528021839527,0.014050760168062311
22,24.11.2014,3,2014,True,har,0.0286343773332482,0.01438949049042243
22,25.11.2014,3,2014,True,har,0.0287691118608256,0.01425005453222308
22,26.11.2014,3,2014,True,har,0.028897979194174,0.014754339725405224
22,28.11.2014,3,2014,True,har,0.0208767792746588,0.014037545131606544
22,01.12.2014,3,2014,True,har,0.0186019145538132,0.027451625015138884
22,02.12.2014,3,2014,True,har,0.0211003031751573,0.027160435403804258
22,03.12.2014,3,2014,True,har,0.0217697092274381,0.02723991532746456
22,04.12.2014,3,2014,True,har,0.0219070685478958,0.026588245981265104
22,05.12.2014,3,2014,True,har,0.0219846828212705,0.026411954038915275
22,08.12.2014,3,2014,True,har,0.0210452867160517,0.02506387561181679
22,09.12.2014,3,2014,True,har,0.0222521193523418,0.02623762271839341
22,10.12.2014,3,2014,True,har,0.0216045494085109,0.025785526924682806
22,11.12.2014,3,2014,True,har,0.0249621067285269,0.02734085655926135
22,12.12.2014,3,2014,True,har,0.0247609876749292,0.02646199817559915
22,15.12.2014,3,2014,True,har,0.0248963629763208,0.026955861546039028
22,16.12.2014,3,2014,True,har,0.0250880176459681,0.026292600170628653
22,17.12.2014,3,2014,True,har,0.0259158549795792,0.02542767848637577
22,18.12.2014,3,2014,True,har,0.0259176191970207,0.02492995723455247
22,19.12.2014,3,2014,True,har,0.0242393724721809,0.02510473495419593
22,22.12.2014,3,2014,True,har,0.0241350556070752,0.027384750228631252
22,23.12.2014,3,2014,True,har,0.0243952062219605,0.026627884379108527
22,24.12.2014,3,2014,True,har,0.0243756868841653,0.027828375304930576
22,26.12.2014,3,2014,True,har,0.0248634573489423,0.02801783813643357
22,29.12.2014,3,2014,True,har,0.0303035513223497,0.02773065622370774
22,30.12.2014,3,2014,True,har,0.0312926286347935,0.021715283189026813
22,31.12.2014,3,2014,True,har,0.0336311885181357,0.019278982329238154
22,02.01.2014,3,2014,True,har_ovx,0.0065568620036706,0.007571049559623785
22,03.01.2014,3,2014,True,har_ovx,0.0066210523638085,0.00932273728654242
22,06.01.2014,3,2014,True,har_ovx,0.008075947299425,0.00912029297310833
22,07.01.2014,3,2014,True,har_ovx,0.0082672261140659,0.009057169942851367
22,08.01.2014,3,2014,True,har_ovx,0.0082498802184712,0.00864991105931058
22,09.01.2014,3,2014,True,har_ovx,0.0080656338386238,0.008780323715078588
22,10.01.2014,3,2014,True,har_ovx,0.0079153608093475,0.008404930995792577
22,13.01.2014,3,2014,True,har_ovx,0.0078287047154497,0.008455975039621758
22,14.01.2014,3,2014,True,har_ovx,0.0083912766447381,0.008525473874773884
22,15.01.2014,3,2014,True,har_ovx,0.0083344689095706,0.008494625237194459
22,16.01.2014,3,2014,True,har_ovx,0.0084078334105866,0.008071871552456873
22,17.01.2014,3,2014,True,har_ovx,0.0084966419277095,0.007428457294133025
22,22.01.2014,3,2014,True,har_ovx,0.0085590743623757,0.007077127902961137
22,23.01.2014,3,2014,True,har_ovx,0.0084202768854638,0.00782973814207049
22,24.01.2014,3,2014,True,har_ovx,0.0085005760830876,0.007886901682006883
22,27.01.2014,3,2014,True,har_ovx,0.0081000481439766,0.008157842074637042
22,28.01.2014,3,2014,True,har_ovx,0.0089285772509495,0.00896551584259057
22,29.01.2014,3,2014,True,har_ovx,0.0097613363466947,0.008919232701243297
22,30.01.2014,3,2014,True,har_ovx,0.0102572090606397,0.008899401925789679
22,31.01.2014,3,2014,True,har_ovx,0.0097563064755905,0.008345506599080005
22,03.02.2014,3,2014,True,har_ovx,0.0098394727942485,0.008917329082999192
22,04.02.2014,3,2014,True,har_ovx,0.0100293874322698,0.008800655147486585
22,05.02.2014,3,2014,True,har_ovx,0.0100278628375949,0.00866173321451654
22,06.02.2014,3,2014,True,har_ovx,0.0099432552211107,0.008337514428975956
22,07.02.2014,3,2014,True,har_ovx,0.0087628179429944,0.007976056340575145
22,10.02.2014,3,2014,True,har_ovx,0.0089337698067431,0.008263329778069976
22,11.02.2014,3,2014,True,har_ovx,0.0089332445815123,0.00813603498948881
22,12.02.2014,3,2014,True,har_ovx,0.0095704668955618,0.007914997914301065
22,13.02.2014,3,2014,True,har_ovx,0.0097204454915896,0.00798131501538618
22,14.02.2014,3,2014,True,har_ovx,0.0098283353463574,0.007856503104286615
22,19.02.2014,3,2014,True,har_ovx,0.0091750012250345,0.007398946847052393
22,20.02.2014,3,2014,True,har_ovx,0.0091755005482708,0.007964986033015785
22,21.02.2014,3,2014,True,har_ovx,0.009179337572157,0.007399221182904628
22,24.02.2014,3,2014,True,har_ovx,0.0089970068725867,0.007519028314896044
22,25.02.2014,3,2014,True,har_ovx,0.0089684407424282,0.007670363278795284
22,26.02.2014,3,2014,True,har_ovx,0.00898892367853,0.007935441918469583
22,27.02.2014,3,2014,True,har_ovx,0.008947700679153,0.007706443932181731
22,28.02.2014,3,2014,True,har_ovx,0.0098591014421589,0.007937276847625381
22,03.03.2014,3,2014,True,har_ovx,0.008772682721749,0.007818650590500908
22,04.03.2014,3,2014,True,har_ovx,0.0087472050640726,0.009306453159929246
22,05.03.2014,3,2014,True,har_ovx,0.0083629268522491,0.008855676827399631
22,06.03.2014,3,2014,True,har_ovx,0.0084912571019182,0.009122468548623064
22,07.03.2014,3,2014,True,har_ovx,0.0091536364845456,0.008795886371142439
22,10.03.2014,3,2014,True,har_ovx,0.009004768430054,0.008917437339722957
22,11.03.2014,3,2014,True,har_ovx,0.0090044618582433,0.009116176309022691
22,12.03.2014,3,2014,True,har_ovx,0.0089521442838571,0.008915730696560733
22,13.03.2014,3,2014,True,har_ovx,0.0095075858139794,0.009016456527976117
22,14.03.2014,3,2014,True,har_ovx,0.0092553171120433,0.009016936836447232
22,17.03.2014,3,2014,True,har_ovx,0.0092555204344099,0.009572340105683193
22,18.03.2014,3,2014,True,har_ovx,0.0085927813755585,0.008795911358505236
22,19.03.2014,3,2014,True,har_ovx,0.0083110953105991,0.00913992782437667
22,20.03.2014,3,2014,True,har_ovx,0.0084280422424451,0.008691032660719897
22,21.03.2014,3,2014,True,har_ovx,0.0084142633400663,0.008587794629633161
22,24.03.2014,3,2014,True,har_ovx,0.0086747440802374,0.00849583257916753
22,25.03.2014,3,2014,True,har_ovx,0.0088526219634409,0.008421013981649114
22,26.03.2014,3,2014,True,har_ovx,0.0093779370231135,0.008261950690684906
22,27.03.2014,3,2014,True,har_ovx,0.0093953516228666,0.00825703098046008
22,28.03.2014,3,2014,True,har_ovx,0.0095723071160209,0.008445713386469567
22,31.03.2014,3,2014,True,har_ovx,0.0095723071160209,0.008310621674342687
22,01.04.2014,3,2014,True,har_ovx,0.008579517123622,0.008068255394630068
22,02.04.2014,3,2014,True,har_ovx,0.0085874277602742,0.00851275925950696
22,03.04.2014,3,2014,True,har_ovx,0.0083134212324847,0.008315165244310899
22,04.04.2014,3,2014,True,har_ovx,0.0084995014241515,0.007902408704232578
22,07.04.2014,3,2014,True,har_ovx,0.0082643169730658,0.007671235718680405
22,08.04.2014,3,2014,True,har_ovx,0.0074169475572432,0.007881430927048471
22,09.04.2014,3,2014,True,har_ovx,0.0074627880862937,0.008355183208960438
22,10.04.2014,3,2014,True,har_ovx,0.0075368089971451,0.007983521332107193
22,11.04.2014,3,2014,True,har_ovx,0.0077065744515487,0.00808317223235179
22,14.04.2014,3,2014,True,har_ovx,0.0069627797315616,0.007790143693238048
22,15.04.2014,3,2014,True,har_ovx,0.0069190391895356,0.00834449156877425
22,16.04.2014,3,2014,True,har_ovx,0.0072564081813949,0.007972795768746339
22,17.04.2014,3,2014,True,har_ovx,0.0071405182277415,0.007949601534024015
22,21.04.2014,3,2014,True,har_ovx,0.0072893318653782,0.008069928986466366
22,22.04.2014,3,2014,True,har_ovx,0.0071619394337549,0.007730387834576545
22,23.04.2014,3,2014,True,har_ovx,0.0071528932762188,0.008062974256035891
22,24.04.2014,3,2014,True,har_ovx,0.0068326343471453,0.00783602830324318
22,25.04.2014,3,2014,True,har_ovx,0.0066821261317587,0.007992705154040191
22,28.04.2014,3,2014,True,har_ovx,0.0059641417109173,0.008175543440362316
22,29.04.2014,3,2014,True,har_ovx,0.0058662263882115,0.008509514089450377
22,30.04.2014,3,2014,True,har_ovx,0.0056865641179246,0.008471112068658054
22,01.05.2014,3,2014,True,har_ovx,0.0056429931220067,0.008315693392874312
22,02.05.2014,3,2014,True,har_ovx,0.005472919356821,0.007779060277387027
22,05.05.2014,3,2014,True,har_ovx,0.0052231168531386,0.007477487086634185
22,06.05.2014,3,2014,True,har_ovx,0.0050375704895865,0.0078810654086801
22,07.05.2014,3,2014,True,har_ovx,0.0052987191754321,0.007566264556854637
22,08.05.2014,3,2014,True,har_ovx,0.0053986649592105,0.00734429670290407
22,09.05.2014,3,2014,True,har_ovx,0.0054232132320691,0.007099087613591857
22,12.05.2014,3,2014,True,har_ovx,0.0078386962106312,0.00687378172064361
22,13.05.2014,3,2014,True,har_ovx,0.0077431482280522,0.006786972137860865
22,14.05.2014,3,2014,True,har_ovx,0.0076134667978356,0.006767409672160173
22,15.05.2014,3,2014,True,har_ovx,0.0076121033239638,0.006772969553099122
22,16.05.2014,3,2014,True,har_ovx,0.0077063817743821,0.006324753871867906
22,19.05.2014,3,2014,True,har_ovx,0.0073702923780684,0.006025643019616776
22,20.05.2014,3,2014,True,har_ovx,0.0074298607463704,0.0064290171963400315
22,21.05.2014,3,2014,True,har_ovx,0.00750647462182,0.006444193423326896
22,22.05.2014,3,2014,True,har_ovx,0.0074789026077537,0.006647524441197767
22,23.05.2014,3,2014,True,har_ovx,0.0075765240471228,0.0063050550767469096
22,27.05.2014,3,2014,True,har_ovx,0.0076769475144703,0.006186744239304798
22,28.05.2014,3,2014,True,har_ovx,0.0076446847461388,0.006180027740685986
22,29.05.2014,3,2014,True,har_ovx,0.0079223551899575,0.006051285932419242
22,30.05.2014,3,2014,True,har_ovx,0.0078153956857902,0.0059131182652563
22,02.06.2014,3,2014,True,har_ovx,0.0080225230562853,0.0059131182652563
22,03.06.2014,3,2014,True,har_ovx,0.0080479453415093,0.0059131182652563
22,04.06.2014,3,2014,True,har_ovx,0.0081574160525393,0.0059131182652563
22,05.06.2014,3,2014,True,har_ovx,0.0085579941671153,0.0059131182652563
22,06.06.2014,3,2014,True,har_ovx,0.0086516604504963,0.0059131182652563
22,09.06.2014,3,2014,True,har_ovx,0.00822071235858,0.0059131182652563
22,10.06.2014,3,2014,True,har_ovx,0.0090611540254615,0.0059131182652563
22,11.06.2014,3,2014,True,har_ovx,0.0090384241552273,0.0059131182652563
22,12.06.2014,3,2014,True,har_ovx,0.0064979115433188,0.0059131182652563
22,13.06.2014,3,2014,True,har_ovx,0.0063503983456152,0.00828737150403738
22,16.06.2014,3,2014,True,har_ovx,0.006406249818291,0.008062663393508075
22,17.06.2014,3,2014,True,har_ovx,0.0070962629437853,0.008059598119389638
22,18.06.2014,3,2014,True,har_ovx,0.0069274417345143,0.007002773670492916
22,19.06.2014,3,2014,True,har_ovx,0.0065819444091806,0.0070487533123925914
22,20.06.2014,3,2014,True,har_ovx,0.0068962392921612,0.007454097705949176
22,23.06.2014,3,2014,True,har_ovx,0.0069885637848154,0.00773794687166854
22,24.06.2014,3,2014,True,har_ovx,0.0076120204521507,0.007476107181786562
22,25.06.2014,3,2014,True,har_ovx,0.0076842593491509,0.007340563254279895
22,26.06.2014,3,2014,True,har_ovx,0.0076671174131035,0.007272129114565612
22,27.06.2014,3,2014,True,har_ovx,0.0078684727436647,0.007054211502589083
22,30.06.2014,3,2014,True,har_ovx,0.0077836677637243,0.006678377151557289
22,01.07.2014,3,2014,True,har_ovx,0.0079770293546601,0.00686756796105947
22,02.07.2014,3,2014,True,har_ovx,0.0080472485565564,0.006630117499226383
22,03.07.2014,3,2014,True,har_ovx,0.0081217801307687,0.00665919134380564
22,07.07.2014,3,2014,True,har_ovx,0.0080830131154089,0.0064238891724328236
22,08.07.2014,3,2014,True,har_ovx,0.0080893280799334,0.006894934876308951
22,09.07.2014,3,2014,True,har_ovx,0.0080450455730025,0.006932771650746362
22,10.07.2014,3,2014,True,har_ovx,0.007975075065238,0.006887862805898889
22,11.07.2014,3,2014,True,har_ovx,0.007719513326128,0.006876391436461519
22,14.07.2014,3,2014,True,har_ovx,0.0082095092686141,0.006972949565865017
22,15.07.2014,3,2014,True,har_ovx,0.0092081009866624,0.007099368528443221
22,16.07.2014,3,2014,True,har_ovx,0.009211426938601,0.0071626218927187
22,17.07.2014,3,2014,True,har_ovx,0.0091973422673663,0.0065284382682279625
22,18.07.2014,3,2014,True,har_ovx,0.0086685607832504,0.0068828080232962024
22,21.07.2014,3,2014,True,har_ovx,0.0087978749768615,0.0069728941996319805
22,22.07.2014,3,2014,True,har_ovx,0.0088793703034534,0.0067090663369265184
22,23.07.2014,3,2014,True,har_ovx,0.0086742808857726,0.006761337245691364
22,24.07.2014,3,2014,True,har_ovx,0.0086395565700662,0.006693923295678498
22,25.07.2014,3,2014,True,har_ovx,0.008042648843575,0.006384754506882398
22,28.07.2014,3,2014,True,har_ovx,0.0080191695289167,0.006936153760889537
22,29.07.2014,3,2014,True,har_ovx,0.0079813917211152,0.006733677236903364
22,30.07.2014,3,2014,True,har_ovx,0.0079549029069269,0.006814133244100399
22,31.07.2014,3,2014,True,har_ovx,0.0097585540878974,0.007168448712909641
22,01.08.2014,3,2014,True,har_ovx,0.0110558933655564,0.007799546442545902
22,04.08.2014,3,2014,True,har_ovx,0.0110963920811548,0.00826832033743092
22,05.08.2014,3,2014,True,har_ovx,0.0111684472132485,0.007981477545020328
22,06.08.2014,3,2014,True,har_ovx,0.0112032239610254,0.00805262967493618
22,07.08.2014,3,2014,True,har_ovx,0.0111082772352647,0.007797515634021485
22,08.08.2014,3,2014,True,har_ovx,0.0112562618897464,0.007975115844314071
22,11.08.2014,3,2014,True,har_ovx,0.0112813422675956,0.007697302820598482
22,12.08.2014,3,2014,True,har_ovx,0.0110195536570815,0.007068714160915712
22,13.08.2014,3,2014,True,har_ovx,0.010513090405281,0.007378893600119437
22,14.08.2014,3,2014,True,har_ovx,0.0096749009124633,0.007272886475676423
22,15.08.2014,3,2014,True,har_ovx,0.0111937401166342,0.008011741384552367
22,18.08.2014,3,2014,True,har_ovx,0.0114572401778001,0.00787837306572478
22,19.08.2014,3,2014,True,har_ovx,0.0116085808350583,0.008315266883464185
22,20.08.2014,3,2014,True,har_ovx,0.0117673695750488,0.00821762848831226
22,21.08.2014,3,2014,True,har_ovx,0.0116990261293408,0.007689867106475014
22,22.08.2014,3,2014,True,har_ovx,0.0117236630027381,0.007357431360600575
22,25.08.2014,3,2014,True,har_ovx,0.0116685033126976,0.0068540647384227
22,26.08.2014,3,2014,True,har_ovx,0.0116792939509374,0.007058674878509285
22,27.08.2014,3,2014,True,har_ovx,0.0116777081313644,0.006905494341038199
22,28.08.2014,3,2014,True,har_ovx,0.0127379205372905,0.0067781624618929275
22,29.08.2014,3,2014,True,har_ovx,0.0125150417306961,0.006801810417667314
22,02.09.2014,3,2014,True,har_ovx,0.0113726167517771,0.006915045071927995
22,03.09.2014,3,2014,True,har_ovx,0.0097460984478307,0.00837799303968086
22,04.09.2014,3,2014,True,har_ovx,0.0099236749430491,0.008712988348437265
22,05.09.2014,3,2014,True,har_ovx,0.0098671559845979,0.008728734190939308
22,08.09.2014,3,2014,True,har_ovx,0.0098922831296902,0.008524212874540131
22,09.09.2014,3,2014,True,har_ovx,0.0100590562861677,0.00935289491158791
22,10.09.2014,3,2014,True,har_ovx,0.0100148085521115,0.00914113117194795
22,11.09.2014,3,2014,True,har_ovx,0.0102313393823624,0.009571658206728697
22,12.09.2014,3,2014,True,har_ovx,0.0132724368643452,0.009323222186027411
22,15.09.2014,3,2014,True,har_ovx,0.0134023144201129,0.008774170890885167
22,16.09.2014,3,2014,True,har_ovx,0.0137066631624501,0.008986429613996632
22,17.09.2014,3,2014,True,har_ovx,0.0120846307152441,0.008349138380375444
22,18.09.2014,3,2014,True,har_ovx,0.0125515201509835,0.00915422953035534
22,19.09.2014,3,2014,True,har_ovx,0.0126879427332319,0.00890465916331991
22,22.09.2014,3,2014,True,har_ovx,0.0128052655915123,0.008656520186655752
22,23.09.2014,3,2014,True,har_ovx,0.0143780214493661,0.009483502078317206
22,24.09.2014,3,2014,True,har_ovx,0.0143283550281201,0.009602298941977484
22,25.09.2014,3,2014,True,har_ovx,0.0142752416472768,0.009232776887142254
22,26.09.2014,3,2014,True,har_ovx,0.0143269470416523,0.009351895744223742
22,29.09.2014,3,2014,True,har_ovx,0.0147593734236839,0.00906168484448854
22,30.09.2014,3,2014,True,har_ovx,0.0140265388634746,0.00929813633100298
22,01.10.2014,3,2014,True,har_ovx,0.0140242231638419,0.01030145459772748
22,02.10.2014,3,2014,True,har_ovx,0.0141205750209589,0.0099363668936455
22,03.10.2014,3,2014,True,har_ovx,0.014613394950649,0.0104202976058064
22,06.10.2014,3,2014,True,har_ovx,0.0145141344308755,0.010898671620340476
22,07.10.2014,3,2014,True,har_ovx,0.0145291955455056,0.011021386091913509
22,08.10.2014,3,2014,True,har_ovx,0.0147017118838542,0.011290421407796871
22,09.10.2014,3,2014,True,har_ovx,0.0146400067588231,0.011360092829035521
22,10.10.2014,3,2014,True,har_ovx,0.0146044753145962,0.012630764982005582
22,13.10.2014,3,2014,True,har_ovx,0.0146459315817198,0.013484316445496221
22,14.10.2014,3,2014,True,har_ovx,0.0131347875027259,0.014353766540595884
22,15.10.2014,3,2014,True,har_ovx,0.0129072458025695,0.018203089171269032
22,16.10.2014,3,2014,True,har_ovx,0.013636305577651,0.01690437412089785
22,17.10.2014,3,2014,True,har_ovx,0.0137076058683186,0.01585305801572268
22,20.10.2014,3,2014,True,har_ovx,0.0133722775695502,0.014328159906906994
22,21.10.2014,3,2014,True,har_ovx,0.0137246289154474,0.013749058206392238
22,22.10.2014,3,2014,True,har_ovx,0.0137993878987174,0.012929746531523062
22,23.10.2014,3,2014,True,har_ovx,0.0124417740359422,0.014701019663814959
22,24.10.2014,3,2014,True,har_ovx,0.0127303437990001,0.015691028970795547
22,27.10.2014,3,2014,True,har_ovx,0.0127459117750925,0.015181195634001929
22,28.10.2014,3,2014,True,har_ovx,0.0244350686651887,0.015621487627593248
22,29.10.2014,3,2014,True,har_ovx,0.0257001640366103,0.014378611183432947
22,30.10.2014,3,2014,True,har_ovx,0.0260385994862605,0.014144278459003973
22,31.10.2014,3,2014,True,har_ovx,0.026017511186657,0.014844035452654997
22,03.11.2014,3,2014,True,har_ovx,0.0260302122125774,0.01476347670628182
22,04.11.2014,3,2014,True,har_ovx,0.0258294037614482,0.015476105604848939
22,05.11.2014,3,2014,True,har_ovx,0.0267300352550043,0.016350704569307477
22,06.11.2014,3,2014,True,har_ovx,0.0270062950906044,0.015264963542368469
22,07.11.2014,3,2014,True,har_ovx,0.0274761970027347,0.01473273632659431
22,10.11.2014,3,2014,True,har_ovx,0.0274833678823937,0.014432360571671528
22,11.11.2014,3,2014,True,har_ovx,0.027718956057064,0.015083804622399978
22,12.11.2014,3,2014,True,har_ovx,0.0277093530802853,0.014287661633264725
22,13.11.2014,3,2014,True,har_ovx,0.0274528390876327,0.014373548428868043
22,14.11.2014,3,2014,True,har_ovx,0.027476226089403,0.01600604352124379
22,17.11.2014,3,2014,True,har_ovx,0.0265528270936049,0.015515390843513778
22,18.11.2014,3,2014,True,har_ovx,0.0284771549981057,0.016539765463483656
22,19.11.2014,3,2014,True,har_ovx,0.0285118831734554,0.01576948317831464
22,20.11.2014,3,2014,True,har_ovx,0.0290658027061948,0.015585722384839067
22,21.11.2014,3,2014,True,har_ovx,0.0286528021839527,0.015801398737385543
22,24.11.2014,3,2014,True,har_ovx,0.0286343773332482,0.016478912782340233
22,25.11.2014,3,2014,True,har_ovx,0.0287691118608256,0.017053574935380546
22,26.11.2014,3,2014,True,har_ovx,0.028897979194174,0.017785076993729124
22,28.11.2014,3,2014,True,har_ovx,0.0208767792746588,0.016809431646759423
22,01.12.2014,3,2014,True,har_ovx,0.0186019145538132,0.021252821194001157
22,02.12.2014,3,2014,True,har_ovx,0.0211003031751573,0.021069172790498393
22,03.12.2014,3,2014,True,har_ovx,0.0217697092274381,0.02156352359213974
22,04.12.2014,3,2014,True,har_ovx,0.0219070685478958,0.020113918470122207
22,05.12.2014,3,2014,True,har_ovx,0.0219846828212705,0.019666035850731893
22,08.12.2014,3,2014,True,har_ovx,0.0210452867160517,0.019395191615039484
22,09.12.2014,3,2014,True,har_ovx,0.0222521193523418,0.022655888267641158
22,10.12.2014,3,2014,True,har_ovx,0.0216045494085109,0.02169959746317893
22,11.12.2014,3,2014,True,har_ovx,0.0249621067285269,0.02399144895027236
22,12.12.2014,3,2014,True,har_ovx,0.0247609876749292,0.02477172273720845
22,15.12.2014,3,2014,True,har_ovx,0.0248963629763208,0.02727669360378366
22,16.12.2014,3,2014,True,har_ovx,0.0250880176459681,0.030588898332435707
22,17.12.2014,3,2014,True,har_ovx,0.0259158549795792,0.029698709567051243
22,18.12.2014,3,2014,True,har_ovx,0.0259176191970207,0.029906519086501195
22,19.12.2014,3,2014,True,har_ovx,0.0242393724721809,0.030335226433322683
22,22.12.2014,3,2014,True,har_ovx,0.0241350556070752,0.0297904101899555
22,23.12.2014,3,2014,True,har_ovx,0.0243952062219605,0.029410166768623593
22,24.12.2014,3,2014,True,har_ovx,0.0243756868841653,0.029427663280210042
22,26.12.2014,3,2014,True,har_ovx,0.0248634573489423,0.029802948449671268
22,29.12.2014,3,2014,True,har_ovx,0.0303035513223497,0.029537616044205846
22,30.12.2014,3,2014,True,har_ovx,0.0312926286347935,0.027323103389361714
22,31.12.2014,3,2014,True,har_ovx,0.0336311885181357,0.025233876777243813
22,02.01.2014,3,2014,True,har_gpr,0.0065568620036706,0.010617290534407558
22,03.01.2014,3,2014,True,har_gpr,0.0066210523638085,0.012571308102551955
22,06.01.2014,3,2014,True,har_gpr,0.008075947299425,0.011761339639592493
22,07.01.2014,3,2014,True,har_gpr,0.0082672261140659,0.011806911202598145
22,08.01.2014,3,2014,True,har_gpr,0.0082498802184712,0.012082707912328775
22,09.01.2014,3,2014,True,har_gpr,0.0080656338386238,0.011869698114259688
22,10.01.2014,3,2014,True,har_gpr,0.0079153608093475,0.011009771554716595
22,13.01.2014,3,2014,True,har_gpr,0.0078287047154497,0.01124796775228546
22,14.01.2014,3,2014,True,har_gpr,0.0083912766447381,0.01037834565071349
22,15.01.2014,3,2014,True,har_gpr,0.0083344689095706,0.010167743307375961
22,16.01.2014,3,2014,True,har_gpr,0.0084078334105866,0.01044552175031354
22,17.01.2014,3,2014,True,har_gpr,0.0084966419277095,0.009622812975927993
22,22.01.2014,3,2014,True,har_gpr,0.0085590743623757,0.009553963325225373
22,23.01.2014,3,2014,True,har_gpr,0.0084202768854638,0.011392131342847455
22,24.01.2014,3,2014,True,har_gpr,0.0085005760830876,0.010855714058006501
22,27.01.2014,3,2014,True,har_gpr,0.0081000481439766,0.010783652592703408
22,28.01.2014,3,2014,True,har_gpr,0.0089285772509495,0.010785741912404619
22,29.01.2014,3,2014,True,har_gpr,0.0097613363466947,0.010862778559926702
22,30.01.2014,3,2014,True,har_gpr,0.0102572090606397,0.010761164311908131
22,31.01.2014,3,2014,True,har_gpr,0.0097563064755905,0.010547254615367095
22,03.02.2014,3,2014,True,har_gpr,0.0098394727942485,0.011393788878594595
22,04.02.2014,3,2014,True,har_gpr,0.0100293874322698,0.006345476960595363
22,05.02.2014,3,2014,True,har_gpr,0.0100278628375949,0.006095029663518804
22,06.02.2014,3,2014,True,har_gpr,0.0099432552211107,0.006218453690866443
22,07.02.2014,3,2014,True,har_gpr,0.0087628179429944,0.006555280951566492
22,10.02.2014,3,2014,True,har_gpr,0.0089337698067431,0.008157225636628258
22,11.02.2014,3,2014,True,har_gpr,0.0089332445815123,0.01241831771062558
22,12.02.2014,3,2014,True,har_gpr,0.0095704668955618,0.012055156003497379
22,13.02.2014,3,2014,True,har_gpr,0.0097204454915896,0.012007886001316921
22,14.02.2014,3,2014,True,har_gpr,0.0098283353463574,0.011951487937037044
22,19.02.2014,3,2014,True,har_gpr,0.0091750012250345,0.011486179599699935
22,20.02.2014,3,2014,True,har_gpr,0.0091755005482708,0.011775983716635123
22,21.02.2014,3,2014,True,har_gpr,0.009179337572157,0.011410227396107645
22,24.02.2014,3,2014,True,har_gpr,0.0089970068725867,0.011340943676382078
22,25.02.2014,3,2014,True,har_gpr,0.0089684407424282,0.011600746902040554
22,26.02.2014,3,2014,True,har_gpr,0.00898892367853,0.012076053540940991
22,27.02.2014,3,2014,True,har_gpr,0.008947700679153,0.01127335477063587
22,28.02.2014,3,2014,True,har_gpr,0.0098591014421589,0.011431529232161645
22,03.03.2014,3,2014,True,har_gpr,0.008772682721749,0.011295161558625033
22,04.03.2014,3,2014,True,har_gpr,0.0087472050640726,0.007641382372801668
22,05.03.2014,3,2014,True,har_gpr,0.0083629268522491,0.00788063919701191
22,06.03.2014,3,2014,True,har_gpr,0.0084912571019182,0.008285653826598453
22,07.03.2014,3,2014,True,har_gpr,0.0091536364845456,0.007980601043651435
22,10.03.2014,3,2014,True,har_gpr,0.009004768430054,0.008230808139580307
22,11.03.2014,3,2014,True,har_gpr,0.0090044618582433,0.010536216518796
22,12.03.2014,3,2014,True,har_gpr,0.0089521442838571,0.009409256546475127
22,13.03.2014,3,2014,True,har_gpr,0.0095075858139794,0.009193916315068607
22,14.03.2014,3,2014,True,har_gpr,0.0092553171120433,0.009296814624461806
22,17.03.2014,3,2014,True,har_gpr,0.0092555204344099,0.009748077907973374
22,18.03.2014,3,2014,True,har_gpr,0.0085927813755585,0.008658996202371264
22,19.03.2014,3,2014,True,har_gpr,0.0083110953105991,0.009740944124056808
22,20.03.2014,3,2014,True,har_gpr,0.0084280422424451,0.00905124864821484
22,21.03.2014,3,2014,True,har_gpr,0.0084142633400663,0.009121493917004463
22,24.03.2014,3,2014,True,har_gpr,0.0086747440802374,0.009067030079217353
22,25.03.2014,3,2014,True,har_gpr,0.0088526219634409,0.009793741433962198
22,26.03.2014,3,2014,True,har_gpr,0.0093779370231135,0.009496201914975959
22,27.03.2014,3,2014,True,har_gpr,0.0093953516228666,0.009314444226089846
22,28.03.2014,3,2014,True,har_gpr,0.0095723071160209,0.009643830162982293
22,31.03.2014,3,2014,True,har_gpr,0.0095723071160209,0.00950377813977172
22,01.04.2014,3,2014,True,har_gpr,0.008579517123622,0.009548512535347636
22,02.04.2014,3,2014,True,har_gpr,0.0085874277602742,0.010578298230404879
22,03.04.2014,3,2014,True,har_gpr,0.0083134212324847,0.009964971635616767
22,04.04.2014,3,2014,True,har_gpr,0.0084995014241515,0.01060401702365267
22,07.04.2014,3,2014,True,har_gpr,0.0082643169730658,0.010313365411627709
22,08.04.2014,3,2014,True,har_gpr,0.0074169475572432,0.01177378131802094
22,09.04.2014,3,2014,True,har_gpr,0.0074627880862937,0.012621048958018128
22,10.04.2014,3,2014,True,har_gpr,0.0075368089971451,0.012108508435596573
22,11.04.2014,3,2014,True,har_gpr,0.0077065744515487,0.012143162976602836
22,14.04.2014,3,2014,True,har_gpr,0.0069627797315616,0.011774488504507814
22,15.04.2014,3,2014,True,har_gpr,0.0069190391895356,0.009719900754889974
22,16.04.2014,3,2014,True,har_gpr,0.0072564081813949,0.008708494207806693
22,17.04.2014,3,2014,True,har_gpr,0.0071405182277415,0.008419172876415967
22,21.04.2014,3,2014,True,har_gpr,0.0072893318653782,0.008578885670436406
22,22.04.2014,3,2014,True,har_gpr,0.0071619394337549,0.01102282109928474
22,23.04.2014,3,2014,True,har_gpr,0.0071528932762188,0.011097473738132276
22,24.04.2014,3,2014,True,har_gpr,0.0068326343471453,0.010970517087438786
22,25.04.2014,3,2014,True,har_gpr,0.0066821261317587,0.011537216449165388
22,28.04.2014,3,2014,True,har_gpr,0.0059641417109173,0.011506765088489095
22,29.04.2014,3,2014,True,har_gpr,0.0058662263882115,0.00973386034021937
22,30.04.2014,3,2014,True,har_gpr,0.0056865641179246,0.009731062379681873
22,01.05.2014,3,2014,True,har_gpr,0.0056429931220067,0.009034657880296485
22,02.05.2014,3,2014,True,har_gpr,0.005472919356821,0.00859712168207932
22,05.05.2014,3,2014,True,har_gpr,0.0052231168531386,0.00858645252986738
22,06.05.2014,3,2014,True,har_gpr,0.0050375704895865,0.011252998218347614
22,07.05.2014,3,2014,True,har_gpr,0.0052987191754321,0.01104518921296414
22,08.05.2014,3,2014,True,har_gpr,0.0053986649592105,0.01075189259599312
22,09.05.2014,3,2014,True,har_gpr,0.0054232132320691,0.010478947951976725
22,12.05.2014,3,2014,True,har_gpr,0.0078386962106312,0.010385377342720667
22,13.05.2014,3,2014,True,har_gpr,0.0077431482280522,0.009721395533291502
22,14.05.2014,3,2014,True,har_gpr,0.0076134667978356,0.009222008082711907
22,15.05.2014,3,2014,True,har_gpr,0.0076121033239638,0.009389262407740389
22,16.05.2014,3,2014,True,har_gpr,0.0077063817743821,0.009191416617244272
22,19.05.2014,3,2014,True,har_gpr,0.0073702923780684,0.009013799603377944
22,20.05.2014,3,2014,True,har_gpr,0.0074298607463704,0.011569026005846384
22,21.05.2014,3,2014,True,har_gpr,0.00750647462182,0.011276328936987788
22,22.05.2014,3,2014,True,har_gpr,0.0074789026077537,0.011533113108676128
22,23.05.2014,3,2014,True,har_gpr,0.0075765240471228,0.01106480174135751
22,27.05.2014,3,2014,True,har_gpr,0.0076769475144703,0.010931148341034347
22,28.05.2014,3,2014,True,har_gpr,0.0076446847461388,0.00809421267559126
22,29.05.2014,3,2014,True,har_gpr,0.0079223551899575,0.007870186999181317
22,30.05.2014,3,2014,True,har_gpr,0.0078153956857902,0.007481528998470675
22,02.06.2014,3,2014,True,har_gpr,0.0080225230562853,0.0076837173197153875
22,03.06.2014,3,2014,True,har_gpr,0.0080479453415093,0.008817108398486715
22,04.06.2014,3,2014,True,har_gpr,0.0081574160525393,0.008431498788980243
22,05.06.2014,3,2014,True,har_gpr,0.0085579941671153,0.008444571822995928
22,06.06.2014,3,2014,True,har_gpr,0.0086516604504963,0.008160937060893103
22,09.06.2014,3,2014,True,har_gpr,0.00822071235858,0.00809992870045626
22,10.06.2014,3,2014,True,har_gpr,0.0090611540254615,0.009148295103728542
22,11.06.2014,3,2014,True,har_gpr,0.0090384241552273,0.008980136592472165
22,12.06.2014,3,2014,True,har_gpr,0.0064979115433188,0.008799000865468655
22,13.06.2014,3,2014,True,har_gpr,0.0063503983456152,0.011683058583841673
22,16.06.2014,3,2014,True,har_gpr,0.006406249818291,0.010996235068916364
22,17.06.2014,3,2014,True,har_gpr,0.0070962629437853,0.00927742897274998
22,18.06.2014,3,2014,True,har_gpr,0.0069274417345143,0.008928916608726094
22,19.06.2014,3,2014,True,har_gpr,0.0065819444091806,0.00912828099828905
22,20.06.2014,3,2014,True,har_gpr,0.0068962392921612,0.008713128414960662
22,23.06.2014,3,2014,True,har_gpr,0.0069885637848154,0.008631387135547886
22,24.06.2014,3,2014,True,har_gpr,0.0076120204521507,0.008451103588606904
22,25.06.2014,3,2014,True,har_gpr,0.0076842593491509,0.008266282492152457
22,26.06.2014,3,2014,True,har_gpr,0.0076671174131035,0.008325557097303721
22,27.06.2014,3,2014,True,har_gpr,0.0078684727436647,0.008520542053421818
22,30.06.2014,3,2014,True,har_gpr,0.0077836677637243,0.008262805340668956
22,01.07.2014,3,2014,True,har_gpr,0.0079770293546601,0.010433830262441598
22,02.07.2014,3,2014,True,har_gpr,0.0080472485565564,0.01018100340176304
22,03.07.2014,3,2014,True,har_gpr,0.0081217801307687,0.010670382805494712
22,07.07.2014,3,2014,True,har_gpr,0.0080830131154089,0.01048238351715252
22,08.07.2014,3,2014,True,har_gpr,0.0080893280799334,0.009304390282810117
22,09.07.2014,3,2014,True,har_gpr,0.0080450455730025,0.00945610257008335
22,10.07.2014,3,2014,True,har_gpr,0.007975075065238,0.009282025114239782
22,11.07.2014,3,2014,True,har_gpr,0.007719513326128,0.009312474096503617
22,14.07.2014,3,2014,True,har_gpr,0.0082095092686141,0.008359804752436766
22,15.07.2014,3,2014,True,har_gpr,0.0092081009866624,0.007009929133117442
22,16.07.2014,3,2014,True,har_gpr,0.009211426938601,0.007255001830111307
22,17.07.2014,3,2014,True,har_gpr,0.0091973422673663,0.006981559174707774
22,18.07.2014,3,2014,True,har_gpr,0.0086685607832504,0.006652883094250665
22,21.07.2014,3,2014,True,har_gpr,0.0087978749768615,0.007294063860769719
22,22.07.2014,3,2014,True,har_gpr,0.0088793703034534,0.0059131182652563
22,23.07.2014,3,2014,True,har_gpr,0.0086742808857726,0.0059131182652563
22,24.07.2014,3,2014,True,har_gpr,0.0086395565700662,0.0059131182652563
22,25.07.2014,3,2014,True,har_gpr,0.008042648843575,0.0059131182652563
22,28.07.2014,3,2014,True,har_gpr,0.0080191695289167,0.0059131182652563
22,29.07.2014,3,2014,True,har_gpr,0.0079813917211152,0.007925065171347412
22,30.07.2014,3,2014,True,har_gpr,0.0079549029069269,0.00769421819986355
22,31.07.2014,3,2014,True,har_gpr,0.0097585540878974,0.008183626500754503
22,01.08.2014,3,2014,True,har_gpr,0.0110558933655564,0.007872057211327083
22,04.08.2014,3,2014,True,har_gpr,0.0110963920811548,0.008034781458119998
22,05.08.2014,3,2014,True,har_gpr,0.0111684472132485,0.008281070228115082
22,06.08.2014,3,2014,True,har_gpr,0.0112032239610254,0.008159773030483815
22,07.08.2014,3,2014,True,har_gpr,0.0111082772352647,0.007900644751785976
22,08.08.2014,3,2014,True,har_gpr,0.0112562618897464,0.008364319521142248
22,11.08.2014,3,2014,True,har_gpr,0.0112813422675956,0.0074178674349855665
22,12.08.2014,3,2014,True,har_gpr,0.0110195536570815,0.0059131182652563
22,13.08.2014,3,2014,True,har_gpr,0.010513090405281,0.0059131182652563
22,14.08.2014,3,2014,True,har_gpr,0.0096749009124633,0.00608210074496989
22,15.08.2014,3,2014,True,har_gpr,0.0111937401166342,0.007370772784090556
22,18.08.2014,3,2014,True,har_gpr,0.0114572401778001,0.006379474821882178
22,19.08.2014,3,2014,True,har_gpr,0.0116085808350583,0.009722029967786603
22,20.08.2014,3,2014,True,har_gpr,0.0117673695750488,0.009594747715888625
22,21.08.2014,3,2014,True,har_gpr,0.0116990261293408,0.00973015966769223
22,22.08.2014,3,2014,True,har_gpr,0.0117236630027381,0.009277447446985939
22,25.08.2014,3,2014,True,har_gpr,0.0116685033126976,0.00880519582209099
22,26.08.2014,3,2014,True,har_gpr,0.0116792939509374,0.008121387739450084
22,27.08.2014,3,2014,True,har_gpr,0.0116777081313644,0.008042627193640317
22,28.08.2014,3,2014,True,har_gpr,0.0127379205372905,0.007851045874185813
22,29.08.2014,3,2014,True,har_gpr,0.0125150417306961,0.007839205781924574
22,02.09.2014,3,2014,True,har_gpr,0.0113726167517771,0.007937233012355256
22,03.09.2014,3,2014,True,har_gpr,0.0097460984478307,0.008960397031744838
22,04.09.2014,3,2014,True,har_gpr,0.0099236749430491,0.01024643460332245
22,05.09.2014,3,2014,True,har_gpr,0.0098671559845979,0.009974339838444264
22,08.09.2014,3,2014,True,har_gpr,0.0098922831296902,0.00996115885352103
22,09.09.2014,3,2014,True,har_gpr,0.0100590562861677,0.011145074135439649
22,10.09.2014,3,2014,True,har_gpr,0.0100148085521115,0.011171027960620456
22,11.09.2014,3,2014,True,har_gpr,0.0102313393823624,0.010388922795983668
22,12.09.2014,3,2014,True,har_gpr,0.0132724368643452,0.00985777050070123
22,15.09.2014,3,2014,True,har_gpr,0.0134023144201129,0.009524835450288571
22,16.09.2014,3,2014,True,har_gpr,0.0137066631624501,0.011101999352625463
22,17.09.2014,3,2014,True,har_gpr,0.0120846307152441,0.011008506533834679
22,18.09.2014,3,2014,True,har_gpr,0.0125515201509835,0.013223619363726291
22,19.09.2014,3,2014,True,har_gpr,0.0126879427332319,0.013078725446136655
22,22.09.2014,3,2014,True,har_gpr,0.0128052655915123,0.012971635307838004
22,23.09.2014,3,2014,True,har_gpr,0.0143780214493661,0.014952549833768175
22,24.09.2014,3,2014,True,har_gpr,0.0143283550281201,0.014529885187011878
22,25.09.2014,3,2014,True,har_gpr,0.0142752416472768,0.014222591875232074
22,26.09.2014,3,2014,True,har_gpr,0.0143269470416523,0.014120944977144737
22,29.09.2014,3,2014,True,har_gpr,0.0147593734236839,0.014051629979950214
22,30.09.2014,3,2014,True,har_gpr,0.0140265388634746,0.012427300055751697
22,01.10.2014,3,2014,True,har_gpr,0.0140242231638419,0.013506695150435843
22,02.10.2014,3,2014,True,har_gpr,0.0141205750209589,0.011560688073761368
22,03.10.2014,3,2014,True,har_gpr,0.014613394950649,0.011580598764971351
22,06.10.2014,3,2014,True,har_gpr,0.0145141344308755,0.01170562398584923
22,07.10.2014,3,2014,True,har_gpr,0.0145291955455056,0.01226036638801497
22,08.10.2014,3,2014,True,har_gpr,0.0147017118838542,0.01201030779656912
22,09.10.2014,3,2014,True,har_gpr,0.0146400067588231,0.011952078045773721
22,10.10.2014,3,2014,True,har_gpr,0.0146044753145962,0.012376249352945729
22,13.10.2014,3,2014,True,har_gpr,0.0146459315817198,0.012038260641067368
22,14.10.2014,3,2014,True,har_gpr,0.0131347875027259,0.012548802818345533
22,15.10.2014,3,2014,True,har_gpr,0.0129072458025695,0.016234649632938983
22,16.10.2014,3,2014,True,har_gpr,0.013636305577651,0.01400771584414684
22,17.10.2014,3,2014,True,har_gpr,0.0137076058683186,0.01437310821257997
22,20.10.2014,3,2014,True,har_gpr,0.0133722775695502,0.013938913528463895
22,21.10.2014,3,2014,True,har_gpr,0.0137246289154474,0.01463374232785861
22,22.10.2014,3,2014,True,har_gpr,0.0137993878987174,0.014361817159679477
22,23.10.2014,3,2014,True,har_gpr,0.0124417740359422,0.014754017034238717
22,24.10.2014,3,2014,True,har_gpr,0.0127303437990001,0.01639557665382555
22,27.10.2014,3,2014,True,har_gpr,0.0127459117750925,0.01596120362550471
22,28.10.2014,3,2014,True,har_gpr,0.0244350686651887,0.01612411891251422
22,29.10.2014,3,2014,True,har_gpr,0.0257001640366103,0.015554362481291648
22,30.10.2014,3,2014,True,har_gpr,0.0260385994862605,0.01609162418027645
22,31.10.2014,3,2014,True,har_gpr,0.026017511186657,0.015856498561278617
22,03.11.2014,3,2014,True,har_gpr,0.0260302122125774,0.01558433237571983
22,04.11.2014,3,2014,True,har_gpr,0.0258294037614482,0.015377392123620697
22,05.11.2014,3,2014,True,har_gpr,0.0267300352550043,0.016262726910000618
22,06.11.2014,3,2014,True,har_gpr,0.0270062950906044,0.015521469445949603
22,07.11.2014,3,2014,True,har_gpr,0.0274761970027347,0.015427386160192059
22,10.11.2014,3,2014,True,har_gpr,0.0274833678823937,0.0157639773841053
22,11.11.2014,3,2014,True,har_gpr,0.027718956057064,0.017290863447474457
22,12.11.2014,3,2014,True,har_gpr,0.0277093530802853,0.014501526072486249
22,13.11.2014,3,2014,True,har_gpr,0.0274528390876327,0.014825955236115679
22,14.11.2014,3,2014,True,har_gpr,0.027476226089403,0.016490593549914234
22,17.11.2014,3,2014,True,har_gpr,0.0265528270936049,0.01553787469505481
22,18.11.2014,3,2014,True,har_gpr,0.0284771549981057,0.013498801726419494
22,19.11.2014,3,2014,True,har_gpr,0.0285118831734554,0.01303599744946962
22,20.11.2014,3,2014,True,har_gpr,0.0290658027061948,0.012592310005782195
22,21.11.2014,3,2014,True,har_gpr,0.0286528021839527,0.011971795210084303
22,24.11.2014,3,2014,True,har_gpr,0.0286343773332482,0.01231413753529492
22,25.11.2014,3,2014,True,har_gpr,0.0287691118608256,0.01219901633885842
22,26.11.2014,3,2014,True,har_gpr,0.028897979194174,0.012703004476984033
22,28.11.2014,3,2014,True,har_gpr,0.0208767792746588,0.01198107843985103
22,01.12.2014,3,2014,True,har_gpr,0.0186019145538132,0.02544273584388287
22,02.12.2014,3,2014,True,har_gpr,0.0211003031751573,0.028178907982791608
22,03.12.2014,3,2014,True,har_gpr,0.0217697092274381,0.02826103607073548
22,04.12.2014,3,2014,True,har_gpr,0.0219070685478958,0.0276064720135901
22,05.12.2014,3,2014,True,har_gpr,0.0219846828212705,0.027429016121953753
22,08.12.2014,3,2014,True,har_gpr,0.0210452867160517,0.026119435791335962
22,09.12.2014,3,2014,True,har_gpr,0.0222521193523418,0.025605593895963254
22,10.12.2014,3,2014,True,har_gpr,0.0216045494085109,0.025150756116726774
22,11.12.2014,3,2014,True,har_gpr,0.0249621067285269,0.02670729257069849
22,12.12.2014,3,2014,True,har_gpr,0.0247609876749292,0.025827757304881883
22,15.12.2014,3,2014,True,har_gpr,0.0248963629763208,0.026322537563719783
22,16.12.2014,3,2014,True,har_gpr,0.0250880176459681,0.027425355783311386
22,17.12.2014,3,2014,True,har_gpr,0.0259158549795792,0.02656318811606792
22,18.12.2014,3,2014,True,har_gpr,0.0259176191970207,0.026068074332159765
22,19.12.2014,3,2014,True,har_gpr,0.0242393724721809,0.026242870708334275
22,22.12.2014,3,2014,True,har_gpr,0.0241350556070752,0.028518577839371954
22,23.12.2014,3,2014,True,har_gpr,0.0243952062219605,0.02727614646263285
22,24.12.2014,3,2014,True,har_gpr,0.0243756868841653,0.028485265074286524
22,26.12.2014,3,2014,True,har_gpr,0.0248634573489423,0.02867021866617104
22,29.12.2014,3,2014,True,har_gpr,0.0303035513223497,0.028381688178633215
22,30.12.2014,3,2014,True,har_gpr,0.0312926286347935,0.021708381734858017
22,31.12.2014,3,2014,True,har_gpr,0.0336311885181357,0.019255251364328718
22,02.01.2014,3,2014,True,har_x,0.0065568620036706,0.007539311233526594
22,03.01.2014,3,2014,True,har_x,0.0066210523638085,0.00929800868638777
22,06.01.2014,3,2014,True,har_x,0.008075947299425,0.009077165737385377
22,07.01.2014,3,2014,True,har_x,0.0082672261140659,0.00936199287277068
22,08.01.2014,3,2014,True,har_x,0.0082498802184712,0.008971669608530472
22,09.01.2014,3,2014,True,har_x,0.0080656338386238,0.009091693230556199
22,10.01.2014,3,2014,True,har_x,0.0079153608093475,0.008705615540058786
22,13.01.2014,3,2014,True,har_x,0.0078287047154497,0.00876247886547251
22,14.01.2014,3,2014,True,har_x,0.0083912766447381,0.008144030262697284
22,15.01.2014,3,2014,True,har_x,0.0083344689095706,0.0081080241704189
22,16.01.2014,3,2014,True,har_x,0.0084078334105866,0.007704085207386996
22,17.01.2014,3,2014,True,har_x,0.0084966419277095,0.007052436432186662
22,22.01.2014,3,2014,True,har_x,0.0085590743623757,0.00670993237830526
22,23.01.2014,3,2014,True,har_x,0.0084202768854638,0.008328883283669646
22,24.01.2014,3,2014,True,har_x,0.0085005760830876,0.008365945997513825
22,27.01.2014,3,2014,True,har_x,0.0081000481439766,0.008628210004292512
22,28.01.2014,3,2014,True,har_x,0.0089285772509495,0.009117320947541674
22,29.01.2014,3,2014,True,har_x,0.0097613363466947,0.009074609060867248
22,30.01.2014,3,2014,True,har_x,0.0102572090606397,0.009054245810112414
22,31.01.2014,3,2014,True,har_x,0.0097563064755905,0.00850923841974296
22,03.02.2014,3,2014,True,har_x,0.0098394727942485,0.009089454225327457
22,04.02.2014,3,2014,True,har_x,0.0100293874322698,0.00639125666800731
22,05.02.2014,3,2014,True,har_x,0.0100278628375949,0.006249326639811857
22,06.02.2014,3,2014,True,har_x,0.0099432552211107,0.00593762258621103
22,07.02.2014,3,2014,True,har_x,0.0087628179429944,0.0059131182652563
22,10.02.2014,3,2014,True,har_x,0.0089337698067431,0.005924692621266024
22,11.02.2014,3,2014,True,har_x,0.0089332445815123,0.009512619234700963
22,12.02.2014,3,2014,True,har_x,0.0095704668955618,0.00928674922115107
22,13.02.2014,3,2014,True,har_x,0.0097204454915896,0.009349405798673514
22,14.02.2014,3,2014,True,har_x,0.0098283353463574,0.009226186283838415
22,19.02.2014,3,2014,True,har_x,0.0091750012250345,0.00877446170623377
22,20.02.2014,3,2014,True,har_x,0.0091755005482708,0.008668470513738627
22,21.02.2014,3,2014,True,har_x,0.009179337572157,0.008106987173556759
22,24.02.2014,3,2014,True,har_x,0.0089970068725867,0.008220102660786537
22,25.02.2014,3,2014,True,har_x,0.0089684407424282,0.008574270163667132
22,26.02.2014,3,2014,True,har_x,0.00898892367853,0.008845233161465732
22,27.02.2014,3,2014,True,har_x,0.008947700679153,0.008601378017111909
22,28.02.2014,3,2014,True,har_x,0.0098591014421589,0.008830517230008064
22,03.03.2014,3,2014,True,har_x,0.008772682721749,0.008710883930480352
22,04.03.2014,3,2014,True,har_x,0.0087472050640726,0.005949028489361174
22,05.03.2014,3,2014,True,har_x,0.0083629268522491,0.0059131182652563
22,06.03.2014,3,2014,True,har_x,0.0084912571019182,0.0059131182652563
22,07.03.2014,3,2014,True,har_x,0.0091536364845456,0.0059131182652563
22,10.03.2014,3,2014,True,har_x,0.009004768430054,0.0059131182652563
22,11.03.2014,3,2014,True,har_x,0.0090044618582433,0.007810330986657453
22,12.03.2014,3,2014,True,har_x,0.0089521442838571,0.007579682499066782
22,13.03.2014,3,2014,True,har_x,0.0095075858139794,0.007673573842077081
22,14.03.2014,3,2014,True,har_x,0.0092553171120433,0.007677025912136887
22,17.03.2014,3,2014,True,har_x,0.0092555204344099,0.008230974610847257
22,18.03.2014,3,2014,True,har_x,0.0085927813755585,0.006855760952789537
22,19.03.2014,3,2014,True,har_x,0.0083110953105991,0.007221454529390381
22,20.03.2014,3,2014,True,har_x,0.0084280422424451,0.006761871306700159
22,21.03.2014,3,2014,True,har_x,0.0084142633400663,0.006663209025092083
22,24.03.2014,3,2014,True,har_x,0.0086747440802374,0.00657404866753257
22,25.03.2014,3,2014,True,har_x,0.0088526219634409,0.007324667777519404
22,26.03.2014,3,2014,True,har_x,0.0093779370231135,0.007164117973440367
22,27.03.2014,3,2014,True,har_x,0.0093953516228666,0.007157071834570272
22,28.03.2014,3,2014,True,har_x,0.0095723071160209,0.007350180022930115
22,31.03.2014,3,2014,True,har_x,0.0095723071160209,0.007214825485465373
22,01.04.2014,3,2014,True,har_x,0.008579517123622,0.007671245527628802
22,02.04.2014,3,2014,True,har_x,0.0085874277602742,0.008128084365756504
22,03.04.2014,3,2014,True,har_x,0.0083134212324847,0.007916512970296148
22,04.04.2014,3,2014,True,har_x,0.0084995014241515,0.00753370835756184
22,07.04.2014,3,2014,True,har_x,0.0082643169730658,0.007299341558655583
22,08.04.2014,3,2014,True,har_x,0.0074169475572432,0.00863704565083114
22,09.04.2014,3,2014,True,har_x,0.0074627880862937,0.009126944855279887
22,10.04.2014,3,2014,True,har_x,0.0075368089971451,0.008752027806141323
22,11.04.2014,3,2014,True,har_x,0.0077065744515487,0.008849828470525106
22,14.04.2014,3,2014,True,har_x,0.0069627797315616,0.008552735639748973
22,15.04.2014,3,2014,True,har_x,0.0069190391895356,0.006622325430622309
22,16.04.2014,3,2014,True,har_x,0.0072564081813949,0.006230246996658308
22,17.04.2014,3,2014,True,har_x,0.0071405182277415,0.006198221141972195
22,21.04.2014,3,2014,True,har_x,0.0072893318653782,0.006320724275101075
22,22.04.2014,3,2014,True,har_x,0.0071619394337549,0.008156707195978087
22,23.04.2014,3,2014,True,har_x,0.0071528932762188,0.0084852028546943
22,24.04.2014,3,2014,True,har_x,0.0068326343471453,0.008260912785032506
22,25.04.2014,3,2014,True,har_x,0.0066821261317587,0.008429020871023936
22,28.04.2014,3,2014,True,har_x,0.0059641417109173,0.008605560126816804
22,29.04.2014,3,2014,True,har_x,0.0058662263882115,0.006873300335782226
22,30.04.2014,3,2014,True,har_x,0.0056865641179246,0.006835227869126821
22,01.05.2014,3,2014,True,har_x,0.0056429931220067,0.006659690970394624
22,02.05.2014,3,2014,True,har_x,0.005472919356821,0.00612682844002498
22,05.05.2014,3,2014,True,har_x,0.0052231168531386,0.0059131182652563
22,06.05.2014,3,2014,True,har_x,0.0050375704895865,0.00838797942193842
22,07.05.2014,3,2014,True,har_x,0.0052987191754321,0.008076656865297084
22,08.05.2014,3,2014,True,har_x,0.0053986649592105,0.007848380268105257
22,09.05.2014,3,2014,True,har_x,0.0054232132320691,0.007601830406555032
22,12.05.2014,3,2014,True,har_x,0.0078386962106312,0.007380672373977582
22,13.05.2014,3,2014,True,har_x,0.0077431482280522,0.006701037843246046
22,14.05.2014,3,2014,True,har_x,0.0076134667978356,0.006666280250834756
22,15.05.2014,3,2014,True,har_x,0.0076121033239638,0.006677647248361215
22,16.05.2014,3,2014,True,har_x,0.0077063817743821,0.006236312982647882
22,19.05.2014,3,2014,True,har_x,0.0073702923780684,0.005940011911715261
22,20.05.2014,3,2014,True,har_x,0.0074298607463704,0.007940041515980779
22,21.05.2014,3,2014,True,har_x,0.00750647462182,0.007946583474631352
22,22.05.2014,3,2014,True,har_x,0.0074789026077537,0.0081528204558827
22,23.05.2014,3,2014,True,har_x,0.0075765240471228,0.007804503489500333
22,27.05.2014,3,2014,True,har_x,0.0076769475144703,0.007684814620219857
22,28.05.2014,3,2014,True,har_x,0.0076446847461388,0.0059131182652563
22,29.05.2014,3,2014,True,har_x,0.0079223551899575,0.0059131182652563
22,30.05.2014,3,2014,True,har_x,0.0078153956857902,0.0059131182652563
22,02.06.2014,3,2014,True,har_x,0.0080225230562853,0.0059131182652563
22,03.06.2014,3,2014,True,har_x,0.0080479453415093,0.0062933424592502216
22,04.06.2014,3,2014,True,har_x,0.0081574160525393,0.006128126807534331
22,05.06.2014,3,2014,True,har_x,0.0085579941671153,0.006100748452311159
22,06.06.2014,3,2014,True,har_x,0.0086516604504963,0.0059131182652563
22,09.06.2014,3,2014,True,har_x,0.00822071235858,0.0059131182652563
22,10.06.2014,3,2014,True,har_x,0.0090611540254615,0.006071444886600845
22,11.06.2014,3,2014,True,har_x,0.0090384241552273,0.005977193917560363
22,12.06.2014,3,2014,True,har_x,0.0064979115433188,0.0059131182652563
22,13.06.2014,3,2014,True,har_x,0.0063503983456152,0.008895121166527145
22,16.06.2014,3,2014,True,har_x,0.006406249818291,0.008657139439560283
22,17.06.2014,3,2014,True,har_x,0.0070962629437853,0.0072902138960195826
22,18.06.2014,3,2014,True,har_x,0.0069274417345143,0.006251191533186534
22,19.06.2014,3,2014,True,har_x,0.0065819444091806,0.006302197944169761
22,20.06.2014,3,2014,True,har_x,0.0068962392921612,0.006692444590162609
22,23.06.2014,3,2014,True,har_x,0.0069885637848154,0.006965483292975367
22,24.06.2014,3,2014,True,har_x,0.0076120204521507,0.006260090682216717
22,25.06.2014,3,2014,True,har_x,0.0076842593491509,0.006122284826245865
22,26.06.2014,3,2014,True,har_x,0.0076671174131035,0.006058109918929507
22,27.06.2014,3,2014,True,har_x,0.0078684727436647,0.0059131182652563
22,30.06.2014,3,2014,True,har_x,0.0077836677637243,0.0059131182652563
22,01.07.2014,3,2014,True,har_x,0.0079770293546601,0.007162968647236322
22,02.07.2014,3,2014,True,har_x,0.0080472485565564,0.006925486631988701
22,03.07.2014,3,2014,True,har_x,0.0081217801307687,0.006968299755171456
22,07.07.2014,3,2014,True,har_x,0.0080830131154089,0.006733900250468619
22,08.07.2014,3,2014,True,har_x,0.0080893280799334,0.006068352348192479
22,09.07.2014,3,2014,True,har_x,0.0080450455730025,0.006108594460892427
22,10.07.2014,3,2014,True,har_x,0.007975075065238,0.0060610892248143065
22,11.07.2014,3,2014,True,har_x,0.007719513326128,0.006048619890452829
22,14.07.2014,3,2014,True,har_x,0.0082095092686141,0.006105635433753915
22,15.07.2014,3,2014,True,har_x,0.0092081009866624,0.0059131182652563
22,16.07.2014,3,2014,True,har_x,0.009211426938601,0.0059131182652563
22,17.07.2014,3,2014,True,har_x,0.0091973422673663,0.0059131182652563
22,18.07.2014,3,2014,True,har_x,0.0086685607832504,0.0059131182652563
22,21.07.2014,3,2014,True,har_x,0.0087978749768615,0.0059131182652563
22,22.07.2014,3,2014,True,har_x,0.0088793703034534,0.0059131182652563
22,23.07.2014,3,2014,True,har_x,0.0086742808857726,0.0059131182652563
22,24.07.2014,3,2014,True,har_x,0.0086395565700662,0.0059131182652563
22,25.07.2014,3,2014,True,har_x,0.008042648843575,0.0059131182652563
22,28.07.2014,3,2014,True,har_x,0.0080191695289167,0.0059131182652563
22,29.07.2014,3,2014,True,har_x,0.0079813917211152,0.0059131182652563
22,30.07.2014,3,2014,True,har_x,0.0079549029069269,0.0059131182652563
22,31.07.2014,3,2014,True,har_x,0.0097585540878974,0.0059131182652563
22,01.08.2014,3,2014,True,har_x,0.0110558933655564,0.0059131182652563
22,04.08.2014,3,2014,True,har_x,0.0110963920811548,0.006361130229950756
22,05.08.2014,3,2014,True,har_x,0.0111684472132485,0.006266220547689178
22,06.08.2014,3,2014,True,har_x,0.0112032239610254,0.006331826267918585
22,07.08.2014,3,2014,True,har_x,0.0111082772352647,0.006076242949438397
22,08.08.2014,3,2014,True,har_x,0.0112562618897464,0.00626154186964902
22,11.08.2014,3,2014,True,har_x,0.0112813422675956,0.00596197297023901
22,12.08.2014,3,2014,True,har_x,0.0110195536570815,0.0059131182652563
22,13.08.2014,3,2014,True,har_x,0.010513090405281,0.0059131182652563
22,14.08.2014,3,2014,True,har_x,0.0096749009124633,0.0059131182652563
22,15.08.2014,3,2014,True,har_x,0.0111937401166342,0.0059131182652563
22,18.08.2014,3,2014,True,har_x,0.0114572401778001,0.0059131182652563
22,19.08.2014,3,2014,True,har_x,0.0116085808350583,0.007192614732593355
22,20.08.2014,3,2014,True,har_x,0.0117673695750488,0.007095099606359684
22,21.08.2014,3,2014,True,har_x,0.0116990261293408,0.006587036185618149
22,22.08.2014,3,2014,True,har_x,0.0117236630027381,0.006257133235819464
22,25.08.2014,3,2014,True,har_x,0.0116685033126976,0.0059131182652563
22,26.08.2014,3,2014,True,har_x,0.0116792939509374,0.0059131182652563
22,27.08.2014,3,2014,True,har_x,0.0116777081313644,0.0059131182652563
22,28.08.2014,3,2014,True,har_x,0.0127379205372905,0.0059131182652563
22,29.08.2014,3,2014,True,har_x,0.0125150417306961,0.0059131182652563
22,02.09.2014,3,2014,True,har_x,0.0113726167517771,0.0059131182652563
22,03.09.2014,3,2014,True,har_x,0.0097460984478307,0.0059131182652563
22,04.09.2014,3,2014,True,har_x,0.0099236749430491,0.0059131182652563
22,05.09.2014,3,2014,True,har_x,0.0098671559845979,0.0059131182652563
22,08.09.2014,3,2014,True,har_x,0.0098922831296902,0.0059131182652563
22,09.09.2014,3,2014,True,har_x,0.0100590562861677,0.007615754206549268
22,10.09.2014,3,2014,True,har_x,0.0100148085521115,0.007414947986200741
22,11.09.2014,3,2014,True,har_x,0.0102313393823624,0.007823358984583896
22,12.09.2014,3,2014,True,har_x,0.0132724368643452,0.007561461367053421
22,15.09.2014,3,2014,True,har_x,0.0134023144201129,0.007014775451426793
22,16.09.2014,3,2014,True,har_x,0.0137066631624501,0.008643321710901965
22,17.09.2014,3,2014,True,har_x,0.0120846307152441,0.008020008428081342
22,18.09.2014,3,2014,True,har_x,0.0125515201509835,0.00886583293265682
22,19.09.2014,3,2014,True,har_x,0.0126879427332319,0.008617378035010422
22,22.09.2014,3,2014,True,har_x,0.0128052655915123,0.008373881087831558
22,23.09.2014,3,2014,True,har_x,0.0143780214493661,0.010390942331005841
22,24.09.2014,3,2014,True,har_x,0.0143283550281201,0.010493891777183269
22,25.09.2014,3,2014,True,har_x,0.0142752416472768,0.010132068542818744
22,26.09.2014,3,2014,True,har_x,0.0143269470416523,0.01024627936452628
22,29.09.2014,3,2014,True,har_x,0.0147593734236839,0.009963287926761318
22,30.09.2014,3,2014,True,har_x,0.0140265388634746,0.009096760226839215
22,01.10.2014,3,2014,True,har_x,0.0140242231638419,0.010092903486421988
22,02.10.2014,3,2014,True,har_x,0.0141205750209589,0.009675068970898267
22,03.10.2014,3,2014,True,har_x,0.014613394950649,0.010147052211348675
22,06.10.2014,3,2014,True,har_x,0.0145141344308755,0.010617236563649931
22,07.10.2014,3,2014,True,har_x,0.0145291955455056,0.011194786454195596
22,08.10.2014,3,2014,True,har_x,0.0147017118838542,0.011454168852036418
22,09.10.2014,3,2014,True,har_x,0.0146400067588231,0.011519818197133628
22,10.10.2014,3,2014,True,har_x,0.0146044753145962,0.012768486508655188
22,13.10.2014,3,2014,True,har_x,0.0146459315817198,0.013588809073400064
22,14.10.2014,3,2014,True,har_x,0.0131347875027259,0.014452071342908445
22,15.10.2014,3,2014,True,har_x,0.0129072458025695,0.01824701589666694
22,16.10.2014,3,2014,True,har_x,0.013636305577651,0.01691233735703984
22,17.10.2014,3,2014,True,har_x,0.0137076058683186,0.01589783159318114
22,20.10.2014,3,2014,True,har_x,0.0133722775695502,0.014400342048709129
22,21.10.2014,3,2014,True,har_x,0.0137246289154474,0.013803669809320848
22,22.10.2014,3,2014,True,har_x,0.0137993878987174,0.01301214323383611
22,23.10.2014,3,2014,True,har_x,0.0124417740359422,0.014746658442304173
22,24.10.2014,3,2014,True,har_x,0.0127303437990001,0.015759821488969674
22,27.10.2014,3,2014,True,har_x,0.0127459117750925,0.01524963444941438
22,28.10.2014,3,2014,True,har_x,0.0244350686651887,0.01605735173334022
22,29.10.2014,3,2014,True,har_x,0.0257001640366103,0.014829567218237713
22,30.10.2014,3,2014,True,har_x,0.0260385994862605,0.014621707426573595
22,31.10.2014,3,2014,True,har_x,0.026017511186657,0.015300050581501181
22,03.11.2014,3,2014,True,har_x,0.0260302122125774,0.015213853768779184
22,04.11.2014,3,2014,True,har_x,0.0258294037614482,0.015436726240572556
22,05.11.2014,3,2014,True,har_x,0.0267300352550043,0.016312632246414886
22,06.11.2014,3,2014,True,har_x,0.0270062950906044,0.01523849266740885
22,07.11.2014,3,2014,True,har_x,0.0274761970027347,0.014716494122063686
22,10.11.2014,3,2014,True,har_x,0.0274833678823937,0.01443250009149968
22,11.11.2014,3,2014,True,har_x,0.027718956057064,0.016255326266515224
22,12.11.2014,3,2014,True,har_x,0.0277093530802853,0.015392587861791734
22,13.11.2014,3,2014,True,har_x,0.0274528390876327,0.015484444035299676
22,14.11.2014,3,2014,True,har_x,0.027476226089403,0.017121762666846826
22,17.11.2014,3,2014,True,har_x,0.0265528270936049,0.016619033897181737
22,18.11.2014,3,2014,True,har_x,0.0284771549981057,0.01479379046015409
22,19.11.2014,3,2014,True,har_x,0.0285118831734554,0.014029656695401307
22,20.11.2014,3,2014,True,har_x,0.0290658027061948,0.013837238878868958
22,21.11.2014,3,2014,True,har_x,0.0286528021839527,0.014030959231233535
22,24.11.2014,3,2014,True,har_x,0.0286343773332482,0.014702088361830238
22,25.11.2014,3,2014,True,har_x,0.0287691118608256,0.015292593145267515
22,26.11.2014,3,2014,True,har_x,0.028897979194174,0.016018262875366698
22,28.11.2014,3,2014,True,har_x,0.0208767792746588,0.015045329035832845
22,01.12.2014,3,2014,True,har_x,0.0186019145538132,0.019773393746096924
22,02.12.2014,3,2014,True,har_x,0.0211003031751573,0.02204781637279496
22,03.12.2014,3,2014,True,har_x,0.0217697092274381,0.02253284462841156
22,04.12.2014,3,2014,True,har_x,0.0219070685478958,0.021101875666134674
22,05.12.2014,3,2014,True,har_x,0.0219846828212705,0.020660269558554944
22,08.12.2014,3,2014,True,har_x,0.0210452867160517,0.02038673721229035
22,09.12.2014,3,2014,True,har_x,0.0222521193523418,0.022229184500117474
22,10.12.2014,3,2014,True,har_x,0.0216045494085109,0.02128364480829477
22,11.12.2014,3,2014,True,har_x,0.0249621067285269,0.023558098638934453
22,12.12.2014,3,2014,True,har_x,0.0247609876749292,0.02429224407751455
22,15.12.2014,3,2014,True,har_x,0.0248963629763208,0.026744535377622017
22,16.12.2014,3,2014,True,har_x,0.0250880176459681,0.03140264979253347
22,17.12.2014,3,2014,True,har_x,0.0259158549795792,0.03051463001314267
22,18.12.2014,3,2014,True,har_x,0.0259176191970207,0.030704678604422643
22,19.12.2014,3,2014,True,har_x,0.0242393724721809,0.031126831262689524
22,22.12.2014,3,2014,True,har_x,0.0241350556070752,0.03065677108157471
22,23.12.2014,3,2014,True,har_x,0.0243952062219605,0.02985592222822619
22,24.12.2014,3,2014,True,har_x,0.0243756868841653,0.02991211203818743
22,26.12.2014,3,2014,True,har_x,0.0248634573489423,0.030279326952566736
22,29.12.2014,3,2014,True,har_x,0.0303035513223497,0.030012090938390648
22,30.12.2014,3,2014,True,har_x,0.0312926286347935,0.02716610906137009
22,31.12.2014,3,2014,True,har_x,0.0336311885181357,0.02505369736233677
66,02.01.2014,3,2014,True,har,0.0085501973681491,0.012093033983592096
66,03.01.2014,3,2014,True,har,0.0084893333737022,0.014017253740950683
66,06.01.2014,3,2014,True,har,0.0087124806984432,0.01323548062251659
66,07.01.2014,3,2014,True,har,0.0086950268715376,0.01297231051577917
66,08.01.2014,3,2014,True,har,0.0086913072614687,0.013284770689966585
66,09.01.2014,3,2014,True,har,0.0086778162436978,0.013096338634902876
66,10.01.2014,3,2014,True,har,0.0086363045270992,0.012208166741533296
66,13.01.2014,3,2014,True,har,0.0086521172204404,0.01242435699377481
66,14.01.2014,3,2014,True,har,0.0086426238149024,0.012354525683028
66,15.01.2014,3,2014,True,har,0.0087065817948847,0.01215353981911536
66,16.01.2014,3,2014,True,har,0.0087519704261528,0.012432623856100075
66,17.01.2014,3,2014,True,har,0.0089142688501384,0.011695601008868696
66,22.01.2014,3,2014,True,har,0.0088599848044842,0.011598146483616359
66,23.01.2014,3,2014,True,har,0.008885795911515,0.012296251106232624
66,24.01.2014,3,2014,True,har,0.0088864810561444,0.011861004992015114
66,27.01.2014,3,2014,True,har,0.008826669605942,0.01177047024508015
66,28.01.2014,3,2014,True,har,0.0088476161519031,0.01225628641841657
66,29.01.2014,3,2014,True,har,0.0088653056664293,0.012316923451594537
66,30.01.2014,3,2014,True,har,0.0089506368771642,0.012172197543629675
66,31.01.2014,3,2014,True,har,0.0087665702069782,0.011962113678429285
66,03.02.2014,3,2014,True,har,0.0087573134471165,0.012793952965902914
66,04.02.2014,3,2014,True,har,0.008768274071789,0.01103174836882655
66,05.02.2014,3,2014,True,har,0.008799785711447,0.010784802637457118
66,06.02.2014,3,2014,True,har,0.0087976155360387,0.010897751240559417
66,07.02.2014,3,2014,True,har,0.0083797704775012,0.011245777314703907
66,10.02.2014,3,2014,True,har,0.0083085066744357,0.01265916952643694
66,11.02.2014,3,2014,True,har,0.0083955596624206,0.012441806670101894
66,12.02.2014,3,2014,True,har,0.0084020538182667,0.012094257397826443
66,13.02.2014,3,2014,True,har,0.0084545695177938,0.012063688491346286
66,14.02.2014,3,2014,True,har,0.0084580075569798,0.012013383883269219
66,19.02.2014,3,2014,True,har,0.0082311911573664,0.011411261167688095
66,20.02.2014,3,2014,True,har,0.0082496467742066,0.012464440474011408
66,21.02.2014,3,2014,True,har,0.0082375469343535,0.012103883307415447
66,24.02.2014,3,2014,True,har,0.0081909233365716,0.01207978627478137
66,25.02.2014,3,2014,True,har,0.0081166054141002,0.012138939737082341
66,26.02.2014,3,2014,True,har,0.0081427690605105,0.012605081619105648
66,27.02.2014,3,2014,True,har,0.0081184634851018,0.011785271822385843
66,28.02.2014,3,2014,True,har,0.0081311365340627,0.011944031798287043
66,03.03.2014,3,2014,True,har,0.0077753500526064,0.011815020843645564
66,04.03.2014,3,2014,True,har,0.0074854161729662,0.013241885630766587
66,05.03.2014,3,2014,True,har,0.0074362495354142,0.01348655137642881
66,06.03.2014,3,2014,True,har,0.0074488493600894,0.01384205785714354
66,07.03.2014,3,2014,True,har,0.0073950078280064,0.0135453883798195
66,10.03.2014,3,2014,True,har,0.0080498739815002,0.013794335981140635
66,11.03.2014,3,2014,True,har,0.0080443653694608,0.013528103824940668
66,12.03.2014,3,2014,True,har,0.0080198744393588,0.012543464324503364
66,13.03.2014,3,2014,True,har,0.0079792359977337,0.012293865314926017
66,14.03.2014,3,2014,True,har,0.0079185751324539,0.012391257192625963
66,17.03.2014,3,2014,True,har,0.0079540296301711,0.012811282122768929
66,18.03.2014,3,2014,True,har,0.0076710840489486,0.012437270670188716
66,19.03.2014,3,2014,True,har,0.0076226729401735,0.01348429559891512
66,20.03.2014,3,2014,True,har,0.0076053926053931,0.012895199536065483
66,21.03.2014,3,2014,True,har,0.007619811188821,0.012959724267662225
66,24.03.2014,3,2014,True,har,0.0076784176563288,0.012860789055361149
66,25.03.2014,3,2014,True,har,0.0076777686720965,0.012638061072177957
66,26.03.2014,3,2014,True,har,0.0077607151027174,0.012294181122106345
66,27.03.2014,3,2014,True,har,0.0077168120312775,0.012050523537871918
66,28.03.2014,3,2014,True,har,0.007811471270171,0.01237169961356958
66,31.03.2014,3,2014,True,har,0.007807315238361,0.01222726573080777
66,01.04.2014,3,2014,True,har,0.0074342189559252,0.011531412798038305
66,02.04.2014,3,2014,True,har,0.0075200100573031,0.012655624133076783
66,03.04.2014,3,2014,True,har,0.0074040652542784,0.01209818854909038
66,04.04.2014,3,2014,True,har,0.0073887341468863,0.012693205084054842
66,07.04.2014,3,2014,True,har,0.0076755522688239,0.012431854908788115
66,08.04.2014,3,2014,True,har,0.0073780682461032,0.012536331167533783
66,09.04.2014,3,2014,True,har,0.0074491762936247,0.013237181365393928
66,10.04.2014,3,2014,True,har,0.0074294299641605,0.01269373522974145
66,11.04.2014,3,2014,True,har,0.0074300158008535,0.012734069617234493
66,14.04.2014,3,2014,True,har,0.0073086460499621,0.012414472994710461
66,15.04.2014,3,2014,True,har,0.0073196548439941,0.013280608846417703
66,16.04.2014,3,2014,True,har,0.007329049337665,0.012340727893626113
66,17.04.2014,3,2014,True,har,0.0073263879841619,0.012092807100385516
66,21.04.2014,3,2014,True,har,0.0073862368618005,0.012234566248868152
66,22.04.2014,3,2014,True,har,0.0075115343661248,0.012115615388621367
66,23.04.2014,3,2014,True,har,0.0075660741178691,0.012125386720112851
66,24.04.2014,3,2014,True,har,0.0074355027020738,0.011992320134521176
66,25.04.2014,3,2014,True,har,0.0075152844331641,0.012556565440194883
66,28.04.2014,3,2014,True,har,0.007357804209757,0.012531992268543015
66,29.04.2014,3,2014,True,har,0.0074053273273251,0.013144282591944688
66,30.04.2014,3,2014,True,har,0.0073766060232324,0.013145757449829123
66,01.05.2014,3,2014,True,har,0.0074242774801304,0.012598523646980843
66,02.05.2014,3,2014,True,har,0.0073546972088866,0.012132225603414901
66,05.05.2014,3,2014,True,har,0.0073705964389647,0.01219248577827132
66,06.05.2014,3,2014,True,har,0.0073491550550087,0.01221056667653367
66,07.05.2014,3,2014,True,har,0.0072451028538231,0.011988632489870782
66,08.05.2014,3,2014,True,har,0.0074919515207926,0.01181420980564218
66,09.05.2014,3,2014,True,har,0.0076570793024175,0.011543078368440964
66,12.05.2014,3,2014,True,har,0.0080705719575139,0.01143781019893856
66,13.05.2014,3,2014,True,har,0.007999734664223,0.011511988044022368
66,14.05.2014,3,2014,True,har,0.0079120523324505,0.01108368114425318
66,15.05.2014,3,2014,True,har,0.0079007370108833,0.01121442307495835
66,16.05.2014,3,2014,True,har,0.0079661677201205,0.011004113273434224
66,19.05.2014,3,2014,True,har,0.0079157272477792,0.010836802580547122
66,20.05.2014,3,2014,True,har,0.0079058659429942,0.011519810637246483
66,21.05.2014,3,2014,True,har,0.0078492081165672,0.01122873355218098
66,22.05.2014,3,2014,True,har,0.0078489706833275,0.011454694173056881
66,23.05.2014,3,2014,True,har,0.0078519970914653,0.011043040412797179
66,27.05.2014,3,2014,True,har,0.0078411798381642,0.01093508513599404
66,28.05.2014,3,2014,True,har,0.0079046494037652,0.01048894185158879
66,29.05.2014,3,2014,True,har,0.0085710263689305,0.010294073650239533
66,30.05.2014,3,2014,True,har,0.0091057513970178,0.009910759146304033
66,02.06.2014,3,2014,True,har,0.0091467182293927,0.010110801735400108
66,03.06.2014,3,2014,True,har,0.0092120642181957,0.010039507470491937
66,04.06.2014,3,2014,True,har,0.0092268254189253,0.009702546675304749
66,05.06.2014,3,2014,True,har,0.0092763375114438,0.009734060765903808
66,06.06.2014,3,2014,True,har,0.0093569290366719,0.009524019474184221
66,09.06.2014,3,2014,True,har,0.0091915258540284,0.00945377165628486
66,10.06.2014,3,2014,True,har,0.0092418674118237,0.010396514807625164
66,11.06.2014,3,2014,True,har,0.0092205915000346,0.010236578328581344
66,12.06.2014,3,2014,True,har,0.0084560676856863,0.010069696393427564
66,13.06.2014,3,2014,True,har,0.0090293381765026,0.012727031066674357
66,16.06.2014,3,2014,True,har,0.009127370838736,0.012027249953364839
66,17.06.2014,3,2014,True,har,0.0091840024823176,0.012027773482071194
66,18.06.2014,3,2014,True,har,0.009234266176352,0.011716130566662946
66,19.06.2014,3,2014,True,har,0.0091598136594428,0.01189971304425389
66,20.06.2014,3,2014,True,har,0.0091706589841375,0.011326128746593476
66,23.06.2014,3,2014,True,har,0.0091679811639828,0.011260439260503985
66,24.06.2014,3,2014,True,har,0.0091481278011446,0.011578659185917996
66,25.06.2014,3,2014,True,har,0.0091632447861527,0.011414065155115682
66,26.06.2014,3,2014,True,har,0.0096120132326683,0.011454287685702193
66,27.06.2014,3,2014,True,har,0.0096075167025095,0.011585837573775333
66,30.06.2014,3,2014,True,har,0.0096037649421829,0.011357677011383117
66,01.07.2014,3,2014,True,har,0.0096653712147886,0.011703164490309295
66,02.07.2014,3,2014,True,har,0.0096828557194115,0.011431045196986107
66,03.07.2014,3,2014,True,har,0.0096991083317173,0.011894773643081342
66,07.07.2014,3,2014,True,har,0.0097069965061784,0.01170509592274048
66,08.07.2014,3,2014,True,har,0.0097530138721789,0.01188180351012576
66,09.07.2014,3,2014,True,har,0.0097613709918068,0.012055982586029903
66,10.07.2014,3,2014,True,har,0.0098381532711632,0.011853048813857868
66,11.07.2014,3,2014,True,har,0.0109104283873064,0.011928990240533784
66,14.07.2014,3,2014,True,har,0.0109708635413173,0.011298197587687695
66,15.07.2014,3,2014,True,har,0.0110470662762601,0.010956766943627943
66,16.07.2014,3,2014,True,har,0.011057349664916,0.011175332750435682
66,17.07.2014,3,2014,True,har,0.0111694690761693,0.010920291466938676
66,18.07.2014,3,2014,True,har,0.0111218606537114,0.01063469928930711
66,21.07.2014,3,2014,True,har,0.011221259152083,0.011173640870491951
66,22.07.2014,3,2014,True,har,0.0117516108539781,0.011091626616455526
66,23.07.2014,3,2014,True,har,0.0117032623228626,0.010931497706946371
66,24.07.2014,3,2014,True,har,0.0116831167021515,0.011124578612536597
66,25.07.2014,3,2014,True,har,0.0115422112663177,0.011442053317419687
66,28.07.2014,3,2014,True,har,0.0116984315764428,0.011968536484651439
66,29.07.2014,3,2014,True,har,0.0117150800485494,0.011939514006744548
66,30.07.2014,3,2014,True,har,0.0116739993571259,0.011716480239491525
66,31.07.2014,3,2014,True,har,0.0117301599361153,0.012182890126194716
66,01.08.2014,3,2014,True,har,0.0119490698585965,0.011881335443061164
66,04.08.2014,3,2014,True,har,0.0119138052377862,0.011929254516262283
66,05.08.2014,3,2014,True,har,0.0119073005044984,0.012011315070149069
66,06.08.2014,3,2014,True,har,0.0119629528291156,0.011905884294898684
66,07.08.2014,3,2014,True,har,0.0119281640509788,0.011645981408154087
66,08.08.2014,3,2014,True,har,0.011940567178082,0.012115528202960373
66,11.08.2014,3,2014,True,har,0.0120329294724598,0.011271271000240432
66,12.08.2014,3,2014,True,har,0.0124020815132382,0.011189449268175632
66,13.08.2014,3,2014,True,har,0.0122347026673923,0.012058760904966218
66,14.08.2014,3,2014,True,har,0.012398643384981,0.012469827991000179
66,15.08.2014,3,2014,True,har,0.0124201954387206,0.013630589933453414
66,18.08.2014,3,2014,True,har,0.0124203656712407,0.012725301691016105
66,19.08.2014,3,2014,True,har,0.0126461288287575,0.012720880041579667
66,20.08.2014,3,2014,True,har,0.0127428865051737,0.012568068104116883
66,21.08.2014,3,2014,True,har,0.0127255584122017,0.012668483942700233
66,22.08.2014,3,2014,True,har,0.0128294067079291,0.012079267166427442
66,25.08.2014,3,2014,True,har,0.0128009309161606,0.011707459999756139
66,26.08.2014,3,2014,True,har,0.0176374921907656,0.011699545041773417
66,27.08.2014,3,2014,True,har,0.0182645277716193,0.011630914107410366
66,28.08.2014,3,2014,True,har,0.0184728422464634,0.011445208833366732
66,29.08.2014,3,2014,True,har,0.0184075659966528,0.011434875939268563
66,02.09.2014,3,2014,True,har,0.0181999425206685,0.011563746194733951
66,03.09.2014,3,2014,True,har,0.0178256334382552,0.013971633381621646
66,04.09.2014,3,2014,True,har,0.0183824335340453,0.015154725130907144
66,05.09.2014,3,2014,True,har,0.0184858851412627,0.014873774351306417
66,08.09.2014,3,2014,True,har,0.0189387913478701,0.014877589457976648
66,09.09.2014,3,2014,True,har,0.0189348767500929,0.014730202123807427
66,10.09.2014,3,2014,True,har,0.0191278845239833,0.014654180642318002
66,11.09.2014,3,2014,True,har,0.0191187439922765,0.013638787806575091
66,12.09.2014,3,2014,True,har,0.0191795525871142,0.013237662869355007
66,15.09.2014,3,2014,True,har,0.0191928475826777,0.013012731474901878
66,16.09.2014,3,2014,True,har,0.0191734241613866,0.012882521969379845
66,17.09.2014,3,2014,True,har,0.0194968657675095,0.012796902836188591
66,18.09.2014,3,2014,True,har,0.0195573966800078,0.014945391266900991
66,19.09.2014,3,2014,True,har,0.019906898138676,0.0148223908410609
66,22.09.2014,3,2014,True,har,0.0199926071587382,0.014685324848224064
66,23.09.2014,3,2014,True,har,0.0199918329623006,0.015213002345020151
66,24.09.2014,3,2014,True,har,0.0201040496456091,0.014804023823082095
66,25.09.2014,3,2014,True,har,0.0201029758302215,0.014357716633767385
66,26.09.2014,3,2014,True,har,0.0200806556856455,0.014232606048680535
66,29.09.2014,3,2014,True,har,0.0200649526226728,0.01413271915100266
66,30.09.2014,3,2014,True,har,0.0209576043441575,0.013713443717726929
66,01.10.2014,3,2014,True,har,0.0212714420728314,0.015040524092845828
66,02.10.2014,3,2014,True,har,0.0213082105177882,0.013339479500403819
66,03.10.2014,3,2014,True,har,0.0213155002717451,0.013351620832469059
66,06.10.2014,3,2014,True,har,0.0212622009458273,0.01345099277255729
66,07.10.2014,3,2014,True,har,0.021989213612452,0.013462024800434364
66,08.10.2014,3,2014,True,har,0.0220084938706008,0.013118359308462783
66,09.10.2014,3,2014,True,har,0.0229916498117501,0.013076602027611697
66,10.10.2014,3,2014,True,har,0.0229948394104954,0.013488106002839543
66,13.10.2014,3,2014,True,har,0.023019055649402,0.013161173349841983
66,14.10.2014,3,2014,True,har,0.0226803494557387,0.013604238718173654
66,15.10.2014,3,2014,True,har,0.0229659219346247,0.017085517354428065
66,16.10.2014,3,2014,True,har,0.0228766060862787,0.01511045455038546
66,17.10.2014,3,2014,True,har,0.0229132570369753,0.015484749988309902
66,20.10.2014,3,2014,True,har,0.022803310388418,0.015089768570471448
66,21.10.2014,3,2014,True,har,0.0231767886726217,0.01581145719726019
66,22.10.2014,3,2014,True,har,0.023219363840679,0.015229558484857948
66,23.10.2014,3,2014,True,har,0.0230132623610566,0.01562342836858736
66,24.10.2014,3,2014,True,har,0.025242891190252,0.017110097948452044
66,27.10.2014,3,2014,True,har,0.0257162497057161,0.016708793328699196
66,28.10.2014,3,2014,True,har,0.026838065617322,0.016505853648411988
66,29.10.2014,3,2014,True,har,0.0277604912502215,0.016016803179071913
66,30.10.2014,3,2014,True,har,0.0284507456010065,0.016425315146620052
66,31.10.2014,3,2014,True,har,0.0286566358158633,0.01610154123249119
66,03.11.2014,3,2014,True,har,0.0287055144422088,0.015835365188051877
66,04.11.2014,3,2014,True,har,0.028825142850588,0.01615815977001735
66,05.11.2014,3,2014,True,har,0.0289867987329901,0.017022461303468933
66,06.11.2014,3,2014,True,har,0.0296053578303271,0.016196531619126275
66,07.11.2014,3,2014,True,har,0.0296026928902472,0.016140249298601334
66,10.11.2014,3,2014,True,har,0.0316533279660265,0.01649783538249884
66,11.11.2014,3,2014,True,har,0.0318418426489361,0.016626304715016405
66,12.11.2014,3,2014,True,har,0.0318102537260076,0.014198034513251256
66,13.11.2014,3,2014,True,har,0.0316387511607961,0.014541705918167763
66,14.11.2014,3,2014,True,har,0.0317176444457306,0.01610779654854122
66,17.11.2014,3,2014,True,har,0.0315731651496162,0.015109498535007617
66,18.11.2014,3,2014,True,har,0.0322529398563433,0.016590132326700317
66,19.11.2014,3,2014,True,har,0.03236954873146,0.01616876757943569
66,20.11.2014,3,2014,True,har,0.0327600445347716,0.015762588111021228
66,21.11.2014,3,2014,True,har,0.0331807482083364,0.015164095336915633
66,24.11.2014,3,2014,True,har,0.033369024423976,0.015431426344586358
66,25.11.2014,3,2014,True,har,0.0333326069648286,0.015265211755223562
66,26.11.2014,3,2014,True,har,0.0333313294757947,0.015769410097963225
66,28.11.2014,3,2014,True,har,0.0309721235131389,0.015141378276545554
66,01.12.2014,3,2014,True,har,0.0307186228672327,0.02750009189742246
66,02.12.2014,3,2014,True,har,0.0308545476189394,0.027073313212214387
66,03.12.2014,3,2014,True,har,0.0309823643720561,0.027100949264309913
66,04.12.2014,3,2014,True,har,0.0309884161766688,0.026486859270563608
66,05.12.2014,3,2014,True,har,0.0313743643374177,0.026327099363096927
66,08.12.2014,3,2014,True,har,0.0310882589982814,0.024446832182852877
66,09.12.2014,3,2014,True,har,0.0310482627625179,0.025403880118863954
66,10.12.2014,3,2014,True,har,0.0312832037759954,0.02495858251480774
66,11.12.2014,3,2014,True,har,0.0314211071416783,0.02648659468522928
66,12.12.2014,3,2014,True,har,0.0313224065462117,0.025601245519415478
66,15.12.2014,3,2014,True,har,0.0313279534616707,0.026095295447247438
66,16.12.2014,3,2014,True,har,0.0312868035879561,0.025384768836029706
66,17.12.2014,3,2014,True,har,0.0314477006588322,0.02451963439113219
66,18.12.2014,3,2014,True,har,0.0319732670513119,0.02397056603947763
66,19.12.2014,3,2014,True,har,0.032208786344193,0.024151129656343674
66,22.12.2014,3,2014,True,har,0.0321155335908886,0.026456070266963984
66,23.12.2014,3,2014,True,har,0.0320311663372123,0.025804302101365247
66,24.12.2014,3,2014,True,har,0.032232720626332,0.026838273427530285
66,26.12.2014,3,2014,True,har,0.0325292708458774,0.02708634569786182
66,29.12.2014,3,2014,True,har,0.0331205130158338,0.026813479847145855
66,30.12.2014,3,2014,True,har,0.0331839404101921,0.021756578303584597
66,31.12.2014,3,2014,True,har,0.0340378089356181,0.019622620841466622
66,02.01.2014,3,2014,True,har_ovx,0.0085501973681491,0.009176683393378885
66,03.01.2014,3,2014,True,har_ovx,0.0084893333737022,0.010927527372352825
66,06.01.2014,3,2014,True,har_ovx,0.0087124806984432,0.010677945795631222
66,07.01.2014,3,2014,True,har_ovx,0.0086950268715376,0.010584154425396205
66,08.01.2014,3,2014,True,har_ovx,0.0086913072614687,0.010288597333259545
66,09.01.2014,3,2014,True,har_ovx,0.0086778162436978,0.010401298053102684
66,10.01.2014,3,2014,True,har_ovx,0.0086363045270992,0.009946956488188106
66,13.01.2014,3,2014,True,har_ovx,0.0086521172204404,0.009999538453071374
66,14.01.2014,3,2014,True,har_ovx,0.0086426238149024,0.01006132674240171
66,15.01.2014,3,2014,True,har_ovx,0.0087065817948847,0.010018531391145403
66,16.01.2014,3,2014,True,har_ovx,0.0087519704261528,0.009677491651280866
66,17.01.2014,3,2014,True,har_ovx,0.0089142688501384,0.00909022946418389
66,22.01.2014,3,2014,True,har_ovx,0.0088599848044842,0.008745493169837769
66,23.01.2014,3,2014,True,har_ovx,0.008885795911515,0.00946508892115257
66,24.01.2014,3,2014,True,har_ovx,0.0088864810561444,0.009545035995322079
66,27.01.2014,3,2014,True,har_ovx,0.008826669605942,0.00975947405418156
66,28.01.2014,3,2014,True,har_ovx,0.0088476161519031,0.010546331528327912
66,29.01.2014,3,2014,True,har_ovx,0.0088653056664293,0.010498438457052332
66,30.01.2014,3,2014,True,har_ovx,0.0089506368771642,0.010430012091976472
66,31.01.2014,3,2014,True,har_ovx,0.0087665702069782,0.009918018014015944
66,03.02.2014,3,2014,True,har_ovx,0.0087573134471165,0.0105098860851679
66,04.02.2014,3,2014,True,har_ovx,0.008768274071789,0.010433811176997168
66,05.02.2014,3,2014,True,har_ovx,0.008799785711447,0.010285349034629784
66,06.02.2014,3,2014,True,har_ovx,0.0087976155360387,0.0100031571659517
66,07.02.2014,3,2014,True,har_ovx,0.0083797704775012,0.009732169784538775
66,10.02.2014,3,2014,True,har_ovx,0.0083085066744357,0.010001043646517329
66,11.02.2014,3,2014,True,har_ovx,0.0083955596624206,0.00987570945159105
66,12.02.2014,3,2014,True,har_ovx,0.0084020538182667,0.009651211011459375
66,13.02.2014,3,2014,True,har_ovx,0.0084545695177938,0.00971973387903717
66,14.02.2014,3,2014,True,har_ovx,0.0084580075569798,0.009608195180097789
66,19.02.2014,3,2014,True,har_ovx,0.0082311911573664,0.009026908731689601
66,20.02.2014,3,2014,True,har_ovx,0.0082496467742066,0.00962496742759728
66,21.02.2014,3,2014,True,har_ovx,0.0082375469343535,0.009084258859181625
66,24.02.2014,3,2014,True,har_ovx,0.0081909233365716,0.009223706105325094
66,25.02.2014,3,2014,True,har_ovx,0.0081166054141002,0.009373164286588466
66,26.02.2014,3,2014,True,har_ovx,0.0081427690605105,0.009654180937829465
66,27.02.2014,3,2014,True,har_ovx,0.0081184634851018,0.00934293657896201
66,28.02.2014,3,2014,True,har_ovx,0.0081311365340627,0.009566835760332602
66,03.03.2014,3,2014,True,har_ovx,0.0077753500526064,0.009452118991555536
66,04.03.2014,3,2014,True,har_ovx,0.0074854161729662,0.01089992078670858
66,05.03.2014,3,2014,True,har_ovx,0.0074362495354142,0.010532263674462623
66,06.03.2014,3,2014,True,har_ovx,0.0074488493600894,0.010769279916326157
66,07.03.2014,3,2014,True,har_ovx,0.0073950078280064,0.010450809370960462
66,10.03.2014,3,2014,True,har_ovx,0.0080498739815002,0.010586715809377534
66,11.03.2014,3,2014,True,har_ovx,0.0080443653694608,0.01065457266409063
66,12.03.2014,3,2014,True,har_ovx,0.0080198744393588,0.010476612054261305
66,13.03.2014,3,2014,True,har_ovx,0.0079792359977337,0.010510671304154257
66,14.03.2014,3,2014,True,har_ovx,0.0079185751324539,0.010517993869202942
66,17.03.2014,3,2014,True,har_ovx,0.0079540296301711,0.011033930391774489
66,18.03.2014,3,2014,True,har_ovx,0.0076710840489486,0.010283696853306165
66,19.03.2014,3,2014,True,har_ovx,0.0076226729401735,0.010682768203472363
66,20.03.2014,3,2014,True,har_ovx,0.0076053926053931,0.010296119934159952
66,21.03.2014,3,2014,True,har_ovx,0.007619811188821,0.010206864587437565
66,24.03.2014,3,2014,True,har_ovx,0.0076784176563288,0.01007895273331486
66,25.03.2014,3,2014,True,har_ovx,0.0076777686720965,0.010009105826803396
66,26.03.2014,3,2014,True,har_ovx,0.0077607151027174,0.009792904446014213
66,27.03.2014,3,2014,True,har_ovx,0.0077168120312775,0.009711945628501964
66,28.03.2014,3,2014,True,har_ovx,0.007811471270171,0.009910409843649989
66,31.03.2014,3,2014,True,har_ovx,0.007807315238361,0.009769902882567329
66,01.04.2014,3,2014,True,har_ovx,0.0074342189559252,0.009618570260616013
66,02.04.2014,3,2014,True,har_ovx,0.0075200100573031,0.010217433298435073
66,03.04.2014,3,2014,True,har_ovx,0.0074040652542784,0.010020805560938869
66,04.04.2014,3,2014,True,har_ovx,0.0073887341468863,0.009689044526336352
66,07.04.2014,3,2014,True,har_ovx,0.0076755522688239,0.009476237880854317
66,08.04.2014,3,2014,True,har_ovx,0.0073780682461032,0.009679132901100118
66,09.04.2014,3,2014,True,har_ovx,0.0074491762936247,0.010064692535590822
66,10.04.2014,3,2014,True,har_ovx,0.0074294299641605,0.009646718353155236
66,11.04.2014,3,2014,True,har_ovx,0.0074300158008535,0.009744406055041621
66,14.04.2014,3,2014,True,har_ovx,0.0073086460499621,0.009486559455909368
66,15.04.2014,3,2014,True,har_ovx,0.0073196548439941,0.009998100151964204
66,16.04.2014,3,2014,True,har_ovx,0.007329049337665,0.009616051672292748
66,17.04.2014,3,2014,True,har_ovx,0.0073263879841619,0.009599494648354905
66,21.04.2014,3,2014,True,har_ovx,0.0073862368618005,0.009709224726470986
66,22.04.2014,3,2014,True,har_ovx,0.0075115343661248,0.009387636671006973
66,23.04.2014,3,2014,True,har_ovx,0.0075660741178691,0.009632709080651653
66,24.04.2014,3,2014,True,har_ovx,0.0074355027020738,0.009410876198806678
66,25.04.2014,3,2014,True,har_ovx,0.0075152844331641,0.009613594344697274
66,28.04.2014,3,2014,True,har_ovx,0.007357804209757,0.009776510793693223
66,29.04.2014,3,2014,True,har_ovx,0.0074053273273251,0.01011206451885126
66,30.04.2014,3,2014,True,har_ovx,0.0073766060232324,0.010080490818395012
66,01.05.2014,3,2014,True,har_ovx,0.0074242774801304,0.009998302634219396
66,02.05.2014,3,2014,True,har_ovx,0.0073546972088866,0.009446434633840477
66,05.05.2014,3,2014,True,har_ovx,0.0073705964389647,0.009242957113224023
66,06.05.2014,3,2014,True,har_ovx,0.0073491550550087,0.009559580806741517
66,07.05.2014,3,2014,True,har_ovx,0.0072451028538231,0.0092441213131589
66,08.05.2014,3,2014,True,har_ovx,0.0074919515207926,0.009122076906095032
66,09.05.2014,3,2014,True,har_ovx,0.0076570793024175,0.008873782601562215
66,12.05.2014,3,2014,True,har_ovx,0.0080705719575139,0.008653209974712908
66,13.05.2014,3,2014,True,har_ovx,0.007999734664223,0.008565752801876112
66,14.05.2014,3,2014,True,har_ovx,0.0079120523324505,0.008556376658394045
66,15.05.2014,3,2014,True,har_ovx,0.0079007370108833,0.008547590876328021
66,16.05.2014,3,2014,True,har_ovx,0.0079661677201205,0.0083533019977508
66,19.05.2014,3,2014,True,har_ovx,0.0079157272477792,0.0083533019977508
66,20.05.2014,3,2014,True,har_ovx,0.0079058659429942,0.0083533019977508
66,21.05.2014,3,2014,True,har_ovx,0.0078492081165672,0.0083533019977508
66,22.05.2014,3,2014,True,har_ovx,0.0078489706833275,0.008466222887694722
66,23.05.2014,3,2014,True,har_ovx,0.0078519970914653,0.0083533019977508
66,27.05.2014,3,2014,True,har_ovx,0.0078411798381642,0.0083533019977508
66,28.05.2014,3,2014,True,har_ovx,0.0079046494037652,0.0083533019977508
66,29.05.2014,3,2014,True,har_ovx,0.0085710263689305,0.0083533019977508
66,30.05.2014,3,2014,True,har_ovx,0.0091057513970178,0.0083533019977508
66,02.06.2014,3,2014,True,har_ovx,0.0091467182293927,0.0083533019977508
66,03.06.2014,3,2014,True,har_ovx,0.0092120642181957,0.0083533019977508
66,04.06.2014,3,2014,True,har_ovx,0.0092268254189253,0.0083533019977508
66,05.06.2014,3,2014,True,har_ovx,0.0092763375114438,0.0083533019977508
66,06.06.2014,3,2014,True,har_ovx,0.0093569290366719,0.0083533019977508
66,09.06.2014,3,2014,True,har_ovx,0.0091915258540284,0.0083533019977508
66,10.06.2014,3,2014,True,har_ovx,0.0092418674118237,0.0083533019977508
66,11.06.2014,3,2014,True,har_ovx,0.0092205915000346,0.0083533019977508
66,12.06.2014,3,2014,True,har_ovx,0.0084560676856863,0.0083533019977508
66,13.06.2014,3,2014,True,har_ovx,0.0090293381765026,0.01011950493774972
66,16.06.2014,3,2014,True,har_ovx,0.009127370838736,0.009826165260522208
66,17.06.2014,3,2014,True,har_ovx,0.0091840024823176,0.0098292224268712
66,18.06.2014,3,2014,True,har_ovx,0.009234266176352,0.00888700034222484
66,19.06.2014,3,2014,True,har_ovx,0.0091598136594428,0.008937125535070959
66,20.06.2014,3,2014,True,har_ovx,0.0091706589841375,0.009106374147240083
66,23.06.2014,3,2014,True,har_ovx,0.0091679811639828,0.009361996929862199
66,24.06.2014,3,2014,True,har_ovx,0.0091481278011446,0.009164308949640657
66,25.06.2014,3,2014,True,har_ovx,0.0091632447861527,0.009040916485054281
66,26.06.2014,3,2014,True,har_ovx,0.0096120132326683,0.008970081911612728
66,27.06.2014,3,2014,True,har_ovx,0.0096075167025095,0.008742651774714214
66,30.06.2014,3,2014,True,har_ovx,0.0096037649421829,0.008405978789405093
66,01.07.2014,3,2014,True,har_ovx,0.0096653712147886,0.008603639192677467
66,02.07.2014,3,2014,True,har_ovx,0.0096828557194115,0.0083533019977508
66,03.07.2014,3,2014,True,har_ovx,0.0096991083317173,0.008405650728582416
66,07.07.2014,3,2014,True,har_ovx,0.0097069965061784,0.0083533019977508
66,08.07.2014,3,2014,True,har_ovx,0.0097530138721789,0.008580147262429595
66,09.07.2014,3,2014,True,har_ovx,0.0097613709918068,0.00865207979659614
66,10.07.2014,3,2014,True,har_ovx,0.0098381532711632,0.00856543719603366
66,11.07.2014,3,2014,True,har_ovx,0.0109104283873064,0.00859919759239601
66,14.07.2014,3,2014,True,har_ovx,0.0109708635413173,0.008869537655958154
66,15.07.2014,3,2014,True,har_ovx,0.0110470662762601,0.008966980707967042
66,16.07.2014,3,2014,True,har_ovx,0.011057349664916,0.009028115093823359
66,17.07.2014,3,2014,True,har_ovx,0.0111694690761693,0.008450542761387386
66,18.07.2014,3,2014,True,har_ovx,0.0111218606537114,0.008765811612044032
66,21.07.2014,3,2014,True,har_ovx,0.011221259152083,0.008828410754141841
66,22.07.2014,3,2014,True,har_ovx,0.0117516108539781,0.008563582389401156
66,23.07.2014,3,2014,True,har_ovx,0.0117032623228626,0.008567712816401701
66,24.07.2014,3,2014,True,har_ovx,0.0116831167021515,0.008503294425173094
66,25.07.2014,3,2014,True,har_ovx,0.0115422112663177,0.0083533019977508
66,28.07.2014,3,2014,True,har_ovx,0.0116984315764428,0.008765524589945511
66,29.07.2014,3,2014,True,har_ovx,0.0117150800485494,0.00859122526637739
66,30.07.2014,3,2014,True,har_ovx,0.0116739993571259,0.008642112008036136
66,31.07.2014,3,2014,True,har_ovx,0.0117301599361153,0.008992658390900028
66,01.08.2014,3,2014,True,har_ovx,0.0119490698585965,0.009523957543368175
66,04.08.2014,3,2014,True,har_ovx,0.0119138052377862,0.009855513954472112
66,05.08.2014,3,2014,True,har_ovx,0.0119073005044984,0.00963053162993693
66,06.08.2014,3,2014,True,har_ovx,0.0119629528291156,0.00969452031114625
66,07.08.2014,3,2014,True,har_ovx,0.0119281640509788,0.009437025262015867
66,08.08.2014,3,2014,True,har_ovx,0.011940567178082,0.009653743102157872
66,11.08.2014,3,2014,True,har_ovx,0.0120329294724598,0.009391602333007313
66,12.08.2014,3,2014,True,har_ovx,0.0124020815132382,0.008820302319871152
66,13.08.2014,3,2014,True,har_ovx,0.0122347026673923,0.009180276357025867
66,14.08.2014,3,2014,True,har_ovx,0.012398643384981,0.009111092956977323
66,15.08.2014,3,2014,True,har_ovx,0.0124201954387206,0.00979834350437022
66,18.08.2014,3,2014,True,har_ovx,0.0124203656712407,0.009641026144626568
66,19.08.2014,3,2014,True,har_ovx,0.0126461288287575,0.010041998233397667
66,20.08.2014,3,2014,True,har_ovx,0.0127428865051737,0.009917501383301401
66,21.08.2014,3,2014,True,har_ovx,0.0127255584122017,0.009435255473132823
66,22.08.2014,3,2014,True,har_ovx,0.0128294067079291,0.008965873009113575
66,25.08.2014,3,2014,True,har_ovx,0.0128009309161606,0.008556949376713068
66,26.08.2014,3,2014,True,har_ovx,0.0176374921907656,0.00872410228516629
66,27.08.2014,3,2014,True,har_ovx,0.0182645277716193,0.00858822119306518
66,28.08.2014,3,2014,True,har_ovx,0.0184728422464634,0.008459156939151037
66,29.08.2014,3,2014,True,har_ovx,0.0184075659966528,0.008480193375490143
66,02.09.2014,3,2014,True,har_ovx,0.0181999425206685,0.008620273353695716
66,03.09.2014,3,2014,True,har_ovx,0.0178256334382552,0.010143212931419912
66,04.09.2014,3,2014,True,har_ovx,0.0183824335340453,0.010492190251824676
66,05.09.2014,3,2014,True,har_ovx,0.0184858851412627,0.010464380914883088
66,08.09.2014,3,2014,True,har_ovx,0.0189387913478701,0.010297210258931579
66,09.09.2014,3,2014,True,har_ovx,0.0189348767500929,0.0109970175723972
66,10.09.2014,3,2014,True,har_ovx,0.0191278845239833,0.010721439234270047
66,11.09.2014,3,2014,True,har_ovx,0.0191187439922765,0.010804200935566048
66,12.09.2014,3,2014,True,har_ovx,0.0191795525871142,0.010638856640239103
66,15.09.2014,3,2014,True,har_ovx,0.0191928475826777,0.010213989180752643
66,16.09.2014,3,2014,True,har_ovx,0.0191734241613866,0.010388858565639838
66,17.09.2014,3,2014,True,har_ovx,0.0194968657675095,0.009820025894215727
66,18.09.2014,3,2014,True,har_ovx,0.0195573966800078,0.010728909311584496
66,19.09.2014,3,2014,True,har_ovx,0.019906898138676,0.010508971444541064
66,22.09.2014,3,2014,True,har_ovx,0.0199926071587382,0.010248905068796523
66,23.09.2014,3,2014,True,har_ovx,0.0199918329623006,0.01103743160454832
66,24.09.2014,3,2014,True,har_ovx,0.0201040496456091,0.011104404416892626
66,25.09.2014,3,2014,True,har_ovx,0.0201029758302215,0.010617087659395336
66,26.09.2014,3,2014,True,har_ovx,0.0200806556856455,0.010689832510095844
66,29.09.2014,3,2014,True,har_ovx,0.0200649526226728,0.010397318069923348
66,30.09.2014,3,2014,True,har_ovx,0.0209576043441575,0.01048949249557734
66,01.10.2014,3,2014,True,har_ovx,0.0212714420728314,0.011728311945786997
66,02.10.2014,3,2014,True,har_ovx,0.0213082105177882,0.011400752443076369
66,03.10.2014,3,2014,True,har_ovx,0.0213155002717451,0.011825104380424702
66,06.10.2014,3,2014,True,har_ovx,0.0212622009458273,0.01224066190298084
66,07.10.2014,3,2014,True,har_ovx,0.021989213612452,0.012342428114539719
66,08.10.2014,3,2014,True,har_ovx,0.0220084938706008,0.01246849857513708
66,09.10.2014,3,2014,True,har_ovx,0.0229916498117501,0.012538553858827354
66,10.10.2014,3,2014,True,har_ovx,0.0229948394104954,0.013701944915154899
66,13.10.2014,3,2014,True,har_ovx,0.023019055649402,0.014426969330900314
66,14.10.2014,3,2014,True,har_ovx,0.0226803494557387,0.01519670305491935
66,15.10.2014,3,2014,True,har_ovx,0.0229659219346247,0.01882507711154513
66,16.10.2014,3,2014,True,har_ovx,0.0228766060862787,0.0176433521073932
66,17.10.2014,3,2014,True,har_ovx,0.0229132570369753,0.016760351013375457
66,20.10.2014,3,2014,True,har_ovx,0.022803310388418,0.015394436650605026
66,21.10.2014,3,2014,True,har_ovx,0.0231767886726217,0.014949024112466031
66,22.10.2014,3,2014,True,har_ovx,0.023219363840679,0.013913352728714478
66,23.10.2014,3,2014,True,har_ovx,0.0230132623610566,0.015529668260675398
66,24.10.2014,3,2014,True,har_ovx,0.025242891190252,0.016454509245061005
66,27.10.2014,3,2014,True,har_ovx,0.0257162497057161,0.015980196303353664
66,28.10.2014,3,2014,True,har_ovx,0.026838065617322,0.016355058523804023
66,29.10.2014,3,2014,True,har_ovx,0.0277604912502215,0.015262146834332394
66,30.10.2014,3,2014,True,har_ovx,0.0284507456010065,0.015001631177140354
66,31.10.2014,3,2014,True,har_ovx,0.0286566358158633,0.015514412558982954
66,03.11.2014,3,2014,True,har_ovx,0.0287055144422088,0.015416462644586838
66,04.11.2014,3,2014,True,har_ovx,0.028825142850588,0.016113003937433625
66,05.11.2014,3,2014,True,har_ovx,0.0289867987329901,0.016971160538643254
66,06.11.2014,3,2014,True,har_ovx,0.0296053578303271,0.015844952209179978
66,07.11.2014,3,2014,True,har_ovx,0.0296026928902472,0.015396857784869091
66,10.11.2014,3,2014,True,har_ovx,0.0316533279660265,0.015188944218368226
66,11.11.2014,3,2014,True,har_ovx,0.0318418426489361,0.015788570919518054
66,12.11.2014,3,2014,True,har_ovx,0.0318102537260076,0.015091461576678889
66,13.11.2014,3,2014,True,har_ovx,0.0316387511607961,0.015223175852467043
66,14.11.2014,3,2014,True,har_ovx,0.0317176444457306,0.016771999337052992
66,17.11.2014,3,2014,True,har_ovx,0.0315731651496162,0.016182677531078566
66,18.11.2014,3,2014,True,har_ovx,0.0322529398563433,0.01731006745593188
66,19.11.2014,3,2014,True,har_ovx,0.03236954873146,0.01661084994130429
66,20.11.2014,3,2014,True,har_ovx,0.0327600445347716,0.016430396345675016
66,21.11.2014,3,2014,True,har_ovx,0.0331807482083364,0.016573064118995187
66,24.11.2014,3,2014,True,har_ovx,0.033369024423976,0.017143832998173462
66,25.11.2014,3,2014,True,har_ovx,0.0333326069648286,0.017610703715415503
66,26.11.2014,3,2014,True,har_ovx,0.0333313294757947,0.018317595752472597
66,28.11.2014,3,2014,True,har_ovx,0.0309721235131389,0.01745429146603773
66,01.12.2014,3,2014,True,har_ovx,0.0307186228672327,0.021941583226801398
66,02.12.2014,3,2014,True,har_ovx,0.0308545476189394,0.021608072632516424
66,03.12.2014,3,2014,True,har_ovx,0.0309823643720561,0.0220050377170977
66,04.12.2014,3,2014,True,har_ovx,0.0309884161766688,0.020679619466851616
66,05.12.2014,3,2014,True,har_ovx,0.0313743643374177,0.020277808172742686
66,08.12.2014,3,2014,True,har_ovx,0.0310882589982814,0.019376453065595645
66,09.12.2014,3,2014,True,har_ovx,0.0310482627625179,0.022197296950830593
66,10.12.2014,3,2014,True,har_ovx,0.0312832037759954,0.021300848360563722
66,11.12.2014,3,2014,True,har_ovx,0.0314211071416783,0.02348736293038385
66,12.12.2014,3,2014,True,har_ovx,0.0313224065462117,0.024067315754596023
66,15.12.2014,3,2014,True,har_ovx,0.0313279534616707,0.02634534782847666
66,16.12.2014,3,2014,True,har_ovx,0.0312868035879561,0.02915546804536267
66,17.12.2014,3,2014,True,har_ovx,0.0314477006588322,0.028268048962952933
66,18.12.2014,3,2014,True,har_ovx,0.0319732670513119,0.028343634024833305
66,19.12.2014,3,2014,True,har_ovx,0.032208786344193,0.028749901707746738
66,22.12.2014,3,2014,True,har_ovx,0.0321155335908886,0.02855688528800041
66,23.12.2014,3,2014,True,har_ovx,0.0320311663372123,0.028231312052658716
66,24.12.2014,3,2014,True,har_ovx,0.032232720626332,0.028227178646290034
66,26.12.2014,3,2014,True,har_ovx,0.0325292708458774,0.028636921928721498
66,29.12.2014,3,2014,True,har_ovx,0.0331205130158338,0.02838121744273089
66,30.12.2014,3,2014,True,har_ovx,0.0331839404101921,0.026641017738066198
66,31.12.2014,3,2014,True,har_ovx,0.0340378089356181,0.024794713552427794
66,02.01.2014,3,2014,True,har_gpr,0.0085501973681491,0.011369659062097671
66,03.01.2014,3,2014,True,har_gpr,0.0084893333737022,0.013321350437976116
66,06.01.2014,3,2014,True,har_gpr,0.0087124806984432,0.012527016210860682
66,07.01.2014,3,2014,True,har_gpr,0.0086950268715376,0.013591582726377144
66,08.01.2014,3,2014,True,har_gpr,0.0086913072614687,0.013910866354744526
66,09.01.2014,3,2014,True,har_gpr,0.0086778162436978,0.013720551746452671
66,10.01.2014,3,2014,True,har_gpr,0.0086363045270992,0.01282126944233279
66,13.01.2014,3,2014,True,har_gpr,0.0086521172204404,0.01303911106238608
66,14.01.2014,3,2014,True,har_gpr,0.0086426238149024,0.012144862696310627
66,15.01.2014,3,2014,True,har_gpr,0.0087065817948847,0.011941648272325658
66,16.01.2014,3,2014,True,har_gpr,0.0087519704261528,0.012225043196564886
66,17.01.2014,3,2014,True,har_gpr,0.0089142688501384,0.01148217257194227
66,22.01.2014,3,2014,True,har_gpr,0.0088599848044842,0.011381947555317129
66,23.01.2014,3,2014,True,har_gpr,0.008885795911515,0.012237760691186235
66,24.01.2014,3,2014,True,har_gpr,0.0088864810561444,0.01180159206721551
66,27.01.2014,3,2014,True,har_gpr,0.008826669605942,0.011708091368651297
66,28.01.2014,3,2014,True,har_gpr,0.0088476161519031,0.012746946935910566
66,29.01.2014,3,2014,True,har_gpr,0.0088653056664293,0.012806392159495967
66,30.01.2014,3,2014,True,har_gpr,0.0089506368771642,0.012656925220078974
66,31.01.2014,3,2014,True,har_gpr,0.0087665702069782,0.012443743599604486
66,03.02.2014,3,2014,True,har_gpr,0.0087573134471165,0.01328811473766346
66,04.02.2014,3,2014,True,har_gpr,0.008768274071789,0.009230346050019532
66,05.02.2014,3,2014,True,har_gpr,0.008799785711447,0.00898036376486331
66,06.02.2014,3,2014,True,har_gpr,0.0087976155360387,0.009094584206582452
66,07.02.2014,3,2014,True,har_gpr,0.0083797704775012,0.009448495336906953
66,10.02.2014,3,2014,True,har_gpr,0.0083085066744357,0.010871915199515511
66,11.02.2014,3,2014,True,har_gpr,0.0083955596624206,0.013409341689681538
66,12.02.2014,3,2014,True,har_gpr,0.0084020538182667,0.013056481289427034
66,13.02.2014,3,2014,True,har_gpr,0.0084545695177938,0.01302658283992782
66,14.02.2014,3,2014,True,har_gpr,0.0084580075569798,0.01297588954689281
66,19.02.2014,3,2014,True,har_gpr,0.0082311911573664,0.012358835062422946
66,20.02.2014,3,2014,True,har_gpr,0.0082496467742066,0.012618016836700658
66,21.02.2014,3,2014,True,har_gpr,0.0082375469343535,0.01224995717397905
66,24.02.2014,3,2014,True,har_gpr,0.0081909233365716,0.01222863792515821
66,25.02.2014,3,2014,True,har_gpr,0.0081166054141002,0.012762642204272144
66,26.02.2014,3,2014,True,har_gpr,0.0081427690605105,0.013234693093308955
66,27.02.2014,3,2014,True,har_gpr,0.0081184634851018,0.012401557576917332
66,28.02.2014,3,2014,True,har_gpr,0.0081311365340627,0.012563475337646068
66,03.03.2014,3,2014,True,har_gpr,0.0077753500526064,0.012432319913117294
66,04.03.2014,3,2014,True,har_gpr,0.0074854161729662,0.010603668201511906
66,05.03.2014,3,2014,True,har_gpr,0.0074362495354142,0.010851108792475297
66,06.03.2014,3,2014,True,har_gpr,0.0074488493600894,0.011207518679931328
66,07.03.2014,3,2014,True,har_gpr,0.0073950078280064,0.010905079438431277
66,10.03.2014,3,2014,True,har_gpr,0.0080498739815002,0.011158207154543187
66,11.03.2014,3,2014,True,har_gpr,0.0080443653694608,0.012242172323221868
66,12.03.2014,3,2014,True,har_gpr,0.0080198744393588,0.011252336627532729
66,13.03.2014,3,2014,True,har_gpr,0.0079792359977337,0.010997959840646398
66,14.03.2014,3,2014,True,har_gpr,0.0079185751324539,0.011096462939520147
66,17.03.2014,3,2014,True,har_gpr,0.0079540296301711,0.011521099002889067
66,18.03.2014,3,2014,True,har_gpr,0.0076710840489486,0.010684553567101941
66,19.03.2014,3,2014,True,har_gpr,0.0076226729401735,0.01174620424341551
66,20.03.2014,3,2014,True,har_gpr,0.0076053926053931,0.011153673015694067
66,21.03.2014,3,2014,True,har_gpr,0.007619811188821,0.011217915324951502
66,24.03.2014,3,2014,True,har_gpr,0.0076784176563288,0.011115051883161479
66,25.03.2014,3,2014,True,har_gpr,0.0076777686720965,0.011738381639807923
66,26.03.2014,3,2014,True,har_gpr,0.0077607151027174,0.011387939888840704
66,27.03.2014,3,2014,True,har_gpr,0.0077168120312775,0.011137625550936307
66,28.03.2014,3,2014,True,har_gpr,0.007811471270171,0.011463939315756917
66,31.03.2014,3,2014,True,har_gpr,0.007807315238361,0.011316270101001594
66,01.04.2014,3,2014,True,har_gpr,0.0074342189559252,0.010755583805488238
66,02.04.2014,3,2014,True,har_gpr,0.0075200100573031,0.011902709801353505
66,03.04.2014,3,2014,True,har_gpr,0.0074040652542784,0.011338656274579419
66,04.04.2014,3,2014,True,har_gpr,0.0073887341468863,0.011939698548058389
66,07.04.2014,3,2014,True,har_gpr,0.0076755522688239,0.011674980179377544
66,08.04.2014,3,2014,True,har_gpr,0.0073780682461032,0.012666361601566041
66,09.04.2014,3,2014,True,har_gpr,0.0074491762936247,0.013369849013385064
66,10.04.2014,3,2014,True,har_gpr,0.0074294299641605,0.012814673888885743
66,11.04.2014,3,2014,True,har_gpr,0.0074300158008535,0.012856272047769915
66,14.04.2014,3,2014,True,har_gpr,0.0073086460499621,0.012534607420680344
66,15.04.2014,3,2014,True,har_gpr,0.0073196548439941,0.011554224523376452
66,16.04.2014,3,2014,True,har_gpr,0.007329049337665,0.010603714335615655
66,17.04.2014,3,2014,True,har_gpr,0.0073263879841619,0.010354448663812854
66,21.04.2014,3,2014,True,har_gpr,0.0073862368618005,0.01049840703657017
66,22.04.2014,3,2014,True,har_gpr,0.0075115343661248,0.012562948604071356
66,23.04.2014,3,2014,True,har_gpr,0.0075660741178691,0.012569859223426958
66,24.04.2014,3,2014,True,har_gpr,0.0074355027020738,0.012433716252622596
66,25.04.2014,3,2014,True,har_gpr,0.0075152844331641,0.013006984300247685
66,28.04.2014,3,2014,True,har_gpr,0.007357804209757,0.012981414477112065
66,29.04.2014,3,2014,True,har_gpr,0.0074053273273251,0.011334769270596637
66,30.04.2014,3,2014,True,har_gpr,0.0073766060232324,0.011335194461819733
66,01.05.2014,3,2014,True,har_gpr,0.0074242774801304,0.010789553446756056
66,02.05.2014,3,2014,True,har_gpr,0.0073546972088866,0.010314701856414569
66,05.05.2014,3,2014,True,har_gpr,0.0073705964389647,0.010380706059998846
66,06.05.2014,3,2014,True,har_gpr,0.0073491550550087,0.012151932069668659
66,07.05.2014,3,2014,True,har_gpr,0.0072451028538231,0.011926074948676797
66,08.05.2014,3,2014,True,har_gpr,0.0074919515207926,0.011756919945468928
66,09.05.2014,3,2014,True,har_gpr,0.0076570793024175,0.011480427623399365
66,12.05.2014,3,2014,True,har_gpr,0.0080705719575139,0.011373371062081994
66,13.05.2014,3,2014,True,har_gpr,0.007999734664223,0.011332530703343256
66,14.05.2014,3,2014,True,har_gpr,0.0079120523324505,0.010903558657192194
66,15.05.2014,3,2014,True,har_gpr,0.0079007370108833,0.011034143066427865
66,16.05.2014,3,2014,True,har_gpr,0.0079661677201205,0.010819077606491099
66,19.05.2014,3,2014,True,har_gpr,0.0079157272477792,0.010649798746822686
66,20.05.2014,3,2014,True,har_gpr,0.0079058659429942,0.01266838042563129
66,21.05.2014,3,2014,True,har_gpr,0.0078492081165672,0.012372276489163255
66,22.05.2014,3,2014,True,har_gpr,0.0078489706833275,0.01260046313302207
66,23.05.2014,3,2014,True,har_gpr,0.0078519970914653,0.012185448657117187
66,27.05.2014,3,2014,True,har_gpr,0.0078411798381642,0.012077560891440681
66,28.05.2014,3,2014,True,har_gpr,0.0079046494037652,0.010231277090832179
66,29.05.2014,3,2014,True,har_gpr,0.0085710263689305,0.010034964062466269
66,30.05.2014,3,2014,True,har_gpr,0.0091057513970178,0.00964716706239777
66,02.06.2014,3,2014,True,har_gpr,0.0091467182293927,0.009850392526754835
66,03.06.2014,3,2014,True,har_gpr,0.0092120642181957,0.009812790067339981
66,04.06.2014,3,2014,True,har_gpr,0.0092268254189253,0.009473145806139243
66,05.06.2014,3,2014,True,har_gpr,0.0092763375114438,0.009506945011117698
66,06.06.2014,3,2014,True,har_gpr,0.0093569290366719,0.009298299808252905
66,09.06.2014,3,2014,True,har_gpr,0.0091915258540284,0.009226233682075513
66,10.06.2014,3,2014,True,har_gpr,0.0092418674118237,0.010779558362894808
66,11.06.2014,3,2014,True,har_gpr,0.0092205915000346,0.0106161467518786
66,12.06.2014,3,2014,True,har_gpr,0.0084560676856863,0.010447925280811239
66,13.06.2014,3,2014,True,har_gpr,0.0090293381765026,0.013130827777279013
66,16.06.2014,3,2014,True,har_gpr,0.009127370838736,0.012416110813216816
66,17.06.2014,3,2014,True,har_gpr,0.0091840024823176,0.011941947460538845
66,18.06.2014,3,2014,True,har_gpr,0.009234266176352,0.011628607289204004
66,19.06.2014,3,2014,True,har_gpr,0.0091598136594428,0.011814767860565432
66,20.06.2014,3,2014,True,har_gpr,0.0091706589841375,0.011225517019608696
66,23.06.2014,3,2014,True,har_gpr,0.0091679811639828,0.011158766504859502
66,24.06.2014,3,2014,True,har_gpr,0.0091481278011446,0.010687789502799097
66,25.06.2014,3,2014,True,har_gpr,0.0091632447861527,0.010521572715847308
66,26.06.2014,3,2014,True,har_gpr,0.0096120132326683,0.010561493891103613
66,27.06.2014,3,2014,True,har_gpr,0.0096075167025095,0.010691875011660891
66,30.06.2014,3,2014,True,har_gpr,0.0096037649421829,0.010461092346267815
66,01.07.2014,3,2014,True,har_gpr,0.0096653712147886,0.011810129227856934
66,02.07.2014,3,2014,True,har_gpr,0.0096828557194115,0.011531817266729536
66,03.07.2014,3,2014,True,har_gpr,0.0096991083317173,0.01200186900098443
66,07.07.2014,3,2014,True,har_gpr,0.0097069965061784,0.011808076153231248
66,08.07.2014,3,2014,True,har_gpr,0.0097530138721789,0.01136652465412622
66,09.07.2014,3,2014,True,har_gpr,0.0097613709918068,0.011545233859734463
66,10.07.2014,3,2014,True,har_gpr,0.0098381532711632,0.011336882962567928
66,11.07.2014,3,2014,True,har_gpr,0.0109104283873064,0.011415645016462977
66,14.07.2014,3,2014,True,har_gpr,0.0109708635413173,0.010798320503757383
66,15.07.2014,3,2014,True,har_gpr,0.0110470662762601,0.009993775166570688
66,16.07.2014,3,2014,True,har_gpr,0.011057349664916,0.010214980514923491
66,17.07.2014,3,2014,True,har_gpr,0.0111694690761693,0.009956083453803301
66,18.07.2014,3,2014,True,har_gpr,0.0111218606537114,0.00966923283659649
66,21.07.2014,3,2014,True,har_gpr,0.011221259152083,0.010211751974522756
66,22.07.2014,3,2014,True,har_gpr,0.0117516108539781,0.0083533019977508
66,23.07.2014,3,2014,True,har_gpr,0.0117032623228626,0.0083533019977508
66,24.07.2014,3,2014,True,har_gpr,0.0116831167021515,0.0083533019977508
66,25.07.2014,3,2014,True,har_gpr,0.0115422112663177,0.0083533019977508
66,28.07.2014,3,2014,True,har_gpr,0.0116984315764428,0.0083533019977508
66,29.07.2014,3,2014,True,har_gpr,0.0117150800485494,0.010593187519427493
66,30.07.2014,3,2014,True,har_gpr,0.0116739993571259,0.010366395929640821
66,31.07.2014,3,2014,True,har_gpr,0.0117301599361153,0.010839574638779563
66,01.08.2014,3,2014,True,har_gpr,0.0119490698585965,0.010533311566637471
66,04.08.2014,3,2014,True,har_gpr,0.0119138052377862,0.010577104543370094
66,05.08.2014,3,2014,True,har_gpr,0.0119073005044984,0.011068542109281865
66,06.08.2014,3,2014,True,har_gpr,0.0119629528291156,0.010963214538295189
66,07.08.2014,3,2014,True,har_gpr,0.0119281640509788,0.010698345409111956
66,08.08.2014,3,2014,True,har_gpr,0.011940567178082,0.011175801787233212
66,11.08.2014,3,2014,True,har_gpr,0.0120329294724598,0.010325874491444911
66,12.08.2014,3,2014,True,har_gpr,0.0124020815132382,0.008454867260478272
66,13.08.2014,3,2014,True,har_gpr,0.0122347026673923,0.009336683447405646
66,14.08.2014,3,2014,True,har_gpr,0.012398643384981,0.009750381394290627
66,15.08.2014,3,2014,True,har_gpr,0.0124201954387206,0.010920624765164758
66,18.08.2014,3,2014,True,har_gpr,0.0124203656712407,0.0100039363807411
66,19.08.2014,3,2014,True,har_gpr,0.0126461288287575,0.011648566470344793
66,20.08.2014,3,2014,True,har_gpr,0.0127428865051737,0.011491778596214128
66,21.08.2014,3,2014,True,har_gpr,0.0127255584122017,0.011593086549740027
66,22.08.2014,3,2014,True,har_gpr,0.0128294067079291,0.010988378314730617
66,25.08.2014,3,2014,True,har_gpr,0.0128009309161606,0.010617506191050716
66,26.08.2014,3,2014,True,har_gpr,0.0176374921907656,0.01118137593445839
66,27.08.2014,3,2014,True,har_gpr,0.0182645277716193,0.011111976646351551
66,28.08.2014,3,2014,True,har_gpr,0.0184728422464634,0.010924492925053026
66,29.08.2014,3,2014,True,har_gpr,0.0184075659966528,0.010914209020950943
66,02.09.2014,3,2014,True,har_gpr,0.0181999425206685,0.011047414016928665
66,03.09.2014,3,2014,True,har_gpr,0.0178256334382552,0.011414686206186202
66,04.09.2014,3,2014,True,har_gpr,0.0183824335340453,0.012605593579736429
66,05.09.2014,3,2014,True,har_gpr,0.0184858851412627,0.012317246206069271
66,08.09.2014,3,2014,True,har_gpr,0.0189387913478701,0.012322220481197915
66,09.09.2014,3,2014,True,har_gpr,0.0189348767500929,0.013504072522369893
66,10.09.2014,3,2014,True,har_gpr,0.0191278845239833,0.013422567771259247
66,11.09.2014,3,2014,True,har_gpr,0.0191187439922765,0.012382294111465127
66,12.09.2014,3,2014,True,har_gpr,0.0191795525871142,0.011980790985231523
66,15.09.2014,3,2014,True,har_gpr,0.0191928475826777,0.011761277035077254
66,16.09.2014,3,2014,True,har_gpr,0.0191734241613866,0.012798410912435795
66,17.09.2014,3,2014,True,har_gpr,0.0194968657675095,0.012711103369007788
66,18.09.2014,3,2014,True,har_gpr,0.0195573966800078,0.014887730558883483
66,19.09.2014,3,2014,True,har_gpr,0.019906898138676,0.014761818872202667
66,22.09.2014,3,2014,True,har_gpr,0.0199926071587382,0.014620054724418081
66,23.09.2014,3,2014,True,har_gpr,0.0199918329623006,0.016053301912684028
66,24.09.2014,3,2014,True,har_gpr,0.0201040496456091,0.015636940527450866
66,25.09.2014,3,2014,True,har_gpr,0.0201029758302215,0.015177560233932621
66,26.09.2014,3,2014,True,har_gpr,0.0200806556856455,0.015049522954874736
66,29.09.2014,3,2014,True,har_gpr,0.0200649526226728,0.014946628475053627
66,30.09.2014,3,2014,True,har_gpr,0.0209576043441575,0.013488339651076252
66,01.10.2014,3,2014,True,har_gpr,0.0212714420728314,0.014850861959656805
66,02.10.2014,3,2014,True,har_gpr,0.0213082105177882,0.013137515214026684
66,03.10.2014,3,2014,True,har_gpr,0.0213155002717451,0.013149969735396533
66,06.10.2014,3,2014,True,har_gpr,0.0212622009458273,0.0132501133616241
66,07.10.2014,3,2014,True,har_gpr,0.021989213612452,0.013754756516685378
66,08.10.2014,3,2014,True,har_gpr,0.0220084938706008,0.013402309723560518
66,09.10.2014,3,2014,True,har_gpr,0.0229916498117501,0.01336108607926161
66,10.10.2014,3,2014,True,har_gpr,0.0229948394104954,0.013778496737754992
66,13.10.2014,3,2014,True,har_gpr,0.023019055649402,0.013445134287263787
66,14.10.2014,3,2014,True,har_gpr,0.0226803494557387,0.013892981220695282
66,15.10.2014,3,2014,True,har_gpr,0.0229659219346247,0.016975788093126505
66,16.10.2014,3,2014,True,har_gpr,0.0228766060862787,0.014983479148902759
66,17.10.2014,3,2014,True,har_gpr,0.0229132570369753,0.015361223993194676
66,20.10.2014,3,2014,True,har_gpr,0.022803310388418,0.014961827996058115
66,21.10.2014,3,2014,True,har_gpr,0.0231767886726217,0.01550181548025364
66,22.10.2014,3,2014,True,har_gpr,0.023219363840679,0.014895772759561684
66,23.10.2014,3,2014,True,har_gpr,0.0230132623610566,0.015296451114246294
66,24.10.2014,3,2014,True,har_gpr,0.025242891190252,0.016794432623267793
66,27.10.2014,3,2014,True,har_gpr,0.0257162497057161,0.016386109107164596
66,28.10.2014,3,2014,True,har_gpr,0.026838065617322,0.017220515268020636
66,29.10.2014,3,2014,True,har_gpr,0.0277604912502215,0.01672964259707411
66,30.10.2014,3,2014,True,har_gpr,0.0284507456010065,0.017138529374340766
66,31.10.2014,3,2014,True,har_gpr,0.0286566358158633,0.01680539549631135
66,03.11.2014,3,2014,True,har_gpr,0.0287055144422088,0.01653494682986446
66,04.11.2014,3,2014,True,har_gpr,0.028825142850588,0.015818726898957542
66,05.11.2014,3,2014,True,har_gpr,0.0289867987329901,0.016694944974057362
66,06.11.2014,3,2014,True,har_gpr,0.0296053578303271,0.015849166216777188
66,07.11.2014,3,2014,True,har_gpr,0.0296026928902472,0.015794148380907036
66,10.11.2014,3,2014,True,har_gpr,0.0316533279660265,0.01615848775636378
66,11.11.2014,3,2014,True,har_gpr,0.0318418426489361,0.017391868035115814
66,12.11.2014,3,2014,True,har_gpr,0.0318102537260076,0.014952684686068501
66,13.11.2014,3,2014,True,har_gpr,0.0316387511607961,0.015303427326801601
66,14.11.2014,3,2014,True,har_gpr,0.0317176444457306,0.016886795245070814
66,17.11.2014,3,2014,True,har_gpr,0.0315731651496162,0.015867037987770845
66,18.11.2014,3,2014,True,har_gpr,0.0322529398563433,0.015275430386255987
66,19.11.2014,3,2014,True,har_gpr,0.03236954873146,0.014848984006494965
66,20.11.2014,3,2014,True,har_gpr,0.0327600445347716,0.014438504646520195
66,21.11.2014,3,2014,True,har_gpr,0.0331807482083364,0.013836510837092334
66,24.11.2014,3,2014,True,har_gpr,0.033369024423976,0.014102354512813891
66,25.11.2014,3,2014,True,har_gpr,0.0333326069648286,0.014112955327098489
66,26.11.2014,3,2014,True,har_gpr,0.0333313294757947,0.014625338744128772
66,28.11.2014,3,2014,True,har_gpr,0.0309721235131389,0.013992500237119966
66,01.12.2014,3,2014,True,har_gpr,0.0307186228672327,0.026464058511334085
66,02.12.2014,3,2014,True,har_gpr,0.0308545476189394,0.027409816406545946
66,03.12.2014,3,2014,True,har_gpr,0.0309823643720561,0.027433499766988632
66,04.12.2014,3,2014,True,har_gpr,0.0309884161766688,0.026809610997980272
66,05.12.2014,3,2014,True,har_gpr,0.0313743643374177,0.026647731370675363
66,08.12.2014,3,2014,True,har_gpr,0.0310882589982814,0.024714407948387966
66,09.12.2014,3,2014,True,har_gpr,0.0310482627625179,0.025008803122975782
66,10.12.2014,3,2014,True,har_gpr,0.0312832037759954,0.02455082905690772
66,11.12.2014,3,2014,True,har_gpr,0.0314211071416783,0.026102971548971968
66,12.12.2014,3,2014,True,har_gpr,0.0313224065462117,0.025199200100256
66,15.12.2014,3,2014,True,har_gpr,0.0313279534616707,0.025704059210840038
66,16.12.2014,3,2014,True,har_gpr,0.0312868035879561,0.025982489276699418
66,17.12.2014,3,2014,True,har_gpr,0.0314477006588322,0.025108317497221994
66,18.12.2014,3,2014,True,har_gpr,0.0319732670513119,0.02454515312848396
66,19.12.2014,3,2014,True,har_gpr,0.032208786344193,0.024730101630874607
66,22.12.2014,3,2014,True,har_gpr,0.0321155335908886,0.027070878621550762
66,23.12.2014,3,2014,True,har_gpr,0.0320311663372123,0.02602197673615986
66,24.12.2014,3,2014,True,har_gpr,0.032232720626332,0.027060165790831883
66,26.12.2014,3,2014,True,har_gpr,0.0325292708458774,0.027314192821595907
66,29.12.2014,3,2014,True,har_gpr,0.0331205130158338,0.02703635251324497
66,30.12.2014,3,2014,True,har_gpr,0.0331839404101921,0.021739273098496385
66,31.12.2014,3,2014,True,har_gpr,0.0340378089356181,0.019590504814932113
66,02.01.2014,3,2014,True,har_x,0.0085501973681491,0.00843303363463006
66,03.01.2014,3,2014,True,har_x,0.0084893333737022,0.010213439338462468
66,06.01.2014,3,2014,True,har_x,0.0087124806984432,0.009945493656332627
66,07.01.2014,3,2014,True,har_x,0.0086950268715376,0.011255462040927632
66,08.01.2014,3,2014,True,har_x,0.0086913072614687,0.01097413594398432
66,09.01.2014,3,2014,True,har_x,0.0086778162436978,0.011081762805029073
66,10.01.2014,3,2014,True,har_x,0.0086363045270992,0.010610601091253708
66,13.01.2014,3,2014,True,har_x,0.0086521172204404,0.010666539693181465
66,14.01.2014,3,2014,True,har_x,0.0086426238149024,0.009964539917494651
66,15.01.2014,3,2014,True,har_x,0.0087065817948847,0.009917749886858755
66,16.01.2014,3,2014,True,har_x,0.0087519704261528,0.009588180371925306
66,17.01.2014,3,2014,True,har_x,0.0089142688501384,0.008994084525901041
66,22.01.2014,3,2014,True,har_x,0.0088599848044842,0.008649052863764009
66,23.01.2014,3,2014,True,har_x,0.008885795911515,0.009338914838026421
66,24.01.2014,3,2014,True,har_x,0.0088864810561444,0.00941304633906892
66,27.01.2014,3,2014,True,har_x,0.008826669605942,0.009620851512367072
66,28.01.2014,3,2014,True,har_x,0.0088476161519031,0.011096790348197546
66,29.01.2014,3,2014,True,har_x,0.0088653056664293,0.011048858506257706
66,30.01.2014,3,2014,True,har_x,0.0089506368771642,0.010974331565034297
66,31.01.2014,3,2014,True,har_x,0.0087665702069782,0.010462690949578322
66,03.02.2014,3,2014,True,har_x,0.0087573134471165,0.01106981136848114
66,04.02.2014,3,2014,True,har_x,0.008768274071789,0.009000649027725995
66,05.02.2014,3,2014,True,har_x,0.008799785711447,0.00884797533373433
66,06.02.2014,3,2014,True,har_x,0.0087976155360387,0.008571471903894371
66,07.02.2014,3,2014,True,har_x,0.0083797704775012,0.0083533019977508
66,10.02.2014,3,2014,True,har_x,0.0083085066744357,0.008603953031694641
66,11.02.2014,3,2014,True,har_x,0.0083955596624206,0.010686124095468359
66,12.02.2014,3,2014,True,har_x,0.0084020538182667,0.010455058385918188
66,13.02.2014,3,2014,True,har_x,0.0084545695177938,0.010523280119362826
66,14.02.2014,3,2014,True,har_x,0.0084580075569798,0.010412104520796142
66,19.02.2014,3,2014,True,har_x,0.0082311911573664,0.009813921816779963
66,20.02.2014,3,2014,True,har_x,0.0082496467742066,0.00968785092711342
66,21.02.2014,3,2014,True,har_x,0.0082375469343535,0.009141822515469515
66,24.02.2014,3,2014,True,har_x,0.0081909233365716,0.009282621394469
66,25.02.2014,3,2014,True,har_x,0.0081166054141002,0.009914589994098938
66,26.02.2014,3,2014,True,har_x,0.0081427690605105,0.010203676725281684
66,27.02.2014,3,2014,True,har_x,0.0081184634851018,0.009872926644147831
66,28.02.2014,3,2014,True,har_x,0.0081311365340627,0.010099235186476568
66,03.03.2014,3,2014,True,har_x,0.0077753500526064,0.009982299640873476
66,04.03.2014,3,2014,True,har_x,0.0074854161729662,0.008784157218579882
66,05.03.2014,3,2014,True,har_x,0.0074362495354142,0.0084264614114045
66,06.03.2014,3,2014,True,har_x,0.0074488493600894,0.008665390385596864
66,07.03.2014,3,2014,True,har_x,0.0073950078280064,0.0083533019977508
66,10.03.2014,3,2014,True,har_x,0.0080498739815002,0.008482924051401441
66,11.03.2014,3,2014,True,har_x,0.0080443653694608,0.00957968653873883
66,12.03.2014,3,2014,True,har_x,0.0080198744393588,0.009388515671789594
66,13.03.2014,3,2014,True,har_x,0.0079792359977337,0.009414073208601647
66,14.03.2014,3,2014,True,har_x,0.0079185751324539,0.00942350187841854
66,17.03.2014,3,2014,True,har_x,0.0079540296301711,0.009942711560776042
66,18.03.2014,3,2014,True,har_x,0.0076710840489486,0.00882356053348685
66,19.03.2014,3,2014,True,har_x,0.0076226729401735,0.009244470809144263
66,20.03.2014,3,2014,True,har_x,0.0076053926053931,0.008853035820339993
66,21.03.2014,3,2014,True,har_x,0.007619811188821,0.008765267665463806
66,24.03.2014,3,2014,True,har_x,0.0076784176563288,0.00863325366510884
66,25.03.2014,3,2014,True,har_x,0.0076777686720965,0.009313875864499244
66,26.03.2014,3,2014,True,har_x,0.0077607151027174,0.009088998749093623
66,27.03.2014,3,2014,True,har_x,0.0077168120312775,0.008998771586036727
66,28.03.2014,3,2014,True,har_x,0.007811471270171,0.00920371165846558
66,31.03.2014,3,2014,True,har_x,0.007807315238361,0.009059896431197577
66,01.04.2014,3,2014,True,har_x,0.0074342189559252,0.00888419495286627
66,02.04.2014,3,2014,True,har_x,0.0075200100573031,0.009513203442491187
66,03.04.2014,3,2014,True,har_x,0.0074040652542784,0.009306397152071023
66,04.04.2014,3,2014,True,har_x,0.0073887341468863,0.008990940552873306
66,07.04.2014,3,2014,True,har_x,0.0076755522688239,0.008774535624837085
66,08.04.2014,3,2014,True,har_x,0.0073780682461032,0.009702724293469868
66,09.04.2014,3,2014,True,har_x,0.0074491762936247,0.010093088445358916
66,10.04.2014,3,2014,True,har_x,0.0074294299641605,0.009661610919278899
66,11.04.2014,3,2014,True,har_x,0.0074300158008535,0.009759955989999606
66,14.04.2014,3,2014,True,har_x,0.0073086460499621,0.009499791512498258
66,15.04.2014,3,2014,True,har_x,0.0073196548439941,0.008535295824929082
66,16.04.2014,3,2014,True,har_x,0.007329049337665,0.0083533019977508
66,17.04.2014,3,2014,True,har_x,0.0073263879841619,0.0083533019977508
66,21.04.2014,3,2014,True,har_x,0.0073862368618005,0.0083533019977508
66,22.04.2014,3,2014,True,har_x,0.0075115343661248,0.009844129243480753
66,23.04.2014,3,2014,True,har_x,0.0075660741178691,0.010082916611764395
66,24.04.2014,3,2014,True,har_x,0.0074355027020738,0.009858971807382573
66,25.04.2014,3,2014,True,har_x,0.0075152844331641,0.010074902756573927
66,28.04.2014,3,2014,True,har_x,0.007357804209757,0.010234799802817253
66,29.04.2014,3,2014,True,har_x,0.0074053273273251,0.008531386354813836
66,30.04.2014,3,2014,True,har_x,0.0073766060232324,0.008499270854558504
66,01.05.2014,3,2014,True,har_x,0.0074242774801304,0.00841474946076279
66,02.05.2014,3,2014,True,har_x,0.0073546972088866,0.0083533019977508
66,05.05.2014,3,2014,True,har_x,0.0073705964389647,0.0083533019977508
66,06.05.2014,3,2014,True,har_x,0.0073491550550087,0.009427770898814854
66,07.05.2014,3,2014,True,har_x,0.0072451028538231,0.009109240348575885
66,08.05.2014,3,2014,True,har_x,0.0074919515207926,0.008993026182898493
66,09.05.2014,3,2014,True,har_x,0.0076570793024175,0.008739155897041297
66,12.05.2014,3,2014,True,har_x,0.0080705719575139,0.008517932929664879
66,13.05.2014,3,2014,True,har_x,0.007999734664223,0.008444947472095161
66,14.05.2014,3,2014,True,har_x,0.0079120523324505,0.0084306724976124
66,15.05.2014,3,2014,True,har_x,0.0079007370108833,0.008422964998100916
66,16.05.2014,3,2014,True,har_x,0.0079661677201205,0.0083533019977508
66,19.05.2014,3,2014,True,har_x,0.0079157272477792,0.0083533019977508
66,20.05.2014,3,2014,True,har_x,0.0079058659429942,0.009297877678191598
66,21.05.2014,3,2014,True,har_x,0.0078492081165672,0.00927014477360486
66,22.05.2014,3,2014,True,har_x,0.0078489706833275,0.009454963486089117
66,23.05.2014,3,2014,True,har_x,0.0078519970914653,0.009144343152970694
66,27.05.2014,3,2014,True,har_x,0.0078411798381642,0.009047705862212822
66,28.05.2014,3,2014,True,har_x,0.0079046494037652,0.0083533019977508
66,29.05.2014,3,2014,True,har_x,0.0085710263689305,0.0083533019977508
66,30.05.2014,3,2014,True,har_x,0.0091057513970178,0.0083533019977508
66,02.06.2014,3,2014,True,har_x,0.0091467182293927,0.0083533019977508
66,03.06.2014,3,2014,True,har_x,0.0092120642181957,0.0083533019977508
66,04.06.2014,3,2014,True,har_x,0.0092268254189253,0.0083533019977508
66,05.06.2014,3,2014,True,har_x,0.0092763375114438,0.0083533019977508
66,06.06.2014,3,2014,True,har_x,0.0093569290366719,0.0083533019977508
66,09.06.2014,3,2014,True,har_x,0.0091915258540284,0.0083533019977508
66,10.06.2014,3,2014,True,har_x,0.0092418674118237,0.0083533019977508
66,11.06.2014,3,2014,True,har_x,0.0092205915000346,0.0083533019977508
66,12.06.2014,3,2014,True,har_x,0.0084560676856863,0.0083533019977508
66,13.06.2014,3,2014,True,har_x,0.0090293381765026,0.01047934760475397
66,16.06.2014,3,2014,True,har_x,0.009127370838736,0.010166364733161707
66,17.06.2014,3,2014,True,har_x,0.0091840024823176,0.009960228027132907
66,18.06.2014,3,2014,True,har_x,0.009234266176352,0.009023777628893231
66,19.06.2014,3,2014,True,har_x,0.0091598136594428,0.009077832819882023
66,20.06.2014,3,2014,True,har_x,0.0091706589841375,0.00922097396833737
66,23.06.2014,3,2014,True,har_x,0.0091679811639828,0.009472085429816203
66,24.06.2014,3,2014,True,har_x,0.0091481278011446,0.008503677460265206
66,25.06.2014,3,2014,True,har_x,0.0091632447861527,0.008378389436099497
66,26.06.2014,3,2014,True,har_x,0.0096120132326683,0.0083533019977508
66,27.06.2014,3,2014,True,har_x,0.0096075167025095,0.0083533019977508
66,30.06.2014,3,2014,True,har_x,0.0096037649421829,0.0083533019977508
66,01.07.2014,3,2014,True,har_x,0.0096653712147886,0.008716619120339646
66,02.07.2014,3,2014,True,har_x,0.0096828557194115,0.008452191995329558
66,03.07.2014,3,2014,True,har_x,0.0096991083317173,0.00852278675751526
66,07.07.2014,3,2014,True,har_x,0.0097069965061784,0.0083533019977508
66,08.07.2014,3,2014,True,har_x,0.0097530138721789,0.0083533019977508
66,09.07.2014,3,2014,True,har_x,0.0097613709918068,0.0083533019977508
66,10.07.2014,3,2014,True,har_x,0.0098381532711632,0.0083533019977508
66,11.07.2014,3,2014,True,har_x,0.0109104283873064,0.0083533019977508
66,14.07.2014,3,2014,True,har_x,0.0109708635413173,0.008563639096522298
66,15.07.2014,3,2014,True,har_x,0.0110470662762601,0.0083533019977508
66,16.07.2014,3,2014,True,har_x,0.011057349664916,0.008391050957923418
66,17.07.2014,3,2014,True,har_x,0.0111694690761693,0.0083533019977508
66,18.07.2014,3,2014,True,har_x,0.0111218606537114,0.0083533019977508
66,21.07.2014,3,2014,True,har_x,0.011221259152083,0.0083533019977508
66,22.07.2014,3,2014,True,har_x,0.0117516108539781,0.0083533019977508
66,23.07.2014,3,2014,True,har_x,0.0117032623228626,0.0083533019977508
66,24.07.2014,3,2014,True,har_x,0.0116831167021515,0.0083533019977508
66,25.07.2014,3,2014,True,har_x,0.0115422112663177,0.0083533019977508
66,28.07.2014,3,2014,True,har_x,0.0116984315764428,0.0083533019977508
66,29.07.2014,3,2014,True,har_x,0.0117150800485494,0.0083533019977508
66,30.07.2014,3,2014,True,har_x,0.0116739993571259,0.0083533019977508
66,31.07.2014,3,2014,True,har_x,0.0117301599361153,0.0083533019977508
66,01.08.2014,3,2014,True,har_x,0.0119490698585965,0.008512034959940757
66,04.08.2014,3,2014,True,har_x,0.0119138052377862,0.008834898688579246
66,05.08.2014,3,2014,True,har_x,0.0119073005044984,0.009029060370401068
66,06.08.2014,3,2014,True,har_x,0.0119629528291156,0.009091312297117413
66,07.08.2014,3,2014,True,har_x,0.0119281640509788,0.008828820238375048
66,08.08.2014,3,2014,True,har_x,0.011940567178082,0.009056473866553965
66,11.08.2014,3,2014,True,har_x,0.0120329294724598,0.008782835990627687
66,12.08.2014,3,2014,True,har_x,0.0124020815132382,0.0083533019977508
66,13.08.2014,3,2014,True,har_x,0.0122347026673923,0.0083533019977508
66,14.08.2014,3,2014,True,har_x,0.012398643384981,0.0083533019977508
66,15.08.2014,3,2014,True,har_x,0.0124201954387206,0.0083533019977508
66,18.08.2014,3,2014,True,har_x,0.0124203656712407,0.0083533019977508
66,19.08.2014,3,2014,True,har_x,0.0126461288287575,0.00915928189452627
66,20.08.2014,3,2014,True,har_x,0.0127428865051737,0.009030191425108178
66,21.08.2014,3,2014,True,har_x,0.0127255584122017,0.008555053576786594
66,22.08.2014,3,2014,True,har_x,0.0128294067079291,0.0083533019977508
66,25.08.2014,3,2014,True,har_x,0.0128009309161606,0.0083533019977508
66,26.08.2014,3,2014,True,har_x,0.0176374921907656,0.008580933313599274
66,27.08.2014,3,2014,True,har_x,0.0182645277716193,0.00844516476322191
66,28.08.2014,3,2014,True,har_x,0.0184728422464634,0.0083533019977508
66,29.08.2014,3,2014,True,har_x,0.0184075659966528,0.0083533019977508
66,02.09.2014,3,2014,True,har_x,0.0181999425206685,0.008478990513506241
66,03.09.2014,3,2014,True,har_x,0.0178256334382552,0.0083533019977508
66,04.09.2014,3,2014,True,har_x,0.0183824335340453,0.008395218768451125
66,05.09.2014,3,2014,True,har_x,0.0184858851412627,0.008357132549082276
66,08.09.2014,3,2014,True,har_x,0.0189387913478701,0.0083533019977508
66,09.09.2014,3,2014,True,har_x,0.0189348767500929,0.01010592008027867
66,10.09.2014,3,2014,True,har_x,0.0191278845239833,0.0098259344840777
66,11.09.2014,3,2014,True,har_x,0.0191187439922765,0.00986830380856851
66,12.09.2014,3,2014,True,har_x,0.0191795525871142,0.009701300087745938
66,15.09.2014,3,2014,True,har_x,0.0191928475826777,0.009285068804165759
66,16.09.2014,3,2014,True,har_x,0.0191734241613866,0.010427927920637313
66,17.09.2014,3,2014,True,har_x,0.0194968657675095,0.009863045483613277
66,18.09.2014,3,2014,True,har_x,0.0195573966800078,0.010814033436846457
66,19.09.2014,3,2014,True,har_x,0.019906898138676,0.010592645588487637
66,22.09.2014,3,2014,True,har_x,0.0199926071587382,0.010328993066318834
66,23.09.2014,3,2014,True,har_x,0.0199918329623006,0.011845331929421306
66,24.09.2014,3,2014,True,har_x,0.0201040496456091,0.011899666354976293
66,25.09.2014,3,2014,True,har_x,0.0201029758302215,0.01139805384663781
66,26.09.2014,3,2014,True,har_x,0.0200806556856455,0.01146531320401101
66,29.09.2014,3,2014,True,har_x,0.0200649526226728,0.011171626046536395
66,30.09.2014,3,2014,True,har_x,0.0209576043441575,0.01035158117672872
66,01.10.2014,3,2014,True,har_x,0.0212714420728314,0.011629720491944263
66,02.10.2014,3,2014,True,har_x,0.0213082105177882,0.011276443727426276
66,03.10.2014,3,2014,True,har_x,0.0213155002717451,0.011696283136897533
66,06.10.2014,3,2014,True,har_x,0.0212622009458273,0.012108701530020083
66,07.10.2014,3,2014,True,har_x,0.021989213612452,0.012654704898792675
66,08.10.2014,3,2014,True,har_x,0.0220084938706008,0.012765436735472795
66,09.10.2014,3,2014,True,har_x,0.0229916498117501,0.012834900881840656
66,10.10.2014,3,2014,True,har_x,0.0229948394104954,0.013995540999851744
66,13.10.2014,3,2014,True,har_x,0.023019055649402,0.01470229963196629
66,14.10.2014,3,2014,True,har_x,0.0226803494557387,0.015472337379579072
66,15.10.2014,3,2014,True,har_x,0.0229659219346247,0.018660369327976836
66,16.10.2014,3,2014,True,har_x,0.0228766060862787,0.017454698750747913
66,17.10.2014,3,2014,True,har_x,0.0229132570369753,0.016589862666497434
66,20.10.2014,3,2014,True,har_x,0.022803310388418,0.015230998707531428
66,21.10.2014,3,2014,True,har_x,0.0231767886726217,0.014606717404386654
66,22.10.2014,3,2014,True,har_x,0.023219363840679,0.013548487278577954
66,23.10.2014,3,2014,True,har_x,0.0230132623610566,0.015157705560085857
66,24.10.2014,3,2014,True,har_x,0.025242891190252,0.016099102803231992
66,27.10.2014,3,2014,True,har_x,0.0257162497057161,0.015619050215983407
66,28.10.2014,3,2014,True,har_x,0.026838065617322,0.017059592491273434
66,29.10.2014,3,2014,True,har_x,0.0277604912502215,0.015972447871071768
66,30.10.2014,3,2014,True,har_x,0.0284507456010065,0.015718564539207
66,31.10.2014,3,2014,True,har_x,0.0286566358158633,0.01621137054300233
66,03.11.2014,3,2014,True,har_x,0.0287055144422088,0.016107268315997268
66,04.11.2014,3,2014,True,har_x,0.028825142850588,0.015747021067568742
66,05.11.2014,3,2014,True,har_x,0.0289867987329901,0.01661713094210567
66,06.11.2014,3,2014,True,har_x,0.0296053578303271,0.015473573506400336
66,07.11.2014,3,2014,True,har_x,0.0296026928902472,0.015031613641787282
66,10.11.2014,3,2014,True,har_x,0.0316533279660265,0.014837208664446166
66,11.11.2014,3,2014,True,har_x,0.0318418426489361,0.016389127951914315
66,12.11.2014,3,2014,True,har_x,0.0318102537260076,0.015664314235380145
66,13.11.2014,3,2014,True,har_x,0.0316387511607961,0.015805754446072028
66,14.11.2014,3,2014,True,har_x,0.0317176444457306,0.0173714006411455
66,17.11.2014,3,2014,True,har_x,0.0315731651496162,0.0167554764726935
66,18.11.2014,3,2014,True,har_x,0.0322529398563433,0.016238290758898138
66,19.11.2014,3,2014,True,har_x,0.03236954873146,0.015537582867593762
66,20.11.2014,3,2014,True,har_x,0.0327600445347716,0.015350579951231357
66,21.11.2014,3,2014,True,har_x,0.0331807482083364,0.015481106399527197
66,24.11.2014,3,2014,True,har_x,0.033369024423976,0.016046259415147892
66,25.11.2014,3,2014,True,har_x,0.0333326069648286,0.01669634962201357
66,26.11.2014,3,2014,True,har_x,0.0333313294757947,0.017409192026941175
66,28.11.2014,3,2014,True,har_x,0.0309721235131389,0.016544674616472996
66,01.12.2014,3,2014,True,har_x,0.0307186228672327,0.021226416907855265
66,02.12.2014,3,2014,True,har_x,0.0308545476189394,0.021850821466411992
66,03.12.2014,3,2014,True,har_x,0.0309823643720561,0.02223911900738501
66,04.12.2014,3,2014,True,har_x,0.0309884161766688,0.020912502998008613
66,05.12.2014,3,2014,True,har_x,0.0313743643374177,0.020511536001711156
66,08.12.2014,3,2014,True,har_x,0.0310882589982814,0.019538903756631067
66,09.12.2014,3,2014,True,har_x,0.0310482627625179,0.021917467236832154
66,10.12.2014,3,2014,True,har_x,0.0312832037759954,0.02101391305977108
66,11.12.2014,3,2014,True,har_x,0.0314211071416783,0.023216904940843865
66,12.12.2014,3,2014,True,har_x,0.0313224065462117,0.023761737336396804
66,15.12.2014,3,2014,True,har_x,0.0313279534616707,0.026030087370897233
66,16.12.2014,3,2014,True,har_x,0.0312868035879561,0.02956633854723098
66,17.12.2014,3,2014,True,har_x,0.0314477006588322,0.028669640109356975
66,18.12.2014,3,2014,True,har_x,0.0319732670513119,0.02872346678046261
66,19.12.2014,3,2014,True,har_x,0.032208786344193,0.029131558627603558
66,22.12.2014,3,2014,True,har_x,0.0321155335908886,0.029003788108317996
66,23.12.2014,3,2014,True,har_x,0.0320311663372123,0.028326951549134484
66,24.12.2014,3,2014,True,har_x,0.032232720626332,0.028337343776705565
66,26.12.2014,3,2014,True,har_x,0.0325292708458774,0.02875201594334853
66,29.12.2014,3,2014,True,har_x,0.0331205130158338,0.028491358768577307
66,30.12.2014,3,2014,True,har_x,0.0331839404101921,0.026569665119622762
66,31.12.2014,3,2014,True,har_x,0.0340378089356181,0.024708247494666886
126,02.01.2014,3,2014,True,har,0.0079252088137793,0.014015898107889717
126,03.01.2014,3,2014,True,har,0.0079089189813748,0.015747299963299675
126,06.01.2014,3,2014,True,har,0.0079136877967974,0.01503184911768429
126,07.01.2014,3,2014,True,har,0.008072448531585,0.014779783918416532
126,08.01.2014,3,2014,True,har,0.0080753253552023,0.015086255581286033
126,09.01.2014,3,2014,True,har,0.0080904246935456,0.01492591081236629
126,10.01.2014,3,2014,True,har,0.0080589600049483,0.014138452867047464
126,13.01.2014,3,2014,True,har,0.0080491140709896,0.014318079190592522
126,14.01.2014,3,2014,True,har,0.0081147948768956,0.014255600280436983
126,15.01.2014,3,2014,True,har,0.0080995071923888,0.014081273966219311
126,16.01.2014,3,2014,True,har,0.0081047542763585,0.0143358834135321
126,17.01.2014,3,2014,True,har,0.0081252472949434,0.0137222400532466
126,22.01.2014,3,2014,True,har,0.0081020902428428,0.013619336696290976
126,23.01.2014,3,2014,True,har,0.0081561188773123,0.014237787026649178
126,24.01.2014,3,2014,True,har,0.0081807481354817,0.013902977148679264
126,27.01.2014,3,2014,True,har,0.0081209960325021,0.013804278260658423
126,28.01.2014,3,2014,True,har,0.0081615507050646,0.014261961537483978
126,29.01.2014,3,2014,True,har,0.0081629171858606,0.014295989332048724
126,30.01.2014,3,2014,True,har,0.008221486399409,0.014137217087538064
126,31.01.2014,3,2014,True,har,0.0081365490146757,0.013947298858732178
126,03.02.2014,3,2014,True,har,0.0081590256257639,0.014701833209878008
126,04.02.2014,3,2014,True,har,0.008156307714747,0.01329573384713532
126,05.02.2014,3,2014,True,har,0.0081790374416177,0.013078120163737399
126,06.02.2014,3,2014,True,har,0.0081474282331552,0.01317589762549196
126,07.02.2014,3,2014,True,har,0.0079057426958415,0.013498907250118987
126,10.02.2014,3,2014,True,har,0.0079940518552484,0.014662726573779348
126,11.02.2014,3,2014,True,har,0.0080718942183936,0.014452385752454586
126,12.02.2014,3,2014,True,har,0.0082986683796835,0.014137121891344464
126,13.02.2014,3,2014,True,har,0.0082986704762226,0.014121243486032435
126,14.02.2014,3,2014,True,har,0.0083026306141036,0.014079476499331698
126,19.02.2014,3,2014,True,har,0.0081707738223737,0.013467226775933774
126,20.02.2014,3,2014,True,har,0.0081993292773381,0.01441136687319419
126,21.02.2014,3,2014,True,har,0.0082010374596257,0.014064710358358984
126,24.02.2014,3,2014,True,har,0.0081753786062379,0.014075751155740834
126,25.02.2014,3,2014,True,har,0.0081374265560371,0.01414080776617558
126,26.02.2014,3,2014,True,har,0.0081376800449616,0.014553063735942517
126,27.02.2014,3,2014,True,har,0.0081305707922006,0.013797927223028476
126,28.02.2014,3,2014,True,har,0.0081315489175781,0.0139494040573811
126,03.03.2014,3,2014,True,har,0.0079640559306581,0.013830861536909728
126,04.03.2014,3,2014,True,har,0.0081985288496546,0.015102664736695151
126,05.03.2014,3,2014,True,har,0.0083968814440847,0.01531671850457341
126,06.03.2014,3,2014,True,har,0.0084273203884597,0.015594036177324487
126,07.03.2014,3,2014,True,har,0.0084323758661095,0.015312908497966108
126,10.03.2014,3,2014,True,har,0.0084176678405398,0.015543001975547277
126,11.03.2014,3,2014,True,har,0.0084511231980594,0.015250528361323075
126,12.03.2014,3,2014,True,har,0.008496184494221,0.014457430559504072
126,13.03.2014,3,2014,True,har,0.0084845334395365,0.014218594110007103
126,14.03.2014,3,2014,True,har,0.008458976130403,0.014303300685512279
126,17.03.2014,3,2014,True,har,0.0084657788538408,0.014666358164378595
126,18.03.2014,3,2014,True,har,0.008353212970812,0.014299516323145262
126,19.03.2014,3,2014,True,har,0.0086069084749462,0.015237209705009497
126,20.03.2014,3,2014,True,har,0.0086589469190273,0.014760768731141228
126,21.03.2014,3,2014,True,har,0.0086744768955752,0.014807133623738238
126,24.03.2014,3,2014,True,har,0.0087621107333593,0.014691015326775695
126,25.03.2014,3,2014,True,har,0.0087594385788074,0.014503921538268953
126,26.03.2014,3,2014,True,har,0.0087603345036558,0.014175127587332442
126,27.03.2014,3,2014,True,har,0.0087299394917874,0.013921099528965603
126,28.03.2014,3,2014,True,har,0.0087259444161472,0.014215061345215066
126,31.03.2014,3,2014,True,har,0.0087278961390166,0.014073553155707312
126,01.04.2014,3,2014,True,har,0.0088564444876783,0.013568069863697501
126,02.04.2014,3,2014,True,har,0.0088434309399634,0.014652560530703886
126,03.04.2014,3,2014,True,har,0.0087786295782492,0.014167091942792994
126,04.04.2014,3,2014,True,har,0.0088135174487437,0.014676648600478312
126,07.04.2014,3,2014,True,har,0.0088067687142961,0.014446765046709225
126,08.04.2014,3,2014,True,har,0.0086682375102638,0.014548967641037318
126,09.04.2014,3,2014,True,har,0.008680815994564,0.015100161293037507
126,10.04.2014,3,2014,True,har,0.0087564392804445,0.014570852353738603
126,11.04.2014,3,2014,True,har,0.0087610024075224,0.014614093614442724
126,14.04.2014,3,2014,True,har,0.0086996585849359,0.014353284081332452
126,15.04.2014,3,2014,True,har,0.0094929044200846,0.015089445813907736
126,16.04.2014,3,2014,True,har,0.0095601776053032,0.01427422708701049
126,17.04.2014,3,2014,True,har,0.0095722300023082,0.014074598703407666
126,21.04.2014,3,2014,True,har,0.0095611918750106,0.014202648353987622
126,22.04.2014,3,2014,True,har,0.0096153986513947,0.01408635534078996
126,23.04.2014,3,2014,True,har,0.0096698759675798,0.014062107590316205
126,24.04.2014,3,2014,True,har,0.0097005904371331,0.01393068211049037
126,25.04.2014,3,2014,True,har,0.0099806032526384,0.01444796624483328
126,28.04.2014,3,2014,True,har,0.0099424680918687,0.014420170762166633
126,29.04.2014,3,2014,True,har,0.0099050563310044,0.014951256543877418
126,30.04.2014,3,2014,True,har,0.0098948741852763,0.014942804892207971
126,01.05.2014,3,2014,True,har,0.0099771413792684,0.01454941398466588
126,02.05.2014,3,2014,True,har,0.0099697299544915,0.014109320609561785
126,05.05.2014,3,2014,True,har,0.0099568672763966,0.0142148630119561
126,06.05.2014,3,2014,True,har,0.0099964317454296,0.014199536928978584
126,07.05.2014,3,2014,True,har,0.0101220544715068,0.013991439207585199
126,08.05.2014,3,2014,True,har,0.0101267496383727,0.013916166810160464
126,09.05.2014,3,2014,True,har,0.010126955729656,0.013657981946948507
126,12.05.2014,3,2014,True,har,0.0101364637817792,0.013559591559982043
126,13.05.2014,3,2014,True,har,0.0101422170416158,0.013617890578060772
126,14.05.2014,3,2014,True,har,0.0101082480421515,0.01328861423411554
126,15.05.2014,3,2014,True,har,0.0101710744722501,0.013384639263723179
126,16.05.2014,3,2014,True,har,0.0104819970637204,0.013177721226434446
126,19.05.2014,3,2014,True,har,0.0104643193769868,0.013031706991256782
126,20.05.2014,3,2014,True,har,0.0106467570008355,0.01367488984380916
126,21.05.2014,3,2014,True,har,0.0106297127111351,0.013404554814232696
126,22.05.2014,3,2014,True,har,0.0106308237386176,0.013596438354782858
126,23.05.2014,3,2014,True,har,0.0107493592472959,0.013253451762769042
126,27.05.2014,3,2014,True,har,0.0108362619278828,0.013173245963557236
126,28.05.2014,3,2014,True,har,0.0108493112211205,0.012820939903569785
126,29.05.2014,3,2014,True,har,0.0109201409624939,0.012660126003946823
126,30.05.2014,3,2014,True,har,0.0109262193786736,0.012324511501389728
126,02.06.2014,3,2014,True,har,0.0141055511479636,0.012507660626565312
126,03.06.2014,3,2014,True,har,0.0144826614556004,0.01244847749336953
126,04.06.2014,3,2014,True,har,0.0146493554196168,0.012168527340361534
126,05.06.2014,3,2014,True,har,0.0146436521810522,0.012215575519751505
126,06.06.2014,3,2014,True,har,0.0146427720928209,0.012073181197411126
126,09.06.2014,3,2014,True,har,0.014576415149215,0.012001526743533584
126,10.06.2014,3,2014,True,har,0.0149826775159915,0.012834418265392894
126,11.06.2014,3,2014,True,har,0.0150164543714288,0.012679695056542765
126,12.06.2014,3,2014,True,har,0.0150826029453182,0.01254022583604349
126,13.06.2014,3,2014,True,har,0.0150704533521479,0.014801025946449532
126,16.06.2014,3,2014,True,har,0.0152261546764316,0.014122997391844527
126,17.06.2014,3,2014,True,har,0.0152304961011622,0.014124041838102374
126,18.06.2014,3,2014,True,har,0.0152495095518849,0.013871925909930066
126,19.06.2014,3,2014,True,har,0.0152153545063404,0.014035757679397359
126,20.06.2014,3,2014,True,har,0.0152164793465544,0.0134368628049929
126,23.06.2014,3,2014,True,har,0.015632532154163,0.013377698833032392
126,24.06.2014,3,2014,True,har,0.0156807320286769,0.013664725857967523
126,25.06.2014,3,2014,True,har,0.0159227903983976,0.013524778685504769
126,26.06.2014,3,2014,True,har,0.016010741071471,0.013551362034367447
126,27.06.2014,3,2014,True,har,0.0160187140181209,0.013636494837848387
126,30.06.2014,3,2014,True,har,0.0161320563823392,0.013439099698913654
126,01.07.2014,3,2014,True,har,0.0161345166175716,0.01375245175795883
126,02.07.2014,3,2014,True,har,0.0161356005326523,0.013484117704663708
126,03.07.2014,3,2014,True,har,0.0161614113473736,0.01389721869836322
126,07.07.2014,3,2014,True,har,0.0168898835965722,0.013712942768064517
126,08.07.2014,3,2014,True,har,0.0171326344407693,0.01385599704848564
126,09.07.2014,3,2014,True,har,0.017143932130536,0.014033835424348568
126,10.07.2014,3,2014,True,har,0.0171237144710392,0.013825129673884195
126,11.07.2014,3,2014,True,har,0.0171135675588126,0.013913260017369445
126,14.07.2014,3,2014,True,har,0.0176408282729368,0.013580477848186737
126,15.07.2014,3,2014,True,har,0.0176687187351078,0.013265036524991463
126,16.07.2014,3,2014,True,har,0.0182304991055793,0.01345546872737817
126,17.07.2014,3,2014,True,har,0.0182676449586554,0.013225022434783396
126,18.07.2014,3,2014,True,har,0.0182035953079765,0.012997463647223812
126,21.07.2014,3,2014,True,har,0.0182146922801515,0.013436691328192939
126,22.07.2014,3,2014,True,har,0.0183810532065276,0.013331582547505329
126,23.07.2014,3,2014,True,har,0.0183492347124171,0.013170796621486472
126,24.07.2014,3,2014,True,har,0.0183782854827946,0.013327805890325353
126,25.07.2014,3,2014,True,har,0.0183125936764987,0.013633087906926366
126,28.07.2014,3,2014,True,har,0.0185893459875423,0.01404756014368443
126,29.07.2014,3,2014,True,har,0.0186375072982366,0.01401848872659425
126,30.07.2014,3,2014,True,har,0.018715692033659,0.013812716616270548
126,31.07.2014,3,2014,True,har,0.020083475620336,0.014232267657489271
126,01.08.2014,3,2014,True,har,0.0203623579406307,0.013957522271036573
126,04.08.2014,3,2014,True,har,0.0210617696564862,0.013946911514841624
126,05.08.2014,3,2014,True,har,0.0217773619852692,0.014021952398899085
126,06.08.2014,3,2014,True,har,0.0222024842358083,0.013943295450725583
126,07.08.2014,3,2014,True,har,0.0222971557101198,0.013697245843704525
126,08.08.2014,3,2014,True,har,0.0223322827324649,0.014132076303847822
126,11.08.2014,3,2014,True,har,0.02247689576992,0.013439143211994454
126,12.08.2014,3,2014,True,har,0.022583828318403,0.013361517882210882
126,13.08.2014,3,2014,True,har,0.0229326244656368,0.014144113767824486
126,14.08.2014,3,2014,True,har,0.0228998650272171,0.014481959356463965
126,15.08.2014,3,2014,True,har,0.0242713069767869,0.015451484184673774
126,18.08.2014,3,2014,True,har,0.0244048661680212,0.014656571416937408
126,19.08.2014,3,2014,True,har,0.0244028030280838,0.014669483757794805
126,20.08.2014,3,2014,True,har,0.0243851753949741,0.014513019483764796
126,21.08.2014,3,2014,True,har,0.0244276690479891,0.014595811395605758
126,22.08.2014,3,2014,True,har,0.0244274913834906,0.013988198228322077
126,25.08.2014,3,2014,True,har,0.0248842302530319,0.01371946274860113
126,26.08.2014,3,2014,True,har,0.0249595256884533,0.013703056624208199
126,27.08.2014,3,2014,True,har,0.0252809195136513,0.013643962657132847
126,28.08.2014,3,2014,True,har,0.0256085091083431,0.013485315101850064
126,29.08.2014,3,2014,True,har,0.0257176823968388,0.01347796920144569
126,02.09.2014,3,2014,True,har,0.0256306189754128,0.013619859053042013
126,03.09.2014,3,2014,True,har,0.0255090101164613,0.01575091188332111
126,04.09.2014,3,2014,True,har,0.0255158313734646,0.016723678370484895
126,05.09.2014,3,2014,True,har,0.0255509589737422,0.01643799303918893
126,08.09.2014,3,2014,True,har,0.0257184508493814,0.016453093399271784
126,09.09.2014,3,2014,True,har,0.0258070601977882,0.016302295104879377
126,10.09.2014,3,2014,True,har,0.0258014947468771,0.016184851816390615
126,11.09.2014,3,2014,True,har,0.0260286737213645,0.015155015465446236
126,12.09.2014,3,2014,True,har,0.0260745556495032,0.014853605383222071
126,15.09.2014,3,2014,True,har,0.0260777105450158,0.014740239627702463
126,16.09.2014,3,2014,True,har,0.0264539856442887,0.014615915343639856
126,17.09.2014,3,2014,True,har,0.0264064571916292,0.0145349630855802
126,18.09.2014,3,2014,True,har,0.0264618423763258,0.016441814437950272
126,19.09.2014,3,2014,True,har,0.0264770427077641,0.016321716964513018
126,22.09.2014,3,2014,True,har,0.0264772052323862,0.016170184013366156
126,23.09.2014,3,2014,True,har,0.0266019256544153,0.016647987793854423
126,24.09.2014,3,2014,True,har,0.0269857484339178,0.016265975524527236
126,25.09.2014,3,2014,True,har,0.027268028653938,0.015790494079921082
126,26.09.2014,3,2014,True,har,0.0272660007106323,0.01566530193982498
126,29.09.2014,3,2014,True,har,0.0273011148686514,0.015558154877151412
126,30.09.2014,3,2014,True,har,0.0274602715017152,0.015140921047098632
126,01.10.2014,3,2014,True,har,0.0276302580806063,0.016510238173384456
126,02.10.2014,3,2014,True,har,0.0281462933713462,0.015108681247332199
126,03.10.2014,3,2014,True,har,0.0281954511669438,0.015120367446451028
126,06.10.2014,3,2014,True,har,0.028659736686894,0.015201910384748708
126,07.10.2014,3,2014,True,har,0.0287266326092424,0.01519141834856869
126,08.10.2014,3,2014,True,har,0.0288215535087968,0.014838391957550623
126,09.10.2014,3,2014,True,har,0.0288073921395824,0.014812632809758246
126,10.10.2014,3,2014,True,har,0.02882378384501,0.01518273851112778
126,13.10.2014,3,2014,True,har,0.0289760329993471,0.014872392891559609
126,14.10.2014,3,2014,True,har,0.028741147859365,0.015252051678681629
126,15.10.2014,3,2014,True,har,0.0290897391921558,0.018249894184510247
126,16.10.2014,3,2014,True,har,0.0290754357357437,0.016592244794224414
126,17.10.2014,3,2014,True,har,0.0291261297229604,0.016912254744110605
126,20.10.2014,3,2014,True,har,0.0291271587452271,0.01657082791941651
126,21.10.2014,3,2014,True,har,0.0292812324222631,0.017215370515810423
126,22.10.2014,3,2014,True,har,0.0292588997347338,0.01651904955283391
126,23.10.2014,3,2014,True,har,0.0291627795478355,0.01688519650962801
126,24.10.2014,3,2014,True,har,0.0291582270312371,0.01811975153601216
126,27.10.2014,3,2014,True,har,0.0292160698639878,0.017748475260175922
126,28.10.2014,3,2014,True,har,0.0292494977106283,0.017565982100973786
126,29.10.2014,3,2014,True,har,0.0292210689938373,0.017179954627208463
126,30.10.2014,3,2014,True,har,0.0292127356287998,0.017487087664207975
126,31.10.2014,3,2014,True,har,0.0292560737202196,0.017144213828633487
126,03.11.2014,3,2014,True,har,0.0292442691418531,0.01690039296849758
126,04.11.2014,3,2014,True,har,0.029317464757293,0.017223525231298217
126,05.11.2014,3,2014,True,har,0.0293158732193978,0.017996670119127787
126,06.11.2014,3,2014,True,har,0.0293198394820134,0.017170381223676492
126,07.11.2014,3,2014,True,har,0.0294452439306724,0.017141947963012917
126,10.11.2014,3,2014,True,har,0.0294290302506607,0.017481188756454158
126,11.11.2014,3,2014,True,har,0.0294236065885887,0.017613571180014456
126,12.11.2014,3,2014,True,har,0.0293957625671065,0.015676338666186646
126,13.11.2014,3,2014,True,har,0.0292768869208117,0.01600778480827798
126,14.11.2014,3,2014,True,har,0.029426343077446,0.017363580921778386
126,17.11.2014,3,2014,True,har,0.029403459636084,0.016392891723535467
126,18.11.2014,3,2014,True,har,0.0294728199228569,0.017773445741487728
126,19.11.2014,3,2014,True,har,0.0295076725627169,0.017405675265659743
126,20.11.2014,3,2014,True,har,0.0295455482482627,0.01705662290854547
126,21.11.2014,3,2014,True,har,0.0295971448054621,0.016566587354773663
126,24.11.2014,3,2014,True,har,0.0296058255473851,0.01675192054980481
126,25.11.2014,3,2014,True,har,0.0298860522374695,0.016578920229434555
126,26.11.2014,3,2014,True,har,0.0298920668382091,0.017042486724044906
126,28.11.2014,3,2014,True,har,0.0284845476647833,0.016522785173108602
126,01.12.2014,3,2014,True,har,0.0284097142562959,0.02697654799000271
126,02.12.2014,3,2014,True,har,0.0284110601686428,0.02636434874038001
126,03.12.2014,3,2014,True,har,0.02846621831019,0.02634425992376993
126,04.12.2014,3,2014,True,har,0.028476234648003,0.02578425493273765
126,05.12.2014,3,2014,True,har,0.0286398537676702,0.025643141237359286
126,08.12.2014,3,2014,True,har,0.028411904726464,0.023660108133135477
126,09.12.2014,3,2014,True,har,0.0284092096266748,0.024443869319217458
126,10.12.2014,3,2014,True,har,0.0282398539959357,0.02398381415544391
126,11.12.2014,3,2014,True,har,0.0282849064141455,0.025380180781171775
126,12.12.2014,3,2014,True,har,0.0281645748190137,0.024527600843132224
126,15.12.2014,3,2014,True,har,0.0281935746114216,0.025008060048799918
126,16.12.2014,3,2014,True,har,0.0281395012136319,0.024316028097555897
126,17.12.2014,3,2014,True,har,0.0281958447184672,0.023567625669804967
126,18.12.2014,3,2014,True,har,0.0281863701420894,0.02300999969624566
126,19.12.2014,3,2014,True,har,0.0280575391210007,0.02319013468581709
126,22.12.2014,3,2014,True,har,0.0280266187464696,0.025296492850109695
126,23.12.2014,3,2014,True,har,0.027936115138294,0.024756459615524806
126,24.12.2014,3,2014,True,har,0.0278530617040772,0.025575726120770553
126,26.12.2014,3,2014,True,har,0.0278859180143621,0.025826608776265445
126,29.12.2014,3,2014,True,har,0.0278659169456861,0.02557175539789034
126,30.12.2014,3,2014,True,har,0.0279613346748004,0.02173806617975526
126,31.12.2014,3,2014,True,har,0.0279456370457332,0.01998655322117876
126,02.01.2014,3,2014,True,har_ovx,0.0079252088137793,0.011200759901430197
126,03.01.2014,3,2014,True,har_ovx,0.0079089189813748,0.012781464758141379
126,06.01.2014,3,2014,True,har_ovx,0.0079136877967974,0.012552236896364454
126,07.01.2014,3,2014,True,har_ovx,0.008072448531585,0.012455216675363107
126,08.01.2014,3,2014,True,har_ovx,0.0080753253552023,0.01219595006411179
126,09.01.2014,3,2014,True,har_ovx,0.0080904246935456,0.012313545726153011
126,10.01.2014,3,2014,True,har_ovx,0.0080589600049483,0.011934250907766175
126,13.01.2014,3,2014,True,har_ovx,0.0080491140709896,0.011962505984688919
126,14.01.2014,3,2014,True,har_ovx,0.0081147948768956,0.01202070214909031
126,15.01.2014,3,2014,True,har_ovx,0.0080995071923888,0.011992933869617192
126,16.01.2014,3,2014,True,har_ovx,0.0081047542763585,0.011671390557492417
126,17.01.2014,3,2014,True,har_ovx,0.0081252472949434,0.011191843181470032
126,22.01.2014,3,2014,True,har_ovx,0.0081020902428428,0.010859617897795798
126,23.01.2014,3,2014,True,har_ovx,0.0081561188773123,0.011503906693038224
126,24.01.2014,3,2014,True,har_ovx,0.0081807481354817,0.01164360073513465
126,27.01.2014,3,2014,True,har_ovx,0.0081209960325021,0.011827934949006236
126,28.01.2014,3,2014,True,har_ovx,0.0081615507050646,0.012568904542725391
126,29.01.2014,3,2014,True,har_ovx,0.0081629171858606,0.012500297422132088
126,30.01.2014,3,2014,True,har_ovx,0.008221486399409,0.012412902411085697
126,31.01.2014,3,2014,True,har_ovx,0.0081365490146757,0.0119403395877087
126,03.02.2014,3,2014,True,har_ovx,0.0081590256257639,0.012477592312450983
126,04.02.2014,3,2014,True,har_ovx,0.008156307714747,0.012628302536430797
126,05.02.2014,3,2014,True,har_ovx,0.0081790374416177,0.012502047585953916
126,06.02.2014,3,2014,True,har_ovx,0.0081474282331552,0.012232997059930955
126,07.02.2014,3,2014,True,har_ovx,0.0079057426958415,0.01198089011112478
126,10.02.2014,3,2014,True,har_ovx,0.0079940518552484,0.012090150256933297
126,11.02.2014,3,2014,True,har_ovx,0.0080718942183936,0.011958782886549018
126,12.02.2014,3,2014,True,har_ovx,0.0082986683796835,0.011754031679682628
126,13.02.2014,3,2014,True,har_ovx,0.0082986704762226,0.011830168489725682
126,14.02.2014,3,2014,True,har_ovx,0.0083026306141036,0.011730988066053905
126,19.02.2014,3,2014,True,har_ovx,0.0081707738223737,0.01114293245095475
126,20.02.2014,3,2014,True,har_ovx,0.0081993292773381,0.011670943580109262
126,21.02.2014,3,2014,True,har_ovx,0.0082010374596257,0.011149855045034057
126,24.02.2014,3,2014,True,har_ovx,0.0081753786062379,0.011312921261871639
126,25.02.2014,3,2014,True,har_ovx,0.0081374265560371,0.011463143201917013
126,26.02.2014,3,2014,True,har_ovx,0.0081376800449616,0.011704384473167788
126,27.02.2014,3,2014,True,har_ovx,0.0081305707922006,0.011419328921769379
126,28.02.2014,3,2014,True,har_ovx,0.0081315489175781,0.011633702463249154
126,03.03.2014,3,2014,True,har_ovx,0.0079640559306581,0.01152638833302404
126,04.03.2014,3,2014,True,har_ovx,0.0081985288496546,0.012826719256451388
126,05.03.2014,3,2014,True,har_ovx,0.0083968814440847,0.012469110633463815
126,06.03.2014,3,2014,True,har_ovx,0.0084273203884597,0.012636019987444118
126,07.03.2014,3,2014,True,har_ovx,0.0084323758661095,0.012329339131850137
126,10.03.2014,3,2014,True,har_ovx,0.0084176678405398,0.012456419029802289
126,11.03.2014,3,2014,True,har_ovx,0.0084511231980594,0.01247871905962374
126,12.03.2014,3,2014,True,har_ovx,0.008496184494221,0.012430986999278044
126,13.03.2014,3,2014,True,har_ovx,0.0084845334395365,0.012457943681053043
126,14.03.2014,3,2014,True,har_ovx,0.008458976130403,0.012459320760728122
126,17.03.2014,3,2014,True,har_ovx,0.0084657788538408,0.012914819841614019
126,18.03.2014,3,2014,True,har_ovx,0.008353212970812,0.012193618909632714
126,19.03.2014,3,2014,True,har_ovx,0.0086069084749462,0.012535708067250542
126,20.03.2014,3,2014,True,har_ovx,0.0086589469190273,0.012241418004122026
126,21.03.2014,3,2014,True,har_ovx,0.0086744768955752,0.012143196937973607
126,24.03.2014,3,2014,True,har_ovx,0.0087621107333593,0.012001069493548419
126,25.03.2014,3,2014,True,har_ovx,0.0087594385788074,0.01195399723846445
126,26.03.2014,3,2014,True,har_ovx,0.0087603345036558,0.01174624546485996
126,27.03.2014,3,2014,True,har_ovx,0.0087299394917874,0.01164539524079968
126,28.03.2014,3,2014,True,har_ovx,0.0087259444161472,0.011828422839998218
126,31.03.2014,3,2014,True,har_ovx,0.0087278961390166,0.01168837154221101
126,01.04.2014,3,2014,True,har_ovx,0.0088564444876783,0.011684837409565094
126,02.04.2014,3,2014,True,har_ovx,0.0088434309399634,0.012284092090747174
126,03.04.2014,3,2014,True,har_ovx,0.0087786295782492,0.012127500400982073
126,04.04.2014,3,2014,True,har_ovx,0.0088135174487437,0.011777253041766526
126,07.04.2014,3,2014,True,har_ovx,0.0088067687142961,0.011588253178637126
126,08.04.2014,3,2014,True,har_ovx,0.0086682375102638,0.01178332349173509
126,09.04.2014,3,2014,True,har_ovx,0.008680815994564,0.01204939788159291
126,10.04.2014,3,2014,True,har_ovx,0.0087564392804445,0.011631599970478784
126,11.04.2014,3,2014,True,har_ovx,0.0087610024075224,0.011728956139567013
126,14.04.2014,3,2014,True,har_ovx,0.0086996585849359,0.011522559692891555
126,15.04.2014,3,2014,True,har_ovx,0.0094929044200846,0.011938220643477708
126,16.04.2014,3,2014,True,har_ovx,0.0095601776053032,0.011634738901556727
126,17.04.2014,3,2014,True,har_ovx,0.0095722300023082,0.011648234710325216
126,21.04.2014,3,2014,True,har_ovx,0.0095611918750106,0.011749833270967423
126,22.04.2014,3,2014,True,har_ovx,0.0096153986513947,0.01144384542562262
126,23.04.2014,3,2014,True,har_ovx,0.0096698759675798,0.011642034643245768
126,24.04.2014,3,2014,True,har_ovx,0.0097005904371331,0.011426011575189837
126,25.04.2014,3,2014,True,har_ovx,0.0099806032526384,0.011610769913055274
126,28.04.2014,3,2014,True,har_ovx,0.0099424680918687,0.011755395747956794
126,29.04.2014,3,2014,True,har_ovx,0.0099050563310044,0.012032683728377427
126,30.04.2014,3,2014,True,har_ovx,0.0098948741852763,0.011990722715490329
126,01.05.2014,3,2014,True,har_ovx,0.0099771413792684,0.01202610745411066
126,02.05.2014,3,2014,True,har_ovx,0.0099697299544915,0.011505045331850906
126,05.05.2014,3,2014,True,har_ovx,0.0099568672763966,0.011364787417252019
126,06.05.2014,3,2014,True,har_ovx,0.0099964317454296,0.011629503319009315
126,07.05.2014,3,2014,True,har_ovx,0.0101220544715068,0.01133404984885445
126,08.05.2014,3,2014,True,har_ovx,0.0101267496383727,0.01130550319443352
126,09.05.2014,3,2014,True,har_ovx,0.010126955729656,0.011064447615211243
126,12.05.2014,3,2014,True,har_ovx,0.0101364637817792,0.010859401085785895
126,13.05.2014,3,2014,True,har_ovx,0.0101422170416158,0.010769546524400462
126,14.05.2014,3,2014,True,har_ovx,0.0101082480421515,0.010829728164744075
126,15.05.2014,3,2014,True,har_ovx,0.0101710744722501,0.0107974084937657
126,16.05.2014,3,2014,True,har_ovx,0.0104819970637204,0.010381689167894923
126,19.05.2014,3,2014,True,har_ovx,0.0104643193769868,0.010133080198954394
126,20.05.2014,3,2014,True,har_ovx,0.0106467570008355,0.010574905330609839
126,21.05.2014,3,2014,True,har_ovx,0.0106297127111351,0.01055446218371726
126,22.05.2014,3,2014,True,har_ovx,0.0106308237386176,0.010708943060858487
126,23.05.2014,3,2014,True,har_ovx,0.0107493592472959,0.010459357806544878
126,27.05.2014,3,2014,True,har_ovx,0.0108362619278828,0.010388709632337234
126,28.05.2014,3,2014,True,har_ovx,0.0108493112211205,0.010441969098585501
126,29.05.2014,3,2014,True,har_ovx,0.0109201409624939,0.010354586277779777
126,30.05.2014,3,2014,True,har_ovx,0.0109262193786736,0.010098118532853539
126,02.06.2014,3,2014,True,har_ovx,0.0141055511479636,0.010201626023574396
126,03.06.2014,3,2014,True,har_ovx,0.0144826614556004,0.010158438005723124
126,04.06.2014,3,2014,True,har_ovx,0.0146493554196168,0.01005815264758312
126,05.06.2014,3,2014,True,har_ovx,0.0146436521810522,0.01007142309132817
126,06.06.2014,3,2014,True,har_ovx,0.0146427720928209,0.0099596883378825
126,09.06.2014,3,2014,True,har_ovx,0.014576415149215,0.0099255441687491
126,10.06.2014,3,2014,True,har_ovx,0.0149826775159915,0.010037892597062979
126,11.06.2014,3,2014,True,har_ovx,0.0150164543714288,0.009940332356761684
126,12.06.2014,3,2014,True,har_ovx,0.0150826029453182,0.0099255441687491
126,13.06.2014,3,2014,True,har_ovx,0.0150704533521479,0.012274390328098773
126,16.06.2014,3,2014,True,har_ovx,0.0152261546764316,0.011964542751325156
126,17.06.2014,3,2014,True,har_ovx,0.0152304961011622,0.011966856184715532
126,18.06.2014,3,2014,True,har_ovx,0.0152495095518849,0.011126608582700441
126,19.06.2014,3,2014,True,har_ovx,0.0152153545063404,0.011168922314787132
126,20.06.2014,3,2014,True,har_ovx,0.0152164793465544,0.0112675660573562
126,23.06.2014,3,2014,True,har_ovx,0.015632532154163,0.01150491606605099
126,24.06.2014,3,2014,True,har_ovx,0.0156807320286769,0.011313120495831386
126,25.06.2014,3,2014,True,har_ovx,0.0159227903983976,0.011209559908291776
126,26.06.2014,3,2014,True,har_ovx,0.016010741071471,0.011133809997166566
126,27.06.2014,3,2014,True,har_ovx,0.0160187140181209,0.010887999423421047
126,30.06.2014,3,2014,True,har_ovx,0.0161320563823392,0.01058582530403618
126,01.07.2014,3,2014,True,har_ovx,0.0161345166175716,0.010765225502135062
126,02.07.2014,3,2014,True,har_ovx,0.0161356005326523,0.010507394081278662
126,03.07.2014,3,2014,True,har_ovx,0.0161614113473736,0.010548989795415992
126,07.07.2014,3,2014,True,har_ovx,0.0168898835965722,0.010321477903895274
126,08.07.2014,3,2014,True,har_ovx,0.0171326344407693,0.010682566215480669
126,09.07.2014,3,2014,True,har_ovx,0.017143932130536,0.010766637925604592
126,10.07.2014,3,2014,True,har_ovx,0.0171237144710392,0.010664642265357478
126,11.07.2014,3,2014,True,har_ovx,0.0171135675588126,0.010710735936173627
126,14.07.2014,3,2014,True,har_ovx,0.0176408282729368,0.011214047791213475
126,15.07.2014,3,2014,True,har_ovx,0.0176687187351078,0.011299084872477199
126,16.07.2014,3,2014,True,har_ovx,0.0182304991055793,0.011346441755743406
126,17.07.2014,3,2014,True,har_ovx,0.0182676449586554,0.010811692000934618
126,18.07.2014,3,2014,True,har_ovx,0.0182035953079765,0.01114226986916036
126,21.07.2014,3,2014,True,har_ovx,0.0182146922801515,0.011146016378686577
126,22.07.2014,3,2014,True,har_ovx,0.0183810532065276,0.010867841609722165
126,23.07.2014,3,2014,True,har_ovx,0.0183492347124171,0.010860785701493472
126,24.07.2014,3,2014,True,har_ovx,0.0183782854827946,0.010780505064578267
126,25.07.2014,3,2014,True,har_ovx,0.0183125936764987,0.010593885101105609
126,28.07.2014,3,2014,True,har_ovx,0.0185893459875423,0.010962599959921028
126,29.07.2014,3,2014,True,har_ovx,0.0186375072982366,0.01079565771747069
126,30.07.2014,3,2014,True,har_ovx,0.018715692033659,0.010841999429364818
126,31.07.2014,3,2014,True,har_ovx,0.020083475620336,0.011158709776120577
126,01.08.2014,3,2014,True,har_ovx,0.0203623579406307,0.011656411953603958
126,04.08.2014,3,2014,True,har_ovx,0.0210617696564862,0.011916878957931708
126,05.08.2014,3,2014,True,har_ovx,0.0217773619852692,0.01170227932571523
126,06.08.2014,3,2014,True,har_ovx,0.0222024842358083,0.011781998927227644
126,07.08.2014,3,2014,True,har_ovx,0.0222971557101198,0.011534922515505284
126,08.08.2014,3,2014,True,har_ovx,0.0223322827324649,0.011737435711084297
126,11.08.2014,3,2014,True,har_ovx,0.02247689576992,0.011581968469949773
126,12.08.2014,3,2014,True,har_ovx,0.022583828318403,0.011048387282005894
126,13.08.2014,3,2014,True,har_ovx,0.0229326244656368,0.011362599928647302
126,14.08.2014,3,2014,True,har_ovx,0.0228998650272171,0.01125193293767963
126,15.08.2014,3,2014,True,har_ovx,0.0242713069767869,0.011788466598158218
126,18.08.2014,3,2014,True,har_ovx,0.0244048661680212,0.011677929016204345
126,19.08.2014,3,2014,True,har_ovx,0.0244028030280838,0.012069164661349599
126,20.08.2014,3,2014,True,har_ovx,0.0243851753949741,0.011938611918558203
126,21.08.2014,3,2014,True,har_ovx,0.0244276690479891,0.01148296347817582
126,22.08.2014,3,2014,True,har_ovx,0.0244274913834906,0.010990270356912009
126,25.08.2014,3,2014,True,har_ovx,0.0248842302530319,0.010683843184858256
126,26.08.2014,3,2014,True,har_ovx,0.0249595256884533,0.010831150031890838
126,27.08.2014,3,2014,True,har_ovx,0.0252809195136513,0.010708169528056321
126,28.08.2014,3,2014,True,har_ovx,0.0256085091083431,0.01060254353761153
126,29.08.2014,3,2014,True,har_ovx,0.0257176823968388,0.010624555414937054
126,02.09.2014,3,2014,True,har_ovx,0.0256306189754128,0.010777902122351123
126,03.09.2014,3,2014,True,har_ovx,0.0255090101164613,0.012094841745841588
126,04.09.2014,3,2014,True,har_ovx,0.0255158313734646,0.012291350297250678
126,05.09.2014,3,2014,True,har_ovx,0.0255509589737422,0.0122350086895724
126,08.09.2014,3,2014,True,har_ovx,0.0257184508493814,0.0120906524072806
126,09.09.2014,3,2014,True,har_ovx,0.0258070601977882,0.01272794156754853
126,10.09.2014,3,2014,True,har_ovx,0.0258014947468771,0.012430118177919006
126,11.09.2014,3,2014,True,har_ovx,0.0260286737213645,0.01243210603391435
126,12.09.2014,3,2014,True,har_ovx,0.0260745556495032,0.012341095728411746
126,15.09.2014,3,2014,True,har_ovx,0.0260777105450158,0.01204255873012799
126,16.09.2014,3,2014,True,har_ovx,0.0264539856442887,0.01219991957476762
126,17.09.2014,3,2014,True,har_ovx,0.0264064571916292,0.011666580495551894
126,18.09.2014,3,2014,True,har_ovx,0.0264618423763258,0.012430634746169848
126,19.09.2014,3,2014,True,har_ovx,0.0264770427077641,0.012214430341691354
126,22.09.2014,3,2014,True,har_ovx,0.0264772052323862,0.011946681275430505
126,23.09.2014,3,2014,True,har_ovx,0.0266019256544153,0.012670776666590305
126,24.09.2014,3,2014,True,har_ovx,0.0269857484339178,0.012725649517298605
126,25.09.2014,3,2014,True,har_ovx,0.027268028653938,0.012216876448212122
126,26.09.2014,3,2014,True,har_ovx,0.0272660007106323,0.01227660080724418
126,29.09.2014,3,2014,True,har_ovx,0.0273011148686514,0.01199090418269666
126,30.09.2014,3,2014,True,har_ovx,0.0274602715017152,0.012054297873431786
126,01.10.2014,3,2014,True,har_ovx,0.0276302580806063,0.013343535780211274
126,02.10.2014,3,2014,True,har_ovx,0.0281462933713462,0.013204443529613256
126,03.10.2014,3,2014,True,har_ovx,0.0281954511669438,0.01360147341063283
126,06.10.2014,3,2014,True,har_ovx,0.028659736686894,0.013980197676196342
126,07.10.2014,3,2014,True,har_ovx,0.0287266326092424,0.01405130927876968
126,08.10.2014,3,2014,True,har_ovx,0.0288215535087968,0.014140203482396582
126,09.10.2014,3,2014,True,har_ovx,0.0288073921395824,0.014218347236980323
126,10.10.2014,3,2014,True,har_ovx,0.02882378384501,0.015292001802199431
126,13.10.2014,3,2014,True,har_ovx,0.0289760329993471,0.01595523597988859
126,14.10.2014,3,2014,True,har_ovx,0.028741147859365,0.01664716522282779
126,15.10.2014,3,2014,True,har_ovx,0.0290897391921558,0.019800937118103247
126,16.10.2014,3,2014,True,har_ovx,0.0290754357357437,0.018861455738601218
126,17.10.2014,3,2014,True,har_ovx,0.0291261297229604,0.0180067013147492
126,20.10.2014,3,2014,True,har_ovx,0.0291271587452271,0.016756495586716415
126,21.10.2014,3,2014,True,har_ovx,0.0292812324222631,0.016318538417792128
126,22.10.2014,3,2014,True,har_ovx,0.0292588997347338,0.015210151117659188
126,23.10.2014,3,2014,True,har_ovx,0.0291627795478355,0.016718308290764244
126,24.10.2014,3,2014,True,har_ovx,0.0291582270312371,0.017436948414994713
126,27.10.2014,3,2014,True,har_ovx,0.0292160698639878,0.01698905132581565
126,28.10.2014,3,2014,True,har_ovx,0.0292494977106283,0.017342319592024272
126,29.10.2014,3,2014,True,har_ovx,0.0292210689938373,0.016391001039462054
126,30.10.2014,3,2014,True,har_ovx,0.0292127356287998,0.01608384766063423
126,31.10.2014,3,2014,True,har_ovx,0.0292560737202196,0.016522189576745467
126,03.11.2014,3,2014,True,har_ovx,0.0292442691418531,0.016432354643258568
126,04.11.2014,3,2014,True,har_ovx,0.029317464757293,0.017106058789835076
126,05.11.2014,3,2014,True,har_ovx,0.0293158732193978,0.017878568478160384
126,06.11.2014,3,2014,True,har_ovx,0.0293198394820134,0.016765810258024906
126,07.11.2014,3,2014,True,har_ovx,0.0294452439306724,0.016371004385274775
126,10.11.2014,3,2014,True,har_ovx,0.0294290302506607,0.01618506541742201
126,11.11.2014,3,2014,True,har_ovx,0.0294236065885887,0.0167588431884094
126,12.11.2014,3,2014,True,har_ovx,0.0293957625671065,0.016421632026260354
126,13.11.2014,3,2014,True,har_ovx,0.0292768869208117,0.01655840586098027
126,14.11.2014,3,2014,True,har_ovx,0.029426343077446,0.01790734646940539
126,17.11.2014,3,2014,True,har_ovx,0.029403459636084,0.017306321287434034
126,18.11.2014,3,2014,True,har_ovx,0.0294728199228569,0.018362977087327637
126,19.11.2014,3,2014,True,har_ovx,0.0295076725627169,0.017730960452417698
126,20.11.2014,3,2014,True,har_ovx,0.0295455482482627,0.017588413297852785
126,21.11.2014,3,2014,True,har_ovx,0.0295971448054621,0.017793530343185416
126,24.11.2014,3,2014,True,har_ovx,0.0296058255473851,0.018262499202381696
126,25.11.2014,3,2014,True,har_ovx,0.0298860522374695,0.018678144575941732
126,26.11.2014,3,2014,True,har_ovx,0.0298920668382091,0.01933414114253911
126,28.11.2014,3,2014,True,har_ovx,0.0284845476647833,0.01858810902783064
126,01.12.2014,3,2014,True,har_ovx,0.0284097142562959,0.021782954752728005
126,02.12.2014,3,2014,True,har_ovx,0.0284110601686428,0.021229925871589336
126,03.12.2014,3,2014,True,har_ovx,0.02846621831019,0.021553013524406923
126,04.12.2014,3,2014,True,har_ovx,0.028476234648003,0.020320611219907445
126,05.12.2014,3,2014,True,har_ovx,0.0286398537676702,0.019951321563073686
126,08.12.2014,3,2014,True,har_ovx,0.028411904726464,0.0189025659673554
126,09.12.2014,3,2014,True,har_ovx,0.0284092096266748,0.02144541435701698
126,10.12.2014,3,2014,True,har_ovx,0.0282398539959357,0.02054974523941003
126,11.12.2014,3,2014,True,har_ovx,0.0282849064141455,0.022573273355636355
126,12.12.2014,3,2014,True,har_ovx,0.0281645748190137,0.023071758556129158
126,15.12.2014,3,2014,True,har_ovx,0.0281935746114216,0.025223016035325146
126,16.12.2014,3,2014,True,har_ovx,0.0281395012136319,0.02780457389101769
126,17.12.2014,3,2014,True,har_ovx,0.0281958447184672,0.0270394765640494
126,18.12.2014,3,2014,True,har_ovx,0.0281863701420894,0.02705699533507622
126,19.12.2014,3,2014,True,har_ovx,0.0280575391210007,0.027450730692635348
126,22.12.2014,3,2014,True,har_ovx,0.0280266187464696,0.027240076486178978
126,23.12.2014,3,2014,True,har_ovx,0.027936115138294,0.02699399182524102
126,24.12.2014,3,2014,True,har_ovx,0.0278530617040772,0.026853834292512955
126,26.12.2014,3,2014,True,har_ovx,0.0278859180143621,0.02725197017198799
126,29.12.2014,3,2014,True,har_ovx,0.0278659169456861,0.027007804297482948
126,30.12.2014,3,2014,True,har_ovx,0.0279613346748004,0.02623980626956937
126,31.12.2014,3,2014,True,har_ovx,0.0279456370457332,0.024734730105018823
126,02.01.2014,3,2014,True,har_gpr,0.0079252088137793,0.013096767356477563
126,03.01.2014,3,2014,True,har_gpr,0.0079089189813748,0.014862748008928577
126,06.01.2014,3,2014,True,har_gpr,0.0079136877967974,0.014131874171538812
126,07.01.2014,3,2014,True,har_gpr,0.008072448531585,0.015583061087441298
126,08.01.2014,3,2014,True,har_gpr,0.0080753253552023,0.015899316178122257
126,09.01.2014,3,2014,True,har_gpr,0.0080904246935456,0.015737211479900363
126,10.01.2014,3,2014,True,har_gpr,0.0080589600049483,0.014934688612943491
126,13.01.2014,3,2014,True,har_gpr,0.0080491140709896,0.015115844303064405
126,14.01.2014,3,2014,True,har_gpr,0.0081147948768956,0.014188302105362172
126,15.01.2014,3,2014,True,har_gpr,0.0080995071923888,0.014011366710889544
126,16.01.2014,3,2014,True,har_gpr,0.0081047542763585,0.014271564503894227
126,17.01.2014,3,2014,True,har_gpr,0.0081252472949434,0.0136527130247338
126,22.01.2014,3,2014,True,har_gpr,0.0081020902428428,0.013545466463512781
126,23.01.2014,3,2014,True,har_gpr,0.0081561188773123,0.014023818183447143
126,24.01.2014,3,2014,True,har_gpr,0.0081807481354817,0.013690562686329516
126,27.01.2014,3,2014,True,har_gpr,0.0081209960325021,0.013587540763988474
126,28.01.2014,3,2014,True,har_gpr,0.0081615507050646,0.014942727033802066
126,29.01.2014,3,2014,True,har_gpr,0.0081629171858606,0.014974771332719291
126,30.01.2014,3,2014,True,har_gpr,0.008221486399409,0.014808722951726753
126,31.01.2014,3,2014,True,har_gpr,0.0081365490146757,0.01461491776622133
126,03.02.2014,3,2014,True,har_gpr,0.0081590256257639,0.015385198577033396
126,04.02.2014,3,2014,True,har_gpr,0.008156307714747,0.011832655855602149
126,05.02.2014,3,2014,True,har_gpr,0.0081790374416177,0.011611227254032748
126,06.02.2014,3,2014,True,har_gpr,0.0081474282331552,0.01171035947221635
126,07.02.2014,3,2014,True,har_gpr,0.0079057426958415,0.01204125327486177
126,10.02.2014,3,2014,True,har_gpr,0.0079940518552484,0.013212875297759089
126,11.02.2014,3,2014,True,har_gpr,0.0080718942183936,0.015301238981344776
126,12.02.2014,3,2014,True,har_gpr,0.0082986683796835,0.014979554134742026
126,13.02.2014,3,2014,True,har_gpr,0.0082986704762226,0.014964992727881486
126,14.02.2014,3,2014,True,har_gpr,0.0083026306141036,0.014922890358884893
126,19.02.2014,3,2014,True,har_gpr,0.0081707738223737,0.014287703661270554
126,20.02.2014,3,2014,True,har_gpr,0.0081993292773381,0.014408170940890893
126,21.02.2014,3,2014,True,har_gpr,0.0082010374596257,0.014051983996953238
126,24.02.2014,3,2014,True,har_gpr,0.0081753786062379,0.014067829788083934
126,25.02.2014,3,2014,True,har_gpr,0.0081374265560371,0.014709101439286162
126,26.02.2014,3,2014,True,har_gpr,0.0081376800449616,0.015128718445107565
126,27.02.2014,3,2014,True,har_gpr,0.0081305707922006,0.014355953161674057
126,28.02.2014,3,2014,True,har_gpr,0.0081315489175781,0.014511515712140419
126,03.03.2014,3,2014,True,har_gpr,0.0079640559306581,0.014390408418062599
126,04.03.2014,3,2014,True,har_gpr,0.0081985288496546,0.012883832386789236
126,05.03.2014,3,2014,True,har_gpr,0.0083968814440847,0.013101603246793351
126,06.03.2014,3,2014,True,har_gpr,0.0084273203884597,0.013378737142050673
126,07.03.2014,3,2014,True,har_gpr,0.0084323758661095,0.013090399146638126
126,10.03.2014,3,2014,True,har_gpr,0.0084176678405398,0.013325844450483492
126,11.03.2014,3,2014,True,har_gpr,0.0084511231980594,0.01407192087958713
126,12.03.2014,3,2014,True,har_gpr,0.008496184494221,0.01327599343582561
126,13.03.2014,3,2014,True,har_gpr,0.0084845334395365,0.01303007681395853
126,14.03.2014,3,2014,True,har_gpr,0.008458976130403,0.013116065321658687
126,17.03.2014,3,2014,True,har_gpr,0.0084657788538408,0.013484215620643161
126,18.03.2014,3,2014,True,har_gpr,0.008353212970812,0.012726044617971022
126,19.03.2014,3,2014,True,har_gpr,0.0086069084749462,0.013681633173055072
126,20.03.2014,3,2014,True,har_gpr,0.0086589469190273,0.013203494020959971
126,21.03.2014,3,2014,True,har_gpr,0.0086744768955752,0.013249337103886968
126,24.03.2014,3,2014,True,har_gpr,0.0087621107333593,0.013126953403277082
126,25.03.2014,3,2014,True,har_gpr,0.0087594385788074,0.01377515019448183
126,26.03.2014,3,2014,True,har_gpr,0.0087603345036558,0.013436651522651076
126,27.03.2014,3,2014,True,har_gpr,0.0087299394917874,0.013172372309530004
126,28.03.2014,3,2014,True,har_gpr,0.0087259444161472,0.013472731790004955
126,31.03.2014,3,2014,True,har_gpr,0.0087278961390166,0.01332693482266701
126,01.04.2014,3,2014,True,har_gpr,0.0088564444876783,0.012715571653864423
126,02.04.2014,3,2014,True,har_gpr,0.0088434309399634,0.013832140714706724
126,03.04.2014,3,2014,True,har_gpr,0.0087786295782492,0.013339658532896951
126,04.04.2014,3,2014,True,har_gpr,0.0088135174487437,0.013855781820039768
126,07.04.2014,3,2014,True,har_gpr,0.0088067687142961,0.01362235069719468
126,08.04.2014,3,2014,True,har_gpr,0.0086682375102638,0.01449194037450559
126,09.04.2014,3,2014,True,har_gpr,0.008680815994564,0.015042562498751586
126,10.04.2014,3,2014,True,har_gpr,0.0087564392804445,0.014497301920007052
126,11.04.2014,3,2014,True,har_gpr,0.0087610024075224,0.014542326086692165
126,14.04.2014,3,2014,True,har_gpr,0.0086996585849359,0.01428018326156295
126,15.04.2014,3,2014,True,har_gpr,0.0094929044200846,0.013475519954618691
126,16.04.2014,3,2014,True,har_gpr,0.0095601776053032,0.01264854730174742
126,17.04.2014,3,2014,True,har_gpr,0.0095722300023082,0.012448309181001562
126,21.04.2014,3,2014,True,har_gpr,0.0095611918750106,0.01257870828472881
126,22.04.2014,3,2014,True,har_gpr,0.0096153986513947,0.014605950314699192
126,23.04.2014,3,2014,True,har_gpr,0.0096698759675798,0.014576260713449042
126,24.04.2014,3,2014,True,har_gpr,0.0097005904371331,0.014440704612165792
126,25.04.2014,3,2014,True,har_gpr,0.0099806032526384,0.014969546468990243
126,28.04.2014,3,2014,True,har_gpr,0.0099424680918687,0.01494062355457378
126,29.04.2014,3,2014,True,har_gpr,0.0099050563310044,0.013183000937624721
126,30.04.2014,3,2014,True,har_gpr,0.0098948741852763,0.013173308925651613
126,01.05.2014,3,2014,True,har_gpr,0.0099771413792684,0.012786018384006444
126,02.05.2014,3,2014,True,har_gpr,0.0099697299544915,0.012334127721712884
126,05.05.2014,3,2014,True,har_gpr,0.0099568672763966,0.012448994616508453
126,06.05.2014,3,2014,True,har_gpr,0.0099964317454296,0.013980243359980781
126,07.05.2014,3,2014,True,har_gpr,0.0101220544715068,0.013766710243987956
126,08.05.2014,3,2014,True,har_gpr,0.0101267496383727,0.013701449716911849
126,09.05.2014,3,2014,True,har_gpr,0.010126955729656,0.013436404331162796
126,12.05.2014,3,2014,True,har_gpr,0.0101364637817792,0.013335394620900875
126,13.05.2014,3,2014,True,har_gpr,0.0101422170416158,0.013480584517040334
126,14.05.2014,3,2014,True,har_gpr,0.0101082480421515,0.013152384082760437
126,15.05.2014,3,2014,True,har_gpr,0.0101710744722501,0.013247216094844961
126,16.05.2014,3,2014,True,har_gpr,0.0104819970637204,0.01303383160521583
126,19.05.2014,3,2014,True,har_gpr,0.0104643193769868,0.012885561505606125
126,20.05.2014,3,2014,True,har_gpr,0.0106467570008355,0.014730101364138243
126,21.05.2014,3,2014,True,har_gpr,0.0106297127111351,0.014453332870995627
126,22.05.2014,3,2014,True,har_gpr,0.0106308237386176,0.014647249841157494
126,23.05.2014,3,2014,True,har_gpr,0.0107493592472959,0.014301469267633381
126,27.05.2014,3,2014,True,har_gpr,0.0108362619278828,0.014222047909544597
126,28.05.2014,3,2014,True,har_gpr,0.0108493112211205,0.012718635685636425
126,29.05.2014,3,2014,True,har_gpr,0.0109201409624939,0.012556750723009855
126,30.05.2014,3,2014,True,har_gpr,0.0109262193786736,0.01221551031058853
126,02.06.2014,3,2014,True,har_gpr,0.0141055511479636,0.012402702030548537
126,03.06.2014,3,2014,True,har_gpr,0.0144826614556004,0.012003368025320831
126,04.06.2014,3,2014,True,har_gpr,0.0146493554196168,0.011721279137084668
126,05.06.2014,3,2014,True,har_gpr,0.0146436521810522,0.011771773152701913
126,06.06.2014,3,2014,True,har_gpr,0.0146427720928209,0.011633173638016704
126,09.06.2014,3,2014,True,har_gpr,0.014576415149215,0.01155892577891177
126,10.06.2014,3,2014,True,har_gpr,0.0149826775159915,0.013195628970010587
126,11.06.2014,3,2014,True,har_gpr,0.0150164543714288,0.013036647551100893
126,12.06.2014,3,2014,True,har_gpr,0.0150826029453182,0.012895840482187976
126,13.06.2014,3,2014,True,har_gpr,0.0150704533521479,0.0151834224102512
126,16.06.2014,3,2014,True,har_gpr,0.0152261546764316,0.014485792197039039
126,17.06.2014,3,2014,True,har_gpr,0.0152304961011622,0.01438987285982657
126,18.06.2014,3,2014,True,har_gpr,0.0152495095518849,0.014136573168164813
126,19.06.2014,3,2014,True,har_gpr,0.0152153545063404,0.01430330011543203
126,20.06.2014,3,2014,True,har_gpr,0.0152164793465544,0.013679935901068498
126,23.06.2014,3,2014,True,har_gpr,0.015632532154163,0.01361983733462291
126,24.06.2014,3,2014,True,har_gpr,0.0156807320286769,0.012997290177026905
126,25.06.2014,3,2014,True,har_gpr,0.0159227903983976,0.012855800225874877
126,26.06.2014,3,2014,True,har_gpr,0.016010741071471,0.012881479397526268
126,27.06.2014,3,2014,True,har_gpr,0.0160187140181209,0.012963388245420525
126,30.06.2014,3,2014,True,har_gpr,0.0161320563823392,0.012763414748109783
126,01.07.2014,3,2014,True,har_gpr,0.0161345166175716,0.013857706377560612
126,02.07.2014,3,2014,True,har_gpr,0.0161356005326523,0.013580869355257603
126,03.07.2014,3,2014,True,har_gpr,0.0161614113473736,0.014001422397416863
126,07.07.2014,3,2014,True,har_gpr,0.0168898835965722,0.013811796617304925
126,08.07.2014,3,2014,True,har_gpr,0.0171326344407693,0.013560732476558538
126,09.07.2014,3,2014,True,har_gpr,0.017143932130536,0.013745017219024411
126,10.07.2014,3,2014,True,har_gpr,0.0171237144710392,0.013528549042275594
126,11.07.2014,3,2014,True,har_gpr,0.0171135675588126,0.013621543196731443
126,14.07.2014,3,2014,True,har_gpr,0.0176408282729368,0.013314850980784467
126,15.07.2014,3,2014,True,har_gpr,0.0176687187351078,0.01268388567103675
126,16.07.2014,3,2014,True,har_gpr,0.0182304991055793,0.012877001871227745
126,17.07.2014,3,2014,True,har_gpr,0.0182676449586554,0.01264208453859746
126,18.07.2014,3,2014,True,har_gpr,0.0182035953079765,0.012414074752049316
126,21.07.2014,3,2014,True,har_gpr,0.0182146922801515,0.012855142684136216
126,22.07.2014,3,2014,True,har_gpr,0.0183810532065276,0.010081053940153142
126,23.07.2014,3,2014,True,har_gpr,0.0183492347124171,0.0099255441687491
126,24.07.2014,3,2014,True,har_gpr,0.0183782854827946,0.010072204520063587
126,25.07.2014,3,2014,True,har_gpr,0.0183125936764987,0.010386539344182516
126,28.07.2014,3,2014,True,har_gpr,0.0185893459875423,0.010800863888586414
126,29.07.2014,3,2014,True,har_gpr,0.0186375072982366,0.013000316032367563
126,30.07.2014,3,2014,True,har_gpr,0.018715692033659,0.012789912667656582
126,31.07.2014,3,2014,True,har_gpr,0.020083475620336,0.013217562366880832
126,01.08.2014,3,2014,True,har_gpr,0.0203623579406307,0.012937021326369433
126,04.08.2014,3,2014,True,har_gpr,0.0210617696564862,0.012917988343780175
126,05.08.2014,3,2014,True,har_gpr,0.0217773619852692,0.013487463308044756
126,06.08.2014,3,2014,True,har_gpr,0.0222024842358083,0.0134093719627676
126,07.08.2014,3,2014,True,har_gpr,0.0222971557101198,0.013156901180243007
126,08.08.2014,3,2014,True,har_gpr,0.0223322827324649,0.013602080745816985
126,11.08.2014,3,2014,True,har_gpr,0.02247689576992,0.012904618701287193
126,12.08.2014,3,2014,True,har_gpr,0.022583828318403,0.011228276403756328
126,13.08.2014,3,2014,True,har_gpr,0.0229326244656368,0.012026435971524443
126,14.08.2014,3,2014,True,har_gpr,0.0228998650272171,0.012366935830783802
126,15.08.2014,3,2014,True,har_gpr,0.0242713069767869,0.013345203363054146
126,18.08.2014,3,2014,True,har_gpr,0.0244048661680212,0.012537929717935301
126,19.08.2014,3,2014,True,har_gpr,0.0244028030280838,0.013712194379589015
126,20.08.2014,3,2014,True,har_gpr,0.0243851753949741,0.013549915828391133
126,21.08.2014,3,2014,True,har_gpr,0.0244276690479891,0.013632912334436238
126,22.08.2014,3,2014,True,har_gpr,0.0244274913834906,0.013001647230776488
126,25.08.2014,3,2014,True,har_gpr,0.0248842302530319,0.012736842104920971
126,26.08.2014,3,2014,True,har_gpr,0.0249595256884533,0.013715677969374751
126,27.08.2014,3,2014,True,har_gpr,0.0252809195136513,0.013655867953449767
126,28.08.2014,3,2014,True,har_gpr,0.0256085091083431,0.01349509105406701
126,29.08.2014,3,2014,True,har_gpr,0.0257176823968388,0.013487849496052631
126,02.09.2014,3,2014,True,har_gpr,0.0256306189754128,0.013636161171482225
126,03.09.2014,3,2014,True,har_gpr,0.0255090101164613,0.013460582370388136
126,04.09.2014,3,2014,True,har_gpr,0.0255158313734646,0.014440611934062136
126,05.09.2014,3,2014,True,har_gpr,0.0255509589737422,0.014145150585559135
126,08.09.2014,3,2014,True,har_gpr,0.0257184508493814,0.014162205305783045
126,09.09.2014,3,2014,True,har_gpr,0.0258070601977882,0.01539412160707541
126,10.09.2014,3,2014,True,har_gpr,0.0258014947468771,0.01526685508347722
126,11.09.2014,3,2014,True,har_gpr,0.0260286737213645,0.014198656277918385
126,12.09.2014,3,2014,True,har_gpr,0.0260745556495032,0.013900279023169463
126,15.09.2014,3,2014,True,har_gpr,0.0260777105450158,0.013796828131450181
126,16.09.2014,3,2014,True,har_gpr,0.0264539856442887,0.014708664246602728
126,17.09.2014,3,2014,True,har_gpr,0.0264064571916292,0.014625747967010263
126,18.09.2014,3,2014,True,har_gpr,0.0264618423763258,0.016567037044645773
126,19.09.2014,3,2014,True,har_gpr,0.0264770427077641,0.01644377593310819
126,22.09.2014,3,2014,True,har_gpr,0.0264772052323862,0.016285375646487556
126,23.09.2014,3,2014,True,har_gpr,0.0266019256544153,0.017527963702218312
126,24.09.2014,3,2014,True,har_gpr,0.0269857484339178,0.017136806360930627
126,25.09.2014,3,2014,True,har_gpr,0.027268028653938,0.016640721306538455
126,26.09.2014,3,2014,True,har_gpr,0.0272660007106323,0.01651112404968362
126,29.09.2014,3,2014,True,har_gpr,0.0273011148686514,0.01639927477632017
126,30.09.2014,3,2014,True,har_gpr,0.0274602715017152,0.014985344231245111
126,01.10.2014,3,2014,True,har_gpr,0.0276302580806063,0.016407033788371404
126,02.10.2014,3,2014,True,har_gpr,0.0281462933713462,0.014996270203483233
126,03.10.2014,3,2014,True,har_gpr,0.0281954511669438,0.015008150970862128
126,06.10.2014,3,2014,True,har_gpr,0.028659736686894,0.015089994689930133
126,07.10.2014,3,2014,True,har_gpr,0.0287266326092424,0.015577501226153524
126,08.10.2014,3,2014,True,har_gpr,0.0288215535087968,0.015210631114690207
126,09.10.2014,3,2014,True,har_gpr,0.0288073921395824,0.015186006669186795
126,10.10.2014,3,2014,True,har_gpr,0.02882378384501,0.015563378656149408
126,13.10.2014,3,2014,True,har_gpr,0.0289760329993471,0.015245043878899075
126,14.10.2014,3,2014,True,har_gpr,0.028741147859365,0.01562903841661757
126,15.10.2014,3,2014,True,har_gpr,0.0290897391921558,0.01808653365550144
126,16.10.2014,3,2014,True,har_gpr,0.0290754357357437,0.01641349277369325
126,17.10.2014,3,2014,True,har_gpr,0.0291261297229604,0.01673817880810895
126,20.10.2014,3,2014,True,har_gpr,0.0291271587452271,0.01639212657210568
126,21.10.2014,3,2014,True,har_gpr,0.0292812324222631,0.01680440410607325
126,22.10.2014,3,2014,True,har_gpr,0.0292588997347338,0.016068586101840344
126,23.10.2014,3,2014,True,har_gpr,0.0291627795478355,0.01644355076862917
126,24.10.2014,3,2014,True,har_gpr,0.0291582270312371,0.01768847000222538
126,27.10.2014,3,2014,True,har_gpr,0.0292160698639878,0.01730904030321844
126,28.10.2014,3,2014,True,har_gpr,0.0292494977106283,0.018412225702851576
126,29.10.2014,3,2014,True,har_gpr,0.0292210689938373,0.018026042228096346
126,30.10.2014,3,2014,True,har_gpr,0.0292127356287998,0.01833017213578025
126,31.10.2014,3,2014,True,har_gpr,0.0292560737202196,0.01797283999839817
126,03.11.2014,3,2014,True,har_gpr,0.0292442691418531,0.017723676094188828
126,04.11.2014,3,2014,True,har_gpr,0.029317464757293,0.01679747092661483
126,05.11.2014,3,2014,True,har_gpr,0.0293158732193978,0.01758539550773798
126,06.11.2014,3,2014,True,har_gpr,0.0293198394820134,0.016731235204586085
126,07.11.2014,3,2014,True,har_gpr,0.0294452439306724,0.016705455498620576
126,10.11.2014,3,2014,True,har_gpr,0.0294290302506607,0.017053964966715487
126,11.11.2014,3,2014,True,har_gpr,0.0294236065885887,0.018234514803171366
126,12.11.2014,3,2014,True,har_gpr,0.0293957625671065,0.016293030791387553
126,13.11.2014,3,2014,True,har_gpr,0.0292768869208117,0.016634109605534183
126,14.11.2014,3,2014,True,har_gpr,0.029426343077446,0.018009486416083784
126,17.11.2014,3,2014,True,har_gpr,0.029403459636084,0.01700990778738571
126,18.11.2014,3,2014,True,har_gpr,0.0294728199228569,0.01668576131876722
126,19.11.2014,3,2014,True,har_gpr,0.0295076725627169,0.016312565316062802
126,20.11.2014,3,2014,True,har_gpr,0.0295455482482627,0.01595899023753937
126,21.11.2014,3,2014,True,har_gpr,0.0295971448054621,0.015465055491710844
126,24.11.2014,3,2014,True,har_gpr,0.0296058255473851,0.015646435159702276
126,25.11.2014,3,2014,True,har_gpr,0.0298860522374695,0.015705296736069286
126,26.11.2014,3,2014,True,har_gpr,0.0298920668382091,0.016179413924716415
126,28.11.2014,3,2014,True,har_gpr,0.0284845476647833,0.015656064475955026
126,01.12.2014,3,2014,True,har_gpr,0.0284097142562959,0.026225244955097492
126,02.12.2014,3,2014,True,har_gpr,0.0284110601686428,0.026505941964788157
126,03.12.2014,3,2014,True,har_gpr,0.02846621831019,0.026479280265070116
126,04.12.2014,3,2014,True,har_gpr,0.028476234648003,0.025907741896731312
126,05.12.2014,3,2014,True,har_gpr,0.0286398537676702,0.02576437532066683
126,08.12.2014,3,2014,True,har_gpr,0.028411904726464,0.02369755191520697
126,09.12.2014,3,2014,True,har_gpr,0.0284092096266748,0.02411984650977338
126,10.12.2014,3,2014,True,har_gpr,0.0282398539959357,0.023643701006123414
126,11.12.2014,3,2014,True,har_gpr,0.0282849064141455,0.025070385074608226
126,12.12.2014,3,2014,True,har_gpr,0.0281645748190137,0.02419390284706272
126,15.12.2014,3,2014,True,har_gpr,0.0281935746114216,0.024688276256426906
126,16.12.2014,3,2014,True,har_gpr,0.0281395012136319,0.0247734129820264
126,17.12.2014,3,2014,True,har_gpr,0.0281958447184672,0.02401330223890504
126,18.12.2014,3,2014,True,har_gpr,0.0281863701420894,0.023436047683202205
126,19.12.2014,3,2014,True,har_gpr,0.0280575391210007,0.02362199140561158
126,22.12.2014,3,2014,True,har_gpr,0.0280266187464696,0.02577530121827283
126,23.12.2014,3,2014,True,har_gpr,0.027936115138294,0.024853364490273606
126,24.12.2014,3,2014,True,har_gpr,0.0278530617040772,0.025673310704471115
126,26.12.2014,3,2014,True,har_gpr,0.0278859180143621,0.025933570688546365
126,29.12.2014,3,2014,True,har_gpr,0.0278659169456861,0.025672728915756737
126,30.12.2014,3,2014,True,har_gpr,0.0279613346748004,0.021735924799457296
126,31.12.2014,3,2014,True,har_gpr,0.0279456370457332,0.019973985175523346
126,02.01.2014,3,2014,True,har_x,0.0079252088137793,0.010359316185668006
126,03.01.2014,3,2014,True,har_x,0.0079089189813748,0.01197398674770173
126,06.01.2014,3,2014,True,har_x,0.0079136877967974,0.011724023197465875
126,07.01.2014,3,2014,True,har_x,0.008072448531585,0.01324279094792507
126,08.01.2014,3,2014,True,har_x,0.0080753253552023,0.01300092652413888
126,09.01.2014,3,2014,True,har_x,0.0080904246935456,0.013113161300681327
126,10.01.2014,3,2014,True,har_x,0.0080589600049483,0.012713404188555837
126,13.01.2014,3,2014,True,har_x,0.0080491140709896,0.012745116737573533
126,14.01.2014,3,2014,True,har_x,0.0081147948768956,0.012051040698917784
126,15.01.2014,3,2014,True,har_x,0.0080995071923888,0.012018803932204941
126,16.01.2014,3,2014,True,har_x,0.0081047542763585,0.011710662431654166
126,17.01.2014,3,2014,True,har_x,0.0081252472949434,0.011224957499682317
126,22.01.2014,3,2014,True,har_x,0.0081020902428428,0.010891726378600652
126,23.01.2014,3,2014,True,har_x,0.0081561188773123,0.011276072481789601
126,24.01.2014,3,2014,True,har_x,0.0081807481354817,0.011411198821728386
126,27.01.2014,3,2014,True,har_x,0.0081209960325021,0.011587420561703731
126,28.01.2014,3,2014,True,har_x,0.0081615507050646,0.013245716927996564
126,29.01.2014,3,2014,True,har_x,0.0081629171858606,0.013176755789059795
126,30.01.2014,3,2014,True,har_x,0.008221486399409,0.0130812941451769
126,31.01.2014,3,2014,True,har_x,0.0081365490146757,0.012609204285603052
126,03.02.2014,3,2014,True,har_x,0.0081590256257639,0.013163944437249329
126,04.02.2014,3,2014,True,har_x,0.008156307714747,0.011547296985696526
126,05.02.2014,3,2014,True,har_x,0.0081790374416177,0.011416169764208735
126,06.02.2014,3,2014,True,har_x,0.0081474282331552,0.011153508784029324
126,07.02.2014,3,2014,True,har_x,0.0079057426958415,0.010916993190154389
126,10.02.2014,3,2014,True,har_x,0.0079940518552484,0.011047205136591493
126,11.02.2014,3,2014,True,har_x,0.0080718942183936,0.01264288166024272
126,12.02.2014,3,2014,True,har_x,0.0082986683796835,0.01243083298827799
126,13.02.2014,3,2014,True,har_x,0.0082986704762226,0.012506979430419757
126,14.02.2014,3,2014,True,har_x,0.0083026306141036,0.01240834873477389
126,19.02.2014,3,2014,True,har_x,0.0081707738223737,0.011797447249598345
126,20.02.2014,3,2014,True,har_x,0.0081993292773381,0.011620502514479903
126,21.02.2014,3,2014,True,har_x,0.0082010374596257,0.01109339001225267
126,24.02.2014,3,2014,True,har_x,0.0081753786062379,0.011259005819840667
126,25.02.2014,3,2014,True,har_x,0.0081374265560371,0.01194298104652259
126,26.02.2014,3,2014,True,har_x,0.0081376800449616,0.012193489358271858
126,27.02.2014,3,2014,True,har_x,0.0081305707922006,0.011885262391031562
126,28.02.2014,3,2014,True,har_x,0.0081315489175781,0.012102442574929408
126,03.03.2014,3,2014,True,har_x,0.0079640559306581,0.011992719481678533
126,04.03.2014,3,2014,True,har_x,0.0081985288496546,0.011168785254241993
126,05.03.2014,3,2014,True,har_x,0.0083968814440847,0.010822960976924652
126,06.03.2014,3,2014,True,har_x,0.0084273203884597,0.010991108669324842
126,07.03.2014,3,2014,True,har_x,0.0084323758661095,0.010678384067507818
126,10.03.2014,3,2014,True,har_x,0.0084176678405398,0.01081182451898879
126,11.03.2014,3,2014,True,har_x,0.0084511231980594,0.01156075577980046
126,12.03.2014,3,2014,True,har_x,0.008496184494221,0.01150063057799806
126,13.03.2014,3,2014,True,har_x,0.0084845334395365,0.011516869440421499
126,14.03.2014,3,2014,True,har_x,0.008458976130403,0.01152058790840024
126,17.03.2014,3,2014,True,har_x,0.0084657788538408,0.011979253717238809
126,18.03.2014,3,2014,True,har_x,0.008353212970812,0.010966431156399364
126,19.03.2014,3,2014,True,har_x,0.0086069084749462,0.011333245414963654
126,20.03.2014,3,2014,True,har_x,0.0086589469190273,0.011035556341984153
126,21.03.2014,3,2014,True,har_x,0.0086744768955752,0.010938983490767275
126,24.03.2014,3,2014,True,har_x,0.0087621107333593,0.010791080864169054
126,25.03.2014,3,2014,True,har_x,0.0087594385788074,0.011443137658136992
126,26.03.2014,3,2014,True,har_x,0.0087603345036558,0.011224171096269397
126,27.03.2014,3,2014,True,har_x,0.0087299394917874,0.011111114087279106
126,28.03.2014,3,2014,True,har_x,0.0087259444161472,0.011301501719820197
126,31.03.2014,3,2014,True,har_x,0.0087278961390166,0.011157519409892323
126,01.04.2014,3,2014,True,har_x,0.0088564444876783,0.010942430052236014
126,02.04.2014,3,2014,True,har_x,0.0088434309399634,0.011578962474595174
126,03.04.2014,3,2014,True,har_x,0.0087786295782492,0.011411758660280064
126,04.04.2014,3,2014,True,har_x,0.0088135174487437,0.011079588179186271
126,07.04.2014,3,2014,True,har_x,0.0088067687142961,0.010887064278698688
126,08.04.2014,3,2014,True,har_x,0.0086682375102638,0.01167294433915885
126,09.04.2014,3,2014,True,har_x,0.008680815994564,0.011941430372498995
126,10.04.2014,3,2014,True,har_x,0.0087564392804445,0.011507242875646707
126,11.04.2014,3,2014,True,har_x,0.0087610024075224,0.011605481742107742
126,14.04.2014,3,2014,True,har_x,0.0086996585849359,0.011397439034007605
126,15.04.2014,3,2014,True,har_x,0.0094929044200846,0.010659452963703627
126,16.04.2014,3,2014,True,har_x,0.0095601776053032,0.010338367739138259
126,17.04.2014,3,2014,True,har_x,0.0095722300023082,0.01034855900472979
126,21.04.2014,3,2014,True,har_x,0.0095611918750106,0.0104524499087966
126,22.04.2014,3,2014,True,har_x,0.0096153986513947,0.011942734787028435
126,23.04.2014,3,2014,True,har_x,0.0096698759675798,0.012132148511630803
126,24.04.2014,3,2014,True,har_x,0.0097005904371331,0.011913545014607292
126,25.04.2014,3,2014,True,har_x,0.0099806032526384,0.012113661650775594
126,28.04.2014,3,2014,True,har_x,0.0099424680918687,0.012254943043746757
126,29.04.2014,3,2014,True,har_x,0.0099050563310044,0.010586631832783737
126,30.04.2014,3,2014,True,har_x,0.0098948741852763,0.010544189055646608
126,01.05.2014,3,2014,True,har_x,0.0099771413792684,0.010580046954698628
126,02.05.2014,3,2014,True,har_x,0.0099697299544915,0.01004897827962389
126,05.05.2014,3,2014,True,har_x,0.0099568672763966,0.0099255441687491
126,06.05.2014,3,2014,True,har_x,0.0099964317454296,0.011392144152008132
126,07.05.2014,3,2014,True,har_x,0.0101220544715068,0.011092766489579405
126,08.05.2014,3,2014,True,har_x,0.0101267496383727,0.01107357085981013
126,09.05.2014,3,2014,True,har_x,0.010126955729656,0.010826090887121076
126,12.05.2014,3,2014,True,har_x,0.0101364637817792,0.010619995020440589
126,13.05.2014,3,2014,True,har_x,0.0101422170416158,0.010701220506308605
126,14.05.2014,3,2014,True,har_x,0.0101082480421515,0.010757157243556244
126,15.05.2014,3,2014,True,har_x,0.0101710744722501,0.01072529967368589
126,16.05.2014,3,2014,True,har_x,0.0104819970637204,0.010306577430180508
126,19.05.2014,3,2014,True,har_x,0.0104643193769868,0.01005741973452025
126,20.05.2014,3,2014,True,har_x,0.0106467570008355,0.011453830457312379
126,21.05.2014,3,2014,True,har_x,0.0106297127111351,0.011423960437387312
126,22.05.2014,3,2014,True,har_x,0.0106308237386176,0.011580563983892801
126,23.05.2014,3,2014,True,har_x,0.0107493592472959,0.011327518750589972
126,27.05.2014,3,2014,True,har_x,0.0108362619278828,0.011257622101196118
126,28.05.2014,3,2014,True,har_x,0.0108493112211205,0.010449291262177874
126,29.05.2014,3,2014,True,har_x,0.0109201409624939,0.01036010273140922
126,30.05.2014,3,2014,True,har_x,0.0109262193786736,0.010097210541383721
126,02.06.2014,3,2014,True,har_x,0.0141055511479636,0.010205550462412942
126,03.06.2014,3,2014,True,har_x,0.0144826614556004,0.0099255441687491
126,04.06.2014,3,2014,True,har_x,0.0146493554196168,0.0099255441687491
126,05.06.2014,3,2014,True,har_x,0.0146436521810522,0.0099255441687491
126,06.06.2014,3,2014,True,har_x,0.0146427720928209,0.0099255441687491
126,09.06.2014,3,2014,True,har_x,0.014576415149215,0.0099255441687491
126,10.06.2014,3,2014,True,har_x,0.0149826775159915,0.010358340645341189
126,11.06.2014,3,2014,True,har_x,0.0150164543714288,0.010256263373368605
126,12.06.2014,3,2014,True,har_x,0.0150826029453182,0.010196834676760701
126,13.06.2014,3,2014,True,har_x,0.0150704533521479,0.012609462689681777
126,16.06.2014,3,2014,True,har_x,0.0152261546764316,0.01227653998965059
126,17.06.2014,3,2014,True,har_x,0.0152304961011622,0.012375561293507873
126,18.06.2014,3,2014,True,har_x,0.0152495095518849,0.011542764122110267
126,19.06.2014,3,2014,True,har_x,0.0152153545063404,0.011589292921366033
126,20.06.2014,3,2014,True,har_x,0.0152164793465544,0.011653902502854273
126,23.06.2014,3,2014,True,har_x,0.015632532154163,0.0118863949572109
126,24.06.2014,3,2014,True,har_x,0.0156807320286769,0.010875321384247572
126,25.06.2014,3,2014,True,har_x,0.0159227903983976,0.010769995669475094
126,26.06.2014,3,2014,True,har_x,0.016010741071471,0.010694705500965355
126,27.06.2014,3,2014,True,har_x,0.0160187140181209,0.010450103990085445
126,30.06.2014,3,2014,True,har_x,0.0161320563823392,0.010147355507430561
126,01.07.2014,3,2014,True,har_x,0.0161345166175716,0.010883412719004181
126,02.07.2014,3,2014,True,har_x,0.0161356005326523,0.010617527418874383
126,03.07.2014,3,2014,True,har_x,0.0161614113473736,0.0106710444513022
126,07.07.2014,3,2014,True,har_x,0.0168898835965722,0.010439317520158921
126,08.07.2014,3,2014,True,har_x,0.0171326344407693,0.01057011391293775
126,09.07.2014,3,2014,True,har_x,0.017143932130536,0.010661587873758554
126,10.07.2014,3,2014,True,har_x,0.0171237144710392,0.010550749339305523
126,11.07.2014,3,2014,True,har_x,0.0171135675588126,0.010602395612103776
126,14.07.2014,3,2014,True,har_x,0.0176408282729368,0.011119772082580822
126,15.07.2014,3,2014,True,har_x,0.0176687187351078,0.011002560896790753
126,16.07.2014,3,2014,True,har_x,0.0182304991055793,0.011054148258678637
126,17.07.2014,3,2014,True,har_x,0.0182676449586554,0.010519855794209831
126,18.07.2014,3,2014,True,har_x,0.0182035953079765,0.010842301656482506
126,21.07.2014,3,2014,True,har_x,0.0182146922801515,0.010853059218763395
126,22.07.2014,3,2014,True,har_x,0.0183810532065276,0.0099255441687491
126,23.07.2014,3,2014,True,har_x,0.0183492347124171,0.0099255441687491
126,24.07.2014,3,2014,True,har_x,0.0183782854827946,0.0099255441687491
126,25.07.2014,3,2014,True,har_x,0.0183125936764987,0.0099255441687491
126,28.07.2014,3,2014,True,har_x,0.0185893459875423,0.0099255441687491
126,29.07.2014,3,2014,True,har_x,0.0186375072982366,0.010122951680766778
126,30.07.2014,3,2014,True,har_x,0.018715692033659,0.010161564179703635
126,31.07.2014,3,2014,True,har_x,0.020083475620336,0.010486953173553814
126,01.08.2014,3,2014,True,har_x,0.0203623579406307,0.010968430475725831
126,04.08.2014,3,2014,True,har_x,0.0210617696564862,0.011216178072720483
126,05.08.2014,3,2014,True,har_x,0.0217773619852692,0.011464062099377146
126,06.08.2014,3,2014,True,har_x,0.0222024842358083,0.011542068856439195
126,07.08.2014,3,2014,True,har_x,0.0222971557101198,0.01128917019268264
126,08.08.2014,3,2014,True,har_x,0.0223322827324649,0.011504572818193086
126,11.08.2014,3,2014,True,har_x,0.02247689576992,0.011337843971519495
126,12.08.2014,3,2014,True,har_x,0.022583828318403,0.0099255441687491
126,13.08.2014,3,2014,True,har_x,0.0229326244656368,0.0099255441687491
126,14.08.2014,3,2014,True,har_x,0.0228998650272171,0.0099255441687491
126,15.08.2014,3,2014,True,har_x,0.0242713069767869,0.010332542296593673
126,18.08.2014,3,2014,True,har_x,0.0244048661680212,0.01020173904530693
126,19.08.2014,3,2014,True,har_x,0.0244028030280838,0.011338594013670593
126,20.08.2014,3,2014,True,har_x,0.0243851753949741,0.011202120923775524
126,21.08.2014,3,2014,True,har_x,0.0244276690479891,0.010753917207650052
126,22.08.2014,3,2014,True,har_x,0.0244274913834906,0.010236517318175693
126,25.08.2014,3,2014,True,har_x,0.0248842302530319,0.009934909128734095
126,26.08.2014,3,2014,True,har_x,0.0249595256884533,0.011121726742976127
126,27.08.2014,3,2014,True,har_x,0.0252809195136513,0.010999105265384411
126,28.08.2014,3,2014,True,har_x,0.0256085091083431,0.01089070950021662
126,29.08.2014,3,2014,True,har_x,0.0257176823968388,0.010912396187034342
126,02.09.2014,3,2014,True,har_x,0.0256306189754128,0.011071682207440977
126,03.09.2014,3,2014,True,har_x,0.0255090101164613,0.01032365005236877
126,04.09.2014,3,2014,True,har_x,0.0255158313734646,0.010537706930466292
126,05.09.2014,3,2014,True,har_x,0.0255509589737422,0.010469288645811651
126,08.09.2014,3,2014,True,har_x,0.0257184508493814,0.01032912632256014
126,09.09.2014,3,2014,True,har_x,0.0258070601977882,0.012149776824868971
126,10.09.2014,3,2014,True,har_x,0.0258014947468771,0.01184449321996594
126,11.09.2014,3,2014,True,har_x,0.0260286737213645,0.011794045459687182
126,12.09.2014,3,2014,True,har_x,0.0260745556495032,0.011704010511019344
126,15.09.2014,3,2014,True,har_x,0.0260777105450158,0.011417776551945199
126,16.09.2014,3,2014,True,har_x,0.0264539856442887,0.012385297427065551
126,17.09.2014,3,2014,True,har_x,0.0264064571916292,0.01185674821023484
126,18.09.2014,3,2014,True,har_x,0.0264618423763258,0.012668587871271281
126,19.09.2014,3,2014,True,har_x,0.0264770427077641,0.012451260118024925
126,22.09.2014,3,2014,True,har_x,0.0264772052323862,0.01217869380413122
126,23.09.2014,3,2014,True,har_x,0.0266019256544153,0.013479036294253666
126,24.09.2014,3,2014,True,har_x,0.0269857484339178,0.013519543735218662
126,25.09.2014,3,2014,True,har_x,0.027268028653938,0.012990935499398015
126,26.09.2014,3,2014,True,har_x,0.0272660007106323,0.013043731650447327
126,29.09.2014,3,2014,True,har_x,0.0273011148686514,0.012755968672857785
126,30.09.2014,3,2014,True,har_x,0.0274602715017152,0.011990191781477604
126,01.10.2014,3,2014,True,har_x,0.0276302580806063,0.01333077835258074
126,02.10.2014,3,2014,True,har_x,0.0281462933713462,0.013167021285082134
126,03.10.2014,3,2014,True,har_x,0.0281954511669438,0.01355861076336869
126,06.10.2014,3,2014,True,har_x,0.028659736686894,0.013933099376658032
126,07.10.2014,3,2014,True,har_x,0.0287266326092424,0.014426458221889123
126,08.10.2014,3,2014,True,har_x,0.0288215535087968,0.014495321826923485
126,09.10.2014,3,2014,True,har_x,0.0288073921395824,0.014573129618972462
126,10.10.2014,3,2014,True,har_x,0.02882378384501,0.015643344047755532
126,13.10.2014,3,2014,True,har_x,0.0289760329993471,0.01628562858429614
126,14.10.2014,3,2014,True,har_x,0.028741147859365,0.01697639432736647
126,15.10.2014,3,2014,True,har_x,0.0290897391921558,0.019603892268775513
126,16.10.2014,3,2014,True,har_x,0.0290754357357437,0.018641970185649906
126,17.10.2014,3,2014,True,har_x,0.0291261297229604,0.017808692956244144
126,20.10.2014,3,2014,True,har_x,0.0291271587452271,0.016567529118094063
126,21.10.2014,3,2014,True,har_x,0.0292812324222631,0.015924452123776557
126,22.10.2014,3,2014,True,har_x,0.0292588997347338,0.014782775839874756
126,23.10.2014,3,2014,True,har_x,0.0291627795478355,0.016282741887516473
126,24.10.2014,3,2014,True,har_x,0.0291582270312371,0.01701748484003402
126,27.10.2014,3,2014,True,har_x,0.0292160698639878,0.016563709235573494
126,28.10.2014,3,2014,True,har_x,0.0292494977106283,0.018113948957034144
126,29.10.2014,3,2014,True,har_x,0.0292210689938373,0.01717102318533552
126,30.10.2014,3,2014,True,har_x,0.0292127356287998,0.016868712984179933
126,31.10.2014,3,2014,True,har_x,0.0292560737202196,0.017281793253435207
126,03.11.2014,3,2014,True,har_x,0.0292442691418531,0.017184926160808366
126,04.11.2014,3,2014,True,har_x,0.029317464757293,0.016697376580644643
126,05.11.2014,3,2014,True,har_x,0.0293158732193978,0.017483431695453702
126,06.11.2014,3,2014,True,har_x,0.0293198394820134,0.01634861090878205
126,07.11.2014,3,2014,True,har_x,0.0294452439306724,0.015961771189964176
126,10.11.2014,3,2014,True,har_x,0.0294290302506607,0.015792046783478515
126,11.11.2014,3,2014,True,har_x,0.0294236065885887,0.017218622974960882
126,12.11.2014,3,2014,True,har_x,0.0293957625671065,0.016856685844507443
126,13.11.2014,3,2014,True,har_x,0.0292768869208117,0.017005210324537393
126,14.11.2014,3,2014,True,har_x,0.029426343077446,0.018371764008198666
126,17.11.2014,3,2014,True,har_x,0.029403459636084,0.01773881326236471
126,18.11.2014,3,2014,True,har_x,0.0294728199228569,0.01753168257970648
126,19.11.2014,3,2014,True,har_x,0.0295076725627169,0.016898839989895668
126,20.11.2014,3,2014,True,har_x,0.0295455482482627,0.016749468708521616
126,21.11.2014,3,2014,True,har_x,0.0295971448054621,0.01694070509656352
126,24.11.2014,3,2014,True,har_x,0.0296058255473851,0.017401564674140522
126,25.11.2014,3,2014,True,har_x,0.0298860522374695,0.01803118896466123
126,26.11.2014,3,2014,True,har_x,0.0298920668382091,0.018694154734845793
126,28.11.2014,3,2014,True,har_x,0.0284845476647833,0.017948740134028286
126,01.12.2014,3,2014,True,har_x,0.0284097142562959,0.02134727691335323
126,02.12.2014,3,2014,True,har_x,0.0284110601686428,0.02132462186053159
126,03.12.2014,3,2014,True,har_x,0.02846621831019,0.021636476120657912
126,04.12.2014,3,2014,True,har_x,0.028476234648003,0.02040361075153076
126,05.12.2014,3,2014,True,har_x,0.0286398537676702,0.020035702918994282
126,08.12.2014,3,2014,True,har_x,0.028411904726464,0.018890821791146647
126,09.12.2014,3,2014,True,har_x,0.0284092096266748,0.021245262008498543
126,10.12.2014,3,2014,True,har_x,0.0282398539959357,0.02034174445439125
126,11.12.2014,3,2014,True,har_x,0.0282849064141455,0.022383896707911487
126,12.12.2014,3,2014,True,har_x,0.0281645748190137,0.02284149002141387
126,15.12.2014,3,2014,True,har_x,0.0281935746114216,0.024981405937274763
126,16.12.2014,3,2014,True,har_x,0.0281395012136319,0.028074031094917556
126,17.12.2014,3,2014,True,har_x,0.0281958447184672,0.027297792024968667
126,18.12.2014,3,2014,True,har_x,0.0281863701420894,0.027288849741801194
126,19.12.2014,3,2014,True,har_x,0.0280575391210007,0.027684805269351916
126,22.12.2014,3,2014,True,har_x,0.0280266187464696,0.027550997992888335
126,23.12.2014,3,2014,True,har_x,0.027936115138294,0.02698503773283254
126,24.12.2014,3,2014,True,har_x,0.0278530617040772,0.02685807386319975
126,26.12.2014,3,2014,True,har_x,0.0278859180143621,0.02726343285008749
126,29.12.2014,3,2014,True,har_x,0.0278659169456861,0.02701389001547301
126,30.12.2014,3,2014,True,har_x,0.0279613346748004,0.026174749898416665
126,31.12.2014,3,2014,True,har_x,0.0279456370457332,0.02465893518107195
5,02.01.2015,4,2015,True,har,0.0256324604709535,0.017889876233632234
5,05.01.2015,4,2015,True,har,0.0237099328972966,0.0180448992788751
5,06.01.2015,4,2015,True,har,0.0219702012622379,0.021733551454797953
5,07.01.2015,4,2015,True,har,0.035690152847473,0.02175136436333474
5,08.01.2015,4,2015,True,har,0.0357931319329843,0.020278549923741028
5,09.01.2015,4,2015,True,har,0.0362029965956416,0.01993684640513593
5,12.01.2015,4,2015,True,har,0.0260921595772801,0.019547113567344426
5,13.01.2015,4,2015,True,har,0.0243411557547239,0.022094163176124393
5,14.01.2015,4,2015,True,har,0.0162347958055504,0.02096878539504713
5,15.01.2015,4,2015,True,har,0.0115263173711757,0.02471998252657594
5,16.01.2015,4,2015,True,har,0.0140426734941443,0.02418756569641305
5,20.01.2015,4,2015,True,har,0.0188343563666764,0.023719532124685243
5,21.01.2015,4,2015,True,har,0.020504651951271,0.02389688989814822
5,22.01.2015,4,2015,True,har,0.0209196239238202,0.023353340575518116
5,23.01.2015,4,2015,True,har,0.039075358548038,0.022842471372535776
5,26.01.2015,4,2015,True,har,0.0356388219493405,0.021674502406646076
5,27.01.2015,4,2015,True,har,0.03824889231551,0.021771367729209366
5,28.01.2015,4,2015,True,har,0.0550850088060295,0.023613591747027467
5,29.01.2015,4,2015,True,har,0.0555366969081513,0.023392251116891333
5,30.01.2015,4,2015,True,har,0.0488529794627829,0.023510605353384565
5,02.02.2015,4,2015,True,har,0.0481363447978713,0.030304323404673515
5,03.02.2015,4,2015,True,har,0.04444235194941,0.029906788055405437
5,04.02.2015,4,2015,True,har,0.0337316874239053,0.02997603042684455
5,05.02.2015,4,2015,True,har,0.0335037591385917,0.03262020496532883
5,06.02.2015,4,2015,True,har,0.0318856525401944,0.03300601004295455
5,09.02.2015,4,2015,True,har,0.050955628500745,0.03243666646397615
5,10.02.2015,4,2015,True,har,0.0507761055698392,0.03179264432433696
5,11.02.2015,4,2015,True,har,0.0459314235160729,0.030903024921260642
5,12.02.2015,4,2015,True,har,0.04442096747834,0.031236090146605323
5,13.02.2015,4,2015,True,har,0.0469008356847877,0.03143909164410413
5,17.02.2015,4,2015,True,har,0.0139319369185325,0.029964771182485507
5,18.02.2015,4,2015,True,har,0.0269749277040115,0.03550600767618265
5,19.02.2015,4,2015,True,har,0.0300850849357802,0.03532036434023787
5,20.02.2015,4,2015,True,har,0.0354589876891727,0.034649102740909564
5,23.02.2015,4,2015,True,har,0.0426910665170011,0.034312964023728895
5,24.02.2015,4,2015,True,har,0.0435560042989139,0.03544827281919255
5,25.02.2015,4,2015,True,har,0.0369374277502437,0.03417788781505466
5,26.02.2015,4,2015,True,har,0.0347730361976785,0.036154688418270256
5,27.02.2015,4,2015,True,har,0.0267626422919022,0.03575960793408707
5,02.03.2015,4,2015,True,har,0.0171248516336096,0.03670263860879325
5,03.03.2015,4,2015,True,har,0.0138811945818251,0.03653219487355653
5,04.03.2015,4,2015,True,har,0.0214704225760301,0.035740496247756603
5,05.03.2015,4,2015,True,har,0.0209609787275933,0.033785032175812246
5,06.03.2015,4,2015,True,har,0.0253233574115873,0.03066447669237316
5,09.03.2015,4,2015,True,har,0.025410060710523,0.02998049034914624
5,10.03.2015,4,2015,True,har,0.0238188182612589,0.030033489694200378
5,11.03.2015,4,2015,True,har,0.0329263520752349,0.03115832952831936
5,12.03.2015,4,2015,True,har,0.0342967497509831,0.030487665468863997
5,13.03.2015,4,2015,True,har,0.0297120037952288,0.02953588990506552
5,16.03.2015,4,2015,True,har,0.0262018860294126,0.030493107815235277
5,17.03.2015,4,2015,True,har,0.0281907633015347,0.030204570343071675
5,18.03.2015,4,2015,True,har,0.0217625862708179,0.023698865661604913
5,19.03.2015,4,2015,True,har,0.0222821592960103,0.026478198274276155
5,20.03.2015,4,2015,True,har,0.0366289211337475,0.02643026744887065
5,23.03.2015,4,2015,True,har,0.0364771147192442,0.026386803603468664
5,24.03.2015,4,2015,True,har,0.0373060290771373,0.026075282587673415
5,25.03.2015,4,2015,True,har,0.0393652125811183,0.026307249354952725
5,26.03.2015,4,2015,True,har,0.0331436048461316,0.024883550161443575
5,27.03.2015,4,2015,True,har,0.0392174688980278,0.026874214837468463
5,30.03.2015,4,2015,True,har,0.0391498813599638,0.027251695462063935
5,31.03.2015,4,2015,True,har,0.0499536303670163,0.024541086942941933
5,01.04.2015,4,2015,True,har,0.0475643232592402,0.024607721360625487
5,02.04.2015,4,2015,True,har,0.0435139923101517,0.026204105421880695
5,06.04.2015,4,2015,True,har,0.0352252913662563,0.02703494958352037
5,07.04.2015,4,2015,True,har,0.034400923092164,0.029965498442948574
5,08.04.2015,4,2015,True,har,0.0120242732788082,0.02894548545036877
5,09.04.2015,4,2015,True,har,0.0136747919999582,0.03183739140537032
5,10.04.2015,4,2015,True,har,0.0213436423200876,0.030681159703127767
5,13.04.2015,4,2015,True,har,0.0215584855199947,0.030996000136708134
5,14.04.2015,4,2015,True,har,0.0282142015573121,0.029017779731501527
5,15.04.2015,4,2015,True,har,0.0260125923900212,0.028739205082531347
5,16.04.2015,4,2015,True,har,0.0278649717260549,0.029300580149637816
5,17.04.2015,4,2015,True,har,0.0198220423973258,0.02751433964233906
5,20.04.2015,4,2015,True,har,0.0205463118864805,0.02938674334426015
5,21.04.2015,4,2015,True,har,0.0157062747468119,0.02818099521016764
5,22.04.2015,4,2015,True,har,0.0163929237085128,0.029340535141297603
5,23.04.2015,4,2015,True,har,0.0108100917999441,0.02875921459312846
5,24.04.2015,4,2015,True,har,0.011775541487395,0.029602034480954772
5,27.04.2015,4,2015,True,har,0.0105969556696399,0.027674411468002803
5,28.04.2015,4,2015,True,har,0.0104588015581745,0.025734804118844386
5,29.04.2015,4,2015,True,har,0.0090268523675964,0.025553157258098362
5,30.04.2015,4,2015,True,har,0.0183109492371982,0.025388031272567956
5,01.05.2015,4,2015,True,har,0.0183092357322812,0.024635244253242157
5,04.05.2015,4,2015,True,har,0.0182886436916197,0.02278473395221747
5,05.05.2015,4,2015,True,har,0.0226357020994027,0.020674495703948362
5,06.05.2015,4,2015,True,har,0.0224443225482136,0.021041059831796147
5,07.05.2015,4,2015,True,har,0.0149712846762452,0.015364253238069144
5,08.05.2015,4,2015,True,har,0.0148150855497434,0.018315392291387338
5,11.05.2015,4,2015,True,har,0.014335682385094,0.01736261944227062
5,12.05.2015,4,2015,True,har,0.0145624396136956,0.017659084362971735
5,13.05.2015,4,2015,True,har,0.0181912320625137,0.01888655406923968
5,14.05.2015,4,2015,True,har,0.0222791891535873,0.017484369937729116
5,15.05.2015,4,2015,True,har,0.0236325686731577,0.017459955351986516
5,18.05.2015,4,2015,True,har,0.0256193444767971,0.01481311086998787
5,19.05.2015,4,2015,True,har,0.0236834986632334,0.014961747677782149
5,20.05.2015,4,2015,True,har,0.0221734166133576,0.016696009440855815
5,21.05.2015,4,2015,True,har,0.0310433554449813,0.016461336382373928
5,22.05.2015,4,2015,True,har,0.0303375838904208,0.016018374810203774
5,26.05.2015,4,2015,True,har,0.0272794040882373,0.016314168023539175
5,27.05.2015,4,2015,True,har,0.0272057536528595,0.01727928361864351
5,28.05.2015,4,2015,True,har,0.0309026919761238,0.01799431885131398
5,29.05.2015,4,2015,True,har,0.0214747476859794,0.017159825999487833
5,01.06.2015,4,2015,True,har,0.0214528914474596,0.0205370943244494
5,02.06.2015,4,2015,True,har,0.0280655053453147,0.019725105929270067
5,03.06.2015,4,2015,True,har,0.0248505060406258,0.019745717249431406
5,04.06.2015,4,2015,True,har,0.0191215942783303,0.020429701007918317
5,05.06.2015,4,2015,True,har,0.021617404878379,0.021087832222714924
5,08.06.2015,4,2015,True,har,0.0233697199472905,0.020351544931173967
5,09.06.2015,4,2015,True,har,0.013754967558292,0.020156694596528357
5,10.06.2015,4,2015,True,har,0.0163780993520989,0.022035344665981837
5,11.06.2015,4,2015,True,har,0.0169832352391422,0.020755557545906366
5,12.06.2015,4,2015,True,har,0.0170462681085975,0.020615662269687578
5,15.06.2015,4,2015,True,har,0.014141989691447,0.021201060720810672
5,16.06.2015,4,2015,True,har,0.0155278360488128,0.021528464432386346
5,17.06.2015,4,2015,True,har,0.0155104107415992,0.020869810221868852
5,18.06.2015,4,2015,True,har,0.0149831674405036,0.020778393245178106
5,19.06.2015,4,2015,True,har,0.0119545924576755,0.020257043619268937
5,22.06.2015,4,2015,True,har,0.0146383051866468,0.0203019146896049
5,23.06.2015,4,2015,True,har,0.0176234563108548,0.019706380964210356
5,24.06.2015,4,2015,True,har,0.019843178961129,0.019722730259661373
5,25.06.2015,4,2015,True,har,0.0200071935504995,0.019161323230844622
5,26.06.2015,4,2015,True,har,0.044301394268563,0.018869763527415602
5,29.06.2015,4,2015,True,har,0.0460839298578936,0.016211738537173042
5,30.06.2015,4,2015,True,har,0.0419169630374397,0.017030748878875443
5,01.07.2015,4,2015,True,har,0.0470174029661122,0.017926645583757
5,02.07.2015,4,2015,True,har,0.0470900195855053,0.0179162266514785
5,06.07.2015,4,2015,True,har,0.0149765261824911,0.016443814882986706
5,07.07.2015,4,2015,True,har,0.0152907940708799,0.02657682283646564
5,08.07.2015,4,2015,True,har,0.0207793578712462,0.024563001654818485
5,09.07.2015,4,2015,True,har,0.0157484298743601,0.02318548797642914
5,10.07.2015,4,2015,True,har,0.0155966014601796,0.024477241368027723
5,13.07.2015,4,2015,True,har,0.0156218575300341,0.02391097963532065
5,14.07.2015,4,2015,True,har,0.0146025390223411,0.023503168090063805
5,15.07.2015,4,2015,True,har,0.0117223339365439,0.023412356317448344
5,16.07.2015,4,2015,True,har,0.0107325324277688,0.02421248532437115
5,17.07.2015,4,2015,True,har,0.009760768288441,0.023339540782552976
5,20.07.2015,4,2015,True,har,0.0108324801173805,0.02306312332932409
5,21.07.2015,4,2015,True,har,0.0067106149912624,0.023344050646386543
5,22.07.2015,4,2015,True,har,0.0092040122798876,0.023154551808139405
5,23.07.2015,4,2015,True,har,0.0093024420493415,0.02294338344761415
5,24.07.2015,4,2015,True,har,0.0111172041096776,0.022914164366551155
5,27.07.2015,4,2015,True,har,0.0227433139038055,0.022820799426169863
5,28.07.2015,4,2015,True,har,0.0250197727347232,0.023157510711232922
5,29.07.2015,4,2015,True,har,0.0239977957142511,0.02253610817804064
5,30.07.2015,4,2015,True,har,0.0239838059698278,0.02166642490749471
5,31.07.2015,4,2015,True,har,0.0238591688313478,0.021448502901839774
5,03.08.2015,4,2015,True,har,0.0209665566156928,0.022028854004957157
5,04.08.2015,4,2015,True,har,0.0239241181411546,0.017546416024164357
5,05.08.2015,4,2015,True,har,0.0243527390966834,0.016678433113153795
5,06.08.2015,4,2015,True,har,0.0247105547316162,0.016496602658029068
5,07.08.2015,4,2015,True,har,0.0229454983395183,0.014806033189338553
5,10.08.2015,4,2015,True,har,0.0126947152549651,0.015178282237751407
5,11.08.2015,4,2015,True,har,0.0070235191928925,0.018014803702856397
5,12.08.2015,4,2015,True,har,0.0138146815788231,0.0176985870449194
5,13.08.2015,4,2015,True,har,0.0137964696950116,0.017347214456748975
5,14.08.2015,4,2015,True,har,0.0143813154659793,0.017056752014202738
5,17.08.2015,4,2015,True,har,0.0228478108212522,0.016841267997054165
5,18.08.2015,4,2015,True,har,0.0277442661019926,0.016542436577870245
5,19.08.2015,4,2015,True,har,0.0286422967785792,0.01629881680635668
5,20.08.2015,4,2015,True,har,0.0595212869071238,0.01789811590289983
5,21.08.2015,4,2015,True,har,0.0599365592374193,0.01730002049476899
5,24.08.2015,4,2015,True,har,0.0423018942970677,0.017940640802992756
5,25.08.2015,4,2015,True,har,0.0748427339383884,0.021791154602080844
5,26.08.2015,4,2015,True,har,0.0734054059766548,0.02110776030306696
5,27.08.2015,4,2015,True,har,0.0636532956525325,0.020810203119074354
5,28.08.2015,4,2015,True,har,0.0609304330814699,0.03226436663305163
5,31.08.2015,4,2015,True,har,0.0420472217953078,0.032850926597272706
5,01.09.2015,4,2015,True,har,0.0228528302740681,0.03498120724191583
5,02.09.2015,4,2015,True,har,0.0254762636544343,0.04019590970406671
5,03.09.2015,4,2015,True,har,0.0250184536375166,0.03861602984989003
5,04.09.2015,4,2015,True,har,0.0276951568365916,0.03805306382529039
5,08.09.2015,4,2015,True,har,0.028658307875335,0.03848696859360202
5,09.09.2015,4,2015,True,har,0.0241173305141204,0.03698134414813924
5,10.09.2015,4,2015,True,har,0.0329282281824889,0.03799575221299883
5,11.09.2015,4,2015,True,har,0.0359661995029729,0.03807788180360383
5,14.09.2015,4,2015,True,har,0.0321806882195054,0.03785822007306634
5,15.09.2015,4,2015,True,har,0.0322897516018268,0.03905659655767002
5,16.09.2015,4,2015,True,har,0.0365127863093366,0.03833431081680573
5,17.09.2015,4,2015,True,har,0.0264093740818774,0.03811854630252514
5,18.09.2015,4,2015,True,har,0.0207104675081556,0.04025498471361079
5,21.09.2015,4,2015,True,har,0.0186782560954445,0.04036362032879212
5,22.09.2015,4,2015,True,har,0.0217157040832666,0.040217316002733663
5,23.09.2015,4,2015,True,har,0.0170858357909941,0.037334618290297515
5,24.09.2015,4,2015,True,har,0.0180602470895764,0.03853796553656283
5,25.09.2015,4,2015,True,har,0.0181054328961381,0.03786637518808204
5,28.09.2015,4,2015,True,har,0.0146319874282707,0.03311680202501599
5,29.09.2015,4,2015,True,har,0.0251129105604105,0.032320336531959315
5,30.09.2015,4,2015,True,har,0.027505849689142,0.02818728602478176
5,01.10.2015,4,2015,True,har,0.0242317943864377,0.02223261783773029
5,02.10.2015,4,2015,True,har,0.0272913695069112,0.022274120035177883
5,05.10.2015,4,2015,True,har,0.041820114421386,0.02224432159917619
5,06.10.2015,4,2015,True,har,0.0309577710969731,0.022687127205568654
5,07.10.2015,4,2015,True,har,0.0311902730453628,0.025812418633328255
5,08.10.2015,4,2015,True,har,0.0212462827990388,0.023539086081286877
5,09.10.2015,4,2015,True,har,0.0224063505831055,0.024244391346357978
5,12.10.2015,4,2015,True,har,0.0054337131806734,0.023485935170029216
5,13.10.2015,4,2015,True,har,0.004220794475249,0.026271844374159845
5,14.10.2015,4,2015,True,har,0.0081384612548149,0.02522648440951525
5,15.10.2015,4,2015,True,har,0.0089006045996093,0.024980933481165264
5,16.10.2015,4,2015,True,har,0.0087648090396476,0.022983506880748666
5,19.10.2015,4,2015,True,har,0.0091885382673876,0.021808819805064925
5,20.10.2015,4,2015,True,har,0.0094264345885947,0.020733978624673865
5,21.10.2015,4,2015,True,har,0.0245812960131699,0.02069309034709141
5,22.10.2015,4,2015,True,har,0.0249929535317697,0.020745553875411014
5,23.10.2015,4,2015,True,har,0.0253516778415059,0.02039501461742065
5,26.10.2015,4,2015,True,har,0.0264565765868013,0.02024242272641663
5,27.10.2015,4,2015,True,har,0.0262740103167148,0.01985790252637299
5,28.10.2015,4,2015,True,har,0.0287135649929258,0.01985955162435294
5,29.10.2015,4,2015,True,har,0.0291003405430691,0.022990916365186402
5,30.10.2015,4,2015,True,har,0.0271758036693227,0.021821783004976256
5,02.11.2015,4,2015,True,har,0.0269251474495036,0.022202345514833927
5,03.11.2015,4,2015,True,har,0.0166352628862902,0.022009795966992148
5,04.11.2015,4,2015,True,har,0.0148063166333724,0.02100423273882839
5,05.11.2015,4,2015,True,har,0.0192095984549435,0.02239866468860926
5,06.11.2015,4,2015,True,har,0.0193223943154177,0.0205416832912868
5,09.11.2015,4,2015,True,har,0.0200412623821603,0.020523334096836952
5,10.11.2015,4,2015,True,har,0.0186892836169339,0.017680089264825012
5,11.11.2015,4,2015,True,har,0.0194688287305394,0.01743155025089808
5,12.11.2015,4,2015,True,har,0.0082793695779768,0.0192627519535344
5,13.11.2015,4,2015,True,har,0.0065924981734006,0.02065938214895524
5,16.11.2015,4,2015,True,har,0.0059386914552839,0.01996022993488796
5,17.11.2015,4,2015,True,har,0.0107092142299232,0.019756739558492994
5,18.11.2015,4,2015,True,har,0.0115504932106102,0.019689515277388624
5,19.11.2015,4,2015,True,har,0.0207305425331019,0.02015994193763358
5,20.11.2015,4,2015,True,har,0.0204932448697719,0.019590492219772423
5,23.11.2015,4,2015,True,har,0.0204023095875599,0.02000479215104684
5,24.11.2015,4,2015,True,har,0.0196521417320975,0.019833958403476726
5,25.11.2015,4,2015,True,har,0.0288518804429941,0.021218131781028108
5,27.11.2015,4,2015,True,har,0.0276277793282844,0.01821350190102499
5,30.11.2015,4,2015,True,har,0.0341544154000885,0.01973232976774162
5,01.12.2015,4,2015,True,har,0.0335060496802465,0.018740608873459973
5,02.12.2015,4,2015,True,har,0.0307333244703819,0.01857565325304764
5,03.12.2015,4,2015,True,har,0.0201054347445919,0.019232784751525272
5,04.12.2015,4,2015,True,har,0.0233582158760819,0.01950922757391426
5,07.12.2015,4,2015,True,har,0.018485865424511,0.019350887037837123
5,08.12.2015,4,2015,True,har,0.02249287662301,0.022539336706452303
5,09.12.2015,4,2015,True,har,0.0244973515055073,0.021500969169041723
5,10.12.2015,4,2015,True,har,0.0253599147420805,0.021105193848096813
5,11.12.2015,4,2015,True,har,0.0173994356909709,0.020331388893525523
5,14.12.2015,4,2015,True,har,0.017467454921577,0.021789316319759406
5,15.12.2015,4,2015,True,har,0.0126568119269504,0.020614124768124256
5,16.12.2015,4,2015,True,har,0.0191902066631006,0.02138286783685276
5,17.12.2015,4,2015,True,har,0.0200250529630868,0.0224760965344123
5,18.12.2015,4,2015,True,har,0.0262785157049343,0.021343338826458707
5,21.12.2015,4,2015,True,har,0.0285041804385803,0.021288085742661285
5,22.12.2015,4,2015,True,har,0.0345435819238273,0.021077283142846445
5,23.12.2015,4,2015,True,har,0.0321220466480409,0.02061227595637332
5,24.12.2015,4,2015,True,har,0.0310995394782399,0.021847927447360953
5,28.12.2015,4,2015,True,har,0.0284437687866263,0.021803838428493805
5,29.12.2015,4,2015,True,har,0.0321757310240653,0.022616581603927127
5,30.12.2015,4,2015,True,har,0.0309099022429775,0.02400886662463014
5,31.12.2015,4,2015,True,har,0.024149129026193,0.024798448881456277
5,02.01.2015,4,2015,True,har_ovx,0.0256324604709535,0.024991088736226096
5,05.01.2015,4,2015,True,har_ovx,0.0237099328972966,0.0270951593184166
5,06.01.2015,4,2015,True,har_ovx,0.0219702012622379,0.029497611233299144
5,07.01.2015,4,2015,True,har_ovx,0.035690152847473,0.028781008657902875
5,08.01.2015,4,2015,True,har_ovx,0.0357931319329843,0.02664825773576687
5,09.01.2015,4,2015,True,har_ovx,0.0362029965956416,0.025384615442900417
5,12.01.2015,4,2015,True,har_ovx,0.0260921595772801,0.024880632918225603
5,13.01.2015,4,2015,True,har_ovx,0.0243411557547239,0.02729762302228133
5,14.01.2015,4,2015,True,har_ovx,0.0162347958055504,0.02724883732278541
5,15.01.2015,4,2015,True,har_ovx,0.0115263173711757,0.027587048638275706
5,16.01.2015,4,2015,True,har_ovx,0.0140426734941443,0.029657910566966497
5,20.01.2015,4,2015,True,har_ovx,0.0188343563666764,0.028781619494865213
5,21.01.2015,4,2015,True,har_ovx,0.020504651951271,0.029968469439227347
5,22.01.2015,4,2015,True,har_ovx,0.0209196239238202,0.028483522239897398
5,23.01.2015,4,2015,True,har_ovx,0.039075358548038,0.029237525483502776
5,26.01.2015,4,2015,True,har_ovx,0.0356388219493405,0.029672634592038255
5,27.01.2015,4,2015,True,har_ovx,0.03824889231551,0.029154183386104128
5,28.01.2015,4,2015,True,har_ovx,0.0550850088060295,0.028339829737227783
5,29.01.2015,4,2015,True,har_ovx,0.0555366969081513,0.028675263151712906
5,30.01.2015,4,2015,True,har_ovx,0.0488529794627829,0.02841618592448176
5,02.02.2015,4,2015,True,har_ovx,0.0481363447978713,0.03182105693011075
5,03.02.2015,4,2015,True,har_ovx,0.04444235194941,0.03129405836144119
5,04.02.2015,4,2015,True,har_ovx,0.0337316874239053,0.03222275316273289
5,05.02.2015,4,2015,True,har_ovx,0.0335037591385917,0.033928944218228604
5,06.02.2015,4,2015,True,har_ovx,0.0318856525401944,0.03414358055916683
5,09.02.2015,4,2015,True,har_ovx,0.050955628500745,0.03298765409993687
5,10.02.2015,4,2015,True,har_ovx,0.0507761055698392,0.0303829530384847
5,11.02.2015,4,2015,True,har_ovx,0.0459314235160729,0.03199150104838507
5,12.02.2015,4,2015,True,har_ovx,0.04442096747834,0.0329117569463792
5,13.02.2015,4,2015,True,har_ovx,0.0469008356847877,0.032242887885830664
5,17.02.2015,4,2015,True,har_ovx,0.0139319369185325,0.030192995305663266
5,18.02.2015,4,2015,True,har_ovx,0.0269749277040115,0.03172297713780851
5,19.02.2015,4,2015,True,har_ovx,0.0300850849357802,0.03131730807109025
5,20.02.2015,4,2015,True,har_ovx,0.0354589876891727,0.031097123801693556
5,23.02.2015,4,2015,True,har_ovx,0.0426910665170011,0.03016561266629617
5,24.02.2015,4,2015,True,har_ovx,0.0435560042989139,0.03279738513623544
5,25.02.2015,4,2015,True,har_ovx,0.0369374277502437,0.03231480793142101
5,26.02.2015,4,2015,True,har_ovx,0.0347730361976785,0.03189355107006547
5,27.02.2015,4,2015,True,har_ovx,0.0267626422919022,0.032364373523175304
5,02.03.2015,4,2015,True,har_ovx,0.0171248516336096,0.032185404323558944
5,03.03.2015,4,2015,True,har_ovx,0.0138811945818251,0.031457163982667534
5,04.03.2015,4,2015,True,har_ovx,0.0214704225760301,0.03019227530040482
5,05.03.2015,4,2015,True,har_ovx,0.0209609787275933,0.027765609291864158
5,06.03.2015,4,2015,True,har_ovx,0.0253233574115873,0.02605361421918615
5,09.03.2015,4,2015,True,har_ovx,0.025410060710523,0.027112884894890478
5,10.03.2015,4,2015,True,har_ovx,0.0238188182612589,0.027497333563887092
5,11.03.2015,4,2015,True,har_ovx,0.0329263520752349,0.028935676692656342
5,12.03.2015,4,2015,True,har_ovx,0.0342967497509831,0.027562413573152564
5,13.03.2015,4,2015,True,har_ovx,0.0297120037952288,0.027489033687426903
5,16.03.2015,4,2015,True,har_ovx,0.0262018860294126,0.030202688581709623
5,17.03.2015,4,2015,True,har_ovx,0.0281907633015347,0.03123539721132692
5,18.03.2015,4,2015,True,har_ovx,0.0217625862708179,0.030900237487169364
5,19.03.2015,4,2015,True,har_ovx,0.0222821592960103,0.028403901093646742
5,20.03.2015,4,2015,True,har_ovx,0.0366289211337475,0.028365891863401792
5,23.03.2015,4,2015,True,har_ovx,0.0364771147192442,0.026985862184403093
5,24.03.2015,4,2015,True,har_ovx,0.0373060290771373,0.026243047138422657
5,25.03.2015,4,2015,True,har_ovx,0.0393652125811183,0.025562164455846456
5,26.03.2015,4,2015,True,har_ovx,0.0331436048461316,0.02497314980081629
5,27.03.2015,4,2015,True,har_ovx,0.0392174688980278,0.026846832133682996
5,30.03.2015,4,2015,True,har_ovx,0.0391498813599638,0.028093059853476925
5,31.03.2015,4,2015,True,har_ovx,0.0499536303670163,0.026774291618328824
5,01.04.2015,4,2015,True,har_ovx,0.0475643232592402,0.027698099550669892
5,02.04.2015,4,2015,True,har_ovx,0.0435139923101517,0.026702751088541983
5,06.04.2015,4,2015,True,har_ovx,0.0352252913662563,0.026621419416861865
5,07.04.2015,4,2015,True,har_ovx,0.034400923092164,0.026518315943451897
5,08.04.2015,4,2015,True,har_ovx,0.0120242732788082,0.025070073232040996
5,09.04.2015,4,2015,True,har_ovx,0.0136747919999582,0.026567095329261513
5,10.04.2015,4,2015,True,har_ovx,0.0213436423200876,0.025460583654150833
5,13.04.2015,4,2015,True,har_ovx,0.0215584855199947,0.023896787278869888
5,14.04.2015,4,2015,True,har_ovx,0.0282142015573121,0.024146231356779704
5,15.04.2015,4,2015,True,har_ovx,0.0260125923900212,0.02434898265470318
5,16.04.2015,4,2015,True,har_ovx,0.0278649717260549,0.02608758861594085
5,17.04.2015,4,2015,True,har_ovx,0.0198220423973258,0.024112740435051617
5,20.04.2015,4,2015,True,har_ovx,0.0205463118864805,0.023785232737920096
5,21.04.2015,4,2015,True,har_ovx,0.0157062747468119,0.023311863621139385
5,22.04.2015,4,2015,True,har_ovx,0.0163929237085128,0.022965633793042298
5,23.04.2015,4,2015,True,har_ovx,0.0108100917999441,0.02182971057543357
5,24.04.2015,4,2015,True,har_ovx,0.011775541487395,0.021559335224423562
5,27.04.2015,4,2015,True,har_ovx,0.0105969556696399,0.020533788976392332
5,28.04.2015,4,2015,True,har_ovx,0.0104588015581745,0.020406718338529528
5,29.04.2015,4,2015,True,har_ovx,0.0090268523675964,0.020433722973486848
5,30.04.2015,4,2015,True,har_ovx,0.0183109492371982,0.020103401597804597
5,01.05.2015,4,2015,True,har_ovx,0.0183092357322812,0.019874593838182797
5,04.05.2015,4,2015,True,har_ovx,0.0182886436916197,0.018976446511022475
5,05.05.2015,4,2015,True,har_ovx,0.0226357020994027,0.018716027630619973
5,06.05.2015,4,2015,True,har_ovx,0.0224443225482136,0.018894392965196044
5,07.05.2015,4,2015,True,har_ovx,0.0149712846762452,0.01767579225617775
5,08.05.2015,4,2015,True,har_ovx,0.0148150855497434,0.018888390082215697
5,11.05.2015,4,2015,True,har_ovx,0.014335682385094,0.01700468217475172
5,12.05.2015,4,2015,True,har_ovx,0.0145624396136956,0.016988505006825624
5,13.05.2015,4,2015,True,har_ovx,0.0181912320625137,0.016690865563571324
5,14.05.2015,4,2015,True,har_ovx,0.0222791891535873,0.016512098502034334
5,15.05.2015,4,2015,True,har_ovx,0.0236325686731577,0.015919763314499992
5,18.05.2015,4,2015,True,har_ovx,0.0256193444767971,0.013855954480058651
5,19.05.2015,4,2015,True,har_ovx,0.0236834986632334,0.014266720209112764
5,20.05.2015,4,2015,True,har_ovx,0.0221734166133576,0.01692592392743934
5,21.05.2015,4,2015,True,har_ovx,0.0310433554449813,0.016114694805039253
5,22.05.2015,4,2015,True,har_ovx,0.0303375838904208,0.01483589779489043
5,26.05.2015,4,2015,True,har_ovx,0.0272794040882373,0.014692714289455778
5,27.05.2015,4,2015,True,har_ovx,0.0272057536528595,0.01659743322107002
5,28.05.2015,4,2015,True,har_ovx,0.0309026919761238,0.017175499204470764
5,29.05.2015,4,2015,True,har_ovx,0.0214747476859794,0.016393940189047697
5,01.06.2015,4,2015,True,har_ovx,0.0214528914474596,0.016911282410589038
5,02.06.2015,4,2015,True,har_ovx,0.0280655053453147,0.017370461045253013
5,03.06.2015,4,2015,True,har_ovx,0.0248505060406258,0.017696389003240835
5,04.06.2015,4,2015,True,har_ovx,0.0191215942783303,0.018771304049814592
5,05.06.2015,4,2015,True,har_ovx,0.021617404878379,0.019340663687851846
5,08.06.2015,4,2015,True,har_ovx,0.0233697199472905,0.016998052613834677
5,09.06.2015,4,2015,True,har_ovx,0.013754967558292,0.01715941873079031
5,10.06.2015,4,2015,True,har_ovx,0.0163780993520989,0.017014488487718096
5,11.06.2015,4,2015,True,har_ovx,0.0169832352391422,0.016092204211425667
5,12.06.2015,4,2015,True,har_ovx,0.0170462681085975,0.016222301889342677
5,15.06.2015,4,2015,True,har_ovx,0.014141989691447,0.016206515391407765
5,16.06.2015,4,2015,True,har_ovx,0.0155278360488128,0.016757696215105432
5,17.06.2015,4,2015,True,har_ovx,0.0155104107415992,0.01675934562275612
5,18.06.2015,4,2015,True,har_ovx,0.0149831674405036,0.016930524423006535
5,19.06.2015,4,2015,True,har_ovx,0.0119545924576755,0.016102658917365717
5,22.06.2015,4,2015,True,har_ovx,0.0146383051866468,0.015564047633957375
5,23.06.2015,4,2015,True,har_ovx,0.0176234563108548,0.015281982595925805
5,24.06.2015,4,2015,True,har_ovx,0.019843178961129,0.015096349326516711
5,25.06.2015,4,2015,True,har_ovx,0.0200071935504995,0.014891124601785806
5,26.06.2015,4,2015,True,har_ovx,0.044301394268563,0.014624397804359673
5,29.06.2015,4,2015,True,har_ovx,0.0460839298578936,0.01386687600181187
5,30.06.2015,4,2015,True,har_ovx,0.0419169630374397,0.016375450060964004
5,01.07.2015,4,2015,True,har_ovx,0.0470174029661122,0.015931009165806212
5,02.07.2015,4,2015,True,har_ovx,0.0470900195855053,0.016691569897522063
5,06.07.2015,4,2015,True,har_ovx,0.0149765261824911,0.016047959521190626
5,07.07.2015,4,2015,True,har_ovx,0.0152907940708799,0.021394296900851248
5,08.07.2015,4,2015,True,har_ovx,0.0207793578712462,0.020750849574198833
5,09.07.2015,4,2015,True,har_ovx,0.0157484298743601,0.02134027027119689
5,10.07.2015,4,2015,True,har_ovx,0.0155966014601796,0.021518107696692282
5,13.07.2015,4,2015,True,har_ovx,0.0156218575300341,0.020867039839029183
5,14.07.2015,4,2015,True,har_ovx,0.0146025390223411,0.020326580016747885
5,15.07.2015,4,2015,True,har_ovx,0.0117223339365439,0.019394385159280058
5,16.07.2015,4,2015,True,har_ovx,0.0107325324277688,0.019942047916380434
5,17.07.2015,4,2015,True,har_ovx,0.009760768288441,0.019152906199849218
5,20.07.2015,4,2015,True,har_ovx,0.0108324801173805,0.018436789589978984
5,21.07.2015,4,2015,True,har_ovx,0.0067106149912624,0.01941773802808067
5,22.07.2015,4,2015,True,har_ovx,0.0092040122798876,0.01866316170386816
5,23.07.2015,4,2015,True,har_ovx,0.0093024420493415,0.020078693116156794
5,24.07.2015,4,2015,True,har_ovx,0.0111172041096776,0.020501819852704276
5,27.07.2015,4,2015,True,har_ovx,0.0227433139038055,0.0207669120953904
5,28.07.2015,4,2015,True,har_ovx,0.0250197727347232,0.021927998030806223
5,29.07.2015,4,2015,True,har_ovx,0.0239977957142511,0.02123336266243457
5,30.07.2015,4,2015,True,har_ovx,0.0239838059698278,0.02023171365412974
5,31.07.2015,4,2015,True,har_ovx,0.0238591688313478,0.019539128145544295
5,03.08.2015,4,2015,True,har_ovx,0.0209665566156928,0.02044595643546664
5,04.08.2015,4,2015,True,har_ovx,0.0239241181411546,0.019982662943392564
5,05.08.2015,4,2015,True,har_ovx,0.0243527390966834,0.01912626804078023
5,06.08.2015,4,2015,True,har_ovx,0.0247105547316162,0.0191367531081924
5,07.08.2015,4,2015,True,har_ovx,0.0229454983395183,0.01933372782624901
5,10.08.2015,4,2015,True,har_ovx,0.0126947152549651,0.01931288055784383
5,11.08.2015,4,2015,True,har_ovx,0.0070235191928925,0.020154320512791535
5,12.08.2015,4,2015,True,har_ovx,0.0138146815788231,0.020512082162400545
5,13.08.2015,4,2015,True,har_ovx,0.0137964696950116,0.020470634721570326
5,14.08.2015,4,2015,True,har_ovx,0.0143813154659793,0.020791131845585772
5,17.08.2015,4,2015,True,har_ovx,0.0228478108212522,0.019621808584998127
5,18.08.2015,4,2015,True,har_ovx,0.0277442661019926,0.019591919150970742
5,19.08.2015,4,2015,True,har_ovx,0.0286422967785792,0.019299674872806465
5,20.08.2015,4,2015,True,har_ovx,0.0595212869071238,0.020509373684689046
5,21.08.2015,4,2015,True,har_ovx,0.0599365592374193,0.020913538226982595
5,24.08.2015,4,2015,True,har_ovx,0.0423018942970677,0.022153389054987156
5,25.08.2015,4,2015,True,har_ovx,0.0748427339383884,0.025763178129295898
5,26.08.2015,4,2015,True,har_ovx,0.0734054059766548,0.024683033092573952
5,27.08.2015,4,2015,True,har_ovx,0.0636532956525325,0.02347194191568991
5,28.08.2015,4,2015,True,har_ovx,0.0609304330814699,0.026943012299519432
5,31.08.2015,4,2015,True,har_ovx,0.0420472217953078,0.028193627038666725
5,01.09.2015,4,2015,True,har_ovx,0.0228528302740681,0.030872148129218003
5,02.09.2015,4,2015,True,har_ovx,0.0254762636544343,0.03278443567106674
5,03.09.2015,4,2015,True,har_ovx,0.0250184536375166,0.0302878166736839
5,04.09.2015,4,2015,True,har_ovx,0.0276951568365916,0.028761902789146126
5,08.09.2015,4,2015,True,har_ovx,0.028658307875335,0.028459025148295947
5,09.09.2015,4,2015,True,har_ovx,0.0241173305141204,0.029050657664767502
5,10.09.2015,4,2015,True,har_ovx,0.0329282281824889,0.02979115098051714
5,11.09.2015,4,2015,True,har_ovx,0.0359661995029729,0.029955179154330998
5,14.09.2015,4,2015,True,har_ovx,0.0321806882195054,0.02966137139427944
5,15.09.2015,4,2015,True,har_ovx,0.0322897516018268,0.03006119882695333
5,16.09.2015,4,2015,True,har_ovx,0.0365127863093366,0.030387447639533417
5,17.09.2015,4,2015,True,har_ovx,0.0264093740818774,0.030016385342316362
5,18.09.2015,4,2015,True,har_ovx,0.0207104675081556,0.028024934655986558
5,21.09.2015,4,2015,True,har_ovx,0.0186782560954445,0.028138416747065485
5,22.09.2015,4,2015,True,har_ovx,0.0217157040832666,0.02905050153714432
5,23.09.2015,4,2015,True,har_ovx,0.0170858357909941,0.028864958109340977
5,24.09.2015,4,2015,True,har_ovx,0.0180602470895764,0.03023978723049654
5,25.09.2015,4,2015,True,har_ovx,0.0181054328961381,0.029498472195695673
5,28.09.2015,4,2015,True,har_ovx,0.0146319874282707,0.027536289267667758
5,29.09.2015,4,2015,True,har_ovx,0.0251129105604105,0.028321945300760307
5,30.09.2015,4,2015,True,har_ovx,0.027505849689142,0.026997493281287942
5,01.10.2015,4,2015,True,har_ovx,0.0242317943864377,0.023583034513417978
5,02.10.2015,4,2015,True,har_ovx,0.0272913695069112,0.023145006695805725
5,05.10.2015,4,2015,True,har_ovx,0.041820114421386,0.022244417659744723
5,06.10.2015,4,2015,True,har_ovx,0.0309577710969731,0.0226152843471569
5,07.10.2015,4,2015,True,har_ovx,0.0311902730453628,0.023764679088684276
5,08.10.2015,4,2015,True,har_ovx,0.0212462827990388,0.022483939533878138
5,09.10.2015,4,2015,True,har_ovx,0.0224063505831055,0.02287081864869315
5,12.10.2015,4,2015,True,har_ovx,0.0054337131806734,0.022233896157490773
5,13.10.2015,4,2015,True,har_ovx,0.004220794475249,0.023705622672772125
5,14.10.2015,4,2015,True,har_ovx,0.0081384612548149,0.02388309678631091
5,15.10.2015,4,2015,True,har_ovx,0.0089006045996093,0.02243847918118303
5,16.10.2015,4,2015,True,har_ovx,0.0087648090396476,0.021903443390207705
5,19.10.2015,4,2015,True,har_ovx,0.0091885382673876,0.020311319824143102
5,20.10.2015,4,2015,True,har_ovx,0.0094264345885947,0.02118343496227653
5,21.10.2015,4,2015,True,har_ovx,0.0245812960131699,0.0217016740049177
5,22.10.2015,4,2015,True,har_ovx,0.0249929535317697,0.021661109957070504
5,23.10.2015,4,2015,True,har_ovx,0.0253516778415059,0.020721269804625277
5,26.10.2015,4,2015,True,har_ovx,0.0264565765868013,0.02131866685507687
5,27.10.2015,4,2015,True,har_ovx,0.0262740103167148,0.021964425420921196
5,28.10.2015,4,2015,True,har_ovx,0.0287135649929258,0.02286636511246655
5,29.10.2015,4,2015,True,har_ovx,0.0291003405430691,0.023069094579823524
5,30.10.2015,4,2015,True,har_ovx,0.0271758036693227,0.022265389124970406
5,02.11.2015,4,2015,True,har_ovx,0.0269251474495036,0.02155295502668162
5,03.11.2015,4,2015,True,har_ovx,0.0166352628862902,0.02142863253917697
5,04.11.2015,4,2015,True,har_ovx,0.0148063166333724,0.020923197292904275
5,05.11.2015,4,2015,True,har_ovx,0.0192095984549435,0.021369165389272825
5,06.11.2015,4,2015,True,har_ovx,0.0193223943154177,0.01963441419192135
5,09.11.2015,4,2015,True,har_ovx,0.0200412623821603,0.019972333747969778
5,10.11.2015,4,2015,True,har_ovx,0.0186892836169339,0.0199276707601066
5,11.11.2015,4,2015,True,har_ovx,0.0194688287305394,0.019213236865816663
5,12.11.2015,4,2015,True,har_ovx,0.0082793695779768,0.02116362327722061
5,13.11.2015,4,2015,True,har_ovx,0.0065924981734006,0.022411163021264238
5,16.11.2015,4,2015,True,har_ovx,0.0059386914552839,0.02328296009448879
5,17.11.2015,4,2015,True,har_ovx,0.0107092142299232,0.023759770429572852
5,18.11.2015,4,2015,True,har_ovx,0.0115504932106102,0.02338144603659942
5,19.11.2015,4,2015,True,har_ovx,0.0207305425331019,0.021978205889541042
5,20.11.2015,4,2015,True,har_ovx,0.0204932448697719,0.02227317230687087
5,23.11.2015,4,2015,True,har_ovx,0.0204023095875599,0.023066470675337153
5,24.11.2015,4,2015,True,har_ovx,0.0196521417320975,0.02347285769525695
5,25.11.2015,4,2015,True,har_ovx,0.0288518804429941,0.024434997785041355
5,27.11.2015,4,2015,True,har_ovx,0.0276277793282844,0.024139794920449594
5,30.11.2015,4,2015,True,har_ovx,0.0341544154000885,0.024244863836776633
5,01.12.2015,4,2015,True,har_ovx,0.0335060496802465,0.023834074064605276
5,02.12.2015,4,2015,True,har_ovx,0.0307333244703819,0.02435558626188884
5,03.12.2015,4,2015,True,har_ovx,0.0201054347445919,0.02603832403084184
5,04.12.2015,4,2015,True,har_ovx,0.0233582158760819,0.02509953481362426
5,07.12.2015,4,2015,True,har_ovx,0.018485865424511,0.022455495901706802
5,08.12.2015,4,2015,True,har_ovx,0.02249287662301,0.024997783079982377
5,09.12.2015,4,2015,True,har_ovx,0.0244973515055073,0.025261252162296948
5,10.12.2015,4,2015,True,har_ovx,0.0253599147420805,0.02581549840784559
5,11.12.2015,4,2015,True,har_ovx,0.0173994356909709,0.02583690559114983
5,14.12.2015,4,2015,True,har_ovx,0.017467454921577,0.027776662153846155
5,15.12.2015,4,2015,True,har_ovx,0.0126568119269504,0.02800015032150205
5,16.12.2015,4,2015,True,har_ovx,0.0191902066631006,0.025457305435904975
5,17.12.2015,4,2015,True,har_ovx,0.0200250529630868,0.02455916656384894
5,18.12.2015,4,2015,True,har_ovx,0.0262785157049343,0.024013967732459042
5,21.12.2015,4,2015,True,har_ovx,0.0285041804385803,0.02528572788243881
5,22.12.2015,4,2015,True,har_ovx,0.0345435819238273,0.025122886423420962
5,23.12.2015,4,2015,True,har_ovx,0.0321220466480409,0.024963688824532954
5,24.12.2015,4,2015,True,har_ovx,0.0310995394782399,0.024446593466437707
5,28.12.2015,4,2015,True,har_ovx,0.0284437687866263,0.023049688726320062
5,29.12.2015,4,2015,True,har_ovx,0.0321757310240653,0.02421971650891098
5,30.12.2015,4,2015,True,har_ovx,0.0309099022429775,0.0236498421249549
5,31.12.2015,4,2015,True,har_ovx,0.024149129026193,0.024043458078162758
5,02.01.2015,4,2015,True,har_gpr,0.0256324604709535,0.017912045587286575
5,05.01.2015,4,2015,True,har_gpr,0.0237099328972966,0.01807083132189411
5,06.01.2015,4,2015,True,har_gpr,0.0219702012622379,0.022090388716749843
5,07.01.2015,4,2015,True,har_gpr,0.035690152847473,0.022083005519480774
5,08.01.2015,4,2015,True,har_gpr,0.0357931319329843,0.020574662603031015
5,09.01.2015,4,2015,True,har_gpr,0.0362029965956416,0.02024176197687063
5,12.01.2015,4,2015,True,har_gpr,0.0260921595772801,0.019871611637440417
5,13.01.2015,4,2015,True,har_gpr,0.0243411557547239,0.0223325462113451
5,14.01.2015,4,2015,True,har_gpr,0.0162347958055504,0.021164867572375897
5,15.01.2015,4,2015,True,har_gpr,0.0115263173711757,0.024952803350985844
5,16.01.2015,4,2015,True,har_gpr,0.0140426734941443,0.024395825848325038
5,20.01.2015,4,2015,True,har_gpr,0.0188343563666764,0.023906210310187657
5,21.01.2015,4,2015,True,har_gpr,0.020504651951271,0.02425026477262151
5,22.01.2015,4,2015,True,har_gpr,0.0209196239238202,0.0237260242883587
5,23.01.2015,4,2015,True,har_gpr,0.039075358548038,0.023185549140584884
5,26.01.2015,4,2015,True,har_gpr,0.0356388219493405,0.02200920697899099
5,27.01.2015,4,2015,True,har_gpr,0.03824889231551,0.02143697826395994
5,28.01.2015,4,2015,True,har_gpr,0.0550850088060295,0.023297053674767854
5,29.01.2015,4,2015,True,har_gpr,0.0555366969081513,0.02307341362454848
5,30.01.2015,4,2015,True,har_gpr,0.0488529794627829,0.023179759958718137
5,02.02.2015,4,2015,True,har_gpr,0.0481363447978713,0.030042252081620608
5,03.02.2015,4,2015,True,har_gpr,0.04444235194941,0.02958833320519052
5,04.02.2015,4,2015,True,har_gpr,0.0337316874239053,0.029693108115573966
5,05.02.2015,4,2015,True,har_gpr,0.0335037591385917,0.03237094361061732
5,06.02.2015,4,2015,True,har_gpr,0.0318856525401944,0.032725079536342114
5,09.02.2015,4,2015,True,har_gpr,0.050955628500745,0.032116059503111756
5,10.02.2015,4,2015,True,har_gpr,0.0507761055698392,0.030633655113090734
5,11.02.2015,4,2015,True,har_gpr,0.0459314235160729,0.02977255662012309
5,12.02.2015,4,2015,True,har_gpr,0.04442096747834,0.03007506200759926
5,13.02.2015,4,2015,True,har_gpr,0.0469008356847877,0.030289745024661537
5,17.02.2015,4,2015,True,har_gpr,0.0139319369185325,0.02877651372751571
5,18.02.2015,4,2015,True,har_gpr,0.0269749277040115,0.03426863099200449
5,19.02.2015,4,2015,True,har_gpr,0.0300850849357802,0.03401647713647056
5,20.02.2015,4,2015,True,har_gpr,0.0354589876891727,0.03330426473098506
5,23.02.2015,4,2015,True,har_gpr,0.0426910665170011,0.0329606169690866
5,24.02.2015,4,2015,True,har_gpr,0.0435560042989139,0.03445871674369533
5,25.02.2015,4,2015,True,har_gpr,0.0369374277502437,0.03309519834145786
5,26.02.2015,4,2015,True,har_gpr,0.0347730361976785,0.03514546200194961
5,27.02.2015,4,2015,True,har_gpr,0.0267626422919022,0.03473141489004906
5,02.03.2015,4,2015,True,har_gpr,0.0171248516336096,0.03569941272425343
5,03.03.2015,4,2015,True,har_gpr,0.0138811945818251,0.035484033054983266
5,04.03.2015,4,2015,True,har_gpr,0.0214704225760301,0.0346687485750661
5,05.03.2015,4,2015,True,har_gpr,0.0209609787275933,0.03269143389970919
5,06.03.2015,4,2015,True,har_gpr,0.0253233574115873,0.02958217755894224
5,09.03.2015,4,2015,True,har_gpr,0.025410060710523,0.028898488119325015
5,10.03.2015,4,2015,True,har_gpr,0.0238188182612589,0.029452895286614825
5,11.03.2015,4,2015,True,har_gpr,0.0329263520752349,0.03058234922818972
5,12.03.2015,4,2015,True,har_gpr,0.0342967497509831,0.02991390048243426
5,13.03.2015,4,2015,True,har_gpr,0.0297120037952288,0.028953058150462955
5,16.03.2015,4,2015,True,har_gpr,0.0262018860294126,0.029957794236998327
5,17.03.2015,4,2015,True,har_gpr,0.0281907633015347,0.02991156697410786
5,18.03.2015,4,2015,True,har_gpr,0.0217625862708179,0.023425301297958417
5,19.03.2015,4,2015,True,har_gpr,0.0222821592960103,0.02626194202500526
5,20.03.2015,4,2015,True,har_gpr,0.0366289211337475,0.02619421744978993
5,23.03.2015,4,2015,True,har_gpr,0.0364771147192442,0.02612647355724294
5,24.03.2015,4,2015,True,har_gpr,0.0373060290771373,0.025353150598574337
5,25.03.2015,4,2015,True,har_gpr,0.0393652125811183,0.025592935721542996
5,26.03.2015,4,2015,True,har_gpr,0.0331436048461316,0.02417757377598809
5,27.03.2015,4,2015,True,har_gpr,0.0392174688980278,0.026181906334047267
5,30.03.2015,4,2015,True,har_gpr,0.0391498813599638,0.026592909563862822
5,31.03.2015,4,2015,True,har_gpr,0.0499536303670163,0.023221930400388953
5,01.04.2015,4,2015,True,har_gpr,0.0475643232592402,0.023314219743697823
5,02.04.2015,4,2015,True,har_gpr,0.0435139923101517,0.024920996257428683
5,06.04.2015,4,2015,True,har_gpr,0.0352252913662563,0.025733732441394666
5,07.04.2015,4,2015,True,har_gpr,0.034400923092164,0.029957496982098365
5,08.04.2015,4,2015,True,har_gpr,0.0120242732788082,0.02889554025308901
5,09.04.2015,4,2015,True,har_gpr,0.0136747919999582,0.03184804331025333
5,10.04.2015,4,2015,True,har_gpr,0.0213436423200876,0.03063973367233269
5,13.04.2015,4,2015,True,har_gpr,0.0215584855199947,0.030947928356682437
5,14.04.2015,4,2015,True,har_gpr,0.0282142015573121,0.028763985784974258
5,15.04.2015,4,2015,True,har_gpr,0.0260125923900212,0.028495210788675528
5,16.04.2015,4,2015,True,har_gpr,0.0278649717260549,0.029027044509658866
5,17.04.2015,4,2015,True,har_gpr,0.0198220423973258,0.027220395796936386
5,20.04.2015,4,2015,True,har_gpr,0.0205463118864805,0.02915733439822693
5,21.04.2015,4,2015,True,har_gpr,0.0157062747468119,0.027602516473679735
5,22.04.2015,4,2015,True,har_gpr,0.0163929237085128,0.02879670181998227
5,23.04.2015,4,2015,True,har_gpr,0.0108100917999441,0.028200183756023164
5,24.04.2015,4,2015,True,har_gpr,0.011775541487395,0.02906973089212463
5,27.04.2015,4,2015,True,har_gpr,0.0105969556696399,0.02710412645399012
5,28.04.2015,4,2015,True,har_gpr,0.0104588015581745,0.02594773659588767
5,29.04.2015,4,2015,True,har_gpr,0.0090268523675964,0.02575069451781584
5,30.04.2015,4,2015,True,har_gpr,0.0183109492371982,0.025608165110128128
5,01.05.2015,4,2015,True,har_gpr,0.0183092357322812,0.024842433215020682
5,04.05.2015,4,2015,True,har_gpr,0.0182886436916197,0.022997162793910488
5,05.05.2015,4,2015,True,har_gpr,0.0226357020994027,0.02101166897605479
5,06.05.2015,4,2015,True,har_gpr,0.0224443225482136,0.02139503719605259
5,07.05.2015,4,2015,True,har_gpr,0.0149712846762452,0.015744490209053507
5,08.05.2015,4,2015,True,har_gpr,0.0148150855497434,0.0187324398467666
5,11.05.2015,4,2015,True,har_gpr,0.014335682385094,0.017747742902442628
5,12.05.2015,4,2015,True,har_gpr,0.0145624396136956,0.01679636320680804
5,13.05.2015,4,2015,True,har_gpr,0.0181912320625137,0.018052821154780865
5,14.05.2015,4,2015,True,har_gpr,0.0222791891535873,0.016624776446139994
5,15.05.2015,4,2015,True,har_gpr,0.0236325686731577,0.01658557891460531
5,18.05.2015,4,2015,True,har_gpr,0.0256193444767971,0.013955682645450482
5,19.05.2015,4,2015,True,har_gpr,0.0236834986632334,0.013966050307521495
5,20.05.2015,4,2015,True,har_gpr,0.0221734166133576,0.015725096624609067
5,21.05.2015,4,2015,True,har_gpr,0.0310433554449813,0.015477186295167436
5,22.05.2015,4,2015,True,har_gpr,0.0303375838904208,0.015056983093073066
5,26.05.2015,4,2015,True,har_gpr,0.0272794040882373,0.015347099744816597
5,27.05.2015,4,2015,True,har_gpr,0.0272057536528595,0.017645573378626028
5,28.05.2015,4,2015,True,har_gpr,0.0309026919761238,0.01835123739242302
5,29.05.2015,4,2015,True,har_gpr,0.0214747476859794,0.0174968323093057
5,01.06.2015,4,2015,True,har_gpr,0.0214528914474596,0.02091716882521975
5,02.06.2015,4,2015,True,har_gpr,0.0280655053453147,0.019831314628220128
5,03.06.2015,4,2015,True,har_gpr,0.0248505060406258,0.019842953735185197
5,04.06.2015,4,2015,True,har_gpr,0.0191215942783303,0.020542585485238726
5,05.06.2015,4,2015,True,har_gpr,0.021617404878379,0.021206996810706934
5,08.06.2015,4,2015,True,har_gpr,0.0233697199472905,0.020443833910030993
5,09.06.2015,4,2015,True,har_gpr,0.013754967558292,0.019757709989730553
5,10.06.2015,4,2015,True,har_gpr,0.0163780993520989,0.02166854266267397
5,11.06.2015,4,2015,True,har_gpr,0.0169832352391422,0.020363519116581737
5,12.06.2015,4,2015,True,har_gpr,0.0170462681085975,0.02020629131725095
5,15.06.2015,4,2015,True,har_gpr,0.014141989691447,0.020806043885368643
5,16.06.2015,4,2015,True,har_gpr,0.0155278360488128,0.022224211544068714
5,17.06.2015,4,2015,True,har_gpr,0.0155104107415992,0.02152252100095968
5,18.06.2015,4,2015,True,har_gpr,0.0149831674405036,0.02146268467746489
5,19.06.2015,4,2015,True,har_gpr,0.0119545924576755,0.02092982897848262
5,22.06.2015,4,2015,True,har_gpr,0.0146383051866468,0.02099148610769028
5,23.06.2015,4,2015,True,har_gpr,0.0176234563108548,0.020008572542223872
5,24.06.2015,4,2015,True,har_gpr,0.019843178961129,0.020043777175869235
5,25.06.2015,4,2015,True,har_gpr,0.0200071935504995,0.019483809879153914
5,26.06.2015,4,2015,True,har_gpr,0.044301394268563,0.019180066850127533
5,29.06.2015,4,2015,True,har_gpr,0.0460839298578936,0.016531278768922478
5,30.06.2015,4,2015,True,har_gpr,0.0419169630374397,0.01726323123611809
5,01.07.2015,4,2015,True,har_gpr,0.0470174029661122,0.01816584892046396
5,02.07.2015,4,2015,True,har_gpr,0.0470900195855053,0.01816092269521648
5,06.07.2015,4,2015,True,har_gpr,0.0149765261824911,0.016669983732727454
5,07.07.2015,4,2015,True,har_gpr,0.0152907940708799,0.02610274756944254
5,08.07.2015,4,2015,True,har_gpr,0.0207793578712462,0.023997941815244873
5,09.07.2015,4,2015,True,har_gpr,0.0157484298743601,0.022618789907635817
5,10.07.2015,4,2015,True,har_gpr,0.0155966014601796,0.02394241910128298
5,13.07.2015,4,2015,True,har_gpr,0.0156218575300341,0.023349236672762026
5,14.07.2015,4,2015,True,har_gpr,0.0146025390223411,0.02247988701770251
5,15.07.2015,4,2015,True,har_gpr,0.0117223339365439,0.02238580659648147
5,16.07.2015,4,2015,True,har_gpr,0.0107325324277688,0.023210583571142526
5,17.07.2015,4,2015,True,har_gpr,0.009760768288441,0.022310485552137188
5,20.07.2015,4,2015,True,har_gpr,0.0108324801173805,0.022025940898821858
5,21.07.2015,4,2015,True,har_gpr,0.0067106149912624,0.022480607210056923
5,22.07.2015,4,2015,True,har_gpr,0.0092040122798876,0.022279509799471554
5,23.07.2015,4,2015,True,har_gpr,0.0093024420493415,0.02207470281830237
5,24.07.2015,4,2015,True,har_gpr,0.0111172041096776,0.02204249043933846
5,27.07.2015,4,2015,True,har_gpr,0.0227433139038055,0.021942924505344644
5,28.07.2015,4,2015,True,har_gpr,0.0250197727347232,0.022430784538331562
5,29.07.2015,4,2015,True,har_gpr,0.0239977957142511,0.02178135015557508
5,30.07.2015,4,2015,True,har_gpr,0.0239838059698278,0.02092255003775962
5,31.07.2015,4,2015,True,har_gpr,0.0238591688313478,0.020706369714582437
5,03.08.2015,4,2015,True,har_gpr,0.0209665566156928,0.021311287725585763
5,04.08.2015,4,2015,True,har_gpr,0.0239241181411546,0.018283902068523716
5,05.08.2015,4,2015,True,har_gpr,0.0243527390966834,0.01737329243967476
5,06.08.2015,4,2015,True,har_gpr,0.0247105547316162,0.017188631632914137
5,07.08.2015,4,2015,True,har_gpr,0.0229454983395183,0.015503127658278486
5,10.08.2015,4,2015,True,har_gpr,0.0126947152549651,0.015893831248121323
5,11.08.2015,4,2015,True,har_gpr,0.0070235191928925,0.01800708726550464
5,12.08.2015,4,2015,True,har_gpr,0.0138146815788231,0.01768581854962414
5,13.08.2015,4,2015,True,har_gpr,0.0137964696950116,0.017319285832409253
5,14.08.2015,4,2015,True,har_gpr,0.0143813154659793,0.01703098321810932
5,17.08.2015,4,2015,True,har_gpr,0.0228478108212522,0.016806536535856693
5,18.08.2015,4,2015,True,har_gpr,0.0277442661019926,0.015999142378977375
5,19.08.2015,4,2015,True,har_gpr,0.0286422967785792,0.015749349819242756
5,20.08.2015,4,2015,True,har_gpr,0.0595212869071238,0.0173903399951529
5,21.08.2015,4,2015,True,har_gpr,0.0599365592374193,0.016767968200236877
5,24.08.2015,4,2015,True,har_gpr,0.0423018942970677,0.017422248680041216
5,25.08.2015,4,2015,True,har_gpr,0.0748427339383884,0.021362236682473765
5,26.08.2015,4,2015,True,har_gpr,0.0734054059766548,0.02063185675132081
5,27.08.2015,4,2015,True,har_gpr,0.0636532956525325,0.020325565469508842
5,28.08.2015,4,2015,True,har_gpr,0.0609304330814699,0.03188518299332022
5,31.08.2015,4,2015,True,har_gpr,0.0420472217953078,0.03240908746490476
5,01.09.2015,4,2015,True,har_gpr,0.0228528302740681,0.03468064764758199
5,02.09.2015,4,2015,True,har_gpr,0.0254762636544343,0.03994549871657539
5,03.09.2015,4,2015,True,har_gpr,0.0250184536375166,0.03828622893102322
5,04.09.2015,4,2015,True,har_gpr,0.0276951568365916,0.03768467509748876
5,08.09.2015,4,2015,True,har_gpr,0.028658307875335,0.03813102961971833
5,09.09.2015,4,2015,True,har_gpr,0.0241173305141204,0.03622813272843376
5,10.09.2015,4,2015,True,har_gpr,0.0329282281824889,0.03723604420676177
5,11.09.2015,4,2015,True,har_gpr,0.0359661995029729,0.03730767392346612
5,14.09.2015,4,2015,True,har_gpr,0.0321806882195054,0.03707381125474724
5,15.09.2015,4,2015,True,har_gpr,0.0322897516018268,0.03888211141008134
5,16.09.2015,4,2015,True,har_gpr,0.0365127863093366,0.0381275230102749
5,17.09.2015,4,2015,True,har_gpr,0.0264093740818774,0.03789586759797779
5,18.09.2015,4,2015,True,har_gpr,0.0207104675081556,0.040101662996639816
5,21.09.2015,4,2015,True,har_gpr,0.0186782560954445,0.040193648894961985
5,22.09.2015,4,2015,True,har_gpr,0.0217157040832666,0.039428411709840155
5,23.09.2015,4,2015,True,har_gpr,0.0170858357909941,0.03653497715609208
5,24.09.2015,4,2015,True,har_gpr,0.0180602470895764,0.03776970846699086
5,25.09.2015,4,2015,True,har_gpr,0.0181054328961381,0.037055122948791756
5,28.09.2015,4,2015,True,har_gpr,0.0146319874282707,0.03232974395948895
5,29.09.2015,4,2015,True,har_gpr,0.0251129105604105,0.0316200749535829
5,30.09.2015,4,2015,True,har_gpr,0.027505849689142,0.027517730946480353
5,01.10.2015,4,2015,True,har_gpr,0.0242317943864377,0.021579373534040214
5,02.10.2015,4,2015,True,har_gpr,0.0272913695069112,0.021637198247903357
5,05.10.2015,4,2015,True,har_gpr,0.041820114421386,0.02160143978781158
5,06.10.2015,4,2015,True,har_gpr,0.0309577710969731,0.023147338438028228
5,07.10.2015,4,2015,True,har_gpr,0.0311902730453628,0.026311002151030525
5,08.10.2015,4,2015,True,har_gpr,0.0212462827990388,0.02400919040719169
5,09.10.2015,4,2015,True,har_gpr,0.0224063505831055,0.02472819103706924
5,12.10.2015,4,2015,True,har_gpr,0.0054337131806734,0.023951045874088365
5,13.10.2015,4,2015,True,har_gpr,0.004220794475249,0.026809571717224333
5,14.10.2015,4,2015,True,har_gpr,0.0081384612548149,0.02564598724054862
5,15.10.2015,4,2015,True,har_gpr,0.0089006045996093,0.025389414849855317
5,16.10.2015,4,2015,True,har_gpr,0.0087648090396476,0.023392784945120187
5,19.10.2015,4,2015,True,har_gpr,0.0091885382673876,0.022219419419599064
5,20.10.2015,4,2015,True,har_gpr,0.0094264345885947,0.02052486263253489
5,21.10.2015,4,2015,True,har_gpr,0.0245812960131699,0.02048082425232378
5,22.10.2015,4,2015,True,har_gpr,0.0249929535317697,0.0205624007494783
5,23.10.2015,4,2015,True,har_gpr,0.0253516778415059,0.020200008108403285
5,26.10.2015,4,2015,True,har_gpr,0.0264565765868013,0.02004459834748521
5,27.10.2015,4,2015,True,har_gpr,0.0262740103167148,0.019844654556016476
5,28.10.2015,4,2015,True,har_gpr,0.0287135649929258,0.019854547075419695
5,29.10.2015,4,2015,True,har_gpr,0.0291003405430691,0.023037500114774175
5,30.10.2015,4,2015,True,har_gpr,0.0271758036693227,0.021825904735164967
5,02.11.2015,4,2015,True,har_gpr,0.0269251474495036,0.022217421283799506
5,03.11.2015,4,2015,True,har_gpr,0.0166352628862902,0.022344635667191803
5,04.11.2015,4,2015,True,har_gpr,0.0148063166333724,0.021371487794884268
5,05.11.2015,4,2015,True,har_gpr,0.0192095984549435,0.02276620287510717
5,06.11.2015,4,2015,True,har_gpr,0.0193223943154177,0.020890589033752342
5,09.11.2015,4,2015,True,har_gpr,0.0200412623821603,0.02086682428914747
5,10.11.2015,4,2015,True,har_gpr,0.0186892836169339,0.017617002156640686
5,11.11.2015,4,2015,True,har_gpr,0.0194688287305394,0.01734590536921816
5,12.11.2015,4,2015,True,har_gpr,0.0082793695779768,0.019195669783185744
5,13.11.2015,4,2015,True,har_gpr,0.0065924981734006,0.020596936960914816
5,16.11.2015,4,2015,True,har_gpr,0.0059386914552839,0.01986726436166251
5,17.11.2015,4,2015,True,har_gpr,0.0107092142299232,0.017708710327465328
5,18.11.2015,4,2015,True,har_gpr,0.0115504932106102,0.017638146343879075
5,19.11.2015,4,2015,True,har_gpr,0.0207305425331019,0.01812290938374558
5,20.11.2015,4,2015,True,har_gpr,0.0204932448697719,0.01751540221996358
5,23.11.2015,4,2015,True,har_gpr,0.0204023095875599,0.017934838986701344
5,24.11.2015,4,2015,True,har_gpr,0.0196521417320975,0.019418070204644488
5,25.11.2015,4,2015,True,har_gpr,0.0288518804429941,0.020833978006789735
5,27.11.2015,4,2015,True,har_gpr,0.0276277793282844,0.01782078246965464
5,30.11.2015,4,2015,True,har_gpr,0.0341544154000885,0.019384985845656
5,01.12.2015,4,2015,True,har_gpr,0.0335060496802465,0.018598597247207624
5,02.12.2015,4,2015,True,har_gpr,0.0307333244703819,0.01843249179311429
5,03.12.2015,4,2015,True,har_gpr,0.0201054347445919,0.019134611833402475
5,04.12.2015,4,2015,True,har_gpr,0.0233582158760819,0.019414028886526824
5,07.12.2015,4,2015,True,har_gpr,0.018485865424511,0.019238838136032943
5,08.12.2015,4,2015,True,har_gpr,0.02249287662301,0.021643841980236875
5,09.12.2015,4,2015,True,har_gpr,0.0244973515055073,0.02055812297753474
5,10.12.2015,4,2015,True,har_gpr,0.0253599147420805,0.020148764583925755
5,11.12.2015,4,2015,True,har_gpr,0.0173994356909709,0.01936257509086481
5,14.12.2015,4,2015,True,har_gpr,0.017467454921577,0.020863516777884804
5,15.12.2015,4,2015,True,har_gpr,0.0126568119269504,0.020756649139882902
5,16.12.2015,4,2015,True,har_gpr,0.0191902066631006,0.021546288272554812
5,17.12.2015,4,2015,True,har_gpr,0.0200250529630868,0.022660326181663134
5,18.12.2015,4,2015,True,har_gpr,0.0262785157049343,0.02149680033926449
5,21.12.2015,4,2015,True,har_gpr,0.0285041804385803,0.021432521754833074
5,22.12.2015,4,2015,True,har_gpr,0.0345435819238273,0.02061103634563742
5,23.12.2015,4,2015,True,har_gpr,0.0321220466480409,0.020128061363033706
5,24.12.2015,4,2015,True,har_gpr,0.0310995394782399,0.02140452669500239
5,28.12.2015,4,2015,True,har_gpr,0.0284437687866263,0.021337531229390496
5,29.12.2015,4,2015,True,har_gpr,0.0321757310240653,0.021695955950268613
5,30.12.2015,4,2015,True,har_gpr,0.0309099022429775,0.023079198351271174
5,31.12.2015,4,2015,True,har_gpr,0.024149129026193,0.023882748310319744
5,02.01.2015,4,2015,True,har_x,0.0256324604709535,0.024903239824648215
5,05.01.2015,4,2015,True,har_x,0.0237099328972966,0.02698267999549735
5,06.01.2015,4,2015,True,har_x,0.0219702012622379,0.029580094447471072
5,07.01.2015,4,2015,True,har_x,0.035690152847473,0.02886191188267695
5,08.01.2015,4,2015,True,har_x,0.0357931319329843,0.026722128420672394
5,09.01.2015,4,2015,True,har_x,0.0362029965956416,0.025475232528247394
5,12.01.2015,4,2015,True,har_x,0.0260921595772801,0.024981944920251086
5,13.01.2015,4,2015,True,har_x,0.0243411557547239,0.027437027018596544
5,14.01.2015,4,2015,True,har_x,0.0162347958055504,0.02735432070401095
5,15.01.2015,4,2015,True,har_x,0.0115263173711757,0.027756811465003816
5,16.01.2015,4,2015,True,har_x,0.0140426734941443,0.029781716291388143
5,20.01.2015,4,2015,True,har_x,0.0188343563666764,0.0289011705103923
5,21.01.2015,4,2015,True,har_x,0.020504651951271,0.030169846038000856
5,22.01.2015,4,2015,True,har_x,0.0209196239238202,0.028706219044688522
5,23.01.2015,4,2015,True,har_x,0.039075358548038,0.029428056407239285
5,26.01.2015,4,2015,True,har_x,0.0356388219493405,0.029837244306693874
5,27.01.2015,4,2015,True,har_x,0.03824889231551,0.028958800505812052
5,28.01.2015,4,2015,True,har_x,0.0550850088060295,0.02818862054290854
5,29.01.2015,4,2015,True,har_x,0.0555366969081513,0.02851598246864807
5,30.01.2015,4,2015,True,har_x,0.0488529794627829,0.028256456837979137
5,02.02.2015,4,2015,True,har_x,0.0481363447978713,0.0317399793041357
5,03.02.2015,4,2015,True,har_x,0.04444235194941,0.031128389661818284
5,04.02.2015,4,2015,True,har_x,0.0337316874239053,0.03206253789455211
5,05.02.2015,4,2015,True,har_x,0.0335037591385917,0.03379953944766802
5,06.02.2015,4,2015,True,har_x,0.0318856525401944,0.03400180330706717
5,09.02.2015,4,2015,True,har_x,0.050955628500745,0.03283415335996525
5,10.02.2015,4,2015,True,har_x,0.0507761055698392,0.029886207857959417
5,11.02.2015,4,2015,True,har_x,0.0459314235160729,0.03147402266518916
5,12.02.2015,4,2015,True,har_x,0.04442096747834,0.03236988060674339
5,13.02.2015,4,2015,True,har_x,0.0469008356847877,0.03171794874488931
5,17.02.2015,4,2015,True,har_x,0.0139319369185325,0.029657948431477704
5,18.02.2015,4,2015,True,har_x,0.0269749277040115,0.031233815035234803
5,19.02.2015,4,2015,True,har_x,0.0300850849357802,0.03080039890015945
5,20.02.2015,4,2015,True,har_x,0.0354589876891727,0.030554455558687996
5,23.02.2015,4,2015,True,har_x,0.0426910665170011,0.029627230909037336
5,24.02.2015,4,2015,True,har_x,0.0435560042989139,0.03246810487306238
5,25.02.2015,4,2015,True,har_x,0.0369374277502437,0.03192529619494436
5,26.02.2015,4,2015,True,har_x,0.0347730361976785,0.03157217392802803
5,27.02.2015,4,2015,True,har_x,0.0267626422919022,0.03202346425011555
5,02.03.2015,4,2015,True,har_x,0.0171248516336096,0.03187186675160325
5,03.03.2015,4,2015,True,har_x,0.0138811945818251,0.031021394519989295
5,04.03.2015,4,2015,True,har_x,0.0214704225760301,0.029752405164224602
5,05.03.2015,4,2015,True,har_x,0.0209609787275933,0.027321200882748982
5,06.03.2015,4,2015,True,har_x,0.0253233574115873,0.025596200556551638
5,09.03.2015,4,2015,True,har_x,0.025410060710523,0.026630797110461762
5,10.03.2015,4,2015,True,har_x,0.0238188182612589,0.027215039473651143
5,11.03.2015,4,2015,True,har_x,0.0329263520752349,0.028650227806846625
5,12.03.2015,4,2015,True,har_x,0.0342967497509831,0.027289259161619145
5,13.03.2015,4,2015,True,har_x,0.0297120037952288,0.027200163448231014
5,16.03.2015,4,2015,True,har_x,0.0262018860294126,0.029912878570377353
5,17.03.2015,4,2015,True,har_x,0.0281907633015347,0.031100277105566246
5,18.03.2015,4,2015,True,har_x,0.0217625862708179,0.030693475473692722
5,19.03.2015,4,2015,True,har_x,0.0222821592960103,0.02829517482633835
5,20.03.2015,4,2015,True,har_x,0.0366289211337475,0.0282482045288929
5,23.03.2015,4,2015,True,har_x,0.0364771147192442,0.026873864315633593
5,24.03.2015,4,2015,True,har_x,0.0373060290771373,0.025887620214734845
5,25.03.2015,4,2015,True,har_x,0.0393652125811183,0.025222907756373647
5,26.03.2015,4,2015,True,har_x,0.0331436048461316,0.0246256846196762
5,27.03.2015,4,2015,True,har_x,0.0392174688980278,0.02650666369709852
5,30.03.2015,4,2015,True,har_x,0.0391498813599638,0.02775972136403837
5,31.03.2015,4,2015,True,har_x,0.0499536303670163,0.026138343544554257
5,01.04.2015,4,2015,True,har_x,0.0475643232592402,0.02706268970381296
5,02.04.2015,4,2015,True,har_x,0.0435139923101517,0.02610669787401999
5,06.04.2015,4,2015,True,har_x,0.0352252913662563,0.02602757150287115
5,07.04.2015,4,2015,True,har_x,0.034400923092164,0.026598308774665035
5,08.04.2015,4,2015,True,har_x,0.0120242732788082,0.025136763836098648
5,09.04.2015,4,2015,True,har_x,0.0136747919999582,0.026681757927800368
5,10.04.2015,4,2015,True,har_x,0.0213436423200876,0.02555041636008699
5,13.04.2015,4,2015,True,har_x,0.0215584855199947,0.02400769503111398
5,14.04.2015,4,2015,True,har_x,0.0282142015573121,0.02406028038526537
5,15.04.2015,4,2015,True,har_x,0.0260125923900212,0.024261037820009514
5,16.04.2015,4,2015,True,har_x,0.0278649717260549,0.025965223279669037
5,17.04.2015,4,2015,True,har_x,0.0198220423973258,0.02398445100669653
5,20.04.2015,4,2015,True,har_x,0.0205463118864805,0.023717179222975268
5,21.04.2015,4,2015,True,har_x,0.0157062747468119,0.023083919461360413
5,22.04.2015,4,2015,True,har_x,0.0163929237085128,0.022774866018255402
5,23.04.2015,4,2015,True,har_x,0.0108100917999441,0.02163906917167866
5,24.04.2015,4,2015,True,har_x,0.011775541487395,0.021396034454084438
5,27.04.2015,4,2015,True,har_x,0.0105969556696399,0.020339813677625943
5,28.04.2015,4,2015,True,har_x,0.0104588015581745,0.02055207274708198
5,29.04.2015,4,2015,True,har_x,0.0090268523675964,0.020568193844697484
5,30.04.2015,4,2015,True,har_x,0.0183109492371982,0.020250723545459422
5,01.05.2015,4,2015,True,har_x,0.0183092357322812,0.02000798413349707
5,04.05.2015,4,2015,True,har_x,0.0182886436916197,0.019100370024282293
5,05.05.2015,4,2015,True,har_x,0.0226357020994027,0.018868202080098675
5,06.05.2015,4,2015,True,har_x,0.0224443225482136,0.019056687917271872
5,07.05.2015,4,2015,True,har_x,0.0149712846762452,0.017792245849734704
5,08.05.2015,4,2015,True,har_x,0.0148150855497434,0.019046078381296346
5,11.05.2015,4,2015,True,har_x,0.014335682385094,0.017160410649038508
5,12.05.2015,4,2015,True,har_x,0.0145624396136956,0.016608882917713303
5,13.05.2015,4,2015,True,har_x,0.0181912320625137,0.016345543418115286
5,14.05.2015,4,2015,True,har_x,0.0222791891535873,0.016138915131057564
5,15.05.2015,4,2015,True,har_x,0.0236325686731577,0.015545743051519165
5,18.05.2015,4,2015,True,har_x,0.0256193444767971,0.013482849382446456
5,19.05.2015,4,2015,True,har_x,0.0236834986632334,0.013809654328903867
5,20.05.2015,4,2015,True,har_x,0.0221734166133576,0.016467377648866924
5,21.05.2015,4,2015,True,har_x,0.0310433554449813,0.015658613200184166
5,22.05.2015,4,2015,True,har_x,0.0303375838904208,0.014402544246396198
5,26.05.2015,4,2015,True,har_x,0.0272794040882373,0.014262800592765407
5,27.05.2015,4,2015,True,har_x,0.0272057536528595,0.01677150480539325
5,28.05.2015,4,2015,True,har_x,0.0309026919761238,0.0173464080389408
5,29.05.2015,4,2015,True,har_x,0.0214747476859794,0.01655490902536664
5,01.06.2015,4,2015,True,har_x,0.0214528914474596,0.01713113796621414
5,02.06.2015,4,2015,True,har_x,0.0280655053453147,0.017476177215654986
5,03.06.2015,4,2015,True,har_x,0.0248505060406258,0.01779320960909868
5,04.06.2015,4,2015,True,har_x,0.0191215942783303,0.01886986822955521
5,05.06.2015,4,2015,True,har_x,0.021617404878379,0.019443885561718294
5,08.06.2015,4,2015,True,har_x,0.0233697199472905,0.01710856797681405
5,09.06.2015,4,2015,True,har_x,0.013754967558292,0.016978783127790668
5,10.06.2015,4,2015,True,har_x,0.0163780993520989,0.0168765587703986
5,11.06.2015,4,2015,True,har_x,0.0169832352391422,0.015937588160818833
5,12.06.2015,4,2015,True,har_x,0.0170462681085975,0.0160548804910949
5,15.06.2015,4,2015,True,har_x,0.014141989691447,0.01605410030077029
5,16.06.2015,4,2015,True,har_x,0.0155278360488128,0.017114141488976446
5,17.06.2015,4,2015,True,har_x,0.0155104107415992,0.017085234843645693
5,18.06.2015,4,2015,True,har_x,0.0149831674405036,0.017268084377646018
5,19.06.2015,4,2015,True,har_x,0.0119545924576755,0.016439317250846394
5,22.06.2015,4,2015,True,har_x,0.0146383051866468,0.01591626089754006
5,23.06.2015,4,2015,True,har_x,0.0176234563108548,0.0154845194510987
5,24.06.2015,4,2015,True,har_x,0.019843178961129,0.015310589519373618
5,25.06.2015,4,2015,True,har_x,0.0200071935504995,0.01510145684766027
5,26.06.2015,4,2015,True,har_x,0.044301394268563,0.01482875884431194
5,29.06.2015,4,2015,True,har_x,0.0460839298578936,0.014050351457848288
5,30.06.2015,4,2015,True,har_x,0.0419169630374397,0.016571861282266783
5,01.07.2015,4,2015,True,har_x,0.0470174029661122,0.01614878633215504
5,02.07.2015,4,2015,True,har_x,0.0470900195855053,0.01690205425478047
5,06.07.2015,4,2015,True,har_x,0.0149765261824911,0.016239349039951247
5,07.07.2015,4,2015,True,har_x,0.0152907940708799,0.021251476207977633
5,08.07.2015,4,2015,True,har_x,0.0207793578712462,0.020548765622394514
5,09.07.2015,4,2015,True,har_x,0.0157484298743601,0.021110698359991385
5,10.07.2015,4,2015,True,har_x,0.0155966014601796,0.02131880951708553
5,13.07.2015,4,2015,True,har_x,0.0156218575300341,0.020656656159029323
5,14.07.2015,4,2015,True,har_x,0.0146025390223411,0.019906902014978665
5,15.07.2015,4,2015,True,har_x,0.0117223339365439,0.018984551616775702
5,16.07.2015,4,2015,True,har_x,0.0107325324277688,0.01954788211449665
5,17.07.2015,4,2015,True,har_x,0.009760768288441,0.01874429585500983
5,20.07.2015,4,2015,True,har_x,0.0108324801173805,0.01803037076572767
5,21.07.2015,4,2015,True,har_x,0.0067106149912624,0.01909169568235502
5,22.07.2015,4,2015,True,har_x,0.0092040122798876,0.0183391671117848
5,23.07.2015,4,2015,True,har_x,0.0093024420493415,0.0197353283605331
5,24.07.2015,4,2015,True,har_x,0.0111172041096776,0.020150818340001413
5,27.07.2015,4,2015,True,har_x,0.0227433139038055,0.020408074525679498
5,28.07.2015,4,2015,True,har_x,0.0250197727347232,0.02171245451808881
5,29.07.2015,4,2015,True,har_x,0.0239977957142511,0.021005178445049736
5,30.07.2015,4,2015,True,har_x,0.0239838059698278,0.020011162029830346
5,31.07.2015,4,2015,True,har_x,0.0238591688313478,0.0193258271214007
5,03.08.2015,4,2015,True,har_x,0.0209665566156928,0.020239824208384105
5,04.08.2015,4,2015,True,har_x,0.0239241181411546,0.02020239097343837
5,05.08.2015,4,2015,True,har_x,0.0243527390966834,0.019326949013627772
5,06.08.2015,4,2015,True,har_x,0.0247105547316162,0.01933339691784297
5,07.08.2015,4,2015,True,har_x,0.0229454983395183,0.01950804788026568
5,10.08.2015,4,2015,True,har_x,0.0126947152549651,0.019500825015587215
5,11.08.2015,4,2015,True,har_x,0.0070235191928925,0.020111085723443434
5,12.08.2015,4,2015,True,har_x,0.0138146815788231,0.020458248091923713
5,13.08.2015,4,2015,True,har_x,0.0137964696950116,0.020405868617288048
5,14.08.2015,4,2015,True,har_x,0.0143813154659793,0.020719369248962276
5,17.08.2015,4,2015,True,har_x,0.0228478108212522,0.01955835909047645
5,18.08.2015,4,2015,True,har_x,0.0277442661019926,0.019281778809725467
5,19.08.2015,4,2015,True,har_x,0.0286422967785792,0.01898619341805757
5,20.08.2015,4,2015,True,har_x,0.0595212869071238,0.020221268675484197
5,21.08.2015,4,2015,True,har_x,0.0599365592374193,0.020601019571476215
5,24.08.2015,4,2015,True,har_x,0.0423018942970677,0.021839067092942865
5,25.08.2015,4,2015,True,har_x,0.0748427339383884,0.02550910438838284
5,26.08.2015,4,2015,True,har_x,0.0734054059766548,0.024413863240215054
5,27.08.2015,4,2015,True,har_x,0.0636532956525325,0.023211255631216732
5,28.08.2015,4,2015,True,har_x,0.0609304330814699,0.026840498899760097
5,31.08.2015,4,2015,True,har_x,0.0420472217953078,0.028053181219924582
5,01.09.2015,4,2015,True,har_x,0.0228528302740681,0.030749690020337096
5,02.09.2015,4,2015,True,har_x,0.0254762636544343,0.0327345291091247
5,03.09.2015,4,2015,True,har_x,0.0250184536375166,0.03021374757865914
5,04.09.2015,4,2015,True,har_x,0.0276951568365916,0.0286809819946469
5,08.09.2015,4,2015,True,har_x,0.028658307875335,0.028392969906602374
5,09.09.2015,4,2015,True,har_x,0.0241173305141204,0.02878942823008552
5,10.09.2015,4,2015,True,har_x,0.0329282281824889,0.02952608447936994
5,11.09.2015,4,2015,True,har_x,0.0359661995029729,0.029684706455687587
5,14.09.2015,4,2015,True,har_x,0.0321806882195054,0.029385309669491683
5,15.09.2015,4,2015,True,har_x,0.0322897516018268,0.030067965665799418
5,16.09.2015,4,2015,True,har_x,0.0365127863093366,0.03036573042386781
5,17.09.2015,4,2015,True,har_x,0.0264093740818774,0.029988500417430168
5,18.09.2015,4,2015,True,har_x,0.0207104675081556,0.0280854565111092
5,21.09.2015,4,2015,True,har_x,0.0186782560954445,0.028191803302627435
5,22.09.2015,4,2015,True,har_x,0.0217157040832666,0.02879205466345141
5,23.09.2015,4,2015,True,har_x,0.0170858357909941,0.028566501399921715
5,24.09.2015,4,2015,True,har_x,0.0180602470895764,0.029954024593512693
5,25.09.2015,4,2015,True,har_x,0.0181054328961381,0.029191836404039228
5,28.09.2015,4,2015,True,har_x,0.0146319874282707,0.027203962771901225
5,29.09.2015,4,2015,True,har_x,0.0251129105604105,0.028020527131090645
5,30.09.2015,4,2015,True,har_x,0.027505849689142,0.026674781720396615
5,01.10.2015,4,2015,True,har_x,0.0242317943864377,0.023234948057903625
5,02.10.2015,4,2015,True,har_x,0.0272913695069112,0.022811068731805047
5,05.10.2015,4,2015,True,har_x,0.041820114421386,0.021919395210549544
5,06.10.2015,4,2015,True,har_x,0.0309577710969731,0.022838134740835354
5,07.10.2015,4,2015,True,har_x,0.0311902730453628,0.02403285837923161
5,08.10.2015,4,2015,True,har_x,0.0212462827990388,0.0227269972974203
5,09.10.2015,4,2015,True,har_x,0.0224063505831055,0.023123507691716685
5,12.10.2015,4,2015,True,har_x,0.0054337131806734,0.02247725356921059
5,13.10.2015,4,2015,True,har_x,0.004220794475249,0.024002265317416893
5,14.10.2015,4,2015,True,har_x,0.0081384612548149,0.024084827371742824
5,15.10.2015,4,2015,True,har_x,0.0089006045996093,0.022651294407540098
5,16.10.2015,4,2015,True,har_x,0.0087648090396476,0.02209561123892953
5,19.10.2015,4,2015,True,har_x,0.0091885382673876,0.02051034098505707
5,20.10.2015,4,2015,True,har_x,0.0094264345885947,0.021055249448270832
5,21.10.2015,4,2015,True,har_x,0.0245812960131699,0.02156430683339922
5,22.10.2015,4,2015,True,har_x,0.0249929535317697,0.021539260472906458
5,23.10.2015,4,2015,True,har_x,0.0253516778415059,0.020602115401789828
5,26.10.2015,4,2015,True,har_x,0.0264565765868013,0.02118820284786786
5,27.10.2015,4,2015,True,har_x,0.0262740103167148,0.021909817942848533
5,28.10.2015,4,2015,True,har_x,0.0287135649929258,0.022803573008300194
5,29.10.2015,4,2015,True,har_x,0.0291003405430691,0.0230714867254037
5,30.10.2015,4,2015,True,har_x,0.0271758036693227,0.022243779018597653
5,02.11.2015,4,2015,True,har_x,0.0269251474495036,0.021550968987268194
5,03.11.2015,4,2015,True,har_x,0.0166352628862902,0.0216300538436883
5,04.11.2015,4,2015,True,har_x,0.0148063166333724,0.021133209205825555
5,05.11.2015,4,2015,True,har_x,0.0192095984549435,0.021592037029725227
5,06.11.2015,4,2015,True,har_x,0.0193223943154177,0.019847775514148822
5,09.11.2015,4,2015,True,har_x,0.0200412623821603,0.020178019033739173
5,10.11.2015,4,2015,True,har_x,0.0186892836169339,0.019854844030571257
5,11.11.2015,4,2015,True,har_x,0.0194688287305394,0.019134087192504003
5,12.11.2015,4,2015,True,har_x,0.0082793695779768,0.021090419824881936
5,13.11.2015,4,2015,True,har_x,0.0065924981734006,0.022342561031435032
5,16.11.2015,4,2015,True,har_x,0.0059386914552839,0.023179517421903485
5,17.11.2015,4,2015,True,har_x,0.0107092142299232,0.023025275005157265
5,18.11.2015,4,2015,True,har_x,0.0115504932106102,0.022649300819415616
5,19.11.2015,4,2015,True,har_x,0.0207305425331019,0.021277748838795605
5,20.11.2015,4,2015,True,har_x,0.0204932448697719,0.021541356990799298
5,23.11.2015,4,2015,True,har_x,0.0204023095875599,0.02233144946733001
5,24.11.2015,4,2015,True,har_x,0.0196521417320975,0.02334504052464788
5,25.11.2015,4,2015,True,har_x,0.0288518804429941,0.024328030868046416
5,27.11.2015,4,2015,True,har_x,0.0276277793282844,0.02399385734738197
5,30.11.2015,4,2015,True,har_x,0.0341544154000885,0.024140247810759446
5,01.12.2015,4,2015,True,har_x,0.0335060496802465,0.0237051507279989
5,02.12.2015,4,2015,True,har_x,0.0307333244703819,0.024216987319564495
5,03.12.2015,4,2015,True,har_x,0.0201054347445919,0.025906392363212804
5,04.12.2015,4,2015,True,har_x,0.0233582158760819,0.024987123765335892
5,07.12.2015,4,2015,True,har_x,0.018485865424511,0.022368342762253773
5,08.12.2015,4,2015,True,har_x,0.02249287662301,0.024694845115370994
5,09.12.2015,4,2015,True,har_x,0.0244973515055073,0.02491925377349007
5,10.12.2015,4,2015,True,har_x,0.0253599147420805,0.025454057896745232
5,11.12.2015,4,2015,True,har_x,0.0173994356909709,0.025457081222493166
5,14.12.2015,4,2015,True,har_x,0.017467454921577,0.027410453442641397
5,15.12.2015,4,2015,True,har_x,0.0126568119269504,0.028015261955689562
5,16.12.2015,4,2015,True,har_x,0.0191902066631006,0.02552696221100563
5,17.12.2015,4,2015,True,har_x,0.0200250529630868,0.024665123254024014
5,18.12.2015,4,2015,True,har_x,0.0262785157049343,0.024098436175931173
5,21.12.2015,4,2015,True,har_x,0.0285041804385803,0.02534657676355624
5,22.12.2015,4,2015,True,har_x,0.0345435819238273,0.02495684782547284
5,23.12.2015,4,2015,True,har_x,0.0321220466480409,0.024784383929708085
5,24.12.2015,4,2015,True,har_x,0.0310995394782399,0.02431056436612372
5,28.12.2015,4,2015,True,har_x,0.0284437687866263,0.022921372197103648
5,29.12.2015,4,2015,True,har_x,0.0321757310240653,0.023830435904291236
5,30.12.2015,4,2015,True,har_x,0.0309099022429775,0.023282628317596674
5,31.12.2015,4,2015,True,har_x,0.024149129026193,0.023689021827428134
22,02.01.2015,4,2015,True,har,0.036454003246098,0.018697301720526686
22,05.01.2015,4,2015,True,har,0.0352148947838802,0.018834733759545516
22,06.01.2015,4,2015,True,har,0.034161492450844,0.02280705530120012
22,07.01.2015,4,2015,True,har,0.0341539442344388,0.022772838701471985
22,08.01.2015,4,2015,True,har,0.0351217504489939,0.021261954751900344
22,09.01.2015,4,2015,True,har,0.0357012524614829,0.020980774050305028
22,12.01.2015,4,2015,True,har,0.0340654761175048,0.020662802466186625
22,13.01.2015,4,2015,True,har,0.0335659081403405,0.02313354838564461
22,14.01.2015,4,2015,True,har,0.0366481370438628,0.021898818206658285
22,15.01.2015,4,2015,True,har,0.0372029661547698,0.02586777487072664
22,16.01.2015,4,2015,True,har,0.0372992442891439,0.025288563868361234
22,20.01.2015,4,2015,True,har,0.0373556214952553,0.024785658821926387
22,21.01.2015,4,2015,True,har,0.0378903727077808,0.024704190324707633
22,22.01.2015,4,2015,True,har,0.0377640015100771,0.02420494772165166
22,23.01.2015,4,2015,True,har,0.0387380739691978,0.023471408526641382
22,26.01.2015,4,2015,True,har,0.0392106096918362,0.02223597245854651
22,27.01.2015,4,2015,True,har,0.0395683921299757,0.02242076628419202
22,28.01.2015,4,2015,True,har,0.0410344104970206,0.02433135640520952
22,29.01.2015,4,2015,True,har,0.0411550261894416,0.024145235288632605
22,30.01.2015,4,2015,True,har,0.0385662580630387,0.024232034928914997
22,02.02.2015,4,2015,True,har,0.0381265870772915,0.03129585641536124
22,03.02.2015,4,2015,True,har,0.0364758550646474,0.03067518695470902
22,04.02.2015,4,2015,True,har,0.0335516687348119,0.030895283242377725
22,05.02.2015,4,2015,True,har,0.0333846419080673,0.03385539152344738
22,06.02.2015,4,2015,True,har,0.0333449914296978,0.034142344708575544
22,09.02.2015,4,2015,True,har,0.033314419990445,0.033351444513800045
22,10.02.2015,4,2015,True,har,0.0338313890792574,0.03268533248866521
22,11.02.2015,4,2015,True,har,0.0334951985435918,0.03184313849055845
22,12.02.2015,4,2015,True,har,0.0320393057021528,0.03186467957643165
22,13.02.2015,4,2015,True,har,0.0336256578776736,0.03208853689059156
22,17.02.2015,4,2015,True,har,0.0278283212376172,0.0305316036091366
22,18.02.2015,4,2015,True,har,0.0275816243984495,0.03651342966727006
22,19.02.2015,4,2015,True,har,0.0277607235806087,0.03613969615348339
22,20.02.2015,4,2015,True,har,0.0278496118499637,0.035283375177909554
22,23.02.2015,4,2015,True,har,0.0281803435747379,0.03491003857443959
22,24.02.2015,4,2015,True,har,0.0300260590484219,0.03611835948485231
22,25.02.2015,4,2015,True,har,0.0296449250665583,0.03398755036604042
22,26.02.2015,4,2015,True,har,0.0292373435233924,0.03634912159850977
22,27.02.2015,4,2015,True,har,0.0277339576869872,0.035976444381133045
22,02.03.2015,4,2015,True,har,0.0272432055571291,0.03705731365608082
22,03.03.2015,4,2015,True,har,0.0276343433390716,0.03712145541820075
22,04.03.2015,4,2015,True,har,0.0305079399467737,0.0363114871338691
22,05.03.2015,4,2015,True,har,0.0307646370081202,0.03424512526336557
22,06.03.2015,4,2015,True,har,0.0333398466138182,0.03124516963281974
22,09.03.2015,4,2015,True,har,0.0334152508531775,0.030434082287149663
22,10.03.2015,4,2015,True,har,0.0328047700072591,0.03025609764658622
22,11.03.2015,4,2015,True,har,0.0325292121417122,0.031283971844912745
22,12.03.2015,4,2015,True,har,0.0325194534259085,0.03079597078929478
22,13.03.2015,4,2015,True,har,0.0315816859921992,0.029847738605080238
22,16.03.2015,4,2015,True,har,0.0310051757718654,0.030987651825667234
22,17.03.2015,4,2015,True,har,0.0323323700333958,0.030645370519307748
22,18.03.2015,4,2015,True,har,0.0312515758759507,0.02443625436689815
22,19.03.2015,4,2015,True,har,0.0310207242522601,0.027443267082214742
22,20.03.2015,4,2015,True,har,0.030954093169634,0.027366872165101006
22,23.03.2015,4,2015,True,har,0.0314946332617026,0.027165438122297207
22,24.03.2015,4,2015,True,har,0.0311333342718549,0.026760875117833795
22,25.03.2015,4,2015,True,har,0.0310448056917463,0.027044628009932004
22,26.03.2015,4,2015,True,har,0.0297314011024455,0.02557885635486616
22,27.03.2015,4,2015,True,har,0.0274761534562875,0.02753613069126623
22,30.03.2015,4,2015,True,har,0.0274373060342002,0.028275092865495455
22,31.03.2015,4,2015,True,har,0.0268296719735653,0.02556752460709384
22,01.04.2015,4,2015,True,har,0.0261924562223899,0.02572175981994011
22,02.04.2015,4,2015,True,har,0.0242068820319879,0.027321813804613244
22,06.04.2015,4,2015,True,har,0.021854288864629,0.027944073531099737
22,07.04.2015,4,2015,True,har,0.0233564478475721,0.030911085356012
22,08.04.2015,4,2015,True,har,0.0181279484588682,0.029811025037418323
22,09.04.2015,4,2015,True,har,0.0182229279910493,0.032968563764621525
22,10.04.2015,4,2015,True,har,0.0185745905845733,0.0316633037666456
22,13.04.2015,4,2015,True,har,0.0186037503528774,0.031866657209148525
22,14.04.2015,4,2015,True,har,0.0187119400210895,0.029716781318584896
22,15.04.2015,4,2015,True,har,0.0178278718730516,0.02946206275358869
22,16.04.2015,4,2015,True,har,0.0179203905834142,0.029477411826866723
22,17.04.2015,4,2015,True,har,0.0167582332701417,0.027738937987954796
22,20.04.2015,4,2015,True,har,0.0170695564287223,0.029869655379515126
22,21.04.2015,4,2015,True,har,0.0168719376934932,0.028567107865265208
22,22.04.2015,4,2015,True,har,0.0173557567022247,0.02990848178580162
22,23.04.2015,4,2015,True,har,0.0168151454222505,0.029264458096552447
22,24.04.2015,4,2015,True,har,0.0175778355662096,0.030185587177354936
22,27.04.2015,4,2015,True,har,0.0176877082671825,0.02807143114634017
22,28.04.2015,4,2015,True,har,0.020439319670921,0.026277920830777773
22,29.04.2015,4,2015,True,har,0.0201691884455215,0.025964774456299647
22,30.04.2015,4,2015,True,har,0.020025985249804,0.02588529666126152
22,01.05.2015,4,2015,True,har,0.0207292593870735,0.02501741578809573
22,04.05.2015,4,2015,True,har,0.021465133360276,0.023278136491630942
22,05.05.2015,4,2015,True,har,0.0216737289296382,0.02125627414054706
22,06.05.2015,4,2015,True,har,0.0216689328527841,0.021653436003993602
22,07.05.2015,4,2015,True,har,0.0220294849315067,0.01626146567894359
22,08.05.2015,4,2015,True,har,0.0221975900937374,0.019377292444487403
22,11.05.2015,4,2015,True,har,0.0222272589755798,0.018371927422277508
22,12.05.2015,4,2015,True,har,0.0215737723298363,0.018667245925520548
22,13.05.2015,4,2015,True,har,0.0219023169899287,0.020012251561470087
22,14.05.2015,4,2015,True,har,0.0219131652639499,0.018590056340042523
22,15.05.2015,4,2015,True,har,0.0224256849763122,0.01837791051285082
22,18.05.2015,4,2015,True,har,0.0224802560299623,0.015887469112749398
22,19.05.2015,4,2015,True,har,0.0216366029558762,0.016029190299954053
22,20.05.2015,4,2015,True,har,0.0213712921943803,0.017767186111208765
22,21.05.2015,4,2015,True,har,0.0211023484073544,0.017574923270592863
22,22.05.2015,4,2015,True,har,0.0210097441491766,0.017296122975167295
22,26.05.2015,4,2015,True,har,0.0203219815546983,0.017589599789947088
22,27.05.2015,4,2015,True,har,0.0194729726300581,0.01857367716450543
22,28.05.2015,4,2015,True,har,0.0198861956740879,0.019193956172543443
22,29.05.2015,4,2015,True,har,0.017908658933239,0.01830720124119374
22,01.06.2015,4,2015,True,har,0.0185276282463536,0.02184137980557151
22,02.06.2015,4,2015,True,har,0.0183671322860091,0.02093089282329993
22,03.06.2015,4,2015,True,har,0.0263455451324147,0.020864950874792853
22,04.06.2015,4,2015,True,har,0.025941205094236,0.021564204443282015
22,05.06.2015,4,2015,True,har,0.0254295767411291,0.022285261643300365
22,08.06.2015,4,2015,True,har,0.0262748495317626,0.021317785754940487
22,09.06.2015,4,2015,True,har,0.0249550902826979,0.021096169981794158
22,10.06.2015,4,2015,True,har,0.0247491351074988,0.02311868374675936
22,11.06.2015,4,2015,True,har,0.025001863751271,0.021756510150663516
22,12.06.2015,4,2015,True,har,0.0251996031746873,0.021460404963358208
22,15.06.2015,4,2015,True,har,0.0251229121328812,0.022111645393218273
22,16.06.2015,4,2015,True,har,0.0251217781395898,0.02246696682120664
22,17.06.2015,4,2015,True,har,0.0246656466616165,0.021523502762405514
22,18.06.2015,4,2015,True,har,0.0246834161794379,0.021578471041233487
22,19.06.2015,4,2015,True,har,0.0246015899043408,0.021057426286937457
22,22.06.2015,4,2015,True,har,0.0245801007275139,0.02115019692388241
22,23.06.2015,4,2015,True,har,0.0240291239621212,0.020463170472488128
22,24.06.2015,4,2015,True,har,0.0241590154453783,0.02056043725428591
22,25.06.2015,4,2015,True,har,0.0241697110287165,0.02002627902319841
22,26.06.2015,4,2015,True,har,0.0241794307866469,0.019701353798676994
22,29.06.2015,4,2015,True,har,0.0240564843220552,0.017121781474061123
22,30.06.2015,4,2015,True,har,0.0231209288637053,0.01802876322849404
22,01.07.2015,4,2015,True,har,0.0247454019255005,0.018965033187171427
22,02.07.2015,4,2015,True,har,0.0249927994592204,0.019014299420568214
22,06.07.2015,4,2015,True,har,0.0166502299634753,0.01755295638351247
22,07.07.2015,4,2015,True,har,0.0164891609184521,0.02801371760409417
22,08.07.2015,4,2015,True,har,0.016536354147849,0.025855652191136405
22,09.07.2015,4,2015,True,har,0.0175517332972683,0.024449470305328475
22,10.07.2015,4,2015,True,har,0.0178303610845234,0.025879146177773475
22,13.07.2015,4,2015,True,har,0.0181462967392414,0.0252600848248185
22,14.07.2015,4,2015,True,har,0.0176823800677018,0.024072852813823313
22,15.07.2015,4,2015,True,har,0.0172626470820633,0.023982518281112187
22,16.07.2015,4,2015,True,har,0.0170153318858045,0.024927765918226368
22,17.07.2015,4,2015,True,har,0.0169472754578701,0.02391443683395529
22,20.07.2015,4,2015,True,har,0.0178342263393723,0.02362308570106167
22,21.07.2015,4,2015,True,har,0.017516184895895,0.023941730114439935
22,22.07.2015,4,2015,True,har,0.0177930798206526,0.02370668422149519
22,23.07.2015,4,2015,True,har,0.021101985751724,0.02346645154895374
22,24.07.2015,4,2015,True,har,0.02170558049804,0.023410458029294513
22,27.07.2015,4,2015,True,har,0.0216517859662213,0.023284071948979534
22,28.07.2015,4,2015,True,har,0.0315123103478427,0.023662102914428655
22,29.07.2015,4,2015,True,har,0.03370526579115,0.022905040206500017
22,30.07.2015,4,2015,True,har,0.0379423051207955,0.022151831243845944
22,31.07.2015,4,2015,True,har,0.0422748285624589,0.021949961996758405
22,03.08.2015,4,2015,True,har,0.0409361665241519,0.02261259236881454
22,04.08.2015,4,2015,True,har,0.0408967945681581,0.01884727276925546
22,05.08.2015,4,2015,True,har,0.0411286285008557,0.017936719781872668
22,06.08.2015,4,2015,True,har,0.0411293863841675,0.017734325510407465
22,07.08.2015,4,2015,True,har,0.0418366611027956,0.016128673415897694
22,10.08.2015,4,2015,True,har,0.0414902651040073,0.01653631968937646
22,11.08.2015,4,2015,True,har,0.0412892855356597,0.019177423496036843
22,12.08.2015,4,2015,True,har,0.0419279795415188,0.018917574961049708
22,13.08.2015,4,2015,True,har,0.0419466110608552,0.018545399501827157
22,14.08.2015,4,2015,True,har,0.0419475111010474,0.01828029354967165
22,17.08.2015,4,2015,True,har,0.0434983365785201,0.01801339944256605
22,18.08.2015,4,2015,True,har,0.0440731427940998,0.01744724190191827
22,19.08.2015,4,2015,True,har,0.0439090904312537,0.017085138680385525
22,20.08.2015,4,2015,True,har,0.0438107604234548,0.018870942103611857
22,21.08.2015,4,2015,True,har,0.0438814986493922,0.018227247451049915
22,24.08.2015,4,2015,True,har,0.0414087585166208,0.018892063955114554
22,25.08.2015,4,2015,True,har,0.041389939790044,0.02285623995408005
22,26.08.2015,4,2015,True,har,0.0419176161139104,0.022161155799693834
22,27.08.2015,4,2015,True,har,0.0365896355471772,0.021868303337900977
22,28.08.2015,4,2015,True,har,0.0348295431453403,0.03375274703485223
22,31.08.2015,4,2015,True,har,0.0299170604375406,0.03414176316803095
22,01.09.2015,4,2015,True,har,0.0236333486134997,0.03576676882749726
22,02.09.2015,4,2015,True,har,0.023820540386592,0.04154464738684638
22,03.09.2015,4,2015,True,har,0.026450666888559,0.03977303747618567
22,04.09.2015,4,2015,True,har,0.0261328245359646,0.038931449061014596
22,08.09.2015,4,2015,True,har,0.0269582781251632,0.039330052259640785
22,09.09.2015,4,2015,True,har,0.0253277419793297,0.03734841822272233
22,10.09.2015,4,2015,True,har,0.027728846064668,0.03792670758208596
22,11.09.2015,4,2015,True,har,0.027653109762829,0.03802630199173223
22,14.09.2015,4,2015,True,har,0.026302029525239,0.0377657968157583
22,15.09.2015,4,2015,True,har,0.0264078454175928,0.03903834513382443
22,16.09.2015,4,2015,True,har,0.0264047994160843,0.0382716056585267
22,17.09.2015,4,2015,True,har,0.0239711634189232,0.037930174680754825
22,18.09.2015,4,2015,True,har,0.0228167528326745,0.04035016580369705
22,21.09.2015,4,2015,True,har,0.0222032674067188,0.04046547554521345
22,22.09.2015,4,2015,True,har,0.0222196692402588,0.040216043376360595
22,23.09.2015,4,2015,True,har,0.0214196995318,0.0374247155516898
22,24.09.2015,4,2015,True,har,0.0214256269884064,0.03875111024588287
22,25.09.2015,4,2015,True,har,0.0215412741575327,0.03778582184025792
22,28.09.2015,4,2015,True,har,0.023141660930182,0.033193057185587106
22,29.09.2015,4,2015,True,har,0.0228623445588772,0.032457927317352746
22,30.09.2015,4,2015,True,har,0.0230798462465391,0.02864547493091281
22,01.10.2015,4,2015,True,har,0.0231292667120697,0.02289598997683346
22,02.10.2015,4,2015,True,har,0.0242082638113885,0.023001997636567545
22,05.10.2015,4,2015,True,har,0.0253002047398385,0.022957090742904813
22,06.10.2015,4,2015,True,har,0.0223975982671834,0.023329537361535764
22,07.10.2015,4,2015,True,har,0.0224028906285631,0.026640148190460244
22,08.10.2015,4,2015,True,har,0.0208618481806299,0.024426073132973052
22,09.10.2015,4,2015,True,har,0.0209755424674114,0.025077585244242456
22,12.10.2015,4,2015,True,har,0.0191045848340455,0.024356509615701804
22,13.10.2015,4,2015,True,har,0.0204588437369217,0.02752000743304656
22,14.10.2015,4,2015,True,har,0.0204746149158232,0.0260998489046838
22,15.10.2015,4,2015,True,har,0.0204824714095327,0.025837215679792816
22,16.10.2015,4,2015,True,har,0.0204747864486127,0.023731162535955565
22,19.10.2015,4,2015,True,har,0.0208313888467157,0.02263197785581151
22,20.10.2015,4,2015,True,har,0.0208159065384055,0.021183130184711824
22,21.10.2015,4,2015,True,har,0.0208344181472612,0.021111141879675267
22,22.10.2015,4,2015,True,har,0.0208174399999923,0.021322142648136148
22,23.10.2015,4,2015,True,har,0.0218793495697508,0.020966843982194654
22,26.10.2015,4,2015,True,har,0.0218198032896957,0.02080981779995981
22,27.10.2015,4,2015,True,har,0.0224072531600783,0.020489162768715596
22,28.10.2015,4,2015,True,har,0.0195949074589064,0.020519228465306752
22,29.10.2015,4,2015,True,har,0.0195943407190535,0.02396519158685067
22,30.10.2015,4,2015,True,har,0.0208836125095689,0.022730097644128967
22,02.11.2015,4,2015,True,har,0.0223056176470251,0.02313346471045279
22,03.11.2015,4,2015,True,har,0.0206033896624603,0.022983519329061237
22,04.11.2015,4,2015,True,har,0.021893741116216,0.022110084457280084
22,05.11.2015,4,2015,True,har,0.0218865517733327,0.023494811368591505
22,06.11.2015,4,2015,True,har,0.0218875181463704,0.021668993486540427
22,09.11.2015,4,2015,True,har,0.0218821964907372,0.021598149749367024
22,10.11.2015,4,2015,True,har,0.023143415113099,0.018907296970454738
22,11.11.2015,4,2015,True,har,0.02254795467043,0.018402863044706674
22,12.11.2015,4,2015,True,har,0.0219665680137501,0.020175599369937933
22,13.11.2015,4,2015,True,har,0.0227075703870179,0.02161338854616589
22,16.11.2015,4,2015,True,har,0.022713504459163,0.020857357589072523
22,17.11.2015,4,2015,True,har,0.0226600885230561,0.020651042858481558
22,18.11.2015,4,2015,True,har,0.0222250663595002,0.020550552370344283
22,19.11.2015,4,2015,True,har,0.0221258162866528,0.02105803620452598
22,20.11.2015,4,2015,True,har,0.0236273193431405,0.020183686574639873
22,23.11.2015,4,2015,True,har,0.0239735504436782,0.02056259647882488
22,24.11.2015,4,2015,True,har,0.0231912123611283,0.02035975884196295
22,25.11.2015,4,2015,True,har,0.0247629052917639,0.021871143802726596
22,27.11.2015,4,2015,True,har,0.0250731334754003,0.01898355555514555
22,30.11.2015,4,2015,True,har,0.0259621334792843,0.020749571977781222
22,01.12.2015,4,2015,True,har,0.0259839661407775,0.019730757072866617
22,02.12.2015,4,2015,True,har,0.0248671299009348,0.019567582986298307
22,03.12.2015,4,2015,True,har,0.0259582795837725,0.020312731916509286
22,04.12.2015,4,2015,True,har,0.0259044998473814,0.02076597699893091
22,07.12.2015,4,2015,True,har,0.0240467309034863,0.020541602156991044
22,08.12.2015,4,2015,True,har,0.0265421690792248,0.023824849919503403
22,09.12.2015,4,2015,True,har,0.0265890791719111,0.022680216591733172
22,10.12.2015,4,2015,True,har,0.0266139610603763,0.022207506357715207
22,11.12.2015,4,2015,True,har,0.0265226229156437,0.02122253876456582
22,14.12.2015,4,2015,True,har,0.0265166835060664,0.022807565875017588
22,15.12.2015,4,2015,True,har,0.029482704719473,0.02140995278454811
22,16.12.2015,4,2015,True,har,0.0294136154325953,0.02228532936961683
22,17.12.2015,4,2015,True,har,0.0320915415063924,0.023432276664164465
22,18.12.2015,4,2015,True,har,0.0393072881158112,0.022274665272839583
22,21.12.2015,4,2015,True,har,0.0405656295755913,0.022040093398616248
22,22.12.2015,4,2015,True,har,0.0419299003105449,0.021868135635622978
22,23.12.2015,4,2015,True,har,0.0422215285398585,0.021276587896193064
22,24.12.2015,4,2015,True,har,0.042479219889486,0.02270634494516301
22,28.12.2015,4,2015,True,har,0.0424180045187395,0.02261416735064268
22,29.12.2015,4,2015,True,har,0.0417425468689466,0.02361384546362263
22,30.12.2015,4,2015,True,har,0.0428320401722491,0.02496536885534589
22,31.12.2015,4,2015,True,har,0.0452938781187508,0.025880387397742524
22,02.01.2015,4,2015,True,har_ovx,0.036454003246098,0.025036605560080923
22,05.01.2015,4,2015,True,har_ovx,0.0352148947838802,0.026909529110509853
22,06.01.2015,4,2015,True,har_ovx,0.034161492450844,0.029629057667642227
22,07.01.2015,4,2015,True,har_ovx,0.0341539442344388,0.028936945991431897
22,08.01.2015,4,2015,True,har_ovx,0.0351217504489939,0.026828367672872007
22,09.01.2015,4,2015,True,har_ovx,0.0357012524614829,0.025715853418022655
22,12.01.2015,4,2015,True,har_ovx,0.0340654761175048,0.025290735881353187
22,13.01.2015,4,2015,True,har_ovx,0.0335659081403405,0.02769530780407102
22,14.01.2015,4,2015,True,har_ovx,0.0366481370438628,0.027422966769299895
22,15.01.2015,4,2015,True,har_ovx,0.0372029661547698,0.02826209746606853
22,16.01.2015,4,2015,True,har_ovx,0.0372992442891439,0.029977662992871842
22,20.01.2015,4,2015,True,har_ovx,0.0373556214952553,0.029106657929796585
22,21.01.2015,4,2015,True,har_ovx,0.0378903727077808,0.030035243738502027
22,22.01.2015,4,2015,True,har_ovx,0.0377640015100771,0.028715666794543182
22,23.01.2015,4,2015,True,har_ovx,0.0387380739691978,0.029188365487519644
22,26.01.2015,4,2015,True,har_ovx,0.0392106096918362,0.029409291014145973
22,27.01.2015,4,2015,True,har_ovx,0.0395683921299757,0.029021585714616414
22,28.01.2015,4,2015,True,har_ovx,0.0410344104970206,0.02855116782863195
22,29.01.2015,4,2015,True,har_ovx,0.0411550261894416,0.028835619835627036
22,30.01.2015,4,2015,True,har_ovx,0.0385662580630387,0.028587199842180794
22,02.02.2015,4,2015,True,har_ovx,0.0381265870772915,0.03252417086562738
22,03.02.2015,4,2015,True,har_ovx,0.0364758550646474,0.03183043579683576
22,04.02.2015,4,2015,True,har_ovx,0.0335516687348119,0.032776704541151926
22,05.02.2015,4,2015,True,har_ovx,0.0333846419080673,0.034745165373018055
22,06.02.2015,4,2015,True,har_ovx,0.0333449914296978,0.034884128824636484
22,09.02.2015,4,2015,True,har_ovx,0.033314419990445,0.0336487029776564
22,10.02.2015,4,2015,True,har_ovx,0.0338313890792574,0.031252912663800696
22,11.02.2015,4,2015,True,har_ovx,0.0334951985435918,0.032645026105267747
22,12.02.2015,4,2015,True,har_ovx,0.0320393057021528,0.033313657756454354
22,13.02.2015,4,2015,True,har_ovx,0.0336256578776736,0.03277102631682949
22,17.02.2015,4,2015,True,har_ovx,0.0278283212376172,0.030711423262718585
22,18.02.2015,4,2015,True,har_ovx,0.0275816243984495,0.032987579949278804
22,19.02.2015,4,2015,True,har_ovx,0.0277607235806087,0.032427309995062645
22,20.02.2015,4,2015,True,har_ovx,0.0278496118499637,0.032021126633657616
22,23.02.2015,4,2015,True,har_ovx,0.0281803435747379,0.031135975310374757
22,24.02.2015,4,2015,True,har_ovx,0.0300260590484219,0.03364828422049927
22,25.02.2015,4,2015,True,har_ovx,0.0296449250665583,0.032581805475298056
22,26.02.2015,4,2015,True,har_ovx,0.0292373435233924,0.03269246340671915
22,27.02.2015,4,2015,True,har_ovx,0.0277339576869872,0.0330470830798093
22,02.03.2015,4,2015,True,har_ovx,0.0272432055571291,0.0330843594273495
22,03.03.2015,4,2015,True,har_ovx,0.0276343433390716,0.03256864188669803
22,04.03.2015,4,2015,True,har_ovx,0.0305079399467737,0.03132454184836248
22,05.03.2015,4,2015,True,har_ovx,0.0307646370081202,0.02889649456351266
22,06.03.2015,4,2015,True,har_ovx,0.0333398466138182,0.02712720306167305
22,09.03.2015,4,2015,True,har_ovx,0.0334152508531775,0.027938191365016147
22,10.03.2015,4,2015,True,har_ovx,0.0328047700072591,0.02816406073184783
22,11.03.2015,4,2015,True,har_ovx,0.0325292121417122,0.029518047416182497
22,12.03.2015,4,2015,True,har_ovx,0.0325194534259085,0.028315707635667174
22,13.03.2015,4,2015,True,har_ovx,0.0315816859921992,0.028138988767319566
22,16.03.2015,4,2015,True,har_ovx,0.0310051757718654,0.030786460615111554
22,17.03.2015,4,2015,True,har_ovx,0.0323323700333958,0.03160954452340092
22,18.03.2015,4,2015,True,har_ovx,0.0312515758759507,0.030789895474838836
22,19.03.2015,4,2015,True,har_ovx,0.0310207242522601,0.0290602155759335
22,20.03.2015,4,2015,True,har_ovx,0.030954093169634,0.028978910559061776
22,23.03.2015,4,2015,True,har_ovx,0.0314946332617026,0.027651170597423586
22,24.03.2015,4,2015,True,har_ovx,0.0311333342718549,0.02690322492221344
22,25.03.2015,4,2015,True,har_ovx,0.0310448056917463,0.026360064348219747
22,26.03.2015,4,2015,True,har_ovx,0.0297314011024455,0.025686439423436343
22,27.03.2015,4,2015,True,har_ovx,0.0274761534562875,0.027556166311175086
22,30.03.2015,4,2015,True,har_ovx,0.0274373060342002,0.028900826574875742
22,31.03.2015,4,2015,True,har_ovx,0.0268296719735653,0.02739698821877492
22,01.04.2015,4,2015,True,har_ovx,0.0261924562223899,0.028296643194844876
22,02.04.2015,4,2015,True,har_ovx,0.0242068820319879,0.027601831339528312
22,06.04.2015,4,2015,True,har_ovx,0.021854288864629,0.0275005757521581
22,07.04.2015,4,2015,True,har_ovx,0.0233564478475721,0.02775226473411064
22,08.04.2015,4,2015,True,har_ovx,0.0181279484588682,0.026267832899556316
22,09.04.2015,4,2015,True,har_ovx,0.0182229279910493,0.028097984371339813
22,10.04.2015,4,2015,True,har_ovx,0.0185745905845733,0.026856313896818643
22,13.04.2015,4,2015,True,har_ovx,0.0186037503528774,0.025450650942318395
22,14.04.2015,4,2015,True,har_ovx,0.0187119400210895,0.025342538172910007
22,15.04.2015,4,2015,True,har_ovx,0.0178278718730516,0.02551781285540814
22,16.04.2015,4,2015,True,har_ovx,0.0179203905834142,0.02683565513164718
22,17.04.2015,4,2015,True,har_ovx,0.0167582332701417,0.024893519464340763
22,20.04.2015,4,2015,True,har_ovx,0.0170695564287223,0.02500885504841632
22,21.04.2015,4,2015,True,har_ovx,0.0168719376934932,0.02434287153526074
22,22.04.2015,4,2015,True,har_ovx,0.0173557567022247,0.024288606929932288
22,23.04.2015,4,2015,True,har_ovx,0.0168151454222505,0.02317463209492903
22,24.04.2015,4,2015,True,har_ovx,0.0175778355662096,0.023098326919554435
22,27.04.2015,4,2015,True,har_ovx,0.0176877082671825,0.021853707319229122
22,28.04.2015,4,2015,True,har_ovx,0.020439319670921,0.02162808587125436
22,29.04.2015,4,2015,True,har_ovx,0.0201691884455215,0.021553587075575177
22,30.04.2015,4,2015,True,har_ovx,0.020025985249804,0.021315828276765876
22,01.05.2015,4,2015,True,har_ovx,0.0207292593870735,0.020966513326126125
22,04.05.2015,4,2015,True,har_ovx,0.021465133360276,0.02003520942300395
22,05.05.2015,4,2015,True,har_ovx,0.0216737289296382,0.01963479732563031
22,06.05.2015,4,2015,True,har_ovx,0.0216689328527841,0.019869580935031786
22,07.05.2015,4,2015,True,har_ovx,0.0220294849315067,0.01836180551274323
22,08.05.2015,4,2015,True,har_ovx,0.0221975900937374,0.019867414042128786
22,11.05.2015,4,2015,True,har_ovx,0.0222272589755798,0.018032531685336126
22,12.05.2015,4,2015,True,har_ovx,0.0215737723298363,0.01805494097900157
22,13.05.2015,4,2015,True,har_ovx,0.0219023169899287,0.018014764866759517
22,14.05.2015,4,2015,True,har_ovx,0.0219131652639499,0.0176619551711151
22,15.05.2015,4,2015,True,har_ovx,0.0224256849763122,0.01703407912062217
22,18.05.2015,4,2015,True,har_ovx,0.0224802560299623,0.015027380639116912
22,19.05.2015,4,2015,True,har_ovx,0.0216366029558762,0.015407409536775368
22,20.05.2015,4,2015,True,har_ovx,0.0213712921943803,0.01797707524229256
22,21.05.2015,4,2015,True,har_ovx,0.0211023484073544,0.017233455364685932
22,22.05.2015,4,2015,True,har_ovx,0.0210097441491766,0.016162387065420936
22,26.05.2015,4,2015,True,har_ovx,0.0203219815546983,0.016057009741123507
22,27.05.2015,4,2015,True,har_ovx,0.0194729726300581,0.017858956215641604
22,28.05.2015,4,2015,True,har_ovx,0.0198861956740879,0.018389598193868335
22,29.05.2015,4,2015,True,har_ovx,0.017908658933239,0.01755926692075874
22,01.06.2015,4,2015,True,har_ovx,0.0185276282463536,0.01850172393417502
22,02.06.2015,4,2015,True,har_ovx,0.0183671322860091,0.01871731029643944
22,03.06.2015,4,2015,True,har_ovx,0.0263455451324147,0.018956869143112422
22,04.06.2015,4,2015,True,har_ovx,0.025941205094236,0.020008355928647505
22,05.06.2015,4,2015,True,har_ovx,0.0254295767411291,0.02061620893137808
22,08.06.2015,4,2015,True,har_ovx,0.0262748495317626,0.018331073745231928
22,09.06.2015,4,2015,True,har_ovx,0.0249550902826979,0.01842346183980091
22,10.06.2015,4,2015,True,har_ovx,0.0247491351074988,0.018602189821549785
22,11.06.2015,4,2015,True,har_ovx,0.025001863751271,0.017580118502916707
22,12.06.2015,4,2015,True,har_ovx,0.0251996031746873,0.017587594081032235
22,15.06.2015,4,2015,True,har_ovx,0.0251229121328812,0.017684812734409496
22,16.06.2015,4,2015,True,har_ovx,0.0251217781395898,0.018221513225115914
22,17.06.2015,4,2015,True,har_ovx,0.0246656466616165,0.017967234842961748
22,18.06.2015,4,2015,True,har_ovx,0.0246834161794379,0.01821967384784718
22,19.06.2015,4,2015,True,har_ovx,0.0246015899043408,0.01741635773612833
22,22.06.2015,4,2015,True,har_ovx,0.0245801007275139,0.016991603139078586
22,23.06.2015,4,2015,True,har_ovx,0.0240291239621212,0.016609725823023648
22,24.06.2015,4,2015,True,har_ovx,0.0241590154453783,0.01651089350081458
22,25.06.2015,4,2015,True,har_ovx,0.0241697110287165,0.01628478034732221
22,26.06.2015,4,2015,True,har_ovx,0.0241794307866469,0.015985786471670396
22,29.06.2015,4,2015,True,har_ovx,0.0240564843220552,0.01508677608666309
22,30.06.2015,4,2015,True,har_ovx,0.0231209288637053,0.017462385662060008
22,01.07.2015,4,2015,True,har_ovx,0.0247454019255005,0.017190824073315486
22,02.07.2015,4,2015,True,har_ovx,0.0249927994592204,0.017895183245435212
22,06.07.2015,4,2015,True,har_ovx,0.0166502299634753,0.017148989823171763
22,07.07.2015,4,2015,True,har_ovx,0.0164891609184521,0.023214875246043355
22,08.07.2015,4,2015,True,har_ovx,0.016536354147849,0.022234319469005004
22,09.07.2015,4,2015,True,har_ovx,0.0175517332972683,0.022596491985245368
22,10.07.2015,4,2015,True,har_ovx,0.0178303610845234,0.022996054666436085
22,13.07.2015,4,2015,True,har_ovx,0.0181462967392414,0.022297864436057496
22,14.07.2015,4,2015,True,har_ovx,0.0176823800677018,0.021358296651988833
22,15.07.2015,4,2015,True,har_ovx,0.0172626470820633,0.02052062689218451
22,16.07.2015,4,2015,True,har_ovx,0.0170153318858045,0.021187332339647383
22,17.07.2015,4,2015,True,har_ovx,0.0169472754578701,0.0202978610921485
22,20.07.2015,4,2015,True,har_ovx,0.0178342263393723,0.01961761761218415
22,21.07.2015,4,2015,True,har_ovx,0.017516184895895,0.020555504633741072
22,22.07.2015,4,2015,True,har_ovx,0.0177930798206526,0.019832056959925577
22,23.07.2015,4,2015,True,har_ovx,0.021101985751724,0.02105783106152667
22,24.07.2015,4,2015,True,har_ovx,0.02170558049804,0.021412544348404255
22,27.07.2015,4,2015,True,har_ovx,0.0216517859662213,0.021613371201048823
22,28.07.2015,4,2015,True,har_ovx,0.0315123103478427,0.02270990931804052
22,29.07.2015,4,2015,True,har_ovx,0.03370526579115,0.021930789867758475
22,30.07.2015,4,2015,True,har_ovx,0.0379423051207955,0.02102140902582946
22,31.07.2015,4,2015,True,har_ovx,0.0422748285624589,0.020396447290096598
22,03.08.2015,4,2015,True,har_ovx,0.0409361665241519,0.021330785926444988
22,04.08.2015,4,2015,True,har_ovx,0.0408967945681581,0.02091902881448018
22,05.08.2015,4,2015,True,har_ovx,0.0411286285008557,0.01998794471583332
22,06.08.2015,4,2015,True,har_ovx,0.0411293863841675,0.019965156742546626
22,07.08.2015,4,2015,True,har_ovx,0.0418366611027956,0.020006388082853696
22,10.08.2015,4,2015,True,har_ovx,0.0414902651040073,0.020070406194253765
22,11.08.2015,4,2015,True,har_ovx,0.0412892855356597,0.02101610781590498
22,12.08.2015,4,2015,True,har_ovx,0.0419279795415188,0.0213150320003704
22,13.08.2015,4,2015,True,har_ovx,0.0419466110608552,0.02120944591968084
22,14.08.2015,4,2015,True,har_ovx,0.0419475111010474,0.021476250161880654
22,17.08.2015,4,2015,True,har_ovx,0.0434983365785201,0.02038539972739579
22,18.08.2015,4,2015,True,har_ovx,0.0440731427940998,0.020172309228674856
22,19.08.2015,4,2015,True,har_ovx,0.0439090904312537,0.019829186221878823
22,20.08.2015,4,2015,True,har_ovx,0.0438107604234548,0.02120792984177705
22,21.08.2015,4,2015,True,har_ovx,0.0438814986493922,0.02144554821196405
22,24.08.2015,4,2015,True,har_ovx,0.0414087585166208,0.02263886394075783
22,25.08.2015,4,2015,True,har_ovx,0.041389939790044,0.026335346010324202
22,26.08.2015,4,2015,True,har_ovx,0.0419176161139104,0.025232176995480412
22,27.08.2015,4,2015,True,har_ovx,0.0365896355471772,0.02411990883102203
22,28.08.2015,4,2015,True,har_ovx,0.0348295431453403,0.02872626911355396
22,31.08.2015,4,2015,True,har_ovx,0.0299170604375406,0.029711424921717244
22,01.09.2015,4,2015,True,har_ovx,0.0236333486134997,0.0320476300855673
22,02.09.2015,4,2015,True,har_ovx,0.023820540386592,0.034596328730361225
22,03.09.2015,4,2015,True,har_ovx,0.026450666888559,0.032022282025158846
22,04.09.2015,4,2015,True,har_ovx,0.0261328245359646,0.030438351768976836
22,08.09.2015,4,2015,True,har_ovx,0.0269582781251632,0.030220556274461723
22,09.09.2015,4,2015,True,har_ovx,0.0253277419793297,0.030293865567639158
22,10.09.2015,4,2015,True,har_ovx,0.027728846064668,0.030859600339256762
22,11.09.2015,4,2015,True,har_ovx,0.027653109762829,0.031004117947325743
22,14.09.2015,4,2015,True,har_ovx,0.026302029525239,0.03068242239975804
22,15.09.2015,4,2015,True,har_ovx,0.0264078454175928,0.031230505316159653
22,16.09.2015,4,2015,True,har_ovx,0.0264047994160843,0.031374373539513625
22,17.09.2015,4,2015,True,har_ovx,0.0239711634189232,0.03094643120451538
22,18.09.2015,4,2015,True,har_ovx,0.0228167528326745,0.02963785353069131
22,21.09.2015,4,2015,True,har_ovx,0.0222032674067188,0.029726396246480307
22,22.09.2015,4,2015,True,har_ovx,0.0222196692402588,0.03045422993822519
22,23.09.2015,4,2015,True,har_ovx,0.0214196995318,0.030011399058094072
22,24.09.2015,4,2015,True,har_ovx,0.0214256269884064,0.03145188494197368
22,25.09.2015,4,2015,True,har_ovx,0.0215412741575327,0.030536378073338442
22,28.09.2015,4,2015,True,har_ovx,0.023141660930182,0.028411399027760728
22,29.09.2015,4,2015,True,har_ovx,0.0228623445588772,0.029084448748987086
22,30.09.2015,4,2015,True,har_ovx,0.0230798462465391,0.02766629538654688
22,01.10.2015,4,2015,True,har_ovx,0.0231292667120697,0.02414106688559412
22,02.10.2015,4,2015,True,har_ovx,0.0242082638113885,0.02381108567178234
22,05.10.2015,4,2015,True,har_ovx,0.0253002047398385,0.022996943299747455
22,06.10.2015,4,2015,True,har_ovx,0.0223975982671834,0.023349590707642115
22,07.10.2015,4,2015,True,har_ovx,0.0224028906285631,0.024828684700504512
22,08.10.2015,4,2015,True,har_ovx,0.0208618481806299,0.023441077936083625
22,09.10.2015,4,2015,True,har_ovx,0.0209755424674114,0.023854934092178395
22,12.10.2015,4,2015,True,har_ovx,0.0191045848340455,0.023200013972599513
22,13.10.2015,4,2015,True,har_ovx,0.0204588437369217,0.025062666113229506
22,14.10.2015,4,2015,True,har_ovx,0.0204746149158232,0.024841463521555092
22,15.10.2015,4,2015,True,har_ovx,0.0204824714095327,0.023515625959580372
22,16.10.2015,4,2015,True,har_ovx,0.0204747864486127,0.022790006190464417
22,19.10.2015,4,2015,True,har_ovx,0.0208313888467157,0.02129515085975657
22,20.10.2015,4,2015,True,har_ovx,0.0208159065384055,0.02174855224823838
22,21.10.2015,4,2015,True,har_ovx,0.0208344181472612,0.0221839825303107
22,22.10.2015,4,2015,True,har_ovx,0.0208174399999923,0.02226572400128808
22,23.10.2015,4,2015,True,har_ovx,0.0218793495697508,0.02137866162220784
22,26.10.2015,4,2015,True,har_ovx,0.0218198032896957,0.021884116412292376
22,27.10.2015,4,2015,True,har_ovx,0.0224072531600783,0.022462499641380834
22,28.10.2015,4,2015,True,har_ovx,0.0195949074589064,0.023284057491120457
22,29.10.2015,4,2015,True,har_ovx,0.0195943407190535,0.02400275677410374
22,30.10.2015,4,2015,True,har_ovx,0.0208836125095689,0.023077162184790858
22,02.11.2015,4,2015,True,har_ovx,0.0223056176470251,0.02251427861442388
22,03.11.2015,4,2015,True,har_ovx,0.0206033896624603,0.02240932931745849
22,04.11.2015,4,2015,True,har_ovx,0.021893741116216,0.021964050741632997
22,05.11.2015,4,2015,True,har_ovx,0.0218865517733327,0.022499807807093618
22,06.11.2015,4,2015,True,har_ovx,0.0218875181463704,0.02075809310005068
22,09.11.2015,4,2015,True,har_ovx,0.0218821964907372,0.021024070993528356
22,10.11.2015,4,2015,True,har_ovx,0.023143415113099,0.0207729442746021
22,11.11.2015,4,2015,True,har_ovx,0.02254795467043,0.019973004366189984
22,12.11.2015,4,2015,True,har_ovx,0.0219665680137501,0.02189084817213794
22,13.11.2015,4,2015,True,har_ovx,0.0227075703870179,0.023163011933651584
22,16.11.2015,4,2015,True,har_ovx,0.022713504459163,0.023788648474992926
22,17.11.2015,4,2015,True,har_ovx,0.0226600885230561,0.02417373017948145
22,18.11.2015,4,2015,True,har_ovx,0.0222250663595002,0.023813352694938582
22,19.11.2015,4,2015,True,har_ovx,0.0221258162866528,0.0226609880475694
22,20.11.2015,4,2015,True,har_ovx,0.0236273193431405,0.02267432737118614
22,23.11.2015,4,2015,True,har_ovx,0.0239735504436782,0.023411248765401033
22,24.11.2015,4,2015,True,har_ovx,0.0231912123611283,0.023724689350647817
22,25.11.2015,4,2015,True,har_ovx,0.0247629052917639,0.02482185892776884
22,27.11.2015,4,2015,True,har_ovx,0.0250731334754003,0.02428365474945179
22,30.11.2015,4,2015,True,har_ovx,0.0259621334792843,0.02470971310062962
22,01.12.2015,4,2015,True,har_ovx,0.0259839661407775,0.024197701045605775
22,02.12.2015,4,2015,True,har_ovx,0.0248671299009348,0.024640055593971824
22,03.12.2015,4,2015,True,har_ovx,0.0259582795837725,0.026301811630958863
22,04.12.2015,4,2015,True,har_ovx,0.0259044998473814,0.02558075239348118
22,07.12.2015,4,2015,True,har_ovx,0.0240467309034863,0.023174973888703043
22,08.12.2015,4,2015,True,har_ovx,0.0265421690792248,0.025846961942375415
22,09.12.2015,4,2015,True,har_ovx,0.0265890791719111,0.0258529515369471
22,10.12.2015,4,2015,True,har_ovx,0.0266139610603763,0.026247609261791458
22,11.12.2015,4,2015,True,har_ovx,0.0265226229156437,0.026077416629231995
22,14.12.2015,4,2015,True,har_ovx,0.0265166835060664,0.02806317980003176
22,15.12.2015,4,2015,True,har_ovx,0.029482704719473,0.02794944138781073
22,16.12.2015,4,2015,True,har_ovx,0.0294136154325953,0.02586124932022619
22,17.12.2015,4,2015,True,har_ovx,0.0320915415063924,0.025237070525640178
22,18.12.2015,4,2015,True,har_ovx,0.0393072881158112,0.024579084689872688
22,21.12.2015,4,2015,True,har_ovx,0.0405656295755913,0.025606857229636713
22,22.12.2015,4,2015,True,har_ovx,0.0419299003105449,0.02547284202229626
22,23.12.2015,4,2015,True,har_ovx,0.0422215285398585,0.025202415234231827
22,24.12.2015,4,2015,True,har_ovx,0.042479219889486,0.025019936983799236
22,28.12.2015,4,2015,True,har_ovx,0.0424180045187395,0.023725734265042715
22,29.12.2015,4,2015,True,har_ovx,0.0417425468689466,0.02497578628403102
22,30.12.2015,4,2015,True,har_ovx,0.0428320401722491,0.024586539906185242
22,31.12.2015,4,2015,True,har_ovx,0.0452938781187508,0.02509120708210099
22,02.01.2015,4,2015,True,har_gpr,0.036454003246098,0.018736948471550975
22,05.01.2015,4,2015,True,har_gpr,0.0352148947838802,0.01887583825044788
22,06.01.2015,4,2015,True,har_gpr,0.034161492450844,0.023172248215421343
22,07.01.2015,4,2015,True,har_gpr,0.0341539442344388,0.023119210965750085
22,08.01.2015,4,2015,True,har_gpr,0.0351217504489939,0.021584188474170388
22,09.01.2015,4,2015,True,har_gpr,0.0357012524614829,0.021311871317495602
22,12.01.2015,4,2015,True,har_gpr,0.0340654761175048,0.021010271428579235
22,13.01.2015,4,2015,True,har_gpr,0.0335659081403405,0.023115941564218645
22,14.01.2015,4,2015,True,har_gpr,0.0366481370438628,0.02184896307081232
22,15.01.2015,4,2015,True,har_gpr,0.0372029661547698,0.025851046687034807
22,16.01.2015,4,2015,True,har_gpr,0.0372992442891439,0.02525391150022264
22,20.01.2015,4,2015,True,har_gpr,0.0373556214952553,0.02473557373842838
22,21.01.2015,4,2015,True,har_gpr,0.0378903727077808,0.024801213152235917
22,22.01.2015,4,2015,True,har_gpr,0.0377640015100771,0.02431683336257868
22,23.01.2015,4,2015,True,har_gpr,0.0387380739691978,0.02355318398355228
22,26.01.2015,4,2015,True,har_gpr,0.0392106096918362,0.022309417858896202
22,27.01.2015,4,2015,True,har_gpr,0.0395683921299757,0.021822757170515503
22,28.01.2015,4,2015,True,har_gpr,0.0410344104970206,0.023747532623990347
22,29.01.2015,4,2015,True,har_gpr,0.0411550261894416,0.023561815646980365
22,30.01.2015,4,2015,True,har_gpr,0.0385662580630387,0.02363925781168815
22,02.02.2015,4,2015,True,har_gpr,0.0381265870772915,0.03075819378794209
22,03.02.2015,4,2015,True,har_gpr,0.0364758550646474,0.030274348915733496
22,04.02.2015,4,2015,True,har_gpr,0.0335516687348119,0.030524886893334574
22,05.02.2015,4,2015,True,har_gpr,0.0333846419080673,0.03352158506474477
22,06.02.2015,4,2015,True,har_gpr,0.0333449914296978,0.03378303490995323
22,09.02.2015,4,2015,True,har_gpr,0.033314419990445,0.032955642339515305
22,10.02.2015,4,2015,True,har_gpr,0.0338313890792574,0.03117875069188348
22,11.02.2015,4,2015,True,har_gpr,0.0334951985435918,0.03035762958809652
22,12.02.2015,4,2015,True,har_gpr,0.0320393057021528,0.03034359056770447
22,13.02.2015,4,2015,True,har_gpr,0.0336256578776736,0.03057592210061154
22,17.02.2015,4,2015,True,har_gpr,0.0278283212376172,0.028990416259313465
22,18.02.2015,4,2015,True,har_gpr,0.0275816243984495,0.03482637913953903
22,19.02.2015,4,2015,True,har_gpr,0.0277607235806087,0.034400479169969474
22,20.02.2015,4,2015,True,har_gpr,0.0278496118499637,0.033508744399302626
22,23.02.2015,4,2015,True,har_gpr,0.0281803435747379,0.03312883433778525
22,24.02.2015,4,2015,True,har_gpr,0.0300260590484219,0.03459761288211278
22,25.02.2015,4,2015,True,har_gpr,0.0296449250665583,0.0323638174877642
22,26.02.2015,4,2015,True,har_gpr,0.0292373435233924,0.03479128928404705
22,27.02.2015,4,2015,True,har_gpr,0.0277339576869872,0.034407739383897205
22,02.03.2015,4,2015,True,har_gpr,0.0272432055571291,0.035511255305253384
22,03.03.2015,4,2015,True,har_gpr,0.0276343433390716,0.03584909225639546
22,04.03.2015,4,2015,True,har_gpr,0.0305079399467737,0.035023380115457727
22,05.03.2015,4,2015,True,har_gpr,0.0307646370081202,0.032938150498340486
22,06.03.2015,4,2015,True,har_gpr,0.0333398466138182,0.02995283811957675
22,09.03.2015,4,2015,True,har_gpr,0.0334152508531775,0.02913575755169379
22,10.03.2015,4,2015,True,har_gpr,0.0328047700072591,0.029667925258129377
22,11.03.2015,4,2015,True,har_gpr,0.0325292121417122,0.03069337668963125
22,12.03.2015,4,2015,True,har_gpr,0.0325194534259085,0.03021635317322157
22,13.03.2015,4,2015,True,har_gpr,0.0315816859921992,0.029262867804865624
22,16.03.2015,4,2015,True,har_gpr,0.0310051757718654,0.030442173384491664
22,17.03.2015,4,2015,True,har_gpr,0.0323323700333958,0.030235191267143403
22,18.03.2015,4,2015,True,har_gpr,0.0312515758759507,0.024056256657464855
22,19.03.2015,4,2015,True,har_gpr,0.0310207242522601,0.027110493554876453
22,20.03.2015,4,2015,True,har_gpr,0.030954093169634,0.027019969191077627
22,23.03.2015,4,2015,True,har_gpr,0.0314946332617026,0.026794942254200527
22,24.03.2015,4,2015,True,har_gpr,0.0311333342718549,0.025915664933480596
22,25.03.2015,4,2015,True,har_gpr,0.0310448056917463,0.026206973424813294
22,26.03.2015,4,2015,True,har_gpr,0.0297314011024455,0.02474498936716922
22,27.03.2015,4,2015,True,har_gpr,0.0274761534562875,0.02670853214434051
22,30.03.2015,4,2015,True,har_gpr,0.0274373060342002,0.027487227545549955
22,31.03.2015,4,2015,True,har_gpr,0.0268296719735653,0.02390506767621921
22,01.04.2015,4,2015,True,har_gpr,0.0261924562223899,0.024080191872130636
22,02.04.2015,4,2015,True,har_gpr,0.0242068820319879,0.025686455637490942
22,06.04.2015,4,2015,True,har_gpr,0.021854288864629,0.02628615683273507
22,07.04.2015,4,2015,True,har_gpr,0.0233564478475721,0.030776804874267878
22,08.04.2015,4,2015,True,har_gpr,0.0181279484588682,0.02964617234376045
22,09.04.2015,4,2015,True,har_gpr,0.0182229279910493,0.032854929425042936
22,10.04.2015,4,2015,True,har_gpr,0.0185745905845733,0.03150914276029455
22,13.04.2015,4,2015,True,har_gpr,0.0186037503528774,0.03170243733460559
22,14.04.2015,4,2015,True,har_gpr,0.0187119400210895,0.029520158366777245
22,15.04.2015,4,2015,True,har_gpr,0.0178278718730516,0.02927305370661111
22,16.04.2015,4,2015,True,har_gpr,0.0179203905834142,0.02924146434778528
22,17.04.2015,4,2015,True,har_gpr,0.0167582332701417,0.027493044714594822
22,20.04.2015,4,2015,True,har_gpr,0.0170695564287223,0.029677547821763448
22,21.04.2015,4,2015,True,har_gpr,0.0168719376934932,0.027928015611371176
22,22.04.2015,4,2015,True,har_gpr,0.0173557567022247,0.029300395566885535
22,23.04.2015,4,2015,True,har_gpr,0.0168151454222505,0.028643667352522814
22,24.04.2015,4,2015,True,har_gpr,0.0175778355662096,0.0295855872664688
22,27.04.2015,4,2015,True,har_gpr,0.0176877082671825,0.02743835628799055
22,28.04.2015,4,2015,True,har_gpr,0.020439319670921,0.026632502652626962
22,29.04.2015,4,2015,True,har_gpr,0.0201691884455215,0.026302866334259614
22,30.04.2015,4,2015,True,har_gpr,0.020025985249804,0.02624230942792139
22,01.05.2015,4,2015,True,har_gpr,0.0207292593870735,0.025360575975848603
22,04.05.2015,4,2015,True,har_gpr,0.021465133360276,0.023631061596096348
22,05.05.2015,4,2015,True,har_gpr,0.0216737289296382,0.021783293002053755
22,06.05.2015,4,2015,True,har_gpr,0.0216689328527841,0.02219264534457747
22,07.05.2015,4,2015,True,har_gpr,0.0220294849315067,0.016834300795318835
22,08.05.2015,4,2015,True,har_gpr,0.0221975900937374,0.019980926728160417
22,11.05.2015,4,2015,True,har_gpr,0.0222272589755798,0.018952787613235846
22,12.05.2015,4,2015,True,har_gpr,0.0215737723298363,0.017549790222737664
22,13.05.2015,4,2015,True,har_gpr,0.0219023169899287,0.018918875875364154
22,14.05.2015,4,2015,True,har_gpr,0.0219131652639499,0.01747963551160516
22,15.05.2015,4,2015,True,har_gpr,0.0224256849763122,0.017248470824596886
22,18.05.2015,4,2015,True,har_gpr,0.0224802560299623,0.014777926010770492
22,19.05.2015,4,2015,True,har_gpr,0.0216366029558762,0.014792116802304108
22,20.05.2015,4,2015,True,har_gpr,0.0213712921943803,0.016545505564255072
22,21.05.2015,4,2015,True,har_gpr,0.0211023484073544,0.01634699872643029
22,22.05.2015,4,2015,True,har_gpr,0.0210097441491766,0.01609132630013216
22,26.05.2015,4,2015,True,har_gpr,0.0203219815546983,0.016380922956956125
22,27.05.2015,4,2015,True,har_gpr,0.0194729726300581,0.019050686707697585
22,28.05.2015,4,2015,True,har_gpr,0.0198861956740879,0.019659846380606846
22,29.05.2015,4,2015,True,har_gpr,0.017908658933239,0.018757994529471578
22,01.06.2015,4,2015,True,har_gpr,0.0185276282463536,0.022326420179469078
22,02.06.2015,4,2015,True,har_gpr,0.0183671322860091,0.021000372013252763
22,03.06.2015,4,2015,True,har_gpr,0.0263455451324147,0.020924264648552574
22,04.06.2015,4,2015,True,har_gpr,0.025941205094236,0.021634059289781717
22,05.06.2015,4,2015,True,har_gpr,0.0254295767411291,0.02236207879968667
22,08.06.2015,4,2015,True,har_gpr,0.0262748495317626,0.021365903031401744
22,09.06.2015,4,2015,True,har_gpr,0.0249550902826979,0.02070898087996692
22,10.06.2015,4,2015,True,har_gpr,0.0247491351074988,0.022758699339408092
22,11.06.2015,4,2015,True,har_gpr,0.025001863751271,0.021376661123005306
22,12.06.2015,4,2015,True,har_gpr,0.0251996031746873,0.02106154988477569
22,15.06.2015,4,2015,True,har_gpr,0.0251229121328812,0.02172511150968548
22,16.06.2015,4,2015,True,har_gpr,0.0251217781395898,0.023440025092029946
22,17.06.2015,4,2015,True,har_gpr,0.0246656466616165,0.022454733574670656
22,18.06.2015,4,2015,True,har_gpr,0.0246834161794379,0.02253744539650287
22,19.06.2015,4,2015,True,har_gpr,0.0246015899043408,0.022009243375821667
22,22.06.2015,4,2015,True,har_gpr,0.0245801007275139,0.022115202494880238
22,23.06.2015,4,2015,True,har_gpr,0.0240291239621212,0.02084195977042666
22,24.06.2015,4,2015,True,har_gpr,0.0241590154453783,0.02095543274446967
22,25.06.2015,4,2015,True,har_gpr,0.0241697110287165,0.020423810562040234
22,26.06.2015,4,2015,True,har_gpr,0.0241794307866469,0.02008948906637494
22,29.06.2015,4,2015,True,har_gpr,0.0240564843220552,0.01752090719894909
22,30.06.2015,4,2015,True,har_gpr,0.0231209288637053,0.01807622940546856
22,01.07.2015,4,2015,True,har_gpr,0.0247454019255005,0.01901850206504299
22,02.07.2015,4,2015,True,har_gpr,0.0249927994592204,0.019074331040370106
22,06.07.2015,4,2015,True,har_gpr,0.0166502299634753,0.017602257006733953
22,07.07.2015,4,2015,True,har_gpr,0.0164891609184521,0.02736102796497244
22,08.07.2015,4,2015,True,har_gpr,0.016536354147849,0.025138058847583078
22,09.07.2015,4,2015,True,har_gpr,0.0175517332972683,0.02372992574895281
22,10.07.2015,4,2015,True,har_gpr,0.0178303610845234,0.025186544868757953
22,13.07.2015,4,2015,True,har_gpr,0.0181462967392414,0.024547753298306628
22,14.07.2015,4,2015,True,har_gpr,0.0176823800677018,0.022745073025182534
22,15.07.2015,4,2015,True,har_gpr,0.0172626470820633,0.02265270193244428
22,16.07.2015,4,2015,True,har_gpr,0.0170153318858045,0.02362081923175815
22,17.07.2015,4,2015,True,har_gpr,0.0169472754578701,0.022583282738501322
22,20.07.2015,4,2015,True,har_gpr,0.0178342263393723,0.022286068978833316
22,21.07.2015,4,2015,True,har_gpr,0.017516184895895,0.022787044086186266
22,22.07.2015,4,2015,True,har_gpr,0.0177930798206526,0.022542316704043216
22,23.07.2015,4,2015,True,har_gpr,0.021101985751724,0.02230477435854981
22,24.07.2015,4,2015,True,har_gpr,0.02170558049804,0.02224551087801716
22,27.07.2015,4,2015,True,har_gpr,0.0216517859662213,0.022113504831274444
22,28.07.2015,4,2015,True,har_gpr,0.0315123103478427,0.022420229918262525
22,29.07.2015,4,2015,True,har_gpr,0.03370526579115,0.021638534511282333
22,30.07.2015,4,2015,True,har_gpr,0.0379423051207955,0.020898581595071315
22,31.07.2015,4,2015,True,har_gpr,0.0422748285624589,0.020698734125796883
22,03.08.2015,4,2015,True,har_gpr,0.0409361665241519,0.021381076973183533
22,04.08.2015,4,2015,True,har_gpr,0.0408967945681581,0.02003378548215015
22,05.08.2015,4,2015,True,har_gpr,0.0411286285008557,0.019094065439274988
22,06.08.2015,4,2015,True,har_gpr,0.0411293863841675,0.018888883190666228
22,07.08.2015,4,2015,True,har_gpr,0.0418366611027956,0.017291481902397616
22,10.08.2015,4,2015,True,har_gpr,0.0414902651040073,0.017712619434518025
22,11.08.2015,4,2015,True,har_gpr,0.0412892855356597,0.01919217599532727
22,12.08.2015,4,2015,True,har_gpr,0.0419279795415188,0.0189320785280746
22,13.08.2015,4,2015,True,har_gpr,0.0419466110608552,0.01854925927240889
22,14.08.2015,4,2015,True,har_gpr,0.0419475111010474,0.018286945677066832
22,17.08.2015,4,2015,True,har_gpr,0.0434983365785201,0.018011774091176463
22,18.08.2015,4,2015,True,har_gpr,0.0440731427940998,0.016822843949690202
22,19.08.2015,4,2015,True,har_gpr,0.0439090904312537,0.016450855660502077
22,20.08.2015,4,2015,True,har_gpr,0.0438107604234548,0.01827224594769695
22,21.08.2015,4,2015,True,har_gpr,0.0438814986493922,0.01761089684888069
22,24.08.2015,4,2015,True,har_gpr,0.0414087585166208,0.018285450067059415
22,25.08.2015,4,2015,True,har_gpr,0.041389939790044,0.022297308788902515
22,26.08.2015,4,2015,True,har_gpr,0.0419176161139104,0.021571755325873604
22,27.08.2015,4,2015,True,har_gpr,0.0365896355471772,0.02127365753631245
22,28.08.2015,4,2015,True,har_gpr,0.0348295431453403,0.03324301028774345
22,31.08.2015,4,2015,True,har_gpr,0.0299170604375406,0.033581540903835964
22,01.09.2015,4,2015,True,har_gpr,0.0236333486134997,0.03548276889800756
22,02.09.2015,4,2015,True,har_gpr,0.023820540386592,0.04131934506002587
22,03.09.2015,4,2015,True,har_gpr,0.026450666888559,0.03948768273474279
22,04.09.2015,4,2015,True,har_gpr,0.0261328245359646,0.03860739735830498
22,08.09.2015,4,2015,True,har_gpr,0.0269582781251632,0.03901201992024211
22,09.09.2015,4,2015,True,har_gpr,0.0253277419793297,0.03647887653378802
22,10.09.2015,4,2015,True,har_gpr,0.027728846064668,0.03703041896074777
22,11.09.2015,4,2015,True,har_gpr,0.027653109762829,0.03712412989951296
22,14.09.2015,4,2015,True,har_gpr,0.026302029525239,0.036852524529235355
22,15.09.2015,4,2015,True,har_gpr,0.0264078454175928,0.038916156236445426
22,16.09.2015,4,2015,True,har_gpr,0.0264047994160843,0.03812672016724579
22,17.09.2015,4,2015,True,har_gpr,0.0239711634189232,0.03776879144914222
22,18.09.2015,4,2015,True,har_gpr,0.0228167528326745,0.040246838782940976
22,21.09.2015,4,2015,True,har_gpr,0.0222032674067188,0.04035175937623894
22,22.09.2015,4,2015,True,har_gpr,0.0222196692402588,0.039353340496391324
22,23.09.2015,4,2015,True,har_gpr,0.0214196995318,0.036560933051752745
22,24.09.2015,4,2015,True,har_gpr,0.0214256269884064,0.03791323511276168
22,25.09.2015,4,2015,True,har_gpr,0.0215412741575327,0.03690569911577501
22,28.09.2015,4,2015,True,har_gpr,0.023141660930182,0.03233835215566937
22,29.09.2015,4,2015,True,har_gpr,0.0228623445588772,0.031665005993838535
22,30.09.2015,4,2015,True,har_gpr,0.0230798462465391,0.027890226283143787
22,01.10.2015,4,2015,True,har_gpr,0.0231292667120697,0.0221640464501985
22,02.10.2015,4,2015,True,har_gpr,0.0242082638113885,0.022283790555932943
22,05.10.2015,4,2015,True,har_gpr,0.0253002047398385,0.022234303103773157
22,06.10.2015,4,2015,True,har_gpr,0.0223975982671834,0.02388189520117508
22,07.10.2015,4,2015,True,har_gpr,0.0224028906285631,0.027225285613016226
22,08.10.2015,4,2015,True,har_gpr,0.0208618481806299,0.02499686657095389
22,09.10.2015,4,2015,True,har_gpr,0.0209755424674114,0.02565414767343718
22,12.10.2015,4,2015,True,har_gpr,0.0191045848340455,0.024923285812041437
22,13.10.2015,4,2015,True,har_gpr,0.0204588437369217,0.028151448660585457
22,14.10.2015,4,2015,True,har_gpr,0.0204746149158232,0.026674432275788938
22,15.10.2015,4,2015,True,har_gpr,0.0204824714095327,0.02640395742144553
22,16.10.2015,4,2015,True,har_gpr,0.0204747864486127,0.02429370215787192
22,19.10.2015,4,2015,True,har_gpr,0.0208313888467157,0.023199678474383076
22,20.10.2015,4,2015,True,har_gpr,0.0208159065384055,0.02100055859984831
22,21.10.2015,4,2015,True,har_gpr,0.0208344181472612,0.02092498456353832
22,22.10.2015,4,2015,True,har_gpr,0.0208174399999923,0.021162704786094888
22,23.10.2015,4,2015,True,har_gpr,0.0218793495697508,0.020799699465881744
22,26.10.2015,4,2015,True,har_gpr,0.0218198032896957,0.020640701339787227
22,27.10.2015,4,2015,True,har_gpr,0.0224072531600783,0.0205363186170464
22,28.10.2015,4,2015,True,har_gpr,0.0195949074589064,0.02057311800207146
22,29.10.2015,4,2015,True,har_gpr,0.0195943407190535,0.024066910371172805
22,30.10.2015,4,2015,True,har_gpr,0.0208836125095689,0.02280168796747939
22,02.11.2015,4,2015,True,har_gpr,0.0223056176470251,0.023213089637396392
22,03.11.2015,4,2015,True,har_gpr,0.0206033896624603,0.0232963274115598
22,04.11.2015,4,2015,True,har_gpr,0.021893741116216,0.022450816864898786
22,05.11.2015,4,2015,True,har_gpr,0.0218865517733327,0.023834668069079818
22,06.11.2015,4,2015,True,har_gpr,0.0218875181463704,0.021999228624324678
22,09.11.2015,4,2015,True,har_gpr,0.0218821964907372,0.021922248789930314
22,10.11.2015,4,2015,True,har_gpr,0.023143415113099,0.01888162715592586
22,11.11.2015,4,2015,True,har_gpr,0.02254795467043,0.018349811073101487
22,12.11.2015,4,2015,True,har_gpr,0.0219665680137501,0.020130746908021663
22,13.11.2015,4,2015,True,har_gpr,0.0227075703870179,0.021573038817586845
22,16.11.2015,4,2015,True,har_gpr,0.022713504459163,0.020794814073645224
22,17.11.2015,4,2015,True,har_gpr,0.0226600885230561,0.017256911317395752
22,18.11.2015,4,2015,True,har_gpr,0.0222250663595002,0.017152613976714432
22,19.11.2015,4,2015,True,har_gpr,0.0221258162866528,0.017670991023865514
22,20.11.2015,4,2015,True,har_gpr,0.0236273193431405,0.016756951733145058
22,23.11.2015,4,2015,True,har_gpr,0.0239735504436782,0.017137191595516518
22,24.11.2015,4,2015,True,har_gpr,0.0231912123611283,0.019491344122273054
22,25.11.2015,4,2015,True,har_gpr,0.0247629052917639,0.02102899979175859
22,27.11.2015,4,2015,True,har_gpr,0.0250731334754003,0.018143079415956723
22,30.11.2015,4,2015,True,har_gpr,0.0259621334792843,0.019950164158757774
22,01.12.2015,4,2015,True,har_gpr,0.0259839661407775,0.01954545866150124
22,02.12.2015,4,2015,True,har_gpr,0.0248671299009348,0.019381703989114776
22,03.12.2015,4,2015,True,har_gpr,0.0259582795837725,0.020159930954126607
22,04.12.2015,4,2015,True,har_gpr,0.0259044998473814,0.020623959551568045
22,07.12.2015,4,2015,True,har_gpr,0.0240467309034863,0.02038547918504162
22,08.12.2015,4,2015,True,har_gpr,0.0265421690792248,0.02223821414627601
22,09.12.2015,4,2015,True,har_gpr,0.0265890791719111,0.021058213123810364
22,10.12.2015,4,2015,True,har_gpr,0.0266139610603763,0.020573035933845553
22,11.12.2015,4,2015,True,har_gpr,0.0265226229156437,0.019569700739753757
22,14.12.2015,4,2015,True,har_gpr,0.0265166835060664,0.02118820152184383
22,15.12.2015,4,2015,True,har_gpr,0.029482704719473,0.021456254088589217
22,16.12.2015,4,2015,True,har_gpr,0.0294136154325953,0.022350149194860808
22,17.12.2015,4,2015,True,har_gpr,0.0320915415063924,0.023512738384375936
22,18.12.2015,4,2015,True,har_gpr,0.0393072881158112,0.0223345774392612
22,21.12.2015,4,2015,True,har_gpr,0.0405656295755913,0.02208512144179213
22,22.12.2015,4,2015,True,har_gpr,0.0419299003105449,0.020964267844620646
22,23.12.2015,4,2015,True,har_gpr,0.0422215285398585,0.020354945977848926
22,24.12.2015,4,2015,True,har_gpr,0.042479219889486,0.02182026042342347
22,28.12.2015,4,2015,True,har_gpr,0.0424180045187395,0.02171095685317785
22,29.12.2015,4,2015,True,har_gpr,0.0417425468689466,0.022266787077766453
22,30.12.2015,4,2015,True,har_gpr,0.0428320401722491,0.023609872535465794
22,31.12.2015,4,2015,True,har_gpr,0.0452938781187508,0.02453991083707338
22,02.01.2015,4,2015,True,har_x,0.036454003246098,0.02486653211895243
22,05.01.2015,4,2015,True,har_x,0.0352148947838802,0.026686865271507702
22,06.01.2015,4,2015,True,har_x,0.034161492450844,0.02965400312773923
22,07.01.2015,4,2015,True,har_x,0.0341539442344388,0.028970065357421606
22,08.01.2015,4,2015,True,har_x,0.0351217504489939,0.02686438020148034
22,09.01.2015,4,2015,True,har_x,0.0357012524614829,0.0257832158187046
22,12.01.2015,4,2015,True,har_x,0.0340654761175048,0.025371945306330915
22,13.01.2015,4,2015,True,har_x,0.0335659081403405,0.02754512630847312
22,14.01.2015,4,2015,True,har_x,0.0366481370438628,0.027222336092275767
22,15.01.2015,4,2015,True,har_x,0.0372029661547698,0.02817934566563706
22,16.01.2015,4,2015,True,har_x,0.0372992442891439,0.0298125930955248
22,20.01.2015,4,2015,True,har_x,0.0373556214952553,0.028943004956539977
22,21.01.2015,4,2015,True,har_x,0.0378903727077808,0.02993542655174157
22,22.01.2015,4,2015,True,har_x,0.0377640015100771,0.028650719450402123
22,23.01.2015,4,2015,True,har_x,0.0387380739691978,0.029066814986831425
22,26.01.2015,4,2015,True,har_x,0.0392106096918362,0.029237453036459728
22,27.01.2015,4,2015,True,har_x,0.0395683921299757,0.02843435138467197
22,28.01.2015,4,2015,True,har_x,0.0410344104970206,0.028046509274221504
22,29.01.2015,4,2015,True,har_x,0.0411550261894416,0.028316710394254877
22,30.01.2015,4,2015,True,har_x,0.0385662580630387,0.02807260451628104
22,02.02.2015,4,2015,True,har_x,0.0381265870772915,0.03214152380051091
22,03.02.2015,4,2015,True,har_x,0.0364758550646474,0.03153692900800258
22,04.02.2015,4,2015,True,har_x,0.0335516687348119,0.03248040619249809
22,05.02.2015,4,2015,True,har_x,0.0333846419080673,0.03450303418339998
22,06.02.2015,4,2015,True,har_x,0.0333449914296978,0.034630140239787416
22,09.02.2015,4,2015,True,har_x,0.033314419990445,0.033384917775409854
22,10.02.2015,4,2015,True,har_x,0.0338313890792574,0.030328204875975588
22,11.02.2015,4,2015,True,har_x,0.0334951985435918,0.031664971072064646
22,12.02.2015,4,2015,True,har_x,0.0320393057021528,0.03229071835995158
22,13.02.2015,4,2015,True,har_x,0.0336256578776736,0.03177718365888022
22,17.02.2015,4,2015,True,har_x,0.0278283212376172,0.029714685260810607
22,18.02.2015,4,2015,True,har_x,0.0275816243984495,0.032011605053320534
22,19.02.2015,4,2015,True,har_x,0.0277607235806087,0.03142349748823688
22,20.02.2015,4,2015,True,har_x,0.0278496118499637,0.030980620923721957
22,23.02.2015,4,2015,True,har_x,0.0281803435747379,0.030107020804302023
22,24.02.2015,4,2015,True,har_x,0.0300260590484219,0.032747817784266685
22,25.02.2015,4,2015,True,har_x,0.0296449250665583,0.0315821517866213
22,26.02.2015,4,2015,True,har_x,0.0292373435233924,0.031804684988973576
22,27.02.2015,4,2015,True,har_x,0.0277339576869872,0.03212987663583683
22,02.03.2015,4,2015,True,har_x,0.0272432055571291,0.03221392944261347
22,03.03.2015,4,2015,True,har_x,0.0276343433390716,0.031890158461735235
22,04.03.2015,4,2015,True,har_x,0.0305079399467737,0.0306493126038576
22,05.03.2015,4,2015,True,har_x,0.0307646370081202,0.028220264089499937
22,06.03.2015,4,2015,True,har_x,0.0333398466138182,0.02642244491656138
22,09.03.2015,4,2015,True,har_x,0.0334152508531775,0.027179534136281047
22,10.03.2015,4,2015,True,har_x,0.0328047700072591,0.027849313343469347
22,11.03.2015,4,2015,True,har_x,0.0325292121417122,0.02919167589126381
22,12.03.2015,4,2015,True,har_x,0.0325194534259085,0.02801844848704758
22,13.03.2015,4,2015,True,har_x,0.0315816859921992,0.027814551752095646
22,16.03.2015,4,2015,True,har_x,0.0310051757718654,0.03044089698628705
22,17.03.2015,4,2015,True,har_x,0.0323323700333958,0.031316183202706765
22,18.03.2015,4,2015,True,har_x,0.0312515758759507,0.03034974759010168
22,19.03.2015,4,2015,True,har_x,0.0310207242522601,0.028796578604590253
22,20.03.2015,4,2015,True,har_x,0.030954093169634,0.028706328858527294
22,23.03.2015,4,2015,True,har_x,0.0314946332617026,0.027398128857286715
22,24.03.2015,4,2015,True,har_x,0.0311333342718549,0.026354715313021353
22,25.03.2015,4,2015,True,har_x,0.0310448056917463,0.025841926769426968
22,26.03.2015,4,2015,True,har_x,0.0297314011024455,0.025146301136298944
22,27.03.2015,4,2015,True,har_x,0.0274761534562875,0.027022763138584656
22,30.03.2015,4,2015,True,har_x,0.0274373060342002,0.028374347049363993
22,31.03.2015,4,2015,True,har_x,0.0268296719735653,0.026271096853158097
22,01.04.2015,4,2015,True,har_x,0.0261924562223899,0.027161212934664645
22,02.04.2015,4,2015,True,har_x,0.0242068820319879,0.02654118076123963
22,06.04.2015,4,2015,True,har_x,0.021854288864629,0.026447704715960727
22,07.04.2015,4,2015,True,har_x,0.0233564478475721,0.027764003958854054
22,08.04.2015,4,2015,True,har_x,0.0181279484588682,0.026271742253800294
22,09.04.2015,4,2015,True,har_x,0.0182229279910493,0.028175826611079743
22,10.04.2015,4,2015,True,har_x,0.0185745905845733,0.026906096914064412
22,13.04.2015,4,2015,True,har_x,0.0186037503528774,0.02554357718044113
22,14.04.2015,4,2015,True,har_x,0.0187119400210895,0.025350308597771057
22,15.04.2015,4,2015,True,har_x,0.0178278718730516,0.02551722296398817
22,16.04.2015,4,2015,True,har_x,0.0179203905834142,0.026764635700420515
22,17.04.2015,4,2015,True,har_x,0.0167582332701417,0.024822381579795907
22,20.04.2015,4,2015,True,har_x,0.0170695564287223,0.02503451946692887
22,21.04.2015,4,2015,True,har_x,0.0168719376934932,0.02406152242338277
22,22.04.2015,4,2015,True,har_x,0.0173557567022247,0.024070276668787978
22,23.04.2015,4,2015,True,har_x,0.0168151454222505,0.02296261323410018
22,24.04.2015,4,2015,True,har_x,0.0175778355662096,0.022930460935377754
22,27.04.2015,4,2015,True,har_x,0.0176877082671825,0.0216377155520159
22,28.04.2015,4,2015,True,har_x,0.020439319670921,0.02199915302790161
22,29.04.2015,4,2015,True,har_x,0.0201691884455215,0.021906668808803417
22,30.04.2015,4,2015,True,har_x,0.020025985249804,0.02168597646628463
22,01.05.2015,4,2015,True,har_x,0.0207292593870735,0.021311740455182502
22,04.05.2015,4,2015,True,har_x,0.021465133360276,0.02036180759972679
22,05.05.2015,4,2015,True,har_x,0.0216737289296382,0.020023297015463345
22,06.05.2015,4,2015,True,har_x,0.0216689328527841,0.02027093786384232
22,07.05.2015,4,2015,True,har_x,0.0220294849315067,0.01866501968295613
22,08.05.2015,4,2015,True,har_x,0.0221975900937374,0.020240133878503496
22,11.05.2015,4,2015,True,har_x,0.0222272589755798,0.01841617251793907
22,12.05.2015,4,2015,True,har_x,0.0215737723298363,0.01735511374227662
22,13.05.2015,4,2015,True,har_x,0.0219023169899287,0.017373170805244684
22,14.05.2015,4,2015,True,har_x,0.0219131652639499,0.016976403965931752
22,15.05.2015,4,2015,True,har_x,0.0224256849763122,0.016349092927510703
22,18.05.2015,4,2015,True,har_x,0.0224802560299623,0.014340288922456678
22,19.05.2015,4,2015,True,har_x,0.0216366029558762,0.014630620853621459
22,20.05.2015,4,2015,True,har_x,0.0213712921943803,0.017184545796850036
22,21.05.2015,4,2015,True,har_x,0.0211023484073544,0.016453916111642895
22,22.05.2015,4,2015,True,har_x,0.0210097441491766,0.015422182273623259
22,26.05.2015,4,2015,True,har_x,0.0203219815546983,0.015326609811452455
22,27.05.2015,4,2015,True,har_x,0.0194729726300581,0.018187790538552864
22,28.05.2015,4,2015,True,har_x,0.0198861956740879,0.018714033683987285
22,29.05.2015,4,2015,True,har_x,0.017908658933239,0.017872239746606136
22,01.06.2015,4,2015,True,har_x,0.0185276282463536,0.018916693768421932
22,02.06.2015,4,2015,True,har_x,0.0183671322860091,0.01883072946248393
22,03.06.2015,4,2015,True,har_x,0.0263455451324147,0.01905431574989397
22,04.06.2015,4,2015,True,har_x,0.025941205094236,0.020101725421209013
22,05.06.2015,4,2015,True,har_x,0.0254295767411291,0.020717557670029772
22,08.06.2015,4,2015,True,har_x,0.0262748495317626,0.018454569652058304
22,09.06.2015,4,2015,True,har_x,0.0249550902826979,0.01825612506922722
22,10.06.2015,4,2015,True,har_x,0.0247491351074988,0.018509245384540404
22,11.06.2015,4,2015,True,har_x,0.025001863751271,0.01746389002630469
22,12.06.2015,4,2015,True,har_x,0.0251996031746873,0.017449755982663424
22,15.06.2015,4,2015,True,har_x,0.0251229121328812,0.01757199892943551
22,16.06.2015,4,2015,True,har_x,0.0251217781395898,0.018977911948572405
22,17.06.2015,4,2015,True,har_x,0.0246656466616165,0.01867543075949884
22,18.06.2015,4,2015,True,har_x,0.0246834161794379,0.01893964761692304
22,19.06.2015,4,2015,True,har_x,0.0246015899043408,0.018140430277511797
22,22.06.2015,4,2015,True,har_x,0.0245801007275139,0.01774012988998123
22,23.06.2015,4,2015,True,har_x,0.0240291239621212,0.016972324925196763
22,24.06.2015,4,2015,True,har_x,0.0241590154453783,0.01688997823659522
22,25.06.2015,4,2015,True,har_x,0.0241697110287165,0.016655997730249526
22,26.06.2015,4,2015,True,har_x,0.0241794307866469,0.016350153210680663
22,29.06.2015,4,2015,True,har_x,0.0240564843220552,0.015406385242035647
22,30.06.2015,4,2015,True,har_x,0.0231209288637053,0.017511875047498765
22,01.07.2015,4,2015,True,har_x,0.0247454019255005,0.017281434800144543
22,02.07.2015,4,2015,True,har_x,0.0249927994592204,0.0179698181745445
22,06.07.2015,4,2015,True,har_x,0.0166502299634753,0.01719465957698309
22,07.07.2015,4,2015,True,har_x,0.0164891609184521,0.022943141430961163
22,08.07.2015,4,2015,True,har_x,0.016536354147849,0.021884480243394087
22,09.07.2015,4,2015,True,har_x,0.0175517332972683,0.022190851025300096
22,10.07.2015,4,2015,True,har_x,0.0178303610845234,0.022639540292426104
22,13.07.2015,4,2015,True,har_x,0.0181462967392414,0.021931086722004674
22,14.07.2015,4,2015,True,har_x,0.0176823800677018,0.020588020550819607
22,15.07.2015,4,2015,True,har_x,0.0172626470820633,0.019772089816564916
22,16.07.2015,4,2015,True,har_x,0.0170153318858045,0.020462119402796294
22,17.07.2015,4,2015,True,har_x,0.0169472754578701,0.019553234240655984
22,20.07.2015,4,2015,True,har_x,0.0178342263393723,0.01888121030110492
22,21.07.2015,4,2015,True,har_x,0.017516184895895,0.01991748028289661
22,22.07.2015,4,2015,True,har_x,0.0177930798206526,0.019202860923938216
22,23.07.2015,4,2015,True,har_x,0.021101985751724,0.02038514784236025
22,24.07.2015,4,2015,True,har_x,0.02170558049804,0.02072508684649751
22,27.07.2015,4,2015,True,har_x,0.0216517859662213,0.020912201483069208
22,28.07.2015,4,2015,True,har_x,0.0315123103478427,0.021942271437853964
22,29.07.2015,4,2015,True,har_x,0.03370526579115,0.021147965650192738
22,30.07.2015,4,2015,True,har_x,0.0379423051207955,0.020251941888566057
22,31.07.2015,4,2015,True,har_x,0.0422748285624589,0.019641331712158917
22,03.08.2015,4,2015,True,har_x,0.0409361665241519,0.020579985280325456
22,04.08.2015,4,2015,True,har_x,0.0408967945681581,0.021616827305557196
22,05.08.2015,4,2015,True,har_x,0.0411286285008557,0.0206675995035747
22,06.08.2015,4,2015,True,har_x,0.0411293863841675,0.02063747549435283
22,07.08.2015,4,2015,True,har_x,0.0418366611027956,0.02063322713767243
22,10.08.2015,4,2015,True,har_x,0.0414902651040073,0.02071653033479483
22,11.08.2015,4,2015,True,har_x,0.0412892855356597,0.020968691219617433
22,12.08.2015,4,2015,True,har_x,0.0419279795415188,0.021250225626052492
22,13.08.2015,4,2015,True,har_x,0.0419466110608552,0.021129564486026955
22,14.08.2015,4,2015,True,har_x,0.0419475111010474,0.02138176204773621
22,17.08.2015,4,2015,True,har_x,0.0434983365785201,0.02031099236867399
22,18.08.2015,4,2015,True,har_x,0.0440731427940998,0.019686222170129913
22,19.08.2015,4,2015,True,har_x,0.0439090904312537,0.019336140745771772
22,20.08.2015,4,2015,True,har_x,0.0438107604234548,0.020750362143867593
22,21.08.2015,4,2015,True,har_x,0.0438814986493922,0.02094943106258832
22,24.08.2015,4,2015,True,har_x,0.0414087585166208,0.02213271620515931
22,25.08.2015,4,2015,True,har_x,0.041389939790044,0.02586843581965252
22,26.08.2015,4,2015,True,har_x,0.0419176161139104,0.024758241321081068
22,27.08.2015,4,2015,True,har_x,0.0365896355471772,0.02366787022423375
22,28.08.2015,4,2015,True,har_x,0.0348295431453403,0.028553412407757193
22,31.08.2015,4,2015,True,har_x,0.0299170604375406,0.029487673134451112
22,01.09.2015,4,2015,True,har_x,0.0236333486134997,0.031978937421266666
22,02.09.2015,4,2015,True,har_x,0.023820540386592,0.03466507001069815
22,03.09.2015,4,2015,True,har_x,0.026450666888559,0.03207710356438631
22,04.09.2015,4,2015,True,har_x,0.0261328245359646,0.0304911381800935
22,08.09.2015,4,2015,True,har_x,0.0269582781251632,0.030296225688920705
22,09.09.2015,4,2015,True,har_x,0.0253277419793297,0.02995166168017981
22,10.09.2015,4,2015,True,har_x,0.027728846064668,0.030500532265712758
22,11.09.2015,4,2015,True,har_x,0.027653109762829,0.03063987952338403
22,14.09.2015,4,2015,True,har_x,0.026302029525239,0.030312923238770457
22,15.09.2015,4,2015,True,har_x,0.0264078454175928,0.03139210836146675
22,16.09.2015,4,2015,True,har_x,0.0264047994160843,0.03149327842524205
22,17.09.2015,4,2015,True,har_x,0.0239711634189232,0.03105737489817744
22,18.09.2015,4,2015,True,har_x,0.0228167528326745,0.0299011900618862
22,21.09.2015,4,2015,True,har_x,0.0222032674067188,0.029983872832900896
22,22.09.2015,4,2015,True,har_x,0.0222196692402588,0.03019950662763043
22,23.09.2015,4,2015,True,har_x,0.0214196995318,0.02968354984982099
22,24.09.2015,4,2015,True,har_x,0.0214256269884064,0.0311372037645827
22,25.09.2015,4,2015,True,har_x,0.0215412741575327,0.030192943835075103
22,28.09.2015,4,2015,True,har_x,0.023141660930182,0.028008215495168878
22,29.09.2015,4,2015,True,har_x,0.0228623445588772,0.028677813297414086
22,30.09.2015,4,2015,True,har_x,0.0230798462465391,0.027210080191267562
22,01.10.2015,4,2015,True,har_x,0.0231292667120697,0.023631256029968253
22,02.10.2015,4,2015,True,har_x,0.0242082638113885,0.023323568374909696
22,05.10.2015,4,2015,True,har_x,0.0253002047398385,0.022530201916390255
22,06.10.2015,4,2015,True,har_x,0.0223975982671834,0.02370449448822356
22,07.10.2015,4,2015,True,har_x,0.0224028906285631,0.025261196343739776
22,08.10.2015,4,2015,True,har_x,0.0208618481806299,0.02383886864202069
22,09.10.2015,4,2015,True,har_x,0.0209755424674114,0.024263764039375618
22,12.10.2015,4,2015,True,har_x,0.0191045848340455,0.02360050720102374
22,13.10.2015,4,2015,True,har_x,0.0204588437369217,0.02554493760409203
22,14.10.2015,4,2015,True,har_x,0.0204746149158232,0.025249719635833112
22,15.10.2015,4,2015,True,har_x,0.0204824714095327,0.023951625433601957
22,16.10.2015,4,2015,True,har_x,0.0204747864486127,0.023180711477735486
22,19.10.2015,4,2015,True,har_x,0.0208313888467157,0.021701385908190915
22,20.10.2015,4,2015,True,har_x,0.0208159065384055,0.021613187695462874
22,21.10.2015,4,2015,True,har_x,0.0208344181472612,0.022030657203877042
22,22.10.2015,4,2015,True,har_x,0.0208174399999923,0.022133596038434806
22,23.10.2015,4,2015,True,har_x,0.0218793495697508,0.0212579737318243
22,26.10.2015,4,2015,True,har_x,0.0218198032896957,0.021741726012748173
22,27.10.2015,4,2015,True,har_x,0.0224072531600783,0.022431598833155427
22,28.10.2015,4,2015,True,har_x,0.0195949074589064,0.023233081185587822
22,29.10.2015,4,2015,True,har_x,0.0195943407190535,0.024066713022639494
22,30.10.2015,4,2015,True,har_x,0.0208836125095689,0.02311217428718039
22,02.11.2015,4,2015,True,har_x,0.0223056176470251,0.022584266225066173
22,03.11.2015,4,2015,True,har_x,0.0206033896624603,0.02262898651624171
22,04.11.2015,4,2015,True,har_x,0.021893741116216,0.022188484215243758
22,05.11.2015,4,2015,True,har_x,0.0218865517733327,0.022749863901446912
22,06.11.2015,4,2015,True,har_x,0.0218875181463704,0.02099936233129556
22,09.11.2015,4,2015,True,har_x,0.0218821964907372,0.02125099785797029
22,10.11.2015,4,2015,True,har_x,0.023143415113099,0.02069862023218525
22,11.11.2015,4,2015,True,har_x,0.02254795467043,0.019890148237949073
22,12.11.2015,4,2015,True,har_x,0.0219665680137501,0.021808791705896467
22,13.11.2015,4,2015,True,har_x,0.0227075703870179,0.02308896796561749
22,16.11.2015,4,2015,True,har_x,0.022713504459163,0.023657700104537736
22,17.11.2015,4,2015,True,har_x,0.0226600885230561,0.021886432931119307
22,18.11.2015,4,2015,True,har_x,0.0222250663595002,0.021531617909629548
22,19.11.2015,4,2015,True,har_x,0.0221258162866528,0.020437462424440306
22,20.11.2015,4,2015,True,har_x,0.0236273193431405,0.020397850770157173
22,23.11.2015,4,2015,True,har_x,0.0239735504436782,0.02112458362763581
22,24.11.2015,4,2015,True,har_x,0.0231912123611283,0.023064319212850445
22,25.11.2015,4,2015,True,har_x,0.0247629052917639,0.024191185779914665
22,27.11.2015,4,2015,True,har_x,0.0250731334754003,0.023581598680907617
22,30.11.2015,4,2015,True,har_x,0.0259621334792843,0.024075441040834082
22,01.12.2015,4,2015,True,har_x,0.0259839661407775,0.02394079904551844
22,02.12.2015,4,2015,True,har_x,0.0248671299009348,0.024364103646087713
22,03.12.2015,4,2015,True,har_x,0.0259582795837725,0.026018886728471673
22,04.12.2015,4,2015,True,har_x,0.0259044998473814,0.025341002789379254
22,07.12.2015,4,2015,True,har_x,0.0240467309034863,0.022993420343662654
22,08.12.2015,4,2015,True,har_x,0.0265421690792248,0.024766530768031786
22,09.12.2015,4,2015,True,har_x,0.0265890791719111,0.02471425838667432
22,10.12.2015,4,2015,True,har_x,0.0266139610603763,0.02507413290717508
22,11.12.2015,4,2015,True,har_x,0.0265226229156437,0.024866968820193656
22,14.12.2015,4,2015,True,har_x,0.0265166835060664,0.0268619295148782
22,15.12.2015,4,2015,True,har_x,0.029482704719473,0.02777840819177359
22,16.12.2015,4,2015,True,har_x,0.0294136154325953,0.025793549920356807
22,17.12.2015,4,2015,True,har_x,0.0320915415063924,0.02523407121857642
22,18.12.2015,4,2015,True,har_x,0.0393072881158112,0.024547445851240902
22,21.12.2015,4,2015,True,har_x,0.0405656295755913,0.02552668877940714
22,22.12.2015,4,2015,True,har_x,0.0419299003105449,0.024782089763234285
22,23.12.2015,4,2015,True,har_x,0.0422215285398585,0.02449030729463626
22,24.12.2015,4,2015,True,har_x,0.042479219889486,0.024380458767113065
22,28.12.2015,4,2015,True,har_x,0.0424180045187395,0.02311230331547895
22,29.12.2015,4,2015,True,har_x,0.0417425468689466,0.024068245776258417
22,30.12.2015,4,2015,True,har_x,0.0428320401722491,0.02372725780610884
22,31.12.2015,4,2015,True,har_x,0.0452938781187508,0.02425426059178731
66,02.01.2015,4,2015,True,har,0.0340581472157001,0.01856139614775919
66,05.01.2015,4,2015,True,har,0.0333159004660666,0.0186785851038639
66,06.01.2015,4,2015,True,har,0.0329410829449179,0.022630889359653447
66,07.01.2015,4,2015,True,har,0.0329511389964762,0.022522045778444605
66,08.01.2015,4,2015,True,har,0.0331459671839189,0.021056596534283968
66,09.01.2015,4,2015,True,har,0.0330579224208657,0.020859937731538734
66,12.01.2015,4,2015,True,har,0.0327425467479461,0.020653890666847446
66,13.01.2015,4,2015,True,har,0.0326291807693366,0.022889963177745658
66,14.01.2015,4,2015,True,har,0.0324124824200748,0.02161083327350627
66,15.01.2015,4,2015,True,har,0.0322727751078471,0.025474326673980863
66,16.01.2015,4,2015,True,har,0.0324664965305896,0.024871189806089572
66,20.01.2015,4,2015,True,har,0.0324667815396575,0.024351758073405574
66,21.01.2015,4,2015,True,har,0.032428947152528,0.024043289046362146
66,22.01.2015,4,2015,True,har,0.0323897277257342,0.023648758285481564
66,23.01.2015,4,2015,True,har,0.0324356245237419,0.022756152554056133
66,26.01.2015,4,2015,True,har,0.032382002882932,0.021558150674854434
66,27.01.2015,4,2015,True,har,0.0322574496725113,0.021818956673526468
66,28.01.2015,4,2015,True,har,0.0320800112288826,0.023649808795649027
66,29.01.2015,4,2015,True,har,0.0320916969161798,0.02350420593381243
66,30.01.2015,4,2015,True,har,0.0308470079278711,0.023541398415627402
66,02.02.2015,4,2015,True,har,0.0309661408431911,0.030328246536314763
66,03.02.2015,4,2015,True,har,0.0302430957630606,0.02949594597427293
66,04.02.2015,4,2015,True,har,0.0290228359519527,0.029868969090346302
66,05.02.2015,4,2015,True,har,0.0287710752476118,0.0328822998347037
66,06.02.2015,4,2015,True,har,0.0286754939628184,0.03302104403469899
66,09.02.2015,4,2015,True,har,0.0286694041138898,0.032062455322594295
66,10.02.2015,4,2015,True,har,0.0283302289542485,0.03141720280439373
66,11.02.2015,4,2015,True,har,0.0280180161767771,0.030724010018524477
66,12.02.2015,4,2015,True,har,0.0279416991834461,0.030450769187211492
66,13.02.2015,4,2015,True,har,0.0279896606324833,0.030689204348489353
66,17.02.2015,4,2015,True,har,0.0260973990099235,0.029141070633747827
66,18.02.2015,4,2015,True,har,0.0258685076755924,0.03512235948330523
66,19.02.2015,4,2015,True,har,0.0260659418159602,0.03453469699278427
66,20.02.2015,4,2015,True,har,0.0262809810462541,0.0335435862391571
66,23.02.2015,4,2015,True,har,0.0261449593478802,0.03316101986780777
66,24.02.2015,4,2015,True,har,0.0267314370354432,0.034362074348513336
66,25.02.2015,4,2015,True,har,0.0260955827400026,0.03158795888606299
66,26.02.2015,4,2015,True,har,0.0259000450337384,0.03416455094277535
66,27.02.2015,4,2015,True,har,0.0256279753430597,0.033814046438296184
66,02.03.2015,4,2015,True,har,0.0251100867435839,0.03495037159943086
66,03.03.2015,4,2015,True,har,0.0250546356520731,0.03523941755116594
66,04.03.2015,4,2015,True,har,0.0250667149315775,0.03444906761336906
66,05.03.2015,4,2015,True,har,0.0254084749192577,0.03243572461479821
66,06.03.2015,4,2015,True,har,0.0253900770070024,0.02979946560983639
66,09.03.2015,4,2015,True,har,0.0252792574131361,0.028954857775581832
66,10.03.2015,4,2015,True,har,0.024948226472108,0.028586843621564564
66,11.03.2015,4,2015,True,har,0.0249841040840761,0.029457591945469163
66,12.03.2015,4,2015,True,har,0.024957384961175,0.029159895054646816
66,13.03.2015,4,2015,True,har,0.0244238100139246,0.028280960714913508
66,16.03.2015,4,2015,True,har,0.0242247988845232,0.02953937400052141
66,17.03.2015,4,2015,True,har,0.024377315101947,0.029149516311496187
66,18.03.2015,4,2015,True,har,0.0237844899939393,0.023725177532348235
66,19.03.2015,4,2015,True,har,0.0235848656804479,0.02674440403590579
66,20.03.2015,4,2015,True,har,0.0236198291508383,0.026623467017883734
66,23.03.2015,4,2015,True,har,0.0236084766117174,0.026277837820594598
66,24.03.2015,4,2015,True,har,0.0235192651310626,0.025814183574489447
66,25.03.2015,4,2015,True,har,0.0235033499156651,0.02612678784784772
66,26.03.2015,4,2015,True,har,0.0230041530419984,0.024761817977030108
66,27.03.2015,4,2015,True,har,0.0224151182432306,0.026547990680741138
66,30.03.2015,4,2015,True,har,0.0224107847036956,0.027562326109307995
66,31.03.2015,4,2015,True,har,0.0251271765150925,0.025031115680149662
66,01.04.2015,4,2015,True,har,0.0247512540132378,0.025279081069465508
66,02.04.2015,4,2015,True,har,0.0242863861266635,0.026762956240354324
66,06.04.2015,4,2015,True,har,0.0235147154238435,0.027140324134837284
66,07.04.2015,4,2015,True,har,0.0234246020993827,0.0299079701782941
66,08.04.2015,4,2015,True,har,0.022199232470776,0.028776223301724163
66,09.04.2015,4,2015,True,har,0.0221316754728289,0.03196845644303271
66,10.04.2015,4,2015,True,har,0.0221790615386108,0.030579019927309034
66,13.04.2015,4,2015,True,har,0.0222018373256452,0.030666605657927386
66,14.04.2015,4,2015,True,har,0.0221752266573191,0.028513775186664404
66,15.04.2015,4,2015,True,har,0.0218829175015158,0.02831340945045903
66,16.04.2015,4,2015,True,har,0.0219023755742543,0.02784809709466842
66,17.04.2015,4,2015,True,har,0.0210622411266926,0.026264351678514906
66,20.04.2015,4,2015,True,har,0.0211269433866214,0.028515420308144045
66,21.04.2015,4,2015,True,har,0.0210188134327168,0.027169955297640616
66,22.04.2015,4,2015,True,har,0.021094118646448,0.02859398474020603
66,23.04.2015,4,2015,True,har,0.0206179824422517,0.02793202320692964
66,24.04.2015,4,2015,True,har,0.0205910323609752,0.028876791255532233
66,27.04.2015,4,2015,True,har,0.0205863920587295,0.02673613908882047
66,28.04.2015,4,2015,True,har,0.0207037720866295,0.02523481018881411
66,29.04.2015,4,2015,True,har,0.0214057588007392,0.024820649078291384
66,30.04.2015,4,2015,True,har,0.0213507448028477,0.024848547083490245
66,01.05.2015,4,2015,True,har,0.0213554150009354,0.02394269511644107
66,04.05.2015,4,2015,True,har,0.0213520829449783,0.022445503983461713
66,05.05.2015,4,2015,True,har,0.0212665827839009,0.020675096353292833
66,06.05.2015,4,2015,True,har,0.021843812496646,0.021087418854455087
66,07.05.2015,4,2015,True,har,0.0216911775849848,0.016412128921154713
66,08.05.2015,4,2015,True,har,0.0217589355138203,0.019451470539884552
66,11.05.2015,4,2015,True,har,0.0217632171116433,0.018442729091218794
66,12.05.2015,4,2015,True,har,0.0213497285335557,0.018718132247951328
66,13.05.2015,4,2015,True,har,0.0213520572926,0.020085943394681033
66,14.05.2015,4,2015,True,har,0.0213513667185925,0.018729968526763955
66,15.05.2015,4,2015,True,har,0.0216533194312699,0.01836418281320844
66,18.05.2015,4,2015,True,har,0.0216669455521317,0.016231511838090615
66,19.05.2015,4,2015,True,har,0.0215030206498972,0.016360087395336863
66,20.05.2015,4,2015,True,har,0.0224821380947402,0.017990869220750525
66,21.05.2015,4,2015,True,har,0.0223033513332353,0.01782985209503859
66,22.05.2015,4,2015,True,har,0.0222670616953153,0.017738228635428187
66,26.05.2015,4,2015,True,har,0.0255433334469231,0.017997223890292173
66,27.05.2015,4,2015,True,har,0.0262862349488341,0.01892418010014817
66,28.05.2015,4,2015,True,har,0.0281277747253349,0.01940333191603133
66,29.05.2015,4,2015,True,har,0.0294144281186299,0.018520612935995447
66,01.06.2015,4,2015,True,har,0.0295394518602199,0.021945963547650778
66,02.06.2015,4,2015,True,har,0.0295083264616138,0.02097447244004716
66,03.06.2015,4,2015,True,har,0.0294584441374869,0.020831963155009736
66,04.06.2015,4,2015,True,har,0.0293018373499217,0.021507177327310043
66,05.06.2015,4,2015,True,har,0.0294882887363352,0.022227230092502655
66,08.06.2015,4,2015,True,har,0.0297325771605925,0.021117320124774797
66,09.06.2015,4,2015,True,har,0.0293804963240315,0.020875866229891238
66,10.06.2015,4,2015,True,har,0.0295775888442005,0.022890122633008034
66,11.06.2015,4,2015,True,har,0.0296038303314116,0.021540068859713796
66,12.06.2015,4,2015,True,har,0.0295557923098902,0.021118975361543474
66,15.06.2015,4,2015,True,har,0.0302947878967863,0.021788865319478268
66,16.06.2015,4,2015,True,har,0.0305090324886237,0.022140427041063223
66,17.06.2015,4,2015,True,har,0.0306617731283916,0.020986596848996297
66,18.06.2015,4,2015,True,har,0.0306493966479681,0.021199113010224306
66,19.06.2015,4,2015,True,har,0.0307268196045197,0.02070555848390718
66,22.06.2015,4,2015,True,har,0.0307473104353007,0.02085279453459599
66,23.06.2015,4,2015,True,har,0.0306735901434748,0.020120672457893417
66,24.06.2015,4,2015,True,har,0.0307653748899621,0.020301418255172694
66,25.06.2015,4,2015,True,har,0.0308961603636032,0.019835831232253673
66,26.06.2015,4,2015,True,har,0.0309019893756531,0.01949405134549907
66,29.06.2015,4,2015,True,har,0.0308643292192406,0.017206305943243825
66,30.06.2015,4,2015,True,har,0.0306944605149226,0.018142127897927726
66,01.07.2015,4,2015,True,har,0.0307614292484358,0.01904194577026974
66,02.07.2015,4,2015,True,har,0.0315289199658046,0.01914270672664389
66,06.07.2015,4,2015,True,har,0.0294511968538792,0.01778617933680137
66,07.07.2015,4,2015,True,har,0.0297437148122515,0.027769774055911668
66,08.07.2015,4,2015,True,har,0.0297488507777173,0.025547425771895664
66,09.07.2015,4,2015,True,har,0.0302458763394339,0.024233617996793563
66,10.07.2015,4,2015,True,har,0.0302656681172266,0.025699448982489888
66,13.07.2015,4,2015,True,har,0.0302258947268612,0.025051631355706573
66,14.07.2015,4,2015,True,har,0.030186542465245,0.02325631541620876
66,15.07.2015,4,2015,True,har,0.0300573947584119,0.02316927632415746
66,16.07.2015,4,2015,True,har,0.030029173498255,0.024186706351669203
66,17.07.2015,4,2015,True,har,0.0300326887077478,0.023107122807515337
66,20.07.2015,4,2015,True,har,0.0300511173791195,0.022816637395336486
66,21.07.2015,4,2015,True,har,0.0300422318694615,0.02316288925387599
66,22.07.2015,4,2015,True,har,0.0299949247230807,0.022894540992069664
66,23.07.2015,4,2015,True,har,0.0299637207077345,0.022660170669693606
66,24.07.2015,4,2015,True,har,0.0299849364265338,0.022583160686170438
66,27.07.2015,4,2015,True,har,0.0304886734511991,0.022432085363231657
66,28.07.2015,4,2015,True,har,0.030491418294622,0.022828505977838323
66,29.07.2015,4,2015,True,har,0.0305596883182614,0.021986280794670805
66,30.07.2015,4,2015,True,har,0.0306120186293663,0.021404868415258224
66,31.07.2015,4,2015,True,har,0.0308398495493165,0.02123522568878452
66,03.08.2015,4,2015,True,har,0.0305332168982639,0.021943235363222485
66,04.08.2015,4,2015,True,har,0.0305446174764228,0.01921633322896109
66,05.08.2015,4,2015,True,har,0.030561856701699,0.018287286030601858
66,06.08.2015,4,2015,True,har,0.0305660815919879,0.01808133242659669
66,07.08.2015,4,2015,True,har,0.0304930408564782,0.016685260667667394
66,10.08.2015,4,2015,True,har,0.0304351233292904,0.017113380707266354
66,11.08.2015,4,2015,True,har,0.0306523415131945,0.0193668460809614
66,12.08.2015,4,2015,True,har,0.0306368908269984,0.019166713603527948
66,13.08.2015,4,2015,True,har,0.0306249808313081,0.01878746940642885
66,14.08.2015,4,2015,True,har,0.0306245563784565,0.01856792850720643
66,17.08.2015,4,2015,True,har,0.0306779806639137,0.01826944705882802
66,18.08.2015,4,2015,True,har,0.0306773177519033,0.017497437626654882
66,19.08.2015,4,2015,True,har,0.0304355711487405,0.017061950974798647
66,20.08.2015,4,2015,True,har,0.0304111798416576,0.018906976269613615
66,21.08.2015,4,2015,True,har,0.0304592018175053,0.018246112890724604
66,24.08.2015,4,2015,True,har,0.0294209411946621,0.01889409663735316
66,25.08.2015,4,2015,True,har,0.0296173412268171,0.022671142834200166
66,26.08.2015,4,2015,True,har,0.0296258768692199,0.021958075133562686
66,27.08.2015,4,2015,True,har,0.0270320356172518,0.021681082545885688
66,28.08.2015,4,2015,True,har,0.02676688383301,0.033065614108086186
66,31.08.2015,4,2015,True,har,0.0251395175423719,0.033174782223385206
66,01.09.2015,4,2015,True,har,0.0228638489225899,0.03422374726173212
66,02.09.2015,4,2015,True,har,0.0235902676106554,0.040040547562143515
66,03.09.2015,4,2015,True,har,0.0235967115266828,0.03815075883072373
66,04.09.2015,4,2015,True,har,0.0234910787471952,0.03710155880229535
66,08.09.2015,4,2015,True,har,0.0235031251836198,0.037456225037767105
66,09.09.2015,4,2015,True,har,0.0236691839373764,0.035175592903052194
66,10.09.2015,4,2015,True,har,0.0233625567185314,0.03534690967163695
66,11.09.2015,4,2015,True,har,0.0234173235577883,0.03543723620797309
66,14.09.2015,4,2015,True,har,0.0233300418181617,0.035145627960106396
66,15.09.2015,4,2015,True,har,0.0233066563988663,0.036406437724841346
66,16.09.2015,4,2015,True,har,0.0233105849432703,0.035622335172114855
66,17.09.2015,4,2015,True,har,0.0223013667569457,0.03518622423619321
66,18.09.2015,4,2015,True,har,0.022011047037274,0.037729431978979884
66,21.09.2015,4,2015,True,har,0.022110502926661,0.0378167739655924
66,22.09.2015,4,2015,True,har,0.0222057608691584,0.037488266040162754
66,23.09.2015,4,2015,True,har,0.0223283959705844,0.034988442016194256
66,24.09.2015,4,2015,True,har,0.0226998229906942,0.036347019800260894
66,25.09.2015,4,2015,True,har,0.0229845766706655,0.03516613018582963
66,28.09.2015,4,2015,True,har,0.0230485765192542,0.031117678698928054
66,29.09.2015,4,2015,True,har,0.0228820976418893,0.030526523431558386
66,30.09.2015,4,2015,True,har,0.0229697186645861,0.02733354723537209
66,01.10.2015,4,2015,True,har,0.0240172307049415,0.02225271290020841
66,02.10.2015,4,2015,True,har,0.0239764086018126,0.022424721446429544
66,05.10.2015,4,2015,True,har,0.0237125594662125,0.022362998536916923
66,06.10.2015,4,2015,True,har,0.0235378929501561,0.022655773351659005
66,07.10.2015,4,2015,True,har,0.0236016492542852,0.025892346348488606
66,08.10.2015,4,2015,True,har,0.0230783765108105,0.023870530153391602
66,09.10.2015,4,2015,True,har,0.0234112472920454,0.0244439002578297
66,12.10.2015,4,2015,True,har,0.0226951987883015,0.023786542766579
66,13.10.2015,4,2015,True,har,0.0241893621322175,0.027091001380384987
66,14.10.2015,4,2015,True,har,0.0243392658351754,0.02538809875645827
66,15.10.2015,4,2015,True,har,0.0253151669630607,0.025118093299796154
66,16.10.2015,4,2015,True,har,0.0283118356561609,0.023102389419709348
66,19.10.2015,4,2015,True,har,0.0288996697449345,0.02215754149470618
66,20.10.2015,4,2015,True,har,0.0294989007200457,0.02048744677999797
66,21.10.2015,4,2015,True,har,0.030012110287781,0.020392092585845394
66,22.10.2015,4,2015,True,har,0.0302006339068375,0.020753811475312675
66,23.10.2015,4,2015,True,har,0.0304243990724586,0.020407583340847878
66,26.10.2015,4,2015,True,har,0.0304219945780875,0.02025613962924372
66,27.10.2015,4,2015,True,har,0.0311071378319609,0.020032910787178865
66,28.10.2015,4,2015,True,har,0.0317766982514578,0.020094940240521962
66,29.10.2015,4,2015,True,har,0.0318087348114456,0.023577881634720032
66,30.10.2015,4,2015,True,har,0.0317119309730632,0.022332947903436574
66,02.11.2015,4,2015,True,har,0.0318980222278706,0.022736398750738254
66,03.11.2015,4,2015,True,har,0.0327858061650808,0.022639509661903742
66,04.11.2015,4,2015,True,har,0.0326805195149032,0.02199107597746173
66,05.11.2015,4,2015,True,har,0.0327551768611326,0.023252559534757633
66,06.11.2015,4,2015,True,har,0.035494153288445,0.021578003074349282
66,09.11.2015,4,2015,True,har,0.0356943971463081,0.02146333982500824
66,10.11.2015,4,2015,True,har,0.0368610000064003,0.01913872195272393
66,11.11.2015,4,2015,True,har,0.0366688940574101,0.01843945377654837
66,12.11.2015,4,2015,True,har,0.0366518102671827,0.02004340146867194
66,13.11.2015,4,2015,True,har,0.037240737562452,0.021400439569074916
66,16.11.2015,4,2015,True,har,0.0375361227385768,0.020618729772808625
66,17.11.2015,4,2015,True,har,0.0378209366587701,0.02041495157075294
66,18.11.2015,4,2015,True,har,0.0379334710267679,0.020291475525736933
66,19.11.2015,4,2015,True,har,0.037930423670695,0.02080655522167539
66,20.11.2015,4,2015,True,har,0.0380469023968982,0.01970703987761449
66,23.11.2015,4,2015,True,har,0.03803854194365,0.020033195650451377
66,24.11.2015,4,2015,True,har,0.0380166775817104,0.019808738739546417
66,25.11.2015,4,2015,True,har,0.0380229932989299,0.02134066073161462
66,27.11.2015,4,2015,True,har,0.0383191998288883,0.018776281294582885
66,30.11.2015,4,2015,True,har,0.0389208011866134,0.020657022668178027
66,01.12.2015,4,2015,True,har,0.0390748359372964,0.01967037832990616
66,02.12.2015,4,2015,True,har,0.0389573841709593,0.019520651145144445
66,03.12.2015,4,2015,True,har,0.0388679961632487,0.020337897135213036
66,04.12.2015,4,2015,True,har,0.0388207930789977,0.02089906845845988
66,07.12.2015,4,2015,True,har,0.0383357880893447,0.02061662279274975
66,08.12.2015,4,2015,True,har,0.0383887082680249,0.02375038618947012
66,09.12.2015,4,2015,True,har,0.0387131425245688,0.022549107797691936
66,10.12.2015,4,2015,True,har,0.0388626007173883,0.02203501896695964
66,11.12.2015,4,2015,True,har,0.0384335541099739,0.02094571943322856
66,14.12.2015,4,2015,True,har,0.0384425854236689,0.022561064275025057
66,15.12.2015,4,2015,True,har,0.0384153978737625,0.02101559291274146
66,16.12.2015,4,2015,True,har,0.0383987554563883,0.021932837714119996
66,17.12.2015,4,2015,True,har,0.0383990930370038,0.0230564182407985
66,18.12.2015,4,2015,True,har,0.0383874676771475,0.02193203280185022
66,21.12.2015,4,2015,True,har,0.0385144725731599,0.021560619664146276
66,22.12.2015,4,2015,True,har,0.0385029594027512,0.021448283774792715
66,23.12.2015,4,2015,True,har,0.0382968038109472,0.020779333256388824
66,24.12.2015,4,2015,True,har,0.0382613656691165,0.022302947574768382
66,28.12.2015,4,2015,True,har,0.0385522670262739,0.022147404327990602
66,29.12.2015,4,2015,True,har,0.0383614628772369,0.023261673858878975
66,30.12.2015,4,2015,True,har,0.0385951621975186,0.02445459960217426
66,31.12.2015,4,2015,True,har,0.0385320878290971,0.025413383327787795
66,02.01.2015,4,2015,True,har_ovx,0.0340581472157001,0.024175903930509567
66,05.01.2015,4,2015,True,har_ovx,0.0333159004660666,0.02582981204298284
66,06.01.2015,4,2015,True,har_ovx,0.0329410829449179,0.02869765453797809
66,07.01.2015,4,2015,True,har_ovx,0.0329511389964762,0.027999077600821876
66,08.01.2015,4,2015,True,har_ovx,0.0331459671839189,0.02599360656419592
66,09.01.2015,4,2015,True,har_ovx,0.0330579224208657,0.02506439714333353
66,12.01.2015,4,2015,True,har_ovx,0.0327425467479461,0.024769668534575545
66,13.01.2015,4,2015,True,har_ovx,0.0326291807693366,0.02695358072976441
66,14.01.2015,4,2015,True,har_ovx,0.0324124824200748,0.026512253676358215
66,15.01.2015,4,2015,True,har_ovx,0.0322727751078471,0.02762278943581764
66,16.01.2015,4,2015,True,har_ovx,0.0324664965305896,0.029043022397625705
66,20.01.2015,4,2015,True,har_ovx,0.0324667815396575,0.028191211532352364
66,21.01.2015,4,2015,True,har_ovx,0.032428947152528,0.02876658617142541
66,22.01.2015,4,2015,True,har_ovx,0.0323897277257342,0.027651367367579383
66,23.01.2015,4,2015,True,har_ovx,0.0324356245237419,0.027813668521359365
66,26.01.2015,4,2015,True,har_ovx,0.032382002882932,0.02790008256852874
66,27.01.2015,4,2015,True,har_ovx,0.0322574496725113,0.02765989730106381
66,28.01.2015,4,2015,True,har_ovx,0.0320800112288826,0.027390944998678987
66,29.01.2015,4,2015,True,har_ovx,0.0320916969161798,0.02766181902593972
66,30.01.2015,4,2015,True,har_ovx,0.0308470079278711,0.027398716104586072
66,02.02.2015,4,2015,True,har_ovx,0.0309661408431911,0.03144702520074773
66,03.02.2015,4,2015,True,har_ovx,0.0302430957630606,0.03052987419747802
66,04.02.2015,4,2015,True,har_ovx,0.0290228359519527,0.03155786659153343
66,05.02.2015,4,2015,True,har_ovx,0.0287710752476118,0.03371105745809749
66,06.02.2015,4,2015,True,har_ovx,0.0286754939628184,0.033709039437642724
66,09.02.2015,4,2015,True,har_ovx,0.0286694041138898,0.03234176543453187
66,10.02.2015,4,2015,True,har_ovx,0.0283302289542485,0.030161570462516624
66,11.02.2015,4,2015,True,har_ovx,0.0280180161767771,0.031453332334591355
66,12.02.2015,4,2015,True,har_ovx,0.0279416991834461,0.03173868223936463
66,13.02.2015,4,2015,True,har_ovx,0.0279896606324833,0.031302292888312246
66,17.02.2015,4,2015,True,har_ovx,0.0260973990099235,0.029296427552577255
66,18.02.2015,4,2015,True,har_ovx,0.0258685076755924,0.03203824016133953
66,19.02.2015,4,2015,True,har_ovx,0.0260659418159602,0.031264511466843406
66,20.02.2015,4,2015,True,har_ovx,0.0262809810462541,0.030656925705657704
66,23.02.2015,4,2015,True,har_ovx,0.0261449593478802,0.029818392802077417
66,24.02.2015,4,2015,True,har_ovx,0.0267314370354432,0.032182363373607636
66,25.02.2015,4,2015,True,har_ovx,0.0260955827400026,0.03030717449678346
66,26.02.2015,4,2015,True,har_ovx,0.0259000450337384,0.030920045128085657
66,27.02.2015,4,2015,True,har_ovx,0.0256279753430597,0.03120860960859804
66,02.03.2015,4,2015,True,har_ovx,0.0251100867435839,0.031431350796057536
66,03.03.2015,4,2015,True,har_ovx,0.0250546356520731,0.0312196010501056
66,04.03.2015,4,2015,True,har_ovx,0.0250667149315775,0.03003800714188739
66,05.03.2015,4,2015,True,har_ovx,0.0254084749192577,0.027694995071683107
66,06.03.2015,4,2015,True,har_ovx,0.0253900770070024,0.026150743535311195
66,09.03.2015,4,2015,True,har_ovx,0.0252792574131361,0.026738531716608987
66,10.03.2015,4,2015,True,har_ovx,0.024948226472108,0.026719498918671786
66,11.03.2015,4,2015,True,har_ovx,0.0249841040840761,0.027878908381527887
66,12.03.2015,4,2015,True,har_ovx,0.024957384961175,0.026952897553779498
66,13.03.2015,4,2015,True,har_ovx,0.0244238100139246,0.02675378303353098
66,16.03.2015,4,2015,True,har_ovx,0.0242247988845232,0.02936320130782686
66,17.03.2015,4,2015,True,har_ovx,0.024377315101947,0.02999748084828944
66,18.03.2015,4,2015,True,har_ovx,0.0237844899939393,0.029348912742435684
66,19.03.2015,4,2015,True,har_ovx,0.0235848656804479,0.028197577545496656
66,20.03.2015,4,2015,True,har_ovx,0.0236198291508383,0.02806665242981715
66,23.03.2015,4,2015,True,har_ovx,0.0236084766117174,0.026714615931446035
66,24.03.2015,4,2015,True,har_ovx,0.0235192651310626,0.02594151422082766
66,25.03.2015,4,2015,True,har_ovx,0.0235033499156651,0.025525530950813308
66,26.03.2015,4,2015,True,har_ovx,0.0230041530419984,0.024861646868116663
66,27.03.2015,4,2015,True,har_ovx,0.0224151182432306,0.026574751646747826
66,30.03.2015,4,2015,True,har_ovx,0.0224107847036956,0.02814171750622093
66,31.03.2015,4,2015,True,har_ovx,0.0251271765150925,0.026664310928827935
66,01.04.2015,4,2015,True,har_ovx,0.0247512540132378,0.02758042740956739
66,02.04.2015,4,2015,True,har_ovx,0.0242863861266635,0.027037258067658616
66,06.04.2015,4,2015,True,har_ovx,0.0235147154238435,0.026765922210915852
66,07.04.2015,4,2015,True,har_ovx,0.0234246020993827,0.027137106201004547
66,08.04.2015,4,2015,True,har_ovx,0.022199232470776,0.02565200561507383
66,09.04.2015,4,2015,True,har_ovx,0.0221316754728289,0.027692865364049062
66,10.04.2015,4,2015,True,har_ovx,0.0221790615386108,0.02634239379180622
66,13.04.2015,4,2015,True,har_ovx,0.0222018373256452,0.02500209296538194
66,14.04.2015,4,2015,True,har_ovx,0.0221752266573191,0.024642933064513033
66,15.04.2015,4,2015,True,har_ovx,0.0218829175015158,0.024825884905868824
66,16.04.2015,4,2015,True,har_ovx,0.0219023755742543,0.02549463881238869
66,17.04.2015,4,2015,True,har_ovx,0.0210622411266926,0.02372500716559736
66,20.04.2015,4,2015,True,har_ovx,0.0211269433866214,0.024215753662075904
66,21.04.2015,4,2015,True,har_ovx,0.0210188134327168,0.023417391304637835
66,22.04.2015,4,2015,True,har_ovx,0.021094118646448,0.023619824752764425
66,23.04.2015,4,2015,True,har_ovx,0.0206179824422517,0.02253625349429425
66,24.04.2015,4,2015,True,har_ovx,0.0205910323609752,0.02260736815040918
66,27.04.2015,4,2015,True,har_ovx,0.0205863920587295,0.021221084662655283
66,28.04.2015,4,2015,True,har_ovx,0.0207037720866295,0.021113378242795737
66,29.04.2015,4,2015,True,har_ovx,0.0214057588007392,0.020903570190561785
66,30.04.2015,4,2015,True,har_ovx,0.0213507448028477,0.020798778297907793
66,01.05.2015,4,2015,True,har_ovx,0.0213554150009354,0.02034551013760276
66,04.05.2015,4,2015,True,har_ovx,0.0213520829449783,0.019565570460357614
66,05.05.2015,4,2015,True,har_ovx,0.0212665827839009,0.019232391894145377
66,06.05.2015,4,2015,True,har_ovx,0.021843812496646,0.01950620490524152
66,07.05.2015,4,2015,True,har_ovx,0.0216911775849848,0.018276596482820224
66,08.05.2015,4,2015,True,har_ovx,0.0217589355138203,0.019906124031632572
66,11.05.2015,4,2015,True,har_ovx,0.0217632171116433,0.01815322066261215
66,12.05.2015,4,2015,True,har_ovx,0.0213497285335557,0.018188322745695484
66,13.05.2015,4,2015,True,har_ovx,0.0213520572926,0.018341040728851704
66,14.05.2015,4,2015,True,har_ovx,0.0213513667185925,0.01792339870526921
66,15.05.2015,4,2015,True,har_ovx,0.0216533194312699,0.01718187867914959
66,18.05.2015,4,2015,True,har_ovx,0.0216669455521317,0.015482740288442301
66,19.05.2015,4,2015,True,har_ovx,0.0215030206498972,0.015822964556534768
66,20.05.2015,4,2015,True,har_ovx,0.0224821380947402,0.018197626081143545
66,21.05.2015,4,2015,True,har_ovx,0.0223033513332353,0.017546000767744097
66,22.05.2015,4,2015,True,har_ovx,0.0222670616953153,0.01676206418889116
66,26.05.2015,4,2015,True,har_ovx,0.0255433334469231,0.01666681935206074
66,27.05.2015,4,2015,True,har_ovx,0.0262862349488341,0.01832064789794995
66,28.05.2015,4,2015,True,har_ovx,0.0281277747253349,0.018716671225197726
66,29.05.2015,4,2015,True,har_ovx,0.0294144281186299,0.017877038251054887
66,01.06.2015,4,2015,True,har_ovx,0.0295394518602199,0.019025655183374058
66,02.06.2015,4,2015,True,har_ovx,0.0295083264616138,0.019037662486471346
66,03.06.2015,4,2015,True,har_ovx,0.0294584441374869,0.01916143356613855
66,04.06.2015,4,2015,True,har_ovx,0.0293018373499217,0.020153249631819754
66,05.06.2015,4,2015,True,har_ovx,0.0294882887363352,0.02077660584005188
66,08.06.2015,4,2015,True,har_ovx,0.0297325771605925,0.0184881104769122
66,09.06.2015,4,2015,True,har_ovx,0.0293804963240315,0.018520823523658532
66,10.06.2015,4,2015,True,har_ovx,0.0295775888442005,0.018916018551112374
66,11.06.2015,4,2015,True,har_ovx,0.0296038303314116,0.017857755462920993
66,12.06.2015,4,2015,True,har_ovx,0.0295557923098902,0.017697500250678247
66,15.06.2015,4,2015,True,har_ovx,0.0302947878967863,0.017882578777265207
66,16.06.2015,4,2015,True,har_ovx,0.0305090324886237,0.018396191286119537
66,17.06.2015,4,2015,True,har_ovx,0.0306617731283916,0.017834796614075745
66,18.06.2015,4,2015,True,har_ovx,0.0306493966479681,0.01823311950501163
66,19.06.2015,4,2015,True,har_ovx,0.0307268196045197,0.01748640097869043
66,22.06.2015,4,2015,True,har_ovx,0.0307473104353007,0.01718089504220502
66,23.06.2015,4,2015,True,har_ovx,0.0306735901434748,0.016711178907700124
66,24.06.2015,4,2015,True,har_ovx,0.0307653748899621,0.01672487276765252
66,25.06.2015,4,2015,True,har_ovx,0.0308961603636032,0.01653239731337822
66,26.06.2015,4,2015,True,har_ovx,0.0309019893756531,0.016209531732961135
66,29.06.2015,4,2015,True,har_ovx,0.0308643292192406,0.01541094720477049
66,30.06.2015,4,2015,True,har_ovx,0.0306944605149226,0.017655261413353097
66,01.07.2015,4,2015,True,har_ovx,0.0307614292484358,0.017489397235968863
66,02.07.2015,4,2015,True,har_ovx,0.0315289199658046,0.01817261628079288
66,06.07.2015,4,2015,True,har_ovx,0.0294511968538792,0.017443358625230714
66,07.07.2015,4,2015,True,har_ovx,0.0297437148122515,0.02357692685884901
66,08.07.2015,4,2015,True,har_ovx,0.0297488507777173,0.02236900014749455
66,09.07.2015,4,2015,True,har_ovx,0.0302458763394339,0.022618095942045672
66,10.07.2015,4,2015,True,har_ovx,0.0302656681172266,0.023184312656483727
66,13.07.2015,4,2015,True,har_ovx,0.0302258947268612,0.02245805837747398
66,14.07.2015,4,2015,True,har_ovx,0.030186542465245,0.020850085866591993
66,15.07.2015,4,2015,True,har_ovx,0.0300573947584119,0.020100717990812676
66,16.07.2015,4,2015,True,har_ovx,0.030029173498255,0.020881636304361146
66,17.07.2015,4,2015,True,har_ovx,0.0300326887077478,0.019901067753879877
66,20.07.2015,4,2015,True,har_ovx,0.0300511173791195,0.019263783838776524
66,21.07.2015,4,2015,True,har_ovx,0.0300422318694615,0.02016342048834509
66,22.07.2015,4,2015,True,har_ovx,0.0299949247230807,0.019458741674754445
66,23.07.2015,4,2015,True,har_ovx,0.0299637207077345,0.02052267685056823
66,24.07.2015,4,2015,True,har_ovx,0.0299849364265338,0.02080781234965759
66,27.07.2015,4,2015,True,har_ovx,0.0304886734511991,0.02094398782310661
66,28.07.2015,4,2015,True,har_ovx,0.030491418294622,0.021980508297434604
66,29.07.2015,4,2015,True,har_ovx,0.0305596883182614,0.02110824856725929
66,30.07.2015,4,2015,True,har_ovx,0.0306120186293663,0.020393125707307606
66,31.07.2015,4,2015,True,har_ovx,0.0308398495493165,0.019849619276665204
66,03.08.2015,4,2015,True,har_ovx,0.0305332168982639,0.02080656348763329
66,04.08.2015,4,2015,True,har_ovx,0.0305446174764228,0.021085804692180632
66,05.08.2015,4,2015,True,har_ovx,0.030561856701699,0.020126188709239275
66,06.08.2015,4,2015,True,har_ovx,0.0305660815919879,0.02007788742123579
66,07.08.2015,4,2015,True,har_ovx,0.0304930408564782,0.02014107835098978
66,10.08.2015,4,2015,True,har_ovx,0.0304351233292904,0.02027079560373169
66,11.08.2015,4,2015,True,har_ovx,0.0306523415131945,0.021020137244607023
66,12.08.2015,4,2015,True,har_ovx,0.0306368908269984,0.0213142245666306
66,13.08.2015,4,2015,True,har_ovx,0.0306249808313081,0.021166361248718703
66,14.08.2015,4,2015,True,har_ovx,0.0306245563784565,0.02141843732630762
66,17.08.2015,4,2015,True,har_ovx,0.0306779806639137,0.02038715484834366
66,18.08.2015,4,2015,True,har_ovx,0.0306773177519033,0.01991469271860391
66,19.08.2015,4,2015,True,har_ovx,0.0304355711487405,0.019491691897575113
66,20.08.2015,4,2015,True,har_ovx,0.0304111798416576,0.020992324595884487
66,21.08.2015,4,2015,True,har_ovx,0.0304592018175053,0.021103869698196887
66,24.08.2015,4,2015,True,har_ovx,0.0294209411946621,0.022224115956670235
66,25.08.2015,4,2015,True,har_ovx,0.0296173412268171,0.025779446915320133
66,26.08.2015,4,2015,True,har_ovx,0.0296258768692199,0.02469252403300902
66,27.08.2015,4,2015,True,har_ovx,0.0270320356172518,0.023687944796946418
66,28.08.2015,4,2015,True,har_ovx,0.02676688383301,0.02867648919544262
66,31.08.2015,4,2015,True,har_ovx,0.0251395175423719,0.029293732070784215
66,01.09.2015,4,2015,True,har_ovx,0.0228638489225899,0.030956824260145323
66,02.09.2015,4,2015,True,har_ovx,0.0235902676106554,0.033944789721170446
66,03.09.2015,4,2015,True,har_ovx,0.0235967115266828,0.031319316027174526
66,04.09.2015,4,2015,True,har_ovx,0.0234910787471952,0.02959689649715137
66,08.09.2015,4,2015,True,har_ovx,0.0235031251836198,0.029408758322092114
66,09.09.2015,4,2015,True,har_ovx,0.0236691839373764,0.028920544944948803
66,10.09.2015,4,2015,True,har_ovx,0.0233625567185314,0.029070587749595186
66,11.09.2015,4,2015,True,har_ovx,0.0234173235577883,0.029198473247920135
66,14.09.2015,4,2015,True,har_ovx,0.0233300418181617,0.02884806275314359
66,15.09.2015,4,2015,True,har_ovx,0.0233066563988663,0.029476555232208913
66,16.09.2015,4,2015,True,har_ovx,0.0233105849432703,0.02948868492207438
66,17.09.2015,4,2015,True,har_ovx,0.0223013667569457,0.028969112832945433
66,18.09.2015,4,2015,True,har_ovx,0.022011047037274,0.02823770447788684
66,21.09.2015,4,2015,True,har_ovx,0.022110502926661,0.028297395324083277
66,22.09.2015,4,2015,True,har_ovx,0.0222057608691584,0.028828409867258622
66,23.09.2015,4,2015,True,har_ovx,0.0223283959705844,0.02840396346402521
66,24.09.2015,4,2015,True,har_ovx,0.0226998229906942,0.029875099702316277
66,25.09.2015,4,2015,True,har_ovx,0.0229845766706655,0.02872054134546854
66,28.09.2015,4,2015,True,har_ovx,0.0230485765192542,0.026861672624046144
66,29.09.2015,4,2015,True,har_ovx,0.0228820976418893,0.02752339747146087
66,30.09.2015,4,2015,True,har_ovx,0.0229697186645861,0.026460654081749795
66,01.10.2015,4,2015,True,har_ovx,0.0240172307049415,0.023351894754129975
66,02.10.2015,4,2015,True,har_ovx,0.0239764086018126,0.02314356375913311
66,05.10.2015,4,2015,True,har_ovx,0.0237125594662125,0.02239916699400607
66,06.10.2015,4,2015,True,har_ovx,0.0235378929501561,0.02267467284551651
66,07.10.2015,4,2015,True,har_ovx,0.0236016492542852,0.024306554357263015
66,08.10.2015,4,2015,True,har_ovx,0.0230783765108105,0.02300838036605623
66,09.10.2015,4,2015,True,har_ovx,0.0234112472920454,0.023374303359436185
66,12.10.2015,4,2015,True,har_ovx,0.0226951987883015,0.022770947410476087
66,13.10.2015,4,2015,True,har_ovx,0.0241893621322175,0.024952872672148695
66,14.10.2015,4,2015,True,har_ovx,0.0243392658351754,0.024284193043587303
66,15.10.2015,4,2015,True,har_ovx,0.0253151669630607,0.023069831586973746
66,16.10.2015,4,2015,True,har_ovx,0.0283118356561609,0.02227206340952211
66,19.10.2015,4,2015,True,har_ovx,0.0288996697449345,0.020977982856878644
66,20.10.2015,4,2015,True,har_ovx,0.0294989007200457,0.020974928373200086
66,21.10.2015,4,2015,True,har_ovx,0.030012110287781,0.021327173059195712
66,22.10.2015,4,2015,True,har_ovx,0.0302006339068375,0.0215852840849269
66,23.10.2015,4,2015,True,har_ovx,0.0304243990724586,0.020765024260291323
66,26.10.2015,4,2015,True,har_ovx,0.0304219945780875,0.021198982052979275
66,27.10.2015,4,2015,True,har_ovx,0.0311071378319609,0.02177595243695337
66,28.10.2015,4,2015,True,har_ovx,0.0317766982514578,0.022541192335648084
66,29.10.2015,4,2015,True,har_ovx,0.0318087348114456,0.023632769234272377
66,30.10.2015,4,2015,True,har_ovx,0.0317119309730632,0.022648646487546505
66,02.11.2015,4,2015,True,har_ovx,0.0318980222278706,0.02220048053754981
66,03.11.2015,4,2015,True,har_ovx,0.0327858061650808,0.022145300841085038
66,04.11.2015,4,2015,True,har_ovx,0.0326805195149032,0.021885972099542936
66,05.11.2015,4,2015,True,har_ovx,0.0327551768611326,0.02239711140899825
66,06.11.2015,4,2015,True,har_ovx,0.035494153288445,0.020791388766224488
66,09.11.2015,4,2015,True,har_ovx,0.0356943971463081,0.02097232316936549
66,10.11.2015,4,2015,True,har_ovx,0.0368610000064003,0.020811248162331167
66,11.11.2015,4,2015,True,har_ovx,0.0366688940574101,0.019839034529688562
66,12.11.2015,4,2015,True,har_ovx,0.0366518102671827,0.021576386982904837
66,13.11.2015,4,2015,True,har_ovx,0.037240737562452,0.022790077060469146
66,16.11.2015,4,2015,True,har_ovx,0.0375361227385768,0.02322171812039543
66,17.11.2015,4,2015,True,har_ovx,0.0378209366587701,0.02353891839891975
66,18.11.2015,4,2015,True,har_ovx,0.0379334710267679,0.023183811386315187
66,19.11.2015,4,2015,True,har_ovx,0.037930423670695,0.022234632734514377
66,20.11.2015,4,2015,True,har_ovx,0.0380469023968982,0.02190413893194842
66,23.11.2015,4,2015,True,har_ovx,0.03803854194365,0.022548042011849352
66,24.11.2015,4,2015,True,har_ovx,0.0380166775817104,0.02277739196527142
66,25.11.2015,4,2015,True,har_ovx,0.0380229932989299,0.023954619806454566
66,27.11.2015,4,2015,True,har_ovx,0.0383191998288883,0.02346739936696342
66,30.11.2015,4,2015,True,har_ovx,0.0389208011866134,0.024180241674146993
66,01.12.2015,4,2015,True,har_ovx,0.0390748359372964,0.023635159460940466
66,02.12.2015,4,2015,True,har_ovx,0.0389573841709593,0.024020971136738282
66,03.12.2015,4,2015,True,har_ovx,0.0388679961632487,0.02566326316187612
66,04.12.2015,4,2015,True,har_ovx,0.0388207930789977,0.025189891961386292
66,07.12.2015,4,2015,True,har_ovx,0.0383357880893447,0.02297096583255237
66,08.12.2015,4,2015,True,har_ovx,0.0383887082680249,0.025577219854932012
66,09.12.2015,4,2015,True,har_ovx,0.0387131425245688,0.02537921021274302
66,10.12.2015,4,2015,True,har_ovx,0.0388626007173883,0.025627380272892707
66,11.12.2015,4,2015,True,har_ovx,0.0384335541099739,0.02525088365828786
66,14.12.2015,4,2015,True,har_ovx,0.0384425854236689,0.027235720281922844
66,15.12.2015,4,2015,True,har_ovx,0.0384153978737625,0.02680540853448144
66,16.12.2015,4,2015,True,har_ovx,0.0383987554563883,0.02510792590836002
66,17.12.2015,4,2015,True,har_ovx,0.0383990930370038,0.024671279516131704
66,18.12.2015,4,2015,True,har_ovx,0.0383874676771475,0.023979841625070258
66,21.12.2015,4,2015,True,har_ovx,0.0385144725731599,0.0247195004257381
66,22.12.2015,4,2015,True,har_ovx,0.0385029594027512,0.02464390636553693
66,23.12.2015,4,2015,True,har_ovx,0.0382968038109472,0.024251520614350767
66,24.12.2015,4,2015,True,har_ovx,0.0382613656691165,0.02436372086140142
66,28.12.2015,4,2015,True,har_ovx,0.0385522670262739,0.023137464747097332
66,29.12.2015,4,2015,True,har_ovx,0.0383614628772369,0.024486645007208728
66,30.12.2015,4,2015,True,har_ovx,0.0385951621975186,0.02413690741004758
66,31.12.2015,4,2015,True,har_ovx,0.0385320878290971,0.02473939557859709
66,02.01.2015,4,2015,True,har_gpr,0.0340581472157001,0.01856293457753835
66,05.01.2015,4,2015,True,har_gpr,0.0333159004660666,0.01868139187312294
66,06.01.2015,4,2015,True,har_gpr,0.0329410829449179,0.0232640539975811
66,07.01.2015,4,2015,True,har_gpr,0.0329511389964762,0.023130813050222424
66,08.01.2015,4,2015,True,har_gpr,0.0331459671839189,0.021634025668112414
66,09.01.2015,4,2015,True,har_gpr,0.0330579224208657,0.02144984270785096
66,12.01.2015,4,2015,True,har_gpr,0.0327425467479461,0.02126565664405539
66,13.01.2015,4,2015,True,har_gpr,0.0326291807693366,0.024150288680332234
66,14.01.2015,4,2015,True,har_gpr,0.0324124824200748,0.022827894367658395
66,15.01.2015,4,2015,True,har_gpr,0.0322727751078471,0.02674113035199742
66,16.01.2015,4,2015,True,har_gpr,0.0324664965305896,0.026114479587959545
66,20.01.2015,4,2015,True,har_gpr,0.0324667815396575,0.025574978099540187
66,21.01.2015,4,2015,True,har_gpr,0.032428947152528,0.025654411286868375
66,22.01.2015,4,2015,True,har_gpr,0.0323897277257342,0.025278897660555685
66,23.01.2015,4,2015,True,har_gpr,0.0324356245237419,0.024342206572257302
66,26.01.2015,4,2015,True,har_gpr,0.032382002882932,0.02313111722291429
66,27.01.2015,4,2015,True,har_gpr,0.0322574496725113,0.02199808870838598
66,28.01.2015,4,2015,True,har_gpr,0.0320800112288826,0.023849563941403328
66,29.01.2015,4,2015,True,har_gpr,0.0320916969161798,0.023705482392318934
66,30.01.2015,4,2015,True,har_gpr,0.0308470079278711,0.023730427508161307
66,02.02.2015,4,2015,True,har_gpr,0.0309661408431911,0.030597307584321255
66,03.02.2015,4,2015,True,har_gpr,0.0302430957630606,0.029109147880775243
66,04.02.2015,4,2015,True,har_gpr,0.0290228359519527,0.02952394198257363
66,05.02.2015,4,2015,True,har_gpr,0.0287710752476118,0.032593737728131573
66,06.02.2015,4,2015,True,har_gpr,0.0286754939628184,0.03269871291684295
66,09.02.2015,4,2015,True,har_gpr,0.0286694041138898,0.031688352699247496
66,10.02.2015,4,2015,True,har_gpr,0.0283302289542485,0.030215187640620682
66,11.02.2015,4,2015,True,har_gpr,0.0280180161767771,0.029548359792239142
66,12.02.2015,4,2015,True,har_gpr,0.0279416991834461,0.029222030390710096
66,13.02.2015,4,2015,True,har_gpr,0.0279896606324833,0.02947150692814584
66,17.02.2015,4,2015,True,har_gpr,0.0260973990099235,0.0278851976859562
66,18.02.2015,4,2015,True,har_gpr,0.0258685076755924,0.03393243352833399
66,19.02.2015,4,2015,True,har_gpr,0.0260659418159602,0.03327551291482561
66,20.02.2015,4,2015,True,har_gpr,0.0262809810462541,0.03223508767255965
66,23.02.2015,4,2015,True,har_gpr,0.0261449593478802,0.03184312887978404
66,24.02.2015,4,2015,True,har_gpr,0.0267314370354432,0.03408590007037511
66,25.02.2015,4,2015,True,har_gpr,0.0260955827400026,0.031157998071359112
66,26.02.2015,4,2015,True,har_gpr,0.0259000450337384,0.033828208466178226
66,27.02.2015,4,2015,True,har_gpr,0.0256279753430597,0.033465099734046405
66,02.03.2015,4,2015,True,har_gpr,0.0251100867435839,0.03463396370398362
66,03.03.2015,4,2015,True,har_gpr,0.0250546356520731,0.03378094468804104
66,04.03.2015,4,2015,True,har_gpr,0.0250667149315775,0.03297048989003123
66,05.03.2015,4,2015,True,har_gpr,0.0254084749192577,0.0309293794476045
66,06.03.2015,4,2015,True,har_gpr,0.0253900770070024,0.028312696919238874
66,09.03.2015,4,2015,True,har_gpr,0.0252792574131361,0.02745613692530106
66,10.03.2015,4,2015,True,har_gpr,0.024948226472108,0.027423376219687316
66,11.03.2015,4,2015,True,har_gpr,0.0249841040840761,0.028288707161602013
66,12.03.2015,4,2015,True,har_gpr,0.024957384961175,0.028009916246894022
66,13.03.2015,4,2015,True,har_gpr,0.0244238100139246,0.027124132979850175
66,16.03.2015,4,2015,True,har_gpr,0.0242247988845232,0.028436764672949484
66,17.03.2015,4,2015,True,har_gpr,0.024377315101947,0.02894151718219631
66,18.03.2015,4,2015,True,har_gpr,0.0237844899939393,0.023559092712327284
66,19.03.2015,4,2015,True,har_gpr,0.0235848656804479,0.026644711355698125
66,20.03.2015,4,2015,True,har_gpr,0.0236198291508383,0.02650577311907726
66,23.03.2015,4,2015,True,har_gpr,0.0236084766117174,0.02612639690681977
66,24.03.2015,4,2015,True,har_gpr,0.0235192651310626,0.024755035037514455
66,25.03.2015,4,2015,True,har_gpr,0.0235033499156651,0.025078634369457613
66,26.03.2015,4,2015,True,har_gpr,0.0230041530419984,0.023715847609255724
66,27.03.2015,4,2015,True,har_gpr,0.0224151182432306,0.025509790124106375
66,30.03.2015,4,2015,True,har_gpr,0.0224107847036956,0.026584374634634412
66,31.03.2015,4,2015,True,har_gpr,0.0251271765150925,0.023475615894018066
66,01.04.2015,4,2015,True,har_gpr,0.0247512540132378,0.02375172214478726
66,02.04.2015,4,2015,True,har_gpr,0.0242863861266635,0.025244276241447608
66,06.04.2015,4,2015,True,har_gpr,0.0235147154238435,0.025588031413042493
66,07.04.2015,4,2015,True,har_gpr,0.0234246020993827,0.030260309564219098
66,08.04.2015,4,2015,True,har_gpr,0.022199232470776,0.02908837295616431
66,09.04.2015,4,2015,True,har_gpr,0.0221316754728289,0.032353159505060305
66,10.04.2015,4,2015,True,har_gpr,0.0221790615386108,0.03090913651132351
66,13.04.2015,4,2015,True,har_gpr,0.0222018373256452,0.030981075293493324
66,14.04.2015,4,2015,True,har_gpr,0.0221752266573191,0.02787399959794852
66,15.04.2015,4,2015,True,har_gpr,0.0218829175015158,0.027683414816154564
66,16.04.2015,4,2015,True,har_gpr,0.0219023755742543,0.027143607245375116
66,17.04.2015,4,2015,True,har_gpr,0.0210622411266926,0.025548286153330085
66,20.04.2015,4,2015,True,har_gpr,0.0211269433866214,0.02787406402953873
66,21.04.2015,4,2015,True,har_gpr,0.0210188134327168,0.026228394306751883
66,22.04.2015,4,2015,True,har_gpr,0.021094118646448,0.02769665293627562
66,23.04.2015,4,2015,True,har_gpr,0.0206179824422517,0.027016893865922306
66,24.04.2015,4,2015,True,har_gpr,0.0205910323609752,0.027989896792573094
66,27.04.2015,4,2015,True,har_gpr,0.0205863920587295,0.025801847317999185
66,28.04.2015,4,2015,True,har_gpr,0.0207037720866295,0.025256578920520786
66,29.04.2015,4,2015,True,har_gpr,0.0214057588007392,0.024818019383803475
66,30.04.2015,4,2015,True,har_gpr,0.0213507448028477,0.02487146638073697
66,01.05.2015,4,2015,True,har_gpr,0.0213554150009354,0.023944556970873478
66,04.05.2015,4,2015,True,har_gpr,0.0213520829449783,0.022461612271796553
66,05.05.2015,4,2015,True,har_gpr,0.0212665827839009,0.020794846467345085
66,06.05.2015,4,2015,True,har_gpr,0.021843812496646,0.02122312281907895
66,07.05.2015,4,2015,True,har_gpr,0.0216911775849848,0.016594059072349242
66,08.05.2015,4,2015,True,har_gpr,0.0217589355138203,0.019678015207558665
66,11.05.2015,4,2015,True,har_gpr,0.0217632171116433,0.018639441544682972
66,12.05.2015,4,2015,True,har_gpr,0.0213497285335557,0.01778162188308181
66,13.05.2015,4,2015,True,har_gpr,0.0213520572926,0.019183207126108336
66,14.05.2015,4,2015,True,har_gpr,0.0213513667185925,0.017805089468600023
66,15.05.2015,4,2015,True,har_gpr,0.0216533194312699,0.017410075896538448
66,18.05.2015,4,2015,True,har_gpr,0.0216669455521317,0.015304830499490546
66,19.05.2015,4,2015,True,har_gpr,0.0215030206498972,0.015102339419191898
66,20.05.2015,4,2015,True,har_gpr,0.0224821380947402,0.01675295192245778
66,21.05.2015,4,2015,True,har_gpr,0.0223033513332353,0.016585684644570643
66,22.05.2015,4,2015,True,har_gpr,0.0222670616953153,0.01652712772152587
66,26.05.2015,4,2015,True,har_gpr,0.0255433334469231,0.01678157336197693
66,27.05.2015,4,2015,True,har_gpr,0.0262862349488341,0.01931426813254124
66,28.05.2015,4,2015,True,har_gpr,0.0281277747253349,0.019777329327534565
66,29.05.2015,4,2015,True,har_gpr,0.0294144281186299,0.018874112384455303
66,01.06.2015,4,2015,True,har_gpr,0.0295394518602199,0.022348255248672254
66,02.06.2015,4,2015,True,har_gpr,0.0295083264616138,0.021346167106645535
66,03.06.2015,4,2015,True,har_gpr,0.0294584441374869,0.021188522173389207
66,04.06.2015,4,2015,True,har_gpr,0.0293018373499217,0.02187740344670324
66,05.06.2015,4,2015,True,har_gpr,0.0294882887363352,0.02260839961830568
66,08.06.2015,4,2015,True,har_gpr,0.0297325771605925,0.021455663454697297
66,09.06.2015,4,2015,True,har_gpr,0.0293804963240315,0.020035854637767966
66,10.06.2015,4,2015,True,har_gpr,0.0295775888442005,0.022088972686866135
66,11.06.2015,4,2015,True,har_gpr,0.0296038303314116,0.020711366717544342
66,12.06.2015,4,2015,True,har_gpr,0.0295557923098902,0.020262042709728246
66,15.06.2015,4,2015,True,har_gpr,0.0302947878967863,0.020949376988564174
66,16.06.2015,4,2015,True,har_gpr,0.0305090324886237,0.02268935977170843
66,17.06.2015,4,2015,True,har_gpr,0.0306617731283916,0.021475147298890527
66,18.06.2015,4,2015,True,har_gpr,0.0306493966479681,0.021725927053746725
66,19.06.2015,4,2015,True,har_gpr,0.0307268196045197,0.021223413144702226
66,22.06.2015,4,2015,True,har_gpr,0.0307473104353007,0.021388169004533872
66,23.06.2015,4,2015,True,har_gpr,0.0306735901434748,0.020527154321598157
66,24.06.2015,4,2015,True,har_gpr,0.0307653748899621,0.02073014423760665
66,25.06.2015,4,2015,True,har_gpr,0.0308961603636032,0.020268147421009207
66,26.06.2015,4,2015,True,har_gpr,0.0309019893756531,0.019913735492269095
66,29.06.2015,4,2015,True,har_gpr,0.0308643292192406,0.01764006398645473
66,30.06.2015,4,2015,True,har_gpr,0.0306944605149226,0.019218609994082987
66,01.07.2015,4,2015,True,har_gpr,0.0307614292484358,0.020127618237057228
66,02.07.2015,4,2015,True,har_gpr,0.0315289199658046,0.020238280657522215
66,06.07.2015,4,2015,True,har_gpr,0.0294511968538792,0.0188682102842178
66,07.07.2015,4,2015,True,har_gpr,0.0297437148122515,0.02724355989237918
66,08.07.2015,4,2015,True,har_gpr,0.0297488507777173,0.024936856749234352
66,09.07.2015,4,2015,True,har_gpr,0.0302458763394339,0.02361880461109175
66,10.07.2015,4,2015,True,har_gpr,0.0302656681172266,0.02512258597978539
66,13.07.2015,4,2015,True,har_gpr,0.0302258947268612,0.024448855195086345
66,14.07.2015,4,2015,True,har_gpr,0.030186542465245,0.022138841778461257
66,15.07.2015,4,2015,True,har_gpr,0.0300573947584119,0.022049305364895678
66,16.07.2015,4,2015,True,har_gpr,0.030029173498255,0.02309969092764656
66,17.07.2015,4,2015,True,har_gpr,0.0300326887077478,0.021985651198710814
66,20.07.2015,4,2015,True,har_gpr,0.0300511173791195,0.021687418251676683
66,21.07.2015,4,2015,True,har_gpr,0.0300422318694615,0.022333808900191657
66,22.07.2015,4,2015,True,har_gpr,0.0299949247230807,0.02205214454891325
66,23.07.2015,4,2015,True,har_gpr,0.0299637207077345,0.021819893247504978
66,24.07.2015,4,2015,True,har_gpr,0.0299849364265338,0.021738026172481103
66,27.07.2015,4,2015,True,har_gpr,0.0304886734511991,0.021579010967579425
66,28.07.2015,4,2015,True,har_gpr,0.030491418294622,0.022993611715599396
66,29.07.2015,4,2015,True,har_gpr,0.0305596883182614,0.02211674719608558
66,30.07.2015,4,2015,True,har_gpr,0.0306120186293663,0.021554623800964567
66,31.07.2015,4,2015,True,har_gpr,0.0308398495493165,0.021387807780758345
66,03.08.2015,4,2015,True,har_gpr,0.0305332168982639,0.022122710101588797
66,04.08.2015,4,2015,True,har_gpr,0.0305446174764228,0.019214157537040064
66,05.08.2015,4,2015,True,har_gpr,0.030561856701699,0.018247975420949764
66,06.08.2015,4,2015,True,har_gpr,0.0305660815919879,0.018037850720959633
66,07.08.2015,4,2015,True,har_gpr,0.0304930408564782,0.01665342567557751
66,10.08.2015,4,2015,True,har_gpr,0.0304351233292904,0.01709923092247108
66,11.08.2015,4,2015,True,har_gpr,0.0306523415131945,0.019241879736017733
66,12.08.2015,4,2015,True,har_gpr,0.0306368908269984,0.01904312932825162
66,13.08.2015,4,2015,True,har_gpr,0.0306249808313081,0.018650133108607903
66,14.08.2015,4,2015,True,har_gpr,0.0306245563784565,0.018434610510824415
66,17.08.2015,4,2015,True,har_gpr,0.0306779806639137,0.01812428865769867
66,18.08.2015,4,2015,True,har_gpr,0.0306773177519033,0.016667649720935436
66,19.08.2015,4,2015,True,har_gpr,0.0304355711487405,0.01621611262502278
66,20.08.2015,4,2015,True,har_gpr,0.0304111798416576,0.018111336651903488
66,21.08.2015,4,2015,True,har_gpr,0.0304592018175053,0.017427279926487998
66,24.08.2015,4,2015,True,har_gpr,0.0294209411946621,0.018088233199817574
66,25.08.2015,4,2015,True,har_gpr,0.0296173412268171,0.022119119919997713
66,26.08.2015,4,2015,True,har_gpr,0.0296258768692199,0.021368512599761736
66,27.08.2015,4,2015,True,har_gpr,0.0270320356172518,0.021085161797390364
66,28.08.2015,4,2015,True,har_gpr,0.02676688383301,0.03259413397030575
66,31.08.2015,4,2015,True,har_gpr,0.0251395175423719,0.032636271834644744
66,01.09.2015,4,2015,True,har_gpr,0.0228638489225899,0.03346670384174195
66,02.09.2015,4,2015,True,har_gpr,0.0235902676106554,0.039376638117943306
66,03.09.2015,4,2015,True,har_gpr,0.0235967115266828,0.03740703189032092
66,04.09.2015,4,2015,True,har_gpr,0.0234910787471952,0.036301491400075006
66,08.09.2015,4,2015,True,har_gpr,0.0235031251836198,0.03666251104289505
66,09.09.2015,4,2015,True,har_gpr,0.0236691839373764,0.03408246754145694
66,10.09.2015,4,2015,True,har_gpr,0.0233625567185314,0.034207601483430015
66,11.09.2015,4,2015,True,har_gpr,0.0234173235577883,0.034291487218819736
66,14.09.2015,4,2015,True,har_gpr,0.0233300418181617,0.033984992564263655
66,15.09.2015,4,2015,True,har_gpr,0.0233066563988663,0.03587811366861909
66,16.09.2015,4,2015,True,har_gpr,0.0233105849432703,0.03506470167565754
66,17.09.2015,4,2015,True,har_gpr,0.0223013667569457,0.034604356016679313
66,18.09.2015,4,2015,True,har_gpr,0.022011047037274,0.03722844181103329
66,21.09.2015,4,2015,True,har_gpr,0.022110502926661,0.03730357327982998
66,22.09.2015,4,2015,True,har_gpr,0.0222057608691584,0.03611786042637501
66,23.09.2015,4,2015,True,har_gpr,0.0223283959705844,0.03361786061656046
66,24.09.2015,4,2015,True,har_gpr,0.0226998229906942,0.035012581633118336
66,25.09.2015,4,2015,True,har_gpr,0.0229845766706655,0.03377049627230404
66,28.09.2015,4,2015,True,har_gpr,0.0230485765192542,0.029754710049161207
66,29.09.2015,4,2015,True,har_gpr,0.0228820976418893,0.029383959097637274
66,30.09.2015,4,2015,True,har_gpr,0.0229697186645861,0.026244327535779204
66,01.10.2015,4,2015,True,har_gpr,0.0240172307049415,0.02119442712721067
66,02.10.2015,4,2015,True,har_gpr,0.0239764086018126,0.021385171360431252
66,05.10.2015,4,2015,True,har_gpr,0.0237125594662125,0.02131740532523241
66,06.10.2015,4,2015,True,har_gpr,0.0235378929501561,0.02330593608376288
66,07.10.2015,4,2015,True,har_gpr,0.0236016492542852,0.026590319493501748
66,08.10.2015,4,2015,True,har_gpr,0.0230783765108105,0.02455168943765446
66,09.10.2015,4,2015,True,har_gpr,0.0234112472920454,0.025130673125229385
66,12.10.2015,4,2015,True,har_gpr,0.0226951987883015,0.024462277510652497
66,13.10.2015,4,2015,True,har_gpr,0.0241893621322175,0.027859172280734028
66,14.10.2015,4,2015,True,har_gpr,0.0243392658351754,0.02579100227076751
66,15.10.2015,4,2015,True,har_gpr,0.0253151669630607,0.02551081520001706
66,16.10.2015,4,2015,True,har_gpr,0.0283118356561609,0.02348504908757218
66,19.10.2015,4,2015,True,har_gpr,0.0288996697449345,0.022548159885203267
66,20.10.2015,4,2015,True,har_gpr,0.0294989007200457,0.019995791190288843
66,21.10.2015,4,2015,True,har_gpr,0.030012110287781,0.019895046375589805
66,22.10.2015,4,2015,True,har_gpr,0.0302006339068375,0.020294301763450217
66,23.10.2015,4,2015,True,har_gpr,0.0304243990724586,0.01993839794685633
66,26.10.2015,4,2015,True,har_gpr,0.0304219945780875,0.01978432778966238
66,27.10.2015,4,2015,True,har_gpr,0.0311071378319609,0.019824129527269346
66,28.10.2015,4,2015,True,har_gpr,0.0317766982514578,0.019895222935524568
66,29.10.2015,4,2015,True,har_gpr,0.0318087348114456,0.02344844574885632
66,30.10.2015,4,2015,True,har_gpr,0.0317119309730632,0.02216422946369478
66,02.11.2015,4,2015,True,har_gpr,0.0318980222278706,0.022578377945620683
66,03.11.2015,4,2015,True,har_gpr,0.0327858061650808,0.023426597371453847
66,04.11.2015,4,2015,True,har_gpr,0.0326805195149032,0.022815547624360822
66,05.11.2015,4,2015,True,har_gpr,0.0327551768611326,0.024076593014452488
66,06.11.2015,4,2015,True,har_gpr,0.035494153288445,0.02239024511056053
66,09.11.2015,4,2015,True,har_gpr,0.0356943971463081,0.022266416428621236
66,10.11.2015,4,2015,True,har_gpr,0.0368610000064003,0.01892359417731942
66,11.11.2015,4,2015,True,har_gpr,0.0366688940574101,0.018182585192682184
66,12.11.2015,4,2015,True,har_gpr,0.0366518102671827,0.019795676679404548
66,13.11.2015,4,2015,True,har_gpr,0.037240737562452,0.021160464090467127
66,16.11.2015,4,2015,True,har_gpr,0.0375361227385768,0.020349648040898286
66,17.11.2015,4,2015,True,har_gpr,0.0378209366587701,0.020590122369613592
66,18.11.2015,4,2015,True,har_gpr,0.0379334710267679,0.0204608988330467
66,19.11.2015,4,2015,True,har_gpr,0.037930423670695,0.020990657907956834
66,20.11.2015,4,2015,True,har_gpr,0.0380469023968982,0.019832718877001602
66,23.11.2015,4,2015,True,har_gpr,0.03803854194365,0.02015956585669068
66,24.11.2015,4,2015,True,har_gpr,0.0380166775817104,0.020442751122246902
66,25.11.2015,4,2015,True,har_gpr,0.0380229932989299,0.022011516058867087
66,27.11.2015,4,2015,True,har_gpr,0.0383191998288883,0.019451049635087224
66,30.11.2015,4,2015,True,har_gpr,0.0389208011866134,0.021390575598878844
66,01.12.2015,4,2015,True,har_gpr,0.0390748359372964,0.019548510457216842
66,02.12.2015,4,2015,True,har_gpr,0.0389573841709593,0.019398032667062814
66,03.12.2015,4,2015,True,har_gpr,0.0388679961632487,0.02025850809740061
66,04.12.2015,4,2015,True,har_gpr,0.0388207930789977,0.020838794882846404
66,07.12.2015,4,2015,True,har_gpr,0.0383357880893447,0.020537038780191988
66,08.12.2015,4,2015,True,har_gpr,0.0383887082680249,0.02408637373476271
66,09.12.2015,4,2015,True,har_gpr,0.0387131425245688,0.02283823785373386
66,10.12.2015,4,2015,True,har_gpr,0.0388626007173883,0.022306284351094705
66,11.12.2015,4,2015,True,har_gpr,0.0384335541099739,0.021187246596483994
66,14.12.2015,4,2015,True,har_gpr,0.0384425854236689,0.02284815273297408
66,15.12.2015,4,2015,True,har_gpr,0.0384153978737625,0.021669047223419197
66,16.12.2015,4,2015,True,har_gpr,0.0383987554563883,0.022612693478433945
66,17.12.2015,4,2015,True,har_gpr,0.0383990930370038,0.023757651974513887
66,18.12.2015,4,2015,True,har_gpr,0.0383874676771475,0.02260692375332081
66,21.12.2015,4,2015,True,har_gpr,0.0385144725731599,0.022211522964069738
66,22.12.2015,4,2015,True,har_gpr,0.0385029594027512,0.02191869101309342
66,23.12.2015,4,2015,True,har_gpr,0.0382968038109472,0.021223771158463897
66,24.12.2015,4,2015,True,har_gpr,0.0382613656691165,0.022797558543501163
66,28.12.2015,4,2015,True,har_gpr,0.0385522670262739,0.02261974897609626
66,29.12.2015,4,2015,True,har_gpr,0.0383614628772369,0.022721197747999803
66,30.12.2015,4,2015,True,har_gpr,0.0385951621975186,0.02390353470831754
66,31.12.2015,4,2015,True,har_gpr,0.0385320878290971,0.024885153805291785
66,02.01.2015,4,2015,True,har_x,0.0340581472157001,0.024058268672691525
66,05.01.2015,4,2015,True,har_x,0.0333159004660666,0.025684051800371793
66,06.01.2015,4,2015,True,har_x,0.0329410829449179,0.029094726485075127
66,07.01.2015,4,2015,True,har_x,0.0329511389964762,0.02838972398545291
66,08.01.2015,4,2015,True,har_x,0.0331459671839189,0.026372221759421943
66,09.01.2015,4,2015,True,har_x,0.0330579224208657,0.025466364870935652
66,12.01.2015,4,2015,True,har_x,0.0327425467479461,0.025189445655236647
66,13.01.2015,4,2015,True,har_x,0.0326291807693366,0.028144706597354185
66,14.01.2015,4,2015,True,har_x,0.0324124824200748,0.027656066094118067
66,15.01.2015,4,2015,True,har_x,0.0322727751078471,0.028858079911240772
66,16.01.2015,4,2015,True,har_x,0.0324664965305896,0.030223985719545595
66,20.01.2015,4,2015,True,har_x,0.0324667815396575,0.029364098654286814
66,21.01.2015,4,2015,True,har_x,0.032428947152528,0.03025886496905383
66,22.01.2015,4,2015,True,har_x,0.0323897277257342,0.02917040403485976
66,23.01.2015,4,2015,True,har_x,0.0324356245237419,0.029277572494618324
66,26.01.2015,4,2015,True,har_x,0.032382002882932,0.02932914916754398
66,27.01.2015,4,2015,True,har_x,0.0322574496725113,0.027930900821843147
66,28.01.2015,4,2015,True,har_x,0.0320800112288826,0.027717066488939127
66,29.01.2015,4,2015,True,har_x,0.0320916969161798,0.027982210935584433
66,30.01.2015,4,2015,True,har_x,0.0308470079278711,0.027715838912737198
66,02.02.2015,4,2015,True,har_x,0.0309661408431911,0.031877839605090455
66,03.02.2015,4,2015,True,har_x,0.0302430957630606,0.030259905039591195
66,04.02.2015,4,2015,True,har_x,0.0290228359519527,0.03130743839088998
66,05.02.2015,4,2015,True,har_x,0.0287710752476118,0.03352396941956247
66,06.02.2015,4,2015,True,har_x,0.0286754939628184,0.03349986587329938
66,09.02.2015,4,2015,True,har_x,0.0286694041138898,0.03209961904274938
66,10.02.2015,4,2015,True,har_x,0.0283302289542485,0.02949496433367039
66,11.02.2015,4,2015,True,har_x,0.0280180161767771,0.030768059372169435
66,12.02.2015,4,2015,True,har_x,0.0279416991834461,0.03099925638244528
66,13.02.2015,4,2015,True,har_x,0.0279896606324833,0.030583223658840142
66,17.02.2015,4,2015,True,har_x,0.0260973990099235,0.02855800389478453
66,18.02.2015,4,2015,True,har_x,0.0258685076755924,0.03147678599747183
66,19.02.2015,4,2015,True,har_x,0.0260659418159602,0.030655894993770694
66,20.02.2015,4,2015,True,har_x,0.0262809810462541,0.030003342845838242
66,23.02.2015,4,2015,True,har_x,0.0261449593478802,0.029165892424090886
66,24.02.2015,4,2015,True,har_x,0.0267314370354432,0.03246253250872265
66,25.02.2015,4,2015,True,har_x,0.0260955827400026,0.030444137358414752
66,26.02.2015,4,2015,True,har_x,0.0259000450337384,0.031166604239542012
66,27.02.2015,4,2015,True,har_x,0.0256279753430597,0.031435732805493284
66,02.03.2015,4,2015,True,har_x,0.0251100867435839,0.031701084266798595
66,03.03.2015,4,2015,True,har_x,0.0250546356520731,0.030265083323735786
66,04.03.2015,4,2015,True,har_x,0.0250667149315775,0.029076858684181084
66,05.03.2015,4,2015,True,har_x,0.0254084749192577,0.026717741669171107
66,06.03.2015,4,2015,True,har_x,0.0253900770070024,0.025168301549688403
66,09.03.2015,4,2015,True,har_x,0.0252792574131361,0.025717592921165836
66,10.03.2015,4,2015,True,har_x,0.024948226472108,0.025785066998451473
66,11.03.2015,4,2015,True,har_x,0.0249841040840761,0.026933098668699723
66,12.03.2015,4,2015,True,har_x,0.024957384961175,0.02603632391145205
66,13.03.2015,4,2015,True,har_x,0.0244238100139246,0.025819901013124324
66,16.03.2015,4,2015,True,har_x,0.0242247988845232,0.028445373075878206
66,17.03.2015,4,2015,True,har_x,0.024377315101947,0.02991060303886637
66,18.03.2015,4,2015,True,har_x,0.0237844899939393,0.029207050442151064
66,19.03.2015,4,2015,True,har_x,0.0235848656804479,0.02818407403440308
66,20.03.2015,4,2015,True,har_x,0.0236198291508383,0.028040817225032762
66,23.03.2015,4,2015,True,har_x,0.0236084766117174,0.026680712097756923
66,24.03.2015,4,2015,True,har_x,0.0235192651310626,0.02516480915782929
66,25.03.2015,4,2015,True,har_x,0.0235033499156651,0.024771125701956966
66,26.03.2015,4,2015,True,har_x,0.0230041530419984,0.02409373672814434
66,27.03.2015,4,2015,True,har_x,0.0224151182432306,0.025813024476229504
66,30.03.2015,4,2015,True,har_x,0.0224107847036956,0.02742004560416129
66,31.03.2015,4,2015,True,har_x,0.0251271765150925,0.025642290803624672
66,01.04.2015,4,2015,True,har_x,0.0247512540132378,0.02656694056343068
66,02.04.2015,4,2015,True,har_x,0.0242863861266635,0.02606771506029949
66,06.04.2015,4,2015,True,har_x,0.0235147154238435,0.025780571538176374
66,07.04.2015,4,2015,True,har_x,0.0234246020993827,0.02758751755513015
66,08.04.2015,4,2015,True,har_x,0.022199232470776,0.02608010701364283
66,09.04.2015,4,2015,True,har_x,0.0221316754728289,0.028198613512064114
66,10.04.2015,4,2015,True,har_x,0.0221790615386108,0.026807071601425977
66,13.04.2015,4,2015,True,har_x,0.0222018373256452,0.02547978496867176
66,14.04.2015,4,2015,True,har_x,0.0221752266573191,0.02414244413637383
66,15.04.2015,4,2015,True,har_x,0.0218829175015158,0.024325227556264654
66,16.04.2015,4,2015,True,har_x,0.0219023755742543,0.02490815026468975
66,17.04.2015,4,2015,True,har_x,0.0210622411266926,0.02313521430260328
66,20.04.2015,4,2015,True,har_x,0.0211269433866214,0.023715606747637577
66,21.04.2015,4,2015,True,har_x,0.0210188134327168,0.022759089965412163
66,22.04.2015,4,2015,True,har_x,0.021094118646448,0.02301884280280745
66,23.04.2015,4,2015,True,har_x,0.0206179824422517,0.021929396069798802
66,24.04.2015,4,2015,True,har_x,0.0205910323609752,0.022037705853081506
66,27.04.2015,4,2015,True,har_x,0.0205863920587295,0.020600234684539018
66,28.04.2015,4,2015,True,har_x,0.0207037720866295,0.02109032552553969
66,29.04.2015,4,2015,True,har_x,0.0214057588007392,0.020856819012772105
66,30.04.2015,4,2015,True,har_x,0.0213507448028477,0.020773560082862748
66,01.05.2015,4,2015,True,har_x,0.0213554150009354,0.02029441521798741
66,04.05.2015,4,2015,True,har_x,0.0213520829449783,0.019513047639407553
66,05.05.2015,4,2015,True,har_x,0.0212665827839009,0.019198477687742157
66,06.05.2015,4,2015,True,har_x,0.021843812496646,0.01948625678257016
66,07.05.2015,4,2015,True,har_x,0.0216911775849848,0.01822907051752558
66,08.05.2015,4,2015,True,har_x,0.0217589355138203,0.019919891819052897
66,11.05.2015,4,2015,True,har_x,0.0217632171116433,0.018159481078512466
66,12.05.2015,4,2015,True,har_x,0.0213497285335557,0.017638741575184382
66,13.05.2015,4,2015,True,har_x,0.0213520572926,0.01783994029919989
66,14.05.2015,4,2015,True,har_x,0.0213513667185925,0.017389410289813067
66,15.05.2015,4,2015,True,har_x,0.0216533194312699,0.016630135184251302
66,18.05.2015,4,2015,True,har_x,0.0216669455521317,0.014944386809413873
66,19.05.2015,4,2015,True,har_x,0.0215030206498972,0.014992278097883172
66,20.05.2015,4,2015,True,har_x,0.0224821380947402,0.017366816675352604
66,21.05.2015,4,2015,True,har_x,0.0223033513332353,0.0167214687874416
66,22.05.2015,4,2015,True,har_x,0.0222670616953153,0.015976606382167843
66,26.05.2015,4,2015,True,har_x,0.0255433334469231,0.015885044183641457
66,27.05.2015,4,2015,True,har_x,0.0262862349488341,0.018562663745773596
66,28.05.2015,4,2015,True,har_x,0.0281277747253349,0.01894720416584545
66,29.05.2015,4,2015,True,har_x,0.0294144281186299,0.018091564029427173
66,01.06.2015,4,2015,True,har_x,0.0295394518602199,0.01932016641645108
66,02.06.2015,4,2015,True,har_x,0.0295083264616138,0.019424492342537108
66,03.06.2015,4,2015,True,har_x,0.0294584441374869,0.019530880579167704
66,04.06.2015,4,2015,True,har_x,0.0293018373499217,0.020526418261102693
66,05.06.2015,4,2015,True,har_x,0.0294882887363352,0.021160869651645806
66,08.06.2015,4,2015,True,har_x,0.0297325771605925,0.018859056335670372
66,09.06.2015,4,2015,True,har_x,0.0293804963240315,0.017854978367251226
66,10.06.2015,4,2015,True,har_x,0.0295775888442005,0.018310519474093193
66,11.06.2015,4,2015,True,har_x,0.0296038303314116,0.017225961876840435
66,12.06.2015,4,2015,True,har_x,0.0295557923098902,0.01703773821034058
66,15.06.2015,4,2015,True,har_x,0.0302947878967863,0.017245351719279295
66,16.06.2015,4,2015,True,har_x,0.0305090324886237,0.018686190133127598
66,17.06.2015,4,2015,True,har_x,0.0306617731283916,0.01806571680462221
66,18.06.2015,4,2015,True,har_x,0.0306493966479681,0.01848979929109476
66,19.06.2015,4,2015,True,har_x,0.0307268196045197,0.017741776148340827
66,22.06.2015,4,2015,True,har_x,0.0307473104353007,0.0174574665004081
66,23.06.2015,4,2015,True,har_x,0.0306735901434748,0.017051694762799902
66,24.06.2015,4,2015,True,har_x,0.0307653748899621,0.017085357765709425
66,25.06.2015,4,2015,True,har_x,0.0308961603636032,0.01689074640178217
66,26.06.2015,4,2015,True,har_x,0.0309019893756531,0.01655821790048872
66,29.06.2015,4,2015,True,har_x,0.0308643292192406,0.015742426210447795
66,30.06.2015,4,2015,True,har_x,0.0306944605149226,0.018724482564535277
66,01.07.2015,4,2015,True,har_x,0.0307614292484358,0.01858592881456111
66,02.07.2015,4,2015,True,har_x,0.0315289199658046,0.01926660248135591
66,06.07.2015,4,2015,True,har_x,0.0294511968538792,0.018516702639086485
66,07.07.2015,4,2015,True,har_x,0.0297437148122515,0.023351140910715253
66,08.07.2015,4,2015,True,har_x,0.0297488507777173,0.022064659888056087
66,09.07.2015,4,2015,True,har_x,0.0302458763394339,0.02228058260305925
66,10.07.2015,4,2015,True,har_x,0.0302656681172266,0.02289279393702097
66,13.07.2015,4,2015,True,har_x,0.0302258947268612,0.022149390429106595
66,14.07.2015,4,2015,True,har_x,0.030186542465245,0.020222773724039876
66,15.07.2015,4,2015,True,har_x,0.0300573947584119,0.01948403789677836
66,16.07.2015,4,2015,True,har_x,0.030029173498255,0.020295460603428375
66,17.07.2015,4,2015,True,har_x,0.0300326887077478,0.019286082688945688
66,20.07.2015,4,2015,True,har_x,0.0300511173791195,0.018649640390734537
66,21.07.2015,4,2015,True,har_x,0.0300422318694615,0.01977737417459446
66,22.07.2015,4,2015,True,har_x,0.0299949247230807,0.019070686974956643
66,23.07.2015,4,2015,True,har_x,0.0299637207077345,0.020110945087639307
66,24.07.2015,4,2015,True,har_x,0.0299849364265338,0.020385393482771866
66,27.07.2015,4,2015,True,har_x,0.0304886734511991,0.020510058430734526
66,28.07.2015,4,2015,True,har_x,0.030491418294622,0.022577572175715106
66,29.07.2015,4,2015,True,har_x,0.0305596883182614,0.021679031216515605
66,30.07.2015,4,2015,True,har_x,0.0306120186293663,0.020982080315828294
66,31.07.2015,4,2015,True,har_x,0.0308398495493165,0.02044772741233951
66,03.08.2015,4,2015,True,har_x,0.0305332168982639,0.02142022036469518
66,04.08.2015,4,2015,True,har_x,0.0305446174764228,0.020648501161961038
66,05.08.2015,4,2015,True,har_x,0.030561856701699,0.01966380165629301
66,06.08.2015,4,2015,True,har_x,0.0305660815919879,0.019609170725457124
66,07.08.2015,4,2015,True,har_x,0.0304930408564782,0.019654763089941765
66,10.08.2015,4,2015,True,har_x,0.0304351233292904,0.01980267640373722
66,11.08.2015,4,2015,True,har_x,0.0306523415131945,0.020859618727296286
66,12.08.2015,4,2015,True,har_x,0.0306368908269984,0.021147065470798965
66,13.08.2015,4,2015,True,har_x,0.0306249808313081,0.020985247966006582
66,14.08.2015,4,2015,True,har_x,0.0306245563784565,0.021231845864653615
66,17.08.2015,4,2015,True,har_x,0.0306779806639137,0.02020480333334573
66,18.08.2015,4,2015,True,har_x,0.0306773177519033,0.019249785254175485
66,19.08.2015,4,2015,True,har_x,0.0304355711487405,0.018812401899272062
66,20.08.2015,4,2015,True,har_x,0.0304111798416576,0.020358292829563602
66,21.08.2015,4,2015,True,har_x,0.0304592018175053,0.020438895107816785
66,24.08.2015,4,2015,True,har_x,0.0294209411946621,0.021559789883611454
66,25.08.2015,4,2015,True,har_x,0.0296173412268171,0.025357462031434533
66,26.08.2015,4,2015,True,har_x,0.0296258768692199,0.024252595638465456
66,27.08.2015,4,2015,True,har_x,0.0270320356172518,0.023257409838248654
66,28.08.2015,4,2015,True,har_x,0.02676688383301,0.028463033206443198
66,31.08.2015,4,2015,True,har_x,0.0251395175423719,0.02902173345481782
66,01.09.2015,4,2015,True,har_x,0.0228638489225899,0.030356007619452903
66,02.09.2015,4,2015,True,har_x,0.0235902676106554,0.03347624470860041
66,03.09.2015,4,2015,True,har_x,0.0235967115266828,0.03080626237432199
66,04.09.2015,4,2015,True,har_x,0.0234910787471952,0.029051045828641223
66,08.09.2015,4,2015,True,har_x,0.0235031251836198,0.02887614429238112
66,09.09.2015,4,2015,True,har_x,0.0236691839373764,0.028237574965294075
66,10.09.2015,4,2015,True,har_x,0.0233625567185314,0.028345065797988372
66,11.09.2015,4,2015,True,har_x,0.0234173235577883,0.02846868261584142
66,14.09.2015,4,2015,True,har_x,0.0233300418181617,0.028108392679331434
66,15.09.2015,4,2015,True,har_x,0.0233066563988663,0.029113925602856253
66,16.09.2015,4,2015,True,har_x,0.0233105849432703,0.02909070929717299
66,17.09.2015,4,2015,True,har_x,0.0223013667569457,0.02855304204267178
66,18.09.2015,4,2015,True,har_x,0.022011047037274,0.02794420491482834
66,21.09.2015,4,2015,True,har_x,0.022110502926661,0.02799678909255763
66,22.09.2015,4,2015,True,har_x,0.0222057608691584,0.027906391731017714
66,23.09.2015,4,2015,True,har_x,0.0223283959705844,0.027444997842349238
66,24.09.2015,4,2015,True,har_x,0.0226998229906942,0.028941714930645984
66,25.09.2015,4,2015,True,har_x,0.0229845766706655,0.027737755193877264
66,28.09.2015,4,2015,True,har_x,0.0230485765192542,0.02586223523700957
66,29.09.2015,4,2015,True,har_x,0.0228820976418893,0.026699768505209096
66,30.09.2015,4,2015,True,har_x,0.0229697186645861,0.025640183814800384
66,01.10.2015,4,2015,True,har_x,0.0240172307049415,0.022518672995998266
66,02.10.2015,4,2015,True,har_x,0.0239764086018126,0.02233149792409595
66,05.10.2015,4,2015,True,har_x,0.0237125594662125,0.021595363729131054
66,06.10.2015,4,2015,True,har_x,0.0235378929501561,0.023135873644084735
66,07.10.2015,4,2015,True,har_x,0.0236016492542852,0.024835437927820125
66,08.10.2015,4,2015,True,har_x,0.0230783765108105,0.02351388440695197
66,09.10.2015,4,2015,True,har_x,0.0234112472920454,0.023885896459070993
66,12.10.2015,4,2015,True,har_x,0.0226951987883015,0.023275260428524014
66,13.10.2015,4,2015,True,har_x,0.0241893621322175,0.025550566043299115
66,14.10.2015,4,2015,True,har_x,0.0243392658351754,0.024514878077373577
66,15.10.2015,4,2015,True,har_x,0.0253151669630607,0.023310802167237604
66,16.10.2015,4,2015,True,har_x,0.0283118356561609,0.02247973613462586
66,19.10.2015,4,2015,True,har_x,0.0288996697449345,0.021199102937272982
66,20.10.2015,4,2015,True,har_x,0.0294989007200457,0.020531898838914115
66,21.10.2015,4,2015,True,har_x,0.030012110287781,0.020871389740384164
66,22.10.2015,4,2015,True,har_x,0.0302006339068375,0.021160592945267457
66,23.10.2015,4,2015,True,har_x,0.0304243990724586,0.020342573134858256
66,26.10.2015,4,2015,True,har_x,0.0304219945780875,0.020763790878920895
66,27.10.2015,4,2015,True,har_x,0.0311071378319609,0.021516109860085036
66,28.10.2015,4,2015,True,har_x,0.0317766982514578,0.022275057759049456
66,29.10.2015,4,2015,True,har_x,0.0318087348114456,0.02346741280955604
66,30.10.2015,4,2015,True,har_x,0.0317119309730632,0.022450565219493943
66,02.11.2015,4,2015,True,har_x,0.0318980222278706,0.022025946135140854
66,03.11.2015,4,2015,True,har_x,0.0327858061650808,0.02283718690886946
66,04.11.2015,4,2015,True,har_x,0.0326805195149032,0.022598445246333174
66,05.11.2015,4,2015,True,har_x,0.0327551768611326,0.023123499246600808
66,06.11.2015,4,2015,True,har_x,0.035494153288445,0.02150906705502324
66,09.11.2015,4,2015,True,har_x,0.0356943971463081,0.02167697106112647
66,10.11.2015,4,2015,True,har_x,0.0368610000064003,0.0205760055670735
66,11.11.2015,4,2015,True,har_x,0.0366688940574101,0.019573841028398025
66,12.11.2015,4,2015,True,har_x,0.0366518102671827,0.021313587318152003
66,13.11.2015,4,2015,True,har_x,0.037240737562452,0.022536817281633367
66,16.11.2015,4,2015,True,har_x,0.0375361227385768,0.022925140453939424
66,17.11.2015,4,2015,True,har_x,0.0378209366587701,0.02480318086603804
66,18.11.2015,4,2015,True,har_x,0.0379334710267679,0.024447590834807312
66,19.11.2015,4,2015,True,har_x,0.037930423670695,0.02353635670022397
66,20.11.2015,4,2015,True,har_x,0.0380469023968982,0.02314418864871344
66,23.11.2015,4,2015,True,har_x,0.03803854194365,0.023781727790059173
66,24.11.2015,4,2015,True,har_x,0.0380166775817104,0.023646764318916845
66,25.11.2015,4,2015,True,har_x,0.0380229932989299,0.024858886180614822
66,27.11.2015,4,2015,True,har_x,0.0383191998288883,0.02433806996350165
66,30.11.2015,4,2015,True,har_x,0.0389208011866134,0.025118817155360077
66,01.12.2015,4,2015,True,har_x,0.0390748359372964,0.02350282715802018
66,02.12.2015,4,2015,True,har_x,0.0389573841709593,0.023878220455543747
66,03.12.2015,4,2015,True,har_x,0.0388679961632487,0.025536138172324363
66,04.12.2015,4,2015,True,har_x,0.0388207930789977,0.025099888556579006
66,07.12.2015,4,2015,True,har_x,0.0383357880893447,0.0229022469253411
66,08.12.2015,4,2015,True,har_x,0.0383887082680249,0.02641747544932156
66,09.12.2015,4,2015,True,har_x,0.0387131425245688,0.02616690471244697
66,10.12.2015,4,2015,True,har_x,0.0388626007173883,0.02638686617494469
66,11.12.2015,4,2015,True,har_x,0.0384335541099739,0.025971069878019348
66,14.12.2015,4,2015,True,har_x,0.0384425854236689,0.027983038481446666
66,15.12.2015,4,2015,True,har_x,0.0384153978737625,0.027335928767801655
66,16.12.2015,4,2015,True,har_x,0.0383987554563883,0.025707556471247502
66,17.12.2015,4,2015,True,har_x,0.0383990930370038,0.025315740636817033
66,18.12.2015,4,2015,True,har_x,0.0383874676771475,0.02459803197473469
66,21.12.2015,4,2015,True,har_x,0.0385144725731599,0.02529602713359414
66,22.12.2015,4,2015,True,har_x,0.0385029594027512,0.025359675512045952
66,23.12.2015,4,2015,True,har_x,0.0382968038109472,0.02494127302684522
66,24.12.2015,4,2015,True,har_x,0.0382613656691165,0.025118556844786498
66,28.12.2015,4,2015,True,har_x,0.0385522670262739,0.023896253636226383
66,29.12.2015,4,2015,True,har_x,0.0383614628772369,0.02437857038791907
66,30.12.2015,4,2015,True,har_x,0.0385951621975186,0.024049906544389422
66,31.12.2015,4,2015,True,har_x,0.0385320878290971,0.024677973102546918
126,02.01.2015,4,2015,True,har,0.0291371161061665,0.018569774309951777
126,05.01.2015,4,2015,True,har,0.0286299703062783,0.018685441622877996
126,06.01.2015,4,2015,True,har,0.0284146057529057,0.022284701007861
126,07.01.2015,4,2015,True,har,0.0285096089007595,0.022086345609218554
126,08.01.2015,4,2015,True,har,0.0285064669760889,0.020693899996757623
126,09.01.2015,4,2015,True,har,0.0284982004051666,0.02056345463663835
126,12.01.2015,4,2015,True,har,0.0280627611895377,0.02047065561145582
126,13.01.2015,4,2015,True,har,0.0281116770296067,0.02246677355039941
126,14.01.2015,4,2015,True,har,0.0278581647562869,0.021204848524076003
126,15.01.2015,4,2015,True,har,0.0277850961330543,0.024631618249016666
126,16.01.2015,4,2015,True,har,0.0278249230082424,0.02401688476730139
126,20.01.2015,4,2015,True,har,0.02782580427796,0.023485533476448012
126,21.01.2015,4,2015,True,har,0.0278100883096263,0.023149855801207073
126,22.01.2015,4,2015,True,har,0.0278301554586465,0.022896659930647267
126,23.01.2015,4,2015,True,har,0.0278506571310297,0.022018518608480545
126,26.01.2015,4,2015,True,har,0.0278934517608945,0.02096876827398015
126,27.01.2015,4,2015,True,har,0.0277767461112141,0.021251061795333752
126,28.01.2015,4,2015,True,har,0.0276957447338525,0.022877507184726965
126,29.01.2015,4,2015,True,har,0.0276725949217813,0.022743634499193147
126,30.01.2015,4,2015,True,har,0.0269053222183667,0.02272472753113291
126,02.02.2015,4,2015,True,har,0.0271498544032722,0.028764583454745658
126,03.02.2015,4,2015,True,har,0.0266815693841088,0.027809723397721316
126,04.02.2015,4,2015,True,har,0.026027805216937,0.02827403199075688
126,05.02.2015,4,2015,True,har,0.0257229076484048,0.030965197283493097
126,06.02.2015,4,2015,True,har,0.0256892908482205,0.03095009485798749
126,09.02.2015,4,2015,True,har,0.025891561568421,0.02997319560555878
126,10.02.2015,4,2015,True,har,0.0258175337477786,0.029375293682660193
126,11.02.2015,4,2015,True,har,0.0256863995928541,0.028908040783114108
126,12.02.2015,4,2015,True,har,0.0253963271265366,0.02855255526320627
126,13.02.2015,4,2015,True,har,0.0253893804710132,0.028803912055171046
126,17.02.2015,4,2015,True,har,0.0241573585328665,0.02732786435559134
126,18.02.2015,4,2015,True,har,0.0240021084919089,0.03282913699339913
126,19.02.2015,4,2015,True,har,0.0241762014286123,0.03205193392211022
126,20.02.2015,4,2015,True,har,0.0241904620138804,0.031041345305080847
126,23.02.2015,4,2015,True,har,0.0242121573539883,0.030685870707392385
126,24.02.2015,4,2015,True,har,0.0248105131022793,0.031808252951238146
126,25.02.2015,4,2015,True,har,0.0244054477212744,0.029077579985460233
126,26.02.2015,4,2015,True,har,0.0243168898968968,0.03156641012188645
126,27.02.2015,4,2015,True,har,0.0256117856459226,0.03118825628495111
126,02.03.2015,4,2015,True,har,0.0256870905991803,0.03225490361547318
126,03.03.2015,4,2015,True,har,0.0265632480456785,0.03262205279243707
126,04.03.2015,4,2015,True,har,0.0276812111562334,0.031852223991715646
126,05.03.2015,4,2015,True,har,0.027740675232572,0.030054916609493706
126,06.03.2015,4,2015,True,har,0.0277263697274759,0.02786604167697436
126,09.03.2015,4,2015,True,har,0.0277322454323636,0.027153846385229233
126,10.03.2015,4,2015,True,har,0.0275439463363619,0.0267868722007984
126,11.03.2015,4,2015,True,har,0.0276941023851064,0.02754643322318004
126,12.03.2015,4,2015,True,har,0.0278050357445051,0.02729998094423271
126,13.03.2015,4,2015,True,har,0.0275797043832853,0.026516360558262855
126,16.03.2015,4,2015,True,har,0.0277032988411242,0.027781484846615755
126,17.03.2015,4,2015,True,har,0.0277096483389736,0.027352878293330628
126,18.03.2015,4,2015,True,har,0.0273940336267545,0.02283194019195104
126,19.03.2015,4,2015,True,har,0.0277024850585731,0.0256303276611995
126,20.03.2015,4,2015,True,har,0.0278103514936168,0.025444229889349922
126,23.03.2015,4,2015,True,har,0.0279298864150095,0.025051110363787852
126,24.03.2015,4,2015,True,har,0.0279059797609978,0.024604832187412648
126,25.03.2015,4,2015,True,har,0.0279109380780449,0.024902037509598598
126,26.03.2015,4,2015,True,har,0.027589089647661,0.023781300952031535
126,27.03.2015,4,2015,True,har,0.0272866425188829,0.02535405931462121
126,30.03.2015,4,2015,True,har,0.027377925784696,0.026349346956966186
126,31.03.2015,4,2015,True,har,0.0273771843362902,0.024046323102135874
126,01.04.2015,4,2015,True,har,0.0271825654343442,0.024363864834032637
126,02.04.2015,4,2015,True,har,0.0270034097437298,0.025665747007695826
126,06.04.2015,4,2015,True,har,0.0265275338910459,0.02591267631133161
126,07.04.2015,4,2015,True,har,0.0265679243925836,0.028316829051279108
126,08.04.2015,4,2015,True,har,0.0264437812295859,0.02718078169266691
126,09.04.2015,4,2015,True,har,0.0264075743674314,0.0301390615922055
126,10.04.2015,4,2015,True,har,0.0264960490461604,0.028742844634565327
126,13.04.2015,4,2015,True,har,0.0265026520541169,0.028790991338539528
126,14.04.2015,4,2015,True,har,0.0269165056906118,0.026833881383261475
126,15.04.2015,4,2015,True,har,0.0267698601289287,0.026705239918727045
126,16.04.2015,4,2015,True,har,0.0267685672482668,0.02619581268970896
126,17.04.2015,4,2015,True,har,0.0263827238363713,0.02476570837383254
126,20.04.2015,4,2015,True,har,0.0263830103636497,0.026943108938471915
126,21.04.2015,4,2015,True,har,0.0263234738181493,0.025582102591338057
126,22.04.2015,4,2015,True,har,0.0263026046321323,0.026932905881111694
126,23.04.2015,4,2015,True,har,0.0261480897070268,0.026308418921278477
126,24.04.2015,4,2015,True,har,0.0261435827745301,0.02722132947818747
126,27.04.2015,4,2015,True,har,0.0261405139680324,0.025249005441970136
126,28.04.2015,4,2015,True,har,0.0261479870302737,0.024048595841191442
126,29.04.2015,4,2015,True,har,0.0261061657432325,0.023634641937427866
126,30.04.2015,4,2015,True,har,0.0264338245303068,0.02375268538975383
126,01.05.2015,4,2015,True,har,0.0264340570355912,0.022932058024912327
126,04.05.2015,4,2015,True,har,0.0264814333396592,0.02168311616312927
126,05.05.2015,4,2015,True,har,0.0264564730301915,0.020215076975246007
126,06.05.2015,4,2015,True,har,0.0266647451504263,0.020635412331679218
126,07.05.2015,4,2015,True,har,0.0267271189118591,0.01677861058748558
126,08.05.2015,4,2015,True,har,0.0267421111050859,0.019508136411180203
126,11.05.2015,4,2015,True,har,0.0267513701246011,0.01851841227348589
126,12.05.2015,4,2015,True,har,0.0265963674263215,0.01876896524404691
126,13.05.2015,4,2015,True,har,0.0266054541396511,0.020049312300461714
126,14.05.2015,4,2015,True,har,0.0267600864780657,0.018790407119721356
126,15.05.2015,4,2015,True,har,0.0269500967128638,0.01842114762978419
126,18.05.2015,4,2015,True,har,0.0269570810654808,0.016682449586078042
126,19.05.2015,4,2015,True,har,0.0268117331868524,0.016804287204415486
126,20.05.2015,4,2015,True,har,0.0267603733692701,0.01829186790303909
126,21.05.2015,4,2015,True,har,0.0266972116163644,0.018098296488574875
126,22.05.2015,4,2015,True,har,0.0266679542490905,0.018114199469867878
126,26.05.2015,4,2015,True,har,0.0266197467579781,0.018309646808146462
126,27.05.2015,4,2015,True,har,0.0265416089106483,0.019125009338709417
126,28.05.2015,4,2015,True,har,0.0266672080539254,0.019493150464128438
126,29.05.2015,4,2015,True,har,0.0263048388366941,0.01866129984291331
126,01.06.2015,4,2015,True,har,0.0263981838057048,0.021744768469619036
126,02.06.2015,4,2015,True,har,0.0263761037374972,0.02074888055280244
126,03.06.2015,4,2015,True,har,0.0262945649087558,0.020591620409561823
126,04.06.2015,4,2015,True,har,0.0264649306586065,0.0212301727848729
126,05.06.2015,4,2015,True,har,0.0265592810262101,0.021865989644165227
126,08.06.2015,4,2015,True,har,0.0265925851509776,0.0208154253918638
126,09.06.2015,4,2015,True,har,0.0267680107914932,0.02056061068014195
126,10.06.2015,4,2015,True,har,0.0267371721460161,0.022401973596017588
126,11.06.2015,4,2015,True,har,0.026733199100359,0.02115194657739186
126,12.06.2015,4,2015,True,har,0.0267024774198494,0.020724359391586393
126,15.06.2015,4,2015,True,har,0.0269333467361088,0.02135192094915825
126,16.06.2015,4,2015,True,har,0.0269326525530773,0.02166017108495369
126,17.06.2015,4,2015,True,har,0.0268973456144983,0.020504720377113476
126,18.06.2015,4,2015,True,har,0.0270076620807768,0.02081626635408352
126,19.06.2015,4,2015,True,har,0.0269756940733292,0.02034899927960196
126,22.06.2015,4,2015,True,har,0.0269650639533587,0.020544228135167097
126,23.06.2015,4,2015,True,har,0.0269095668579953,0.019837815919491516
126,24.06.2015,4,2015,True,har,0.0268938519729164,0.020069606173372948
126,25.06.2015,4,2015,True,har,0.0271117755177298,0.01968055358663083
126,26.06.2015,4,2015,True,har,0.0271568533612156,0.01933970753175949
126,29.06.2015,4,2015,True,har,0.0272520465036888,0.017438292210230667
126,30.06.2015,4,2015,True,har,0.0273119126797005,0.018332300532315365
126,01.07.2015,4,2015,True,har,0.0273940418481402,0.01912280185065513
126,02.07.2015,4,2015,True,har,0.0274916237942312,0.01923040388171416
126,06.07.2015,4,2015,True,har,0.026297380296878,0.018001601766414313
126,07.07.2015,4,2015,True,har,0.0263362698184807,0.026863279632843365
126,08.07.2015,4,2015,True,har,0.0268382185835217,0.024595586550677388
126,09.07.2015,4,2015,True,har,0.0267074898656284,0.023475554057238928
126,10.07.2015,4,2015,True,har,0.0267015954077753,0.024850865776334732
126,13.07.2015,4,2015,True,har,0.0271650608406429,0.024188343788566775
126,14.07.2015,4,2015,True,har,0.0271693930896844,0.02243318012299561
126,15.07.2015,4,2015,True,har,0.0271338020891251,0.02234549971856433
126,16.07.2015,4,2015,True,har,0.0272279618621001,0.023309870364669256
126,17.07.2015,4,2015,True,har,0.0272268398128832,0.022282074679698775
126,20.07.2015,4,2015,True,har,0.0279265012566438,0.022001592536051634
126,21.07.2015,4,2015,True,har,0.0279978846219842,0.02236630624875845
126,22.07.2015,4,2015,True,har,0.0283863225346091,0.022090424251719094
126,23.07.2015,4,2015,True,har,0.029752040535644,0.02191936754850135
126,24.07.2015,4,2015,True,har,0.03006796897525,0.021841885532178175
126,27.07.2015,4,2015,True,har,0.0303118534196582,0.02168810917233216
126,28.07.2015,4,2015,True,har,0.0305664117063589,0.022073941795477857
126,29.07.2015,4,2015,True,har,0.0306601269733903,0.02124351312726737
126,30.07.2015,4,2015,True,har,0.0307636210294579,0.020794699752989088
126,31.07.2015,4,2015,True,har,0.0307241072590291,0.020657998502631406
126,03.08.2015,4,2015,True,har,0.0307999971797804,0.021360965672294334
126,04.08.2015,4,2015,True,har,0.0314381021271934,0.01948100564749703
126,05.08.2015,4,2015,True,har,0.0314590412815834,0.0185131447758293
126,06.08.2015,4,2015,True,har,0.0314684731504042,0.01832693880227384
126,07.08.2015,4,2015,True,har,0.0315697079987849,0.017163476330984473
126,10.08.2015,4,2015,True,har,0.0321236233400914,0.017604125000249507
126,11.08.2015,4,2015,True,har,0.0321238363953034,0.019487809745824185
126,12.08.2015,4,2015,True,har,0.0321599623487808,0.019295606381265047
126,13.08.2015,4,2015,True,har,0.0335681902091257,0.018910107869826047
126,14.08.2015,4,2015,True,har,0.0336960779805077,0.01873270894903049
126,17.08.2015,4,2015,True,har,0.0343163140703485,0.01844260311335544
126,18.08.2015,4,2015,True,har,0.0343174880185895,0.017676494965067596
126,19.08.2015,4,2015,True,har,0.0343435425137062,0.017283415452010426
126,20.08.2015,4,2015,True,har,0.0346506074104268,0.01902092659736665
126,21.08.2015,4,2015,True,har,0.0347695247448498,0.01835844770332684
126,24.08.2015,4,2015,True,har,0.0344908268489735,0.018965296409168476
126,25.08.2015,4,2015,True,har,0.0345527840250335,0.022324749999537225
126,26.08.2015,4,2015,True,har,0.034554435163204,0.021520834080010584
126,27.08.2015,4,2015,True,har,0.0334729413997534,0.021248829342809653
126,28.08.2015,4,2015,True,har,0.0331303288045523,0.031338640562292644
126,31.08.2015,4,2015,True,har,0.0324242445040567,0.031168661722611193
126,01.09.2015,4,2015,True,har,0.0315060400478785,0.03196194444835831
126,02.09.2015,4,2015,True,har,0.0317151685948143,0.03709471917917358
126,03.09.2015,4,2015,True,har,0.0320936666830039,0.03515911778859839
126,04.09.2015,4,2015,True,har,0.0321422812022273,0.03411114468922785
126,08.09.2015,4,2015,True,har,0.0323105384023398,0.034465373937824145
126,09.09.2015,4,2015,True,har,0.0321961455734772,0.03229168093091517
126,10.09.2015,4,2015,True,har,0.0321065500271139,0.03241771204478808
126,11.09.2015,4,2015,True,har,0.0321321477839319,0.03244930547217196
126,14.09.2015,4,2015,True,har,0.0320144016969052,0.032142554644195284
126,15.09.2015,4,2015,True,har,0.032223118240724,0.03331548511300722
126,16.09.2015,4,2015,True,har,0.0323390545157287,0.03251440513391186
126,17.09.2015,4,2015,True,har,0.0319987719512152,0.032079626086188556
126,18.09.2015,4,2015,True,har,0.0318806552553293,0.03452466203754462
126,21.09.2015,4,2015,True,har,0.031764394225564,0.03452779287533805
126,22.09.2015,4,2015,True,har,0.0318801814134761,0.03419948100640956
126,23.09.2015,4,2015,True,har,0.0317949965096624,0.032033148209825564
126,24.09.2015,4,2015,True,har,0.0317831072124192,0.03331574626112757
126,25.09.2015,4,2015,True,har,0.0318602658128379,0.032137706014093395
126,28.09.2015,4,2015,True,har,0.0317865240269461,0.028805927495488645
126,29.09.2015,4,2015,True,har,0.0317483633300582,0.028403332250735325
126,30.09.2015,4,2015,True,har,0.0317470458064504,0.025821195505686262
126,01.10.2015,4,2015,True,har,0.0320316051323708,0.02157989231589601
126,02.10.2015,4,2015,True,har,0.0320218245989711,0.021793827574906843
126,05.10.2015,4,2015,True,har,0.0322882726651027,0.021716466943194075
126,06.10.2015,4,2015,True,har,0.0319239288994945,0.021989481529028677
126,07.10.2015,4,2015,True,har,0.0324156822316775,0.024892426072421397
126,08.10.2015,4,2015,True,har,0.032331061429943,0.023056469779352357
126,09.10.2015,4,2015,True,har,0.0325652929750476,0.023601731385760105
126,12.10.2015,4,2015,True,har,0.0322275253189149,0.022964370258495605
126,13.10.2015,4,2015,True,har,0.0322166164930165,0.026066703033758815
126,14.10.2015,4,2015,True,har,0.0322484615142595,0.024327410652446067
126,15.10.2015,4,2015,True,har,0.032242014052719,0.024052026695494992
126,16.10.2015,4,2015,True,har,0.0323299353590463,0.02234894228180705
126,19.10.2015,4,2015,True,har,0.032527389976455,0.021552218240263203
126,20.10.2015,4,2015,True,har,0.0326195898956657,0.0200155583332922
126,21.10.2015,4,2015,True,har,0.032605662340804,0.019921944315999883
126,22.10.2015,4,2015,True,har,0.032624590456565,0.020349234535106092
126,23.10.2015,4,2015,True,har,0.032723329088,0.02000546735869527
126,26.10.2015,4,2015,True,har,0.0328319260635097,0.01986520677628352
126,27.10.2015,4,2015,True,har,0.032851476814968,0.019732881807100693
126,28.10.2015,4,2015,True,har,0.0325847735873086,0.019819951090045876
126,29.10.2015,4,2015,True,har,0.0325817618123866,0.02298540304990608
126,30.10.2015,4,2015,True,har,0.0326487510712896,0.021750939607840386
126,02.11.2015,4,2015,True,har,0.0328798618789417,0.02213903865559994
126,03.11.2015,4,2015,True,har,0.0327324104474444,0.02207517345576327
126,04.11.2015,4,2015,True,har,0.0325570063596613,0.021660776143545953
126,05.11.2015,4,2015,True,har,0.0327212556553573,0.022731438884661677
126,06.11.2015,4,2015,True,har,0.0329307138875738,0.021232229760865452
126,09.11.2015,4,2015,True,har,0.0331710009144396,0.021113032656175548
126,10.11.2015,4,2015,True,har,0.0331796728784682,0.019196481973594713
126,11.11.2015,4,2015,True,har,0.0330336471407466,0.018512821896847824
126,12.11.2015,4,2015,True,har,0.0329079483240938,0.019952412415816113
126,13.11.2015,4,2015,True,har,0.0328963323773073,0.021121593658912752
126,16.11.2015,4,2015,True,har,0.032903930350447,0.020330358117685018
126,17.11.2015,4,2015,True,har,0.0329051494586459,0.020120405403252738
126,18.11.2015,4,2015,True,har,0.0328880629660637,0.02000219040145602
126,19.11.2015,4,2015,True,har,0.0328965859173635,0.02049901132026413
126,20.11.2015,4,2015,True,har,0.0328868022414174,0.0194111520094995
126,23.11.2015,4,2015,True,har,0.0329457312787996,0.019710131239880455
126,24.11.2015,4,2015,True,har,0.0328543370053044,0.019481746821809864
126,25.11.2015,4,2015,True,har,0.0328586986127799,0.02091268542981284
126,27.11.2015,4,2015,True,har,0.0327585963000535,0.01870036626597161
126,30.11.2015,4,2015,True,har,0.0327535800696662,0.020482639584234588
126,01.12.2015,4,2015,True,har,0.0327548511081314,0.01955301109952031
126,02.12.2015,4,2015,True,har,0.0325061030147777,0.019421175709393543
126,03.12.2015,4,2015,True,har,0.0324300533875956,0.020303431212652934
126,04.12.2015,4,2015,True,har,0.0324098667017851,0.020788320865161955
126,07.12.2015,4,2015,True,har,0.0320655630479015,0.020478562218791706
126,08.12.2015,4,2015,True,har,0.0320626530352546,0.023280486308415616
126,09.12.2015,4,2015,True,har,0.0321666530228221,0.0220630220119876
126,10.12.2015,4,2015,True,har,0.0321544896241692,0.02157101421660272
126,11.12.2015,4,2015,True,har,0.0318812114862425,0.020599130690147086
126,14.12.2015,4,2015,True,har,0.0319282198026606,0.022148730970023043
126,15.12.2015,4,2015,True,har,0.0320986896310835,0.02058393498548611
126,16.12.2015,4,2015,True,har,0.0321352177274813,0.02144818138378704
126,17.12.2015,4,2015,True,har,0.0322271519173984,0.022487978201103535
126,18.12.2015,4,2015,True,har,0.0322144170533095,0.021404608048150132
126,21.12.2015,4,2015,True,har,0.0322154851301602,0.021054889381150108
126,22.12.2015,4,2015,True,har,0.0322442952977124,0.021001136319864677
126,23.12.2015,4,2015,True,har,0.0324644685794078,0.020360183935023445
126,24.12.2015,4,2015,True,har,0.0325430567095848,0.021821381523337194
126,28.12.2015,4,2015,True,har,0.0324771073874598,0.021593098643994443
126,29.12.2015,4,2015,True,har,0.0325562641572612,0.02267902026973015
126,30.12.2015,4,2015,True,har,0.0324304266174764,0.023652530431252622
126,31.12.2015,4,2015,True,har,0.0323818220148291,0.024522172142707147
126,02.01.2015,4,2015,True,har_ovx,0.0291371161061665,0.0247151764263849
126,05.01.2015,4,2015,True,har_ovx,0.0286299703062783,0.02653549888459737
126,06.01.2015,4,2015,True,har_ovx,0.0284146057529057,0.028923629624520154
126,07.01.2015,4,2015,True,har_ovx,0.0285096089007595,0.028080179006487568
126,08.01.2015,4,2015,True,har_ovx,0.0285064669760889,0.026089867010514956
126,09.01.2015,4,2015,True,har_ovx,0.0284982004051666,0.02513957712514847
126,12.01.2015,4,2015,True,har_ovx,0.0280627611895377,0.024937439726437773
126,13.01.2015,4,2015,True,har_ovx,0.0281116770296067,0.02689173380390212
126,14.01.2015,4,2015,True,har_ovx,0.0278581647562869,0.02656737159874658
126,15.01.2015,4,2015,True,har_ovx,0.0277850961330543,0.02694310327440327
126,16.01.2015,4,2015,True,har_ovx,0.0278249230082424,0.028575762825234653
126,20.01.2015,4,2015,True,har_ovx,0.02782580427796,0.027679780190339447
126,21.01.2015,4,2015,True,har_ovx,0.0278100883096263,0.02834627997844192
126,22.01.2015,4,2015,True,har_ovx,0.0278301554586465,0.027284295209076662
126,23.01.2015,4,2015,True,har_ovx,0.0278506571310297,0.027593426528484705
126,26.01.2015,4,2015,True,har_ovx,0.0278934517608945,0.02796658787901268
126,27.01.2015,4,2015,True,har_ovx,0.0277767461112141,0.02768525156344659
126,28.01.2015,4,2015,True,har_ovx,0.0276957447338525,0.026987182618783773
126,29.01.2015,4,2015,True,har_ovx,0.0276725949217813,0.027311596313285808
126,30.01.2015,4,2015,True,har_ovx,0.0269053222183667,0.026965047706981538
126,02.02.2015,4,2015,True,har_ovx,0.0271498544032722,0.0299782094562424
126,03.02.2015,4,2015,True,har_ovx,0.0266815693841088,0.028953834962592462
126,04.02.2015,4,2015,True,har_ovx,0.026027805216937,0.030127233450608686
126,05.02.2015,4,2015,True,har_ovx,0.0257229076484048,0.031852469278663996
126,06.02.2015,4,2015,True,har_ovx,0.0256892908482205,0.03169656964224667
126,09.02.2015,4,2015,True,har_ovx,0.025891561568421,0.030286264580919438
126,10.02.2015,4,2015,True,har_ovx,0.0258175337477786,0.027987108525677633
126,11.02.2015,4,2015,True,har_ovx,0.0256863995928541,0.029705841396518155
126,12.02.2015,4,2015,True,har_ovx,0.0253963271265366,0.029998901505679236
126,13.02.2015,4,2015,True,har_ovx,0.0253893804710132,0.02949983761476959
126,17.02.2015,4,2015,True,har_ovx,0.0241573585328665,0.027520856207193734
126,18.02.2015,4,2015,True,har_ovx,0.0240021084919089,0.029414289688379086
126,19.02.2015,4,2015,True,har_ovx,0.0241762014286123,0.028455531875958034
126,20.02.2015,4,2015,True,har_ovx,0.0241904620138804,0.027886697206099133
126,23.02.2015,4,2015,True,har_ovx,0.0242121573539883,0.027027862548261256
126,24.02.2015,4,2015,True,har_ovx,0.0248105131022793,0.029436109390201377
126,25.02.2015,4,2015,True,har_ovx,0.0244054477212744,0.02777166808223899
126,26.02.2015,4,2015,True,har_ovx,0.0243168898968968,0.028055032302332986
126,27.02.2015,4,2015,True,har_ovx,0.0256117856459226,0.028384923228429858
126,02.03.2015,4,2015,True,har_ovx,0.0256870905991803,0.02843027648341685
126,03.03.2015,4,2015,True,har_ovx,0.0265632480456785,0.028219383151969885
126,04.03.2015,4,2015,True,har_ovx,0.0276812111562334,0.02701698477348736
126,05.03.2015,4,2015,True,har_ovx,0.027740675232572,0.02485450642440748
126,06.03.2015,4,2015,True,har_ovx,0.0277263697274759,0.023846849463773526
126,09.03.2015,4,2015,True,har_ovx,0.0277322454323636,0.024726935257325056
126,10.03.2015,4,2015,True,har_ovx,0.0275439463363619,0.02476576105095573
126,11.03.2015,4,2015,True,har_ovx,0.0276941023851064,0.025857799039574025
126,12.03.2015,4,2015,True,har_ovx,0.0278050357445051,0.024897872401235636
126,13.03.2015,4,2015,True,har_ovx,0.0275797043832853,0.024863555858261607
126,16.03.2015,4,2015,True,har_ovx,0.0277032988411242,0.027610013939422588
126,17.03.2015,4,2015,True,har_ovx,0.0277096483389736,0.028322993736184618
126,18.03.2015,4,2015,True,har_ovx,0.0273940336267545,0.029032273088924213
126,19.03.2015,4,2015,True,har_ovx,0.0277024850585731,0.027197990834414872
126,20.03.2015,4,2015,True,har_ovx,0.0278103514936168,0.027006302641153227
126,23.03.2015,4,2015,True,har_ovx,0.0279298864150095,0.025513064753289252
126,24.03.2015,4,2015,True,har_ovx,0.0279059797609978,0.024730882004008962
126,25.03.2015,4,2015,True,har_ovx,0.0279109380780449,0.024216847635113163
126,26.03.2015,4,2015,True,har_ovx,0.027589089647661,0.0238659988961469
126,27.03.2015,4,2015,True,har_ovx,0.0272866425188829,0.025369327951844444
126,30.03.2015,4,2015,True,har_ovx,0.027377925784696,0.026947904135371667
126,31.03.2015,4,2015,True,har_ovx,0.0273771843362902,0.025803606730598404
126,01.04.2015,4,2015,True,har_ovx,0.0271825654343442,0.0268511089215303
126,02.04.2015,4,2015,True,har_ovx,0.0270034097437298,0.025913568307146646
126,06.04.2015,4,2015,True,har_ovx,0.0265275338910459,0.02546437661677285
126,07.04.2015,4,2015,True,har_ovx,0.0265679243925836,0.0252246728050435
126,08.04.2015,4,2015,True,har_ovx,0.0264437812295859,0.0237044901991931
126,09.04.2015,4,2015,True,har_ovx,0.0264075743674314,0.025373849685832044
126,10.04.2015,4,2015,True,har_ovx,0.0264960490461604,0.024034236986165174
126,13.04.2015,4,2015,True,har_ovx,0.0265026520541169,0.02251065045504933
126,14.04.2015,4,2015,True,har_ovx,0.0269165056906118,0.022547789568799603
126,15.04.2015,4,2015,True,har_ovx,0.0267698601289287,0.022838809906980062
126,16.04.2015,4,2015,True,har_ovx,0.0267685672482668,0.023633175441915247
126,17.04.2015,4,2015,True,har_ovx,0.0263827238363713,0.021987000330453657
126,20.04.2015,4,2015,True,har_ovx,0.0263830103636497,0.022194225601351505
126,21.04.2015,4,2015,True,har_ovx,0.0263234738181493,0.021449154725524753
126,22.04.2015,4,2015,True,har_ovx,0.0263026046321323,0.021433663426390845
126,23.04.2015,4,2015,True,har_ovx,0.0261480897070268,0.020345675816268095
126,24.04.2015,4,2015,True,har_ovx,0.0261435827745301,0.020284740254649963
126,27.04.2015,4,2015,True,har_ovx,0.0261405139680324,0.01915724433228771
126,28.04.2015,4,2015,True,har_ovx,0.0261479870302737,0.019476404506071236
126,29.04.2015,4,2015,True,har_ovx,0.0261061657432325,0.019299926770628043
126,30.04.2015,4,2015,True,har_ovx,0.0264338245303068,0.01925965333581842
126,01.05.2015,4,2015,True,har_ovx,0.0264340570355912,0.01894662087631159
126,04.05.2015,4,2015,True,har_ovx,0.0264814333396592,0.01847291154784525
126,05.05.2015,4,2015,True,har_ovx,0.0264564730301915,0.018577590151781197
126,06.05.2015,4,2015,True,har_ovx,0.0266647451504263,0.018841251254968903
126,07.05.2015,4,2015,True,har_ovx,0.0267271189118591,0.01874489959182076
126,08.05.2015,4,2015,True,har_ovx,0.0267421111050859,0.019910966593126054
126,11.05.2015,4,2015,True,har_ovx,0.0267513701246011,0.018100530235543418
126,12.05.2015,4,2015,True,har_ovx,0.0265963674263215,0.018085819267153667
126,13.05.2015,4,2015,True,har_ovx,0.0266054541396511,0.018013023531049593
126,14.05.2015,4,2015,True,har_ovx,0.0267600864780657,0.017792113592865248
126,15.05.2015,4,2015,True,har_ovx,0.0269500967128638,0.017022102396244035
126,18.05.2015,4,2015,True,har_ovx,0.0269570810654808,0.015734056174941974
126,19.05.2015,4,2015,True,har_ovx,0.0268117331868524,0.016091267591515
126,20.05.2015,4,2015,True,har_ovx,0.0267603733692701,0.01840865802701581
126,21.05.2015,4,2015,True,har_ovx,0.0266972116163644,0.017669517193050894
126,22.05.2015,4,2015,True,har_ovx,0.0266679542490905,0.01689971394628089
126,26.05.2015,4,2015,True,har_ovx,0.0266197467579781,0.016705547621381222
126,27.05.2015,4,2015,True,har_ovx,0.0265416089106483,0.018329627961623185
126,28.05.2015,4,2015,True,har_ovx,0.0266672080539254,0.01861825551226612
126,29.05.2015,4,2015,True,har_ovx,0.0263048388366941,0.01783662449301163
126,01.06.2015,4,2015,True,har_ovx,0.0263981838057048,0.018397656702470642
126,02.06.2015,4,2015,True,har_ovx,0.0263761037374972,0.01850168237425363
126,03.06.2015,4,2015,True,har_ovx,0.0262945649087558,0.01864739576901813
126,04.06.2015,4,2015,True,har_ovx,0.0264649306586065,0.019636874861653098
126,05.06.2015,4,2015,True,har_ovx,0.0265592810262101,0.02016387506468282
126,08.06.2015,4,2015,True,har_ovx,0.0265925851509776,0.017823800383105902
126,09.06.2015,4,2015,True,har_ovx,0.0267680107914932,0.017875838461095736
126,10.06.2015,4,2015,True,har_ovx,0.0267371721460161,0.01791776116890756
126,11.06.2015,4,2015,True,har_ovx,0.026733199100359,0.016994061755922427
126,12.06.2015,4,2015,True,har_ovx,0.0267024774198494,0.01686888885433598
126,15.06.2015,4,2015,True,har_ovx,0.0269333467361088,0.01695528118627511
126,16.06.2015,4,2015,True,har_ovx,0.0269326525530773,0.017442671097504376
126,17.06.2015,4,2015,True,har_ovx,0.0268973456144983,0.01696790867528917
126,18.06.2015,4,2015,True,har_ovx,0.0270076620807768,0.017468654587579773
126,19.06.2015,4,2015,True,har_ovx,0.0269756940733292,0.016719868736750555
126,22.06.2015,4,2015,True,har_ovx,0.0269650639533587,0.01640702923979654
126,23.06.2015,4,2015,True,har_ovx,0.0269095668579953,0.01599819765495279
126,24.06.2015,4,2015,True,har_ovx,0.0268938519729164,0.016035711707957995
126,25.06.2015,4,2015,True,har_ovx,0.0271117755177298,0.015943854991638164
126,26.06.2015,4,2015,True,har_ovx,0.0271568533612156,0.015626882233961796
126,29.06.2015,4,2015,True,har_ovx,0.0272520465036888,0.015352944432440637
126,30.06.2015,4,2015,True,har_ovx,0.0273119126797005,0.017691393663591133
126,01.07.2015,4,2015,True,har_ovx,0.0273940418481402,0.017301991430252718
126,02.07.2015,4,2015,True,har_ovx,0.0274916237942312,0.01804991450932224
126,06.07.2015,4,2015,True,har_ovx,0.026297380296878,0.017510361210229503
126,07.07.2015,4,2015,True,har_ovx,0.0263362698184807,0.022124215719940457
126,08.07.2015,4,2015,True,har_ovx,0.0268382185835217,0.02099629548535311
126,09.07.2015,4,2015,True,har_ovx,0.0267074898656284,0.021602610656463843
126,10.07.2015,4,2015,True,har_ovx,0.0267015954077753,0.021972859863224826
126,13.07.2015,4,2015,True,har_ovx,0.0271650608406429,0.021228845570803463
126,14.07.2015,4,2015,True,har_ovx,0.0271693930896844,0.019744106125807015
126,15.07.2015,4,2015,True,har_ovx,0.0271338020891251,0.01892238113901496
126,16.07.2015,4,2015,True,har_ovx,0.0272279618621001,0.019614600750523785
126,17.07.2015,4,2015,True,har_ovx,0.0272268398128832,0.018706278860160686
126,20.07.2015,4,2015,True,har_ovx,0.0279265012566438,0.018042365354305923
126,21.07.2015,4,2015,True,har_ovx,0.0279978846219842,0.01901624370924935
126,22.07.2015,4,2015,True,har_ovx,0.0283863225346091,0.01826100133731049
126,23.07.2015,4,2015,True,har_ovx,0.029752040535644,0.019528467364901436
126,24.07.2015,4,2015,True,har_ovx,0.03006796897525,0.019854626674540885
126,27.07.2015,4,2015,True,har_ovx,0.0303118534196582,0.020022146931371235
126,28.07.2015,4,2015,True,har_ovx,0.0305664117063589,0.02111430009285778
126,29.07.2015,4,2015,True,har_ovx,0.0306601269733903,0.020261652039168562
126,30.07.2015,4,2015,True,har_ovx,0.0307636210294579,0.019649301083008663
126,31.07.2015,4,2015,True,har_ovx,0.0307241072590291,0.019095480722249966
126,03.08.2015,4,2015,True,har_ovx,0.0307999971797804,0.0200674049929818
126,04.08.2015,4,2015,True,har_ovx,0.0314381021271934,0.021422848524253246
126,05.08.2015,4,2015,True,har_ovx,0.0314590412815834,0.02042705318140251
126,06.08.2015,4,2015,True,har_ovx,0.0314684731504042,0.02041646615528029
126,07.08.2015,4,2015,True,har_ovx,0.0315697079987849,0.020853459425359867
126,10.08.2015,4,2015,True,har_ovx,0.0321236233400914,0.020959599990978316
126,11.08.2015,4,2015,True,har_ovx,0.0321238363953034,0.02120798292095577
126,12.08.2015,4,2015,True,har_ovx,0.0321599623487808,0.02155872954597697
126,13.08.2015,4,2015,True,har_ovx,0.0335681902091257,0.021431936703951313
126,14.08.2015,4,2015,True,har_ovx,0.0336960779805077,0.021773356101511095
126,17.08.2015,4,2015,True,har_ovx,0.0343163140703485,0.020675041047263868
126,18.08.2015,4,2015,True,har_ovx,0.0343174880185895,0.020262951822504423
126,19.08.2015,4,2015,True,har_ovx,0.0343435425137062,0.019891652537991134
126,20.08.2015,4,2015,True,har_ovx,0.0346506074104268,0.021236070203305257
126,21.08.2015,4,2015,True,har_ovx,0.0347695247448498,0.021433943856260906
126,24.08.2015,4,2015,True,har_ovx,0.0344908268489735,0.02256375083309698
126,25.08.2015,4,2015,True,har_ovx,0.0345527840250335,0.02568531397534423
126,26.08.2015,4,2015,True,har_ovx,0.034554435163204,0.02447277507511661
126,27.08.2015,4,2015,True,har_ovx,0.0334729413997534,0.0233939192616026
126,28.08.2015,4,2015,True,har_ovx,0.0331303288045523,0.02641291903556546
126,31.08.2015,4,2015,True,har_ovx,0.0324242445040567,0.02683525905948518
126,01.09.2015,4,2015,True,har_ovx,0.0315060400478785,0.02836168158818147
126,02.09.2015,4,2015,True,har_ovx,0.0317151685948143,0.030341534590610647
126,03.09.2015,4,2015,True,har_ovx,0.0320936666830039,0.02760961731322193
126,04.09.2015,4,2015,True,har_ovx,0.0321422812022273,0.02583882373024104
126,08.09.2015,4,2015,True,har_ovx,0.0323105384023398,0.025594077707836414
126,09.09.2015,4,2015,True,har_ovx,0.0321961455734772,0.025442297905134654
126,10.09.2015,4,2015,True,har_ovx,0.0321065500271139,0.025582259631825942
126,11.09.2015,4,2015,True,har_ovx,0.0321321477839319,0.025656773111568207
126,14.09.2015,4,2015,True,har_ovx,0.0320144016969052,0.025289091118560442
126,15.09.2015,4,2015,True,har_ovx,0.032223118240724,0.0257584256085836
126,16.09.2015,4,2015,True,har_ovx,0.0323390545157287,0.025844822148139043
126,17.09.2015,4,2015,True,har_ovx,0.0319987719512152,0.02532800585487533
126,18.09.2015,4,2015,True,har_ovx,0.0318806552553293,0.024123388374867397
126,21.09.2015,4,2015,True,har_ovx,0.031764394225564,0.024099247377723072
126,22.09.2015,4,2015,True,har_ovx,0.0318801814134761,0.024732205331890404
126,23.09.2015,4,2015,True,har_ovx,0.0317949965096624,0.024844681379501916
126,24.09.2015,4,2015,True,har_ovx,0.0317831072124192,0.026244663921585077
126,25.09.2015,4,2015,True,har_ovx,0.0318602658128379,0.025120397228053717
126,28.09.2015,4,2015,True,har_ovx,0.0317865240269461,0.024171655211276545
126,29.09.2015,4,2015,True,har_ovx,0.0317483633300582,0.025144209048961412
126,30.09.2015,4,2015,True,har_ovx,0.0317470458064504,0.02487040385501508
126,01.10.2015,4,2015,True,har_ovx,0.0320316051323708,0.022762038908939446
126,02.10.2015,4,2015,True,har_ovx,0.0320218245989711,0.02254707164848703
126,05.10.2015,4,2015,True,har_ovx,0.0322882726651027,0.021715076137538696
126,06.10.2015,4,2015,True,har_ovx,0.0319239288994945,0.02197540552983861
126,07.10.2015,4,2015,True,har_ovx,0.0324156822316775,0.023098206265501988
126,08.10.2015,4,2015,True,har_ovx,0.032331061429943,0.022052109506426665
126,09.10.2015,4,2015,True,har_ovx,0.0325652929750476,0.02237275128890094
126,12.10.2015,4,2015,True,har_ovx,0.0322275253189149,0.021791715045013583
126,13.10.2015,4,2015,True,har_ovx,0.0322166164930165,0.02362639966463191
126,14.10.2015,4,2015,True,har_ovx,0.0322484615142595,0.023066802922976217
126,15.10.2015,4,2015,True,har_ovx,0.032242014052719,0.021746567975476215
126,16.10.2015,4,2015,True,har_ovx,0.0323299353590463,0.02138886385701322
126,19.10.2015,4,2015,True,har_ovx,0.032527389976455,0.020192580785676595
126,20.10.2015,4,2015,True,har_ovx,0.0326195898956657,0.020528891243355114
126,21.10.2015,4,2015,True,har_ovx,0.032605662340804,0.02093389168347237
126,22.10.2015,4,2015,True,har_ovx,0.032624590456565,0.02123009528696922
126,23.10.2015,4,2015,True,har_ovx,0.032723329088,0.020361444336251932
126,26.10.2015,4,2015,True,har_ovx,0.0328319260635097,0.020869955689180052
126,27.10.2015,4,2015,True,har_ovx,0.032851476814968,0.021615200083042276
126,28.10.2015,4,2015,True,har_ovx,0.0325847735873086,0.022478138638605497
126,29.10.2015,4,2015,True,har_ovx,0.0325817618123866,0.022980077497906717
126,30.10.2015,4,2015,True,har_ovx,0.0326487510712896,0.022040427238861418
126,02.11.2015,4,2015,True,har_ovx,0.0328798618789417,0.02148321901161842
126,03.11.2015,4,2015,True,har_ovx,0.0327324104474444,0.021460622792128046
126,04.11.2015,4,2015,True,har_ovx,0.0325570063596613,0.02145613336922708
126,05.11.2015,4,2015,True,har_ovx,0.0327212556553573,0.02170407383828387
126,06.11.2015,4,2015,True,har_ovx,0.0329307138875738,0.020271503369016404
126,09.11.2015,4,2015,True,har_ovx,0.0331710009144396,0.020484500034781597
126,10.11.2015,4,2015,True,har_ovx,0.0331796728784682,0.020935864588484072
126,11.11.2015,4,2015,True,har_ovx,0.0330336471407466,0.019970257348440275
126,12.11.2015,4,2015,True,har_ovx,0.0329079483240938,0.02156911337595891
126,13.11.2015,4,2015,True,har_ovx,0.0328963323773073,0.022583995088238933
126,16.11.2015,4,2015,True,har_ovx,0.032903930350447,0.023143209704321446
126,17.11.2015,4,2015,True,har_ovx,0.0329051494586459,0.023511350990239207
126,18.11.2015,4,2015,True,har_ovx,0.0328880629660637,0.023138950754018922
126,19.11.2015,4,2015,True,har_ovx,0.0328965859173635,0.022010338474249345
126,20.11.2015,4,2015,True,har_ovx,0.0328868022414174,0.021799857337501786
126,23.11.2015,4,2015,True,har_ovx,0.0329457312787996,0.02245495059828134
126,24.11.2015,4,2015,True,har_ovx,0.0328543370053044,0.0227324927785686
126,25.11.2015,4,2015,True,har_ovx,0.0328586986127799,0.023763654926442414
126,27.11.2015,4,2015,True,har_ovx,0.0327585963000535,0.023829197496546124
126,30.11.2015,4,2015,True,har_ovx,0.0327535800696662,0.024300247512518847
126,01.12.2015,4,2015,True,har_ovx,0.0327548511081314,0.023860226404958003
126,02.12.2015,4,2015,True,har_ovx,0.0325061030147777,0.02432107329391776
126,03.12.2015,4,2015,True,har_ovx,0.0324300533875956,0.02610696953902746
126,04.12.2015,4,2015,True,har_ovx,0.0324098667017851,0.025434042599178298
126,07.12.2015,4,2015,True,har_ovx,0.0320655630479015,0.022984833515843427
126,08.12.2015,4,2015,True,har_ovx,0.0320626530352546,0.025207869586405807
126,09.12.2015,4,2015,True,har_ovx,0.0321666530228221,0.02511263585620883
126,10.12.2015,4,2015,True,har_ovx,0.0321544896241692,0.025471058938184604
126,11.12.2015,4,2015,True,har_ovx,0.0318812114862425,0.025301610371200014
126,14.12.2015,4,2015,True,har_ovx,0.0319282198026606,0.0272523764042452
126,15.12.2015,4,2015,True,har_ovx,0.0320986896310835,0.026943666720811367
126,16.12.2015,4,2015,True,har_ovx,0.0321352177274813,0.02490304864793562
126,17.12.2015,4,2015,True,har_ovx,0.0322271519173984,0.02421236088557933
126,18.12.2015,4,2015,True,har_ovx,0.0322144170533095,0.023609720029041548
126,21.12.2015,4,2015,True,har_ovx,0.0322154851301602,0.02450529186293969
126,22.12.2015,4,2015,True,har_ovx,0.0322442952977124,0.02448641080694048
126,23.12.2015,4,2015,True,har_ovx,0.0324644685794078,0.024161431892517782
126,24.12.2015,4,2015,True,har_ovx,0.0325430567095848,0.024044369772366014
126,28.12.2015,4,2015,True,har_ovx,0.0324771073874598,0.022636813923339095
126,29.12.2015,4,2015,True,har_ovx,0.0325562641572612,0.023968450738604298
126,30.12.2015,4,2015,True,har_ovx,0.0324304266174764,0.023244992536978305
126,31.12.2015,4,2015,True,har_ovx,0.0323818220148291,0.02371306767653045
126,02.01.2015,4,2015,True,har_gpr,0.0291371161061665,0.018565009670908628
126,05.01.2015,4,2015,True,har_gpr,0.0286299703062783,0.018682354096300063
126,06.01.2015,4,2015,True,har_gpr,0.0284146057529057,0.022824216626442326
126,07.01.2015,4,2015,True,har_gpr,0.0285096089007595,0.022609712575114866
126,08.01.2015,4,2015,True,har_gpr,0.0285064669760889,0.021194089438216917
126,09.01.2015,4,2015,True,har_gpr,0.0284982004051666,0.021070431660200128
126,12.01.2015,4,2015,True,har_gpr,0.0280627611895377,0.020990888137973524
126,13.01.2015,4,2015,True,har_gpr,0.0281116770296067,0.023349195243119885
126,14.01.2015,4,2015,True,har_gpr,0.0278581647562869,0.02205807755897612
126,15.01.2015,4,2015,True,har_gpr,0.0277850961330543,0.025517710602399095
126,16.01.2015,4,2015,True,har_gpr,0.0278249230082424,0.024886762158714052
126,20.01.2015,4,2015,True,har_gpr,0.02782580427796,0.024341386583500966
126,21.01.2015,4,2015,True,har_gpr,0.0278100883096263,0.024353499999739587
126,22.01.2015,4,2015,True,har_gpr,0.0278301554586465,0.024112246527625975
126,23.01.2015,4,2015,True,har_gpr,0.0278506571310297,0.023208735243114124
126,26.01.2015,4,2015,True,har_gpr,0.0278934517608945,0.022150504587394055
126,27.01.2015,4,2015,True,har_gpr,0.0277767461112141,0.021191142999321604
126,28.01.2015,4,2015,True,har_gpr,0.0276957447338525,0.022832233968982443
126,29.01.2015,4,2015,True,har_gpr,0.0276725949217813,0.02269807357064112
126,30.01.2015,4,2015,True,har_gpr,0.0269053222183667,0.02267135060896261
126,02.02.2015,4,2015,True,har_gpr,0.0271498544032722,0.02876753180362642
126,03.02.2015,4,2015,True,har_gpr,0.0266815693841088,0.027397597597940384
126,04.02.2015,4,2015,True,har_gpr,0.026027805216937,0.027887567378465532
126,05.02.2015,4,2015,True,har_gpr,0.0257229076484048,0.03061213737193525
126,06.02.2015,4,2015,True,har_gpr,0.0256892908482205,0.0305759423867661
126,09.02.2015,4,2015,True,har_gpr,0.025891561568421,0.029567932218893596
126,10.02.2015,4,2015,True,har_gpr,0.0258175337477786,0.028014675626943646
126,11.02.2015,4,2015,True,har_gpr,0.0256863995928541,0.027564318708464076
126,12.02.2015,4,2015,True,har_gpr,0.0253963271265366,0.02718067433723058
126,13.02.2015,4,2015,True,har_gpr,0.0253893804710132,0.027439636850607102
126,17.02.2015,4,2015,True,har_gpr,0.0241573585328665,0.025936890737997792
126,18.02.2015,4,2015,True,har_gpr,0.0240021084919089,0.031403787756364904
126,19.02.2015,4,2015,True,har_gpr,0.0241762014286123,0.030581874521801687
126,20.02.2015,4,2015,True,har_gpr,0.0241904620138804,0.029540648412828246
126,23.02.2015,4,2015,True,har_gpr,0.0242121573539883,0.02917920057549788
126,24.02.2015,4,2015,True,har_gpr,0.0248105131022793,0.031140482382491785
126,25.02.2015,4,2015,True,har_gpr,0.0244054477212744,0.028324633782695487
126,26.02.2015,4,2015,True,har_gpr,0.0243168898968968,0.030871184574317916
126,27.02.2015,4,2015,True,har_gpr,0.0256117856459226,0.030482629044629297
126,02.03.2015,4,2015,True,har_gpr,0.0256870905991803,0.031569450311089015
126,03.03.2015,4,2015,True,har_gpr,0.0265632480456785,0.03116763450937619
126,04.03.2015,4,2015,True,har_gpr,0.0276812111562334,0.03038287853068931
126,05.03.2015,4,2015,True,har_gpr,0.027740675232572,0.02856700194052848
126,06.03.2015,4,2015,True,har_gpr,0.0277263697274759,0.026385382967002036
126,09.03.2015,4,2015,True,har_gpr,0.0277322454323636,0.02566802761434658
126,10.03.2015,4,2015,True,har_gpr,0.0275439463363619,0.0257856892693181
126,11.03.2015,4,2015,True,har_gpr,0.0276941023851064,0.02654564422487397
126,12.03.2015,4,2015,True,har_gpr,0.0278050357445051,0.026306259039531352
126,13.03.2015,4,2015,True,har_gpr,0.0275797043832853,0.025516556262807955
126,16.03.2015,4,2015,True,har_gpr,0.0277032988411242,0.02681628009572547
126,17.03.2015,4,2015,True,har_gpr,0.0277096483389736,0.02709359219552366
126,18.03.2015,4,2015,True,har_gpr,0.0273940336267545,0.02258706620866158
126,19.03.2015,4,2015,True,har_gpr,0.0277024850585731,0.025429261387954365
126,20.03.2015,4,2015,True,har_gpr,0.0278103514936168,0.025230853849221285
126,23.03.2015,4,2015,True,har_gpr,0.0279298864150095,0.024818232827954992
126,24.03.2015,4,2015,True,har_gpr,0.0279059797609978,0.023563135536465572
126,25.03.2015,4,2015,True,har_gpr,0.0279109380780449,0.02386689708013625
126,26.03.2015,4,2015,True,har_gpr,0.027589089647661,0.022747790416216464
126,27.03.2015,4,2015,True,har_gpr,0.0272866425188829,0.024329331862957007
126,30.03.2015,4,2015,True,har_gpr,0.027377925784696,0.025357047962976775
126,31.03.2015,4,2015,True,har_gpr,0.0273771843362902,0.022358417160035966
126,01.04.2015,4,2015,True,har_gpr,0.0271825654343442,0.02269373967715698
126,02.04.2015,4,2015,True,har_gpr,0.0270034097437298,0.024003436099754964
126,06.04.2015,4,2015,True,har_gpr,0.0265275338910459,0.0242335265247825
126,07.04.2015,4,2015,True,har_gpr,0.0265679243925836,0.028514613210874964
126,08.04.2015,4,2015,True,har_gpr,0.0264437812295859,0.027350745968934498
126,09.04.2015,4,2015,True,har_gpr,0.0264075743674314,0.030356188939345493
126,10.04.2015,4,2015,True,har_gpr,0.0264960490461604,0.02892377105818896
126,13.04.2015,4,2015,True,har_gpr,0.0265026520541169,0.028964494361251633
126,14.04.2015,4,2015,True,har_gpr,0.0269165056906118,0.026310086517419156
126,15.04.2015,4,2015,True,har_gpr,0.0267698601289287,0.026187552224355114
126,16.04.2015,4,2015,True,har_gpr,0.0267685672482668,0.025642378524801484
126,17.04.2015,4,2015,True,har_gpr,0.0263827238363713,0.024200410327846124
126,20.04.2015,4,2015,True,har_gpr,0.0263830103636497,0.02642580663752626
126,21.04.2015,4,2015,True,har_gpr,0.0263234738181493,0.024717427876564273
126,22.04.2015,4,2015,True,har_gpr,0.0263026046321323,0.026095719884882435
126,23.04.2015,4,2015,True,har_gpr,0.0261480897070268,0.025459706143200006
126,24.04.2015,4,2015,True,har_gpr,0.0261435827745301,0.02639153991818107
126,27.04.2015,4,2015,True,har_gpr,0.0261405139680324,0.024388806619895113
126,28.04.2015,4,2015,True,har_gpr,0.0261479870302737,0.02418868671984803
126,29.04.2015,4,2015,True,har_gpr,0.0261061657432325,0.0237610700727051
126,30.04.2015,4,2015,True,har_gpr,0.0264338245303068,0.02389482938697805
126,01.05.2015,4,2015,True,har_gpr,0.0264340570355912,0.02306188078240591
126,04.05.2015,4,2015,True,har_gpr,0.0264814333396592,0.021817838913142425
126,05.05.2015,4,2015,True,har_gpr,0.0264564730301915,0.020472463981055483
126,06.05.2015,4,2015,True,har_gpr,0.0266647451504263,0.02090384503644413
126,07.05.2015,4,2015,True,har_gpr,0.0267271189118591,0.01706583086368904
126,08.05.2015,4,2015,True,har_gpr,0.0267421111050859,0.0198254608872552
126,11.05.2015,4,2015,True,har_gpr,0.0267513701246011,0.018814664626165083
126,12.05.2015,4,2015,True,har_gpr,0.0265963674263215,0.017697043759867574
126,13.05.2015,4,2015,True,har_gpr,0.0266054541396511,0.018999435781558126
126,14.05.2015,4,2015,True,har_gpr,0.0267600864780657,0.017723567560503417
126,15.05.2015,4,2015,True,har_gpr,0.0269500967128638,0.01733914930159886
126,18.05.2015,4,2015,True,har_gpr,0.0269570810654808,0.015612728489313875
126,19.05.2015,4,2015,True,har_gpr,0.0268117331868524,0.015451369216155163
126,20.05.2015,4,2015,True,har_gpr,0.0267603733692701,0.016955088890440825
126,21.05.2015,4,2015,True,har_gpr,0.0266972116163644,0.016755265230417545
126,22.05.2015,4,2015,True,har_gpr,0.0266679542490905,0.016789484746157494
126,26.05.2015,4,2015,True,har_gpr,0.0266197467579781,0.016981957721858773
126,27.05.2015,4,2015,True,har_gpr,0.0265416089106483,0.01950631910521019
126,28.05.2015,4,2015,True,har_gpr,0.0266672080539254,0.019866538033540986
126,29.05.2015,4,2015,True,har_gpr,0.0263048388366941,0.01902057674462298
126,01.06.2015,4,2015,True,har_gpr,0.0263981838057048,0.02213789808403929
126,02.06.2015,4,2015,True,har_gpr,0.0263761037374972,0.021000533011886098
126,03.06.2015,4,2015,True,har_gpr,0.0262945649087558,0.020835095586620604
126,04.06.2015,4,2015,True,har_gpr,0.0264649306586065,0.021483841847837047
126,05.06.2015,4,2015,True,har_gpr,0.0265592810262101,0.022126218207218662
126,08.06.2015,4,2015,True,har_gpr,0.0265925851509776,0.02105127577997057
126,09.06.2015,4,2015,True,har_gpr,0.0267680107914932,0.01979822895832392
126,10.06.2015,4,2015,True,har_gpr,0.0267371721460161,0.02166512301238115
126,11.06.2015,4,2015,True,har_gpr,0.026733199100359,0.02039638412187518
126,12.06.2015,4,2015,True,har_gpr,0.0267024774198494,0.01995319398811974
126,15.06.2015,4,2015,True,har_gpr,0.0269333467361088,0.020591920922774842
126,16.06.2015,4,2015,True,har_gpr,0.0269326525530773,0.02234651007886724
126,17.06.2015,4,2015,True,har_gpr,0.0268973456144983,0.02115567032975568
126,18.06.2015,4,2015,True,har_gpr,0.0270076620807768,0.021490294552049292
126,19.06.2015,4,2015,True,har_gpr,0.0269756940733292,0.02101592540644312
126,22.06.2015,4,2015,True,har_gpr,0.0269650639533587,0.021222451492706552
126,23.06.2015,4,2015,True,har_gpr,0.0269095668579953,0.020244321314175195
126,24.06.2015,4,2015,True,har_gpr,0.0268938519729164,0.020489737010407294
126,25.06.2015,4,2015,True,har_gpr,0.0271117755177298,0.020101852598811046
126,26.06.2015,4,2015,True,har_gpr,0.0271568533612156,0.019752567827523854
126,29.06.2015,4,2015,True,har_gpr,0.0272520465036888,0.017856241484899428
126,30.06.2015,4,2015,True,har_gpr,0.0273119126797005,0.019102170008802166
126,01.07.2015,4,2015,True,har_gpr,0.0273940418481402,0.019898936921727055
126,02.07.2015,4,2015,True,har_gpr,0.0274916237942312,0.020011787991204892
126,06.07.2015,4,2015,True,har_gpr,0.026297380296878,0.018771222514967333
126,07.07.2015,4,2015,True,har_gpr,0.0263362698184807,0.026207265894631526
126,08.07.2015,4,2015,True,har_gpr,0.0268382185835217,0.023880503509321024
126,09.07.2015,4,2015,True,har_gpr,0.0267074898656284,0.022756972222157817
126,10.07.2015,4,2015,True,har_gpr,0.0267015954077753,0.02415677167495802
126,13.07.2015,4,2015,True,har_gpr,0.0271650608406429,0.023476441800673733
126,14.07.2015,4,2015,True,har_gpr,0.0271693930896844,0.02119940924869312
126,15.07.2015,4,2015,True,har_gpr,0.0271338020891251,0.021109789345827794
126,16.07.2015,4,2015,True,har_gpr,0.0272279618621001,0.02209425447978623
126,17.07.2015,4,2015,True,har_gpr,0.0272268398128832,0.021045030907184556
126,20.07.2015,4,2015,True,har_gpr,0.0279265012566438,0.020759090927726594
126,21.07.2015,4,2015,True,har_gpr,0.0279978846219842,0.02139655943177035
126,22.07.2015,4,2015,True,har_gpr,0.0283863225346091,0.021112247232356517
126,23.07.2015,4,2015,True,har_gpr,0.029752040535644,0.02094352127889046
126,24.07.2015,4,2015,True,har_gpr,0.03006796897525,0.020863346285653436
126,27.07.2015,4,2015,True,har_gpr,0.0303118534196582,0.020704760394078023
126,28.07.2015,4,2015,True,har_gpr,0.0305664117063589,0.0218107069970818
126,29.07.2015,4,2015,True,har_gpr,0.0306601269733903,0.02095880269508581
126,30.07.2015,4,2015,True,har_gpr,0.0307636210294579,0.020519376671424835
126,31.07.2015,4,2015,True,har_gpr,0.0307241072590291,0.02038399681441395
126,03.08.2015,4,2015,True,har_gpr,0.0307999971797804,0.021104510308415893
126,04.08.2015,4,2015,True,har_gpr,0.0314381021271934,0.019793647149476942
126,05.08.2015,4,2015,True,har_gpr,0.0314590412815834,0.018799094464924646
126,06.08.2015,4,2015,True,har_gpr,0.0314684731504042,0.018610340453168603
126,07.08.2015,4,2015,True,har_gpr,0.0315697079987849,0.01745091284642714
126,10.08.2015,4,2015,True,har_gpr,0.0321236233400914,0.017903722638283687
126,11.08.2015,4,2015,True,har_gpr,0.0321238363953034,0.019353386670933618
126,12.08.2015,4,2015,True,har_gpr,0.0321599623487808,0.0191599867157683
126,13.08.2015,4,2015,True,har_gpr,0.0335681902091257,0.018764744253835442
126,14.08.2015,4,2015,True,har_gpr,0.0336960779805077,0.01858915706653531
126,17.08.2015,4,2015,True,har_gpr,0.0343163140703485,0.018291877474109753
126,18.08.2015,4,2015,True,har_gpr,0.0343174880185895,0.0168453818884677
126,19.08.2015,4,2015,True,har_gpr,0.0343435425137062,0.01644427201724217
126,20.08.2015,4,2015,True,har_gpr,0.0346506074104268,0.018213929888398796
126,21.08.2015,4,2015,True,har_gpr,0.0347695247448498,0.017535366885609187
126,24.08.2015,4,2015,True,har_gpr,0.0344908268489735,0.018151553355126526
126,25.08.2015,4,2015,True,har_gpr,0.0345527840250335,0.021703250246259968
126,26.08.2015,4,2015,True,har_gpr,0.034554435163204,0.020871483777872235
126,27.08.2015,4,2015,True,har_gpr,0.0334729413997534,0.020594358334365473
126,28.08.2015,4,2015,True,har_gpr,0.0331303288045523,0.030772273256310823
126,31.08.2015,4,2015,True,har_gpr,0.0324242445040567,0.030560295757874834
126,01.09.2015,4,2015,True,har_gpr,0.0315060400478785,0.03131307383346717
126,02.09.2015,4,2015,True,har_gpr,0.0317151685948143,0.036500362166856516
126,03.09.2015,4,2015,True,har_gpr,0.0320936666830039,0.03451105187902903
126,04.09.2015,4,2015,True,har_gpr,0.0321422812022273,0.03343054365809421
126,08.09.2015,4,2015,True,har_gpr,0.0323105384023398,0.03379105612644842
126,09.09.2015,4,2015,True,har_gpr,0.0321961455734772,0.03125735600773026
126,10.09.2015,4,2015,True,har_gpr,0.0321065500271139,0.03136517288373863
126,11.09.2015,4,2015,True,har_gpr,0.0321321477839319,0.03139152598384972
126,14.09.2015,4,2015,True,har_gpr,0.0320144016969052,0.0310750031575393
126,15.09.2015,4,2015,True,har_gpr,0.032223118240724,0.032954263405353124
126,16.09.2015,4,2015,True,har_gpr,0.0323390545157287,0.03213244629219505
126,17.09.2015,4,2015,True,har_gpr,0.0319987719512152,0.031683894505280814
126,18.09.2015,4,2015,True,har_gpr,0.0318806552553293,0.034180864420386196
126,21.09.2015,4,2015,True,har_gpr,0.031764394225564,0.03417490668451785
126,22.09.2015,4,2015,True,har_gpr,0.0318801814134761,0.032988679068374445
126,23.09.2015,4,2015,True,har_gpr,0.0317949965096624,0.03081631177265484
126,24.09.2015,4,2015,True,har_gpr,0.0317831072124192,0.0321224855094345
126,25.09.2015,4,2015,True,har_gpr,0.0318602658128379,0.030908745954786276
126,28.09.2015,4,2015,True,har_gpr,0.0317865240269461,0.027591021650924464
126,29.09.2015,4,2015,True,har_gpr,0.0317483633300582,0.02736093011550785
126,30.09.2015,4,2015,True,har_gpr,0.0317470458064504,0.024803114336674457
126,01.10.2015,4,2015,True,har_gpr,0.0320316051323708,0.020571781352349456
126,02.10.2015,4,2015,True,har_gpr,0.0320218245989711,0.02079734329927544
126,05.10.2015,4,2015,True,har_gpr,0.0322882726651027,0.02071602417806489
126,06.10.2015,4,2015,True,har_gpr,0.0319239288994945,0.02263850107168515
126,07.10.2015,4,2015,True,har_gpr,0.0324156822316775,0.02557337167841432
126,08.10.2015,4,2015,True,har_gpr,0.032331061429943,0.023720839007139553
126,09.10.2015,4,2015,True,har_gpr,0.0325652929750476,0.024272730089277293
126,12.10.2015,4,2015,True,har_gpr,0.0322275253189149,0.023625256553863844
126,13.10.2015,4,2015,True,har_gpr,0.0322166164930165,0.02678547597351846
126,14.10.2015,4,2015,True,har_gpr,0.0322484615142595,0.02479219406288224
126,15.10.2015,4,2015,True,har_gpr,0.032242014052719,0.024509666954860867
126,16.10.2015,4,2015,True,har_gpr,0.0323299353590463,0.022800901612097812
126,19.10.2015,4,2015,True,har_gpr,0.032527389976455,0.022006326013310925
126,20.10.2015,4,2015,True,har_gpr,0.0326195898956657,0.019609021245006717
126,21.10.2015,4,2015,True,har_gpr,0.032605662340804,0.019512456883900655
126,22.10.2015,4,2015,True,har_gpr,0.032624590456565,0.019962021974455752
126,23.10.2015,4,2015,True,har_gpr,0.032723329088,0.019610964655634822
126,26.10.2015,4,2015,True,har_gpr,0.0328319260635097,0.019468774999509462
126,27.10.2015,4,2015,True,har_gpr,0.032851476814968,0.01959133527667717
126,28.10.2015,4,2015,True,har_gpr,0.0325847735873086,0.01968410543345872
126,29.10.2015,4,2015,True,har_gpr,0.0325817618123866,0.022893633415080633
126,30.10.2015,4,2015,True,har_gpr,0.0326487510712896,0.021631395121375976
126,02.11.2015,4,2015,True,har_gpr,0.0328798618789417,0.022026955429403205
126,03.11.2015,4,2015,True,har_gpr,0.0327324104474444,0.02272667578613376
126,04.11.2015,4,2015,True,har_gpr,0.0325570063596613,0.02233429682791623
126,05.11.2015,4,2015,True,har_gpr,0.0327212556553573,0.023406330213507926
126,06.11.2015,4,2015,True,har_gpr,0.0329307138875738,0.02189558978098295
126,09.11.2015,4,2015,True,har_gpr,0.0331710009144396,0.02177141348812833
126,10.11.2015,4,2015,True,har_gpr,0.0331796728784682,0.018984174253657254
126,11.11.2015,4,2015,True,har_gpr,0.0330336471407466,0.018278244546970676
126,12.11.2015,4,2015,True,har_gpr,0.0329079483240938,0.01972831759011834
126,13.11.2015,4,2015,True,har_gpr,0.0328963323773073,0.020903169490321928
126,16.11.2015,4,2015,True,har_gpr,0.032903930350447,0.0200917880350244
126,17.11.2015,4,2015,True,har_gpr,0.0329051494586459,0.019156595870516466
126,18.11.2015,4,2015,True,har_gpr,0.0328880629660637,0.019035215696136015
126,19.11.2015,4,2015,True,har_gpr,0.0328965859173635,0.0195420297825882
126,20.11.2015,4,2015,True,har_gpr,0.0328868022414174,0.018420985503082375
126,23.11.2015,4,2015,True,har_gpr,0.0329457312787996,0.018722072372772593
126,24.11.2015,4,2015,True,har_gpr,0.0328543370053044,0.019677207748578507
126,25.11.2015,4,2015,True,har_gpr,0.0328586986127799,0.02113227251909331
126,27.11.2015,4,2015,True,har_gpr,0.0327585963000535,0.018915936709333343
126,30.11.2015,4,2015,True,har_gpr,0.0327535800696662,0.020734537076210105
126,01.12.2015,4,2015,True,har_gpr,0.0327548511081314,0.019376301373220172
126,02.12.2015,4,2015,True,har_gpr,0.0325061030147777,0.019243693002796942
126,03.12.2015,4,2015,True,har_gpr,0.0324300533875956,0.020155377124010557
126,04.12.2015,4,2015,True,har_gpr,0.0324098667017851,0.020648612654296388
126,07.12.2015,4,2015,True,har_gpr,0.0320655630479015,0.020326742340044963
126,08.12.2015,4,2015,True,har_gpr,0.0320626530352546,0.022973236618859125
126,09.12.2015,4,2015,True,har_gpr,0.0321666530228221,0.021723921243870372
126,10.12.2015,4,2015,True,har_gpr,0.0321544896241692,0.02122099926908245
126,11.12.2015,4,2015,True,har_gpr,0.0318812114862425,0.02023363925710087
126,14.12.2015,4,2015,True,har_gpr,0.0319282198026606,0.021813846053103197
126,15.12.2015,4,2015,True,har_gpr,0.0320986896310835,0.02106612705963294
126,16.12.2015,4,2015,True,har_gpr,0.0321352177274813,0.02194692147149489
126,17.12.2015,4,2015,True,har_gpr,0.0322271519173984,0.023001679516245988
126,18.12.2015,4,2015,True,har_gpr,0.0322144170533095,0.02189868823110012
126,21.12.2015,4,2015,True,har_gpr,0.0322154851301602,0.0215373460901966
126,22.12.2015,4,2015,True,har_gpr,0.0322442952977124,0.021047210604319754
126,23.12.2015,4,2015,True,har_gpr,0.0324644685794078,0.02039099677522157
126,24.12.2015,4,2015,True,har_gpr,0.0325430567095848,0.021883709740919664
126,28.12.2015,4,2015,True,har_gpr,0.0324771073874598,0.021640650052880513
126,29.12.2015,4,2015,True,har_gpr,0.0325562641572612,0.02182824397768549
126,30.12.2015,4,2015,True,har_gpr,0.0324304266174764,0.022796714270257975
126,31.12.2015,4,2015,True,har_gpr,0.0323818220148291,0.023679670247583214
126,02.01.2015,4,2015,True,har_x,0.0291371161061665,0.02458750654522322
126,05.01.2015,4,2015,True,har_x,0.0286299703062783,0.026374830811148532
126,06.01.2015,4,2015,True,har_x,0.0284146057529057,0.029195739105662186
126,07.01.2015,4,2015,True,har_x,0.0285096089007595,0.02835313953391776
126,08.01.2015,4,2015,True,har_x,0.0285064669760889,0.026357873060628104
126,09.01.2015,4,2015,True,har_x,0.0284982004051666,0.025429320941597954
126,12.01.2015,4,2015,True,har_x,0.0280627611895377,0.02523948241539696
126,13.01.2015,4,2015,True,har_x,0.0281116770296067,0.02752998597713517
126,14.01.2015,4,2015,True,har_x,0.0278581647562869,0.027165113634572278
126,15.01.2015,4,2015,True,har_x,0.0277850961330543,0.027626705824970874
126,16.01.2015,4,2015,True,har_x,0.0278249230082424,0.029202416366539613
126,20.01.2015,4,2015,True,har_x,0.02782580427796,0.028303375579054598
126,21.01.2015,4,2015,True,har_x,0.0278100883096263,0.029213931239640212
126,22.01.2015,4,2015,True,har_x,0.0278301554586465,0.028177120506325037
126,23.01.2015,4,2015,True,har_x,0.0278506571310297,0.028442740223501704
126,26.01.2015,4,2015,True,har_x,0.0278934517608945,0.028780984015827297
126,27.01.2015,4,2015,True,har_x,0.0277767461112141,0.027575811060617968
126,28.01.2015,4,2015,True,har_x,0.0276957447338525,0.026935099886346504
126,29.01.2015,4,2015,True,har_x,0.0276725949217813,0.027250386538825024
126,30.01.2015,4,2015,True,har_x,0.0269053222183667,0.02690450655180576
126,02.02.2015,4,2015,True,har_x,0.0271498544032722,0.03002009101499899
126,03.02.2015,4,2015,True,har_x,0.0266815693841088,0.028640350587728913
126,04.02.2015,4,2015,True,har_x,0.026027805216937,0.029819139036028477
126,05.02.2015,4,2015,True,har_x,0.0257229076484048,0.03158966759752023
126,06.02.2015,4,2015,True,har_x,0.0256892908482205,0.03142061320847996
126,09.02.2015,4,2015,True,har_x,0.025891561568421,0.029995052605413717
126,10.02.2015,4,2015,True,har_x,0.0258175337477786,0.02707612709680504
126,11.02.2015,4,2015,True,har_x,0.0256863995928541,0.028763796704918968
126,12.02.2015,4,2015,True,har_x,0.0253963271265366,0.02902144529015341
126,13.02.2015,4,2015,True,har_x,0.0253893804710132,0.02854301774525984
126,17.02.2015,4,2015,True,har_x,0.0241573585328665,0.02655434617864891
126,18.02.2015,4,2015,True,har_x,0.0240021084919089,0.02851309056672524
126,19.02.2015,4,2015,True,har_x,0.0241762014286123,0.02752434812335998
126,20.02.2015,4,2015,True,har_x,0.0241904620138804,0.026923343065863727
126,23.02.2015,4,2015,True,har_x,0.0242121573539883,0.02607003771684848
126,24.02.2015,4,2015,True,har_x,0.0248105131022793,0.029107716435192582
126,25.02.2015,4,2015,True,har_x,0.0244054477212744,0.027354817971561737
126,26.02.2015,4,2015,True,har_x,0.0243168898968968,0.02772640835085917
126,27.02.2015,4,2015,True,har_x,0.0256117856459226,0.028034775814239358
126,02.03.2015,4,2015,True,har_x,0.0256870905991803,0.028115969381892904
126,03.03.2015,4,2015,True,har_x,0.0265632480456785,0.027262060772928687
126,04.03.2015,4,2015,True,har_x,0.0276812111562334,0.02605744571819821
126,05.03.2015,4,2015,True,har_x,0.027740675232572,0.023888289229505286
126,06.03.2015,4,2015,True,har_x,0.0277263697274759,0.02286335616655434
126,09.03.2015,4,2015,True,har_x,0.0277322454323636,0.023707119068972483
126,10.03.2015,4,2015,True,har_x,0.0275439463363619,0.024050477630087528
126,11.03.2015,4,2015,True,har_x,0.0276941023851064,0.025135423877933584
126,12.03.2015,4,2015,True,har_x,0.0278050357445051,0.0241961196386595
126,13.03.2015,4,2015,True,har_x,0.0275797043832853,0.024142524638760116
126,16.03.2015,4,2015,True,har_x,0.0277032988411242,0.02688552832363643
126,17.03.2015,4,2015,True,har_x,0.0277096483389736,0.028134738276281854
126,18.03.2015,4,2015,True,har_x,0.0273940336267545,0.028752424946083734
126,19.03.2015,4,2015,True,har_x,0.0277024850585731,0.02704373222482114
126,20.03.2015,4,2015,True,har_x,0.0278103514936168,0.026843048588244305
126,23.03.2015,4,2015,True,har_x,0.0279298864150095,0.025356661389337783
126,24.03.2015,4,2015,True,har_x,0.0279059797609978,0.02397453462258666
126,25.03.2015,4,2015,True,har_x,0.0279109380780449,0.02348178487616637
126,26.03.2015,4,2015,True,har_x,0.027589089647661,0.023116599399694817
126,27.03.2015,4,2015,True,har_x,0.0272866425188829,0.024627276946317344
126,30.03.2015,4,2015,True,har_x,0.027377925784696,0.026219975496954626
126,31.03.2015,4,2015,True,har_x,0.0273771843362902,0.024583990209213553
126,01.04.2015,4,2015,True,har_x,0.0271825654343442,0.02563034594353333
126,02.04.2015,4,2015,True,har_x,0.0270034097437298,0.024743118919727216
126,06.04.2015,4,2015,True,har_x,0.0265275338910459,0.024294221642724243
126,07.04.2015,4,2015,True,har_x,0.0265679243925836,0.025465247563529945
126,08.04.2015,4,2015,True,har_x,0.0264437812295859,0.023932156118533856
126,09.04.2015,4,2015,True,har_x,0.0264075743674314,0.025662904989512868
126,10.04.2015,4,2015,True,har_x,0.0264960490461604,0.024295064818453324
126,13.04.2015,4,2015,True,har_x,0.0265026520541169,0.02279678214343204
126,14.04.2015,4,2015,True,har_x,0.0269165056906118,0.022227806491981052
126,15.04.2015,4,2015,True,har_x,0.0267698601289287,0.022515045498759875
126,16.04.2015,4,2015,True,har_x,0.0267685672482668,0.02325387904700631
126,17.04.2015,4,2015,True,har_x,0.0263827238363713,0.021603900035296435
126,20.04.2015,4,2015,True,har_x,0.0263830103636497,0.02188679784831124
126,21.04.2015,4,2015,True,har_x,0.0263234738181493,0.020894957038095508
126,22.04.2015,4,2015,True,har_x,0.0263026046321323,0.020927769813315185
126,23.04.2015,4,2015,True,har_x,0.0261480897070268,0.019840347785492325
126,24.04.2015,4,2015,True,har_x,0.0261435827745301,0.01981302824704466
126,27.04.2015,4,2015,True,har_x,0.0261405139680324,0.018645584374738122
126,28.04.2015,4,2015,True,har_x,0.0261479870302737,0.019640461985403413
126,29.04.2015,4,2015,True,har_x,0.0261061657432325,0.019448505606559648
126,30.04.2015,4,2015,True,har_x,0.0264338245303068,0.01942336116135119
126,01.05.2015,4,2015,True,har_x,0.0264340570355912,0.019090583530631446
126,04.05.2015,4,2015,True,har_x,0.0264814333396592,0.018605819869414873
126,05.05.2015,4,2015,True,har_x,0.0264564730301915,0.01876089116772328
126,06.05.2015,4,2015,True,har_x,0.0266647451504263,0.019035856849463236
126,07.05.2015,4,2015,True,har_x,0.0267271189118591,0.018880319707467657
126,08.05.2015,4,2015,True,har_x,0.0267421111050859,0.020100241914332524
126,11.05.2015,4,2015,True,har_x,0.0267513701246011,0.018290690277377716
126,12.05.2015,4,2015,True,har_x,0.0265963674263215,0.01735751200560214
126,13.05.2015,4,2015,True,har_x,0.0266054541396511,0.0173283924360947
126,14.05.2015,4,2015,True,har_x,0.0267600864780657,0.01707443246291056
126,15.05.2015,4,2015,True,har_x,0.0269500967128638,0.016300246730214654
126,18.05.2015,4,2015,True,har_x,0.0269570810654808,0.015013356302043432
126,19.05.2015,4,2015,True,har_x,0.0268117331868524,0.015149422116271828
126,20.05.2015,4,2015,True,har_x,0.0267603733692701,0.017461777738221166
126,21.05.2015,4,2015,True,har_x,0.0266972116163644,0.0167293032758052
126,22.05.2015,4,2015,True,har_x,0.0266679542490905,0.015989588355890334
126,26.05.2015,4,2015,True,har_x,0.0266197467579781,0.015801010563412956
126,27.05.2015,4,2015,True,har_x,0.0265416089106483,0.018611902047937945
126,28.05.2015,4,2015,True,har_x,0.0266672080539254,0.01889569791658173
126,29.05.2015,4,2015,True,har_x,0.0263048388366941,0.01810257678183851
126,01.06.2015,4,2015,True,har_x,0.0263981838057048,0.018739268127419814
126,02.06.2015,4,2015,True,har_x,0.0263761037374972,0.018751206785793305
126,03.06.2015,4,2015,True,har_x,0.0262945649087558,0.01888437687054341
126,04.06.2015,4,2015,True,har_x,0.0264649306586065,0.01987426281524297
126,05.06.2015,4,2015,True,har_x,0.0265592810262101,0.020408531673437025
126,08.06.2015,4,2015,True,har_x,0.0265925851509776,0.01807516132514118
126,09.06.2015,4,2015,True,har_x,0.0267680107914932,0.017356217099957615
126,10.06.2015,4,2015,True,har_x,0.0267371721460161,0.017453371578153826
126,11.06.2015,4,2015,True,har_x,0.026733199100359,0.01650917585955583
126,12.06.2015,4,2015,True,har_x,0.0267024774198494,0.016365656903203095
126,15.06.2015,4,2015,True,har_x,0.0269333467361088,0.016471331165244275
126,16.06.2015,4,2015,True,har_x,0.0269326525530773,0.017980921887959644
126,17.06.2015,4,2015,True,har_x,0.0268973456144983,0.01746512884345345
126,18.06.2015,4,2015,True,har_x,0.0270076620807768,0.01797977460702429
126,19.06.2015,4,2015,True,har_x,0.0269756940733292,0.01723151977240864
126,22.06.2015,4,2015,True,har_x,0.0269650639533587,0.016937336378225587
126,23.06.2015,4,2015,True,har_x,0.0269095668579953,0.016365983402365038
126,24.06.2015,4,2015,True,har_x,0.0268938519729164,0.016417780521174753
126,25.06.2015,4,2015,True,har_x,0.0271117755177298,0.01632105795676254
126,26.06.2015,4,2015,True,har_x,0.0271568533612156,0.015997302567133127
126,29.06.2015,4,2015,True,har_x,0.0272520465036888,0.015695278411312172
126,30.06.2015,4,2015,True,har_x,0.0273119126797005,0.018332237542796264
126,01.07.2015,4,2015,True,har_x,0.0273940418481402,0.017971141881323375
126,02.07.2015,4,2015,True,har_x,0.0274916237942312,0.018710449130715363
126,06.07.2015,4,2015,True,har_x,0.026297380296878,0.018148796680763798
126,07.07.2015,4,2015,True,har_x,0.0263362698184807,0.021767407287560794
126,08.07.2015,4,2015,True,har_x,0.0268382185835217,0.0205731243464051
126,09.07.2015,4,2015,True,har_x,0.0267074898656284,0.021142336039192803
126,10.07.2015,4,2015,True,har_x,0.0267015954077753,0.021551196269312838
126,13.07.2015,4,2015,True,har_x,0.0271650608406429,0.020795612788442993
126,14.07.2015,4,2015,True,har_x,0.0271693930896844,0.018941401785858007
126,15.07.2015,4,2015,True,har_x,0.0271338020891251,0.01813296033418468
126,16.07.2015,4,2015,True,har_x,0.0272279618621001,0.0188460427574581
126,17.07.2015,4,2015,True,har_x,0.0272268398128832,0.017918981071857475
126,20.07.2015,4,2015,True,har_x,0.0279265012566438,0.017258708037454672
126,21.07.2015,4,2015,True,har_x,0.0279978846219842,0.01842276811292169
126,22.07.2015,4,2015,True,har_x,0.0283863225346091,0.017670724715609997
126,23.07.2015,4,2015,True,har_x,0.029752040535644,0.018910952562654494
126,24.07.2015,4,2015,True,har_x,0.03006796897525,0.01922691933666816
126,27.07.2015,4,2015,True,har_x,0.0303118534196582,0.01938432481594473
126,28.07.2015,4,2015,True,har_x,0.0305664117063589,0.021057663008897755
126,29.07.2015,4,2015,True,har_x,0.0306601269733903,0.0201890786299673
126,30.07.2015,4,2015,True,har_x,0.0307636210294579,0.019587636144002815
126,31.07.2015,4,2015,True,har_x,0.0307241072590291,0.01904323945404983
126,03.08.2015,4,2015,True,har_x,0.0307999971797804,0.020022980268675522
126,04.08.2015,4,2015,True,har_x,0.0314381021271934,0.021515176852621852
126,05.08.2015,4,2015,True,har_x,0.0314590412815834,0.020500391000945643
126,06.08.2015,4,2015,True,har_x,0.0314684731504042,0.020484331123408254
126,07.08.2015,4,2015,True,har_x,0.0315697079987849,0.020892957306135003
126,10.08.2015,4,2015,True,har_x,0.0321236233400914,0.021014797761810734
126,11.08.2015,4,2015,True,har_x,0.0321238363953034,0.02107030103910735
126,12.08.2015,4,2015,True,har_x,0.0321599623487808,0.02140971206601234
126,13.08.2015,4,2015,True,har_x,0.0335681902091257,0.02127057950165529
126,14.08.2015,4,2015,True,har_x,0.0336960779805077,0.021603128956128148
126,17.08.2015,4,2015,True,har_x,0.0343163140703485,0.020515465785688955
126,18.08.2015,4,2015,True,har_x,0.0343174880185895,0.019609074202512983
126,19.08.2015,4,2015,True,har_x,0.0343435425137062,0.019230784952236096
126,20.08.2015,4,2015,True,har_x,0.0346506074104268,0.020607410768232786
126,21.08.2015,4,2015,True,har_x,0.0347695247448498,0.020776180945075832
126,24.08.2015,4,2015,True,har_x,0.0344908268489735,0.021902394598252814
126,25.08.2015,4,2015,True,har_x,0.0345527840250335,0.02518086299442007
126,26.08.2015,4,2015,True,har_x,0.034554435163204,0.02395628300239567
126,27.08.2015,4,2015,True,har_x,0.0334729413997534,0.022889906173760178
126,28.08.2015,4,2015,True,har_x,0.0331303288045523,0.02611580323472996
126,31.08.2015,4,2015,True,har_x,0.0324242445040567,0.02649451318866647
126,01.09.2015,4,2015,True,har_x,0.0315060400478785,0.027936667667464127
126,02.09.2015,4,2015,True,har_x,0.0317151685948143,0.030022173481493584
126,03.09.2015,4,2015,True,har_x,0.0320936666830039,0.027266153035459918
126,04.09.2015,4,2015,True,har_x,0.0321422812022273,0.025484494852729293
126,08.09.2015,4,2015,True,har_x,0.0323105384023398,0.025256017289884244
126,09.09.2015,4,2015,True,har_x,0.0321961455734772,0.024827388103927768
126,10.09.2015,4,2015,True,har_x,0.0321065500271139,0.02495098388370305
126,11.09.2015,4,2015,True,har_x,0.0321321477839319,0.025020939686821515
126,14.09.2015,4,2015,True,har_x,0.0320144016969052,0.02464714879665434
126,15.09.2015,4,2015,True,har_x,0.032223118240724,0.02561799350089238
126,16.09.2015,4,2015,True,har_x,0.0323390545157287,0.025671387974480014
126,17.09.2015,4,2015,True,har_x,0.0319987719512152,0.025145442965308892
126,18.09.2015,4,2015,True,har_x,0.0318806552553293,0.02405307333655636
126,21.09.2015,4,2015,True,har_x,0.031764394225564,0.024022915004007016
126,22.09.2015,4,2015,True,har_x,0.0318801814134761,0.024020720025490327
126,23.09.2015,4,2015,True,har_x,0.0317949965096624,0.024084119260121023
126,24.09.2015,4,2015,True,har_x,0.0317831072124192,0.02549952014050176
126,25.09.2015,4,2015,True,har_x,0.0318602658128379,0.024346478858768016
126,28.09.2015,4,2015,True,har_x,0.0317865240269461,0.02336175450813291
126,29.09.2015,4,2015,True,har_x,0.0317483633300582,0.024441660948824002
126,30.09.2015,4,2015,True,har_x,0.0317470458064504,0.02414179456467918
126,01.10.2015,4,2015,True,har_x,0.0320316051323708,0.021999913844459276
126,02.10.2015,4,2015,True,har_x,0.0320218245989711,0.02180236447247897
126,05.10.2015,4,2015,True,har_x,0.0322882726651027,0.020982494238042444
126,06.10.2015,4,2015,True,har_x,0.0319239288994945,0.022443028145685016
126,07.10.2015,4,2015,True,har_x,0.0324156822316775,0.023625452461324015
126,08.10.2015,4,2015,True,har_x,0.032331061429943,0.022552139274468468
126,09.10.2015,4,2015,True,har_x,0.0325652929750476,0.02288167006200622
126,12.10.2015,4,2015,True,har_x,0.0322275253189149,0.02229248425970802
126,13.10.2015,4,2015,True,har_x,0.0322166164930165,0.024196635073966223
126,14.10.2015,4,2015,True,har_x,0.0322484615142595,0.023408292947676015
126,15.10.2015,4,2015,True,har_x,0.032242014052719,0.02210368523819189
126,16.10.2015,4,2015,True,har_x,0.0323299353590463,0.021714467042329894
126,19.10.2015,4,2015,True,har_x,0.032527389976455,0.02052833042813986
126,20.10.2015,4,2015,True,har_x,0.0326195898956657,0.020206618322080743
126,21.10.2015,4,2015,True,har_x,0.032605662340804,0.020599314034646418
126,22.10.2015,4,2015,True,har_x,0.032624590456565,0.020915302028904265
126,23.10.2015,4,2015,True,har_x,0.032723329088,0.02005186281320972
126,26.10.2015,4,2015,True,har_x,0.0328319260635097,0.020545988354479808
126,27.10.2015,4,2015,True,har_x,0.032851476814968,0.021457995000381733
126,28.10.2015,4,2015,True,har_x,0.0325847735873086,0.022309735195178888
126,29.10.2015,4,2015,True,har_x,0.0325817618123866,0.022898598055867494
126,30.10.2015,4,2015,True,har_x,0.0326487510712896,0.02193259930109247
126,02.11.2015,4,2015,True,har_x,0.0328798618789417,0.021399814231471036
126,03.11.2015,4,2015,True,har_x,0.0327324104474444,0.021972857853678904
126,04.11.2015,4,2015,True,har_x,0.0325570063596613,0.021977087249253572
126,05.11.2015,4,2015,True,har_x,0.0327212556553573,0.022242272062780236
126,06.11.2015,4,2015,True,har_x,0.0329307138875738,0.020800387358127035
126,09.11.2015,4,2015,True,har_x,0.0331710009144396,0.021002797007455123
126,10.11.2015,4,2015,True,har_x,0.0331796728784682,0.020739049713803342
126,11.11.2015,4,2015,True,har_x,0.0330336471407466,0.01976132258508682
126,12.11.2015,4,2015,True,har_x,0.0329079483240938,0.021364043725463494
126,13.11.2015,4,2015,True,har_x,0.0328963323773073,0.02238624615043714
126,16.11.2015,4,2015,True,har_x,0.032903930350447,0.022903548408559085
126,17.11.2015,4,2015,True,har_x,0.0329051494586459,0.02304375288503914
126,18.11.2015,4,2015,True,har_x,0.0328880629660637,0.022673934542704187
126,19.11.2015,4,2015,True,har_x,0.0328965859173635,0.021585264268391427
126,20.11.2015,4,2015,True,har_x,0.0328868022414174,0.021331281904064255
126,23.11.2015,4,2015,True,har_x,0.0329457312787996,0.021980516727128148
126,24.11.2015,4,2015,True,har_x,0.0328543370053044,0.022924245665138693
126,25.11.2015,4,2015,True,har_x,0.0328586986127799,0.023981575374793198
126,27.11.2015,4,2015,True,har_x,0.0327585963000535,0.023999699437754124
126,30.11.2015,4,2015,True,har_x,0.0327535800696662,0.024524743827775614
126,01.12.2015,4,2015,True,har_x,0.0327548511081314,0.023656160662225548
126,02.12.2015,4,2015,True,har_x,0.0325061030147777,0.024104622874393265
126,03.12.2015,4,2015,True,har_x,0.0324300533875956,0.02589429384261308
126,04.12.2015,4,2015,True,har_x,0.0324098667017851,0.025251670026374583
126,07.12.2015,4,2015,True,har_x,0.0320655630479015,0.022836052111175013
126,08.12.2015,4,2015,True,har_x,0.0320626530352546,0.025105716230789565
126,09.12.2015,4,2015,True,har_x,0.0321666530228221,0.02496436164934286
126,10.12.2015,4,2015,True,har_x,0.0321544896241692,0.025297411268852363
126,11.12.2015,4,2015,True,har_x,0.0318812114862425,0.025099424314091175
126,14.12.2015,4,2015,True,har_x,0.0319282198026606,0.02706503525471208
126,15.12.2015,4,2015,True,har_x,0.0320986896310835,0.02720662700163606
126,16.12.2015,4,2015,True,har_x,0.0321352177274813,0.025236703223278145
126,17.12.2015,4,2015,True,har_x,0.0322271519173984,0.02459170586476715
126,18.12.2015,4,2015,True,har_x,0.0322144170533095,0.023965172092785866
126,21.12.2015,4,2015,True,har_x,0.0322154851301602,0.02482627532851563
126,22.12.2015,4,2015,True,har_x,0.0322442952977124,0.024558466830219245
126,23.12.2015,4,2015,True,har_x,0.0324644685794078,0.02421533965869257
126,24.12.2015,4,2015,True,har_x,0.0325430567095848,0.024153812041019518
126,28.12.2015,4,2015,True,har_x,0.0324771073874598,0.02275881568449755
126,29.12.2015,4,2015,True,har_x,0.0325562641572612,0.02340569271973971
126,30.12.2015,4,2015,True,har_x,0.0324304266174764,0.022712112854455922
126,31.12.2015,4,2015,True,har_x,0.0323818220148291,0.023198595408982996
5,04.01.2016,5,2016,True,har,0.0267746502757364,0.024141349313037616
5,05.01.2016,5,2016,True,har,0.0267345156748962,0.02213795434436342
5,06.01.2016,5,2016,True,har,0.0216005891989593,0.022889856053147497
5,07.01.2016,5,2016,True,har,0.0306778320498717,0.025260553762556988
5,08.01.2016,5,2016,True,har,0.0312333427813533,0.023303408705475124
5,11.01.2016,5,2016,True,har,0.0364800301715442,0.022698494227507818
5,12.01.2016,5,2016,True,har,0.0369184592066055,0.026961748868601202
5,13.01.2016,5,2016,True,har,0.0480590956673348,0.024570333129829522
5,14.01.2016,5,2016,True,har,0.0666892247833084,0.0241627525559323
5,15.01.2016,5,2016,True,har,0.0722395173646008,0.025147821439847957
5,19.01.2016,5,2016,True,har,0.0611930826884183,0.023917956372550824
5,20.01.2016,5,2016,True,har,0.0541903045578414,0.02986725449817019
5,21.01.2016,5,2016,True,har,0.0537507175091648,0.028287702597421617
5,22.01.2016,5,2016,True,har,0.0394353735529616,0.031606662490114804
5,25.01.2016,5,2016,True,har,0.0173608465028443,0.0398460078369196
5,26.01.2016,5,2016,True,har,0.0388357916609145,0.0385328451713217
5,27.01.2016,5,2016,True,har,0.0464600248205398,0.038584681111561374
5,28.01.2016,5,2016,True,har,0.0473010993341695,0.03890866163342214
5,29.01.2016,5,2016,True,har,0.0459612140496511,0.03799823618948483
5,01.02.2016,5,2016,True,har,0.0479445231194083,0.03740254826353875
5,02.02.2016,5,2016,True,har,0.054222861952547,0.03531980792180454
5,03.02.2016,5,2016,True,har,0.0362533077971315,0.039715739423613
5,04.02.2016,5,2016,True,har,0.0359272057299129,0.04252859058719375
5,05.02.2016,5,2016,True,har,0.0698612638822414,0.039009355723122904
5,08.02.2016,5,2016,True,har,0.0699458806617528,0.0387278539385464
5,09.02.2016,5,2016,True,har,0.0604197267930389,0.04026119877818609
5,10.02.2016,5,2016,True,har,0.0621557982025135,0.04348460415733778
5,11.02.2016,5,2016,True,har,0.0646261292501251,0.04016406259488003
5,12.02.2016,5,2016,True,har,0.0494158145645849,0.04063243098288
5,16.02.2016,5,2016,True,har,0.0507478690181976,0.049000013056774115
5,17.02.2016,5,2016,True,har,0.0412640947149153,0.046811152875138956
5,18.02.2016,5,2016,True,har,0.0425452444399025,0.046903051734425445
5,19.02.2016,5,2016,True,har,0.0362602777181423,0.04390509754024027
5,22.02.2016,5,2016,True,har,0.0311675630764184,0.045459181678249326
5,23.02.2016,5,2016,True,har,0.0172657847635108,0.04294602104195006
5,24.02.2016,5,2016,True,har,0.0156189277975034,0.04218980081257613
5,25.02.2016,5,2016,True,har,0.0147240486932872,0.04127616547699605
5,26.02.2016,5,2016,True,har,0.0179715209193839,0.040633627197504366
5,29.02.2016,5,2016,True,har,0.0236442178435875,0.03943360684651317
5,01.03.2016,5,2016,True,har,0.0332669323700429,0.03999707460278264
5,02.03.2016,5,2016,True,har,0.0339369414266054,0.03848223666928376
5,03.03.2016,5,2016,True,har,0.0396462647389161,0.03804905432404072
5,04.03.2016,5,2016,True,har,0.0364053758155326,0.03527632469677736
5,07.03.2016,5,2016,True,har,0.0276909079134308,0.03749661296611553
5,08.03.2016,5,2016,True,har,0.0260047302577693,0.03887992021476866
5,09.03.2016,5,2016,True,har,0.0279573264106427,0.038091690230772184
5,10.03.2016,5,2016,True,har,0.0281384249384527,0.03450497910379853
5,11.03.2016,5,2016,True,har,0.0289446671426293,0.03508052972101404
5,14.03.2016,5,2016,True,har,0.0252110480837873,0.03352721050045561
5,15.03.2016,5,2016,True,har,0.0194562807640199,0.029704254693408892
5,16.03.2016,5,2016,True,har,0.0227635398718204,0.02889641319775349
5,17.03.2016,5,2016,True,har,0.0162615567601995,0.028091798538526013
5,18.03.2016,5,2016,True,har,0.0161844722394399,0.027802783346006544
5,21.03.2016,5,2016,True,har,0.0172206441552455,0.025685036842229315
5,22.03.2016,5,2016,True,har,0.016491505463908,0.024455161477893762
5,23.03.2016,5,2016,True,har,0.0142972276368089,0.02213062509344521
5,24.03.2016,5,2016,True,har,0.0144739037490671,0.024216002431111328
5,28.03.2016,5,2016,True,har,0.0255686457422327,0.022515370473850986
5,29.03.2016,5,2016,True,har,0.0249341164502594,0.022630799620233177
5,30.03.2016,5,2016,True,har,0.0361379192023122,0.02424303497483603
5,31.03.2016,5,2016,True,har,0.0363859952885607,0.02317995933571895
5,01.04.2016,5,2016,True,har,0.0460455720083842,0.022951215714553264
5,04.04.2016,5,2016,True,har,0.0303400194827724,0.022675180295199923
5,05.04.2016,5,2016,True,har,0.0285101762549663,0.025750990362237866
5,06.04.2016,5,2016,True,har,0.0322374970850391,0.021498305985491004
5,07.04.2016,5,2016,True,har,0.0316228148299344,0.02534541292837024
5,08.04.2016,5,2016,True,har,0.0253992097764424,0.022790515938815058
5,11.04.2016,5,2016,True,har,0.0240167807500363,0.02759014592182884
5,12.04.2016,5,2016,True,har,0.0167359708485721,0.025557919217720878
5,13.04.2016,5,2016,True,har,0.0241190577650028,0.026877589421024067
5,14.04.2016,5,2016,True,har,0.0285859120220384,0.025510768502995343
5,15.04.2016,5,2016,True,har,0.0263606094998888,0.024603817370185504
5,18.04.2016,5,2016,True,har,0.0279064386506247,0.02451730413018062
5,19.04.2016,5,2016,True,har,0.0282814807769204,0.023911827313689085
5,20.04.2016,5,2016,True,har,0.0260811212664975,0.02485235815750932
5,21.04.2016,5,2016,True,har,0.018006006449757,0.02656932402043025
5,22.04.2016,5,2016,True,har,0.0193961312320202,0.02609980225791528
5,25.04.2016,5,2016,True,har,0.0151896213183112,0.025421955386424357
5,26.04.2016,5,2016,True,har,0.022814500523207,0.025720627449156604
5,27.04.2016,5,2016,True,har,0.0263092208578849,0.02577564334142421
5,28.04.2016,5,2016,True,har,0.0232228139124387,0.026143586916169137
5,29.04.2016,5,2016,True,har,0.0246326437407366,0.025471493757791546
5,02.05.2016,5,2016,True,har,0.0262238204456773,0.02474599542770091
5,03.05.2016,5,2016,True,har,0.0370782657578431,0.021900215329705253
5,04.05.2016,5,2016,True,har,0.0340119940332663,0.024486780540813147
5,05.05.2016,5,2016,True,har,0.0339758205699538,0.02620302095912025
5,06.05.2016,5,2016,True,har,0.0349794406153422,0.024371250947538677
5,09.05.2016,5,2016,True,har,0.0212783052789102,0.021988344953390127
5,10.05.2016,5,2016,True,har,0.019098938467121,0.0243843804044859
5,11.05.2016,5,2016,True,har,0.0124640925349033,0.024931937894508625
5,12.05.2016,5,2016,True,har,0.0125821770748845,0.02609041623554521
5,13.05.2016,5,2016,True,har,0.0121130739682847,0.024620057252273866
5,16.05.2016,5,2016,True,har,0.0056059368947114,0.024190621744255146
5,17.05.2016,5,2016,True,har,0.0052354576877483,0.02454448388182518
5,18.05.2016,5,2016,True,har,0.0119424595259943,0.02348517535289407
5,19.05.2016,5,2016,True,har,0.0120127799153505,0.02244406971394514
5,20.05.2016,5,2016,True,har,0.0124893336196484,0.021487401782612728
5,23.05.2016,5,2016,True,har,0.0112046135236193,0.021413213159873105
5,24.05.2016,5,2016,True,har,0.0114334583663594,0.021238562239616714
5,25.05.2016,5,2016,True,har,0.0057336473550977,0.020650933610094933
5,26.05.2016,5,2016,True,har,0.0069609314107968,0.021294453387433635
5,27.05.2016,5,2016,True,har,0.0096547698302737,0.02023855622135698
5,31.05.2016,5,2016,True,har,0.0112179012530027,0.02039280225439725
5,01.06.2016,5,2016,True,har,0.0118964325325115,0.02045160790482484
5,02.06.2016,5,2016,True,har,0.0154692975603232,0.01934629916036876
5,03.06.2016,5,2016,True,har,0.0215986838436499,0.016833841214947527
5,06.06.2016,5,2016,True,har,0.0200725201389499,0.017114904876410365
5,07.06.2016,5,2016,True,har,0.0174334118071743,0.01779622111624153
5,08.06.2016,5,2016,True,har,0.0089844163089972,0.015563141281037673
5,09.06.2016,5,2016,True,har,0.0132862182454655,0.014340455641841388
5,10.06.2016,5,2016,True,har,0.0288715422749231,0.012144083975149936
5,13.06.2016,5,2016,True,har,0.0329526957954396,0.014519918307659193
5,14.06.2016,5,2016,True,har,0.032379293110913,0.013476440021380534
5,15.06.2016,5,2016,True,har,0.0319732011740285,0.013135995427889194
5,16.06.2016,5,2016,True,har,0.0226512277859097,0.013513387267593047
5,17.06.2016,5,2016,True,har,0.0316280409968722,0.016196016085977854
5,20.06.2016,5,2016,True,har,0.026624104323119,0.0190020451515058
5,21.06.2016,5,2016,True,har,0.0331514296824757,0.019540591954655715
5,22.06.2016,5,2016,True,har,0.0392149498432743,0.018261681581562654
5,23.06.2016,5,2016,True,har,0.0387300267764958,0.0190768670930911
5,24.06.2016,5,2016,True,har,0.0292622217978056,0.018839569396289686
5,27.06.2016,5,2016,True,har,0.0329093397899679,0.0227458332419418
5,28.06.2016,5,2016,True,har,0.0308464530034091,0.022078187720063373
5,29.06.2016,5,2016,True,har,0.0281466351309615,0.023213805385612237
5,30.06.2016,5,2016,True,har,0.0302465107559133,0.025214935035906372
5,01.07.2016,5,2016,True,har,0.0290924375567463,0.024531273147246537
5,05.07.2016,5,2016,True,har,0.0360570141390272,0.02350877851146232
5,06.07.2016,5,2016,True,har,0.0403972498648439,0.025804955912100427
5,07.07.2016,5,2016,True,har,0.0354702159448866,0.024875120671986932
5,08.07.2016,5,2016,True,har,0.0354226607597834,0.027143359340304554
5,11.07.2016,5,2016,True,har,0.0357290170587429,0.02561568763433309
5,12.07.2016,5,2016,True,har,0.026009571888305,0.025374935809402525
5,13.07.2016,5,2016,True,har,0.0146636975976767,0.028750025877209838
5,14.07.2016,5,2016,True,har,0.0130422602728339,0.030072760426285868
5,15.07.2016,5,2016,True,har,0.0118773743678266,0.029249444253110476
5,18.07.2016,5,2016,True,har,0.0131995583380295,0.027707865669876677
5,19.07.2016,5,2016,True,har,0.014480760147443,0.027051934017437093
5,20.07.2016,5,2016,True,har,0.0131991282592172,0.0256743351701908
5,21.07.2016,5,2016,True,har,0.0130174224942737,0.02555014380967916
5,22.07.2016,5,2016,True,har,0.0137165389082783,0.025998338523471463
5,25.07.2016,5,2016,True,har,0.014356878457294,0.025172441805279035
5,26.07.2016,5,2016,True,har,0.0121400956287649,0.0243858087271897
5,27.07.2016,5,2016,True,har,0.0194468481485801,0.023359085962627153
5,28.07.2016,5,2016,True,har,0.0205084869921998,0.024177220523783544
5,29.07.2016,5,2016,True,har,0.0198092572361505,0.021928241736599012
5,01.08.2016,5,2016,True,har,0.0202821718346055,0.021381868266015444
5,02.08.2016,5,2016,True,har,0.0181062441046985,0.021136810484552536
5,03.08.2016,5,2016,True,har,0.0211541788887004,0.020914011890817402
5,04.08.2016,5,2016,True,har,0.026435142589229,0.022484034106938562
5,05.08.2016,5,2016,True,har,0.0264309004066197,0.02143158143295366
5,08.08.2016,5,2016,True,har,0.0269788140852389,0.020240896311925338
5,09.08.2016,5,2016,True,har,0.0240953272226752,0.021789057916208415
5,10.08.2016,5,2016,True,har,0.0123769719751172,0.018930983527810925
5,11.08.2016,5,2016,True,har,0.0059270230398693,0.017917724141436712
5,12.08.2016,5,2016,True,har,0.010817897421445,0.020556310618040835
5,15.08.2016,5,2016,True,har,0.0225598393237097,0.019972441649543655
5,16.08.2016,5,2016,True,har,0.0222648928877704,0.02092456316490311
5,17.08.2016,5,2016,True,har,0.0232119092059167,0.020539638048526817
5,18.08.2016,5,2016,True,har,0.0213377332592176,0.019889265059539418
5,19.08.2016,5,2016,True,har,0.0217460187973184,0.019674999015875813
5,22.08.2016,5,2016,True,har,0.0154740773360306,0.01882712256510937
5,23.08.2016,5,2016,True,har,0.0143287504288681,0.021429476197105366
5,24.08.2016,5,2016,True,har,0.0167315241045496,0.020790870770544406
5,25.08.2016,5,2016,True,har,0.0134617566681937,0.02018154301916924
5,26.08.2016,5,2016,True,har,0.0110947098768588,0.01933625561495919
5,29.08.2016,5,2016,True,har,0.0147628488554911,0.018883146794788107
5,30.08.2016,5,2016,True,har,0.0165713305804916,0.019334288481430345
5,31.08.2016,5,2016,True,har,0.0178775046131668,0.01961460368812887
5,01.09.2016,5,2016,True,har,0.0298746487602733,0.020575346463934698
5,02.09.2016,5,2016,True,har,0.0294738286839319,0.018838803896389845
5,06.09.2016,5,2016,True,har,0.0325543670475664,0.01896994619403937
5,07.09.2016,5,2016,True,har,0.0328782888334298,0.01885287721113018
5,08.09.2016,5,2016,True,har,0.0240635177774308,0.019181851595802605
5,09.09.2016,5,2016,True,har,0.0195827613306468,0.02088915602555001
5,12.09.2016,5,2016,True,har,0.0190962134063728,0.021687591376066177
5,13.09.2016,5,2016,True,har,0.0171401117693844,0.02002504027069718
5,14.09.2016,5,2016,True,har,0.0151654809589342,0.020748988560135337
5,15.09.2016,5,2016,True,har,0.0154367925235263,0.02097996126517354
5,16.09.2016,5,2016,True,har,0.0232063635446691,0.02031332542094462
5,19.09.2016,5,2016,True,har,0.0271148818388114,0.019800237692117258
5,20.09.2016,5,2016,True,har,0.0315941979196376,0.01927989222832425
5,21.09.2016,5,2016,True,har,0.040541869581639,0.018247846616752564
5,22.09.2016,5,2016,True,har,0.0402720759838803,0.019117561031531068
5,23.09.2016,5,2016,True,har,0.0331943541168417,0.019128629319141804
5,26.09.2016,5,2016,True,har,0.0318439475443177,0.02116778504576718
5,27.09.2016,5,2016,True,har,0.0257254870396991,0.022059982313695627
5,28.09.2016,5,2016,True,har,0.0155744959561165,0.022667900676420577
5,29.09.2016,5,2016,True,har,0.0155569557207076,0.026622400513025637
5,30.09.2016,5,2016,True,har,0.0177370459227042,0.024198795859113616
5,03.10.2016,5,2016,True,har,0.0168644183646981,0.02364244794092594
5,04.10.2016,5,2016,True,har,0.0141438669672837,0.023441381928470485
5,05.10.2016,5,2016,True,har,0.0113087770901166,0.02533595141379117
5,06.10.2016,5,2016,True,har,0.0091913649170717,0.02437344339135894
5,07.10.2016,5,2016,True,har,0.0085742312065985,0.023107942869466217
5,11.10.2016,5,2016,True,har,0.0069326791105972,0.021812736979794238
5,12.10.2016,5,2016,True,har,0.0100607041703595,0.021719396722475196
5,13.10.2016,5,2016,True,har,0.0160031547104317,0.02117638410159525
5,14.10.2016,5,2016,True,har,0.0166705931184769,0.019874262101356524
5,17.10.2016,5,2016,True,har,0.0164534046990147,0.019641814338929274
5,18.10.2016,5,2016,True,har,0.0172112649615208,0.019575141212528645
5,19.10.2016,5,2016,True,har,0.0121863494218961,0.019305590233423434
5,20.10.2016,5,2016,True,har,0.0118331193902346,0.020150669170304388
5,21.10.2016,5,2016,True,har,0.010737156211865,0.021244537658767985
5,24.10.2016,5,2016,True,har,0.0139673806645771,0.020450397456323655
5,25.10.2016,5,2016,True,har,0.0151596263782026,0.01884362173548553
5,26.10.2016,5,2016,True,har,0.0178665848970242,0.01876439470603633
5,27.10.2016,5,2016,True,har,0.0130579059427838,0.017964762403216556
5,28.10.2016,5,2016,True,har,0.0130207595449392,0.01426334079556705
5,31.10.2016,5,2016,True,har,0.0165425415076643,0.014659775100953428
5,01.11.2016,5,2016,True,har,0.0161504444720868,0.01636098126781539
5,02.11.2016,5,2016,True,har,0.0120985288888198,0.015275594222051617
5,03.11.2016,5,2016,True,har,0.0121605296121625,0.015807971797429505
5,04.11.2016,5,2016,True,har,0.0171816060967912,0.014082287991407625
5,07.11.2016,5,2016,True,har,0.0321770397632077,0.013964837127311083
5,08.11.2016,5,2016,True,har,0.0324390603628761,0.014404274941224857
5,09.11.2016,5,2016,True,har,0.0324079336439146,0.013673311550586754
5,10.11.2016,5,2016,True,har,0.0317860139777216,0.013892357353825237
5,14.11.2016,5,2016,True,har,0.0280184663282444,0.01396385205903553
5,15.11.2016,5,2016,True,har,0.0196619483229848,0.015715319658623595
5,16.11.2016,5,2016,True,har,0.0190288853295149,0.021428020349547074
5,17.11.2016,5,2016,True,har,0.0279465916215297,0.019439206852003087
5,18.11.2016,5,2016,True,har,0.0290807152903126,0.018696224317404562
5,21.11.2016,5,2016,True,har,0.0260843470134392,0.018671700633668468
5,22.11.2016,5,2016,True,har,0.0506368090667362,0.021830075800973688
5,23.11.2016,5,2016,True,har,0.0505143039998032,0.02000715229903703
5,25.11.2016,5,2016,True,har,0.0522035906432718,0.019834731073859798
5,28.11.2016,5,2016,True,har,0.0529195576614353,0.02227068323011786
5,29.11.2016,5,2016,True,har,0.046993692573425,0.022066436352353787
5,30.11.2016,5,2016,True,har,0.0389387335488529,0.0236476321841932
5,01.12.2016,5,2016,True,har,0.038586574111263,0.030972331612495838
5,02.12.2016,5,2016,True,har,0.0163261508913489,0.02758263416117246
5,05.12.2016,5,2016,True,har,0.0197788871745955,0.03301884164051182
5,06.12.2016,5,2016,True,har,0.0161583112024288,0.030127051732978468
5,07.12.2016,5,2016,True,har,0.0223669383995497,0.03034442998050229
5,08.12.2016,5,2016,True,har,0.0211204235557757,0.030333719036950754
5,09.12.2016,5,2016,True,har,0.0231434943895285,0.03028451744467421
5,12.12.2016,5,2016,True,har,0.0198230248709879,0.02907715156091681
5,13.12.2016,5,2016,True,har,0.0203852711871399,0.029790692516753
5,14.12.2016,5,2016,True,har,0.0142276359637094,0.02771564142491761
5,15.12.2016,5,2016,True,har,0.0147553781353746,0.029071263108364852
5,16.12.2016,5,2016,True,har,0.0108542713596657,0.027674965861533618
5,19.12.2016,5,2016,True,har,0.012593221632381,0.028581943444772145
5,20.12.2016,5,2016,True,har,0.0124410322110157,0.027899391885243444
5,21.12.2016,5,2016,True,har,0.0074566773902331,0.027251962077366444
5,22.12.2016,5,2016,True,har,0.0073391291982956,0.02764522290495607
5,23.12.2016,5,2016,True,har,0.0102540559082689,0.027414875729602023
5,27.12.2016,5,2016,True,har,0.0106256162198168,0.025797167301020624
5,28.12.2016,5,2016,True,har,0.0110044996573347,0.02639515164207762
5,29.12.2016,5,2016,True,har,0.0107994917886183,0.02430389010714571
5,30.12.2016,5,2016,True,har,0.0219043664313131,0.019527790485632766
5,04.01.2016,5,2016,True,har_ovx,0.0267746502757364,0.024465145771880612
5,05.01.2016,5,2016,True,har_ovx,0.0267345156748962,0.025669389260056984
5,06.01.2016,5,2016,True,har_ovx,0.0216005891989593,0.026066243388037806
5,07.01.2016,5,2016,True,har_ovx,0.0306778320498717,0.02836498577680649
5,08.01.2016,5,2016,True,har_ovx,0.0312333427813533,0.02955827427833656
5,11.01.2016,5,2016,True,har_ovx,0.0364800301715442,0.029512011366924204
5,12.01.2016,5,2016,True,har_ovx,0.0369184592066055,0.03468976118915616
5,13.01.2016,5,2016,True,har_ovx,0.0480590956673348,0.03504894916026135
5,14.01.2016,5,2016,True,har_ovx,0.0666892247833084,0.032521641536323156
5,15.01.2016,5,2016,True,har_ovx,0.0722395173646008,0.030785101276824312
5,19.01.2016,5,2016,True,har_ovx,0.0611930826884183,0.03277827768727554
5,20.01.2016,5,2016,True,har_ovx,0.0541903045578414,0.03568582708169133
5,21.01.2016,5,2016,True,har_ovx,0.0537507175091648,0.03699833446393151
5,22.01.2016,5,2016,True,har_ovx,0.0394353735529616,0.03629160158517918
5,25.01.2016,5,2016,True,har_ovx,0.0173608465028443,0.0356257059923525
5,26.01.2016,5,2016,True,har_ovx,0.0388357916609145,0.03686596666601671
5,27.01.2016,5,2016,True,har_ovx,0.0464600248205398,0.037118921677871855
5,28.01.2016,5,2016,True,har_ovx,0.0473010993341695,0.03720125069133271
5,29.01.2016,5,2016,True,har_ovx,0.0459612140496511,0.037053103306602414
5,01.02.2016,5,2016,True,har_ovx,0.0479445231194083,0.035077301303933814
5,02.02.2016,5,2016,True,har_ovx,0.054222861952547,0.037682657494491636
5,03.02.2016,5,2016,True,har_ovx,0.0362533077971315,0.03964843041084834
5,04.02.2016,5,2016,True,har_ovx,0.0359272057299129,0.03956403986571884
5,05.02.2016,5,2016,True,har_ovx,0.0698612638822414,0.03776165573706187
5,08.02.2016,5,2016,True,har_ovx,0.0699458806617528,0.037626286555804654
5,09.02.2016,5,2016,True,har_ovx,0.0604197267930389,0.03908119733466318
5,10.02.2016,5,2016,True,har_ovx,0.0621557982025135,0.0422078714421015
5,11.02.2016,5,2016,True,har_ovx,0.0646261292501251,0.0414456530064791
5,12.02.2016,5,2016,True,har_ovx,0.0494158145645849,0.044575050124737954
5,16.02.2016,5,2016,True,har_ovx,0.0507478690181976,0.04672246354256587
5,17.02.2016,5,2016,True,har_ovx,0.0412640947149153,0.04136238048283592
5,18.02.2016,5,2016,True,har_ovx,0.0425452444399025,0.04092530506974496
5,19.02.2016,5,2016,True,har_ovx,0.0362602777181423,0.03846424685160688
5,22.02.2016,5,2016,True,har_ovx,0.0311675630764184,0.036272645112414334
5,23.02.2016,5,2016,True,har_ovx,0.0172657847635108,0.036619790994278104
5,24.02.2016,5,2016,True,har_ovx,0.0156189277975034,0.03756535006011779
5,25.02.2016,5,2016,True,har_ovx,0.0147240486932872,0.038157377801712196
5,26.02.2016,5,2016,True,har_ovx,0.0179715209193839,0.036601694280004204
5,29.02.2016,5,2016,True,har_ovx,0.0236442178435875,0.03422554467280111
5,01.03.2016,5,2016,True,har_ovx,0.0332669323700429,0.034733522827603454
5,02.03.2016,5,2016,True,har_ovx,0.0339369414266054,0.03279932810234994
5,03.03.2016,5,2016,True,har_ovx,0.0396462647389161,0.03117758751214384
5,04.03.2016,5,2016,True,har_ovx,0.0364053758155326,0.029989331035443448
5,07.03.2016,5,2016,True,har_ovx,0.0276909079134308,0.030407459508813905
5,08.03.2016,5,2016,True,har_ovx,0.0260047302577693,0.03111631933658248
5,09.03.2016,5,2016,True,har_ovx,0.0279573264106427,0.031098502523432374
5,10.03.2016,5,2016,True,har_ovx,0.0281384249384527,0.029249788070969972
5,11.03.2016,5,2016,True,har_ovx,0.0289446671426293,0.0291973956395579
5,14.03.2016,5,2016,True,har_ovx,0.0252110480837873,0.027849480102867065
5,15.03.2016,5,2016,True,har_ovx,0.0194562807640199,0.027545823742154876
5,16.03.2016,5,2016,True,har_ovx,0.0227635398718204,0.026776093018898838
5,17.03.2016,5,2016,True,har_ovx,0.0162615567601995,0.02406203319989634
5,18.03.2016,5,2016,True,har_ovx,0.0161844722394399,0.02511383007609879
5,21.03.2016,5,2016,True,har_ovx,0.0172206441552455,0.02376715367465932
5,22.03.2016,5,2016,True,har_ovx,0.016491505463908,0.0237180518704196
5,23.03.2016,5,2016,True,har_ovx,0.0142972276368089,0.022908409529693183
5,24.03.2016,5,2016,True,har_ovx,0.0144739037490671,0.023761578174595684
5,28.03.2016,5,2016,True,har_ovx,0.0255686457422327,0.02346458389608946
5,29.03.2016,5,2016,True,har_ovx,0.0249341164502594,0.02409545231759572
5,30.03.2016,5,2016,True,har_ovx,0.0361379192023122,0.025011804661139364
5,31.03.2016,5,2016,True,har_ovx,0.0363859952885607,0.024389880662566667
5,01.04.2016,5,2016,True,har_ovx,0.0460455720083842,0.024220777270928237
5,04.04.2016,5,2016,True,har_ovx,0.0303400194827724,0.02510342789267824
5,05.04.2016,5,2016,True,har_ovx,0.0285101762549663,0.027682778049267484
5,06.04.2016,5,2016,True,har_ovx,0.0322374970850391,0.025975047017231283
5,07.04.2016,5,2016,True,har_ovx,0.0316228148299344,0.024692391837148945
5,08.04.2016,5,2016,True,har_ovx,0.0253992097764424,0.023921948450888967
5,11.04.2016,5,2016,True,har_ovx,0.0240167807500363,0.025642391393149354
5,12.04.2016,5,2016,True,har_ovx,0.0167359708485721,0.02611516753664902
5,13.04.2016,5,2016,True,har_ovx,0.0241190577650028,0.026522360691757882
5,14.04.2016,5,2016,True,har_ovx,0.0285859120220384,0.025795942498645856
5,15.04.2016,5,2016,True,har_ovx,0.0263606094998888,0.02426718815188435
5,18.04.2016,5,2016,True,har_ovx,0.0279064386506247,0.02725758034558537
5,19.04.2016,5,2016,True,har_ovx,0.0282814807769204,0.024362475146317883
5,20.04.2016,5,2016,True,har_ovx,0.0260811212664975,0.023602228010164344
5,21.04.2016,5,2016,True,har_ovx,0.018006006449757,0.023721960229979477
5,22.04.2016,5,2016,True,har_ovx,0.0193961312320202,0.02342314380375791
5,25.04.2016,5,2016,True,har_ovx,0.0151896213183112,0.022185345838383993
5,26.04.2016,5,2016,True,har_ovx,0.022814500523207,0.023465774204832545
5,27.04.2016,5,2016,True,har_ovx,0.0263092208578849,0.023234244339347707
5,28.04.2016,5,2016,True,har_ovx,0.0232228139124387,0.023470561048772168
5,29.04.2016,5,2016,True,har_ovx,0.0246326437407366,0.023000408510895243
5,02.05.2016,5,2016,True,har_ovx,0.0262238204456773,0.02240770933476934
5,03.05.2016,5,2016,True,har_ovx,0.0370782657578431,0.023491022494998244
5,04.05.2016,5,2016,True,har_ovx,0.0340119940332663,0.02442673560531481
5,05.05.2016,5,2016,True,har_ovx,0.0339758205699538,0.02429092203577577
5,06.05.2016,5,2016,True,har_ovx,0.0349794406153422,0.023615625904140618
5,09.05.2016,5,2016,True,har_ovx,0.0212783052789102,0.02184903092825099
5,10.05.2016,5,2016,True,har_ovx,0.019098938467121,0.023538057008224082
5,11.05.2016,5,2016,True,har_ovx,0.0124640925349033,0.022340320123778047
5,12.05.2016,5,2016,True,har_ovx,0.0125821770748845,0.022512974066995532
5,13.05.2016,5,2016,True,har_ovx,0.0121130739682847,0.021535082308285734
5,16.05.2016,5,2016,True,har_ovx,0.0056059368947114,0.021410357956618394
5,17.05.2016,5,2016,True,har_ovx,0.0052354576877483,0.022340867969270668
5,18.05.2016,5,2016,True,har_ovx,0.0119424595259943,0.022399822229422862
5,19.05.2016,5,2016,True,har_ovx,0.0120127799153505,0.02248078088944434
5,20.05.2016,5,2016,True,har_ovx,0.0124893336196484,0.021991547886234183
5,23.05.2016,5,2016,True,har_ovx,0.0112046135236193,0.020748718100453617
5,24.05.2016,5,2016,True,har_ovx,0.0114334583663594,0.020568630269034372
5,25.05.2016,5,2016,True,har_ovx,0.0057336473550977,0.019661452005727366
5,26.05.2016,5,2016,True,har_ovx,0.0069609314107968,0.01865424431022067
5,27.05.2016,5,2016,True,har_ovx,0.0096547698302737,0.018561305698095925
5,31.05.2016,5,2016,True,har_ovx,0.0112179012530027,0.018278588511407914
5,01.06.2016,5,2016,True,har_ovx,0.0118964325325115,0.019519017129970586
5,02.06.2016,5,2016,True,har_ovx,0.0154692975603232,0.020294683490617055
5,03.06.2016,5,2016,True,har_ovx,0.0215986838436499,0.018232336761307595
5,06.06.2016,5,2016,True,har_ovx,0.0200725201389499,0.017250866857752463
5,07.06.2016,5,2016,True,har_ovx,0.0174334118071743,0.017864540834272327
5,08.06.2016,5,2016,True,har_ovx,0.0089844163089972,0.017743266129692726
5,09.06.2016,5,2016,True,har_ovx,0.0132862182454655,0.016985010369840244
5,10.06.2016,5,2016,True,har_ovx,0.0288715422749231,0.016782217302700526
5,13.06.2016,5,2016,True,har_ovx,0.0329526957954396,0.019479234033040114
5,14.06.2016,5,2016,True,har_ovx,0.032379293110913,0.020576788152236833
5,15.06.2016,5,2016,True,har_ovx,0.0319732011740285,0.020868116839455993
5,16.06.2016,5,2016,True,har_ovx,0.0226512277859097,0.02098745717183346
5,17.06.2016,5,2016,True,har_ovx,0.0316280409968722,0.022639096192937726
5,20.06.2016,5,2016,True,har_ovx,0.026624104323119,0.021003619046520112
5,21.06.2016,5,2016,True,har_ovx,0.0331514296824757,0.019532404586512734
5,22.06.2016,5,2016,True,har_ovx,0.0392149498432743,0.01972553623162693
5,23.06.2016,5,2016,True,har_ovx,0.0387300267764958,0.02165181093323011
5,24.06.2016,5,2016,True,har_ovx,0.0292622217978056,0.020198232868052782
5,27.06.2016,5,2016,True,har_ovx,0.0329093397899679,0.022792723828161273
5,28.06.2016,5,2016,True,har_ovx,0.0308464530034091,0.022247381889244744
5,29.06.2016,5,2016,True,har_ovx,0.0281466351309615,0.02082744376555559
5,30.06.2016,5,2016,True,har_ovx,0.0302465107559133,0.020101017959061378
5,01.07.2016,5,2016,True,har_ovx,0.0290924375567463,0.0196039008577007
5,05.07.2016,5,2016,True,har_ovx,0.0360570141390272,0.018440586191933506
5,06.07.2016,5,2016,True,har_ovx,0.0403972498648439,0.021341252302272937
5,07.07.2016,5,2016,True,har_ovx,0.0354702159448866,0.02172039499557286
5,08.07.2016,5,2016,True,har_ovx,0.0354226607597834,0.023609118207483668
5,11.07.2016,5,2016,True,har_ovx,0.0357290170587429,0.021734691225379986
5,12.07.2016,5,2016,True,har_ovx,0.026009571888305,0.02237496979305656
5,13.07.2016,5,2016,True,har_ovx,0.0146636975976767,0.02164567856438962
5,14.07.2016,5,2016,True,har_ovx,0.0130422602728339,0.023652381750084085
5,15.07.2016,5,2016,True,har_ovx,0.0118773743678266,0.020699995322368065
5,18.07.2016,5,2016,True,har_ovx,0.0131995583380295,0.019289886460227768
5,19.07.2016,5,2016,True,har_ovx,0.014480760147443,0.020101155598789743
5,20.07.2016,5,2016,True,har_ovx,0.0131991282592172,0.019514891154313638
5,21.07.2016,5,2016,True,har_ovx,0.0130174224942737,0.019767453867369007
5,22.07.2016,5,2016,True,har_ovx,0.0137165389082783,0.02063021714664361
5,25.07.2016,5,2016,True,har_ovx,0.014356878457294,0.020796291164190194
5,26.07.2016,5,2016,True,har_ovx,0.0121400956287649,0.021926144479924338
5,27.07.2016,5,2016,True,har_ovx,0.0194468481485801,0.021650258475916128
5,28.07.2016,5,2016,True,har_ovx,0.0205084869921998,0.02236706096553254
5,29.07.2016,5,2016,True,har_ovx,0.0198092572361505,0.02254309545865685
5,01.08.2016,5,2016,True,har_ovx,0.0202821718346055,0.021249927185200683
5,02.08.2016,5,2016,True,har_ovx,0.0181062441046985,0.02286102893135501
5,03.08.2016,5,2016,True,har_ovx,0.0211541788887004,0.023894575006869277
5,04.08.2016,5,2016,True,har_ovx,0.026435142589229,0.023567023323700812
5,05.08.2016,5,2016,True,har_ovx,0.0264309004066197,0.02245791133024433
5,08.08.2016,5,2016,True,har_ovx,0.0269788140852389,0.0210476562332852
5,09.08.2016,5,2016,True,har_ovx,0.0240953272226752,0.021412640989909797
5,10.08.2016,5,2016,True,har_ovx,0.0123769719751172,0.020010828551435912
5,11.08.2016,5,2016,True,har_ovx,0.0059270230398693,0.019652844086609923
5,12.08.2016,5,2016,True,har_ovx,0.010817897421445,0.020240681777154157
5,15.08.2016,5,2016,True,har_ovx,0.0225598393237097,0.01899928312293427
5,16.08.2016,5,2016,True,har_ovx,0.0222648928877704,0.01898540124605382
5,17.08.2016,5,2016,True,har_ovx,0.0232119092059167,0.018956378567701552
5,18.08.2016,5,2016,True,har_ovx,0.0213377332592176,0.01781135930037704
5,19.08.2016,5,2016,True,har_ovx,0.0217460187973184,0.018959662499332952
5,22.08.2016,5,2016,True,har_ovx,0.0154740773360306,0.017382326870416877
5,23.08.2016,5,2016,True,har_ovx,0.0143287504288681,0.018783526639197672
5,24.08.2016,5,2016,True,har_ovx,0.0167315241045496,0.019072125156163484
5,25.08.2016,5,2016,True,har_ovx,0.0134617566681937,0.018928497545411725
5,26.08.2016,5,2016,True,har_ovx,0.0110947098768588,0.01837273439926824
5,29.08.2016,5,2016,True,har_ovx,0.0147628488554911,0.017794376424377263
5,30.08.2016,5,2016,True,har_ovx,0.0165713305804916,0.01852398261323939
5,31.08.2016,5,2016,True,har_ovx,0.0178775046131668,0.01939243293263346
5,01.09.2016,5,2016,True,har_ovx,0.0298746487602733,0.020428059412318022
5,02.09.2016,5,2016,True,har_ovx,0.0294738286839319,0.020822712883525406
5,06.09.2016,5,2016,True,har_ovx,0.0325543670475664,0.01953874532160773
5,07.09.2016,5,2016,True,har_ovx,0.0328782888334298,0.020141605743294693
5,08.09.2016,5,2016,True,har_ovx,0.0240635177774308,0.019547411233890796
5,09.09.2016,5,2016,True,har_ovx,0.0195827613306468,0.019900945995919444
5,12.09.2016,5,2016,True,har_ovx,0.0190962134063728,0.020532708832775314
5,13.09.2016,5,2016,True,har_ovx,0.0171401117693844,0.019517721347434677
5,14.09.2016,5,2016,True,har_ovx,0.0151654809589342,0.020872265079156772
5,15.09.2016,5,2016,True,har_ovx,0.0154367925235263,0.02167907173853126
5,16.09.2016,5,2016,True,har_ovx,0.0232063635446691,0.020803618060326365
5,19.09.2016,5,2016,True,har_ovx,0.0271148818388114,0.0202853909928961
5,20.09.2016,5,2016,True,har_ovx,0.0315941979196376,0.019924071608675608
5,21.09.2016,5,2016,True,har_ovx,0.040541869581639,0.02050545987717307
5,22.09.2016,5,2016,True,har_ovx,0.0402720759838803,0.020318804499058762
5,23.09.2016,5,2016,True,har_ovx,0.0331943541168417,0.02122668689660537
5,26.09.2016,5,2016,True,har_ovx,0.0318439475443177,0.02290419122462397
5,27.09.2016,5,2016,True,har_ovx,0.0257254870396991,0.02343076331764713
5,28.09.2016,5,2016,True,har_ovx,0.0155744959561165,0.022824433735389914
5,29.09.2016,5,2016,True,har_ovx,0.0155569557207076,0.024367063137224636
5,30.09.2016,5,2016,True,har_ovx,0.0177370459227042,0.02160475971770882
5,03.10.2016,5,2016,True,har_ovx,0.0168644183646981,0.020093264502493713
5,04.10.2016,5,2016,True,har_ovx,0.0141438669672837,0.019356780236107072
5,05.10.2016,5,2016,True,har_ovx,0.0113087770901166,0.020082068435998628
5,06.10.2016,5,2016,True,har_ovx,0.0091913649170717,0.019436831818052336
5,07.10.2016,5,2016,True,har_ovx,0.0085742312065985,0.01872655059877854
5,11.10.2016,5,2016,True,har_ovx,0.0069326791105972,0.0187991380135672
5,12.10.2016,5,2016,True,har_ovx,0.0100607041703595,0.01960331784577896
5,13.10.2016,5,2016,True,har_ovx,0.0160031547104317,0.020151138055069778
5,14.10.2016,5,2016,True,har_ovx,0.0166705931184769,0.018898323609453045
5,17.10.2016,5,2016,True,har_ovx,0.0164534046990147,0.017958132003172426
5,18.10.2016,5,2016,True,har_ovx,0.0172112649615208,0.01767749245654257
5,19.10.2016,5,2016,True,har_ovx,0.0121863494218961,0.018436592808859665
5,20.10.2016,5,2016,True,har_ovx,0.0118331193902346,0.01667330834399496
5,21.10.2016,5,2016,True,har_ovx,0.010737156211865,0.01663768108929276
5,24.10.2016,5,2016,True,har_ovx,0.0139673806645771,0.016283409146353976
5,25.10.2016,5,2016,True,har_ovx,0.0151596263782026,0.01614462122188491
5,26.10.2016,5,2016,True,har_ovx,0.0178665848970242,0.016827624869524414
5,27.10.2016,5,2016,True,har_ovx,0.0130579059427838,0.017674939170144573
5,28.10.2016,5,2016,True,har_ovx,0.0130207595449392,0.017219850909343647
5,31.10.2016,5,2016,True,har_ovx,0.0165425415076643,0.01844022375706264
5,01.11.2016,5,2016,True,har_ovx,0.0161504444720868,0.020589840802117867
5,02.11.2016,5,2016,True,har_ovx,0.0120985288888198,0.01952665687889149
5,03.11.2016,5,2016,True,har_ovx,0.0121605296121625,0.020355083258200575
5,04.11.2016,5,2016,True,har_ovx,0.0171816060967912,0.020287715019854727
5,07.11.2016,5,2016,True,har_ovx,0.0321770397632077,0.021559805966071842
5,08.11.2016,5,2016,True,har_ovx,0.0324390603628761,0.021766143826965026
5,09.11.2016,5,2016,True,har_ovx,0.0324079336439146,0.021169153826622832
5,10.11.2016,5,2016,True,har_ovx,0.0317860139777216,0.020098162603297633
5,14.11.2016,5,2016,True,har_ovx,0.0280184663282444,0.02082269794224896
5,15.11.2016,5,2016,True,har_ovx,0.0196619483229848,0.025520137381718617
5,16.11.2016,5,2016,True,har_ovx,0.0190288853295149,0.025986921367674373
5,17.11.2016,5,2016,True,har_ovx,0.0279465916215297,0.025392422754863725
5,18.11.2016,5,2016,True,har_ovx,0.0290807152903126,0.023708733931647307
5,21.11.2016,5,2016,True,har_ovx,0.0260843470134392,0.02333481502910921
5,22.11.2016,5,2016,True,har_ovx,0.0506368090667362,0.023955536842467443
5,23.11.2016,5,2016,True,har_ovx,0.0505143039998032,0.023936744725913475
5,25.11.2016,5,2016,True,har_ovx,0.0522035906432718,0.02438247299510795
5,28.11.2016,5,2016,True,har_ovx,0.0529195576614353,0.02823944777507876
5,29.11.2016,5,2016,True,har_ovx,0.046993692573425,0.027490334252844223
5,30.11.2016,5,2016,True,har_ovx,0.0389387335488529,0.029482160718832223
5,01.12.2016,5,2016,True,har_ovx,0.038586574111263,0.02463366399827145
5,02.12.2016,5,2016,True,har_ovx,0.0163261508913489,0.02088372945484193
5,05.12.2016,5,2016,True,har_ovx,0.0197788871745955,0.02000211917099793
5,06.12.2016,5,2016,True,har_ovx,0.0161583112024288,0.01945671832607062
5,07.12.2016,5,2016,True,har_ovx,0.0223669383995497,0.019844263575652686
5,08.12.2016,5,2016,True,har_ovx,0.0211204235557757,0.019466436270697073
5,09.12.2016,5,2016,True,har_ovx,0.0231434943895285,0.01889335725356368
5,12.12.2016,5,2016,True,har_ovx,0.0198230248709879,0.01929953462830778
5,13.12.2016,5,2016,True,har_ovx,0.0203852711871399,0.016815160040481014
5,14.12.2016,5,2016,True,har_ovx,0.0142276359637094,0.016833034477043818
5,15.12.2016,5,2016,True,har_ovx,0.0147553781353746,0.018756459139689458
5,16.12.2016,5,2016,True,har_ovx,0.0108542713596657,0.017943336935056977
5,19.12.2016,5,2016,True,har_ovx,0.012593221632381,0.015852599110855584
5,20.12.2016,5,2016,True,har_ovx,0.0124410322110157,0.015647178953723927
5,21.12.2016,5,2016,True,har_ovx,0.0074566773902331,0.014552957994475094
5,22.12.2016,5,2016,True,har_ovx,0.0073391291982956,0.015431442337342756
5,23.12.2016,5,2016,True,har_ovx,0.0102540559082689,0.01636090611766529
5,27.12.2016,5,2016,True,har_ovx,0.0106256162198168,0.01586179349913858
5,28.12.2016,5,2016,True,har_ovx,0.0110044996573347,0.016157327827448782
5,29.12.2016,5,2016,True,har_ovx,0.0107994917886183,0.01556616348143505
5,30.12.2016,5,2016,True,har_ovx,0.0219043664313131,0.014916345404048698
5,04.01.2016,5,2016,True,har_gpr,0.0267746502757364,0.023732885745746755
5,05.01.2016,5,2016,True,har_gpr,0.0267345156748962,0.021970157569054356
5,06.01.2016,5,2016,True,har_gpr,0.0216005891989593,0.022718897176328568
5,07.01.2016,5,2016,True,har_gpr,0.0306778320498717,0.025105843579255802
5,08.01.2016,5,2016,True,har_gpr,0.0312333427813533,0.023134966505393966
5,11.01.2016,5,2016,True,har_gpr,0.0364800301715442,0.022509899083338218
5,12.01.2016,5,2016,True,har_gpr,0.0369184592066055,0.02649893749907097
5,13.01.2016,5,2016,True,har_gpr,0.0480590956673348,0.024102398098150766
5,14.01.2016,5,2016,True,har_gpr,0.0666892247833084,0.023680090172367756
5,15.01.2016,5,2016,True,har_gpr,0.0722395173646008,0.02468940796507788
5,19.01.2016,5,2016,True,har_gpr,0.0611930826884183,0.02345758739571326
5,20.01.2016,5,2016,True,har_gpr,0.0541903045578414,0.030345177837420252
5,21.01.2016,5,2016,True,har_gpr,0.0537507175091648,0.028756638423404958
5,22.01.2016,5,2016,True,har_gpr,0.0394353735529616,0.03210042702373034
5,25.01.2016,5,2016,True,har_gpr,0.0173608465028443,0.04037740642400631
5,26.01.2016,5,2016,True,har_gpr,0.0388357916609145,0.037793203414957566
5,27.01.2016,5,2016,True,har_gpr,0.0464600248205398,0.0378083397855767
5,28.01.2016,5,2016,True,har_gpr,0.0473010993341695,0.038110070877634246
5,29.01.2016,5,2016,True,har_gpr,0.0459612140496511,0.03719589649428647
5,01.02.2016,5,2016,True,har_gpr,0.0479445231194083,0.03656172213878294
5,02.02.2016,5,2016,True,har_gpr,0.054222861952547,0.034435858639656564
5,03.02.2016,5,2016,True,har_gpr,0.0362533077971315,0.038897304720894206
5,04.02.2016,5,2016,True,har_gpr,0.0359272057299129,0.041724310825357255
5,05.02.2016,5,2016,True,har_gpr,0.0698612638822414,0.03820246061407432
5,08.02.2016,5,2016,True,har_gpr,0.0699458806617528,0.037916346515337124
5,09.02.2016,5,2016,True,har_gpr,0.0604197267930389,0.0393520378265286
5,10.02.2016,5,2016,True,har_gpr,0.0621557982025135,0.042597602296357964
5,11.02.2016,5,2016,True,har_gpr,0.0646261292501251,0.03921453104640438
5,12.02.2016,5,2016,True,har_gpr,0.0494158145645849,0.03968328114505105
5,16.02.2016,5,2016,True,har_gpr,0.0507478690181976,0.04814406137723074
5,17.02.2016,5,2016,True,har_gpr,0.0412640947149153,0.0477800976941579
5,18.02.2016,5,2016,True,har_gpr,0.0425452444399025,0.04785683882255901
5,19.02.2016,5,2016,True,har_gpr,0.0362602777181423,0.04485234531890605
5,22.02.2016,5,2016,True,har_gpr,0.0311675630764184,0.04641903206023503
5,23.02.2016,5,2016,True,har_gpr,0.0172657847635108,0.04399334461999075
5,24.02.2016,5,2016,True,har_gpr,0.0156189277975034,0.043241145116254744
5,25.02.2016,5,2016,True,har_gpr,0.0147240486932872,0.04230079321119079
5,26.02.2016,5,2016,True,har_gpr,0.0179715209193839,0.04166142873105593
5,29.02.2016,5,2016,True,har_gpr,0.0236442178435875,0.04044066935794657
5,01.03.2016,5,2016,True,har_gpr,0.0332669323700429,0.040529335976822525
5,02.03.2016,5,2016,True,har_gpr,0.0339369414266054,0.03897137607572923
5,03.03.2016,5,2016,True,har_gpr,0.0396462647389161,0.03854525912203883
5,04.03.2016,5,2016,True,har_gpr,0.0364053758155326,0.0357728088012653
5,07.03.2016,5,2016,True,har_gpr,0.0276909079134308,0.03800837195970617
5,08.03.2016,5,2016,True,har_gpr,0.0260047302577693,0.038091108932404444
5,09.03.2016,5,2016,True,har_gpr,0.0279573264106427,0.0373249743531581
5,10.03.2016,5,2016,True,har_gpr,0.0281384249384527,0.03375729160864972
5,11.03.2016,5,2016,True,har_gpr,0.0289446671426293,0.03434314217980894
5,14.03.2016,5,2016,True,har_gpr,0.0252110480837873,0.032780566675117515
5,15.03.2016,5,2016,True,har_gpr,0.0194562807640199,0.030993407665631842
5,16.03.2016,5,2016,True,har_gpr,0.0227635398718204,0.030183546840879257
5,17.03.2016,5,2016,True,har_gpr,0.0162615567601995,0.029395561872840745
5,18.03.2016,5,2016,True,har_gpr,0.0161844722394399,0.029104217645130038
5,21.03.2016,5,2016,True,har_gpr,0.0172206441552455,0.026989509412859974
5,22.03.2016,5,2016,True,har_gpr,0.016491505463908,0.02437360699825612
5,23.03.2016,5,2016,True,har_gpr,0.0142972276368089,0.02204126571407431
5,24.03.2016,5,2016,True,har_gpr,0.0144739037490671,0.02413745103596706
5,28.03.2016,5,2016,True,har_gpr,0.0255686457422327,0.022413161934516916
5,29.03.2016,5,2016,True,har_gpr,0.0249341164502594,0.023635088319738415
5,30.03.2016,5,2016,True,har_gpr,0.0361379192023122,0.025252829996800997
5,31.03.2016,5,2016,True,har_gpr,0.0363859952885607,0.02418240886519188
5,01.04.2016,5,2016,True,har_gpr,0.0460455720083842,0.023950386594205477
5,04.04.2016,5,2016,True,har_gpr,0.0303400194827724,0.02367330746212685
5,05.04.2016,5,2016,True,har_gpr,0.0285101762549663,0.025596944414620158
5,06.04.2016,5,2016,True,har_gpr,0.0322374970850391,0.021342575020038012
5,07.04.2016,5,2016,True,har_gpr,0.0316228148299344,0.0252235495953959
5,08.04.2016,5,2016,True,har_gpr,0.0253992097764424,0.022664657256005076
5,11.04.2016,5,2016,True,har_gpr,0.0240167807500363,0.02749177899326759
5,12.04.2016,5,2016,True,har_gpr,0.0167359708485721,0.026064187206566218
5,13.04.2016,5,2016,True,har_gpr,0.0241190577650028,0.02738124891053947
5,14.04.2016,5,2016,True,har_gpr,0.0285859120220384,0.026019099492208608
5,15.04.2016,5,2016,True,har_gpr,0.0263606094998888,0.02511272270534643
5,18.04.2016,5,2016,True,har_gpr,0.0279064386506247,0.025012101286462324
5,19.04.2016,5,2016,True,har_gpr,0.0282814807769204,0.024084373784599464
5,20.04.2016,5,2016,True,har_gpr,0.0260811212664975,0.025008042213323065
5,21.04.2016,5,2016,True,har_gpr,0.018006006449757,0.026744406909576073
5,22.04.2016,5,2016,True,har_gpr,0.0193961312320202,0.026285469417929332
5,25.04.2016,5,2016,True,har_gpr,0.0151896213183112,0.02559823197664935
5,26.04.2016,5,2016,True,har_gpr,0.022814500523207,0.026104438192045713
5,27.04.2016,5,2016,True,har_gpr,0.0263092208578849,0.026165588562311347
5,28.04.2016,5,2016,True,har_gpr,0.0232228139124387,0.026526797496000683
5,29.04.2016,5,2016,True,har_gpr,0.0246326437407366,0.025830010325303573
5,02.05.2016,5,2016,True,har_gpr,0.0262238204456773,0.025103971192463402
5,03.05.2016,5,2016,True,har_gpr,0.0370782657578431,0.02142812859327559
5,04.05.2016,5,2016,True,har_gpr,0.0340119940332663,0.024036570741991007
5,05.05.2016,5,2016,True,har_gpr,0.0339758205699538,0.02576268161809201
5,06.05.2016,5,2016,True,har_gpr,0.0349794406153422,0.023915181462669806
5,09.05.2016,5,2016,True,har_gpr,0.0212783052789102,0.021546008478766313
5,10.05.2016,5,2016,True,har_gpr,0.019098938467121,0.024399211824875946
5,11.05.2016,5,2016,True,har_gpr,0.0124640925349033,0.024977149756489292
5,12.05.2016,5,2016,True,har_gpr,0.0125821770748845,0.02612279204728296
5,13.05.2016,5,2016,True,har_gpr,0.0121130739682847,0.02464527121688743
5,16.05.2016,5,2016,True,har_gpr,0.0056059368947114,0.02421869523321604
5,17.05.2016,5,2016,True,har_gpr,0.0052354576877483,0.024357212425806598
5,18.05.2016,5,2016,True,har_gpr,0.0119424595259943,0.023289450812073117
5,19.05.2016,5,2016,True,har_gpr,0.0120127799153505,0.022233798739660297
5,20.05.2016,5,2016,True,har_gpr,0.0124893336196484,0.021279682434317635
5,23.05.2016,5,2016,True,har_gpr,0.0112046135236193,0.021204213638619983
5,24.05.2016,5,2016,True,har_gpr,0.0114334583663594,0.021958319331704324
5,25.05.2016,5,2016,True,har_gpr,0.0057336473550977,0.02137120815065057
5,26.05.2016,5,2016,True,har_gpr,0.0069609314107968,0.022038156713430762
5,27.05.2016,5,2016,True,har_gpr,0.0096547698302737,0.020979268073820577
5,31.05.2016,5,2016,True,har_gpr,0.0112179012530027,0.021135178358164242
5,01.06.2016,5,2016,True,har_gpr,0.0118964325325115,0.019930884883940254
5,02.06.2016,5,2016,True,har_gpr,0.0154692975603232,0.01882815465751698
5,03.06.2016,5,2016,True,har_gpr,0.0215986838436499,0.016312043652011488
5,06.06.2016,5,2016,True,har_gpr,0.0200725201389499,0.01659602302913595
5,07.06.2016,5,2016,True,har_gpr,0.0174334118071743,0.017865154514205495
5,08.06.2016,5,2016,True,har_gpr,0.0089844163089972,0.015645635495785817
5,09.06.2016,5,2016,True,har_gpr,0.0132862182454655,0.014431203263321823
5,10.06.2016,5,2016,True,har_gpr,0.0288715422749231,0.012250570879426975
5,13.06.2016,5,2016,True,har_gpr,0.0329526957954396,0.014640628018681955
5,14.06.2016,5,2016,True,har_gpr,0.032379293110913,0.01453594147165631
5,15.06.2016,5,2016,True,har_gpr,0.0319732011740285,0.01419179759343181
5,16.06.2016,5,2016,True,har_gpr,0.0226512277859097,0.014545844250970996
5,17.06.2016,5,2016,True,har_gpr,0.0316280409968722,0.017237202860764952
5,20.06.2016,5,2016,True,har_gpr,0.026624104323119,0.02007818078825605
5,21.06.2016,5,2016,True,har_gpr,0.0331514296824757,0.019394989484711977
5,22.06.2016,5,2016,True,har_gpr,0.0392149498432743,0.01810869007398133
5,23.06.2016,5,2016,True,har_gpr,0.0387300267764958,0.01892468167105654
5,24.06.2016,5,2016,True,har_gpr,0.0292622217978056,0.018663574755076903
5,27.06.2016,5,2016,True,har_gpr,0.0329093397899679,0.02259091334760571
5,28.06.2016,5,2016,True,har_gpr,0.0308464530034091,0.021792067830694425
5,29.06.2016,5,2016,True,har_gpr,0.0281466351309615,0.022943172062502046
5,30.06.2016,5,2016,True,har_gpr,0.0302465107559133,0.024957793796123322
5,01.07.2016,5,2016,True,har_gpr,0.0290924375567463,0.024267057008889682
5,05.07.2016,5,2016,True,har_gpr,0.0360570141390272,0.023215595173313806
5,06.07.2016,5,2016,True,har_gpr,0.0403972498648439,0.026522574344885825
5,07.07.2016,5,2016,True,har_gpr,0.0354702159448866,0.025582620576485037
5,08.07.2016,5,2016,True,har_gpr,0.0354226607597834,0.027846177253850145
5,11.07.2016,5,2016,True,har_gpr,0.0357290170587429,0.026314697492606603
5,12.07.2016,5,2016,True,har_gpr,0.026009571888305,0.025189745550998226
5,13.07.2016,5,2016,True,har_gpr,0.0146636975976767,0.02858458725243207
5,14.07.2016,5,2016,True,har_gpr,0.0130422602728339,0.02991428357824207
5,15.07.2016,5,2016,True,har_gpr,0.0118773743678266,0.02907140642435283
5,18.07.2016,5,2016,True,har_gpr,0.0131995583380295,0.027529015627587514
5,19.07.2016,5,2016,True,har_gpr,0.014480760147443,0.02747865839483536
5,20.07.2016,5,2016,True,har_gpr,0.0131991282592172,0.026075886950517317
5,21.07.2016,5,2016,True,har_gpr,0.0130174224942737,0.02592108275825188
5,22.07.2016,5,2016,True,har_gpr,0.0137165389082783,0.026366488269182434
5,25.07.2016,5,2016,True,har_gpr,0.014356878457294,0.02553698060618922
5,26.07.2016,5,2016,True,har_gpr,0.0121400956287649,0.024867549297318416
5,27.07.2016,5,2016,True,har_gpr,0.0194468481485801,0.02384192113793254
5,28.07.2016,5,2016,True,har_gpr,0.0205084869921998,0.024663726679608505
5,29.07.2016,5,2016,True,har_gpr,0.0198092572361505,0.022418335429518012
5,01.08.2016,5,2016,True,har_gpr,0.0202821718346055,0.021871605646941263
5,02.08.2016,5,2016,True,har_gpr,0.0181062441046985,0.021992193139999942
5,03.08.2016,5,2016,True,har_gpr,0.0211541788887004,0.021769692471369576
5,04.08.2016,5,2016,True,har_gpr,0.026435142589229,0.023360094951874515
5,05.08.2016,5,2016,True,har_gpr,0.0264309004066197,0.022313811063647226
5,08.08.2016,5,2016,True,har_gpr,0.0269788140852389,0.021115872348514253
5,09.08.2016,5,2016,True,har_gpr,0.0240953272226752,0.02207898698330353
5,10.08.2016,5,2016,True,har_gpr,0.0123769719751172,0.019220475784516924
5,11.08.2016,5,2016,True,har_gpr,0.0059270230398693,0.01822475777105022
5,12.08.2016,5,2016,True,har_gpr,0.010817897421445,0.020876489936679128
5,15.08.2016,5,2016,True,har_gpr,0.0225598393237097,0.02028583721941565
5,16.08.2016,5,2016,True,har_gpr,0.0222648928877704,0.021354304338130143
5,17.08.2016,5,2016,True,har_gpr,0.0232119092059167,0.02095848446829244
5,18.08.2016,5,2016,True,har_gpr,0.0213377332592176,0.02027481466244688
5,19.08.2016,5,2016,True,har_gpr,0.0217460187973184,0.02004587453143136
5,22.08.2016,5,2016,True,har_gpr,0.0154740773360306,0.0192079003748676
5,23.08.2016,5,2016,True,har_gpr,0.0143287504288681,0.021844720488890176
5,24.08.2016,5,2016,True,har_gpr,0.0167315241045496,0.021200978932451767
5,25.08.2016,5,2016,True,har_gpr,0.0134617566681937,0.020597784090084004
5,26.08.2016,5,2016,True,har_gpr,0.0110947098768588,0.019748381984873945
5,29.08.2016,5,2016,True,har_gpr,0.0147628488554911,0.01929547358453134
5,30.08.2016,5,2016,True,har_gpr,0.0165713305804916,0.02036176351282437
5,31.08.2016,5,2016,True,har_gpr,0.0178775046131668,0.020639469990125135
5,01.09.2016,5,2016,True,har_gpr,0.0298746487602733,0.021606832294886094
5,02.09.2016,5,2016,True,har_gpr,0.0294738286839319,0.019857537287743803
5,06.09.2016,5,2016,True,har_gpr,0.0325543670475664,0.01998298684695935
5,07.09.2016,5,2016,True,har_gpr,0.0328782888334298,0.018780833113753125
5,08.09.2016,5,2016,True,har_gpr,0.0240635177774308,0.019115944761594332
5,09.09.2016,5,2016,True,har_gpr,0.0195827613306468,0.02082977583958298
5,12.09.2016,5,2016,True,har_gpr,0.0190962134063728,0.021659357962904538
5,13.09.2016,5,2016,True,har_gpr,0.0171401117693844,0.020138005017983858
5,14.09.2016,5,2016,True,har_gpr,0.0151654809589342,0.020875132014332245
5,15.09.2016,5,2016,True,har_gpr,0.0154367925235263,0.021106583473664318
5,16.09.2016,5,2016,True,har_gpr,0.0232063635446691,0.020413077945969114
5,19.09.2016,5,2016,True,har_gpr,0.0271148818388114,0.019889828962535595
5,20.09.2016,5,2016,True,har_gpr,0.0315941979196376,0.020974964672560447
5,21.09.2016,5,2016,True,har_gpr,0.040541869581639,0.019940647955905822
5,22.09.2016,5,2016,True,har_gpr,0.0402720759838803,0.020808243279254568
5,23.09.2016,5,2016,True,har_gpr,0.0331943541168417,0.0208188568306319
5,26.09.2016,5,2016,True,har_gpr,0.0318439475443177,0.022879710004256353
5,27.09.2016,5,2016,True,har_gpr,0.0257254870396991,0.022172258560264113
5,28.09.2016,5,2016,True,har_gpr,0.0155744959561165,0.022789940384081907
5,29.09.2016,5,2016,True,har_gpr,0.0155569557207076,0.026764465737029453
5,30.09.2016,5,2016,True,har_gpr,0.0177370459227042,0.024332580444260947
5,03.10.2016,5,2016,True,har_gpr,0.0168644183646981,0.023755191454327897
5,04.10.2016,5,2016,True,har_gpr,0.0141438669672837,0.023212894966395118
5,05.10.2016,5,2016,True,har_gpr,0.0113087770901166,0.025095031450961574
5,06.10.2016,5,2016,True,har_gpr,0.0091913649170717,0.024101021648966648
5,07.10.2016,5,2016,True,har_gpr,0.0085742312065985,0.022838150816308404
5,11.10.2016,5,2016,True,har_gpr,0.0069326791105972,0.021554139001017138
5,12.10.2016,5,2016,True,har_gpr,0.0100607041703595,0.021983809892559672
5,13.10.2016,5,2016,True,har_gpr,0.0160031547104317,0.021436069701371966
5,14.10.2016,5,2016,True,har_gpr,0.0166705931184769,0.020128403174563346
5,17.10.2016,5,2016,True,har_gpr,0.0164534046990147,0.01988977074441872
5,18.10.2016,5,2016,True,har_gpr,0.0172112649615208,0.01941431402015901
5,19.10.2016,5,2016,True,har_gpr,0.0121863494218961,0.01913915372778151
5,20.10.2016,5,2016,True,har_gpr,0.0118331193902346,0.01999580229461817
5,21.10.2016,5,2016,True,har_gpr,0.010737156211865,0.02110452066953433
5,24.10.2016,5,2016,True,har_gpr,0.0139673806645771,0.020309136059010136
5,25.10.2016,5,2016,True,har_gpr,0.0151596263782026,0.019124325596931134
5,26.10.2016,5,2016,True,har_gpr,0.0178665848970242,0.019050250165301406
5,27.10.2016,5,2016,True,har_gpr,0.0130579059427838,0.018240542894662575
5,28.10.2016,5,2016,True,har_gpr,0.0130207595449392,0.014551124205471541
5,31.10.2016,5,2016,True,har_gpr,0.0165425415076643,0.014944796380502768
5,01.11.2016,5,2016,True,har_gpr,0.0161504444720868,0.01696410559865783
5,02.11.2016,5,2016,True,har_gpr,0.0120985288888198,0.01587597773803715
5,03.11.2016,5,2016,True,har_gpr,0.0121605296121625,0.0164254880974452
5,04.11.2016,5,2016,True,har_gpr,0.0171816060967912,0.014685493588942793
5,07.11.2016,5,2016,True,har_gpr,0.0321770397632077,0.014570635790911255
5,08.11.2016,5,2016,True,har_gpr,0.0324390603628761,0.014380049228352587
5,09.11.2016,5,2016,True,har_gpr,0.0324079336439146,0.013647176744245933
5,10.11.2016,5,2016,True,har_gpr,0.0317860139777216,0.013855313300087145
5,14.11.2016,5,2016,True,har_gpr,0.0280184663282444,0.013928346313150331
5,15.11.2016,5,2016,True,har_gpr,0.0196619483229848,0.015603894007460217
5,16.11.2016,5,2016,True,har_gpr,0.0190288853295149,0.021345274470794068
5,17.11.2016,5,2016,True,har_gpr,0.0279465916215297,0.01934711593061382
5,18.11.2016,5,2016,True,har_gpr,0.0290807152903126,0.018605682133286863
5,21.11.2016,5,2016,True,har_gpr,0.0260843470134392,0.018581333866315292
5,22.11.2016,5,2016,True,har_gpr,0.0506368090667362,0.02172277184517066
5,23.11.2016,5,2016,True,har_gpr,0.0505143039998032,0.01986875845177011
5,25.11.2016,5,2016,True,har_gpr,0.0522035906432718,0.01969483532054498
5,28.11.2016,5,2016,True,har_gpr,0.0529195576614353,0.022158649499480574
5,29.11.2016,5,2016,True,har_gpr,0.046993692573425,0.0222733146655176
5,30.11.2016,5,2016,True,har_gpr,0.0389387335488529,0.023846241606406447
5,01.12.2016,5,2016,True,har_gpr,0.038586574111263,0.031228646776842242
5,02.12.2016,5,2016,True,har_gpr,0.0163261508913489,0.02782063637137941
5,05.12.2016,5,2016,True,har_gpr,0.0197788871745955,0.033268028173892905
5,06.12.2016,5,2016,True,har_gpr,0.0161583112024288,0.030773777319131636
5,07.12.2016,5,2016,True,har_gpr,0.0223669383995497,0.03097682525215742
5,08.12.2016,5,2016,True,har_gpr,0.0211204235557757,0.030942410906252184
5,09.12.2016,5,2016,True,har_gpr,0.0231434943895285,0.03089211306458384
5,12.12.2016,5,2016,True,har_gpr,0.0198230248709879,0.02962212770891804
5,13.12.2016,5,2016,True,har_gpr,0.0203852711871399,0.030043466129161818
5,14.12.2016,5,2016,True,har_gpr,0.0142276359637094,0.027957384564948062
5,15.12.2016,5,2016,True,har_gpr,0.0147553781353746,0.029337753576642693
5,16.12.2016,5,2016,True,har_gpr,0.0108542713596657,0.027931877625221205
5,19.12.2016,5,2016,True,har_gpr,0.012593221632381,0.028848374655918985
5,20.12.2016,5,2016,True,har_gpr,0.0124410322110157,0.02837243743745377
5,21.12.2016,5,2016,True,har_gpr,0.0074566773902331,0.027730297367747406
5,22.12.2016,5,2016,True,har_gpr,0.0073391291982956,0.028107303198786
5,23.12.2016,5,2016,True,har_gpr,0.0102540559082689,0.027877374808248995
5,27.12.2016,5,2016,True,har_gpr,0.0106256162198168,0.02625178125421715
5,28.12.2016,5,2016,True,har_gpr,0.0110044996573347,0.027034754387437247
5,29.12.2016,5,2016,True,har_gpr,0.0107994917886183,0.02494628821142197
5,30.12.2016,5,2016,True,har_gpr,0.0219043664313131,0.020175338111986567
5,04.01.2016,5,2016,True,har_x,0.0267746502757364,0.024358703129668237
5,05.01.2016,5,2016,True,har_x,0.0267345156748962,0.025588914357271744
5,06.01.2016,5,2016,True,har_x,0.0216005891989593,0.02598690952840181
5,07.01.2016,5,2016,True,har_x,0.0306778320498717,0.028285538970941944
5,08.01.2016,5,2016,True,har_x,0.0312333427813533,0.0294787664034096
5,11.01.2016,5,2016,True,har_x,0.0364800301715442,0.02943450429243063
5,12.01.2016,5,2016,True,har_x,0.0369184592066055,0.03470767082707081
5,13.01.2016,5,2016,True,har_x,0.0480590956673348,0.03506598612706047
5,14.01.2016,5,2016,True,har_x,0.0666892247833084,0.032539956019437655
5,15.01.2016,5,2016,True,har_x,0.0722395173646008,0.0308006961847077
5,19.01.2016,5,2016,True,har_x,0.0611930826884183,0.032793437972712586
5,20.01.2016,5,2016,True,har_x,0.0541903045578414,0.0356398289680549
5,21.01.2016,5,2016,True,har_x,0.0537507175091648,0.03695188898223524
5,22.01.2016,5,2016,True,har_x,0.0394353735529616,0.03624301204927317
5,25.01.2016,5,2016,True,har_x,0.0173608465028443,0.03557486117956893
5,26.01.2016,5,2016,True,har_x,0.0388357916609145,0.036912283648360356
5,27.01.2016,5,2016,True,har_x,0.0464600248205398,0.03716909279644523
5,28.01.2016,5,2016,True,har_x,0.0473010993341695,0.037253959215167144
5,29.01.2016,5,2016,True,har_x,0.0459612140496511,0.03710560708759482
5,01.02.2016,5,2016,True,har_x,0.0479445231194083,0.03513404766078693
5,02.02.2016,5,2016,True,har_x,0.054222861952547,0.03763233803382956
5,03.02.2016,5,2016,True,har_x,0.0362533077971315,0.03959298551904188
5,04.02.2016,5,2016,True,har_x,0.0359272057299129,0.0395074772579799
5,05.02.2016,5,2016,True,har_x,0.0698612638822414,0.03770321591412847
5,08.02.2016,5,2016,True,har_x,0.0699458806617528,0.037568175392826066
5,09.02.2016,5,2016,True,har_x,0.0604197267930389,0.03901028147086829
5,10.02.2016,5,2016,True,har_x,0.0621557982025135,0.0421364871115645
5,11.02.2016,5,2016,True,har_x,0.0646261292501251,0.04137899862683361
5,12.02.2016,5,2016,True,har_x,0.0494158145645849,0.04450899022862966
5,16.02.2016,5,2016,True,har_x,0.0507478690181976,0.046649094035194655
5,17.02.2016,5,2016,True,har_x,0.0412640947149153,0.04131859164755253
5,18.02.2016,5,2016,True,har_x,0.0425452444399025,0.040884376425880276
5,19.02.2016,5,2016,True,har_x,0.0362602777181423,0.03842147031083379
5,22.02.2016,5,2016,True,har_x,0.0311675630764184,0.03622936790590486
5,23.02.2016,5,2016,True,har_x,0.0172657847635108,0.03658064924558387
5,24.02.2016,5,2016,True,har_x,0.0156189277975034,0.037525522679917225
5,25.02.2016,5,2016,True,har_x,0.0147240486932872,0.03812035497949111
5,26.02.2016,5,2016,True,har_x,0.0179715209193839,0.036563819610116455
5,29.02.2016,5,2016,True,har_x,0.0236442178435875,0.03418906712280078
5,01.03.2016,5,2016,True,har_x,0.0332669323700429,0.034812309244859986
5,02.03.2016,5,2016,True,har_x,0.0339369414266054,0.032881968035237574
5,03.03.2016,5,2016,True,har_x,0.0396462647389161,0.0312601240264625
5,04.03.2016,5,2016,True,har_x,0.0364053758155326,0.0300707577214633
5,07.03.2016,5,2016,True,har_x,0.0276909079134308,0.030488669461739927
5,08.03.2016,5,2016,True,har_x,0.0260047302577693,0.03121167805957095
5,09.03.2016,5,2016,True,har_x,0.0279573264106427,0.031190448747187318
5,10.03.2016,5,2016,True,har_x,0.0281384249384527,0.02933931806670368
5,11.03.2016,5,2016,True,har_x,0.0289446671426293,0.029285425733558683
5,14.03.2016,5,2016,True,har_x,0.0252110480837873,0.027937771847030904
5,15.03.2016,5,2016,True,har_x,0.0194562807640199,0.027431403210560958
5,16.03.2016,5,2016,True,har_x,0.0227635398718204,0.026661730926685223
5,17.03.2016,5,2016,True,har_x,0.0162615567601995,0.02394611576809633
5,18.03.2016,5,2016,True,har_x,0.0161844722394399,0.02499790330313931
5,21.03.2016,5,2016,True,har_x,0.0172206441552455,0.02364987583472118
5,22.03.2016,5,2016,True,har_x,0.016491505463908,0.023685758607746386
5,23.03.2016,5,2016,True,har_x,0.0142972276368089,0.022876710909733908
5,24.03.2016,5,2016,True,har_x,0.0144739037490671,0.023729745063997627
5,28.03.2016,5,2016,True,har_x,0.0255686457422327,0.023434267311648514
5,29.03.2016,5,2016,True,har_x,0.0249341164502594,0.02393662404867046
5,30.03.2016,5,2016,True,har_x,0.0361379192023122,0.02485336622097719
5,31.03.2016,5,2016,True,har_x,0.0363859952885607,0.024231289622436872
5,01.04.2016,5,2016,True,har_x,0.0460455720083842,0.024062723149688173
5,04.04.2016,5,2016,True,har_x,0.0303400194827724,0.024945321693930603
5,05.04.2016,5,2016,True,har_x,0.0285101762549663,0.027651582000261563
5,06.04.2016,5,2016,True,har_x,0.0322374970850391,0.02594202185690779
5,07.04.2016,5,2016,True,har_x,0.0316228148299344,0.024657150746722666
5,08.04.2016,5,2016,True,har_x,0.0253992097764424,0.023885546047255693
5,11.04.2016,5,2016,True,har_x,0.0240167807500363,0.02560505577939016
5,12.04.2016,5,2016,True,har_x,0.0167359708485721,0.026105817999899326
5,13.04.2016,5,2016,True,har_x,0.0241190577650028,0.02651417334350301
5,14.04.2016,5,2016,True,har_x,0.0285859120220384,0.025785994119838025
5,15.04.2016,5,2016,True,har_x,0.0263606094998888,0.024256833951591235
5,18.04.2016,5,2016,True,har_x,0.0279064386506247,0.027249465708672174
5,19.04.2016,5,2016,True,har_x,0.0282814807769204,0.024460675814567942
5,20.04.2016,5,2016,True,har_x,0.0260811212664975,0.023703087721856784
5,21.04.2016,5,2016,True,har_x,0.018006006449757,0.0238211715807631
5,22.04.2016,5,2016,True,har_x,0.0193961312320202,0.023520688162001122
5,25.04.2016,5,2016,True,har_x,0.0151896213183112,0.022283286096237982
5,26.04.2016,5,2016,True,har_x,0.022814500523207,0.023494986962230097
5,27.04.2016,5,2016,True,har_x,0.0263092208578849,0.02326320473385254
5,28.04.2016,5,2016,True,har_x,0.0232228139124387,0.02350045008807021
5,29.04.2016,5,2016,True,har_x,0.0246326437407366,0.02303268364968035
5,02.05.2016,5,2016,True,har_x,0.0262238204456773,0.02243925871144573
5,03.05.2016,5,2016,True,har_x,0.0370782657578431,0.023499623828167747
5,04.05.2016,5,2016,True,har_x,0.0340119940332663,0.02443402610581126
5,05.05.2016,5,2016,True,har_x,0.0339758205699538,0.024297791928493087
5,06.05.2016,5,2016,True,har_x,0.0349794406153422,0.023622826830729
5,09.05.2016,5,2016,True,har_x,0.0212783052789102,0.021854293858194696
5,10.05.2016,5,2016,True,har_x,0.019098938467121,0.023530507922281913
5,11.05.2016,5,2016,True,har_x,0.0124640925349033,0.022329295453727492
5,12.05.2016,5,2016,True,har_x,0.0125821770748845,0.022503598664941313
5,13.05.2016,5,2016,True,har_x,0.0121130739682847,0.02152515493126318
5,16.05.2016,5,2016,True,har_x,0.0056059368947114,0.02139989592361891
5,17.05.2016,5,2016,True,har_x,0.0052354576877483,0.022415608555991912
5,18.05.2016,5,2016,True,har_x,0.0119424595259943,0.0224748856564487
5,19.05.2016,5,2016,True,har_x,0.0120127799153505,0.022557491454503566
5,20.05.2016,5,2016,True,har_x,0.0124893336196484,0.022067694193397852
5,23.05.2016,5,2016,True,har_x,0.0112046135236193,0.0208248617901344
5,24.05.2016,5,2016,True,har_x,0.0114334583663594,0.020499130165084645
5,25.05.2016,5,2016,True,har_x,0.0057336473550977,0.019591686401381307
5,26.05.2016,5,2016,True,har_x,0.0069609314107968,0.018582320055410575
5,27.05.2016,5,2016,True,har_x,0.0096547698302737,0.018488966497015764
5,31.05.2016,5,2016,True,har_x,0.0112179012530027,0.01820612237850149
5,01.06.2016,5,2016,True,har_x,0.0118964325325115,0.019568471741666676
5,02.06.2016,5,2016,True,har_x,0.0154692975603232,0.02034360597405435
5,03.06.2016,5,2016,True,har_x,0.0215986838436499,0.01828152614955989
5,06.06.2016,5,2016,True,har_x,0.0200725201389499,0.01729968775350401
5,07.06.2016,5,2016,True,har_x,0.0174334118071743,0.017854218184865666
5,08.06.2016,5,2016,True,har_x,0.0089844163089972,0.017731200688586066
5,09.06.2016,5,2016,True,har_x,0.0132862182454655,0.01697194643626022
5,10.06.2016,5,2016,True,har_x,0.0288715422749231,0.016766840220814386
5,13.06.2016,5,2016,True,har_x,0.0329526957954396,0.019463213721176202
5,14.06.2016,5,2016,True,har_x,0.032379293110913,0.020556197769994455
5,15.06.2016,5,2016,True,har_x,0.0319732011740285,0.02084818697882193
5,16.06.2016,5,2016,True,har_x,0.0226512277859097,0.02097049602374364
5,17.06.2016,5,2016,True,har_x,0.0316280409968722,0.022622136581352117
5,20.06.2016,5,2016,True,har_x,0.026624104323119,0.020982783719782076
5,21.06.2016,5,2016,True,har_x,0.0331514296824757,0.01954616350442973
5,22.06.2016,5,2016,True,har_x,0.0392149498432743,0.019739090171593844
5,23.06.2016,5,2016,True,har_x,0.0387300267764958,0.021666000906590415
5,24.06.2016,5,2016,True,har_x,0.0292622217978056,0.020215203094657238
5,27.06.2016,5,2016,True,har_x,0.0329093397899679,0.022808797088362066
5,28.06.2016,5,2016,True,har_x,0.0308464530034091,0.022224413909500314
5,29.06.2016,5,2016,True,har_x,0.0281466351309615,0.0208027399572148
5,30.06.2016,5,2016,True,har_x,0.0302465107559133,0.02007519890252541
5,01.07.2016,5,2016,True,har_x,0.0290924375567463,0.0195780377537812
5,05.07.2016,5,2016,True,har_x,0.0360570141390272,0.018417356817823197
5,06.07.2016,5,2016,True,har_x,0.0403972498648439,0.02128861480355492
5,07.07.2016,5,2016,True,har_x,0.0354702159448866,0.021668181203291847
5,08.07.2016,5,2016,True,har_x,0.0354226607597834,0.023558910351501927
5,11.07.2016,5,2016,True,har_x,0.0357290170587429,0.02168317535738769
5,12.07.2016,5,2016,True,har_x,0.026009571888305,0.022394907135819153
5,13.07.2016,5,2016,True,har_x,0.0146636975976767,0.02166470981567753
5,14.07.2016,5,2016,True,har_x,0.0130422602728339,0.02367088839719713
5,15.07.2016,5,2016,True,har_x,0.0118773743678266,0.020719623294259436
5,18.07.2016,5,2016,True,har_x,0.0131995583380295,0.019308729686842042
5,19.07.2016,5,2016,True,har_x,0.014480760147443,0.019950952652310526
5,20.07.2016,5,2016,True,har_x,0.0131991282592172,0.019367193198817273
5,21.07.2016,5,2016,True,har_x,0.0130174224942737,0.019623456235236328
5,22.07.2016,5,2016,True,har_x,0.0137165389082783,0.020486995405465183
5,25.07.2016,5,2016,True,har_x,0.014356878457294,0.02065311852097143
5,26.07.2016,5,2016,True,har_x,0.0121400956287649,0.0219099903071099
5,27.07.2016,5,2016,True,har_x,0.0194468481485801,0.021633264999872347
5,28.07.2016,5,2016,True,har_x,0.0205084869921998,0.022350738666509693
5,29.07.2016,5,2016,True,har_x,0.0198092572361505,0.02252576037797285
5,01.08.2016,5,2016,True,har_x,0.0202821718346055,0.021232049825058212
5,02.08.2016,5,2016,True,har_x,0.0181062441046985,0.022838581382057764
5,03.08.2016,5,2016,True,har_x,0.0211541788887004,0.02387270267897019
5,04.08.2016,5,2016,True,har_x,0.026435142589229,0.023543388270454383
5,05.08.2016,5,2016,True,har_x,0.0264309004066197,0.022433270491078947
5,08.08.2016,5,2016,True,har_x,0.0269788140852389,0.021022717637561264
5,09.08.2016,5,2016,True,har_x,0.0240953272226752,0.021363035369447128
5,10.08.2016,5,2016,True,har_x,0.0123769719751172,0.019960405790111938
5,11.08.2016,5,2016,True,har_x,0.0059270230398693,0.019600702541453203
5,12.08.2016,5,2016,True,har_x,0.010817897421445,0.020188048886369953
5,15.08.2016,5,2016,True,har_x,0.0225598393237097,0.018946442849143992
5,16.08.2016,5,2016,True,har_x,0.0222648928877704,0.018971336091857676
5,17.08.2016,5,2016,True,har_x,0.0232119092059167,0.01894316849894234
5,18.08.2016,5,2016,True,har_x,0.0213377332592176,0.01780164360143371
5,19.08.2016,5,2016,True,har_x,0.0217460187973184,0.0189520188501932
5,22.08.2016,5,2016,True,har_x,0.0154740773360306,0.01737262898595145
5,23.08.2016,5,2016,True,har_x,0.0143287504288681,0.018801165440501755
5,24.08.2016,5,2016,True,har_x,0.0167315241045496,0.019089719830118673
5,25.08.2016,5,2016,True,har_x,0.0134617566681937,0.018945408402484456
5,26.08.2016,5,2016,True,har_x,0.0110947098768588,0.018389810825087713
5,29.08.2016,5,2016,True,har_x,0.0147628488554911,0.01781108472624741
5,30.08.2016,5,2016,True,har_x,0.0165713305804916,0.01837635375226886
5,31.08.2016,5,2016,True,har_x,0.0178775046131668,0.019245378400432896
5,01.09.2016,5,2016,True,har_x,0.0298746487602733,0.02028073695893571
5,02.09.2016,5,2016,True,har_x,0.0294738286839319,0.020675842687473026
5,06.09.2016,5,2016,True,har_x,0.0325543670475664,0.019392564358198618
5,07.09.2016,5,2016,True,har_x,0.0328782888334298,0.020188651696530308
5,08.09.2016,5,2016,True,har_x,0.0240635177774308,0.01959391554653812
5,09.09.2016,5,2016,True,har_x,0.0195827613306468,0.019947729247482993
5,12.09.2016,5,2016,True,har_x,0.0190962134063728,0.02057599321598558
5,13.09.2016,5,2016,True,har_x,0.0171401117693844,0.01942021744004706
5,14.09.2016,5,2016,True,har_x,0.0151654809589342,0.020774078507760415
5,15.09.2016,5,2016,True,har_x,0.0154367925235263,0.021580970963273036
5,16.09.2016,5,2016,True,har_x,0.0232063635446691,0.020708112832425584
5,19.09.2016,5,2016,True,har_x,0.0271148818388114,0.02019103261262169
5,20.09.2016,5,2016,True,har_x,0.0315941979196376,0.01952193630044189
5,21.09.2016,5,2016,True,har_x,0.040541869581639,0.020103496772096212
5,22.09.2016,5,2016,True,har_x,0.0402720759838803,0.019917771882715773
5,23.09.2016,5,2016,True,har_x,0.0331943541168417,0.020825691117090196
5,26.09.2016,5,2016,True,har_x,0.0318439475443177,0.022501685742448364
5,27.09.2016,5,2016,True,har_x,0.0257254870396991,0.02334359173363367
5,28.09.2016,5,2016,True,har_x,0.0155744959561165,0.022736054604477342
5,29.09.2016,5,2016,True,har_x,0.0155569557207076,0.024277736929758237
5,30.09.2016,5,2016,True,har_x,0.0177370459227042,0.021514373569004253
5,03.10.2016,5,2016,True,har_x,0.0168644183646981,0.020004858543769884
5,04.10.2016,5,2016,True,har_x,0.0141438669672837,0.01943358757079321
5,05.10.2016,5,2016,True,har_x,0.0113087770901166,0.020161687451491404
5,06.10.2016,5,2016,True,har_x,0.0091913649170717,0.01951940494646484
5,07.10.2016,5,2016,True,har_x,0.0085742312065985,0.018808435123510166
5,11.10.2016,5,2016,True,har_x,0.0069326791105972,0.018879610163390712
5,12.10.2016,5,2016,True,har_x,0.0100607041703595,0.019760961342652653
5,13.10.2016,5,2016,True,har_x,0.0160031547104317,0.02030942621463014
5,14.10.2016,5,2016,True,har_x,0.0166705931184769,0.01905679336117418
5,17.10.2016,5,2016,True,har_x,0.0164534046990147,0.018117113468498928
5,18.10.2016,5,2016,True,har_x,0.0172112649615208,0.01761175803392017
5,19.10.2016,5,2016,True,har_x,0.0121863494218961,0.018371385795174278
5,20.10.2016,5,2016,True,har_x,0.0118331193902346,0.016607187622419774
5,21.10.2016,5,2016,True,har_x,0.010737156211865,0.016570113407436568
5,24.10.2016,5,2016,True,har_x,0.0139673806645771,0.016215315421598746
5,25.10.2016,5,2016,True,har_x,0.0151596263782026,0.01616249988735746
5,26.10.2016,5,2016,True,har_x,0.0178665848970242,0.01684520931036704
5,27.10.2016,5,2016,True,har_x,0.0130579059427838,0.017693821104411724
5,28.10.2016,5,2016,True,har_x,0.0130207595449392,0.01723685062188523
5,31.10.2016,5,2016,True,har_x,0.0165425415076643,0.018457875081026004
5,01.11.2016,5,2016,True,har_x,0.0161504444720868,0.020650272148418285
5,02.11.2016,5,2016,True,har_x,0.0120985288888198,0.019586264717976667
5,03.11.2016,5,2016,True,har_x,0.0121605296121625,0.020413868497054094
5,04.11.2016,5,2016,True,har_x,0.0171816060967912,0.020347350970056126
5,07.11.2016,5,2016,True,har_x,0.0321770397632077,0.021619461816073174
5,08.11.2016,5,2016,True,har_x,0.0324390603628761,0.021835540545739694
5,09.11.2016,5,2016,True,har_x,0.0324079336439146,0.02123832047462321
5,10.11.2016,5,2016,True,har_x,0.0317860139777216,0.020168649252799785
5,14.11.2016,5,2016,True,har_x,0.0280184663282444,0.02089323344214878
5,15.11.2016,5,2016,True,har_x,0.0196619483229848,0.025394395085123672
5,16.11.2016,5,2016,True,har_x,0.0190288853295149,0.02585910200396776
5,17.11.2016,5,2016,True,har_x,0.0279465916215297,0.02526384021230513
5,18.11.2016,5,2016,True,har_x,0.0290807152903126,0.023579625377635957
5,21.11.2016,5,2016,True,har_x,0.0260843470134392,0.02320581561117232
5,22.11.2016,5,2016,True,har_x,0.0506368090667362,0.023908243710672072
5,23.11.2016,5,2016,True,har_x,0.0505143039998032,0.023891613610223725
5,25.11.2016,5,2016,True,har_x,0.0522035906432718,0.02433751379357014
5,28.11.2016,5,2016,True,har_x,0.0529195576614353,0.028192916287433728
5,29.11.2016,5,2016,True,har_x,0.046993692573425,0.02745214513090061
5,30.11.2016,5,2016,True,har_x,0.0389387335488529,0.029445854653958204
5,01.12.2016,5,2016,True,har_x,0.038586574111263,0.024592231362693263
5,02.12.2016,5,2016,True,har_x,0.0163261508913489,0.020840930263292576
5,05.12.2016,5,2016,True,har_x,0.0197788871745955,0.01996089310200968
5,06.12.2016,5,2016,True,har_x,0.0161583112024288,0.01946321231164155
5,07.12.2016,5,2016,True,har_x,0.0223669383995497,0.01985279758304206
5,08.12.2016,5,2016,True,har_x,0.0211204235557757,0.01947762541362668
5,09.12.2016,5,2016,True,har_x,0.0231434943895285,0.018904586805459162
5,12.12.2016,5,2016,True,har_x,0.0198230248709879,0.019317657304590095
5,13.12.2016,5,2016,True,har_x,0.0203852711871399,0.01681628350321294
5,14.12.2016,5,2016,True,har_x,0.0142276359637094,0.016834471493387296
5,15.12.2016,5,2016,True,har_x,0.0147553781353746,0.018756440043537263
5,16.12.2016,5,2016,True,har_x,0.0108542713596657,0.017943191187402324
5,19.12.2016,5,2016,True,har_x,0.012593221632381,0.0158518735502106
5,20.12.2016,5,2016,True,har_x,0.0124410322110157,0.015663777771280713
5,21.12.2016,5,2016,True,har_x,0.0074566773902331,0.014568882479213861
5,22.12.2016,5,2016,True,har_x,0.0073391291982956,0.015449642399637501
5,23.12.2016,5,2016,True,har_x,0.0102540559082689,0.01637895036649646
5,27.12.2016,5,2016,True,har_x,0.0106256162198168,0.015880293282897032
5,28.12.2016,5,2016,True,har_x,0.0110044996573347,0.015951011544714188
5,29.12.2016,5,2016,True,har_x,0.0107994917886183,0.01535883909712781
5,30.12.2016,5,2016,True,har_x,0.0219043664313131,0.014708026888309625
22,04.01.2016,5,2016,True,har,0.0453887710115541,0.024903557296508217
22,05.01.2016,5,2016,True,har,0.0452469256209915,0.023141819484972542
22,06.01.2016,5,2016,True,har,0.0439267020447098,0.02369756532334135
22,07.01.2016,5,2016,True,har,0.047027335064697,0.025667601167228476
22,08.01.2016,5,2016,True,har,0.0472563771477525,0.024160234745309365
22,11.01.2016,5,2016,True,har,0.0457691063406767,0.023622680133928153
22,12.01.2016,5,2016,True,har,0.0507948263300371,0.027283267015924918
22,13.01.2016,5,2016,True,har,0.0513015372915975,0.02529798544487567
22,14.01.2016,5,2016,True,har,0.0531018403971242,0.02492325423454202
22,15.01.2016,5,2016,True,har,0.0531441684431293,0.025852957398917485
22,19.01.2016,5,2016,True,har,0.051015964497703,0.024853876813183656
22,20.01.2016,5,2016,True,har,0.0511050336746343,0.02998887327227395
22,21.01.2016,5,2016,True,har,0.051505470374825,0.028820278610922623
22,22.01.2016,5,2016,True,har,0.0479484992697544,0.031902862877516425
22,25.01.2016,5,2016,True,har,0.0464347009123579,0.03948349290362849
22,26.01.2016,5,2016,True,har,0.0458210128911029,0.03856775216785075
22,27.01.2016,5,2016,True,har,0.0453629887255363,0.03867384750358964
22,28.01.2016,5,2016,True,har,0.0451516346334207,0.038974511605032985
22,29.01.2016,5,2016,True,har,0.0451962891976754,0.038228939827116636
22,01.02.2016,5,2016,True,har,0.0451867891268727,0.03760357611210302
22,02.02.2016,5,2016,True,har,0.043789898247054,0.035719277502724626
22,03.02.2016,5,2016,True,har,0.0428949555142668,0.03955567505290629
22,04.02.2016,5,2016,True,har,0.0433189621601335,0.04219546574742263
22,05.02.2016,5,2016,True,har,0.0435406156306964,0.03922963643441624
22,08.02.2016,5,2016,True,har,0.0431079016934331,0.03899462825530858
22,09.02.2016,5,2016,True,har,0.0381450495923135,0.0402865832237119
22,10.02.2016,5,2016,True,har,0.038832324066771,0.04303853329962768
22,11.02.2016,5,2016,True,har,0.0386031905378517,0.040297297701493866
22,12.02.2016,5,2016,True,har,0.0333460645567372,0.04067805088772394
22,16.02.2016,5,2016,True,har,0.0320725398098674,0.04819035441645857
22,17.02.2016,5,2016,True,har,0.0295636237813683,0.046622151711456734
22,18.02.2016,5,2016,True,har,0.0293867934081814,0.04641969616269564
22,19.02.2016,5,2016,True,har,0.0275119225396993,0.044044014043701084
22,22.02.2016,5,2016,True,har,0.0275246850811408,0.045297281808291574
22,23.02.2016,5,2016,True,har,0.02536561752837,0.04275048406794111
22,24.02.2016,5,2016,True,har,0.0248821487355791,0.04209143977606021
22,25.02.2016,5,2016,True,har,0.0256447417288952,0.04124901526896245
22,26.02.2016,5,2016,True,har,0.0255492502418524,0.040703232945099935
22,29.02.2016,5,2016,True,har,0.0251973119081397,0.03968776113380531
22,01.03.2016,5,2016,True,har,0.0251844624006521,0.040063271804009266
22,02.03.2016,5,2016,True,har,0.027276171263274,0.038755642425439434
22,03.03.2016,5,2016,True,har,0.0272818648074297,0.038131913626572075
22,04.03.2016,5,2016,True,har,0.0278510847509935,0.035651068755393894
22,07.03.2016,5,2016,True,har,0.0253881290543044,0.037479594669748977
22,08.03.2016,5,2016,True,har,0.0279306629643323,0.0387466742351548
22,09.03.2016,5,2016,True,har,0.0272978841194591,0.03820645954078186
22,10.03.2016,5,2016,True,har,0.0279090105110974,0.0347312860208503
22,11.03.2016,5,2016,True,har,0.0281137220670677,0.03537825403488696
22,14.03.2016,5,2016,True,har,0.0276658067756603,0.03400986811825361
22,15.03.2016,5,2016,True,har,0.0275382009817567,0.03022078596951851
22,16.03.2016,5,2016,True,har,0.0264298437175687,0.029452288227166022
22,17.03.2016,5,2016,True,har,0.0262588268105411,0.028533245562226597
22,18.03.2016,5,2016,True,har,0.0272647296572766,0.02833959157993987
22,21.03.2016,5,2016,True,har,0.028135358276229,0.026479744910130935
22,22.03.2016,5,2016,True,har,0.028207550100883,0.025290304745575296
22,23.03.2016,5,2016,True,har,0.0273744175481648,0.023063525104139327
22,24.03.2016,5,2016,True,har,0.0278025369946568,0.024868803650453793
22,28.03.2016,5,2016,True,har,0.0282211618236802,0.023462309396118614
22,29.03.2016,5,2016,True,har,0.0271798718988655,0.02354572623971065
22,30.03.2016,5,2016,True,har,0.0272251164636021,0.02490502542019762
22,31.03.2016,5,2016,True,har,0.0273066551837635,0.02408137645837037
22,01.04.2016,5,2016,True,har,0.0284152855096827,0.02381232666495587
22,04.04.2016,5,2016,True,har,0.0280046186404341,0.02360360470092263
22,05.04.2016,5,2016,True,har,0.027997732771857,0.02620156215325446
22,06.04.2016,5,2016,True,har,0.026314237852019,0.02248526786619135
22,07.04.2016,5,2016,True,har,0.027830911153934,0.02584897472849017
22,08.04.2016,5,2016,True,har,0.0262009591985189,0.02371596915343032
22,11.04.2016,5,2016,True,har,0.0274034126326359,0.027944734049842827
22,12.04.2016,5,2016,True,har,0.0261198737561876,0.026263664797747485
22,13.04.2016,5,2016,True,har,0.0259846344940405,0.027354848744155228
22,14.04.2016,5,2016,True,har,0.0261899303641428,0.026298250763367576
22,15.04.2016,5,2016,True,har,0.0257225898715583,0.025456994186874516
22,18.04.2016,5,2016,True,har,0.0257817204886533,0.025282297501202484
22,19.04.2016,5,2016,True,har,0.0254496631686366,0.024795689036552257
22,20.04.2016,5,2016,True,har,0.0242610970102033,0.02550768131535758
22,21.04.2016,5,2016,True,har,0.0233948284683647,0.027069603901672713
22,22.04.2016,5,2016,True,har,0.0233085536466108,0.026721747508666006
22,25.04.2016,5,2016,True,har,0.0233251526518134,0.026183063604219278
22,26.04.2016,5,2016,True,har,0.0228088552618494,0.026465275357795776
22,27.04.2016,5,2016,True,har,0.0220406036544729,0.026411874330346523
22,28.04.2016,5,2016,True,har,0.0217074208756056,0.026733392740434993
22,29.04.2016,5,2016,True,har,0.0217056045590747,0.026147999417038992
22,02.05.2016,5,2016,True,har,0.0217272557787058,0.02561206717944839
22,03.05.2016,5,2016,True,har,0.0207881178657302,0.022870842500784385
22,04.05.2016,5,2016,True,har,0.0178436564477524,0.025156270756278624
22,05.05.2016,5,2016,True,har,0.0180111745114008,0.02667009120601469
22,06.05.2016,5,2016,True,har,0.0182735594411297,0.02519985285629298
22,09.05.2016,5,2016,True,har,0.0157121529135249,0.02292869371921775
22,10.05.2016,5,2016,True,har,0.0154771224682701,0.02498687980070094
22,11.05.2016,5,2016,True,har,0.0127283524457268,0.0255203724038788
22,12.05.2016,5,2016,True,har,0.0129000249532985,0.026602069229094166
22,13.05.2016,5,2016,True,har,0.0134578862700495,0.02546223312924704
22,16.05.2016,5,2016,True,har,0.0147719227205359,0.025091597167938864
22,17.05.2016,5,2016,True,har,0.0173122817413331,0.025244592239809693
22,18.05.2016,5,2016,True,har,0.0183467170766574,0.024356814428924633
22,19.05.2016,5,2016,True,har,0.0183315438020092,0.023332479419949946
22,20.05.2016,5,2016,True,har,0.0186515897539958,0.022453090541817756
22,23.05.2016,5,2016,True,har,0.0189853785087129,0.02238527651763602
22,24.05.2016,5,2016,True,har,0.0220348377422997,0.022152516958288924
22,25.05.2016,5,2016,True,har,0.0220651716962918,0.02160622245773177
22,26.05.2016,5,2016,True,har,0.0230991221887511,0.022107559616169878
22,27.05.2016,5,2016,True,har,0.0247270369587548,0.021251263595637473
22,31.05.2016,5,2016,True,har,0.0250317656569273,0.021381597964667334
22,01.06.2016,5,2016,True,har,0.0250411508728276,0.021418198057466857
22,02.06.2016,5,2016,True,har,0.0262961980413961,0.02041541620012074
22,03.06.2016,5,2016,True,har,0.0265715938884086,0.017943675365091817
22,06.06.2016,5,2016,True,har,0.0282168378743224,0.018205798006106017
22,07.06.2016,5,2016,True,har,0.0279413328229895,0.018788287596759927
22,08.06.2016,5,2016,True,har,0.0274057832865144,0.01666088258112276
22,09.06.2016,5,2016,True,har,0.0295761109679581,0.015468226065982995
22,10.06.2016,5,2016,True,har,0.0305917633710592,0.013453202381345026
22,13.06.2016,5,2016,True,har,0.0311583854988638,0.01561755026102973
22,14.06.2016,5,2016,True,har,0.0311526896401325,0.014797341940310495
22,15.06.2016,5,2016,True,har,0.0310765124322959,0.01441177942170185
22,16.06.2016,5,2016,True,har,0.0300989987331698,0.014691645791006602
22,17.06.2016,5,2016,True,har,0.0287693531916514,0.01712203118009052
22,20.06.2016,5,2016,True,har,0.028138654690032,0.0198269346963627
22,21.06.2016,5,2016,True,har,0.0281640306925337,0.02044414959451039
22,22.06.2016,5,2016,True,har,0.0283148060321684,0.01944268978979453
22,23.06.2016,5,2016,True,har,0.0278146966186039,0.02011251575507869
22,24.06.2016,5,2016,True,har,0.0266498648268279,0.01981125974318021
22,27.06.2016,5,2016,True,har,0.0263922331535399,0.023348482733477678
22,28.06.2016,5,2016,True,har,0.0252641010837267,0.0228803674266485
22,29.06.2016,5,2016,True,har,0.0230392261283405,0.023961407452350737
22,30.06.2016,5,2016,True,har,0.0229807507134388,0.02580952745170654
22,01.07.2016,5,2016,True,har,0.0243137065853095,0.025326625796896988
22,05.07.2016,5,2016,True,har,0.0242498313184268,0.024435931394641272
22,06.07.2016,5,2016,True,har,0.0238092807942745,0.026373427556146353
22,07.07.2016,5,2016,True,har,0.0222484727560442,0.025639705706990118
22,08.07.2016,5,2016,True,har,0.0222229390687008,0.027546870605780895
22,11.07.2016,5,2016,True,har,0.0225174788726048,0.02642131367383044
22,12.07.2016,5,2016,True,har,0.0222429794305969,0.026162075196576744
22,13.07.2016,5,2016,True,har,0.0203791994992687,0.029137873285559085
22,14.07.2016,5,2016,True,har,0.0206896691311734,0.030419832529366427
22,15.07.2016,5,2016,True,har,0.0209957732371139,0.02979336092900084
22,18.07.2016,5,2016,True,har,0.0208323225384256,0.028461628106269683
22,19.07.2016,5,2016,True,har,0.0210654168146588,0.027767389816721253
22,20.07.2016,5,2016,True,har,0.0210242426914509,0.02647408743698613
22,21.07.2016,5,2016,True,har,0.0219507806297226,0.02628430434126316
22,22.07.2016,5,2016,True,har,0.0218962882233384,0.02663157241870818
22,25.07.2016,5,2016,True,har,0.0217347953004754,0.025911987918972687
22,26.07.2016,5,2016,True,har,0.0218062180736554,0.025082993576168774
22,27.07.2016,5,2016,True,har,0.0202433013916556,0.024244202207446875
22,28.07.2016,5,2016,True,har,0.0200059598964576,0.024804090048361937
22,29.07.2016,5,2016,True,har,0.0205427574023666,0.022757298128981727
22,01.08.2016,5,2016,True,har,0.0217476909402626,0.022331085784507557
22,02.08.2016,5,2016,True,har,0.0213106415879437,0.022140297794069043
22,03.08.2016,5,2016,True,har,0.0206376103371129,0.021802356021188466
22,04.08.2016,5,2016,True,har,0.0200089657545066,0.023211366882082626
22,05.08.2016,5,2016,True,har,0.0201577604788578,0.022233387727362143
22,08.08.2016,5,2016,True,har,0.0212287149762159,0.021298364722338196
22,09.08.2016,5,2016,True,har,0.0231405024383836,0.022592321082514768
22,10.08.2016,5,2016,True,har,0.0225242218369939,0.019972116765116572
22,11.08.2016,5,2016,True,har,0.021515564754658,0.018920387809310345
22,12.08.2016,5,2016,True,har,0.0218674984098136,0.021283312661829777
22,15.08.2016,5,2016,True,har,0.0211837174412497,0.020911386370312656
22,16.08.2016,5,2016,True,har,0.0209703093526827,0.02175540315587494
22,17.08.2016,5,2016,True,har,0.0207402764641838,0.021462099577995275
22,18.08.2016,5,2016,True,har,0.0200270925098661,0.020844581622276242
22,19.08.2016,5,2016,True,har,0.0207229484685656,0.02055586439644019
22,22.08.2016,5,2016,True,har,0.0200064423404284,0.019917980907963834
22,23.08.2016,5,2016,True,har,0.0210184542478326,0.02218261646898056
22,24.08.2016,5,2016,True,har,0.0220302255441665,0.02171141384933054
22,25.08.2016,5,2016,True,har,0.0225654362218376,0.021113758373188726
22,26.08.2016,5,2016,True,har,0.0260188133683462,0.020343508324750677
22,29.08.2016,5,2016,True,har,0.0259980497819852,0.01996933743389975
22,30.08.2016,5,2016,True,har,0.0256957873493749,0.020317038975280633
22,31.08.2016,5,2016,True,har,0.0248946831895742,0.020543658388193383
22,01.09.2016,5,2016,True,har,0.0258892266271529,0.021396535940687862
22,02.09.2016,5,2016,True,har,0.0260299199074918,0.01993751595739544
22,06.09.2016,5,2016,True,har,0.0260668041246962,0.020020875043121188
22,07.09.2016,5,2016,True,har,0.0261713076298587,0.01988610761050072
22,08.09.2016,5,2016,True,har,0.0248491276368442,0.020160609677548905
22,09.09.2016,5,2016,True,har,0.0232011962519832,0.021598879570930853
22,12.09.2016,5,2016,True,har,0.0231925096909594,0.022406588254706518
22,13.09.2016,5,2016,True,har,0.022314068016317,0.021076399077561633
22,14.09.2016,5,2016,True,har,0.0214037815452338,0.021631361485213045
22,15.09.2016,5,2016,True,har,0.0212727116958157,0.02184328074490618
22,16.09.2016,5,2016,True,har,0.0208626711313067,0.021261000359755654
22,19.09.2016,5,2016,True,har,0.0218968368794904,0.020741903690677625
22,20.09.2016,5,2016,True,har,0.0218529464681309,0.020349157369822637
22,21.09.2016,5,2016,True,har,0.0217213453829197,0.01937338265052779
22,22.09.2016,5,2016,True,har,0.0218190638397913,0.020052979579137306
22,23.09.2016,5,2016,True,har,0.0203462074212698,0.020088703262631787
22,26.09.2016,5,2016,True,har,0.0194615938831769,0.021909043083394107
22,27.09.2016,5,2016,True,har,0.0185372320424719,0.022824605671983658
22,28.09.2016,5,2016,True,har,0.0154532330481106,0.023434453038952585
22,29.09.2016,5,2016,True,har,0.0152380883512721,0.02703328602845444
22,30.09.2016,5,2016,True,har,0.0165284526713345,0.025069830838551833
22,03.10.2016,5,2016,True,har,0.0166200510173935,0.024573054470774076
22,04.10.2016,5,2016,True,har,0.0145244776883602,0.02439825005561537
22,05.10.2016,5,2016,True,har,0.0140452402811097,0.025924861971382197
22,06.10.2016,5,2016,True,har,0.0134974125609571,0.025095662078603195
22,07.10.2016,5,2016,True,har,0.0137168331545374,0.02393676790501903
22,11.10.2016,5,2016,True,har,0.0133870062264495,0.02271417183265107
22,12.10.2016,5,2016,True,har,0.0143908701486802,0.022636755168948357
22,13.10.2016,5,2016,True,har,0.0194791927232645,0.022090264635691248
22,14.10.2016,5,2016,True,har,0.0194713981910215,0.020890821981308275
22,17.10.2016,5,2016,True,har,0.0194601209215271,0.02068236317724937
22,18.10.2016,5,2016,True,har,0.0195787352061631,0.02056416584716678
22,19.10.2016,5,2016,True,har,0.0214816287450911,0.020341142541698377
22,20.10.2016,5,2016,True,har,0.0209928232293824,0.02103745691824766
22,21.10.2016,5,2016,True,har,0.0208794013996186,0.022058735818663276
22,24.10.2016,5,2016,True,har,0.0220299726114404,0.021432388711732073
22,25.10.2016,5,2016,True,har,0.0225419579890417,0.019905413914740742
22,26.10.2016,5,2016,True,har,0.0237297865089338,0.01977857517032771
22,27.10.2016,5,2016,True,har,0.0301788761082167,0.018973923931264566
22,28.10.2016,5,2016,True,har,0.0299886339715769,0.015477971535639387
22,31.10.2016,5,2016,True,har,0.033261200964617,0.015812103062882256
22,01.11.2016,5,2016,True,har,0.0332501860736743,0.017345972965126546
22,02.11.2016,5,2016,True,har,0.0327011256665089,0.016528415950080068
22,03.11.2016,5,2016,True,har,0.0328923186204133,0.016812679149275814
22,04.11.2016,5,2016,True,har,0.0325567709127804,0.015299378646840398
22,07.11.2016,5,2016,True,har,0.0325393918749284,0.01514188208411043
22,08.11.2016,5,2016,True,har,0.0326635488698531,0.015607332661328908
22,09.11.2016,5,2016,True,har,0.0327079570154689,0.014983926801878884
22,10.11.2016,5,2016,True,har,0.0336553627289369,0.015145533879145155
22,14.11.2016,5,2016,True,har,0.0325660762093095,0.015180507626884176
22,15.11.2016,5,2016,True,har,0.0310492610989465,0.016719040329301486
22,16.11.2016,5,2016,True,har,0.0310167938970936,0.02205133560597458
22,17.11.2016,5,2016,True,har,0.0309289521482866,0.02052191760208918
22,18.11.2016,5,2016,True,har,0.0313542140145673,0.019840134524065932
22,21.11.2016,5,2016,True,har,0.0303424997533701,0.01977660477277993
22,22.11.2016,5,2016,True,har,0.0303506572303556,0.02252004047859252
22,23.11.2016,5,2016,True,har,0.0303790244199785,0.02104288185922533
22,25.11.2016,5,2016,True,har,0.0289396358647869,0.020883682521676637
22,28.11.2016,5,2016,True,har,0.028852641330092,0.0229962091297521
22,29.11.2016,5,2016,True,har,0.0270155334894129,0.022917311376352768
22,30.11.2016,5,2016,True,har,0.0213515268091141,0.02427942024576513
22,01.12.2016,5,2016,True,har,0.0215123206451553,0.03102119095272773
22,02.12.2016,5,2016,True,har,0.0145464896950601,0.02842766870462343
22,05.12.2016,5,2016,True,har,0.0144736272488128,0.03304914312238786
22,06.12.2016,5,2016,True,har,0.0163210807517228,0.030805040227957953
22,07.12.2016,5,2016,True,har,0.0167244977850561,0.03091851715737902
22,08.12.2016,5,2016,True,har,0.0173230810840808,0.030891410835819727
22,09.12.2016,5,2016,True,har,0.0175720629517593,0.03084891589021296
22,12.12.2016,5,2016,True,har,0.0169246651301603,0.029687544362445067
22,13.12.2016,5,2016,True,har,0.0169243396663158,0.030253413318923242
22,14.12.2016,5,2016,True,har,0.0164987794217601,0.02844223963557343
22,15.12.2016,5,2016,True,har,0.0165196630359819,0.02950730814933121
22,16.12.2016,5,2016,True,har,0.016681601715058,0.02840616945291503
22,19.12.2016,5,2016,True,har,0.0166730994685328,0.02912964995979731
22,20.12.2016,5,2016,True,har,0.0166085663839101,0.028593339392914613
22,21.12.2016,5,2016,True,har,0.0162813069821972,0.027955709943743787
22,22.12.2016,5,2016,True,har,0.0167189617017083,0.02824741703240543
22,23.12.2016,5,2016,True,har,0.0169746321616414,0.02807061318331841
22,27.12.2016,5,2016,True,har,0.0166044424386522,0.026577232935660926
22,28.12.2016,5,2016,True,har,0.0167093243576307,0.027041431420870017
22,29.12.2016,5,2016,True,har,0.0167079873084891,0.0251502038872554
22,30.12.2016,5,2016,True,har,0.0170716376847419,0.020568523978391335
22,04.01.2016,5,2016,True,har_ovx,0.0453887710115541,0.025276628877903214
22,05.01.2016,5,2016,True,har_ovx,0.0452469256209915,0.02660604119754786
22,06.01.2016,5,2016,True,har_ovx,0.0439267020447098,0.026810158830994704
22,07.01.2016,5,2016,True,har_ovx,0.047027335064697,0.028705691612708913
22,08.01.2016,5,2016,True,har_ovx,0.0472563771477525,0.030240618785101966
22,11.01.2016,5,2016,True,har_ovx,0.0457691063406767,0.03023151022708724
22,12.01.2016,5,2016,True,har_ovx,0.0507948263300371,0.03475968042726723
22,13.01.2016,5,2016,True,har_ovx,0.0513015372915975,0.03543233135592004
22,14.01.2016,5,2016,True,har_ovx,0.0531018403971242,0.033010601113081406
22,15.01.2016,5,2016,True,har_ovx,0.0531441684431293,0.0313350154947772
22,19.01.2016,5,2016,True,har_ovx,0.051015964497703,0.03344453643873284
22,20.01.2016,5,2016,True,har_ovx,0.0511050336746343,0.03563900339515235
22,21.01.2016,5,2016,True,har_ovx,0.051505470374825,0.03726582865001382
22,22.01.2016,5,2016,True,har_ovx,0.0479484992697544,0.03648730412619242
22,25.01.2016,5,2016,True,har_ovx,0.0464347009123579,0.03551335124845593
22,26.01.2016,5,2016,True,har_ovx,0.0458210128911029,0.03707513330424049
22,27.01.2016,5,2016,True,har_ovx,0.0453629887255363,0.037358745374866165
22,28.01.2016,5,2016,True,har_ovx,0.0451516346334207,0.0374151060325059
22,29.01.2016,5,2016,True,har_ovx,0.0451962891976754,0.03740694739152809
22,01.02.2016,5,2016,True,har_ovx,0.0451867891268727,0.03542941206234867
22,02.02.2016,5,2016,True,har_ovx,0.043789898247054,0.03802553096771741
22,03.02.2016,5,2016,True,har_ovx,0.0428949555142668,0.039543044147209085
22,04.02.2016,5,2016,True,har_ovx,0.0433189621601335,0.03940355903548052
22,05.02.2016,5,2016,True,har_ovx,0.0435406156306964,0.038106413227685036
22,08.02.2016,5,2016,True,har_ovx,0.0431079016934331,0.038011163011958914
22,09.02.2016,5,2016,True,har_ovx,0.0381450495923135,0.03922410992013895
22,10.02.2016,5,2016,True,har_ovx,0.038832324066771,0.041880062866727394
22,11.02.2016,5,2016,True,har_ovx,0.0386031905378517,0.04158788995268617
22,12.02.2016,5,2016,True,har_ovx,0.0333460645567372,0.04452601807635083
22,16.02.2016,5,2016,True,har_ovx,0.0320725398098674,0.04608571714767819
22,17.02.2016,5,2016,True,har_ovx,0.0295636237813683,0.04148464865793336
22,18.02.2016,5,2016,True,har_ovx,0.0293867934081814,0.04074872155716707
22,19.02.2016,5,2016,True,har_ovx,0.0275119225396993,0.038910294083202665
22,22.02.2016,5,2016,True,har_ovx,0.0275246850811408,0.03655492022456394
22,23.02.2016,5,2016,True,har_ovx,0.02536561752837,0.036733347980443025
22,24.02.2016,5,2016,True,har_ovx,0.0248821487355791,0.03771648835673797
22,25.02.2016,5,2016,True,har_ovx,0.0256447417288952,0.03830928001107358
22,26.02.2016,5,2016,True,har_ovx,0.0255492502418524,0.03688962341276038
22,29.02.2016,5,2016,True,har_ovx,0.0251973119081397,0.034737539005131914
22,01.03.2016,5,2016,True,har_ovx,0.0251844624006521,0.035045889028071694
22,02.03.2016,5,2016,True,har_ovx,0.027276171263274,0.03331810524170535
22,03.03.2016,5,2016,True,har_ovx,0.0272818648074297,0.031541883039466645
22,04.03.2016,5,2016,True,har_ovx,0.0278510847509935,0.03059175874607754
22,07.03.2016,5,2016,True,har_ovx,0.0253881290543044,0.030680429852707785
22,08.03.2016,5,2016,True,har_ovx,0.0279306629643323,0.03130480501798054
22,09.03.2016,5,2016,True,har_ovx,0.0272978841194591,0.03152867046022698
22,10.03.2016,5,2016,True,har_ovx,0.0279090105110974,0.02972830891212339
22,11.03.2016,5,2016,True,har_ovx,0.0281137220670677,0.029782822437881232
22,14.03.2016,5,2016,True,har_ovx,0.0276658067756603,0.028611805492450938
22,15.03.2016,5,2016,True,har_ovx,0.0275382009817567,0.02819382631172238
22,16.03.2016,5,2016,True,har_ovx,0.0264298437175687,0.027460069874798997
22,17.03.2016,5,2016,True,har_ovx,0.0262588268105411,0.02470287302461568
22,18.03.2016,5,2016,True,har_ovx,0.0272647296572766,0.025802449102370176
22,21.03.2016,5,2016,True,har_ovx,0.028135358276229,0.024692716519575504
22,22.03.2016,5,2016,True,har_ovx,0.028207550100883,0.024633972770791844
22,23.03.2016,5,2016,True,har_ovx,0.0273744175481648,0.023857310440162642
22,24.03.2016,5,2016,True,har_ovx,0.0278025369946568,0.024474662959006337
22,28.03.2016,5,2016,True,har_ovx,0.0282211618236802,0.02441657233610416
22,29.03.2016,5,2016,True,har_ovx,0.0271798718988655,0.02499486917579135
22,30.03.2016,5,2016,True,har_ovx,0.0272251164636021,0.025679224201009477
22,31.03.2016,5,2016,True,har_ovx,0.0273066551837635,0.0252858019412997
22,01.04.2016,5,2016,True,har_ovx,0.0284152855096827,0.025069215867411537
22,04.04.2016,5,2016,True,har_ovx,0.0280046186404341,0.025977603574212613
22,05.04.2016,5,2016,True,har_ovx,0.027997732771857,0.028102399501632198
22,06.04.2016,5,2016,True,har_ovx,0.026314237852019,0.026848251358943597
22,07.04.2016,5,2016,True,har_ovx,0.027830911153934,0.025281164068778058
22,08.04.2016,5,2016,True,har_ovx,0.0262009591985189,0.024877346036662588
22,11.04.2016,5,2016,True,har_ovx,0.0274034126326359,0.02614364985618834
22,12.04.2016,5,2016,True,har_ovx,0.0261198737561876,0.026857527161367002
22,13.04.2016,5,2016,True,har_ovx,0.0259846344940405,0.027061366640488704
22,14.04.2016,5,2016,True,har_ovx,0.0261899303641428,0.026635919928745495
22,15.04.2016,5,2016,True,har_ovx,0.0257225898715583,0.025196941415544547
22,18.04.2016,5,2016,True,har_ovx,0.0257817204886533,0.027969967269997283
22,19.04.2016,5,2016,True,har_ovx,0.0254496631686366,0.025281500723180066
22,20.04.2016,5,2016,True,har_ovx,0.0242610970102033,0.024338693239657306
22,21.04.2016,5,2016,True,har_ovx,0.0233948284683647,0.024371738763154065
22,22.04.2016,5,2016,True,har_ovx,0.0233085536466108,0.02419886396071286
22,25.04.2016,5,2016,True,har_ovx,0.0233251526518134,0.02312182764527443
22,26.04.2016,5,2016,True,har_ovx,0.0228088552618494,0.024350799284499243
22,27.04.2016,5,2016,True,har_ovx,0.0220406036544729,0.02401891126440067
22,28.04.2016,5,2016,True,har_ovx,0.0217074208756056,0.024208996954738708
22,29.04.2016,5,2016,True,har_ovx,0.0217056045590747,0.023807289935146886
22,02.05.2016,5,2016,True,har_ovx,0.0217272557787058,0.023406918752802444
22,03.05.2016,5,2016,True,har_ovx,0.0207881178657302,0.024441109087273902
22,04.05.2016,5,2016,True,har_ovx,0.0178436564477524,0.025142354994642638
22,05.05.2016,5,2016,True,har_ovx,0.0180111745114008,0.024874381978412498
22,06.05.2016,5,2016,True,har_ovx,0.0182735594411297,0.024522260401510912
22,09.05.2016,5,2016,True,har_ovx,0.0157121529135249,0.02284852823284939
22,10.05.2016,5,2016,True,har_ovx,0.0154771224682701,0.024219729180580803
22,11.05.2016,5,2016,True,har_ovx,0.0127283524457268,0.023091227598539748
22,12.05.2016,5,2016,True,har_ovx,0.0129000249532985,0.023217703940506103
22,13.05.2016,5,2016,True,har_ovx,0.0134578862700495,0.022561216843033124
22,16.05.2016,5,2016,True,har_ovx,0.0147719227205359,0.022486985174299708
22,17.05.2016,5,2016,True,har_ovx,0.0173122817413331,0.023166705131320225
22,18.05.2016,5,2016,True,har_ovx,0.0183467170766574,0.023356194487455875
22,19.05.2016,5,2016,True,har_ovx,0.0183315438020092,0.023400772290313135
22,20.05.2016,5,2016,True,har_ovx,0.0186515897539958,0.022973217455546563
22,23.05.2016,5,2016,True,har_ovx,0.0189853785087129,0.021780365381389756
22,24.05.2016,5,2016,True,har_ovx,0.0220348377422997,0.021530000668330673
22,25.05.2016,5,2016,True,har_ovx,0.0220651716962918,0.020676613665331044
22,26.05.2016,5,2016,True,har_ovx,0.0230991221887511,0.019596312041601612
22,27.05.2016,5,2016,True,har_ovx,0.0247270369587548,0.019672349239038746
22,31.05.2016,5,2016,True,har_ovx,0.0250317656569273,0.019382346514049555
22,01.06.2016,5,2016,True,har_ovx,0.0250411508728276,0.020553153141827932
22,02.06.2016,5,2016,True,har_ovx,0.0262961980413961,0.02136317350377337
22,03.06.2016,5,2016,True,har_ovx,0.0265715938884086,0.019315223445501087
22,06.06.2016,5,2016,True,har_ovx,0.0282168378743224,0.018364095225858794
22,07.06.2016,5,2016,True,har_ovx,0.0279413328229895,0.01888310274407505
22,08.06.2016,5,2016,True,har_ovx,0.0274057832865144,0.01879219975803916
22,09.06.2016,5,2016,True,har_ovx,0.0295761109679581,0.018047747448668657
22,10.06.2016,5,2016,True,har_ovx,0.0305917633710592,0.017961098979627273
22,13.06.2016,5,2016,True,har_ovx,0.0311583854988638,0.020439017660848276
22,14.06.2016,5,2016,True,har_ovx,0.0311526896401325,0.021682850928795527
22,15.06.2016,5,2016,True,har_ovx,0.0310765124322959,0.021899318206837944
22,16.06.2016,5,2016,True,har_ovx,0.0300989987331698,0.021914474899282117
22,17.06.2016,5,2016,True,har_ovx,0.0287693531916514,0.02335335582031039
22,20.06.2016,5,2016,True,har_ovx,0.028138654690032,0.02180816259190524
22,21.06.2016,5,2016,True,har_ovx,0.0281640306925337,0.020500958260649297
22,22.06.2016,5,2016,True,har_ovx,0.0283148060321684,0.02092295129864075
22,23.06.2016,5,2016,True,har_ovx,0.0278146966186039,0.022657082736840018
22,24.06.2016,5,2016,True,har_ovx,0.0266498648268279,0.021168433563357642
22,27.06.2016,5,2016,True,har_ovx,0.0263922331535399,0.02344851339828268
22,28.06.2016,5,2016,True,har_ovx,0.0252641010837267,0.023095942501761994
22,29.06.2016,5,2016,True,har_ovx,0.0230392261283405,0.021727483988906816
22,30.06.2016,5,2016,True,har_ovx,0.0229807507134388,0.020957260901636143
22,01.07.2016,5,2016,True,har_ovx,0.0243137065853095,0.020658999298296052
22,05.07.2016,5,2016,True,har_ovx,0.0242498313184268,0.01962117795967432
22,06.07.2016,5,2016,True,har_ovx,0.0238092807942745,0.022136174596876734
22,07.07.2016,5,2016,True,har_ovx,0.0222484727560442,0.022664256432242486
22,08.07.2016,5,2016,True,har_ovx,0.0222229390687008,0.024191852480803543
22,11.07.2016,5,2016,True,har_ovx,0.0225174788726048,0.022747810564041782
22,12.07.2016,5,2016,True,har_ovx,0.0222429794305969,0.023333710813279812
22,13.07.2016,5,2016,True,har_ovx,0.0203791994992687,0.022360888936292466
22,14.07.2016,5,2016,True,har_ovx,0.0206896691311734,0.02430738571872566
22,15.07.2016,5,2016,True,har_ovx,0.0209957732371139,0.021630181590494645
22,18.07.2016,5,2016,True,har_ovx,0.0208323225384256,0.02043059686381606
22,19.07.2016,5,2016,True,har_ovx,0.0210654168146588,0.021146983525653276
22,20.07.2016,5,2016,True,har_ovx,0.0210242426914509,0.020601354024622553
22,21.07.2016,5,2016,True,har_ovx,0.0219507806297226,0.020753727909760256
22,22.07.2016,5,2016,True,har_ovx,0.0218962882233384,0.021494361628320278
22,25.07.2016,5,2016,True,har_ovx,0.0217347953004754,0.021730237558867063
22,26.07.2016,5,2016,True,har_ovx,0.0218062180736554,0.022745590693561704
22,27.07.2016,5,2016,True,har_ovx,0.0202433013916556,0.022636626356758633
22,28.07.2016,5,2016,True,har_ovx,0.0200059598964576,0.023089295736182285
22,29.07.2016,5,2016,True,har_ovx,0.0205427574023666,0.02338059553559476
22,01.08.2016,5,2016,True,har_ovx,0.0217476909402626,0.022240424871515008
22,02.08.2016,5,2016,True,har_ovx,0.0213106415879437,0.02383819321985862
22,03.08.2016,5,2016,True,har_ovx,0.0206376103371129,0.024701772773095064
22,04.08.2016,5,2016,True,har_ovx,0.0200089657545066,0.024292531218633628
22,05.08.2016,5,2016,True,har_ovx,0.0201577604788578,0.023263484940453313
22,08.08.2016,5,2016,True,har_ovx,0.0212287149762159,0.022123441721266412
22,09.08.2016,5,2016,True,har_ovx,0.0231405024383836,0.022272608865338123
22,10.08.2016,5,2016,True,har_ovx,0.0225242218369939,0.021055958092658943
22,11.08.2016,5,2016,True,har_ovx,0.021515564754658,0.020637827857386066
22,12.08.2016,5,2016,True,har_ovx,0.0218674984098136,0.021028866209599255
22,15.08.2016,5,2016,True,har_ovx,0.0211837174412497,0.020030608490469004
22,16.08.2016,5,2016,True,har_ovx,0.0209703093526827,0.019943175044604057
22,17.08.2016,5,2016,True,har_ovx,0.0207402764641838,0.019990349134897705
22,18.08.2016,5,2016,True,har_ovx,0.0200270925098661,0.018878744770058003
22,19.08.2016,5,2016,True,har_ovx,0.0207229484685656,0.019888245853775362
22,22.08.2016,5,2016,True,har_ovx,0.0200064423404284,0.018562468517080606
22,23.08.2016,5,2016,True,har_ovx,0.0210184542478326,0.019681079484794452
22,24.08.2016,5,2016,True,har_ovx,0.0220302255441665,0.020106445398357525
22,25.08.2016,5,2016,True,har_ovx,0.0225654362218376,0.01995841846543682
22,26.08.2016,5,2016,True,har_ovx,0.0260188133683462,0.019465614926025693
22,29.08.2016,5,2016,True,har_ovx,0.0259980497819852,0.01897381358195911
22,30.08.2016,5,2016,True,har_ovx,0.0256957873493749,0.019576381198393424
22,31.08.2016,5,2016,True,har_ovx,0.0248946831895742,0.02036552366125339
22,01.09.2016,5,2016,True,har_ovx,0.0258892266271529,0.021291462019127568
22,02.09.2016,5,2016,True,har_ovx,0.0260299199074918,0.021885533373798997
22,06.09.2016,5,2016,True,har_ovx,0.0260668041246962,0.020602072826335933
22,07.09.2016,5,2016,True,har_ovx,0.0261713076298587,0.021165272224107592
22,08.09.2016,5,2016,True,har_ovx,0.0248491276368442,0.020552895545690973
22,09.09.2016,5,2016,True,har_ovx,0.0232011962519832,0.020683196670701762
22,12.09.2016,5,2016,True,har_ovx,0.0231925096909594,0.021350541342562705
22,13.09.2016,5,2016,True,har_ovx,0.022314068016317,0.02065229506529042
22,14.09.2016,5,2016,True,har_ovx,0.0214037815452338,0.021814043141692042
22,15.09.2016,5,2016,True,har_ovx,0.0212727116958157,0.022580070194929674
22,16.09.2016,5,2016,True,har_ovx,0.0208626711313067,0.02178499440703986
22,19.09.2016,5,2016,True,har_ovx,0.0218968368794904,0.021253278911844913
22,20.09.2016,5,2016,True,har_ovx,0.0218529464681309,0.021016482701430066
22,21.09.2016,5,2016,True,har_ovx,0.0217213453829197,0.021591165877509446
22,22.09.2016,5,2016,True,har_ovx,0.0218190638397913,0.02124568669491394
22,23.09.2016,5,2016,True,har_ovx,0.0203462074212698,0.02214552486307644
22,26.09.2016,5,2016,True,har_ovx,0.0194615938831769,0.023624637237109107
22,27.09.2016,5,2016,True,har_ovx,0.0185372320424719,0.024195919496005566
22,28.09.2016,5,2016,True,har_ovx,0.0154532330481106,0.023645038594516686
22,29.09.2016,5,2016,True,har_ovx,0.0152380883512721,0.024928637835182912
22,30.09.2016,5,2016,True,har_ovx,0.0165284526713345,0.02265196221036127
22,03.10.2016,5,2016,True,har_ovx,0.0166200510173935,0.02122635831245316
22,04.10.2016,5,2016,True,har_ovx,0.0145244776883602,0.020534929295478534
22,05.10.2016,5,2016,True,har_ovx,0.0140452402811097,0.02091615822105095
22,06.10.2016,5,2016,True,har_ovx,0.0134974125609571,0.02037958274010851
22,07.10.2016,5,2016,True,har_ovx,0.0137168331545374,0.019757516543140712
22,11.10.2016,5,2016,True,har_ovx,0.0133870062264495,0.019856032258389722
22,12.10.2016,5,2016,True,har_ovx,0.0143908701486802,0.02064123883712212
22,13.10.2016,5,2016,True,har_ovx,0.0194791927232645,0.021139540522414596
22,14.10.2016,5,2016,True,har_ovx,0.0194713981910215,0.01998548012542764
22,17.10.2016,5,2016,True,har_ovx,0.0194601209215271,0.019093267803213902
22,18.10.2016,5,2016,True,har_ovx,0.0195787352061631,0.018766546242977876
22,19.10.2016,5,2016,True,har_ovx,0.0214816287450911,0.01953194655781401
22,20.10.2016,5,2016,True,har_ovx,0.0209928232293824,0.01771936592536685
22,21.10.2016,5,2016,True,har_ovx,0.0208794013996186,0.01766174359916295
22,24.10.2016,5,2016,True,har_ovx,0.0220299726114404,0.01746452904126031
22,25.10.2016,5,2016,True,har_ovx,0.0225419579890417,0.017351271933916723
22,26.10.2016,5,2016,True,har_ovx,0.0237297865089338,0.017957509765763727
22,27.10.2016,5,2016,True,har_ovx,0.0301788761082167,0.018728838777959594
22,28.10.2016,5,2016,True,har_ovx,0.0299886339715769,0.018360238062646878
22,31.10.2016,5,2016,True,har_ovx,0.033261200964617,0.019483652460960697
22,01.11.2016,5,2016,True,har_ovx,0.0332501860736743,0.021449861545458724
22,02.11.2016,5,2016,True,har_ovx,0.0327011256665089,0.02066339279252335
22,03.11.2016,5,2016,True,har_ovx,0.0328923186204133,0.021229348835024187
22,04.11.2016,5,2016,True,har_ovx,0.0325567709127804,0.021309629368283286
22,07.11.2016,5,2016,True,har_ovx,0.0325393918749284,0.022487735861884614
22,08.11.2016,5,2016,True,har_ovx,0.0326635488698531,0.022735624283088264
22,09.11.2016,5,2016,True,har_ovx,0.0327079570154689,0.02224346452075645
22,10.11.2016,5,2016,True,har_ovx,0.0336553627289369,0.02115563597332937
22,14.11.2016,5,2016,True,har_ovx,0.0325660762093095,0.021817943435918252
22,15.11.2016,5,2016,True,har_ovx,0.0310492610989465,0.026193387613711944
22,16.11.2016,5,2016,True,har_ovx,0.0310167938970936,0.02649351571961339
22,17.11.2016,5,2016,True,har_ovx,0.0309289521482866,0.02631942596044628
22,18.11.2016,5,2016,True,har_ovx,0.0313542140145673,0.0247339672900057
22,21.11.2016,5,2016,True,har_ovx,0.0303424997533701,0.024332016604711536
22,22.11.2016,5,2016,True,har_ovx,0.0303506572303556,0.024616462938347367
22,23.11.2016,5,2016,True,har_ovx,0.0303790244199785,0.024871633036319712
22,25.11.2016,5,2016,True,har_ovx,0.0289396358647869,0.02530650667299311
22,28.11.2016,5,2016,True,har_ovx,0.028852641330092,0.028791836380907564
22,29.11.2016,5,2016,True,har_ovx,0.0270155334894129,0.028194327707160016
22,30.11.2016,5,2016,True,har_ovx,0.0213515268091141,0.02994073199382052
22,01.12.2016,5,2016,True,har_ovx,0.0215123206451553,0.024994929917681433
22,02.12.2016,5,2016,True,har_ovx,0.0145464896950601,0.022077724682491362
22,05.12.2016,5,2016,True,har_ovx,0.0144736272488128,0.020600484726260502
22,06.12.2016,5,2016,True,har_ovx,0.0163210807517228,0.02063391746446982
22,07.12.2016,5,2016,True,har_ovx,0.0167244977850561,0.020898466881633056
22,08.12.2016,5,2016,True,har_ovx,0.0173230810840808,0.020504675716970663
22,09.12.2016,5,2016,True,har_ovx,0.0175720629517593,0.019957734021213404
22,12.12.2016,5,2016,True,har_ovx,0.0169246651301603,0.0203139077866199
22,13.12.2016,5,2016,True,har_ovx,0.0169243396663158,0.017804107175899225
22,14.12.2016,5,2016,True,har_ovx,0.0164987794217601,0.018008016673091248
22,15.12.2016,5,2016,True,har_ovx,0.0165196630359819,0.019621008438931272
22,16.12.2016,5,2016,True,har_ovx,0.016681601715058,0.01908748230095758
22,19.12.2016,5,2016,True,har_ovx,0.0166730994685328,0.01692460943648216
22,20.12.2016,5,2016,True,har_ovx,0.0166085663839101,0.01684626868917898
22,21.12.2016,5,2016,True,har_ovx,0.0162813069821972,0.015779588469284272
22,22.12.2016,5,2016,True,har_ovx,0.0167189617017083,0.01652531101076607
22,23.12.2016,5,2016,True,har_ovx,0.0169746321616414,0.017466855432919454
22,27.12.2016,5,2016,True,har_ovx,0.0166044424386522,0.01704649595341501
22,28.12.2016,5,2016,True,har_ovx,0.0167093243576307,0.017218604617016093
22,29.12.2016,5,2016,True,har_ovx,0.0167079873084891,0.016775602157674326
22,30.12.2016,5,2016,True,har_ovx,0.0170716376847419,0.016159549478440262
22,04.01.2016,5,2016,True,har_gpr,0.0453887710115541,0.02395851763325859
22,05.01.2016,5,2016,True,har_gpr,0.0452469256209915,0.02266043683064141
22,06.01.2016,5,2016,True,har_gpr,0.0439267020447098,0.023212350386958305
22,07.01.2016,5,2016,True,har_gpr,0.047027335064697,0.025205003034844096
22,08.01.2016,5,2016,True,har_gpr,0.0472563771477525,0.02367860838238927
22,11.01.2016,5,2016,True,har_gpr,0.0457691063406767,0.0231141495106595
22,12.01.2016,5,2016,True,har_gpr,0.0507948263300371,0.026563963492896706
22,13.01.2016,5,2016,True,har_gpr,0.0513015372915975,0.0245707310649302
22,14.01.2016,5,2016,True,har_gpr,0.0531018403971242,0.024176350449481222
22,15.01.2016,5,2016,True,har_gpr,0.0531441684431293,0.025138590616449675
22,19.01.2016,5,2016,True,har_gpr,0.051015964497703,0.024136328893848688
22,20.01.2016,5,2016,True,har_gpr,0.0511050336746343,0.030652051523985698
22,21.01.2016,5,2016,True,har_gpr,0.051505470374825,0.029470888709422282
22,22.01.2016,5,2016,True,har_gpr,0.0479484992697544,0.03258805124454367
22,25.01.2016,5,2016,True,har_gpr,0.0464347009123579,0.040222820993524866
22,26.01.2016,5,2016,True,har_gpr,0.0458210128911029,0.03746853995467386
22,27.01.2016,5,2016,True,har_gpr,0.0453629887255363,0.03752628308470058
22,28.01.2016,5,2016,True,har_gpr,0.0451516346334207,0.03779777566087246
22,29.01.2016,5,2016,True,har_gpr,0.0451962891976754,0.03704681010132066
22,01.02.2016,5,2016,True,har_gpr,0.0451867891268727,0.036370312572614714
22,02.02.2016,5,2016,True,har_gpr,0.043789898247054,0.03414210895874168
22,03.02.2016,5,2016,True,har_gpr,0.0428949555142668,0.03806721761009448
22,04.02.2016,5,2016,True,har_gpr,0.0433189621601335,0.040727242420896315
22,05.02.2016,5,2016,True,har_gpr,0.0435406156306964,0.03775618557157756
22,08.02.2016,5,2016,True,har_gpr,0.0431079016934331,0.03751495217784404
22,09.02.2016,5,2016,True,har_gpr,0.0381450495923135,0.03861110969778043
22,10.02.2016,5,2016,True,har_gpr,0.038832324066771,0.041393937014564466
22,11.02.2016,5,2016,True,har_gpr,0.0386031905378517,0.03856857002459036
22,12.02.2016,5,2016,True,har_gpr,0.0333460645567372,0.03895005598175721
22,16.02.2016,5,2016,True,har_gpr,0.0320725398098674,0.046589767174690135
22,17.02.2016,5,2016,True,har_gpr,0.0295636237813683,0.0481076158443315
22,18.02.2016,5,2016,True,har_gpr,0.0293867934081814,0.04788506499880103
22,19.02.2016,5,2016,True,har_gpr,0.0275119225396993,0.04549932160533655
22,22.02.2016,5,2016,True,har_gpr,0.0275246850811408,0.04676996908064945
22,23.02.2016,5,2016,True,har_gpr,0.02536561752837,0.044376378566999025
22,24.02.2016,5,2016,True,har_gpr,0.0248821487355791,0.043722244717965424
22,25.02.2016,5,2016,True,har_gpr,0.0256447417288952,0.042844078355909775
22,26.02.2016,5,2016,True,har_gpr,0.0255492502418524,0.042302155857457974
22,29.02.2016,5,2016,True,har_gpr,0.0251973119081397,0.04125871847379202
22,01.03.2016,5,2016,True,har_gpr,0.0251844624006521,0.041148155466200965
22,02.03.2016,5,2016,True,har_gpr,0.027276171263274,0.039782861626681466
22,03.03.2016,5,2016,True,har_gpr,0.0272818648074297,0.03916809841561147
22,04.03.2016,5,2016,True,har_gpr,0.0278510847509935,0.03668614584762
22,07.03.2016,5,2016,True,har_gpr,0.0253881290543044,0.03853592028883164
22,08.03.2016,5,2016,True,har_gpr,0.0279306629643323,0.037698507178806503
22,09.03.2016,5,2016,True,har_gpr,0.0272978841194591,0.037187105924549366
22,10.03.2016,5,2016,True,har_gpr,0.0279090105110974,0.03373498406719912
22,11.03.2016,5,2016,True,har_gpr,0.0281137220670677,0.03439591462141851
22,14.03.2016,5,2016,True,har_gpr,0.0276658067756603,0.03301450284171007
22,15.03.2016,5,2016,True,har_gpr,0.0275382009817567,0.03205103981780798
22,16.03.2016,5,2016,True,har_gpr,0.0264298437175687,0.03127942428740846
22,17.03.2016,5,2016,True,har_gpr,0.0262588268105411,0.030381785347711448
22,18.03.2016,5,2016,True,har_gpr,0.0272647296572766,0.030184939292928103
22,21.03.2016,5,2016,True,har_gpr,0.028135358276229,0.028327991373802562
22,22.03.2016,5,2016,True,har_gpr,0.028207550100883,0.025076312961440354
22,23.03.2016,5,2016,True,har_gpr,0.0273744175481648,0.02283792309792128
22,24.03.2016,5,2016,True,har_gpr,0.0278025369946568,0.024658537097807756
22,28.03.2016,5,2016,True,har_gpr,0.0282211618236802,0.023219991251739645
22,29.03.2016,5,2016,True,har_gpr,0.0271798718988655,0.0247929525385295
22,30.03.2016,5,2016,True,har_gpr,0.0272251164636021,0.026160329874891204
22,31.03.2016,5,2016,True,har_gpr,0.0273066551837635,0.025326492273261687
22,01.04.2016,5,2016,True,har_gpr,0.0284152855096827,0.025052961989924197
22,04.04.2016,5,2016,True,har_gpr,0.0280046186404341,0.02484273635956758
22,05.04.2016,5,2016,True,har_gpr,0.027997732771857,0.02586632513772771
22,06.04.2016,5,2016,True,har_gpr,0.026314237852019,0.022145590623792153
22,07.04.2016,5,2016,True,har_gpr,0.027830911153934,0.025555979921254704
22,08.04.2016,5,2016,True,har_gpr,0.0262009591985189,0.023416424072940922
22,11.04.2016,5,2016,True,har_gpr,0.0274034126326359,0.02768397467661643
22,12.04.2016,5,2016,True,har_gpr,0.0261198737561876,0.027074108912568163
22,13.04.2016,5,2016,True,har_gpr,0.0259846344940405,0.028162507506658208
22,14.04.2016,5,2016,True,har_gpr,0.0261899303641428,0.02711143140005738
22,15.04.2016,5,2016,True,har_gpr,0.0257225898715583,0.026270433991351597
22,18.04.2016,5,2016,True,har_gpr,0.0257817204886533,0.026077029825295982
22,19.04.2016,5,2016,True,har_gpr,0.0254496631686366,0.02533556078626916
22,20.04.2016,5,2016,True,har_gpr,0.0242610970102033,0.026025742277023214
22,21.04.2016,5,2016,True,har_gpr,0.0233948284683647,0.027614181806277387
22,22.04.2016,5,2016,True,har_gpr,0.0233085536466108,0.027280075273263753
22,25.04.2016,5,2016,True,har_gpr,0.0233251526518134,0.02672867878634308
22,26.04.2016,5,2016,True,har_gpr,0.0228088552618494,0.02717512938707287
22,27.04.2016,5,2016,True,har_gpr,0.0220406036544729,0.0271297959183102
22,28.04.2016,5,2016,True,har_gpr,0.0217074208756056,0.02744262237841286
22,29.04.2016,5,2016,True,har_gpr,0.0217056045590747,0.026824305253378672
22,02.05.2016,5,2016,True,har_gpr,0.0217272557787058,0.026287332780667475
22,03.05.2016,5,2016,True,har_gpr,0.0207881178657302,0.02211982667173752
22,04.05.2016,5,2016,True,har_gpr,0.0178436564477524,0.024435475120668092
22,05.05.2016,5,2016,True,har_gpr,0.0180111745114008,0.025963218161281335
22,06.05.2016,5,2016,True,har_gpr,0.0182735594411297,0.024471343184293674
22,09.05.2016,5,2016,True,har_gpr,0.0157121529135249,0.022216957952000276
22,10.05.2016,5,2016,True,har_gpr,0.0154771224682701,0.024991871740102402
22,11.05.2016,5,2016,True,har_gpr,0.0127283524457268,0.0255657541568112
22,12.05.2016,5,2016,True,har_gpr,0.0129000249532985,0.026631159138447474
22,13.05.2016,5,2016,True,har_gpr,0.0134578862700495,0.025481185120471005
22,16.05.2016,5,2016,True,har_gpr,0.0147719227205359,0.025114099724829544
22,17.05.2016,5,2016,True,har_gpr,0.0173122817413331,0.025131169937306897
22,18.05.2016,5,2016,True,har_gpr,0.0183467170766574,0.024231709031574265
22,19.05.2016,5,2016,True,har_gpr,0.0183315438020092,0.023187582571698537
22,20.05.2016,5,2016,True,har_gpr,0.0186515897539958,0.022311037994680087
22,23.05.2016,5,2016,True,har_gpr,0.0189853785087129,0.022241495019640612
22,24.05.2016,5,2016,True,har_gpr,0.0220348377422997,0.023162108570952463
22,25.05.2016,5,2016,True,har_gpr,0.0220651716962918,0.022616173038740143
22,26.05.2016,5,2016,True,har_gpr,0.0230991221887511,0.023148719113976274
22,27.05.2016,5,2016,True,har_gpr,0.0247270369587548,0.02228796125028946
22,31.05.2016,5,2016,True,har_gpr,0.0250317656569273,0.022420569056966187
22,01.06.2016,5,2016,True,har_gpr,0.0250411508728276,0.02069215191512355
22,02.06.2016,5,2016,True,har_gpr,0.0262961980413961,0.019692175736740123
22,03.06.2016,5,2016,True,har_gpr,0.0265715938884086,0.017214161104194773
22,06.06.2016,5,2016,True,har_gpr,0.0282168378743224,0.017480285141027865
22,07.06.2016,5,2016,True,har_gpr,0.0279413328229895,0.018876727047109007
22,08.06.2016,5,2016,True,har_gpr,0.0274057832865144,0.01676595364550438
22,09.06.2016,5,2016,True,har_gpr,0.0295761109679581,0.015583481660552774
22,10.06.2016,5,2016,True,har_gpr,0.0305917633710592,0.01358802451961092
22,13.06.2016,5,2016,True,har_gpr,0.0311583854988638,0.015772419084874346
22,14.06.2016,5,2016,True,har_gpr,0.0311526896401325,0.016486889154838938
22,15.06.2016,5,2016,True,har_gpr,0.0310765124322959,0.01609622311777757
22,16.06.2016,5,2016,True,har_gpr,0.0300989987331698,0.01634546498415518
22,17.06.2016,5,2016,True,har_gpr,0.0287693531916514,0.01878881000424198
22,20.06.2016,5,2016,True,har_gpr,0.028138654690032,0.02154141104346284
22,21.06.2016,5,2016,True,har_gpr,0.0281640306925337,0.02023888908394908
22,22.06.2016,5,2016,True,har_gpr,0.0283148060321684,0.01922707632158056
22,23.06.2016,5,2016,True,har_gpr,0.0278146966186039,0.019898368355473647
22,24.06.2016,5,2016,True,har_gpr,0.0266498648268279,0.019565532135886767
22,27.06.2016,5,2016,True,har_gpr,0.0263922331535399,0.023132656971055637
22,28.06.2016,5,2016,True,har_gpr,0.0252641010837267,0.02235093527442208
22,29.06.2016,5,2016,True,har_gpr,0.0230392261283405,0.023453042599298427
22,30.06.2016,5,2016,True,har_gpr,0.0229807507134388,0.02532005587352351
22,01.07.2016,5,2016,True,har_gpr,0.0243137065853095,0.02482752518422068
22,05.07.2016,5,2016,True,har_gpr,0.0242498313184268,0.023898087897635666
22,06.07.2016,5,2016,True,har_gpr,0.0238092807942745,0.027419599670627688
22,07.07.2016,5,2016,True,har_gpr,0.0222484727560442,0.026672086783586645
22,08.07.2016,5,2016,True,har_gpr,0.0222229390687008,0.028574218968643775
22,11.07.2016,5,2016,True,har_gpr,0.0225174788726048,0.027442952055428238
22,12.07.2016,5,2016,True,har_gpr,0.0222429794305969,0.025912155761030745
22,13.07.2016,5,2016,True,har_gpr,0.0203791994992687,0.028915782357715074
22,14.07.2016,5,2016,True,har_gpr,0.0206896691311734,0.030207680873739
22,15.07.2016,5,2016,True,har_gpr,0.0209957732371139,0.029555025483610955
22,18.07.2016,5,2016,True,har_gpr,0.0208323225384256,0.028221425508408678
22,19.07.2016,5,2016,True,har_gpr,0.0210654168146588,0.02808720856728749
22,20.07.2016,5,2016,True,har_gpr,0.0210242426914509,0.026759935254901418
22,21.07.2016,5,2016,True,har_gpr,0.0219507806297226,0.02652966277586054
22,22.07.2016,5,2016,True,har_gpr,0.0218962882233384,0.026873461971174108
22,25.07.2016,5,2016,True,har_gpr,0.0217347953004754,0.026148684677085917
22,26.07.2016,5,2016,True,har_gpr,0.0218062180736554,0.02583743132360238
22,27.07.2016,5,2016,True,har_gpr,0.0202433013916556,0.024999579159923756
22,28.07.2016,5,2016,True,har_gpr,0.0200059598964576,0.025564654716046426
22,29.07.2016,5,2016,True,har_gpr,0.0205427574023666,0.023521379751838736
22,01.08.2016,5,2016,True,har_gpr,0.0217476909402626,0.023094439379240588
22,02.08.2016,5,2016,True,har_gpr,0.0213106415879437,0.023493484727820705
22,03.08.2016,5,2016,True,har_gpr,0.0206376103371129,0.02315574462624888
22,04.08.2016,5,2016,True,har_gpr,0.0200089657545066,0.024592477579168045
22,05.08.2016,5,2016,True,har_gpr,0.0201577604788578,0.023622056437313643
22,08.08.2016,5,2016,True,har_gpr,0.0212287149762159,0.022676899551286673
22,09.08.2016,5,2016,True,har_gpr,0.0231405024383836,0.02294290305120426
22,10.08.2016,5,2016,True,har_gpr,0.0225242218369939,0.020320567905100336
22,11.08.2016,5,2016,True,har_gpr,0.021515564754658,0.019291362542668472
22,12.08.2016,5,2016,True,har_gpr,0.0218674984098136,0.021673033958645564
22,15.08.2016,5,2016,True,har_gpr,0.0211837174412497,0.02129192719992432
22,16.08.2016,5,2016,True,har_gpr,0.0209703093526827,0.022426667000129165
22,17.08.2016,5,2016,True,har_gpr,0.0207402764641838,0.022118813821198367
22,18.08.2016,5,2016,True,har_gpr,0.0200270925098661,0.021457008446576366
22,19.08.2016,5,2016,True,har_gpr,0.0207229484685656,0.0211487693755411
22,22.08.2016,5,2016,True,har_gpr,0.0200064423404284,0.020523560155597236
22,23.08.2016,5,2016,True,har_gpr,0.0210184542478326,0.022911719083502473
22,24.08.2016,5,2016,True,har_gpr,0.0220302255441665,0.022433453872187724
22,25.08.2016,5,2016,True,har_gpr,0.0225654362218376,0.0218435365174283
22,26.08.2016,5,2016,True,har_gpr,0.0260188133683462,0.021067401357392077
22,29.08.2016,5,2016,True,har_gpr,0.0259980497819852,0.020693270009576575
22,30.08.2016,5,2016,True,har_gpr,0.0256957873493749,0.021630056417987018
22,31.08.2016,5,2016,True,har_gpr,0.0248946831895742,0.0218533711475251
22,01.09.2016,5,2016,True,har_gpr,0.0258892266271529,0.022715488599129186
22,02.09.2016,5,2016,True,har_gpr,0.0260299199074918,0.021238771818345374
22,06.09.2016,5,2016,True,har_gpr,0.0260668041246962,0.02131467349018335
22,07.09.2016,5,2016,True,har_gpr,0.0261713076298587,0.019890648320865022
22,08.09.2016,5,2016,True,har_gpr,0.0248491276368442,0.020173410902256893
22,09.09.2016,5,2016,True,har_gpr,0.0232011962519832,0.02162115230070668
22,12.09.2016,5,2016,True,har_gpr,0.0231925096909594,0.022470421342495474
22,13.09.2016,5,2016,True,har_gpr,0.022314068016317,0.02101328533850384
22,14.09.2016,5,2016,True,har_gpr,0.0214037815452338,0.02158596877852085
22,15.09.2016,5,2016,True,har_gpr,0.0212727116958157,0.021798645297104385
22,16.09.2016,5,2016,True,har_gpr,0.0208626711313067,0.02118057311602186
22,19.09.2016,5,2016,True,har_gpr,0.0218968368794904,0.020647767887903314
22,20.09.2016,5,2016,True,har_gpr,0.0218529464681309,0.02210613671967626
22,21.09.2016,5,2016,True,har_gpr,0.0217213453829197,0.021126789226741688
22,22.09.2016,5,2016,True,har_gpr,0.0218190638397913,0.021804002124130896
22,23.09.2016,5,2016,True,har_gpr,0.0203462074212698,0.0218391453952531
22,26.09.2016,5,2016,True,har_gpr,0.0194615938831769,0.023689190168385853
22,27.09.2016,5,2016,True,har_gpr,0.0185372320424719,0.022784624531514718
22,28.09.2016,5,2016,True,har_gpr,0.0154532330481106,0.023407709302710862
22,29.09.2016,5,2016,True,har_gpr,0.0152380883512721,0.027035095436652563
22,30.09.2016,5,2016,True,har_gpr,0.0165284526713345,0.02505953438378429
22,03.10.2016,5,2016,True,har_gpr,0.0166200510173935,0.024534706660675764
22,04.10.2016,5,2016,True,har_gpr,0.0145244776883602,0.024223984497117643
22,05.10.2016,5,2016,True,har_gpr,0.0140452402811097,0.025735116006144178
22,06.10.2016,5,2016,True,har_gpr,0.0134974125609571,0.024863865854079417
22,07.10.2016,5,2016,True,har_gpr,0.0137168331545374,0.023707752871034243
22,11.10.2016,5,2016,True,har_gpr,0.0133870062264495,0.022499200148620717
22,12.10.2016,5,2016,True,har_gpr,0.0143908701486802,0.023480897904764084
22,13.10.2016,5,2016,True,har_gpr,0.0194791927232645,0.02292785023731794
22,14.10.2016,5,2016,True,har_gpr,0.0194713981910215,0.021720382423573856
22,17.10.2016,5,2016,True,har_gpr,0.0194601209215271,0.021503641299437656
22,18.10.2016,5,2016,True,har_gpr,0.0195787352061631,0.020134089991789766
22,19.10.2016,5,2016,True,har_gpr,0.0214816287450911,0.01990353335058352
22,20.10.2016,5,2016,True,har_gpr,0.0209928232293824,0.02061552798030448
22,21.10.2016,5,2016,True,har_gpr,0.0208794013996186,0.021657000340872635
22,24.10.2016,5,2016,True,har_gpr,0.0220299726114404,0.021028633101466247
22,25.10.2016,5,2016,True,har_gpr,0.0225419579890417,0.0204165132391549
22,26.10.2016,5,2016,True,har_gpr,0.0237297865089338,0.02029639853610861
22,27.10.2016,5,2016,True,har_gpr,0.0301788761082167,0.01947798470469582
22,28.10.2016,5,2016,True,har_gpr,0.0299886339715769,0.01599579841898951
22,31.10.2016,5,2016,True,har_gpr,0.033261200964617,0.016326486625241568
22,01.11.2016,5,2016,True,har_gpr,0.0332501860736743,0.01849248319220996
22,02.11.2016,5,2016,True,har_gpr,0.0327011256665089,0.01767081345067352
22,03.11.2016,5,2016,True,har_gpr,0.0328923186204133,0.017977859501141873
22,04.11.2016,5,2016,True,har_gpr,0.0325567709127804,0.01644477887104395
22,07.11.2016,5,2016,True,har_gpr,0.0325393918749284,0.01629061284852127
22,08.11.2016,5,2016,True,har_gpr,0.0326635488698531,0.01574481402367444
22,09.11.2016,5,2016,True,har_gpr,0.0327079570154689,0.01511851675255451
22,10.11.2016,5,2016,True,har_gpr,0.0336553627289369,0.015265831802111104
22,14.11.2016,5,2016,True,har_gpr,0.0325660762093095,0.015302857612344924
22,15.11.2016,5,2016,True,har_gpr,0.0310492610989465,0.016208724268674608
22,16.11.2016,5,2016,True,har_gpr,0.0310167938970936,0.021582008841456446
22,17.11.2016,5,2016,True,har_gpr,0.0309289521482866,0.02003933598876788
22,18.11.2016,5,2016,True,har_gpr,0.0313542140145673,0.019359191408092814
22,21.11.2016,5,2016,True,har_gpr,0.0303424997533701,0.019295858177768355
22,22.11.2016,5,2016,True,har_gpr,0.0303506572303556,0.02221986019088231
22,23.11.2016,5,2016,True,har_gpr,0.0303790244199785,0.020700800521987712
22,25.11.2016,5,2016,True,har_gpr,0.0289396358647869,0.020539525611407265
22,28.11.2016,5,2016,True,har_gpr,0.028852641330092,0.02269006726279285
22,29.11.2016,5,2016,True,har_gpr,0.0270155334894129,0.023158869802626665
22,30.11.2016,5,2016,True,har_gpr,0.0213515268091141,0.02451088518996984
22,01.12.2016,5,2016,True,har_gpr,0.0215123206451553,0.03133277489331586
22,02.12.2016,5,2016,True,har_gpr,0.0145464896950601,0.028713521569436223
22,05.12.2016,5,2016,True,har_gpr,0.0144736272488128,0.03335251634947125
22,06.12.2016,5,2016,True,har_gpr,0.0163210807517228,0.03189083631615876
22,07.12.2016,5,2016,True,har_gpr,0.0167244977850561,0.03198548306379279
22,08.12.2016,5,2016,True,har_gpr,0.0173230810840808,0.031927094217246293
22,09.12.2016,5,2016,True,har_gpr,0.0175720629517593,0.03188312779475462
22,12.12.2016,5,2016,True,har_gpr,0.0169246651301603,0.030638468351912557
22,13.12.2016,5,2016,True,har_gpr,0.0169243396663158,0.03067882443211465
22,14.12.2016,5,2016,True,har_gpr,0.0164987794217601,0.028852019363871925
22,15.12.2016,5,2016,True,har_gpr,0.0165196630359819,0.02995037670332218
22,16.12.2016,5,2016,True,har_gpr,0.016681601715058,0.028835936929283455
22,19.12.2016,5,2016,True,har_gpr,0.0166730994685328,0.029572411402464235
22,20.12.2016,5,2016,True,har_gpr,0.0166085663839101,0.029422315894400634
22,21.12.2016,5,2016,True,har_gpr,0.0162813069821972,0.028791288952096677
22,22.12.2016,5,2016,True,har_gpr,0.0167189617017083,0.029061731553934173
22,23.12.2016,5,2016,True,har_gpr,0.0169746321616414,0.028885372870308748
22,27.12.2016,5,2016,True,har_gpr,0.0166044424386522,0.027380705850318654
22,28.12.2016,5,2016,True,har_gpr,0.0167093243576307,0.027569462696849973
22,29.12.2016,5,2016,True,har_gpr,0.0167079873084891,0.02568079868653728
22,30.12.2016,5,2016,True,har_gpr,0.0170716376847419,0.021103207151720375
22,04.01.2016,5,2016,True,har_x,0.0453887710115541,0.02468141586941871
22,05.01.2016,5,2016,True,har_x,0.0452469256209915,0.026186278013784054
22,06.01.2016,5,2016,True,har_x,0.0439267020447098,0.026398807134400234
22,07.01.2016,5,2016,True,har_x,0.047027335064697,0.028305840900356885
22,08.01.2016,5,2016,True,har_x,0.0472563771477525,0.029760954143754296
22,11.01.2016,5,2016,True,har_x,0.0457691063406767,0.02973084764320755
22,12.01.2016,5,2016,True,har_x,0.0507948263300371,0.03428433021671384
22,13.01.2016,5,2016,True,har_x,0.0513015372915975,0.03488981648848846
22,14.01.2016,5,2016,True,har_x,0.0531018403971242,0.03250947491591161
22,15.01.2016,5,2016,True,har_x,0.0531441684431293,0.03090483999871996
22,19.01.2016,5,2016,True,har_x,0.051015964497703,0.032939415786277085
22,20.01.2016,5,2016,True,har_x,0.0511050336746343,0.035735833720977966
22,21.01.2016,5,2016,True,har_x,0.051505470374825,0.0372908386521758
22,22.01.2016,5,2016,True,har_x,0.0479484992697544,0.03661438067284979
22,25.01.2016,5,2016,True,har_x,0.0464347009123579,0.035860653932445516
22,26.01.2016,5,2016,True,har_x,0.0458210128911029,0.03667695330110844
22,27.01.2016,5,2016,True,har_x,0.0453629887255363,0.03694126090801084
22,28.01.2016,5,2016,True,har_x,0.0451516346334207,0.036994550554341976
22,29.01.2016,5,2016,True,har_x,0.0451962891976754,0.036966410894938094
22,01.02.2016,5,2016,True,har_x,0.0451867891268727,0.035004924055608955
22,02.02.2016,5,2016,True,har_x,0.043789898247054,0.037184431355226935
22,03.02.2016,5,2016,True,har_x,0.0428949555142668,0.03878699024840743
22,04.02.2016,5,2016,True,har_x,0.0433189621601335,0.0387195660619349
22,05.02.2016,5,2016,True,har_x,0.0435406156306964,0.03737805971957975
22,08.02.2016,5,2016,True,har_x,0.0431079016934331,0.037277323526876634
22,09.02.2016,5,2016,True,har_x,0.0381450495923135,0.038384605466939954
22,10.02.2016,5,2016,True,har_x,0.038832324066771,0.04105558353669045
22,11.02.2016,5,2016,True,har_x,0.0386031905378517,0.040676580244848166
22,12.02.2016,5,2016,True,har_x,0.0333460645567372,0.04355605457445962
22,16.02.2016,5,2016,True,har_x,0.0320725398098674,0.04529925324122132
22,17.02.2016,5,2016,True,har_x,0.0295636237813683,0.04220709524325954
22,18.02.2016,5,2016,True,har_x,0.0293867934081814,0.04147955336920399
22,19.02.2016,5,2016,True,har_x,0.0275119225396993,0.03962111020061965
22,22.02.2016,5,2016,True,har_x,0.0275246850811408,0.03735715672206503
22,23.02.2016,5,2016,True,har_x,0.02536561752837,0.037548219458326634
22,24.02.2016,5,2016,True,har_x,0.0248821487355791,0.03849396295354479
22,25.02.2016,5,2016,True,har_x,0.0256447417288952,0.03904193314448182
22,26.02.2016,5,2016,True,har_x,0.0255492502418524,0.03764310101386997
22,29.02.2016,5,2016,True,har_x,0.0251973119081397,0.03550759936171727
22,01.03.2016,5,2016,True,har_x,0.0251844624006521,0.03576866038863398
22,02.03.2016,5,2016,True,har_x,0.027276171263274,0.03403155045998694
22,03.03.2016,5,2016,True,har_x,0.0272818648074297,0.03228626099305402
22,04.03.2016,5,2016,True,har_x,0.0278510847509935,0.03129811798646297
22,07.03.2016,5,2016,True,har_x,0.0253881290543044,0.031436557265915634
22,08.03.2016,5,2016,True,har_x,0.0279306629643323,0.031145746496567612
22,09.03.2016,5,2016,True,har_x,0.0272978841194591,0.03135886895163495
22,10.03.2016,5,2016,True,har_x,0.0279090105110974,0.02952583065088509
22,11.03.2016,5,2016,True,har_x,0.0281137220670677,0.029597876419719147
22,14.03.2016,5,2016,True,har_x,0.0276658067756603,0.028416973940035093
22,15.03.2016,5,2016,True,har_x,0.0275382009817567,0.028897507191975185
22,16.03.2016,5,2016,True,har_x,0.0264298437175687,0.028161716421392015
22,17.03.2016,5,2016,True,har_x,0.0262588268105411,0.025454665373889677
22,18.03.2016,5,2016,True,har_x,0.0272647296572766,0.026522493521590886
22,21.03.2016,5,2016,True,har_x,0.028135358276229,0.025394365648900796
22,22.03.2016,5,2016,True,har_x,0.028207550100883,0.02450333455064287
22,23.03.2016,5,2016,True,har_x,0.0273744175481648,0.023688709013570855
22,24.03.2016,5,2016,True,har_x,0.0278025369946568,0.024340378401774308
22,28.03.2016,5,2016,True,har_x,0.0282211618236802,0.02423902039783134
22,29.03.2016,5,2016,True,har_x,0.0271798718988655,0.025288763485369195
22,30.03.2016,5,2016,True,har_x,0.0272251164636021,0.02599309162238303
22,31.03.2016,5,2016,True,har_x,0.0273066551837635,0.025584835017431307
22,01.04.2016,5,2016,True,har_x,0.0284152855096827,0.02536595136418655
22,04.04.2016,5,2016,True,har_x,0.0280046186404341,0.026247406786783566
22,05.04.2016,5,2016,True,har_x,0.027997732771857,0.027858646226551084
22,06.04.2016,5,2016,True,har_x,0.026314237852019,0.0265420486144668
22,07.04.2016,5,2016,True,har_x,0.027830911153934,0.025107387611069454
22,08.04.2016,5,2016,True,har_x,0.0262009591985189,0.024658330892275294
22,11.04.2016,5,2016,True,har_x,0.0274034126326359,0.026009466777215245
22,12.04.2016,5,2016,True,har_x,0.0261198737561876,0.027193878677141983
22,13.04.2016,5,2016,True,har_x,0.0259846344940405,0.027419139592117767
22,14.04.2016,5,2016,True,har_x,0.0261899303641428,0.026978481395877562
22,15.04.2016,5,2016,True,har_x,0.0257225898715583,0.025553028153713568
22,18.04.2016,5,2016,True,har_x,0.0257817204886533,0.028252385572460046
22,19.04.2016,5,2016,True,har_x,0.0254496631686366,0.02565754946733234
22,20.04.2016,5,2016,True,har_x,0.0242610970102033,0.024748208176521527
22,21.04.2016,5,2016,True,har_x,0.0233948284683647,0.02482602692268323
22,22.04.2016,5,2016,True,har_x,0.0233085536466108,0.024652415233730157
22,25.04.2016,5,2016,True,har_x,0.0233251526518134,0.023583025313846033
22,26.04.2016,5,2016,True,har_x,0.0228088552618494,0.024762356905998387
22,27.04.2016,5,2016,True,har_x,0.0220406036544729,0.024440194402549114
22,28.04.2016,5,2016,True,har_x,0.0217074208756056,0.024631010027327822
22,29.04.2016,5,2016,True,har_x,0.0217056045590747,0.024214347863435293
22,02.05.2016,5,2016,True,har_x,0.0217272557787058,0.023809149781879313
22,03.05.2016,5,2016,True,har_x,0.0207881178657302,0.02407688086645567
22,04.05.2016,5,2016,True,har_x,0.0178436564477524,0.02482635912580579
22,05.05.2016,5,2016,True,har_x,0.0180111745114008,0.02460553426274507
22,06.05.2016,5,2016,True,har_x,0.0182735594411297,0.024218204362614525
22,09.05.2016,5,2016,True,har_x,0.0157121529135249,0.02253492666571289
22,10.05.2016,5,2016,True,har_x,0.0154771224682701,0.024226990354454338
22,11.05.2016,5,2016,True,har_x,0.0127283524457268,0.02314960120178711
22,12.05.2016,5,2016,True,har_x,0.0129000249532985,0.023293859258067907
22,13.05.2016,5,2016,True,har_x,0.0134578862700495,0.022620667042656663
22,16.05.2016,5,2016,True,har_x,0.0147719227205359,0.02254020688424577
22,17.05.2016,5,2016,True,har_x,0.0173122817413331,0.0232732356593543
22,18.05.2016,5,2016,True,har_x,0.0183467170766574,0.023432867608297683
22,19.05.2016,5,2016,True,har_x,0.0183315438020092,0.023446416705006256
22,20.05.2016,5,2016,True,har_x,0.0186515897539958,0.02300867483670671
22,23.05.2016,5,2016,True,har_x,0.0189853785087129,0.021841425427984253
22,24.05.2016,5,2016,True,har_x,0.0220348377422997,0.021897870228082036
22,25.05.2016,5,2016,True,har_x,0.0220651716962918,0.021051448160316948
22,26.05.2016,5,2016,True,har_x,0.0230991221887511,0.020018503046339908
22,27.05.2016,5,2016,True,har_x,0.0247270369587548,0.02007006079072014
22,31.05.2016,5,2016,True,har_x,0.0250317656569273,0.019790703187752834
22,01.06.2016,5,2016,True,har_x,0.0250411508728276,0.020317840491168526
22,02.06.2016,5,2016,True,har_x,0.0262961980413961,0.021085816672540295
22,03.06.2016,5,2016,True,har_x,0.0265715938884086,0.019025827264962034
22,06.06.2016,5,2016,True,har_x,0.0282168378743224,0.018104283760569453
22,07.06.2016,5,2016,True,har_x,0.0279413328229895,0.018904877550903754
22,08.06.2016,5,2016,True,har_x,0.0274057832865144,0.018770944438342322
22,09.06.2016,5,2016,True,har_x,0.0295761109679581,0.01801897712402844
22,10.06.2016,5,2016,True,har_x,0.0305917633710592,0.017892166648421567
22,13.06.2016,5,2016,True,har_x,0.0311583854988638,0.02037040995149892
22,14.06.2016,5,2016,True,har_x,0.0311526896401325,0.02225257663882467
22,15.06.2016,5,2016,True,har_x,0.0310765124322959,0.022453805182905677
22,16.06.2016,5,2016,True,har_x,0.0300989987331698,0.02246645471773291
22,17.06.2016,5,2016,True,har_x,0.0287693531916514,0.02393414793826187
22,20.06.2016,5,2016,True,har_x,0.028138654690032,0.02250311621808572
22,21.06.2016,5,2016,True,har_x,0.0281640306925337,0.020424562435389402
22,22.06.2016,5,2016,True,har_x,0.0283148060321684,0.020808290710217635
22,23.06.2016,5,2016,True,har_x,0.0278146966186039,0.02251914278253821
22,24.06.2016,5,2016,True,har_x,0.0266498648268279,0.02104892859290238
22,27.06.2016,5,2016,True,har_x,0.0263922331535399,0.02337000600053325
22,28.06.2016,5,2016,True,har_x,0.0252641010837267,0.022815840576176562
22,29.06.2016,5,2016,True,har_x,0.0230392261283405,0.02151119368539978
22,30.06.2016,5,2016,True,har_x,0.0229807507134388,0.02080874325468376
22,01.07.2016,5,2016,True,har_x,0.0243137065853095,0.020501805829852886
22,05.07.2016,5,2016,True,har_x,0.0242498313184268,0.019454627196592075
22,06.07.2016,5,2016,True,har_x,0.0238092807942745,0.022627951237497217
22,07.07.2016,5,2016,True,har_x,0.0222484727560442,0.02312105904792707
22,08.07.2016,5,2016,True,har_x,0.0222229390687008,0.024658516971414725
22,11.07.2016,5,2016,True,har_x,0.0225174788726048,0.02321726553645439
22,12.07.2016,5,2016,True,har_x,0.0222429794305969,0.02331459071045491
22,13.07.2016,5,2016,True,har_x,0.0203791994992687,0.022444979394625975
22,14.07.2016,5,2016,True,har_x,0.0206896691311734,0.02437932974375989
22,15.07.2016,5,2016,True,har_x,0.0209957732371139,0.021740428615491622
22,18.07.2016,5,2016,True,har_x,0.0208323225384256,0.0205357080769769
22,19.07.2016,5,2016,True,har_x,0.0210654168146588,0.02122219826535993
22,20.07.2016,5,2016,True,har_x,0.0210242426914509,0.020648197533896007
22,21.07.2016,5,2016,True,har_x,0.0219507806297226,0.02078070488757555
22,22.07.2016,5,2016,True,har_x,0.0218962882233384,0.02151184612237224
22,25.07.2016,5,2016,True,har_x,0.0217347953004754,0.021723149349614543
22,26.07.2016,5,2016,True,har_x,0.0218062180736554,0.023116665197301354
22,27.07.2016,5,2016,True,har_x,0.0202433013916556,0.02298966800985759
22,28.07.2016,5,2016,True,har_x,0.0200059598964576,0.023448265897575035
22,29.07.2016,5,2016,True,har_x,0.0205427574023666,0.02368481459739723
22,01.08.2016,5,2016,True,har_x,0.0217476909402626,0.022560175323850525
22,02.08.2016,5,2016,True,har_x,0.0213106415879437,0.02437570325364218
22,03.08.2016,5,2016,True,har_x,0.0206376103371129,0.025212220105767697
22,04.08.2016,5,2016,True,har_x,0.0200089657545066,0.024854897932920565
22,05.08.2016,5,2016,True,har_x,0.0201577604788578,0.02382882816356693
22,08.08.2016,5,2016,True,har_x,0.0212287149762159,0.022688632399386965
22,09.08.2016,5,2016,True,har_x,0.0231405024383836,0.02236377427451356
22,10.08.2016,5,2016,True,har_x,0.0225242218369939,0.02111214052185325
22,11.08.2016,5,2016,True,har_x,0.021515564754658,0.020686444450280107
22,12.08.2016,5,2016,True,har_x,0.0218674984098136,0.02113104394606971
22,15.08.2016,5,2016,True,har_x,0.0211837174412497,0.020143034635802366
22,16.08.2016,5,2016,True,har_x,0.0209703093526827,0.02026602413442492
22,17.08.2016,5,2016,True,har_x,0.0207402764641838,0.020300173633737983
22,18.08.2016,5,2016,True,har_x,0.0200270925098661,0.019186296698667504
22,19.08.2016,5,2016,True,har_x,0.0207229484685656,0.020160162100398563
22,22.08.2016,5,2016,True,har_x,0.0200064423404284,0.018852764764451715
22,23.08.2016,5,2016,True,har_x,0.0210184542478326,0.020093444127474276
22,24.08.2016,5,2016,True,har_x,0.0220302255441665,0.020494593931238477
22,25.08.2016,5,2016,True,har_x,0.0225654362218376,0.02033839514826051
22,26.08.2016,5,2016,True,har_x,0.0260188133683462,0.019836807834788202
22,29.08.2016,5,2016,True,har_x,0.0259980497819852,0.019347193265156066
22,30.08.2016,5,2016,True,har_x,0.0256957873493749,0.019967664084990754
22,31.08.2016,5,2016,True,har_x,0.0248946831895742,0.020743090782225516
22,01.09.2016,5,2016,True,har_x,0.0258892266271529,0.021670918107798042
22,02.09.2016,5,2016,True,har_x,0.0260299199074918,0.02220983497383707
22,06.09.2016,5,2016,True,har_x,0.0260668041246962,0.020956238274390287
22,07.09.2016,5,2016,True,har_x,0.0261713076298587,0.021205810234592306
22,08.09.2016,5,2016,True,har_x,0.0248491276368442,0.02061698182086585
22,09.09.2016,5,2016,True,har_x,0.0232011962519832,0.0207825252256338
22,12.09.2016,5,2016,True,har_x,0.0231925096909594,0.021465765393567073
22,13.09.2016,5,2016,True,har_x,0.022314068016317,0.020487392185953687
22,14.09.2016,5,2016,True,har_x,0.0214037815452338,0.02164164691126626
22,15.09.2016,5,2016,True,har_x,0.0212727116958157,0.02239514724508861
22,16.09.2016,5,2016,True,har_x,0.0208626711313067,0.021593481173658634
22,19.09.2016,5,2016,True,har_x,0.0218968368794904,0.021057917843407995
22,20.09.2016,5,2016,True,har_x,0.0218529464681309,0.021199036659463544
22,21.09.2016,5,2016,True,har_x,0.0217213453829197,0.021736161371730626
22,22.09.2016,5,2016,True,har_x,0.0218190638397913,0.02141516057940126
22,23.09.2016,5,2016,True,har_x,0.0203462074212698,0.022294538443008875
22,26.09.2016,5,2016,True,har_x,0.0194615938831769,0.023792220528082147
22,27.09.2016,5,2016,True,har_x,0.0185372320424719,0.024014942740976687
22,28.09.2016,5,2016,True,har_x,0.0154532330481106,0.023495093967334738
22,29.09.2016,5,2016,True,har_x,0.0152380883512721,0.024843800112580965
22,30.09.2016,5,2016,True,har_x,0.0165284526713345,0.02256743086543573
22,03.10.2016,5,2016,True,har_x,0.0166200510173935,0.0211544400324671
22,04.10.2016,5,2016,True,har_x,0.0145244776883602,0.020657917129016864
22,05.10.2016,5,2016,True,har_x,0.0140452402811097,0.02106368612967212
22,06.10.2016,5,2016,True,har_x,0.0134974125609571,0.020506498879674616
22,07.10.2016,5,2016,True,har_x,0.0137168331545374,0.019872041722832502
22,11.10.2016,5,2016,True,har_x,0.0133870062264495,0.019943606866760485
22,12.10.2016,5,2016,True,har_x,0.0143908701486802,0.021301157161739824
22,13.10.2016,5,2016,True,har_x,0.0194791927232645,0.021773176924680376
22,14.10.2016,5,2016,True,har_x,0.0194713981910215,0.020614884819299125
22,17.10.2016,5,2016,True,har_x,0.0194601209215271,0.01973587948412243
22,18.10.2016,5,2016,True,har_x,0.0195787352061631,0.01851676814215986
22,19.10.2016,5,2016,True,har_x,0.0214816287450911,0.019256536287179975
22,20.10.2016,5,2016,True,har_x,0.0209928232293824,0.01750818366443318
22,21.10.2016,5,2016,True,har_x,0.0208794013996186,0.01748234632849098
22,24.10.2016,5,2016,True,har_x,0.0220299726114404,0.017273332314754548
22,25.10.2016,5,2016,True,har_x,0.0225419579890417,0.017667194339666226
22,26.10.2016,5,2016,True,har_x,0.0237297865089338,0.018258775122122525
22,27.10.2016,5,2016,True,har_x,0.0301788761082167,0.01898927447569814
22,28.10.2016,5,2016,True,har_x,0.0299886339715769,0.018550687482422893
22,31.10.2016,5,2016,True,har_x,0.033261200964617,0.019655128170360053
22,01.11.2016,5,2016,True,har_x,0.0332501860736743,0.021959763633692828
22,02.11.2016,5,2016,True,har_x,0.0327011256665089,0.02116940080976766
22,03.11.2016,5,2016,True,har_x,0.0328923186204133,0.021737546826708337
22,04.11.2016,5,2016,True,har_x,0.0325567709127804,0.02177319589169009
22,07.11.2016,5,2016,True,har_x,0.0325393918749284,0.022921534912871643
22,08.11.2016,5,2016,True,har_x,0.0326635488698531,0.022731810059302353
22,09.11.2016,5,2016,True,har_x,0.0327079570154689,0.022234947985941608
22,10.11.2016,5,2016,True,har_x,0.0336553627289369,0.021172230873336965
22,14.11.2016,5,2016,True,har_x,0.0325660762093095,0.021820831469127652
22,15.11.2016,5,2016,True,har_x,0.0310492610989465,0.02555364869630525
22,16.11.2016,5,2016,True,har_x,0.0310167938970936,0.025986056191395795
22,17.11.2016,5,2016,True,har_x,0.0309289521482866,0.02577309937221735
22,18.11.2016,5,2016,True,har_x,0.0313542140145673,0.02420873654229269
22,21.11.2016,5,2016,True,har_x,0.0303424997533701,0.02381500094407664
22,22.11.2016,5,2016,True,har_x,0.0303506572303556,0.024359751716598824
22,23.11.2016,5,2016,True,har_x,0.0303790244199785,0.024559340394001684
22,25.11.2016,5,2016,True,har_x,0.0289396358647869,0.024979664252115067
22,28.11.2016,5,2016,True,har_x,0.028852641330092,0.028446971793000438
22,29.11.2016,5,2016,True,har_x,0.0270155334894129,0.02812128805470387
22,30.11.2016,5,2016,True,har_x,0.0213515268091141,0.029857221262906648
22,01.12.2016,5,2016,True,har_x,0.0215123206451553,0.025211949614529838
22,02.12.2016,5,2016,True,har_x,0.0145464896950601,0.022288722888642795
22,05.12.2016,5,2016,True,har_x,0.0144736272488128,0.020964531028845615
22,06.12.2016,5,2016,True,har_x,0.0163210807517228,0.02136853542736869
22,07.12.2016,5,2016,True,har_x,0.0167244977850561,0.02162455760101282
22,08.12.2016,5,2016,True,har_x,0.0173230810840808,0.021229851926427453
22,09.12.2016,5,2016,True,har_x,0.0175720629517593,0.020694149646829224
22,12.12.2016,5,2016,True,har_x,0.0169246651301603,0.02098923496501629
22,13.12.2016,5,2016,True,har_x,0.0169243396663158,0.018288648855377166
22,14.12.2016,5,2016,True,har_x,0.0164987794217601,0.018439022180061354
22,15.12.2016,5,2016,True,har_x,0.0165196630359819,0.0200515164859609
22,16.12.2016,5,2016,True,har_x,0.016681601715058,0.019498611097408986
22,19.12.2016,5,2016,True,har_x,0.0166730994685328,0.017408176373221552
22,20.12.2016,5,2016,True,har_x,0.0166085663839101,0.017519472858980083
22,21.12.2016,5,2016,True,har_x,0.0162813069821972,0.016464731723431266
22,22.12.2016,5,2016,True,har_x,0.0167189617017083,0.01719411506795805
22,23.12.2016,5,2016,True,har_x,0.0169746321616414,0.018109392719594608
22,27.12.2016,5,2016,True,har_x,0.0166044424386522,0.01765974258415513
22,28.12.2016,5,2016,True,har_x,0.0167093243576307,0.017381951506428215
22,29.12.2016,5,2016,True,har_x,0.0167079873084891,0.016904624397861452
22,30.12.2016,5,2016,True,har_x,0.0170716376847419,0.016196215714376173
66,04.01.2016,5,2016,True,har,0.039251550191823,0.024782106890238242
66,05.01.2016,5,2016,True,har,0.0392097043750951,0.02320876642132892
66,06.01.2016,5,2016,True,har,0.0386728384930454,0.02367138289177248
66,07.01.2016,5,2016,True,har,0.0386550974813686,0.025573585986963472
66,08.01.2016,5,2016,True,har,0.038662828130272,0.02409778202969806
66,11.01.2016,5,2016,True,har,0.0378833907339834,0.023422183060312362
66,12.01.2016,5,2016,True,har,0.0377529154174112,0.02675539395752383
66,13.01.2016,5,2016,True,har,0.0377273322714051,0.02495191604607979
66,14.01.2016,5,2016,True,har,0.0378937592410505,0.02447481474659831
66,15.01.2016,5,2016,True,har,0.0381170263824514,0.025533128577431567
66,19.01.2016,5,2016,True,har,0.0367626151104466,0.02463049602372401
66,20.01.2016,5,2016,True,har,0.0365518613464334,0.029339362074735045
66,21.01.2016,5,2016,True,har,0.0362892676768417,0.028208834932924462
66,22.01.2016,5,2016,True,har,0.034697995586761,0.0311595617793657
66,25.01.2016,5,2016,True,har,0.0339343121914222,0.0381833913893184
66,26.01.2016,5,2016,True,har,0.0336637804679298,0.03742136446773672
66,27.01.2016,5,2016,True,har,0.0334070974954303,0.03714070237301915
66,28.01.2016,5,2016,True,har,0.033591392654795,0.03717948780258554
66,29.01.2016,5,2016,True,har,0.0340868874282121,0.03648315133845271
66,01.02.2016,5,2016,True,har,0.0340857975677509,0.03555081377897118
66,02.02.2016,5,2016,True,har,0.0331833810802896,0.03325087804521098
66,03.02.2016,5,2016,True,har,0.0326522075206951,0.0372859553364112
66,04.02.2016,5,2016,True,har,0.0329042917948635,0.039739607080605255
66,05.02.2016,5,2016,True,har,0.0332152864288569,0.037098928454942594
66,08.02.2016,5,2016,True,har,0.0328349220625455,0.03684508652528646
66,09.02.2016,5,2016,True,har,0.0310272848139585,0.03806792371133347
66,10.02.2016,5,2016,True,har,0.0310705249549908,0.04071522938814488
66,11.02.2016,5,2016,True,har,0.030802174250808,0.03766432575230229
66,12.02.2016,5,2016,True,har,0.0283795008212723,0.038004635658211106
66,16.02.2016,5,2016,True,har,0.0279156195407014,0.045539660557406554
66,17.02.2016,5,2016,True,har,0.0267855655087087,0.04397355720968286
66,18.02.2016,5,2016,True,har,0.0267941776744929,0.04365884931385638
66,19.02.2016,5,2016,True,har,0.0262506915203871,0.041489729335107486
66,22.02.2016,5,2016,True,har,0.0257673595375073,0.042725031480671395
66,23.02.2016,5,2016,True,har,0.0251069297735968,0.0402129696275109
66,24.02.2016,5,2016,True,har,0.0249054462375496,0.039673930648790406
66,25.02.2016,5,2016,True,har,0.0247838670316241,0.03866602076813558
66,26.02.2016,5,2016,True,har,0.0247560268804105,0.038217224736904816
66,29.02.2016,5,2016,True,har,0.024640132074218,0.037113028961058295
66,01.03.2016,5,2016,True,har,0.0246840907137276,0.03735084683132288
66,02.03.2016,5,2016,True,har,0.0245913670861854,0.035764796717182065
66,03.03.2016,5,2016,True,har,0.0246405605969067,0.03530180013316157
66,04.03.2016,5,2016,True,har,0.024246353838059,0.033126464114029246
66,07.03.2016,5,2016,True,har,0.0235388388543151,0.03489498429333092
66,08.03.2016,5,2016,True,har,0.0234955565116109,0.03615076622456906
66,09.03.2016,5,2016,True,har,0.0231789715265938,0.03589019121033929
66,10.03.2016,5,2016,True,har,0.0229725660634477,0.033046096110480344
66,11.03.2016,5,2016,True,har,0.0231036942627101,0.03371065349411656
66,14.03.2016,5,2016,True,har,0.0234324906970947,0.03241458483963357
66,15.03.2016,5,2016,True,har,0.0237247874004921,0.029065146559392248
66,16.03.2016,5,2016,True,har,0.0235085850520266,0.02837260671020789
66,17.03.2016,5,2016,True,har,0.0232853155649617,0.027744783131831402
66,18.03.2016,5,2016,True,har,0.0233472310379498,0.02754758696989279
66,21.03.2016,5,2016,True,har,0.0234383686066493,0.02594335870671858
66,22.03.2016,5,2016,True,har,0.024339540328837,0.024846768975446062
66,23.03.2016,5,2016,True,har,0.024221439376069,0.022821181250533222
66,24.03.2016,5,2016,True,har,0.0244504576600171,0.024518707216812298
66,28.03.2016,5,2016,True,har,0.0248796886230259,0.023038535242238155
66,29.03.2016,5,2016,True,har,0.0247133342684305,0.023119120015799473
66,30.03.2016,5,2016,True,har,0.0247132885805896,0.02437284233585813
66,31.03.2016,5,2016,True,har,0.0252402060616035,0.02356835320731761
66,01.04.2016,5,2016,True,har,0.0253021145148707,0.023302665248808665
66,04.04.2016,5,2016,True,har,0.0252851675251977,0.023106717752383887
66,05.04.2016,5,2016,True,har,0.0252907109648141,0.025780907821016812
66,06.04.2016,5,2016,True,har,0.0246390330569344,0.022496031528884707
66,07.04.2016,5,2016,True,har,0.0251894502839593,0.025795611483871023
66,08.04.2016,5,2016,True,har,0.0248417620570406,0.023873904557866966
66,11.04.2016,5,2016,True,har,0.0248767628983447,0.027867916017739455
66,12.04.2016,5,2016,True,har,0.0243490421348084,0.025854614024478813
66,13.04.2016,5,2016,True,har,0.024368467068487,0.02679138071613556
66,14.04.2016,5,2016,True,har,0.0243618146222836,0.02590147614357732
66,15.04.2016,5,2016,True,har,0.0242871456861072,0.025170338100915852
66,18.04.2016,5,2016,True,har,0.0244301673237056,0.024880032609021503
66,19.04.2016,5,2016,True,har,0.0242789571109383,0.024386361894400188
66,20.04.2016,5,2016,True,har,0.023934083444988,0.02484857592384131
66,21.04.2016,5,2016,True,har,0.0236847231869507,0.026414290677200507
66,22.04.2016,5,2016,True,har,0.0239487311647227,0.02621164198611373
66,25.04.2016,5,2016,True,har,0.0239863189220033,0.0256400721808807
66,26.04.2016,5,2016,True,har,0.0237260619155297,0.025923902915303332
66,27.04.2016,5,2016,True,har,0.0233844908028181,0.025944724280381706
66,28.04.2016,5,2016,True,har,0.0232853631041385,0.026159468014005677
66,29.04.2016,5,2016,True,har,0.023631472153815,0.025395337929291856
66,02.05.2016,5,2016,True,har,0.0238978141585299,0.02491295519110994
66,03.05.2016,5,2016,True,har,0.0236545035081404,0.022515673395434935
66,04.05.2016,5,2016,True,har,0.0231583397194522,0.024744707681908482
66,05.05.2016,5,2016,True,har,0.0231620033455816,0.02617468472854519
66,06.05.2016,5,2016,True,har,0.02328120106148,0.024715540436850137
66,09.05.2016,5,2016,True,har,0.023410515286628,0.022867949846597044
66,10.05.2016,5,2016,True,har,0.0229561122264549,0.024745121748239098
66,11.05.2016,5,2016,True,har,0.0225686037838237,0.025517726865391326
66,12.05.2016,5,2016,True,har,0.0226434300120298,0.026335331311017094
66,13.05.2016,5,2016,True,har,0.0226814441114262,0.025252368554508648
66,16.05.2016,5,2016,True,har,0.022639019973003,0.024955051953897904
66,17.05.2016,5,2016,True,har,0.0226278585096624,0.02475401420369916
66,18.05.2016,5,2016,True,har,0.0230144703647591,0.02388584573752782
66,19.05.2016,5,2016,True,har,0.0230967675846984,0.02284489143767008
66,20.05.2016,5,2016,True,har,0.0232104021761401,0.02209987433206705
66,23.05.2016,5,2016,True,har,0.0232399979578756,0.022027493156244644
66,24.05.2016,5,2016,True,har,0.0232389127274705,0.0216669404173287
66,25.05.2016,5,2016,True,har,0.0231255430218379,0.021193679895022414
66,26.05.2016,5,2016,True,har,0.0232301949076346,0.021874535653652223
66,27.05.2016,5,2016,True,har,0.023468392276824,0.021087534819136864
66,31.05.2016,5,2016,True,har,0.0234464115030404,0.021219198616148512
66,01.06.2016,5,2016,True,har,0.023450673661264,0.021219978300876536
66,02.06.2016,5,2016,True,har,0.02346517781637,0.020366353714684232
66,03.06.2016,5,2016,True,har,0.0235293996695718,0.01817193215661108
66,06.06.2016,5,2016,True,har,0.0239730451088494,0.018430904159557372
66,07.06.2016,5,2016,True,har,0.0243734836727554,0.01903281652910639
66,08.06.2016,5,2016,True,har,0.0242421401302901,0.017309155570642346
66,09.06.2016,5,2016,True,har,0.0243997232660823,0.01635088901883776
66,10.06.2016,5,2016,True,har,0.0243896832272308,0.01474340336106582
66,13.06.2016,5,2016,True,har,0.0244824208493345,0.016785066065142067
66,14.06.2016,5,2016,True,har,0.0245418482135053,0.015966630369391024
66,15.06.2016,5,2016,True,har,0.0244666236095682,0.015595333717203093
66,16.06.2016,5,2016,True,har,0.0240482871024402,0.015608664861383993
66,17.06.2016,5,2016,True,har,0.0236309708379069,0.017828936006469863
66,20.06.2016,5,2016,True,har,0.0234353071861385,0.020545635683060535
66,21.06.2016,5,2016,True,har,0.0238668208346121,0.021132474104105473
66,22.06.2016,5,2016,True,har,0.0241452126232272,0.020170566723475072
66,23.06.2016,5,2016,True,har,0.0242533790029677,0.02077016018373777
66,24.06.2016,5,2016,True,har,0.0245454442894021,0.02027034360288322
66,27.06.2016,5,2016,True,har,0.0243611337702648,0.02358633932016608
66,28.06.2016,5,2016,True,har,0.0240944683804483,0.022957056316117472
66,29.06.2016,5,2016,True,har,0.0235495195128631,0.02405885717261327
66,30.06.2016,5,2016,True,har,0.0238467209118882,0.02581442634951548
66,01.07.2016,5,2016,True,har,0.0239579873822711,0.02531176926350669
66,05.07.2016,5,2016,True,har,0.0234963773876901,0.024235991404164974
66,06.07.2016,5,2016,True,har,0.023459617591221,0.026088948944384474
66,07.07.2016,5,2016,True,har,0.0225825535443896,0.02533707478986727
66,08.07.2016,5,2016,True,har,0.0226295992112274,0.026971179393842706
66,11.07.2016,5,2016,True,har,0.0225775090912584,0.02593091108401193
66,12.07.2016,5,2016,True,har,0.0218649406885129,0.02569463750247709
66,13.07.2016,5,2016,True,har,0.0210725004412618,0.028509210172550797
66,14.07.2016,5,2016,True,har,0.0208922044433374,0.02969947803272497
66,15.07.2016,5,2016,True,har,0.0210004820513698,0.028945782782040255
66,18.07.2016,5,2016,True,har,0.0211675393304085,0.027765655715109153
66,19.07.2016,5,2016,True,har,0.0211593311089339,0.027232119735379798
66,20.07.2016,5,2016,True,har,0.0211483118613921,0.025845944452413408
66,21.07.2016,5,2016,True,har,0.0210458118069826,0.0253747449491012
66,22.07.2016,5,2016,True,har,0.0211002546854274,0.02565451814509876
66,25.07.2016,5,2016,True,har,0.0209300705140545,0.02498518970558356
66,26.07.2016,5,2016,True,har,0.0210333469803121,0.024375909870347212
66,27.07.2016,5,2016,True,har,0.0209652076846742,0.023646007632485946
66,28.07.2016,5,2016,True,har,0.0208241141979067,0.024184341235928504
66,29.07.2016,5,2016,True,har,0.0211929803990656,0.02242544085124559
66,01.08.2016,5,2016,True,har,0.021247338941143,0.022044102854426727
66,02.08.2016,5,2016,True,har,0.0212639954458399,0.021883252555048856
66,03.08.2016,5,2016,True,har,0.0209942939907619,0.021597363734432093
66,04.08.2016,5,2016,True,har,0.0207406704470851,0.023039938675520254
66,05.08.2016,5,2016,True,har,0.0207548638299785,0.022245598632848064
66,08.08.2016,5,2016,True,har,0.0205813437729521,0.021344093947403445
66,09.08.2016,5,2016,True,har,0.0209124105412983,0.022528232678942016
66,10.08.2016,5,2016,True,har,0.0218294512533878,0.02022686351419866
66,11.08.2016,5,2016,True,har,0.0211688056503974,0.019488701473198564
66,12.08.2016,5,2016,True,har,0.0210265948834692,0.0216958986830112
66,15.08.2016,5,2016,True,har,0.0207359708768601,0.021292393050436773
66,16.08.2016,5,2016,True,har,0.0212868413043521,0.02204422903243339
66,17.08.2016,5,2016,True,har,0.0212365179670241,0.021673859025953115
66,18.08.2016,5,2016,True,har,0.0210787606788912,0.020797593474628645
66,19.08.2016,5,2016,True,har,0.0215135673973021,0.020401450875719263
66,22.08.2016,5,2016,True,har,0.0212741847217899,0.019934543588586144
66,23.08.2016,5,2016,True,har,0.0217062756896567,0.022291262583389
66,24.08.2016,5,2016,True,har,0.024019586856678,0.021820060186779587
66,25.08.2016,5,2016,True,har,0.0239717674214771,0.02136018876894823
66,26.08.2016,5,2016,True,har,0.0257309203647134,0.020643169733899958
66,29.08.2016,5,2016,True,har,0.025681313219147,0.02031491366160775
66,30.08.2016,5,2016,True,har,0.0256851812516076,0.02045302347760921
66,31.08.2016,5,2016,True,har,0.0255316769249476,0.020627023840148695
66,01.09.2016,5,2016,True,har,0.0255959957138236,0.021443038189207664
66,02.09.2016,5,2016,True,har,0.0255926729377136,0.020027971272681605
66,06.09.2016,5,2016,True,har,0.0257287387411063,0.020045612481973403
66,07.09.2016,5,2016,True,har,0.0256811511618886,0.020058149696183913
66,08.09.2016,5,2016,True,har,0.0255825948248463,0.020362227772165474
66,09.09.2016,5,2016,True,har,0.0250498964557102,0.02169592806680262
66,12.09.2016,5,2016,True,har,0.0251647633800065,0.022714222875095072
66,13.09.2016,5,2016,True,har,0.0249454032738868,0.021465179852649424
66,14.09.2016,5,2016,True,har,0.0246842661562676,0.022090687183521585
66,15.09.2016,5,2016,True,har,0.0247386012134778,0.02228128600942119
66,16.09.2016,5,2016,True,har,0.0246306268605641,0.021498027553102112
66,19.09.2016,5,2016,True,har,0.0246304123574338,0.020943081904349153
66,20.09.2016,5,2016,True,har,0.0246838147210455,0.020548695305455972
66,21.09.2016,5,2016,True,har,0.0245873340323075,0.019672003328645497
66,22.09.2016,5,2016,True,har,0.0245244873988484,0.02025284834879543
66,23.09.2016,5,2016,True,har,0.0240097784357906,0.02027816765251449
66,26.09.2016,5,2016,True,har,0.0238148812786124,0.02209565530965931
66,27.09.2016,5,2016,True,har,0.0235477231258782,0.02294524411356313
66,28.09.2016,5,2016,True,har,0.022555348788726,0.023575519806288574
66,29.09.2016,5,2016,True,har,0.0225287797666268,0.026933977299238042
66,30.09.2016,5,2016,True,har,0.0230725625421857,0.02511494212250648
66,03.10.2016,5,2016,True,har,0.0232877412698777,0.024466332075578676
66,04.10.2016,5,2016,True,har,0.0231182756888981,0.024270649632425628
66,05.10.2016,5,2016,True,har,0.0230862091901621,0.025494999482243833
66,06.10.2016,5,2016,True,har,0.023083093475368,0.02444718805161019
66,07.10.2016,5,2016,True,har,0.0230350036821104,0.02345773571116512
66,11.10.2016,5,2016,True,har,0.0232914517904755,0.022500895659158197
66,12.10.2016,5,2016,True,har,0.0232483313253275,0.022403699008132327
66,13.10.2016,5,2016,True,har,0.0234255395262196,0.021879584472223296
66,14.10.2016,5,2016,True,har,0.0234339771950011,0.020772458988566563
66,17.10.2016,5,2016,True,har,0.0234079113871858,0.020527033311699687
66,18.10.2016,5,2016,True,har,0.023425253339455,0.02043735902421507
66,19.10.2016,5,2016,True,har,0.0234484445963607,0.020183903113177755
66,20.10.2016,5,2016,True,har,0.0232922004984512,0.020915415123298538
66,21.10.2016,5,2016,True,har,0.0232906282478235,0.021959582840405237
66,24.10.2016,5,2016,True,har,0.0232911021396535,0.021392349370165813
66,25.10.2016,5,2016,True,har,0.0232238693771326,0.020112011290766257
66,26.10.2016,5,2016,True,har,0.0231887641211888,0.020055802767386284
66,27.10.2016,5,2016,True,har,0.0231701368942371,0.019252658896473523
66,28.10.2016,5,2016,True,har,0.0232231601488762,0.01631479047377902
66,31.10.2016,5,2016,True,har,0.0229755597006773,0.016581432999489658
66,01.11.2016,5,2016,True,har,0.0229751067476388,0.018002503448271208
66,02.11.2016,5,2016,True,har,0.0226196861080501,0.017248373913872912
66,03.11.2016,5,2016,True,har,0.0226447161314291,0.017681720369087574
66,04.11.2016,5,2016,True,har,0.0226883423939135,0.016206874276763733
66,07.11.2016,5,2016,True,har,0.0226629890921739,0.016097722953935273
66,08.11.2016,5,2016,True,har,0.0226693874182483,0.016570064084455372
66,09.11.2016,5,2016,True,har,0.0226709728426835,0.0160017244142033
66,10.11.2016,5,2016,True,har,0.0226028914069809,0.01603543362704994
66,14.11.2016,5,2016,True,har,0.0222403942546572,0.016083302448712117
66,15.11.2016,5,2016,True,har,0.0213975079792596,0.01758536513551058
66,16.11.2016,5,2016,True,har,0.0214030316480168,0.022544100986959137
66,17.11.2016,5,2016,True,har,0.0214546544773057,0.021092863988630195
66,18.11.2016,5,2016,True,har,0.0214502758578171,0.02051085785089799
66,21.11.2016,5,2016,True,har,0.0208857580239052,0.020459194505078913
66,22.11.2016,5,2016,True,har,0.020884411663389,0.022762864365480306
66,23.11.2016,5,2016,True,har,0.0209204794231531,0.021143438846798736
66,25.11.2016,5,2016,True,har,0.0204502938094076,0.02098878110980518
66,28.11.2016,5,2016,True,har,0.0203206484237941,0.02312857345821828
66,29.11.2016,5,2016,True,har,0.0196526215548284,0.023039034646269847
66,30.11.2016,5,2016,True,har,0.018021971726188,0.02415445254161787
66,01.12.2016,5,2016,True,har,0.0181612137331028,0.030645532224851793
66,02.12.2016,5,2016,True,har,0.0156085590334577,0.028158828765840523
66,05.12.2016,5,2016,True,har,0.0155619930176506,0.03234299737574642
66,06.12.2016,5,2016,True,har,0.0154357565769668,0.030236584045241176
66,07.12.2016,5,2016,True,har,0.0154555861621749,0.030196132324044538
66,08.12.2016,5,2016,True,har,0.0153091665637168,0.02993405842182905
66,09.12.2016,5,2016,True,har,0.0152707101815799,0.02988559665346315
66,12.12.2016,5,2016,True,har,0.0149368020095709,0.02823841465629699
66,13.12.2016,5,2016,True,har,0.0150044957619415,0.028873893027296975
66,14.12.2016,5,2016,True,har,0.014482073009429,0.027169798567230105
66,15.12.2016,5,2016,True,har,0.0144768355411512,0.02836305208621152
66,16.12.2016,5,2016,True,har,0.0142135570760663,0.027291223518585008
66,19.12.2016,5,2016,True,har,0.0142047637650645,0.028027483171179427
66,20.12.2016,5,2016,True,har,0.0142462102828316,0.027420678067236436
66,21.12.2016,5,2016,True,har,0.0143767260268329,0.026917530581974602
66,22.12.2016,5,2016,True,har,0.0143704721541457,0.027012959155672842
66,23.12.2016,5,2016,True,har,0.0143686150435114,0.02686030304206037
66,27.12.2016,5,2016,True,har,0.0142253912266675,0.02547212983188265
66,28.12.2016,5,2016,True,har,0.0144409808852709,0.025965873983258843
66,29.12.2016,5,2016,True,har,0.0144491861784991,0.024334746611132524
66,30.12.2016,5,2016,True,har,0.0145035326492715,0.020381443157954343
66,04.01.2016,5,2016,True,har_ovx,0.039251550191823,0.0250717842151265
66,05.01.2016,5,2016,True,har_ovx,0.0392097043750951,0.025945253470346066
66,06.01.2016,5,2016,True,har_ovx,0.0386728384930454,0.026130622645290844
66,07.01.2016,5,2016,True,har_ovx,0.0386550974813686,0.02794871543845439
66,08.01.2016,5,2016,True,har_ovx,0.038662828130272,0.028898006029415127
66,11.01.2016,5,2016,True,har_ovx,0.0378833907339834,0.028663915018859655
66,12.01.2016,5,2016,True,har_ovx,0.0377529154174112,0.032659812798083984
66,13.01.2016,5,2016,True,har_ovx,0.0377273322714051,0.03296710014362888
66,14.01.2016,5,2016,True,har_ovx,0.0378937592410505,0.03089153762162794
66,15.01.2016,5,2016,True,har_ovx,0.0381170263824514,0.02986443413021144
66,19.01.2016,5,2016,True,har_ovx,0.0367626151104466,0.0314218716062304
66,20.01.2016,5,2016,True,har_ovx,0.0365518613464334,0.03377482845058117
66,21.01.2016,5,2016,True,har_ovx,0.0362892676768417,0.034868438630012204
66,22.01.2016,5,2016,True,har_ovx,0.034697995586761,0.03473919343509697
66,25.01.2016,5,2016,True,har_ovx,0.0339343121914222,0.03495705204239128
66,26.01.2016,5,2016,True,har_ovx,0.0336637804679298,0.036151164793530866
66,27.01.2016,5,2016,True,har_ovx,0.0334070974954303,0.03605410592259942
66,28.01.2016,5,2016,True,har_ovx,0.033591392654795,0.03592545796129608
66,29.01.2016,5,2016,True,har_ovx,0.0340868874282121,0.035818289149034316
66,01.02.2016,5,2016,True,har_ovx,0.0340857975677509,0.03386229040432707
66,02.02.2016,5,2016,True,har_ovx,0.0331833810802896,0.035176356105999305
66,03.02.2016,5,2016,True,har_ovx,0.0326522075206951,0.03729634109723458
66,04.02.2016,5,2016,True,har_ovx,0.0329042917948635,0.03753738141016925
66,05.02.2016,5,2016,True,har_ovx,0.0332152864288569,0.03622592494386547
66,08.02.2016,5,2016,True,har_ovx,0.0328349220625455,0.03608849983056542
66,09.02.2016,5,2016,True,har_ovx,0.0310272848139585,0.037235459104287875
66,10.02.2016,5,2016,True,har_ovx,0.0310705249549908,0.039773848768902886
66,11.02.2016,5,2016,True,har_ovx,0.030802174250808,0.03873807853215839
66,12.02.2016,5,2016,True,har_ovx,0.0283795008212723,0.04109537412848129
66,16.02.2016,5,2016,True,har_ovx,0.0279156195407014,0.04381067923933744
66,17.02.2016,5,2016,True,har_ovx,0.0267855655087087,0.03988008375901486
66,18.02.2016,5,2016,True,har_ovx,0.0267941776744929,0.039156438202036736
66,19.02.2016,5,2016,True,har_ovx,0.0262506915203871,0.03742933175602567
66,22.02.2016,5,2016,True,har_ovx,0.0257673595375073,0.03579633346800572
66,23.02.2016,5,2016,True,har_ovx,0.0251069297735968,0.03546773169624992
66,24.02.2016,5,2016,True,har_ovx,0.0249054462375496,0.036221942398062784
66,25.02.2016,5,2016,True,har_ovx,0.0247838670316241,0.03637892927362134
66,26.02.2016,5,2016,True,har_ovx,0.0247560268804105,0.03523814490299664
66,29.02.2016,5,2016,True,har_ovx,0.024640132074218,0.03326362390069122
66,01.03.2016,5,2016,True,har_ovx,0.0246840907137276,0.0334565498406907
66,02.03.2016,5,2016,True,har_ovx,0.0245913670861854,0.0315919685541294
66,03.03.2016,5,2016,True,har_ovx,0.0246405605969067,0.0302073635664171
66,04.03.2016,5,2016,True,har_ovx,0.024246353838059,0.029244474743171843
66,07.03.2016,5,2016,True,har_ovx,0.0235388388543151,0.029615445765880804
66,08.03.2016,5,2016,True,har_ovx,0.0234955565116109,0.030345597039591127
66,09.03.2016,5,2016,True,har_ovx,0.0231789715265938,0.03066689929676214
66,10.03.2016,5,2016,True,har_ovx,0.0229725660634477,0.02912374276365121
66,11.03.2016,5,2016,True,har_ovx,0.0231036942627101,0.029310182166955343
66,14.03.2016,5,2016,True,har_ovx,0.0234324906970947,0.02818347304031059
66,15.03.2016,5,2016,True,har_ovx,0.0237247874004921,0.027499570927110625
66,16.03.2016,5,2016,True,har_ovx,0.0235085850520266,0.026837234605548484
66,17.03.2016,5,2016,True,har_ovx,0.0232853155649617,0.02473671824569902
66,18.03.2016,5,2016,True,har_ovx,0.0233472310379498,0.025564769809141255
66,21.03.2016,5,2016,True,har_ovx,0.0234383686066493,0.024553167649151515
66,22.03.2016,5,2016,True,har_ovx,0.024339540328837,0.024356066029088394
66,23.03.2016,5,2016,True,har_ovx,0.024221439376069,0.023485260867244805
66,24.03.2016,5,2016,True,har_ovx,0.0244504576600171,0.024228104254541513
66,28.03.2016,5,2016,True,har_ovx,0.0248796886230259,0.023844553653097508
66,29.03.2016,5,2016,True,har_ovx,0.0247133342684305,0.024314552922548492
66,30.03.2016,5,2016,True,har_ovx,0.0247132885805896,0.025025022670450738
66,31.03.2016,5,2016,True,har_ovx,0.0252402060616035,0.024572668199382433
66,01.04.2016,5,2016,True,har_ovx,0.0253021145148707,0.024351376629745673
66,04.04.2016,5,2016,True,har_ovx,0.0252851675251977,0.025039648282106936
66,05.04.2016,5,2016,True,har_ovx,0.0252907109648141,0.02728857461641808
66,06.04.2016,5,2016,True,har_ovx,0.0246390330569344,0.025957665431119728
66,07.04.2016,5,2016,True,har_ovx,0.0251894502839593,0.025318051191198624
66,08.04.2016,5,2016,True,har_ovx,0.0248417620570406,0.024772857747535244
66,11.04.2016,5,2016,True,har_ovx,0.0248767628983447,0.02638764044477823
66,12.04.2016,5,2016,True,har_ovx,0.0243490421348084,0.02633138889907463
66,13.04.2016,5,2016,True,har_ovx,0.024368467068487,0.02656696241936307
66,14.04.2016,5,2016,True,har_ovx,0.0243618146222836,0.02617509245805557
66,15.04.2016,5,2016,True,har_ovx,0.0242871456861072,0.024972319285534193
66,18.04.2016,5,2016,True,har_ovx,0.0244301673237056,0.02702371508771497
66,19.04.2016,5,2016,True,har_ovx,0.0242789571109383,0.024801053539666384
66,20.04.2016,5,2016,True,har_ovx,0.023934083444988,0.02397258364994655
66,21.04.2016,5,2016,True,har_ovx,0.0236847231869507,0.024306674885321067
66,22.04.2016,5,2016,True,har_ovx,0.0239487311647227,0.024231974620570446
66,25.04.2016,5,2016,True,har_ovx,0.0239863189220033,0.0232485845648747
66,26.04.2016,5,2016,True,har_ovx,0.0237260619155297,0.02427538762098823
66,27.04.2016,5,2016,True,har_ovx,0.0233844908028181,0.024067307821510578
66,28.04.2016,5,2016,True,har_ovx,0.0232853631041385,0.024185365459056585
66,29.04.2016,5,2016,True,har_ovx,0.023631472153815,0.02359616359121814
66,02.05.2016,5,2016,True,har_ovx,0.0238978141585299,0.023224631436192848
66,03.05.2016,5,2016,True,har_ovx,0.0236545035081404,0.02380887799012647
66,04.05.2016,5,2016,True,har_ovx,0.0231583397194522,0.02475739504004718
66,05.05.2016,5,2016,True,har_ovx,0.0231620033455816,0.024766248656531285
66,06.05.2016,5,2016,True,har_ovx,0.02328120106148,0.024213943834204634
66,09.05.2016,5,2016,True,har_ovx,0.023410515286628,0.022823314711953625
66,10.05.2016,5,2016,True,har_ovx,0.0229561122264549,0.024145336166037007
66,11.05.2016,5,2016,True,har_ovx,0.0225686037838237,0.023570697637507344
66,12.05.2016,5,2016,True,har_ovx,0.0226434300120298,0.023648069768136555
66,13.05.2016,5,2016,True,har_ovx,0.0226814441114262,0.022960487582419656
66,16.05.2016,5,2016,True,har_ovx,0.022639019973003,0.022894778301222274
66,17.05.2016,5,2016,True,har_ovx,0.0226278585096624,0.02314550570414006
66,18.05.2016,5,2016,True,har_ovx,0.0230144703647591,0.02314030872109627
66,19.05.2016,5,2016,True,har_ovx,0.0230967675846984,0.022959964355473778
66,20.05.2016,5,2016,True,har_ovx,0.0232104021761401,0.02256976836898067
66,23.05.2016,5,2016,True,har_ovx,0.0232399979578756,0.021610821900202817
66,24.05.2016,5,2016,True,har_ovx,0.0232389127274705,0.02125364825880484
66,25.05.2016,5,2016,True,har_ovx,0.0231255430218379,0.020537914485409467
66,26.05.2016,5,2016,True,har_ovx,0.0232301949076346,0.019940700507512656
66,27.05.2016,5,2016,True,har_ovx,0.023468392276824,0.019896450446736026
66,31.05.2016,5,2016,True,har_ovx,0.0234464115030404,0.019693979290010107
66,01.06.2016,5,2016,True,har_ovx,0.023450673661264,0.020593446518879083
66,02.06.2016,5,2016,True,har_ovx,0.02346517781637,0.021169408869731222
66,03.06.2016,5,2016,True,har_ovx,0.0235293996695718,0.019313650472503607
66,06.06.2016,5,2016,True,har_ovx,0.0239730451088494,0.018611224768996563
66,07.06.2016,5,2016,True,har_ovx,0.0243734836727554,0.019151256279236455
66,08.06.2016,5,2016,True,har_ovx,0.0242421401302901,0.019020743558360354
66,09.06.2016,5,2016,True,har_ovx,0.0243997232660823,0.01840688346449067
66,10.06.2016,5,2016,True,har_ovx,0.0243896832272308,0.0183060598174097
66,13.06.2016,5,2016,True,har_ovx,0.0244824208493345,0.020575764285973925
66,14.06.2016,5,2016,True,har_ovx,0.0245418482135053,0.02140099141095526
66,15.06.2016,5,2016,True,har_ovx,0.0244666236095682,0.021508295101089023
66,16.06.2016,5,2016,True,har_ovx,0.0240482871024402,0.02133801626177149
66,17.06.2016,5,2016,True,har_ovx,0.0236309708379069,0.022761781997721223
66,20.06.2016,5,2016,True,har_ovx,0.0234353071861385,0.022082014196513504
66,21.06.2016,5,2016,True,har_ovx,0.0238668208346121,0.021145255154122716
66,22.06.2016,5,2016,True,har_ovx,0.0241452126232272,0.02132023367013175
66,23.06.2016,5,2016,True,har_ovx,0.0242533790029677,0.02275671545849083
66,24.06.2016,5,2016,True,har_ovx,0.0245454442894021,0.02134583511366136
66,27.06.2016,5,2016,True,har_ovx,0.0243611337702648,0.023639628327103483
66,28.06.2016,5,2016,True,har_ovx,0.0240944683804483,0.023129153671491872
66,29.06.2016,5,2016,True,har_ovx,0.0235495195128631,0.0222787258042981
66,30.06.2016,5,2016,True,har_ovx,0.0238467209118882,0.021949583683100217
66,01.07.2016,5,2016,True,har_ovx,0.0239579873822711,0.0216042995401417
66,05.07.2016,5,2016,True,har_ovx,0.0234963773876901,0.0204479430245712
66,06.07.2016,5,2016,True,har_ovx,0.023459617591221,0.022734389907014638
66,07.07.2016,5,2016,True,har_ovx,0.0225825535443896,0.022993584998479713
66,08.07.2016,5,2016,True,har_ovx,0.0226295992112274,0.024327654122022417
66,11.07.2016,5,2016,True,har_ovx,0.0225775090912584,0.02304718150171287
66,12.07.2016,5,2016,True,har_ovx,0.0218649406885129,0.023478941628567705
66,13.07.2016,5,2016,True,har_ovx,0.0210725004412618,0.023147380493440766
66,14.07.2016,5,2016,True,har_ovx,0.0208922044433374,0.024853907263882993
66,15.07.2016,5,2016,True,har_ovx,0.0210004820513698,0.02250724431549489
66,18.07.2016,5,2016,True,har_ovx,0.0211675393304085,0.02143567857930701
66,19.07.2016,5,2016,True,har_ovx,0.0211593311089339,0.022006790774910523
66,20.07.2016,5,2016,True,har_ovx,0.0211483118613921,0.021241039720616597
66,21.07.2016,5,2016,True,har_ovx,0.0210458118069826,0.02107412740361455
66,22.07.2016,5,2016,True,har_ovx,0.0211002546854274,0.021665974245932626
66,25.07.2016,5,2016,True,har_ovx,0.0209300705140545,0.02175674789037023
66,26.07.2016,5,2016,True,har_ovx,0.0210333469803121,0.02258962644851547
66,27.07.2016,5,2016,True,har_ovx,0.0209652076846742,0.022437680600336737
66,28.07.2016,5,2016,True,har_ovx,0.0208241141979067,0.02288269581614656
66,29.07.2016,5,2016,True,har_ovx,0.0211929803990656,0.022968320293881808
66,01.08.2016,5,2016,True,har_ovx,0.021247338941143,0.022025780000686328
66,02.08.2016,5,2016,True,har_ovx,0.0212639954458399,0.023276826034327455
66,03.08.2016,5,2016,True,har_ovx,0.0209942939907619,0.023936932009317794
66,04.08.2016,5,2016,True,har_ovx,0.0207406704470851,0.023918147742342553
66,05.08.2016,5,2016,True,har_ovx,0.0207548638299785,0.023077355499301476
66,08.08.2016,5,2016,True,har_ovx,0.0205813437729521,0.022026649506491584
66,09.08.2016,5,2016,True,har_ovx,0.0209124105412983,0.0222980331014972
66,10.08.2016,5,2016,True,har_ovx,0.0218294512533878,0.021108536155379904
66,11.08.2016,5,2016,True,har_ovx,0.0211688056503974,0.020849213075494963
66,12.08.2016,5,2016,True,har_ovx,0.0210265948834692,0.021480412163170978
66,15.08.2016,5,2016,True,har_ovx,0.0207359708768601,0.020593976519783466
66,16.08.2016,5,2016,True,har_ovx,0.0212868413043521,0.0206076660666787
66,17.08.2016,5,2016,True,har_ovx,0.0212365179670241,0.020520222806537296
66,18.08.2016,5,2016,True,har_ovx,0.0210787606788912,0.019292810695409758
66,19.08.2016,5,2016,True,har_ovx,0.0215135673973021,0.019937064978519874
66,22.08.2016,5,2016,True,har_ovx,0.0212741847217899,0.01891919802978063
66,23.08.2016,5,2016,True,har_ovx,0.0217062756896567,0.020324130816087912
66,24.08.2016,5,2016,True,har_ovx,0.024019586856678,0.02056948214803372
66,25.08.2016,5,2016,True,har_ovx,0.0239717674214771,0.020457469671427714
66,26.08.2016,5,2016,True,har_ovx,0.0257309203647134,0.01996531495395356
66,29.08.2016,5,2016,True,har_ovx,0.025681313219147,0.019545250893778128
66,30.08.2016,5,2016,True,har_ovx,0.0256851812516076,0.0199023488064088
66,31.08.2016,5,2016,True,har_ovx,0.0255316769249476,0.02052255568598408
66,01.09.2016,5,2016,True,har_ovx,0.0255959957138236,0.021386949085239193
66,02.09.2016,5,2016,True,har_ovx,0.0255926729377136,0.021611872851231333
66,06.09.2016,5,2016,True,har_ovx,0.0257287387411063,0.020556267044528363
66,07.09.2016,5,2016,True,har_ovx,0.0256811511618886,0.02110463162734506
66,08.09.2016,5,2016,True,har_ovx,0.0255825948248463,0.020700600769000536
66,09.09.2016,5,2016,True,har_ovx,0.0250498964557102,0.020989879166904743
66,12.09.2016,5,2016,True,har_ovx,0.0251647633800065,0.021861773508134483
66,13.09.2016,5,2016,True,har_ovx,0.0249454032738868,0.021125381975579532
66,14.09.2016,5,2016,True,har_ovx,0.0246842661562676,0.022211821973000034
66,15.09.2016,5,2016,True,har_ovx,0.0247386012134778,0.02283902692527911
66,16.09.2016,5,2016,True,har_ovx,0.0246306268605641,0.02192017889764881
66,19.09.2016,5,2016,True,har_ovx,0.0246304123574338,0.021366742690098278
66,20.09.2016,5,2016,True,har_ovx,0.0246838147210455,0.02110282654928668
66,21.09.2016,5,2016,True,har_ovx,0.0245873340323075,0.021453411600860908
66,22.09.2016,5,2016,True,har_ovx,0.0245244873988484,0.0212243139114542
66,23.09.2016,5,2016,True,har_ovx,0.0240097784357906,0.021932769461670727
66,26.09.2016,5,2016,True,har_ovx,0.0238148812786124,0.023452485982312737
66,27.09.2016,5,2016,True,har_ovx,0.0235477231258782,0.024025021157041075
66,28.09.2016,5,2016,True,har_ovx,0.022555348788726,0.0237279318006694
66,29.09.2016,5,2016,True,har_ovx,0.0225287797666268,0.025230374017719097
66,30.09.2016,5,2016,True,har_ovx,0.0230725625421857,0.02318121729074701
66,03.10.2016,5,2016,True,har_ovx,0.0232877412698777,0.021824603742359498
66,04.10.2016,5,2016,True,har_ovx,0.0231182756888981,0.02122629783643848
66,05.10.2016,5,2016,True,har_ovx,0.0230862091901621,0.021554770843708652
66,06.10.2016,5,2016,True,har_ovx,0.023083093475368,0.020776513424933637
66,07.10.2016,5,2016,True,har_ovx,0.0230350036821104,0.020209317849960155
66,11.10.2016,5,2016,True,har_ovx,0.0232914517904755,0.020283332078092648
66,12.10.2016,5,2016,True,har_ovx,0.0232483313253275,0.02087068377725657
66,13.10.2016,5,2016,True,har_ovx,0.0234255395262196,0.02117657874972461
66,14.10.2016,5,2016,True,har_ovx,0.0234339771950011,0.020113121654512574
66,17.10.2016,5,2016,True,har_ovx,0.0234079113871858,0.01933543470580906
66,18.10.2016,5,2016,True,har_ovx,0.023425253339455,0.019078945005439017
66,19.10.2016,5,2016,True,har_ovx,0.0234484445963607,0.019613025076700527
66,20.10.2016,5,2016,True,har_ovx,0.0232922004984512,0.01834813387796385
66,21.10.2016,5,2016,True,har_ovx,0.0232906282478235,0.018522455539573233
66,24.10.2016,5,2016,True,har_ovx,0.0232911021396535,0.01829821992556764
66,25.10.2016,5,2016,True,har_ovx,0.0232238693771326,0.018128479985607685
66,26.10.2016,5,2016,True,har_ovx,0.0231887641211888,0.018644127703119375
66,27.10.2016,5,2016,True,har_ovx,0.0231701368942371,0.019096399249178532
66,28.10.2016,5,2016,True,har_ovx,0.0232231601488762,0.01861594768782672
66,31.10.2016,5,2016,True,har_ovx,0.0229755597006773,0.01950786761872938
66,01.11.2016,5,2016,True,har_ovx,0.0229751067476388,0.021259171065899966
66,02.11.2016,5,2016,True,har_ovx,0.0226196861080501,0.020537267873898403
66,03.11.2016,5,2016,True,har_ovx,0.0226447161314291,0.021168826315793393
66,04.11.2016,5,2016,True,har_ovx,0.0226883423939135,0.020971838934777394
66,07.11.2016,5,2016,True,har_ovx,0.0226629890921739,0.02191328051226599
66,08.11.2016,5,2016,True,har_ovx,0.0226693874182483,0.022206730536578637
66,09.11.2016,5,2016,True,har_ovx,0.0226709728426835,0.021745920733551624
66,10.11.2016,5,2016,True,har_ovx,0.0226028914069809,0.02080493837294964
66,14.11.2016,5,2016,True,har_ovx,0.0222403942546572,0.02134562109717337
66,15.11.2016,5,2016,True,har_ovx,0.0213975079792596,0.02506678731606115
66,16.11.2016,5,2016,True,har_ovx,0.0214030316480168,0.026014819829098666
66,17.11.2016,5,2016,True,har_ovx,0.0214546544773057,0.02565202766956353
66,18.11.2016,5,2016,True,har_ovx,0.0214502758578171,0.024355704546726812
66,21.11.2016,5,2016,True,har_ovx,0.0208857580239052,0.02403595936699828
66,22.11.2016,5,2016,True,har_ovx,0.020884411663389,0.0244045163927461
66,23.11.2016,5,2016,True,har_ovx,0.0209204794231531,0.024194292670028355
66,25.11.2016,5,2016,True,har_ovx,0.0204502938094076,0.024510532995571925
66,28.11.2016,5,2016,True,har_ovx,0.0203206484237941,0.027696754866552244
66,29.11.2016,5,2016,True,har_ovx,0.0196526215548284,0.0272016778364769
66,30.11.2016,5,2016,True,har_ovx,0.018021971726188,0.028626581021822126
66,01.12.2016,5,2016,True,har_ovx,0.0181612137331028,0.025816265537155283
66,02.12.2016,5,2016,True,har_ovx,0.0156085590334577,0.02310858568913695
66,05.12.2016,5,2016,True,har_ovx,0.0155619930176506,0.02245231426367714
66,06.12.2016,5,2016,True,har_ovx,0.0154357565769668,0.02216805934115352
66,07.12.2016,5,2016,True,har_ovx,0.0154555861621749,0.022261627389056085
66,08.12.2016,5,2016,True,har_ovx,0.0153091665637168,0.021737202745830304
66,09.12.2016,5,2016,True,har_ovx,0.0152707101815799,0.021291890046132158
66,12.12.2016,5,2016,True,har_ovx,0.0149368020095709,0.020915575113099737
66,13.12.2016,5,2016,True,har_ovx,0.0150044957619415,0.01910515964116833
66,14.12.2016,5,2016,True,har_ovx,0.014482073009429,0.01900869443984879
66,15.12.2016,5,2016,True,har_ovx,0.0144768355411512,0.02060102760261861
66,16.12.2016,5,2016,True,har_ovx,0.0142135570760663,0.019993276221727297
66,19.12.2016,5,2016,True,har_ovx,0.0142047637650645,0.01843691591117838
66,20.12.2016,5,2016,True,har_ovx,0.0142462102828316,0.018209178194939925
66,21.12.2016,5,2016,True,har_ovx,0.0143767260268329,0.01736116336209821
66,22.12.2016,5,2016,True,har_ovx,0.0143704721541457,0.01783209320474659
66,23.12.2016,5,2016,True,har_ovx,0.0143686150435114,0.018562706496389577
66,27.12.2016,5,2016,True,har_ovx,0.0142253912266675,0.018032443882680962
66,28.12.2016,5,2016,True,har_ovx,0.0144409808852709,0.018283948219506338
66,29.12.2016,5,2016,True,har_ovx,0.0144491861784991,0.017795790600008056
66,30.12.2016,5,2016,True,har_ovx,0.0145035326492715,0.016969023084649683
66,04.01.2016,5,2016,True,har_gpr,0.039251550191823,0.024396631243657034
66,05.01.2016,5,2016,True,har_gpr,0.0392097043750951,0.023165027755206406
66,06.01.2016,5,2016,True,har_gpr,0.0386728384930454,0.023614887880514853
66,07.01.2016,5,2016,True,har_gpr,0.0386550974813686,0.02554542693846122
66,08.01.2016,5,2016,True,har_gpr,0.038662828130272,0.024049390101583336
66,11.01.2016,5,2016,True,har_gpr,0.0378833907339834,0.023327924760875755
66,12.01.2016,5,2016,True,har_gpr,0.0377529154174112,0.025936448983926514
66,13.01.2016,5,2016,True,har_gpr,0.0377273322714051,0.02413084221961934
66,14.01.2016,5,2016,True,har_gpr,0.0378937592410505,0.023619735252553772
66,15.01.2016,5,2016,True,har_gpr,0.0381170263824514,0.0247344514869571
66,19.01.2016,5,2016,True,har_gpr,0.0367626151104466,0.023833034707074086
66,20.01.2016,5,2016,True,har_gpr,0.0365518613464334,0.030297507551660965
66,21.01.2016,5,2016,True,har_gpr,0.0362892676768417,0.02915713175888069
66,22.01.2016,5,2016,True,har_gpr,0.034697995586761,0.03216304980285493
66,25.01.2016,5,2016,True,har_gpr,0.0339343121914222,0.039265311039175195
66,26.01.2016,5,2016,True,har_gpr,0.0336637804679298,0.03609163756789284
66,27.01.2016,5,2016,True,har_gpr,0.0334070974954303,0.03572687125498547
66,28.01.2016,5,2016,True,har_gpr,0.033591392654795,0.0357132459469391
66,29.01.2016,5,2016,True,har_gpr,0.0340868874282121,0.03501222271432083
66,01.02.2016,5,2016,True,har_gpr,0.0340857975677509,0.033987907180101425
66,02.02.2016,5,2016,True,har_gpr,0.0331833810802896,0.03188211257818121
66,03.02.2016,5,2016,True,har_gpr,0.0326522075206951,0.036058629795327875
66,04.02.2016,5,2016,True,har_gpr,0.0329042917948635,0.03854381880900437
66,05.02.2016,5,2016,True,har_gpr,0.0332152864288569,0.035910089879073646
66,08.02.2016,5,2016,True,har_gpr,0.0328349220625455,0.03564656376765753
66,09.02.2016,5,2016,True,har_gpr,0.0310272848139585,0.03673763947836501
66,10.02.2016,5,2016,True,har_gpr,0.0310705249549908,0.03942603311074198
66,11.02.2016,5,2016,True,har_gpr,0.030802174250808,0.03624288202031342
66,12.02.2016,5,2016,True,har_gpr,0.0283795008212723,0.03658188768521866
66,16.02.2016,5,2016,True,har_gpr,0.0279156195407014,0.04431922498715004
66,17.02.2016,5,2016,True,har_gpr,0.0267855655087087,0.04577920182770478
66,18.02.2016,5,2016,True,har_gpr,0.0267941776744929,0.04541946648692252
66,19.02.2016,5,2016,True,har_gpr,0.0262506915203871,0.04325111723213311
66,22.02.2016,5,2016,True,har_gpr,0.0257673595375073,0.04450831213295942
66,23.02.2016,5,2016,True,har_gpr,0.0251069297735968,0.04212019431740949
66,24.02.2016,5,2016,True,har_gpr,0.0249054462375496,0.041592669252400086
66,25.02.2016,5,2016,True,har_gpr,0.0247838670316241,0.04052320008103864
66,26.02.2016,5,2016,True,har_gpr,0.0247560268804105,0.04008408459570872
66,29.02.2016,5,2016,True,har_gpr,0.024640132074218,0.03893563528648899
66,01.03.2016,5,2016,True,har_gpr,0.0246840907137276,0.038050719420814456
66,02.03.2016,5,2016,True,har_gpr,0.0245913670861854,0.03636827850043501
66,03.03.2016,5,2016,True,har_gpr,0.0246405605969067,0.035914954014763446
66,04.03.2016,5,2016,True,har_gpr,0.024246353838059,0.033745845455384144
66,07.03.2016,5,2016,True,har_gpr,0.0235388388543151,0.03554049555082583
66,08.03.2016,5,2016,True,har_gpr,0.0234955565116109,0.03455204408268293
66,09.03.2016,5,2016,True,har_gpr,0.0231789715265938,0.0343502206821369
66,10.03.2016,5,2016,True,har_gpr,0.0229725660634477,0.03154917600689671
66,11.03.2016,5,2016,True,har_gpr,0.0231036942627101,0.03224103226819892
66,14.03.2016,5,2016,True,har_gpr,0.0234324906970947,0.03092710799036229
66,15.03.2016,5,2016,True,har_gpr,0.0237247874004921,0.03157610304385801
66,16.03.2016,5,2016,True,har_gpr,0.0235085850520266,0.03087895799396536
66,17.03.2016,5,2016,True,har_gpr,0.0232853155649617,0.030285169449403328
66,18.03.2016,5,2016,True,har_gpr,0.0233472310379498,0.03008522947673009
66,21.03.2016,5,2016,True,har_gpr,0.0234383686066493,0.028493521417917875
66,22.03.2016,5,2016,True,har_gpr,0.024339540328837,0.024810649630895354
66,23.03.2016,5,2016,True,har_gpr,0.024221439376069,0.022766632359709944
66,24.03.2016,5,2016,True,har_gpr,0.0244504576600171,0.024483294340864617
66,28.03.2016,5,2016,True,har_gpr,0.0248796886230259,0.022954906558402353
66,29.03.2016,5,2016,True,har_gpr,0.0247133342684305,0.025260634076323542
66,30.03.2016,5,2016,True,har_gpr,0.0247132885805896,0.026521282750102328
66,31.03.2016,5,2016,True,har_gpr,0.0252402060616035,0.025705909060700805
66,01.04.2016,5,2016,True,har_gpr,0.0253021145148707,0.025430889146973945
66,04.04.2016,5,2016,True,har_gpr,0.0252851675251977,0.025234306929329965
66,05.04.2016,5,2016,True,har_gpr,0.0252907109648141,0.025617060799909237
66,06.04.2016,5,2016,True,har_gpr,0.0246390330569344,0.022339696189288827
66,07.04.2016,5,2016,True,har_gpr,0.0251894502839593,0.025708296821469925
66,08.04.2016,5,2016,True,har_gpr,0.0248417620570406,0.023787384771813483
66,11.04.2016,5,2016,True,har_gpr,0.0248767628983447,0.027833988646080176
66,12.04.2016,5,2016,True,har_gpr,0.0243490421348084,0.026760487706763723
66,13.04.2016,5,2016,True,har_gpr,0.024368467068487,0.027685553686066233
66,14.04.2016,5,2016,True,har_gpr,0.0243618146222836,0.02681479538757367
66,15.04.2016,5,2016,True,har_gpr,0.0242871456861072,0.026085848582288962
66,18.04.2016,5,2016,True,har_gpr,0.0244301673237056,0.025759480373463067
66,19.04.2016,5,2016,True,har_gpr,0.0242789571109383,0.02443189906555101
66,20.04.2016,5,2016,True,har_gpr,0.023934083444988,0.02484847724742141
66,21.04.2016,5,2016,True,har_gpr,0.0236847231869507,0.02645702076879205
66,22.04.2016,5,2016,True,har_gpr,0.0239487311647227,0.02628247671290295
66,25.04.2016,5,2016,True,har_gpr,0.0239863189220033,0.0256924989967566
66,26.04.2016,5,2016,True,har_gpr,0.0237260619155297,0.02651497125774671
66,27.04.2016,5,2016,True,har_gpr,0.0233844908028181,0.026546683555197743
66,28.04.2016,5,2016,True,har_gpr,0.0232853631041385,0.026744661221644726
66,29.04.2016,5,2016,True,har_gpr,0.023631472153815,0.02592456601505863
66,02.05.2016,5,2016,True,har_gpr,0.0238978141585299,0.02544608845568047
66,03.05.2016,5,2016,True,har_gpr,0.0236545035081404,0.021698591659273656
66,04.05.2016,5,2016,True,har_gpr,0.0231583397194522,0.023972721415743758
66,05.05.2016,5,2016,True,har_gpr,0.0231620033455816,0.025421654128976113
66,06.05.2016,5,2016,True,har_gpr,0.02328120106148,0.023934882684370006
66,09.05.2016,5,2016,True,har_gpr,0.023410515286628,0.022119684205697113
66,10.05.2016,5,2016,True,har_gpr,0.0229561122264549,0.024806514459153144
66,11.05.2016,5,2016,True,har_gpr,0.0225686037838237,0.02565060687554668
66,12.05.2016,5,2016,True,har_gpr,0.0226434300120298,0.026437299613498815
66,13.05.2016,5,2016,True,har_gpr,0.0226814441114262,0.025346283124109248
66,16.05.2016,5,2016,True,har_gpr,0.022639019973003,0.025056973342911185
66,17.05.2016,5,2016,True,har_gpr,0.0226278585096624,0.024245985791185993
66,18.05.2016,5,2016,True,har_gpr,0.0230144703647591,0.02336211644851435
66,19.05.2016,5,2016,True,har_gpr,0.0230967675846984,0.02228613815298174
66,20.05.2016,5,2016,True,har_gpr,0.0232104021761401,0.021548251835304934
66,23.05.2016,5,2016,True,har_gpr,0.0232399979578756,0.021472974222729577
66,24.05.2016,5,2016,True,har_gpr,0.0232389127274705,0.023074558837803884
66,25.05.2016,5,2016,True,har_gpr,0.0231255430218379,0.022603018060664413
66,26.05.2016,5,2016,True,har_gpr,0.0232301949076346,0.023335013967168583
66,27.05.2016,5,2016,True,har_gpr,0.023468392276824,0.022546030506553166
66,31.05.2016,5,2016,True,har_gpr,0.0234464115030404,0.022681030566973712
66,01.06.2016,5,2016,True,har_gpr,0.023450673661264,0.020206812842061755
66,02.06.2016,5,2016,True,har_gpr,0.02346517781637,0.019360995771271056
66,03.06.2016,5,2016,True,har_gpr,0.0235293996695718,0.017155726642418375
66,06.06.2016,5,2016,True,har_gpr,0.0239730451088494,0.017421312290875613
66,07.06.2016,5,2016,True,har_gpr,0.0243734836727554,0.01918281738140974
66,08.06.2016,5,2016,True,har_gpr,0.0242421401302901,0.017491162300621213
66,09.06.2016,5,2016,True,har_gpr,0.0243997232660823,0.01655144728041299
66,10.06.2016,5,2016,True,har_gpr,0.0243896832272308,0.014983605641664646
66,13.06.2016,5,2016,True,har_gpr,0.0244824208493345,0.01705507301539552
66,14.06.2016,5,2016,True,har_gpr,0.0245418482135053,0.017845282586827046
66,15.06.2016,5,2016,True,har_gpr,0.0244666236095682,0.017463349634406863
66,16.06.2016,5,2016,True,har_gpr,0.0240482871024402,0.017419346007513988
66,17.06.2016,5,2016,True,har_gpr,0.0236309708379069,0.01965566162289005
66,20.06.2016,5,2016,True,har_gpr,0.0234353071861385,0.022454953076027125
66,21.06.2016,5,2016,True,har_gpr,0.0238668208346121,0.02087617367589638
66,22.06.2016,5,2016,True,har_gpr,0.0241452126232272,0.01990421563045042
66,23.06.2016,5,2016,True,har_gpr,0.0242533790029677,0.02050210505638598
66,24.06.2016,5,2016,True,har_gpr,0.0245454442894021,0.01994408069353492
66,27.06.2016,5,2016,True,har_gpr,0.0243611337702648,0.023302970348282902
66,28.06.2016,5,2016,True,har_gpr,0.0240944683804483,0.022551504658323694
66,29.06.2016,5,2016,True,har_gpr,0.0235495195128631,0.023689427607372505
66,30.06.2016,5,2016,True,har_gpr,0.0238467209118882,0.025474467476575394
66,01.07.2016,5,2016,True,har_gpr,0.0239579873822711,0.02496083880337744
66,05.07.2016,5,2016,True,har_gpr,0.0234963773876901,0.023820060782638798
66,06.07.2016,5,2016,True,har_gpr,0.023459617591221,0.027470691039635245
66,07.07.2016,5,2016,True,har_gpr,0.0225825535443896,0.026700208553182853
66,08.07.2016,5,2016,True,har_gpr,0.0226295992112274,0.02831477532806063
66,11.07.2016,5,2016,True,har_gpr,0.0225775090912584,0.02727657469256469
66,12.07.2016,5,2016,True,har_gpr,0.0218649406885129,0.02534493156141541
66,13.07.2016,5,2016,True,har_gpr,0.0210725004412618,0.02819753983332209
66,14.07.2016,5,2016,True,har_gpr,0.0208922044433374,0.029404685639172114
66,15.07.2016,5,2016,True,har_gpr,0.0210004820513698,0.028610443336060307
66,18.07.2016,5,2016,True,har_gpr,0.0211675393304085,0.027433072948381626
66,19.07.2016,5,2016,True,har_gpr,0.0211593311089339,0.02838312714594209
66,20.07.2016,5,2016,True,har_gpr,0.0211483118613921,0.0269387684420731
66,21.07.2016,5,2016,True,har_gpr,0.0210458118069826,0.0263935351631931
66,22.07.2016,5,2016,True,har_gpr,0.0211002546854274,0.02666411123955886
66,25.07.2016,5,2016,True,har_gpr,0.0209300705140545,0.025988620668215195
66,26.07.2016,5,2016,True,har_gpr,0.0210333469803121,0.025240238417399686
66,27.07.2016,5,2016,True,har_gpr,0.0209652076846742,0.024517583387431235
66,28.07.2016,5,2016,True,har_gpr,0.0208241141979067,0.02505722391915336
66,29.07.2016,5,2016,True,har_gpr,0.0211929803990656,0.02331011298703476
66,01.08.2016,5,2016,True,har_gpr,0.021247338941143,0.022931093866064626
66,02.08.2016,5,2016,True,har_gpr,0.0212639954458399,0.023405583027466495
66,03.08.2016,5,2016,True,har_gpr,0.0209942939907619,0.02311629280112252
66,04.08.2016,5,2016,True,har_gpr,0.0207406704470851,0.024603587325429166
66,05.08.2016,5,2016,True,har_gpr,0.0207548638299785,0.023824620003561746
66,08.08.2016,5,2016,True,har_gpr,0.0205813437729521,0.022912794431014308
66,09.08.2016,5,2016,True,har_gpr,0.0209124105412983,0.023166594109088237
66,10.08.2016,5,2016,True,har_gpr,0.0218294512533878,0.02086787978506352
66,11.08.2016,5,2016,True,har_gpr,0.0211688056503974,0.0201680789673011
66,12.08.2016,5,2016,True,har_gpr,0.0210265948834692,0.02240083185918742
66,15.08.2016,5,2016,True,har_gpr,0.0207359708768601,0.021987547515956142
66,16.08.2016,5,2016,True,har_gpr,0.0212868413043521,0.02283231624639395
66,17.08.2016,5,2016,True,har_gpr,0.0212365179670241,0.022438878318782007
66,18.08.2016,5,2016,True,har_gpr,0.0210787606788912,0.02148476265256625
66,19.08.2016,5,2016,True,har_gpr,0.0215135673973021,0.02105149793917461
66,22.08.2016,5,2016,True,har_gpr,0.0212741847217899,0.02061344955185921
66,23.08.2016,5,2016,True,har_gpr,0.0217062756896567,0.022964134385444625
66,24.08.2016,5,2016,True,har_gpr,0.024019586856678,0.022485472127586413
66,25.08.2016,5,2016,True,har_gpr,0.0239717674214771,0.022039468745640715
66,26.08.2016,5,2016,True,har_gpr,0.0257309203647134,0.021314053613052157
66,29.08.2016,5,2016,True,har_gpr,0.025681313219147,0.020988202618801938
66,30.08.2016,5,2016,True,har_gpr,0.0256851812516076,0.022605206108954976
66,31.08.2016,5,2016,True,har_gpr,0.0255316769249476,0.022771739241326347
66,01.09.2016,5,2016,True,har_gpr,0.0255959957138236,0.02360110626378652
66,02.09.2016,5,2016,True,har_gpr,0.0255926729377136,0.022162768022091148
66,06.09.2016,5,2016,True,har_gpr,0.0257287387411063,0.022165697141359266
66,07.09.2016,5,2016,True,har_gpr,0.0256811511618886,0.019819855313082148
66,08.09.2016,5,2016,True,har_gpr,0.0255825948248463,0.020136996136353683
66,09.09.2016,5,2016,True,har_gpr,0.0250498964557102,0.021479621726913645
66,12.09.2016,5,2016,True,har_gpr,0.0251647633800065,0.02257232661313477
66,13.09.2016,5,2016,True,har_gpr,0.0249454032738868,0.021943230653987515
66,14.09.2016,5,2016,True,har_gpr,0.0246842661562676,0.022595106752725944
66,15.09.2016,5,2016,True,har_gpr,0.0247386012134778,0.022786535276183087
66,16.09.2016,5,2016,True,har_gpr,0.0246306268605641,0.021942146720392287
66,19.09.2016,5,2016,True,har_gpr,0.0246304123574338,0.021362463132973356
66,20.09.2016,5,2016,True,har_gpr,0.0246838147210455,0.02452267681238301
66,21.09.2016,5,2016,True,har_gpr,0.0245873340323075,0.02364102158702494
66,22.09.2016,5,2016,True,har_gpr,0.0245244873988484,0.024211921424627726
66,23.09.2016,5,2016,True,har_gpr,0.0240097784357906,0.024237000491708696
66,26.09.2016,5,2016,True,har_gpr,0.0238148812786124,0.02610107371261361
66,27.09.2016,5,2016,True,har_gpr,0.0235477231258782,0.023389688332288678
66,28.09.2016,5,2016,True,har_gpr,0.022555348788726,0.024043773283395818
66,29.09.2016,5,2016,True,har_gpr,0.0225287797666268,0.027443175569762935
66,30.09.2016,5,2016,True,har_gpr,0.0230725625421857,0.025616342791954648
66,03.10.2016,5,2016,True,har_gpr,0.0232877412698777,0.024919600761966792
66,04.10.2016,5,2016,True,har_gpr,0.0231182756888981,0.023699616068254895
66,05.10.2016,5,2016,True,har_gpr,0.0230862091901621,0.024885508087286734
66,06.10.2016,5,2016,True,har_gpr,0.023083093475368,0.02376689597202141
66,07.10.2016,5,2016,True,har_gpr,0.0230350036821104,0.02278527358188804
66,11.10.2016,5,2016,True,har_gpr,0.0232914517904755,0.02185516508931018
66,12.10.2016,5,2016,True,har_gpr,0.0232483313253275,0.02243946563625834
66,13.10.2016,5,2016,True,har_gpr,0.0234255395262196,0.021903379987166034
66,14.10.2016,5,2016,True,har_gpr,0.0234339771950011,0.020784756780661127
66,17.10.2016,5,2016,True,har_gpr,0.0234079113871858,0.020525296584802115
66,18.10.2016,5,2016,True,har_gpr,0.023425253339455,0.0203424692609808
66,19.10.2016,5,2016,True,har_gpr,0.0234484445963607,0.020077012327940666
66,20.10.2016,5,2016,True,har_gpr,0.0232922004984512,0.02083196254494936
66,21.10.2016,5,2016,True,har_gpr,0.0232906282478235,0.021910109897806167
66,24.10.2016,5,2016,True,har_gpr,0.0232911021396535,0.021344320179616738
66,25.10.2016,5,2016,True,har_gpr,0.0232238693771326,0.020552341912884044
66,26.10.2016,5,2016,True,har_gpr,0.0231887641211888,0.020506523260648484
66,27.10.2016,5,2016,True,har_gpr,0.0231701368942371,0.01967846237035327
66,28.10.2016,5,2016,True,har_gpr,0.0232231601488762,0.016770105131163122
66,31.10.2016,5,2016,True,har_gpr,0.0229755597006773,0.017028806383090307
66,01.11.2016,5,2016,True,har_gpr,0.0229751067476388,0.018877408595160027
66,02.11.2016,5,2016,True,har_gpr,0.0226196861080501,0.01812407939499426
66,03.11.2016,5,2016,True,har_gpr,0.0226447161314291,0.018590183434444622
66,04.11.2016,5,2016,True,har_gpr,0.0226883423939135,0.017086294800898086
66,07.11.2016,5,2016,True,har_gpr,0.0226629890921739,0.01698173369778219
66,08.11.2016,5,2016,True,har_gpr,0.0226693874182483,0.016360557800456504
66,09.11.2016,5,2016,True,har_gpr,0.0226709728426835,0.01579022004597287
66,10.11.2016,5,2016,True,har_gpr,0.0226028914069809,0.01579680898192405
66,14.11.2016,5,2016,True,har_gpr,0.0222403942546572,0.015847185933437282
66,15.11.2016,5,2016,True,har_gpr,0.0213975079792596,0.017750386174047412
66,16.11.2016,5,2016,True,har_gpr,0.0214030316480168,0.022772063736908474
66,17.11.2016,5,2016,True,har_gpr,0.0214546544773057,0.021311138991292902
66,18.11.2016,5,2016,True,har_gpr,0.0214502758578171,0.02073369558508343
66,21.11.2016,5,2016,True,har_gpr,0.0208857580239052,0.02068112800623977
66,22.11.2016,5,2016,True,har_gpr,0.020884411663389,0.02272813706101874
66,23.11.2016,5,2016,True,har_gpr,0.0209204794231531,0.02104460368488555
66,25.11.2016,5,2016,True,har_gpr,0.0204502938094076,0.020886612991065406
66,28.11.2016,5,2016,True,har_gpr,0.0203206484237941,0.023084570644560657
66,29.11.2016,5,2016,True,har_gpr,0.0196526215548284,0.023516483699641842
66,30.11.2016,5,2016,True,har_gpr,0.018021971726188,0.02460762880643418
66,01.12.2016,5,2016,True,har_gpr,0.0181612137331028,0.03122531878359964
66,02.12.2016,5,2016,True,har_gpr,0.0156085590334577,0.02871694917763384
66,05.12.2016,5,2016,True,har_gpr,0.0155619930176506,0.032908432541049255
66,06.12.2016,5,2016,True,har_gpr,0.0154357565769668,0.031356143126303096
66,07.12.2016,5,2016,True,har_gpr,0.0154555861621749,0.031279031434029526
66,08.12.2016,5,2016,True,har_gpr,0.0153091665637168,0.030960885134681686
66,09.12.2016,5,2016,True,har_gpr,0.0152707101815799,0.030910004688350742
66,12.12.2016,5,2016,True,har_gpr,0.0149368020095709,0.029115918879412082
66,13.12.2016,5,2016,True,har_gpr,0.0150044957619415,0.029301926083122633
66,14.12.2016,5,2016,True,har_gpr,0.014482073009429,0.027577657209324348
66,15.12.2016,5,2016,True,har_gpr,0.0144768355411512,0.02882129954063469
66,16.12.2016,5,2016,True,har_gpr,0.0142135570760663,0.027734703078336788
66,19.12.2016,5,2016,True,har_gpr,0.0142047637650645,0.02848854878597165
66,20.12.2016,5,2016,True,har_gpr,0.0142462102828316,0.028184247537088526
66,21.12.2016,5,2016,True,har_gpr,0.0143767260268329,0.027692876761314888
66,22.12.2016,5,2016,True,har_gpr,0.0143704721541457,0.027747468226195372
66,23.12.2016,5,2016,True,har_gpr,0.0143686150435114,0.027597217101812312
66,27.12.2016,5,2016,True,har_gpr,0.0142253912266675,0.02619231858331909
66,28.12.2016,5,2016,True,har_gpr,0.0144409808852709,0.027604033688670006
66,29.12.2016,5,2016,True,har_gpr,0.0144491861784991,0.02598299735330764
66,30.12.2016,5,2016,True,har_gpr,0.0145035326492715,0.022041238842170654
66,04.01.2016,5,2016,True,har_x,0.039251550191823,0.025047318752804477
66,05.01.2016,5,2016,True,har_x,0.0392097043750951,0.025988182558015098
66,06.01.2016,5,2016,True,har_x,0.0386728384930454,0.02617209225132302
66,07.01.2016,5,2016,True,har_x,0.0386550974813686,0.02800677693788501
66,08.01.2016,5,2016,True,har_x,0.038662828130272,0.028864838684375962
66,11.01.2016,5,2016,True,har_x,0.0378833907339834,0.028585979861528887
66,12.01.2016,5,2016,True,har_x,0.0377529154174112,0.03194363927129256
66,13.01.2016,5,2016,True,har_x,0.0377273322714051,0.032181691513276565
66,14.01.2016,5,2016,True,har_x,0.0378937592410505,0.030139232418315304
66,15.01.2016,5,2016,True,har_x,0.0381170263824514,0.02922097168525632
66,19.01.2016,5,2016,True,har_x,0.0367626151104466,0.030697165781085643
66,20.01.2016,5,2016,True,har_x,0.0365518613464334,0.03427598966632988
66,21.01.2016,5,2016,True,har_x,0.0362892676768417,0.03529173996148732
66,22.01.2016,5,2016,True,har_x,0.034697995586761,0.03530312238816165
66,25.01.2016,5,2016,True,har_x,0.0339343121914222,0.035801328792106436
66,26.01.2016,5,2016,True,har_x,0.0336637804679298,0.03532526089180488
66,27.01.2016,5,2016,True,har_x,0.0334070974954303,0.03516716377157701
66,28.01.2016,5,2016,True,har_x,0.033591392654795,0.03500948242354141
66,29.01.2016,5,2016,True,har_x,0.0340868874282121,0.034880955878075715
66,01.02.2016,5,2016,True,har_x,0.0340857975677509,0.03289893185488399
66,02.02.2016,5,2016,True,har_x,0.0331833810802896,0.03441560059736904
66,03.02.2016,5,2016,True,har_x,0.0326522075206951,0.036688530875064976
66,04.02.2016,5,2016,True,har_x,0.0329042917948635,0.03702536047657204
66,05.02.2016,5,2016,True,har_x,0.0332152864288569,0.03567940769653517
66,08.02.2016,5,2016,True,har_x,0.0328349220625455,0.035532147726951596
66,09.02.2016,5,2016,True,har_x,0.0310272848139585,0.03662753696042371
66,10.02.2016,5,2016,True,har_x,0.0310705249549908,0.039191075808336244
66,11.02.2016,5,2016,True,har_x,0.030802174250808,0.03800568500044942
66,12.02.2016,5,2016,True,har_x,0.0283795008212723,0.04029131989975322
66,16.02.2016,5,2016,True,har_x,0.0279156195407014,0.04329726430011655
66,17.02.2016,5,2016,True,har_x,0.0267855655087087,0.04117229528267991
66,18.02.2016,5,2016,True,har_x,0.0267941776744929,0.040428722371608675
66,19.02.2016,5,2016,True,har_x,0.0262506915203871,0.03869491671270749
66,22.02.2016,5,2016,True,har_x,0.0257673595375073,0.03717160756635571
66,23.02.2016,5,2016,True,har_x,0.0251069297735968,0.036832586240914976
66,24.02.2016,5,2016,True,har_x,0.0249054462375496,0.03755086546040478
66,25.02.2016,5,2016,True,har_x,0.0247838670316241,0.037627670263696816
66,26.02.2016,5,2016,True,har_x,0.0247560268804105,0.036518367965564395
66,29.02.2016,5,2016,True,har_x,0.024640132074218,0.03454697136485026
66,01.03.2016,5,2016,True,har_x,0.0246840907137276,0.03385626456112704
66,02.03.2016,5,2016,True,har_x,0.0245913670861854,0.03194015812411888
66,03.03.2016,5,2016,True,har_x,0.0246405605969067,0.030590781940736327
66,04.03.2016,5,2016,True,har_x,0.024246353838059,0.029593365698000158
66,07.03.2016,5,2016,True,har_x,0.0235388388543151,0.0300249222081436
66,08.03.2016,5,2016,True,har_x,0.0234955565116109,0.029426601421618622
66,09.03.2016,5,2016,True,har_x,0.0231789715265938,0.029769957210890433
66,10.03.2016,5,2016,True,har_x,0.0229725660634477,0.028210531397830498
66,11.03.2016,5,2016,True,har_x,0.0231036942627101,0.028432793667232895
66,14.03.2016,5,2016,True,har_x,0.0234324906970947,0.027290584246494286
66,15.03.2016,5,2016,True,har_x,0.0237247874004921,0.029257389418152
66,16.03.2016,5,2016,True,har_x,0.0235085850520266,0.02859123825296723
66,17.03.2016,5,2016,True,har_x,0.0232853155649617,0.02656205677364893
66,18.03.2016,5,2016,True,har_x,0.0233472310379498,0.02735417894416982
66,21.03.2016,5,2016,True,har_x,0.0234383686066493,0.026333368144493954
66,22.03.2016,5,2016,True,har_x,0.024339540328837,0.024420854460264277
66,23.03.2016,5,2016,True,har_x,0.024221439376069,0.02349853188187443
66,24.03.2016,5,2016,True,har_x,0.0244504576600171,0.024283647682794417
66,28.03.2016,5,2016,True,har_x,0.0248796886230259,0.023834082623422025
66,29.03.2016,5,2016,True,har_x,0.0247133342684305,0.025847892648944108
66,30.03.2016,5,2016,True,har_x,0.0247132885805896,0.026578579212958104
66,31.03.2016,5,2016,True,har_x,0.0252402060616035,0.026110011389351272
66,01.04.2016,5,2016,True,har_x,0.0253021145148707,0.025880338507293914
66,04.04.2016,5,2016,True,har_x,0.0252851675251977,0.02653853425639413
66,05.04.2016,5,2016,True,har_x,0.0252907109648141,0.027204338960365667
66,06.04.2016,5,2016,True,har_x,0.0246390330569344,0.0258171824358698
66,07.04.2016,5,2016,True,har_x,0.0251894502839593,0.025353550720063966
66,08.04.2016,5,2016,True,har_x,0.0248417620570406,0.024766589084988255
66,11.04.2016,5,2016,True,har_x,0.0248767628983447,0.02649168976137389
66,12.04.2016,5,2016,True,har_x,0.0243490421348084,0.02687011549808236
66,13.04.2016,5,2016,True,har_x,0.024368467068487,0.02711931457383395
66,14.04.2016,5,2016,True,har_x,0.0243618146222836,0.026726947042772183
66,15.04.2016,5,2016,True,har_x,0.0242871456861072,0.025542535338111065
66,18.04.2016,5,2016,True,har_x,0.0244301673237056,0.027487882068601692
66,19.04.2016,5,2016,True,har_x,0.0242789571109383,0.024628423205731068
66,20.04.2016,5,2016,True,har_x,0.023934083444988,0.023811394069470717
66,21.04.2016,5,2016,True,har_x,0.0236847231869507,0.024214677483951015
66,22.04.2016,5,2016,True,har_x,0.0239487311647227,0.024155731651058936
66,25.04.2016,5,2016,True,har_x,0.0239863189220033,0.023176217578359942
66,26.04.2016,5,2016,True,har_x,0.0237260619155297,0.024627785664370922
66,27.04.2016,5,2016,True,har_x,0.0233844908028181,0.02443321647819182
66,28.04.2016,5,2016,True,har_x,0.0232853631041385,0.024543001247543633
66,29.04.2016,5,2016,True,har_x,0.023631472153815,0.02391183548797494
66,02.05.2016,5,2016,True,har_x,0.0238978141585299,0.023541581016404415
66,03.05.2016,5,2016,True,har_x,0.0236545035081404,0.02327498900912189
66,04.05.2016,5,2016,True,har_x,0.0231583397194522,0.024294055475861553
66,05.05.2016,5,2016,True,har_x,0.0231620033455816,0.02436218544085166
66,06.05.2016,5,2016,True,har_x,0.02328120106148,0.023764962729071595
66,09.05.2016,5,2016,True,har_x,0.023410515286628,0.02238065846773594
66,10.05.2016,5,2016,True,har_x,0.0229561122264549,0.024220040353174904
66,11.05.2016,5,2016,True,har_x,0.0225686037838237,0.023739142475626283
66,12.05.2016,5,2016,True,har_x,0.0226434300120298,0.023820994718309306
66,13.05.2016,5,2016,True,har_x,0.0226814441114262,0.023118766491512947
66,16.05.2016,5,2016,True,har_x,0.022639019973003,0.023051046134794688
66,17.05.2016,5,2016,True,har_x,0.0226278585096624,0.02276175981565854
66,18.05.2016,5,2016,True,har_x,0.0230144703647591,0.02271851594513174
66,19.05.2016,5,2016,True,har_x,0.0230967675846984,0.022485161562893857
66,20.05.2016,5,2016,True,har_x,0.0232104021761401,0.022088188000327934
66,23.05.2016,5,2016,True,har_x,0.0232399979578756,0.021158024065322953
66,24.05.2016,5,2016,True,har_x,0.0232389127274705,0.02223724076582573
66,25.05.2016,5,2016,True,har_x,0.0231255430218379,0.021531403271846602
66,26.05.2016,5,2016,True,har_x,0.0232301949076346,0.02101024498238199
66,27.05.2016,5,2016,True,har_x,0.023468392276824,0.020941575090822326
66,31.05.2016,5,2016,True,har_x,0.0234464115030404,0.020752555381029086
66,01.06.2016,5,2016,True,har_x,0.023450673661264,0.019929893359817978
66,02.06.2016,5,2016,True,har_x,0.02346517781637,0.020462710605236335
66,03.06.2016,5,2016,True,har_x,0.0235293996695718,0.01858771564649796
66,06.06.2016,5,2016,True,har_x,0.0239730451088494,0.017922698688272076
66,07.06.2016,5,2016,True,har_x,0.0243734836727554,0.01926025602423738
66,08.06.2016,5,2016,True,har_x,0.0242421401302901,0.019096528709546777
66,09.06.2016,5,2016,True,har_x,0.0243997232660823,0.018482985412046314
66,10.06.2016,5,2016,True,har_x,0.0243896832272308,0.01835811424964688
66,13.06.2016,5,2016,True,har_x,0.0244824208493345,0.020637404440829
66,14.06.2016,5,2016,True,har_x,0.0245418482135053,0.022361737815948315
66,15.06.2016,5,2016,True,har_x,0.0244666236095682,0.022444683390793443
66,16.06.2016,5,2016,True,har_x,0.0240482871024402,0.0222415994098227
66,17.06.2016,5,2016,True,har_x,0.0236309708379069,0.023700778149757153
66,20.06.2016,5,2016,True,har_x,0.0234353071861385,0.023192466821501077
66,21.06.2016,5,2016,True,har_x,0.0238668208346121,0.020969475505316356
66,22.06.2016,5,2016,True,har_x,0.0241452126232272,0.02110215961286595
66,23.06.2016,5,2016,True,har_x,0.0242533790029677,0.022506765205234782
66,24.06.2016,5,2016,True,har_x,0.0245454442894021,0.021087893688759952
66,27.06.2016,5,2016,True,har_x,0.0243611337702648,0.02344136597810231
66,28.06.2016,5,2016,True,har_x,0.0240944683804483,0.02293364578586375
66,29.06.2016,5,2016,True,har_x,0.0235495195128631,0.02217414190213733
66,30.06.2016,5,2016,True,har_x,0.0238467209118882,0.021934987127868767
66,01.07.2016,5,2016,True,har_x,0.0239579873822711,0.021579735095723772
66,05.07.2016,5,2016,True,har_x,0.0234963773876901,0.020384809990710268
66,06.07.2016,5,2016,True,har_x,0.023459617591221,0.023766699276697067
66,07.07.2016,5,2016,True,har_x,0.0225825535443896,0.023981226873566238
66,08.07.2016,5,2016,True,har_x,0.0226295992112274,0.02530829172830663
66,11.07.2016,5,2016,True,har_x,0.0225775090912584,0.024042852420448974
66,12.07.2016,5,2016,True,har_x,0.0218649406885129,0.023316473727182006
66,13.07.2016,5,2016,True,har_x,0.0210725004412618,0.02311410589633457
66,14.07.2016,5,2016,True,har_x,0.0208922044433374,0.024813849619984098
66,15.07.2016,5,2016,True,har_x,0.0210004820513698,0.02249805290896339
66,18.07.2016,5,2016,True,har_x,0.0211675393304085,0.021427068432410906
66,19.07.2016,5,2016,True,har_x,0.0211593311089339,0.023160358910047186
66,20.07.2016,5,2016,True,har_x,0.0211483118613921,0.022335477907117676
66,21.07.2016,5,2016,True,har_x,0.0210458118069826,0.022108159182942427
66,22.07.2016,5,2016,True,har_x,0.0211002546854274,0.022681830671579122
66,25.07.2016,5,2016,True,har_x,0.0209300705140545,0.0227435317026133
66,26.07.2016,5,2016,True,har_x,0.0210333469803121,0.02319616972685438
66,27.07.2016,5,2016,True,har_x,0.0209652076846742,0.023031428549335105
66,28.07.2016,5,2016,True,har_x,0.0208241141979067,0.02347701831224577
66,29.07.2016,5,2016,True,har_x,0.0211929803990656,0.023508823640463306
66,01.08.2016,5,2016,True,har_x,0.021247338941143,0.02258877204740595
66,02.08.2016,5,2016,True,har_x,0.0212639954458399,0.024173743628010797
66,03.08.2016,5,2016,True,har_x,0.0209942939907619,0.024797127058817064
66,04.08.2016,5,2016,True,har_x,0.0207406704470851,0.024856574212534472
66,05.08.2016,5,2016,True,har_x,0.0207548638299785,0.024028229366677475
66,08.08.2016,5,2016,True,har_x,0.0205813437729521,0.022979193310519713
66,09.08.2016,5,2016,True,har_x,0.0209124105412983,0.022781970797460922
66,10.08.2016,5,2016,True,har_x,0.0218294512533878,0.021558228065551008
66,11.08.2016,5,2016,True,har_x,0.0211688056503974,0.021306720000454454
66,12.08.2016,5,2016,True,har_x,0.0210265948834692,0.02200617601657071
66,15.08.2016,5,2016,True,har_x,0.0207359708768601,0.021132885850388142
66,16.08.2016,5,2016,True,har_x,0.0212868413043521,0.021150262957554858
66,17.08.2016,5,2016,True,har_x,0.0212365179670241,0.02103902633441159
66,18.08.2016,5,2016,True,har_x,0.0210787606788912,0.019772587663494504
66,19.08.2016,5,2016,True,har_x,0.0215135673973021,0.020355204724674524
66,22.08.2016,5,2016,True,har_x,0.0212741847217899,0.019378207787662617
66,23.08.2016,5,2016,True,har_x,0.0217062756896567,0.020755534355543736
66,24.08.2016,5,2016,True,har_x,0.024019586856678,0.020973440219090186
66,25.08.2016,5,2016,True,har_x,0.0239717674214771,0.020858500340793344
66,26.08.2016,5,2016,True,har_x,0.0257309203647134,0.020353818076697415
66,29.08.2016,5,2016,True,har_x,0.025681313219147,0.019939507859437988
66,30.08.2016,5,2016,True,har_x,0.0256851812516076,0.021478247992933144
66,31.08.2016,5,2016,True,har_x,0.0255316769249476,0.022077422702220142
66,01.09.2016,5,2016,True,har_x,0.0255959957138236,0.02294773370050481
66,02.09.2016,5,2016,True,har_x,0.0255926729377136,0.023104077046090264
66,06.09.2016,5,2016,True,har_x,0.0257287387411063,0.02207517989306127
66,07.09.2016,5,2016,True,har_x,0.0256811511618886,0.020842446379766445
66,08.09.2016,5,2016,True,har_x,0.0255825948248463,0.020470822536938684
66,09.09.2016,5,2016,True,har_x,0.0250498964557102,0.020798749901843577
66,12.09.2016,5,2016,True,har_x,0.0251647633800065,0.021725271810396917
66,13.09.2016,5,2016,True,har_x,0.0249454032738868,0.021612533992695693
66,14.09.2016,5,2016,True,har_x,0.0246842661562676,0.022698232079873305
66,15.09.2016,5,2016,True,har_x,0.0247386012134778,0.023310708333425485
66,16.09.2016,5,2016,True,har_x,0.0246306268605641,0.022357181895628787
66,19.09.2016,5,2016,True,har_x,0.0246304123574338,0.021787073906102374
66,20.09.2016,5,2016,True,har_x,0.0246838147210455,0.024207669058648313
66,21.09.2016,5,2016,True,har_x,0.0245873340323075,0.024513010271781054
66,22.09.2016,5,2016,True,har_x,0.0245244873988484,0.024302847859801337
66,23.09.2016,5,2016,True,har_x,0.0240097784357906,0.024987914007413944
66,26.09.2016,5,2016,True,har_x,0.0238148812786124,0.026546219644544757
66,27.09.2016,5,2016,True,har_x,0.0235477231258782,0.024422300875645023
66,28.09.2016,5,2016,True,har_x,0.022555348788726,0.024173233027454718
66,29.09.2016,5,2016,True,har_x,0.0225287797666268,0.02576309128316386
66,30.09.2016,5,2016,True,har_x,0.0230725625421857,0.02372261872108514
66,03.10.2016,5,2016,True,har_x,0.0232877412698777,0.022359358306899144
66,04.10.2016,5,2016,True,har_x,0.0231182756888981,0.020851324834007888
66,05.10.2016,5,2016,True,har_x,0.0230862091901621,0.02118064100308668
66,06.10.2016,5,2016,True,har_x,0.023083093475368,0.020347935278027772
66,07.10.2016,5,2016,True,har_x,0.0230350036821104,0.019772408572835975
66,11.10.2016,5,2016,True,har_x,0.0232914517904755,0.01982902764991866
66,12.10.2016,5,2016,True,har_x,0.0232483313253275,0.02064275999299799
66,13.10.2016,5,2016,True,har_x,0.0234255395262196,0.020911814011043108
66,14.10.2016,5,2016,True,har_x,0.0234339771950011,0.019840273754354553
66,17.10.2016,5,2016,True,har_x,0.0234079113871858,0.01907197583746103
66,18.10.2016,5,2016,True,har_x,0.023425253339455,0.01920440376198585
66,19.10.2016,5,2016,True,har_x,0.0234484445963607,0.019703938976176193
66,20.10.2016,5,2016,True,har_x,0.0232922004984512,0.018521614220058942
66,21.10.2016,5,2016,True,har_x,0.0232906282478235,0.018747768050162004
66,24.10.2016,5,2016,True,har_x,0.0232911021396535,0.018514815275786873
66,25.10.2016,5,2016,True,har_x,0.0232238693771326,0.018425697279254066
66,26.10.2016,5,2016,True,har_x,0.0231887641211888,0.018927710100732367
66,27.10.2016,5,2016,True,har_x,0.0231701368942371,0.019319774833430184
66,28.10.2016,5,2016,True,har_x,0.0232231601488762,0.018775511154317054
66,31.10.2016,5,2016,True,har_x,0.0229755597006773,0.019639817053856194
66,01.11.2016,5,2016,True,har_x,0.0229751067476388,0.02154640169876927
66,02.11.2016,5,2016,True,har_x,0.0226196861080501,0.020827463607384866
66,03.11.2016,5,2016,True,har_x,0.0226447161314291,0.021470325484818184
66,04.11.2016,5,2016,True,har_x,0.0226883423939135,0.02121249665185398
66,07.11.2016,5,2016,True,har_x,0.0226629890921739,0.022120032779079916
66,08.11.2016,5,2016,True,har_x,0.0226693874182483,0.021758614204339874
66,09.11.2016,5,2016,True,har_x,0.0226709728426835,0.021294081096649497
66,10.11.2016,5,2016,True,har_x,0.0226028914069809,0.02036810243796241
66,14.11.2016,5,2016,True,har_x,0.0222403942546572,0.020892901282836874
66,15.11.2016,5,2016,True,har_x,0.0213975079792596,0.025154790088464073
66,16.11.2016,5,2016,True,har_x,0.0214030316480168,0.026279518032761327
66,17.11.2016,5,2016,True,har_x,0.0214546544773057,0.025878766974954052
66,18.11.2016,5,2016,True,har_x,0.0214502758578171,0.02461075221836304
66,21.11.2016,5,2016,True,har_x,0.0208857580239052,0.024299083548586512
66,22.11.2016,5,2016,True,har_x,0.020884411663389,0.024422192273353998
66,23.11.2016,5,2016,True,har_x,0.0209204794231531,0.02412538239490469
66,25.11.2016,5,2016,True,har_x,0.0204502938094076,0.024423282910709134
66,28.11.2016,5,2016,True,har_x,0.0203206484237941,0.02760790165795038
66,29.11.2016,5,2016,True,har_x,0.0196526215548284,0.027417760732645964
66,30.11.2016,5,2016,True,har_x,0.018021971726188,0.028813314810422746
66,01.12.2016,5,2016,True,har_x,0.0181612137331028,0.026402130904913397
66,02.12.2016,5,2016,True,har_x,0.0156085590334577,0.023698272471205838
66,05.12.2016,5,2016,True,har_x,0.0155619930176506,0.023204089519899093
66,06.12.2016,5,2016,True,har_x,0.0154357565769668,0.023094554161074855
66,07.12.2016,5,2016,True,har_x,0.0154555861621749,0.023157834861441604
66,08.12.2016,5,2016,True,har_x,0.0153091665637168,0.022605211001160506
66,09.12.2016,5,2016,True,har_x,0.0152707101815799,0.022172092305040258
66,12.12.2016,5,2016,True,har_x,0.0149368020095709,0.02165510654656036
66,13.12.2016,5,2016,True,har_x,0.0150044957619415,0.01969621097151032
66,14.12.2016,5,2016,True,har_x,0.014482073009429,0.019533993335722134
66,15.12.2016,5,2016,True,har_x,0.0144768355411512,0.021142020815461352
66,16.12.2016,5,2016,True,har_x,0.0142135570760663,0.02051232204355879
66,19.12.2016,5,2016,True,har_x,0.0142047637650645,0.01904440747861295
66,20.12.2016,5,2016,True,har_x,0.0142462102828316,0.01894907324970051
66,21.12.2016,5,2016,True,har_x,0.0143767260268329,0.018120640039980773
66,22.12.2016,5,2016,True,har_x,0.0143704721541457,0.018550285787172188
66,23.12.2016,5,2016,True,har_x,0.0143686150435114,0.019252676143769302
66,27.12.2016,5,2016,True,har_x,0.0142253912266675,0.0186829472313953
66,28.12.2016,5,2016,True,har_x,0.0144409808852709,0.019919192372331952
66,29.12.2016,5,2016,True,har_x,0.0144491861784991,0.01940036120423657
66,30.12.2016,5,2016,True,har_x,0.0145035326492715,0.018474221801794775
126,04.01.2016,5,2016,True,har,0.0325831455425556,0.02430232003903707
126,05.01.2016,5,2016,True,har,0.0325413694771395,0.02296436244694177
126,06.01.2016,5,2016,True,har,0.032374070119308,0.02337227414158277
126,07.01.2016,5,2016,True,har,0.0323432906559643,0.025051061986810307
126,08.01.2016,5,2016,True,har,0.0323569829524189,0.023716602950209123
126,11.01.2016,5,2016,True,har,0.0320807567679372,0.023093856080220472
126,12.01.2016,5,2016,True,har,0.0323107802488133,0.025963907082958537
126,13.01.2016,5,2016,True,har,0.0323054720732478,0.02439683455592214
126,14.01.2016,5,2016,True,har,0.0322561869040482,0.023958651535194143
126,15.01.2016,5,2016,True,har,0.0322904221775026,0.024902443664724307
126,19.01.2016,5,2016,True,har,0.0315226414292687,0.02411422321857859
126,20.01.2016,5,2016,True,har,0.0313720787665138,0.02817082375209748
126,21.01.2016,5,2016,True,har,0.0312016469012069,0.027139323646584636
126,22.01.2016,5,2016,True,har,0.0301178292225402,0.029662814541560147
126,25.01.2016,5,2016,True,har,0.0297702989632848,0.035626844755922996
126,26.01.2016,5,2016,True,har,0.0295667877109083,0.03494073697772338
126,27.01.2016,5,2016,True,har,0.0295330486118247,0.034593914175657665
126,28.01.2016,5,2016,True,har,0.0295234020712672,0.03456536043555875
126,29.01.2016,5,2016,True,har,0.0294586125297134,0.033953471764703924
126,01.02.2016,5,2016,True,har,0.0294578156545121,0.033088247309763515
126,02.02.2016,5,2016,True,har,0.0290017557351758,0.030987858374780623
126,03.02.2016,5,2016,True,har,0.0284982549684931,0.03457964488700039
126,04.02.2016,5,2016,True,har,0.0285408275025556,0.03665423015180772
126,05.02.2016,5,2016,True,har,0.0285153336430241,0.03438248928659383
126,08.02.2016,5,2016,True,har,0.0283890172430472,0.03415276799722605
126,09.02.2016,5,2016,True,har,0.0273999417620847,0.03522244222167796
126,10.02.2016,5,2016,True,har,0.0274543680134777,0.037539694995183635
126,11.02.2016,5,2016,True,har,0.0275797332754741,0.03475374962249393
126,12.02.2016,5,2016,True,har,0.0260988415768635,0.03505001109383239
126,16.02.2016,5,2016,True,har,0.0259690521462538,0.04163300708478192
126,17.02.2016,5,2016,True,har,0.0253125028472876,0.04018145228884061
126,18.02.2016,5,2016,True,har,0.0253134722343841,0.03994181933986681
126,19.02.2016,5,2016,True,har,0.0250955713377954,0.03802829085310925
126,22.02.2016,5,2016,True,har,0.0247518866458515,0.03913288470712597
126,23.02.2016,5,2016,True,har,0.0246531665225618,0.0370100957301118
126,24.02.2016,5,2016,True,har,0.0245282077732499,0.036562924853238636
126,25.02.2016,5,2016,True,har,0.0245189724482846,0.03564968964263144
126,26.02.2016,5,2016,True,har,0.0245242274404094,0.035273599907333
126,29.02.2016,5,2016,True,har,0.02444744666493,0.03427601081796468
126,01.03.2016,5,2016,True,har,0.0244872554257768,0.03447978471707884
126,02.03.2016,5,2016,True,har,0.0244598027613882,0.03301990164389727
126,03.03.2016,5,2016,True,har,0.0246050367806878,0.03270296927964377
126,04.03.2016,5,2016,True,har,0.0243192944836216,0.0308725439343102
126,07.03.2016,5,2016,True,har,0.0238766251719111,0.032437819628700154
126,08.03.2016,5,2016,True,har,0.0237275808814959,0.03352608057169326
126,09.03.2016,5,2016,True,har,0.0235657351933164,0.03332720222238236
126,10.03.2016,5,2016,True,har,0.0237101725541663,0.031044331274796437
126,11.03.2016,5,2016,True,har,0.0239977251931647,0.031600656071184494
126,14.03.2016,5,2016,True,har,0.0239134543777399,0.030480302426741546
126,15.03.2016,5,2016,True,har,0.0239574676598052,0.027733972197072503
126,16.03.2016,5,2016,True,har,0.0238366211701518,0.027156154194199544
126,17.03.2016,5,2016,True,har,0.0237371739358831,0.026717228289346973
126,18.03.2016,5,2016,True,har,0.0237816896398344,0.026530190728959277
126,21.03.2016,5,2016,True,har,0.0237740999743976,0.025179777664027174
126,22.03.2016,5,2016,True,har,0.0237703852305619,0.024262124525607717
126,23.03.2016,5,2016,True,har,0.023650603467116,0.022570119084882916
126,24.03.2016,5,2016,True,har,0.0236939005521536,0.024041489285776076
126,28.03.2016,5,2016,True,har,0.0239419247163981,0.022706659138075985
126,29.03.2016,5,2016,True,har,0.0239450169117702,0.022780677387006974
126,30.03.2016,5,2016,True,har,0.0241041325058732,0.023869660644450577
126,31.03.2016,5,2016,True,har,0.0246113719532385,0.02314381957507261
126,01.04.2016,5,2016,True,har,0.0246261986110362,0.0229262807994565
126,04.04.2016,5,2016,True,har,0.0241733312751896,0.022749806473203123
126,05.04.2016,5,2016,True,har,0.0241723994423918,0.025136782825183807
126,06.04.2016,5,2016,True,har,0.0239635992734597,0.02234683342651317
126,07.04.2016,5,2016,True,har,0.023987395265786,0.025231746159377656
126,08.04.2016,5,2016,True,har,0.0234035945216472,0.023568461699778914
126,11.04.2016,5,2016,True,har,0.023367465307106,0.02701816892876456
126,12.04.2016,5,2016,True,har,0.023086851676663,0.02515344165315595
126,13.04.2016,5,2016,True,har,0.0230870138429585,0.025955653448024744
126,14.04.2016,5,2016,True,har,0.0230743423448382,0.02518072659313109
126,15.04.2016,5,2016,True,har,0.0230168147563234,0.02457361261096572
126,18.04.2016,5,2016,True,har,0.0230274108247387,0.024314313063434293
126,19.04.2016,5,2016,True,har,0.0229242458861618,0.023869545424672532
126,20.04.2016,5,2016,True,har,0.0227236382024638,0.024243828685994197
126,21.04.2016,5,2016,True,har,0.0226913385635803,0.025607131206515355
126,22.04.2016,5,2016,True,har,0.0226744514335215,0.025447914147697225
126,25.04.2016,5,2016,True,har,0.0226431907485979,0.024926437607470455
126,26.04.2016,5,2016,True,har,0.0225499109751569,0.025171574018720534
126,27.04.2016,5,2016,True,har,0.0224357976213036,0.02522883080157009
126,28.04.2016,5,2016,True,har,0.0223819044006714,0.02539358640248056
126,29.04.2016,5,2016,True,har,0.0224246887693784,0.024681515427088848
126,02.05.2016,5,2016,True,har,0.0225732697196155,0.024248064760790826
126,03.05.2016,5,2016,True,har,0.0224277322322026,0.022274405451641947
126,04.05.2016,5,2016,True,har,0.0222071419922827,0.02421513214359987
126,05.05.2016,5,2016,True,har,0.0222172682133694,0.025449905893395065
126,06.05.2016,5,2016,True,har,0.0222575307248278,0.024141409270381275
126,09.05.2016,5,2016,True,har,0.0220045493410784,0.022654289641510478
126,10.05.2016,5,2016,True,har,0.0216806611174792,0.024271169925592865
126,11.05.2016,5,2016,True,har,0.0213173108309287,0.024991732288969025
126,12.05.2016,5,2016,True,har,0.0213199430935269,0.025635737018054314
126,13.05.2016,5,2016,True,har,0.0214925666219085,0.024664906312180993
126,16.05.2016,5,2016,True,har,0.0219561536419523,0.024419060248336833
126,17.05.2016,5,2016,True,har,0.0219555683380012,0.024197247436220537
126,18.05.2016,5,2016,True,har,0.0219485930361938,0.023430359834851186
126,19.05.2016,5,2016,True,har,0.0219603237705206,0.02253699559988833
126,20.05.2016,5,2016,True,har,0.0222903606246144,0.02192196096869091
126,23.05.2016,5,2016,True,har,0.0222832100495465,0.021857981778336477
126,24.05.2016,5,2016,True,har,0.0222804907393631,0.0215300473772536
126,25.05.2016,5,2016,True,har,0.0224085914183478,0.021137737751536226
126,26.05.2016,5,2016,True,har,0.0224878383201795,0.021789785191406397
126,27.05.2016,5,2016,True,har,0.0227517382377708,0.02109911889383602
126,31.05.2016,5,2016,True,har,0.0239698916622215,0.021216104304924738
126,01.06.2016,5,2016,True,har,0.0239698954948225,0.0212119985392836
126,02.06.2016,5,2016,True,har,0.0249062416821737,0.020503408978272894
126,03.06.2016,5,2016,True,har,0.0249042787125134,0.01869786031997825
126,06.06.2016,5,2016,True,har,0.024914347676608,0.01892111307885551
126,07.06.2016,5,2016,True,har,0.0249182227784541,0.01945727353589241
126,08.06.2016,5,2016,True,har,0.0248949709007205,0.018071796588788068
126,09.06.2016,5,2016,True,har,0.0248854219871767,0.017309561775126478
126,10.06.2016,5,2016,True,har,0.0248524985702641,0.016009387255700832
126,13.06.2016,5,2016,True,har,0.0248491707591692,0.017756710443964305
126,14.06.2016,5,2016,True,har,0.0250140421522212,0.01701771716660811
126,15.06.2016,5,2016,True,har,0.0249619103256769,0.0167139689270831
126,16.06.2016,5,2016,True,har,0.024798695494443,0.016676826455854585
126,17.06.2016,5,2016,True,har,0.0245452663621206,0.018561940824163577
126,20.06.2016,5,2016,True,har,0.0244171594778278,0.020896508079828298
126,21.06.2016,5,2016,True,har,0.0244633914184239,0.02137319810964145
126,22.06.2016,5,2016,True,har,0.0244412219600469,0.02051122016881892
126,23.06.2016,5,2016,True,har,0.0243777047221089,0.021031732802326553
126,24.06.2016,5,2016,True,har,0.0239845143028718,0.02056854838019149
126,27.06.2016,5,2016,True,har,0.0238587713167137,0.02340585534531254
126,28.06.2016,5,2016,True,har,0.0237244400733584,0.02279131718938735
126,29.06.2016,5,2016,True,har,0.0234540032379133,0.023744771860312472
126,30.06.2016,5,2016,True,har,0.0234172256004718,0.025244972393639056
126,01.07.2016,5,2016,True,har,0.023464256161436,0.024773630603333943
126,05.07.2016,5,2016,True,har,0.0232021682280144,0.023786056505755555
126,06.07.2016,5,2016,True,har,0.0231586298852779,0.025410657572029434
126,07.07.2016,5,2016,True,har,0.022970129115111,0.024728504504872267
126,08.07.2016,5,2016,True,har,0.0230727615539779,0.0261197581635286
126,11.07.2016,5,2016,True,har,0.0231605157214719,0.025178683307147044
126,12.07.2016,5,2016,True,har,0.0228383578808612,0.024986932767948333
126,13.07.2016,5,2016,True,har,0.0224548011065866,0.02741842041133557
126,14.07.2016,5,2016,True,har,0.0223656867861931,0.028416160301978088
126,15.07.2016,5,2016,True,har,0.0225176346730012,0.027704811062509917
126,18.07.2016,5,2016,True,har,0.022480690515792,0.026698346376757366
126,19.07.2016,5,2016,True,har,0.022564265302319,0.026292137515263984
126,20.07.2016,5,2016,True,har,0.0225544754537252,0.025072760700215847
126,21.07.2016,5,2016,True,har,0.0224685362040368,0.024613351070017955
126,22.07.2016,5,2016,True,har,0.0224517569020455,0.0248538240757784
126,25.07.2016,5,2016,True,har,0.0224221993993155,0.024276420395691972
126,26.07.2016,5,2016,True,har,0.0224599478104245,0.023821406573275118
126,27.07.2016,5,2016,True,har,0.0222681457613241,0.023191562418119184
126,28.07.2016,5,2016,True,har,0.0222046021437829,0.023693889378458136
126,29.07.2016,5,2016,True,har,0.0221951977333022,0.022230672083744567
126,01.08.2016,5,2016,True,har,0.0222285490936905,0.021894359701026697
126,02.08.2016,5,2016,True,har,0.0221723059223665,0.021754589389514026
126,03.08.2016,5,2016,True,har,0.0221110627991661,0.0215465069627277
126,04.08.2016,5,2016,True,har,0.0220299787584352,0.022813659520743552
126,05.08.2016,5,2016,True,har,0.0220291510005507,0.02216960935717728
126,08.08.2016,5,2016,True,har,0.0219406373086781,0.021361702082945033
126,09.08.2016,5,2016,True,har,0.021974071353521,0.022390637213560848
126,10.08.2016,5,2016,True,har,0.0219650141923867,0.020466678023556947
126,11.08.2016,5,2016,True,har,0.0216386223745114,0.019924893585402823
126,12.08.2016,5,2016,True,har,0.0215803571570164,0.021817092861161402
126,15.08.2016,5,2016,True,har,0.0214391853004271,0.021425009521024482
126,16.08.2016,5,2016,True,har,0.0213859332723093,0.022062406632630076
126,17.08.2016,5,2016,True,har,0.0213983886620817,0.02171015796341196
126,18.08.2016,5,2016,True,har,0.0213699434415408,0.020892810836754067
126,19.08.2016,5,2016,True,har,0.0213984090343191,0.020542860513522047
126,22.08.2016,5,2016,True,har,0.0211884668092787,0.020148271497491946
126,23.08.2016,5,2016,True,har,0.0211457152938164,0.022242137886577244
126,24.08.2016,5,2016,True,har,0.0210843477248656,0.021808954399704317
126,25.08.2016,5,2016,True,har,0.021058841670508,0.021450064681141624
126,26.08.2016,5,2016,True,har,0.0210754071776817,0.020838827320855707
126,29.08.2016,5,2016,True,har,0.0210737231693712,0.0205558708631431
126,30.08.2016,5,2016,True,har,0.0210029299509356,0.020640422985470884
126,31.08.2016,5,2016,True,har,0.020842064704826,0.02078555522136165
126,01.09.2016,5,2016,True,har,0.0213687332959664,0.021491478453225292
126,02.09.2016,5,2016,True,har,0.0214260638773058,0.020244913826933875
126,06.09.2016,5,2016,True,har,0.0214643503446315,0.020252530667425266
126,07.09.2016,5,2016,True,har,0.0214252092416808,0.02030374710421683
126,08.09.2016,5,2016,True,har,0.0211282475244532,0.020580465294185807
126,09.09.2016,5,2016,True,har,0.0208660436457202,0.02174086277035499
126,12.09.2016,5,2016,True,har,0.0208601649260109,0.022658855585766045
126,13.09.2016,5,2016,True,har,0.0207279475725671,0.021552442536056086
126,14.09.2016,5,2016,True,har,0.0205813414400075,0.022135048660936338
126,15.09.2016,5,2016,True,har,0.0205729752747098,0.02229554871968029
126,16.09.2016,5,2016,True,har,0.0205159320258015,0.021562038955757278
126,19.09.2016,5,2016,True,har,0.0205150917293295,0.021081839868886593
126,20.09.2016,5,2016,True,har,0.0205170979820305,0.02072126345800373
126,21.09.2016,5,2016,True,har,0.0204413146407446,0.019989295495359417
126,22.09.2016,5,2016,True,har,0.0204090366207583,0.02049525373235328
126,23.09.2016,5,2016,True,har,0.0201979510473105,0.020509444780358786
126,26.09.2016,5,2016,True,har,0.0200319239470838,0.022097600452505833
126,27.09.2016,5,2016,True,har,0.0198467943727104,0.022799558725952934
126,28.09.2016,5,2016,True,har,0.0191949476478684,0.023340765587115758
126,29.09.2016,5,2016,True,har,0.0192459093055243,0.02620681471499341
126,30.09.2016,5,2016,True,har,0.0192433298845381,0.024606701940772684
126,03.10.2016,5,2016,True,har,0.019259614746124,0.024004943348808247
126,04.10.2016,5,2016,True,har,0.0190152644269929,0.023828090832790715
126,05.10.2016,5,2016,True,har,0.0189759075780704,0.02486456120468103
126,06.10.2016,5,2016,True,har,0.0189493095012068,0.023892044516015273
126,07.10.2016,5,2016,True,har,0.0189313931966491,0.02307218445625596
126,11.10.2016,5,2016,True,har,0.0189155549304702,0.02231089734174594
126,12.10.2016,5,2016,True,har,0.0189062799956515,0.02222012777657309
126,13.10.2016,5,2016,True,har,0.018920423406757,0.021780366239670855
126,14.10.2016,5,2016,True,har,0.0192015628759575,0.02084165955049254
126,17.10.2016,5,2016,True,har,0.0191867022062218,0.020618849802143086
126,18.10.2016,5,2016,True,har,0.019266121201285,0.020559614988382165
126,19.10.2016,5,2016,True,har,0.0192006455595507,0.020327290672741572
126,20.10.2016,5,2016,True,har,0.0190919893811398,0.020987320184463795
126,21.10.2016,5,2016,True,har,0.0190857934745485,0.021895718772124956
126,24.10.2016,5,2016,True,har,0.019089093075288,0.02139563595000162
126,25.10.2016,5,2016,True,har,0.0190591443341472,0.020352818324121544
126,26.10.2016,5,2016,True,har,0.019007329735261,0.020331933514873387
126,27.10.2016,5,2016,True,har,0.0190796514827418,0.01964972422300605
126,28.10.2016,5,2016,True,har,0.0190394837606953,0.017250598453779135
126,31.10.2016,5,2016,True,har,0.0193600896009623,0.01747248091442783
126,01.11.2016,5,2016,True,har,0.0194046412918744,0.018685635313671817
126,02.11.2016,5,2016,True,har,0.0192079341014132,0.01800836462663556
126,03.11.2016,5,2016,True,har,0.0192154742111173,0.018462423472605936
126,04.11.2016,5,2016,True,har,0.01933413702553,0.017176102370254607
126,07.11.2016,5,2016,True,har,0.019327211711509,0.017103085414399265
126,08.11.2016,5,2016,True,har,0.0193252227983991,0.017501836129152168
126,09.11.2016,5,2016,True,har,0.019386440516442,0.017011357568464197
126,10.11.2016,5,2016,True,har,0.0193593769763964,0.017018823207266765
126,14.11.2016,5,2016,True,har,0.0191613738743267,0.01706982887157793
126,15.11.2016,5,2016,True,har,0.0185453594879901,0.018379920275593875
126,16.11.2016,5,2016,True,har,0.0186159770853591,0.022579124854279087
126,17.11.2016,5,2016,True,har,0.0186152266469445,0.02127548440908666
126,18.11.2016,5,2016,True,har,0.0186088633977701,0.020793551295113906
126,21.11.2016,5,2016,True,har,0.0182365997467193,0.020760063231790755
126,22.11.2016,5,2016,True,har,0.018732152231377,0.02268948485997007
126,23.11.2016,5,2016,True,har,0.0187643155280735,0.02120892605028697
126,25.11.2016,5,2016,True,har,0.0184925697483842,0.021075903791178505
126,28.11.2016,5,2016,True,har,0.0186032468926001,0.02296605429669033
126,29.11.2016,5,2016,True,har,0.0182592812027521,0.0228630950676255
126,30.11.2016,5,2016,True,har,0.0166475714002091,0.02379228169173322
126,01.12.2016,5,2016,True,har,0.0166694066813486,0.02936553292266815
126,02.12.2016,5,2016,True,har,0.015240192582656,0.027123163776586127
126,05.12.2016,5,2016,True,har,0.0156537712459361,0.030730460609900954
126,06.12.2016,5,2016,True,har,0.0155774419177731,0.02884805293921267
126,07.12.2016,5,2016,True,har,0.015519292755166,0.028794757698741465
126,08.12.2016,5,2016,True,har,0.0154440193853193,0.0285156010676345
126,09.12.2016,5,2016,True,har,0.0154475775100937,0.028471562875945267
126,12.12.2016,5,2016,True,har,0.0155884196574488,0.0269383070391819
126,13.12.2016,5,2016,True,har,0.0155875303185997,0.02752507087197776
126,14.12.2016,5,2016,True,har,0.0153523490911855,0.026051055270082345
126,15.12.2016,5,2016,True,har,0.0153691650284178,0.027154747504657156
126,16.12.2016,5,2016,True,har,0.0153136525907615,0.026193232783960956
126,19.12.2016,5,2016,True,har,0.0154710494360852,0.026858318798261817
126,20.12.2016,5,2016,True,har,0.0154766360870263,0.02629601026060674
126,21.12.2016,5,2016,True,har,0.0154397098502526,0.02589981513700374
126,22.12.2016,5,2016,True,har,0.0154167545058207,0.025951036517126012
126,23.12.2016,5,2016,True,har,0.0155084171269929,0.02581691962333312
126,27.12.2016,5,2016,True,har,0.0154853585440453,0.024638107702505206
126,28.12.2016,5,2016,True,har,0.0154853723503503,0.025091472218805713
126,29.12.2016,5,2016,True,har,0.0155212489268484,0.02373040702978036
126,30.12.2016,5,2016,True,har,0.0158733199676313,0.02048689601149813
126,04.01.2016,5,2016,True,har_ovx,0.0325831455425556,0.02440842630357309
126,05.01.2016,5,2016,True,har_ovx,0.0325413694771395,0.024923650825153666
126,06.01.2016,5,2016,True,har_ovx,0.032374070119308,0.025139436383125553
126,07.01.2016,5,2016,True,har_ovx,0.0323432906559643,0.02680575147747971
126,08.01.2016,5,2016,True,har_ovx,0.0323569829524189,0.02724551123763378
126,11.01.2016,5,2016,True,har_ovx,0.0320807567679372,0.026928426167200037
126,12.01.2016,5,2016,True,har_ovx,0.0323107802488133,0.030341850416982487
126,13.01.2016,5,2016,True,har_ovx,0.0323054720732478,0.030343137987725716
126,14.01.2016,5,2016,True,har_ovx,0.0322561869040482,0.02867136209931337
126,15.01.2016,5,2016,True,har_ovx,0.0322904221775026,0.0280547355031552
126,19.01.2016,5,2016,True,har_ovx,0.0315226414292687,0.029113785751739348
126,20.01.2016,5,2016,True,har_ovx,0.0313720787665138,0.03143568194279111
126,21.01.2016,5,2016,True,har_ovx,0.0312016469012069,0.032031829511127395
126,22.01.2016,5,2016,True,har_ovx,0.0301178292225402,0.032221205881259374
126,25.01.2016,5,2016,True,har_ovx,0.0297702989632848,0.03300824834666466
126,26.01.2016,5,2016,True,har_ovx,0.0295667877109083,0.03376445836226813
126,27.01.2016,5,2016,True,har_ovx,0.0295330486118247,0.03348905122781488
126,28.01.2016,5,2016,True,har_ovx,0.0295234020712672,0.03329678264119512
126,29.01.2016,5,2016,True,har_ovx,0.0294586125297134,0.03311418415645665
126,01.02.2016,5,2016,True,har_ovx,0.0294578156545121,0.0314342839624437
126,02.02.2016,5,2016,True,har_ovx,0.0290017557351758,0.031992309081142575
126,03.02.2016,5,2016,True,har_ovx,0.0284982549684931,0.03423860112194467
126,04.02.2016,5,2016,True,har_ovx,0.0285408275025556,0.03462098023981624
126,05.02.2016,5,2016,True,har_ovx,0.0285153336430241,0.03332398305669512
126,08.02.2016,5,2016,True,har_ovx,0.0283890172430472,0.033172797296429676
126,09.02.2016,5,2016,True,har_ovx,0.0273999417620847,0.03421101120665354
126,10.02.2016,5,2016,True,har_ovx,0.0274543680134777,0.03649991671325992
126,11.02.2016,5,2016,True,har_ovx,0.0275797332754741,0.035109253681294236
126,12.02.2016,5,2016,True,har_ovx,0.0260988415768635,0.03694567315842996
126,16.02.2016,5,2016,True,har_ovx,0.0259690521462538,0.039983149176935115
126,17.02.2016,5,2016,True,har_ovx,0.0253125028472876,0.03663183568301569
126,18.02.2016,5,2016,True,har_ovx,0.0253134722343841,0.03611915881727108
126,19.02.2016,5,2016,True,har_ovx,0.0250955713377954,0.03447286773327767
126,22.02.2016,5,2016,True,har_ovx,0.0247518866458515,0.03344299077306086
126,23.02.2016,5,2016,True,har_ovx,0.0246531665225618,0.03300457090111447
126,24.02.2016,5,2016,True,har_ovx,0.0245282077732499,0.033543951795465966
126,25.02.2016,5,2016,True,har_ovx,0.0245189724482846,0.033482896954629124
126,26.02.2016,5,2016,True,har_ovx,0.0245242274404094,0.03258104194172426
126,29.02.2016,5,2016,True,har_ovx,0.02444744666493,0.030881224999037376
126,01.03.2016,5,2016,True,har_ovx,0.0244872554257768,0.031062283945615953
126,02.03.2016,5,2016,True,har_ovx,0.0244598027613882,0.029319039961418963
126,03.03.2016,5,2016,True,har_ovx,0.0246050367806878,0.028363814447555667
126,04.03.2016,5,2016,True,har_ovx,0.0243192944836216,0.027461109898965
126,07.03.2016,5,2016,True,har_ovx,0.0238766251719111,0.028016341170108802
126,08.03.2016,5,2016,True,har_ovx,0.0237275808814959,0.028717541895671682
126,09.03.2016,5,2016,True,har_ovx,0.0235657351933164,0.028960579827328935
126,10.03.2016,5,2016,True,har_ovx,0.0237101725541663,0.0277593790186931
126,11.03.2016,5,2016,True,har_ovx,0.0239977251931647,0.027938542213670904
126,14.03.2016,5,2016,True,har_ovx,0.0239134543777399,0.02693179273219204
126,15.03.2016,5,2016,True,har_ovx,0.0239574676598052,0.02629117208395367
126,16.03.2016,5,2016,True,har_ovx,0.0238366211701518,0.0257447837530431
126,17.03.2016,5,2016,True,har_ovx,0.0237371739358831,0.024256191266209343
126,18.03.2016,5,2016,True,har_ovx,0.0237816896398344,0.0248314012845723
126,21.03.2016,5,2016,True,har_ovx,0.0237740999743976,0.02393304163111095
126,22.03.2016,5,2016,True,har_ovx,0.0237703852305619,0.023711940376717415
126,23.03.2016,5,2016,True,har_ovx,0.023650603467116,0.022922005643519996
126,24.03.2016,5,2016,True,har_ovx,0.0236939005521536,0.02369261167421439
126,28.03.2016,5,2016,True,har_ovx,0.0239419247163981,0.02313457375599853
126,29.03.2016,5,2016,True,har_ovx,0.0239450169117702,0.02350936546118411
126,30.03.2016,5,2016,True,har_ovx,0.0241041325058732,0.024208067923489143
126,31.03.2016,5,2016,True,har_ovx,0.0246113719532385,0.02371388013669243
126,01.04.2016,5,2016,True,har_ovx,0.0246261986110362,0.023539364653585537
126,04.04.2016,5,2016,True,har_ovx,0.0241733312751896,0.024025580789679014
126,05.04.2016,5,2016,True,har_ovx,0.0241723994423918,0.026172843434762214
126,06.04.2016,5,2016,True,har_ovx,0.0239635992734597,0.02485540240817317
126,07.04.2016,5,2016,True,har_ovx,0.023987395265786,0.024806625692404598
126,08.04.2016,5,2016,True,har_ovx,0.0234035945216472,0.02415620501995488
126,11.04.2016,5,2016,True,har_ovx,0.023367465307106,0.025843015283786654
126,12.04.2016,5,2016,True,har_ovx,0.023086851676663,0.02536146519403137
126,13.04.2016,5,2016,True,har_ovx,0.0230870138429585,0.025643181206934616
126,14.04.2016,5,2016,True,har_ovx,0.0230743423448382,0.02522124229143353
126,15.04.2016,5,2016,True,har_ovx,0.0230168147563234,0.024265004516640563
126,18.04.2016,5,2016,True,har_ovx,0.0230274108247387,0.02578455759748717
126,19.04.2016,5,2016,True,har_ovx,0.0229242458861618,0.02400629196486842
126,20.04.2016,5,2016,True,har_ovx,0.0227236382024638,0.0234000992935397
126,21.04.2016,5,2016,True,har_ovx,0.0226913385635803,0.023847581433026906
126,22.04.2016,5,2016,True,har_ovx,0.0226744514335215,0.023787146749651746
126,25.04.2016,5,2016,True,har_ovx,0.0226431907485979,0.022925689333442557
126,26.04.2016,5,2016,True,har_ovx,0.0225499109751569,0.023736966355452707
126,27.04.2016,5,2016,True,har_ovx,0.0224357976213036,0.023651294849417737
126,28.04.2016,5,2016,True,har_ovx,0.0223819044006714,0.02373328190059524
126,29.04.2016,5,2016,True,har_ovx,0.0224246887693784,0.02311503095441971
126,02.05.2016,5,2016,True,har_ovx,0.0225732697196155,0.022742462984868567
126,03.05.2016,5,2016,True,har_ovx,0.0224277322322026,0.02308170473590481
126,04.05.2016,5,2016,True,har_ovx,0.0222071419922827,0.02408290134779111
126,05.05.2016,5,2016,True,har_ovx,0.0222172682133694,0.024253651089871146
126,06.05.2016,5,2016,True,har_ovx,0.0222575307248278,0.023578554913495163
126,09.05.2016,5,2016,True,har_ovx,0.0220045493410784,0.02249419537934709
126,10.05.2016,5,2016,True,har_ovx,0.0216806611174792,0.023711984756065195
126,11.05.2016,5,2016,True,har_ovx,0.0213173108309287,0.023444180586938868
126,12.05.2016,5,2016,True,har_ovx,0.0213199430935269,0.023494273612289163
126,13.05.2016,5,2016,True,har_ovx,0.0214925666219085,0.02277885056990892
126,16.05.2016,5,2016,True,har_ovx,0.0219561536419523,0.02271132774045575
126,17.05.2016,5,2016,True,har_ovx,0.0219555683380012,0.022815461022466444
126,18.05.2016,5,2016,True,har_ovx,0.0219485930361938,0.022681057462417147
126,19.05.2016,5,2016,True,har_ovx,0.0219603237705206,0.02244174681973738
126,20.05.2016,5,2016,True,har_ovx,0.0222903606246144,0.022107239904842334
126,23.05.2016,5,2016,True,har_ovx,0.0222832100495465,0.021368214874646286
126,24.05.2016,5,2016,True,har_ovx,0.0222804907393631,0.021035602366387483
126,25.05.2016,5,2016,True,har_ovx,0.0224085914183478,0.020465517605321767
126,26.05.2016,5,2016,True,har_ovx,0.0224878383201795,0.020196232473931514
126,27.05.2016,5,2016,True,har_ovx,0.0227517382377708,0.020048863774772406
126,31.05.2016,5,2016,True,har_ovx,0.0239698916622215,0.019915782825208894
126,01.06.2016,5,2016,True,har_ovx,0.0239698954948225,0.02059294914077547
126,02.06.2016,5,2016,True,har_ovx,0.0249062416821737,0.020979787648889345
126,03.06.2016,5,2016,True,har_ovx,0.0249042787125134,0.01947928093745922
126,06.06.2016,5,2016,True,har_ovx,0.024914347676608,0.01897358924850521
126,07.06.2016,5,2016,True,har_ovx,0.0249182227784541,0.01948027443236719
126,08.06.2016,5,2016,True,har_ovx,0.0248949709007205,0.019358144704968994
126,09.06.2016,5,2016,True,har_ovx,0.0248854219871767,0.018893732535227636
126,10.06.2016,5,2016,True,har_ovx,0.0248524985702641,0.018777441577169915
126,13.06.2016,5,2016,True,har_ovx,0.0248491707591692,0.020705961996872663
126,14.06.2016,5,2016,True,har_ovx,0.0250140421522212,0.021180202338704858
126,15.06.2016,5,2016,True,har_ovx,0.0249619103256769,0.021252518779203696
126,16.06.2016,5,2016,True,har_ovx,0.024798695494443,0.021052221605043848
126,17.06.2016,5,2016,True,har_ovx,0.0245452663621206,0.022332968393890887
126,20.06.2016,5,2016,True,har_ovx,0.0244171594778278,0.0220920027981664
126,21.06.2016,5,2016,True,har_ovx,0.0244633914184239,0.021388904932723034
126,22.06.2016,5,2016,True,har_ovx,0.0244412219600469,0.021351962148678676
126,23.06.2016,5,2016,True,har_ovx,0.0243777047221089,0.02252042615601202
126,24.06.2016,5,2016,True,har_ovx,0.0239845143028718,0.02134868161625174
126,27.06.2016,5,2016,True,har_ovx,0.0238587713167137,0.02342346430697493
126,28.06.2016,5,2016,True,har_ovx,0.0237244400733584,0.022841656701348724
126,29.06.2016,5,2016,True,har_ovx,0.0234540032379133,0.022318819098695056
126,30.06.2016,5,2016,True,har_ovx,0.0234172256004718,0.02223871965073445
126,01.07.2016,5,2016,True,har_ovx,0.023464256161436,0.02185035526974484
126,05.07.2016,5,2016,True,har_ovx,0.0232021682280144,0.020755064301584032
126,06.07.2016,5,2016,True,har_ovx,0.0231586298852779,0.022750543725359784
126,07.07.2016,5,2016,True,har_ovx,0.022970129115111,0.022802458863055305
126,08.07.2016,5,2016,True,har_ovx,0.0230727615539779,0.02397976852186679
126,11.07.2016,5,2016,True,har_ovx,0.0231605157214719,0.022802403035397035
126,12.07.2016,5,2016,True,har_ovx,0.0228383578808612,0.023126418603215113
126,13.07.2016,5,2016,True,har_ovx,0.0224548011065866,0.023199221009583805
126,14.07.2016,5,2016,True,har_ovx,0.0223656867861931,0.02457577522301116
126,15.07.2016,5,2016,True,har_ovx,0.0225176346730012,0.022603023688433158
126,18.07.2016,5,2016,True,har_ovx,0.022480690515792,0.0216710813016909
126,19.07.2016,5,2016,True,har_ovx,0.022564265302319,0.02213891203224034
126,20.07.2016,5,2016,True,har_ovx,0.0225544754537252,0.02136900789116362
126,21.07.2016,5,2016,True,har_ovx,0.0224685362040368,0.021111749433315195
126,22.07.2016,5,2016,True,har_ovx,0.0224517569020455,0.02159559549460952
126,25.07.2016,5,2016,True,har_ovx,0.0224221993993155,0.021587955067264283
126,26.07.2016,5,2016,True,har_ovx,0.0224599478104245,0.02227369510318156
126,27.07.2016,5,2016,True,har_ovx,0.0222681457613241,0.022069860755829507
126,28.07.2016,5,2016,True,har_ovx,0.0222046021437829,0.022541692146572024
126,29.07.2016,5,2016,True,har_ovx,0.0221951977333022,0.022497621886871183
126,01.08.2016,5,2016,True,har_ovx,0.0222285490936905,0.021722240486217907
126,02.08.2016,5,2016,True,har_ovx,0.0221723059223665,0.022650895583736022
126,03.08.2016,5,2016,True,har_ovx,0.0221110627991661,0.023192033546220174
126,04.08.2016,5,2016,True,har_ovx,0.0220299787584352,0.023375188875772786
126,05.08.2016,5,2016,True,har_ovx,0.0220291510005507,0.022715192478064545
126,08.08.2016,5,2016,True,har_ovx,0.0219406373086781,0.021757859493930144
126,09.08.2016,5,2016,True,har_ovx,0.021974071353521,0.022115736515553666
126,10.08.2016,5,2016,True,har_ovx,0.0219650141923867,0.021055621238800823
126,11.08.2016,5,2016,True,har_ovx,0.0216386223745114,0.020937216187795427
126,12.08.2016,5,2016,True,har_ovx,0.0215803571570164,0.021645533398541472
126,15.08.2016,5,2016,True,har_ovx,0.0214391853004271,0.020845538356487555
126,16.08.2016,5,2016,True,har_ovx,0.0213859332723093,0.020923234031376213
126,17.08.2016,5,2016,True,har_ovx,0.0213983886620817,0.02075950488245372
126,18.08.2016,5,2016,True,har_ovx,0.0213699434415408,0.01963427222597814
126,19.08.2016,5,2016,True,har_ovx,0.0213984090343191,0.02007384793832802
126,22.08.2016,5,2016,True,har_ovx,0.0211884668092787,0.019251696790974885
126,23.08.2016,5,2016,True,har_ovx,0.0211457152938164,0.02068467010023311
126,24.08.2016,5,2016,True,har_ovx,0.0210843477248656,0.020768231927526207
126,25.08.2016,5,2016,True,har_ovx,0.021058841670508,0.020695394406485313
126,26.08.2016,5,2016,True,har_ovx,0.0210754071776817,0.020253646208811014
126,29.08.2016,5,2016,True,har_ovx,0.0210737231693712,0.0198955795649429
126,30.08.2016,5,2016,True,har_ovx,0.0210029299509356,0.020132044361291117
126,31.08.2016,5,2016,True,har_ovx,0.020842064704826,0.020616802402628184
126,01.09.2016,5,2016,True,har_ovx,0.0213687332959664,0.021368761222162143
126,02.09.2016,5,2016,True,har_ovx,0.0214260638773058,0.02133266584749273
126,06.09.2016,5,2016,True,har_ovx,0.0214643503446315,0.020523242299486148
126,07.09.2016,5,2016,True,har_ovx,0.0214252092416808,0.02100748400814833
126,08.09.2016,5,2016,True,har_ovx,0.0211282475244532,0.020758940926409505
126,09.09.2016,5,2016,True,har_ovx,0.0208660436457202,0.021150906776568945
126,12.09.2016,5,2016,True,har_ovx,0.0208601649260109,0.02198289875286987
126,13.09.2016,5,2016,True,har_ovx,0.0207279475725671,0.021225338265002502
126,14.09.2016,5,2016,True,har_ovx,0.0205813414400075,0.022196161517363137
126,15.09.2016,5,2016,True,har_ovx,0.0205729752747098,0.022687473065248417
126,16.09.2016,5,2016,True,har_ovx,0.0205159320258015,0.021808950663093844
126,19.09.2016,5,2016,True,har_ovx,0.0205150917293295,0.021328527928776812
126,20.09.2016,5,2016,True,har_ovx,0.0205170979820305,0.021045928571571237
126,21.09.2016,5,2016,True,har_ovx,0.0204413146407446,0.021256432672400564
126,22.09.2016,5,2016,True,har_ovx,0.0204090366207583,0.021162916974691505
126,23.09.2016,5,2016,True,har_ovx,0.0201979510473105,0.021689924577500536
126,26.09.2016,5,2016,True,har_ovx,0.0200319239470838,0.023080888137736254
126,27.09.2016,5,2016,True,har_ovx,0.0198467943727104,0.023553189090342624
126,28.09.2016,5,2016,True,har_ovx,0.0191949476478684,0.02338911341786775
126,29.09.2016,5,2016,True,har_ovx,0.0192459093055243,0.024853511453122534
126,30.09.2016,5,2016,True,har_ovx,0.0192433298845381,0.023027745045340588
126,03.10.2016,5,2016,True,har_ovx,0.019259614746124,0.02185740671994489
126,04.10.2016,5,2016,True,har_ovx,0.0190152644269929,0.021367758450763594
126,05.10.2016,5,2016,True,har_ovx,0.0189759075780704,0.021736588898762784
126,06.10.2016,5,2016,True,har_ovx,0.0189493095012068,0.020916762170733808
126,07.10.2016,5,2016,True,har_ovx,0.0189313931966491,0.02043014277622572
126,11.10.2016,5,2016,True,har_ovx,0.0189155549304702,0.020485360963193533
126,12.10.2016,5,2016,True,har_ovx,0.0189062799956515,0.02090929234669426
126,13.10.2016,5,2016,True,har_ovx,0.018920423406757,0.021107155880095985
126,14.10.2016,5,2016,True,har_ovx,0.0192015628759575,0.020203484285246577
126,17.10.2016,5,2016,True,har_ovx,0.0191867022062218,0.01956758284887118
126,18.10.2016,5,2016,True,har_ovx,0.019266121201285,0.01939584110977208
126,19.10.2016,5,2016,True,har_ovx,0.0192006455595507,0.01975014820367684
126,20.10.2016,5,2016,True,har_ovx,0.0190919893811398,0.018921660544341565
126,21.10.2016,5,2016,True,har_ovx,0.0190857934745485,0.019180041433391568
126,24.10.2016,5,2016,True,har_ovx,0.019089093075288,0.018922493432087857
126,25.10.2016,5,2016,True,har_ovx,0.0190591443341472,0.0187543092777084
126,26.10.2016,5,2016,True,har_ovx,0.019007329735261,0.01918775930493512
126,27.10.2016,5,2016,True,har_ovx,0.0190796514827418,0.01946499023976507
126,28.10.2016,5,2016,True,har_ovx,0.0190394837606953,0.0189984281878447
126,31.10.2016,5,2016,True,har_ovx,0.0193600896009623,0.01969473182921281
126,01.11.2016,5,2016,True,har_ovx,0.0194046412918744,0.02116371741221449
126,02.11.2016,5,2016,True,har_ovx,0.0192079341014132,0.02047646934851476
126,03.11.2016,5,2016,True,har_ovx,0.0192154742111173,0.021146674069631426
126,04.11.2016,5,2016,True,har_ovx,0.01933413702553,0.02080695414023446
126,07.11.2016,5,2016,True,har_ovx,0.019327211711509,0.021547481565860928
126,08.11.2016,5,2016,True,har_ovx,0.0193252227983991,0.021804046354639978
126,09.11.2016,5,2016,True,har_ovx,0.019386440516442,0.021387481085941306
126,10.11.2016,5,2016,True,har_ovx,0.0193593769763964,0.02064482609756117
126,14.11.2016,5,2016,True,har_ovx,0.0191613738743267,0.021078595884976927
126,15.11.2016,5,2016,True,har_ovx,0.0185453594879901,0.02409923934625085
126,16.11.2016,5,2016,True,har_ovx,0.0186159770853591,0.025234692413556758
126,17.11.2016,5,2016,True,har_ovx,0.0186152266469445,0.0246950541828331
126,18.11.2016,5,2016,True,har_ovx,0.0186088633977701,0.02367799833244493
126,21.11.2016,5,2016,True,har_ovx,0.0182365997467193,0.023450010584659883
126,22.11.2016,5,2016,True,har_ovx,0.018732152231377,0.02390343758350808
126,23.11.2016,5,2016,True,har_ovx,0.0187643155280735,0.023417983768735304
126,25.11.2016,5,2016,True,har_ovx,0.0184925697483842,0.02364190733656897
126,28.11.2016,5,2016,True,har_ovx,0.0186032468926001,0.026377949697658297
126,29.11.2016,5,2016,True,har_ovx,0.0182592812027521,0.025943041603022122
126,30.11.2016,5,2016,True,har_ovx,0.0166475714002091,0.027102651131616785
126,01.12.2016,5,2016,True,har_ovx,0.0166694066813486,0.025639556078627217
126,02.12.2016,5,2016,True,har_ovx,0.015240192582656,0.023115570294601685
126,05.12.2016,5,2016,True,har_ovx,0.0156537712459361,0.023101751463172372
126,06.12.2016,5,2016,True,har_ovx,0.0155774419177731,0.022519576908793217
126,07.12.2016,5,2016,True,har_ovx,0.015519292755166,0.02256332441693431
126,08.12.2016,5,2016,True,har_ovx,0.0154440193853193,0.02205292109617054
126,09.12.2016,5,2016,True,har_ovx,0.0154475775100937,0.021705499212704517
126,12.12.2016,5,2016,True,har_ovx,0.0155884196574488,0.02106350914972094
126,13.12.2016,5,2016,True,har_ovx,0.0155875303185997,0.01982590422580424
126,14.12.2016,5,2016,True,har_ovx,0.0153523490911855,0.01955161203601033
126,15.12.2016,5,2016,True,har_ovx,0.0153691650284178,0.021024284058510073
126,16.12.2016,5,2016,True,har_ovx,0.0153136525907615,0.020372445206079275
126,19.12.2016,5,2016,True,har_ovx,0.0154710494360852,0.019326747861783584
126,20.12.2016,5,2016,True,har_ovx,0.0154766360870263,0.01901845146389766
126,21.12.2016,5,2016,True,har_ovx,0.0154397098502526,0.01838206246828343
126,22.12.2016,5,2016,True,har_ovx,0.0154167545058207,0.01870606636046123
126,23.12.2016,5,2016,True,har_ovx,0.0155084171269929,0.019237928647023395
126,27.12.2016,5,2016,True,har_ovx,0.0154853585440453,0.018712430718824814
126,28.12.2016,5,2016,True,har_ovx,0.0154853723503503,0.019007782069273435
126,29.12.2016,5,2016,True,har_ovx,0.0155212489268484,0.018528221249552817
126,30.12.2016,5,2016,True,har_ovx,0.0158733199676313,0.017744173926732783
126,04.01.2016,5,2016,True,har_gpr,0.0325831455425556,0.02449732976604778
126,05.01.2016,5,2016,True,har_gpr,0.0325413694771395,0.023243163976062447
126,06.01.2016,5,2016,True,har_gpr,0.032374070119308,0.023641794953625436
126,07.01.2016,5,2016,True,har_gpr,0.0323432906559643,0.025334574256171083
126,08.01.2016,5,2016,True,har_gpr,0.0323569829524189,0.023989805768380508
126,11.01.2016,5,2016,True,har_gpr,0.0320807567679372,0.023338505928246555
126,12.01.2016,5,2016,True,har_gpr,0.0323107802488133,0.025439069195200982
126,13.01.2016,5,2016,True,har_gpr,0.0323054720732478,0.023875140382766936
126,14.01.2016,5,2016,True,har_gpr,0.0322561869040482,0.02341578047534833
126,15.01.2016,5,2016,True,har_gpr,0.0322904221775026,0.024393754752665153
126,19.01.2016,5,2016,True,har_gpr,0.0315226414292687,0.02360850821858614
126,20.01.2016,5,2016,True,har_gpr,0.0313720787665138,0.028846359494179897
126,21.01.2016,5,2016,True,har_gpr,0.0312016469012069,0.027810438752168803
126,22.01.2016,5,2016,True,har_gpr,0.0301178292225402,0.030361409532198288
126,25.01.2016,5,2016,True,har_gpr,0.0297702989632848,0.03635591057776992
126,26.01.2016,5,2016,True,har_gpr,0.0295667877109083,0.033983586845298536
126,27.01.2016,5,2016,True,har_gpr,0.0295330486118247,0.03358132264590967
126,28.01.2016,5,2016,True,har_gpr,0.0295234020712672,0.03351771929251034
126,29.01.2016,5,2016,True,har_gpr,0.0294586125297134,0.03290442611587732
126,01.02.2016,5,2016,True,har_gpr,0.0294578156545121,0.031981186323211674
126,02.02.2016,5,2016,True,har_gpr,0.0290017557351758,0.030423825348036997
126,03.02.2016,5,2016,True,har_gpr,0.0284982549684931,0.03409832627234731
126,04.02.2016,5,2016,True,har_gpr,0.0285408275025556,0.03618606465832701
126,05.02.2016,5,2016,True,har_gpr,0.0285153336430241,0.033925838194252184
126,08.02.2016,5,2016,True,har_gpr,0.0283890172430472,0.03369033729026992
126,09.02.2016,5,2016,True,har_gpr,0.0273999417620847,0.0347387019823934
126,10.02.2016,5,2016,True,har_gpr,0.0274543680134777,0.037076143737429755
126,11.02.2016,5,2016,True,har_gpr,0.0275797332754741,0.034210048987796234
126,12.02.2016,5,2016,True,har_gpr,0.0260988415768635,0.03450462680801878
126,16.02.2016,5,2016,True,har_gpr,0.0259690521462538,0.04119993333851086
126,17.02.2016,5,2016,True,har_gpr,0.0253125028472876,0.04125514900539889
126,18.02.2016,5,2016,True,har_gpr,0.0253134722343841,0.040987870303927275
126,19.02.2016,5,2016,True,har_gpr,0.0250955713377954,0.0390797472143717
126,22.02.2016,5,2016,True,har_gpr,0.0247518866458515,0.040195942351754596
126,23.02.2016,5,2016,True,har_gpr,0.0246531665225618,0.03813743254614761
126,24.02.2016,5,2016,True,har_gpr,0.0245282077732499,0.037699427973110204
126,25.02.2016,5,2016,True,har_gpr,0.0245189724482846,0.0367483153255723
126,26.02.2016,5,2016,True,har_gpr,0.0245242274404094,0.03637984904847105
126,29.02.2016,5,2016,True,har_gpr,0.02444744666493,0.03535577678878204
126,01.03.2016,5,2016,True,har_gpr,0.0244872554257768,0.03450293791018355
126,02.03.2016,5,2016,True,har_gpr,0.0244598027613882,0.032983343230027086
126,03.03.2016,5,2016,True,har_gpr,0.0246050367806878,0.032675370247881495
126,04.03.2016,5,2016,True,har_gpr,0.0243192944836216,0.030855502995319112
126,07.03.2016,5,2016,True,har_gpr,0.0238766251719111,0.03243372999404871
126,08.03.2016,5,2016,True,har_gpr,0.0237275808814959,0.03225403401391593
126,09.03.2016,5,2016,True,har_gpr,0.0235657351933164,0.032094217903504176
126,10.03.2016,5,2016,True,har_gpr,0.0237101725541663,0.02984968798406689
126,11.03.2016,5,2016,True,har_gpr,0.0239977251931647,0.03042157574795893
126,14.03.2016,5,2016,True,har_gpr,0.0239134543777399,0.02929305430350572
126,15.03.2016,5,2016,True,har_gpr,0.0239574676598052,0.029513013457732926
126,16.03.2016,5,2016,True,har_gpr,0.0238366211701518,0.028934396079296806
126,17.03.2016,5,2016,True,har_gpr,0.0237371739358831,0.028520949085091958
126,18.03.2016,5,2016,True,har_gpr,0.0237816896398344,0.028332348572697
126,21.03.2016,5,2016,True,har_gpr,0.0237740999743976,0.02699482672772164
126,22.03.2016,5,2016,True,har_gpr,0.0237703852305619,0.024353364087089234
126,23.03.2016,5,2016,True,har_gpr,0.023650603467116,0.022655784550425315
126,24.03.2016,5,2016,True,har_gpr,0.0236939005521536,0.024135182991849823
126,28.03.2016,5,2016,True,har_gpr,0.0239419247163981,0.02277206227054744
126,29.03.2016,5,2016,True,har_gpr,0.0239450169117702,0.024552432368785116
126,30.03.2016,5,2016,True,har_gpr,0.0241041325058732,0.025642737003433093
126,31.03.2016,5,2016,True,har_gpr,0.0246113719532385,0.024911398650087856
126,01.04.2016,5,2016,True,har_gpr,0.0246261986110362,0.024688747682761168
126,04.04.2016,5,2016,True,har_gpr,0.0241733312751896,0.024512241172854273
126,05.04.2016,5,2016,True,har_gpr,0.0241723994423918,0.025157857185592457
126,06.04.2016,5,2016,True,har_gpr,0.0239635992734597,0.02238215712029914
126,07.04.2016,5,2016,True,har_gpr,0.023987395265786,0.02530366348001148
126,08.04.2016,5,2016,True,har_gpr,0.0234035945216472,0.023645824327914282
126,11.04.2016,5,2016,True,har_gpr,0.023367465307106,0.027119081135344072
126,12.04.2016,5,2016,True,har_gpr,0.023086851676663,0.02565806196236259
126,13.04.2016,5,2016,True,har_gpr,0.0230870138429585,0.02645016329217092
126,14.04.2016,5,2016,True,har_gpr,0.0230743423448382,0.025689788042490985
126,15.04.2016,5,2016,True,har_gpr,0.0230168147563234,0.025086433917312412
126,18.04.2016,5,2016,True,har_gpr,0.0230274108247387,0.024804465093297357
126,19.04.2016,5,2016,True,har_gpr,0.0229242458861618,0.023489737262830657
126,20.04.2016,5,2016,True,har_gpr,0.0227236382024638,0.023832919136905308
126,21.04.2016,5,2016,True,har_gpr,0.0226913385635803,0.02521998471431921
126,22.04.2016,5,2016,True,har_gpr,0.0226744514335215,0.025079716441572704
126,25.04.2016,5,2016,True,har_gpr,0.0226431907485979,0.0245473412506036
126,26.04.2016,5,2016,True,har_gpr,0.0225499109751569,0.025353571387463913
126,27.04.2016,5,2016,True,har_gpr,0.0224357976213036,0.025418518156901524
126,28.04.2016,5,2016,True,har_gpr,0.0223819044006714,0.02557151953801752
126,29.04.2016,5,2016,True,har_gpr,0.0224246887693784,0.024824375184871218
126,02.05.2016,5,2016,True,har_gpr,0.0225732697196155,0.024394391212000266
126,03.05.2016,5,2016,True,har_gpr,0.0224277322322026,0.021792775615805143
126,04.05.2016,5,2016,True,har_gpr,0.0222071419922827,0.02375708565705873
126,05.05.2016,5,2016,True,har_gpr,0.0222172682133694,0.025000366205466817
126,06.05.2016,5,2016,True,har_gpr,0.0222575307248278,0.023676957402080687
126,09.05.2016,5,2016,True,har_gpr,0.0220045493410784,0.022217525242730254
126,10.05.2016,5,2016,True,har_gpr,0.0216806611174792,0.02431915931539355
126,11.05.2016,5,2016,True,har_gpr,0.0213173108309287,0.025084809337139975
126,12.05.2016,5,2016,True,har_gpr,0.0213199430935269,0.025705608728161734
126,13.05.2016,5,2016,True,har_gpr,0.0214925666219085,0.024731749553828737
126,16.05.2016,5,2016,True,har_gpr,0.0219561536419523,0.02449204244860033
126,17.05.2016,5,2016,True,har_gpr,0.0219555683380012,0.023613742886102185
126,18.05.2016,5,2016,True,har_gpr,0.0219485930361938,0.02283867092063375
126,19.05.2016,5,2016,True,har_gpr,0.0219603237705206,0.02192551993849823
126,20.05.2016,5,2016,True,har_gpr,0.0222903606246144,0.0213175425255166
126,23.05.2016,5,2016,True,har_gpr,0.0222832100495465,0.02125185601463915
126,24.05.2016,5,2016,True,har_gpr,0.0222804907393631,0.022560507779753523
126,25.05.2016,5,2016,True,har_gpr,0.0224085914183478,0.022170838583836134
126,26.05.2016,5,2016,True,har_gpr,0.0224878383201795,0.022855280190059734
126,27.05.2016,5,2016,True,har_gpr,0.0227517382377708,0.022165181232226477
126,31.05.2016,5,2016,True,har_gpr,0.0239698916622215,0.022284036548733514
126,01.06.2016,5,2016,True,har_gpr,0.0239698954948225,0.020466904515324087
126,02.06.2016,5,2016,True,har_gpr,0.0249062416821737,0.01976609573405499
126,03.06.2016,5,2016,True,har_gpr,0.0249042787125134,0.017960893381165938
126,06.06.2016,5,2016,True,har_gpr,0.024914347676608,0.01818773223893348
126,07.06.2016,5,2016,True,har_gpr,0.0249182227784541,0.01958040348600899
126,08.06.2016,5,2016,True,har_gpr,0.0248949709007205,0.01822194404962456
126,09.06.2016,5,2016,True,har_gpr,0.0248854219871767,0.017475365041292032
126,10.06.2016,5,2016,True,har_gpr,0.0248524985702641,0.01620655945180171
126,13.06.2016,5,2016,True,har_gpr,0.0248491707591692,0.017967510921396257
126,14.06.2016,5,2016,True,har_gpr,0.0250140421522212,0.018113166492036013
126,15.06.2016,5,2016,True,har_gpr,0.0249619103256769,0.0178038304885153
126,16.06.2016,5,2016,True,har_gpr,0.024798695494443,0.01772877226185244
126,17.06.2016,5,2016,True,har_gpr,0.0245452663621206,0.0196178715742949
126,20.06.2016,5,2016,True,har_gpr,0.0244171594778278,0.0219984472511394
126,21.06.2016,5,2016,True,har_gpr,0.0244633914184239,0.021168162151686314
126,22.06.2016,5,2016,True,har_gpr,0.0244412219600469,0.020301631057676094
126,23.06.2016,5,2016,True,har_gpr,0.0243777047221089,0.02081953357344222
126,24.06.2016,5,2016,True,har_gpr,0.0239845143028718,0.020319517803513612
126,27.06.2016,5,2016,True,har_gpr,0.0238587713167137,0.02317539030442363
126,28.06.2016,5,2016,True,har_gpr,0.0237244400733584,0.022651207929449177
126,29.06.2016,5,2016,True,har_gpr,0.0234540032379133,0.023625137297715808
126,30.06.2016,5,2016,True,har_gpr,0.0234172256004718,0.02513949404837081
126,01.07.2016,5,2016,True,har_gpr,0.023464256161436,0.024661700943810008
126,05.07.2016,5,2016,True,har_gpr,0.0232021682280144,0.023633918682939122
126,06.07.2016,5,2016,True,har_gpr,0.0231586298852779,0.026340466437645683
126,07.07.2016,5,2016,True,har_gpr,0.022970129115111,0.025647663840444437
126,08.07.2016,5,2016,True,har_gpr,0.0230727615539779,0.027021695446970077
126,11.07.2016,5,2016,True,har_gpr,0.0231605157214719,0.026083881427347827
126,12.07.2016,5,2016,True,har_gpr,0.0228383578808612,0.024698674436516372
126,13.07.2016,5,2016,True,har_gpr,0.0224548011065866,0.02714739459750987
126,14.07.2016,5,2016,True,har_gpr,0.0223656867861931,0.02815237612676816
126,15.07.2016,5,2016,True,har_gpr,0.0225176346730012,0.027415722704875477
126,18.07.2016,5,2016,True,har_gpr,0.022480690515792,0.026414338972616427
126,19.07.2016,5,2016,True,har_gpr,0.022564265302319,0.027477570457012206
126,20.07.2016,5,2016,True,har_gpr,0.0225544754537252,0.02622385343853037
126,21.07.2016,5,2016,True,har_gpr,0.0224685362040368,0.02571694463437995
126,22.07.2016,5,2016,True,har_gpr,0.0224517569020455,0.02595073491843631
126,25.07.2016,5,2016,True,har_gpr,0.0224221993993155,0.02537110839721146
126,26.07.2016,5,2016,True,har_gpr,0.0224599478104245,0.024340493146437815
126,27.07.2016,5,2016,True,har_gpr,0.0222681457613241,0.02371723311464655
126,28.07.2016,5,2016,True,har_gpr,0.0222046021437829,0.024219686114386484
126,29.07.2016,5,2016,True,har_gpr,0.0221951977333022,0.022769670344948586
126,01.08.2016,5,2016,True,har_gpr,0.0222285490936905,0.022435718643550658
126,02.08.2016,5,2016,True,har_gpr,0.0221723059223665,0.022656130221323408
126,03.08.2016,5,2016,True,har_gpr,0.0221110627991661,0.022447305889629034
126,04.08.2016,5,2016,True,har_gpr,0.0220299787584352,0.023739948026213074
126,05.08.2016,5,2016,True,har_gpr,0.0220291510005507,0.02310864913228112
126,08.08.2016,5,2016,True,har_gpr,0.0219406373086781,0.022295892025751704
126,09.08.2016,5,2016,True,har_gpr,0.021974071353521,0.022921236896039948
126,10.08.2016,5,2016,True,har_gpr,0.0219650141923867,0.021006138253197533
126,11.08.2016,5,2016,True,har_gpr,0.0216386223745114,0.020492772808445053
126,12.08.2016,5,2016,True,har_gpr,0.0215803571570164,0.022395463294933467
126,15.08.2016,5,2016,True,har_gpr,0.0214391853004271,0.021997323989572538
126,16.08.2016,5,2016,True,har_gpr,0.0213859332723093,0.022530081948626813
126,17.08.2016,5,2016,True,har_gpr,0.0213983886620817,0.02216332179044504
126,18.08.2016,5,2016,True,har_gpr,0.0213699434415408,0.021296918759531918
126,19.08.2016,5,2016,True,har_gpr,0.0213984090343191,0.020923904709060356
126,22.08.2016,5,2016,True,har_gpr,0.0211884668092787,0.020549307955850683
126,23.08.2016,5,2016,True,har_gpr,0.0211457152938164,0.02252429881945995
126,24.08.2016,5,2016,True,har_gpr,0.0210843477248656,0.022087048739984214
126,25.08.2016,5,2016,True,har_gpr,0.021058841670508,0.02173900189621034
126,26.08.2016,5,2016,True,har_gpr,0.0210754071776817,0.021124358697281426
126,29.08.2016,5,2016,True,har_gpr,0.0210737231693712,0.02084381766914024
126,30.08.2016,5,2016,True,har_gpr,0.0210029299509356,0.0223782929509162
126,31.08.2016,5,2016,True,har_gpr,0.020842064704826,0.022518060825625658
126,01.09.2016,5,2016,True,har_gpr,0.0213687332959664,0.023230498220719636
126,02.09.2016,5,2016,True,har_gpr,0.0214260638773058,0.021972153015075203
126,06.09.2016,5,2016,True,har_gpr,0.0214643503446315,0.021970092568470757
126,07.09.2016,5,2016,True,har_gpr,0.0214252092416808,0.01998632457282369
126,08.09.2016,5,2016,True,har_gpr,0.0211282475244532,0.020270937510056833
126,09.09.2016,5,2016,True,har_gpr,0.0208660436457202,0.021433780824656155
126,12.09.2016,5,2016,True,har_gpr,0.0208601649260109,0.022397838487816624
126,13.09.2016,5,2016,True,har_gpr,0.0207279475725671,0.022181955902682526
126,14.09.2016,5,2016,True,har_gpr,0.0205813414400075,0.022780722415479345
126,15.09.2016,5,2016,True,har_gpr,0.0205729752747098,0.022941186983600242
126,16.09.2016,5,2016,True,har_gpr,0.0205159320258015,0.022169231314152275
126,19.09.2016,5,2016,True,har_gpr,0.0205150917293295,0.02167449786438228
126,20.09.2016,5,2016,True,har_gpr,0.0205170979820305,0.02444457462392596
126,21.09.2016,5,2016,True,har_gpr,0.0204413146407446,0.02371214460742845
126,22.09.2016,5,2016,True,har_gpr,0.0204090366207583,0.024210254206347846
126,23.09.2016,5,2016,True,har_gpr,0.0201979510473105,0.02422408420627556
126,26.09.2016,5,2016,True,har_gpr,0.0200319239470838,0.0258379073025317
126,27.09.2016,5,2016,True,har_gpr,0.0198467943727104,0.023371619789725368
126,28.09.2016,5,2016,True,har_gpr,0.0191949476478684,0.023926491912243112
126,29.09.2016,5,2016,True,har_gpr,0.0192459093055243,0.026809593714344614
126,30.09.2016,5,2016,True,har_gpr,0.0192433298845381,0.02520864958819908
126,03.10.2016,5,2016,True,har_gpr,0.019259614746124,0.024576763670085804
126,04.10.2016,5,2016,True,har_gpr,0.0190152644269929,0.02319538236598475
126,05.10.2016,5,2016,True,har_gpr,0.0189759075780704,0.024203472823090693
126,06.10.2016,5,2016,True,har_gpr,0.0189493095012068,0.02318676660560758
126,07.10.2016,5,2016,True,har_gpr,0.0189313931966491,0.02237516534227945
126,11.10.2016,5,2016,True,har_gpr,0.0189155549304702,0.02163480289015868
126,12.10.2016,5,2016,True,har_gpr,0.0189062799956515,0.021606072482694864
126,13.10.2016,5,2016,True,har_gpr,0.018920423406757,0.021160185787167243
126,14.10.2016,5,2016,True,har_gpr,0.0192015628759575,0.020217259254847172
126,17.10.2016,5,2016,True,har_gpr,0.0191867022062218,0.019985834638025845
126,18.10.2016,5,2016,True,har_gpr,0.019266121201285,0.020766867710547053
126,19.10.2016,5,2016,True,har_gpr,0.0192006455595507,0.020527214318967472
126,20.10.2016,5,2016,True,har_gpr,0.0190919893811398,0.02120097968234736
126,21.10.2016,5,2016,True,har_gpr,0.0190857934745485,0.022128706736410417
126,24.10.2016,5,2016,True,har_gpr,0.019089093075288,0.02163084462515017
126,25.10.2016,5,2016,True,har_gpr,0.0190591443341472,0.020513227942765166
126,26.10.2016,5,2016,True,har_gpr,0.019007329735261,0.020499698054738405
126,27.10.2016,5,2016,True,har_gpr,0.0190796514827418,0.019803709895403615
126,28.10.2016,5,2016,True,har_gpr,0.0190394837606953,0.017433789402784353
126,31.10.2016,5,2016,True,har_gpr,0.0193600896009623,0.01764970114863327
126,01.11.2016,5,2016,True,har_gpr,0.0194046412918744,0.018920890375740917
126,02.11.2016,5,2016,True,har_gpr,0.0192079341014132,0.01824562325667313
126,03.11.2016,5,2016,True,har_gpr,0.0192154742111173,0.018721147656282685
126,04.11.2016,5,2016,True,har_gpr,0.01933413702553,0.017419694689704758
126,07.11.2016,5,2016,True,har_gpr,0.019327211711509,0.017350311379992395
126,08.11.2016,5,2016,True,har_gpr,0.0193252227983991,0.017119104601514154
126,09.11.2016,5,2016,True,har_gpr,0.019386440516442,0.0166288218138792
126,10.11.2016,5,2016,True,har_gpr,0.0193593769763964,0.016618306390531187
126,14.11.2016,5,2016,True,har_gpr,0.0191613738743267,0.016670982296077698
126,15.11.2016,5,2016,True,har_gpr,0.0185453594879901,0.01897161648160941
126,16.11.2016,5,2016,True,har_gpr,0.0186159770853591,0.02319701037226806
126,17.11.2016,5,2016,True,har_gpr,0.0186152266469445,0.021889975663472325
126,18.11.2016,5,2016,True,har_gpr,0.0186088633977701,0.021412878554255842
126,21.11.2016,5,2016,True,har_gpr,0.0182365997467193,0.02137914474778632
126,22.11.2016,5,2016,True,har_gpr,0.018732152231377,0.022846979127415346
126,23.11.2016,5,2016,True,har_gpr,0.0187643155280735,0.021327773330735704
126,25.11.2016,5,2016,True,har_gpr,0.0184925697483842,0.021193012907753706
126,28.11.2016,5,2016,True,har_gpr,0.0186032468926001,0.023115895492399063
126,29.11.2016,5,2016,True,har_gpr,0.0182592812027521,0.023258634596717873
126,30.11.2016,5,2016,True,har_gpr,0.0166475714002091,0.024168635661802246
126,01.12.2016,5,2016,True,har_gpr,0.0166694066813486,0.0298060945307759
126,02.12.2016,5,2016,True,har_gpr,0.015240192582656,0.02755448403914002
126,05.12.2016,5,2016,True,har_gpr,0.0156537712459361,0.031155501419642427
126,06.12.2016,5,2016,True,har_gpr,0.0155774419177731,0.029380809997227284
126,07.12.2016,5,2016,True,har_gpr,0.015519292755166,0.029303631620993077
126,08.12.2016,5,2016,True,har_gpr,0.0154440193853193,0.028988014042300534
126,09.12.2016,5,2016,True,har_gpr,0.0154475775100937,0.02894250147226683
126,12.12.2016,5,2016,True,har_gpr,0.0155884196574488,0.027316726200143904
126,13.12.2016,5,2016,True,har_gpr,0.0155875303185997,0.027726259640668313
126,14.12.2016,5,2016,True,har_gpr,0.0153523490911855,0.02624361820044483
126,15.12.2016,5,2016,True,har_gpr,0.0153691650284178,0.027378053552705506
126,16.12.2016,5,2016,True,har_gpr,0.0153136525907615,0.02640914394208889
126,19.12.2016,5,2016,True,har_gpr,0.0154710494360852,0.02708419511122258
126,20.12.2016,5,2016,True,har_gpr,0.0154766360870263,0.02661756226968104
126,21.12.2016,5,2016,True,har_gpr,0.0154397098502526,0.02623097453200127
126,22.12.2016,5,2016,True,har_gpr,0.0154167545058207,0.026255029824825183
126,23.12.2016,5,2016,True,har_gpr,0.0155084171269929,0.02612282012268583
126,27.12.2016,5,2016,True,har_gpr,0.0154853585440453,0.02493719438653835
126,28.12.2016,5,2016,True,har_gpr,0.0154853723503503,0.026773758360661485
126,29.12.2016,5,2016,True,har_gpr,0.0155212489268484,0.02542431680103826
126,30.12.2016,5,2016,True,har_gpr,0.0158733199676313,0.022201655629590252
126,04.01.2016,5,2016,True,har_x,0.0325831455425556,0.024877632467694238
126,05.01.2016,5,2016,True,har_x,0.0325413694771395,0.025329457735528225
126,06.01.2016,5,2016,True,har_x,0.032374070119308,0.025538445622044
126,07.01.2016,5,2016,True,har_x,0.0323432906559643,0.027205136049611753
126,08.01.2016,5,2016,True,har_x,0.0323569829524189,0.027629259788212592
126,11.01.2016,5,2016,True,har_x,0.0320807567679372,0.027294571359374447
126,12.01.2016,5,2016,True,har_x,0.0323107802488133,0.02997044666287532
126,13.01.2016,5,2016,True,har_x,0.0323054720732478,0.02996462960176596
126,14.01.2016,5,2016,True,har_x,0.0322561869040482,0.028294676535731336
126,15.01.2016,5,2016,True,har_x,0.0322904221775026,0.027712128922334846
126,19.01.2016,5,2016,True,har_x,0.0315226414292687,0.028757864475447027
126,20.01.2016,5,2016,True,har_x,0.0313720787665138,0.03190515984285743
126,21.01.2016,5,2016,True,har_x,0.0312016469012069,0.0324897359750487
126,22.01.2016,5,2016,True,har_x,0.0301178292225402,0.03271453615520602
126,25.01.2016,5,2016,True,har_x,0.0297702989632848,0.03356101208622086
126,26.01.2016,5,2016,True,har_x,0.0295667877109083,0.03310099324997277
126,27.01.2016,5,2016,True,har_x,0.0295330486118247,0.032795611281921364
126,28.01.2016,5,2016,True,har_x,0.0295234020712672,0.03258549127032996
126,29.01.2016,5,2016,True,har_x,0.0294586125297134,0.03240071642424663
126,01.02.2016,5,2016,True,har_x,0.0294578156545121,0.030696840332703697
126,02.02.2016,5,2016,True,har_x,0.0290017557351758,0.03190090188985691
126,03.02.2016,5,2016,True,har_x,0.0284982549684931,0.03419635869516397
126,04.02.2016,5,2016,True,har_x,0.0285408275025556,0.034600779774080874
126,05.02.2016,5,2016,True,har_x,0.0285153336430241,0.03331010063584558
126,08.02.2016,5,2016,True,har_x,0.0283890172430472,0.03315579389427838
126,09.02.2016,5,2016,True,har_x,0.0273999417620847,0.03422389571387
126,10.02.2016,5,2016,True,har_x,0.0274543680134777,0.03651552528766811
126,11.02.2016,5,2016,True,har_x,0.0275797332754741,0.03507722918600939
126,12.02.2016,5,2016,True,har_x,0.0260988415768635,0.03689505527259631
126,16.02.2016,5,2016,True,har_x,0.0259690521462538,0.04001585444806811
126,17.02.2016,5,2016,True,har_x,0.0253125028472876,0.03736254406199484
126,18.02.2016,5,2016,True,har_x,0.0253134722343841,0.03683175931939875
126,19.02.2016,5,2016,True,har_x,0.0250955713377954,0.03519730656675482
126,22.02.2016,5,2016,True,har_x,0.0247518866458515,0.03419039111410652
126,23.02.2016,5,2016,True,har_x,0.0246531665225618,0.033763051490774486
126,24.02.2016,5,2016,True,har_x,0.0245282077732499,0.03429892414061201
126,25.02.2016,5,2016,True,har_x,0.0245189724482846,0.034209477676129287
126,26.02.2016,5,2016,True,har_x,0.0245242274404094,0.033319040183420114
126,29.02.2016,5,2016,True,har_x,0.02444744666493,0.03161543890746419
126,01.03.2016,5,2016,True,har_x,0.0244872554257768,0.03085697179943462
126,02.03.2016,5,2016,True,har_x,0.0244598027613882,0.029087783655359932
126,03.03.2016,5,2016,True,har_x,0.0246050367806878,0.02814021475033543
126,04.03.2016,5,2016,True,har_x,0.0243192944836216,0.027238771051557226
126,07.03.2016,5,2016,True,har_x,0.0238766251719111,0.02780434008080964
126,08.03.2016,5,2016,True,har_x,0.0237275808814959,0.027804406517302684
126,09.03.2016,5,2016,True,har_x,0.0235657351933164,0.028068951384454588
126,10.03.2016,5,2016,True,har_x,0.0237101725541663,0.026878824538205774
126,11.03.2016,5,2016,True,har_x,0.0239977251931647,0.027071983893390057
126,14.03.2016,5,2016,True,har_x,0.0239134543777399,0.026062894292594126
126,15.03.2016,5,2016,True,har_x,0.0239574676598052,0.02762780135667973
126,16.03.2016,5,2016,True,har_x,0.0238366211701518,0.02708123988353155
126,17.03.2016,5,2016,True,har_x,0.0237371739358831,0.02561504929164116
126,18.03.2016,5,2016,True,har_x,0.0237816896398344,0.02618329349722707
126,21.03.2016,5,2016,True,har_x,0.0237740999743976,0.025291903929046133
126,22.03.2016,5,2016,True,har_x,0.0237703852305619,0.02388649728906903
126,23.03.2016,5,2016,True,har_x,0.023650603467116,0.02308551315535022
126,24.03.2016,5,2016,True,har_x,0.0236939005521536,0.02386273174543496
126,28.03.2016,5,2016,True,har_x,0.0239419247163981,0.023286577574116007
126,29.03.2016,5,2016,True,har_x,0.0239450169117702,0.024979427374100274
126,30.03.2016,5,2016,True,har_x,0.0241041325058732,0.025678268801496196
126,31.03.2016,5,2016,True,har_x,0.0246113719532385,0.025183171450860246
126,01.04.2016,5,2016,True,har_x,0.0246261986110362,0.025004556328556856
126,04.04.2016,5,2016,True,har_x,0.0241733312751896,0.025485126106684623
126,05.04.2016,5,2016,True,har_x,0.0241723994423918,0.02628604088059754
126,06.04.2016,5,2016,True,har_x,0.0239635992734597,0.024970717662691544
126,07.04.2016,5,2016,True,har_x,0.023987395265786,0.024963806694001833
126,08.04.2016,5,2016,True,har_x,0.0234035945216472,0.024313600475669266
126,11.04.2016,5,2016,True,har_x,0.023367465307106,0.02602143426133489
126,12.04.2016,5,2016,True,har_x,0.023086851676663,0.025655546949255738
126,13.04.2016,5,2016,True,har_x,0.0230870138429585,0.025932922825462366
126,14.04.2016,5,2016,True,har_x,0.0230743423448382,0.025521111837657328
126,15.04.2016,5,2016,True,har_x,0.0230168147563234,0.0245716585718413
126,18.04.2016,5,2016,True,har_x,0.0230274108247387,0.026058512209532567
126,19.04.2016,5,2016,True,har_x,0.0229242458861618,0.023480812195689375
126,20.04.2016,5,2016,True,har_x,0.0227236382024638,0.022863499066723574
126,21.04.2016,5,2016,True,har_x,0.0226913385635803,0.02333083902728359
126,22.04.2016,5,2016,True,har_x,0.0226744514335215,0.02328204740208467
126,25.04.2016,5,2016,True,har_x,0.0226431907485979,0.02242077726275958
126,26.04.2016,5,2016,True,har_x,0.0225499109751569,0.02375156155847972
126,27.04.2016,5,2016,True,har_x,0.0224357976213036,0.023669441635771508
126,28.04.2016,5,2016,True,har_x,0.0223819044006714,0.023745025873791403
126,29.04.2016,5,2016,True,har_x,0.0224246887693784,0.023108180471290773
126,02.05.2016,5,2016,True,har_x,0.0225732697196155,0.022740472471198366
126,03.05.2016,5,2016,True,har_x,0.0224277322322026,0.022814496154919962
126,04.05.2016,5,2016,True,har_x,0.0222071419922827,0.023832999702951836
126,05.05.2016,5,2016,True,har_x,0.0222172682133694,0.02401586455664626
126,06.05.2016,5,2016,True,har_x,0.0222575307248278,0.023332771684170042
126,09.05.2016,5,2016,True,har_x,0.0220045493410784,0.02226101911098682
126,10.05.2016,5,2016,True,har_x,0.0216806611174792,0.023772231231869285
126,11.05.2016,5,2016,True,har_x,0.0213173108309287,0.02353923035670704
126,12.05.2016,5,2016,True,har_x,0.0213199430935269,0.02358156455139422
126,13.05.2016,5,2016,True,har_x,0.0214925666219085,0.022868049981391782
126,16.05.2016,5,2016,True,har_x,0.0219561536419523,0.022803095154804567
126,17.05.2016,5,2016,True,har_x,0.0219555683380012,0.022281855002430198
126,18.05.2016,5,2016,True,har_x,0.0219485930361938,0.022139548293222858
126,19.05.2016,5,2016,True,har_x,0.0219603237705206,0.021882691106325472
126,20.05.2016,5,2016,True,har_x,0.0222903606246144,0.02155043277618652
126,23.05.2016,5,2016,True,har_x,0.0222832100495465,0.02081761392283036
126,24.05.2016,5,2016,True,har_x,0.0222804907393631,0.02183496771936679
126,25.05.2016,5,2016,True,har_x,0.0224085914183478,0.021268861667312275
126,26.05.2016,5,2016,True,har_x,0.0224878383201795,0.021024214327950798
126,27.05.2016,5,2016,True,har_x,0.0227517382377708,0.02087521688089225
126,31.05.2016,5,2016,True,har_x,0.0239698916622215,0.020745324088825758
126,01.06.2016,5,2016,True,har_x,0.0239698954948225,0.02006348850706104
126,02.06.2016,5,2016,True,har_x,0.0249062416821737,0.020444950915486572
126,03.06.2016,5,2016,True,har_x,0.0249042787125134,0.018941672318605222
126,06.06.2016,5,2016,True,har_x,0.024914347676608,0.018445223837670485
126,07.06.2016,5,2016,True,har_x,0.0249182227784541,0.019593481894436948
126,08.06.2016,5,2016,True,har_x,0.0248949709007205,0.01947454420821264
126,09.06.2016,5,2016,True,har_x,0.0248854219871767,0.019015900816334707
126,10.06.2016,5,2016,True,har_x,0.0248524985702641,0.018907522871707664
126,13.06.2016,5,2016,True,har_x,0.0248491707591692,0.020837965877823925
126,14.06.2016,5,2016,True,har_x,0.0250140421522212,0.021774263051936193
126,15.06.2016,5,2016,True,har_x,0.0249619103256769,0.021838628977463956
126,16.06.2016,5,2016,True,har_x,0.024798695494443,0.021617443950794155
126,17.06.2016,5,2016,True,har_x,0.0245452663621206,0.022902283017859865
126,20.06.2016,5,2016,True,har_x,0.0244171594778278,0.022711957572039244
126,21.06.2016,5,2016,True,har_x,0.0244633914184239,0.021228599300531382
126,22.06.2016,5,2016,True,har_x,0.0244412219600469,0.021185788229594014
126,23.06.2016,5,2016,True,har_x,0.0243777047221089,0.0223433783632137
126,24.06.2016,5,2016,True,har_x,0.0239845143028718,0.021157541748027496
126,27.06.2016,5,2016,True,har_x,0.0238587713167137,0.023244005130621075
126,28.06.2016,5,2016,True,har_x,0.0237244400733584,0.022851670529864254
126,29.06.2016,5,2016,True,har_x,0.0234540032379133,0.0223545900400482
126,30.06.2016,5,2016,True,har_x,0.0234172256004718,0.02229612248870183
126,01.07.2016,5,2016,True,har_x,0.023464256161436,0.02190719604569487
126,05.07.2016,5,2016,True,har_x,0.0232021682280144,0.02079341532864238
126,06.07.2016,5,2016,True,har_x,0.0231586298852779,0.023436000241326797
126,07.07.2016,5,2016,True,har_x,0.022970129115111,0.0234781253873231
126,08.07.2016,5,2016,True,har_x,0.0230727615539779,0.024641600316270797
126,11.07.2016,5,2016,True,har_x,0.0231605157214719,0.023476114270547993
126,12.07.2016,5,2016,True,har_x,0.0228383578808612,0.02293500783309327
126,13.07.2016,5,2016,True,har_x,0.0224548011065866,0.023034659081223863
126,14.07.2016,5,2016,True,har_x,0.0223656867861931,0.024410730339618547
126,15.07.2016,5,2016,True,har_x,0.0225176346730012,0.022440996746616797
126,18.07.2016,5,2016,True,har_x,0.022480690515792,0.021514865510122588
126,19.07.2016,5,2016,True,har_x,0.022564265302319,0.02331186924657574
126,20.07.2016,5,2016,True,har_x,0.0225544754537252,0.02251985289546858
126,21.07.2016,5,2016,True,har_x,0.0224685362040368,0.022233176898500122
126,22.07.2016,5,2016,True,har_x,0.0224517569020455,0.0227089322459604
126,25.07.2016,5,2016,True,har_x,0.0224221993993155,0.022696060713077133
126,26.07.2016,5,2016,True,har_x,0.0224599478104245,0.022630573786409536
126,27.07.2016,5,2016,True,har_x,0.0222681457613241,0.02242939783070434
126,28.07.2016,5,2016,True,har_x,0.0222046021437829,0.02289667389018286
126,29.07.2016,5,2016,True,har_x,0.0221951977333022,0.022848532089215227
126,01.08.2016,5,2016,True,har_x,0.0222285490936905,0.022081275057673898
126,02.08.2016,5,2016,True,har_x,0.0221723059223665,0.02320012840730318
126,03.08.2016,5,2016,True,har_x,0.0221110627991661,0.02373071503290403
126,04.08.2016,5,2016,True,har_x,0.0220299787584352,0.023936270643013215
126,05.08.2016,5,2016,True,har_x,0.0220291510005507,0.023284646445588215
126,08.08.2016,5,2016,True,har_x,0.0219406373086781,0.022331019693216835
126,09.08.2016,5,2016,True,har_x,0.021974071353521,0.022571319840611295
126,10.08.2016,5,2016,True,har_x,0.0219650141923867,0.02151110801230379
126,11.08.2016,5,2016,True,har_x,0.0216386223745114,0.02140283193480456
126,12.08.2016,5,2016,True,har_x,0.0215803571570164,0.022124359524442652
126,15.08.2016,5,2016,True,har_x,0.0214391853004271,0.021329377300797044
126,16.08.2016,5,2016,True,har_x,0.0213859332723093,0.021223575576631275
126,17.08.2016,5,2016,True,har_x,0.0213983886620817,0.021051677198520823
126,18.08.2016,5,2016,True,har_x,0.0213699434415408,0.01990332096707107
126,19.08.2016,5,2016,True,har_x,0.0213984090343191,0.02032052839260397
126,22.08.2016,5,2016,True,har_x,0.0211884668092787,0.019517739953792544
126,23.08.2016,5,2016,True,har_x,0.0211457152938164,0.020787854723372585
126,24.08.2016,5,2016,True,har_x,0.0210843477248656,0.020866988310240402
126,25.08.2016,5,2016,True,har_x,0.021058841670508,0.020797189805656903
126,26.08.2016,5,2016,True,har_x,0.0210754071776817,0.020353105933674585
126,29.08.2016,5,2016,True,har_x,0.0210737231693712,0.01999860521990377
126,30.08.2016,5,2016,True,har_x,0.0210029299509356,0.02155273042322923
126,31.08.2016,5,2016,True,har_x,0.020842064704826,0.022030015812265626
126,01.09.2016,5,2016,True,har_x,0.0213687332959664,0.022783140097632958
126,02.09.2016,5,2016,True,har_x,0.0214260638773058,0.022733102473732895
126,06.09.2016,5,2016,True,har_x,0.0214643503446315,0.021925976635970013
126,07.09.2016,5,2016,True,har_x,0.0214252092416808,0.020687088492056884
126,08.09.2016,5,2016,True,har_x,0.0211282475244532,0.020447328504042964
126,09.09.2016,5,2016,True,har_x,0.0208660436457202,0.020843689179561944
126,12.09.2016,5,2016,True,har_x,0.0208601649260109,0.021702143976410217
126,13.09.2016,5,2016,True,har_x,0.0207279475725671,0.021890510987794785
126,14.09.2016,5,2016,True,har_x,0.0205813414400075,0.0228629402091032
126,15.09.2016,5,2016,True,har_x,0.0205729752747098,0.023350462599166042
126,16.09.2016,5,2016,True,har_x,0.0205159320258015,0.02245394338259927
126,19.09.2016,5,2016,True,har_x,0.0205150917293295,0.021965333014737617
126,20.09.2016,5,2016,True,har_x,0.0205170979820305,0.024358195462373732
126,21.09.2016,5,2016,True,har_x,0.0204413146407446,0.024559505835983934
126,22.09.2016,5,2016,True,har_x,0.0204090366207583,0.024464366230630055
126,23.09.2016,5,2016,True,har_x,0.0201979510473105,0.02498632817962379
126,26.09.2016,5,2016,True,har_x,0.0200319239470838,0.02638951448876961
126,27.09.2016,5,2016,True,har_x,0.0198467943727104,0.024143076975241387
126,28.09.2016,5,2016,True,har_x,0.0191949476478684,0.023994002867707823
126,29.09.2016,5,2016,True,har_x,0.0192459093055243,0.025476188145053386
126,30.09.2016,5,2016,True,har_x,0.0192433298845381,0.023660894525661967
126,03.10.2016,5,2016,True,har_x,0.019259614746124,0.022481053785421305
126,04.10.2016,5,2016,True,har_x,0.0190152644269929,0.020804799037105103
126,05.10.2016,5,2016,True,har_x,0.0189759075780704,0.02115819236764584
126,06.10.2016,5,2016,True,har_x,0.0189493095012068,0.020315030364571943
126,07.10.2016,5,2016,True,har_x,0.0189313931966491,0.019831277888158572
126,11.10.2016,5,2016,True,har_x,0.0189155549304702,0.019890573921736526
126,12.10.2016,5,2016,True,har_x,0.0189062799956515,0.02007463892886738
126,13.10.2016,5,2016,True,har_x,0.018920423406757,0.020262313967911418
126,14.10.2016,5,2016,True,har_x,0.0192015628759575,0.019357703544153275
126,17.10.2016,5,2016,True,har_x,0.0191867022062218,0.018721814934350964
126,18.10.2016,5,2016,True,har_x,0.019266121201285,0.019761148917259778
126,19.10.2016,5,2016,True,har_x,0.0192006455595507,0.020106199181260356
126,20.10.2016,5,2016,True,har_x,0.0190919893811398,0.019297968727012522
126,21.10.2016,5,2016,True,har_x,0.0190857934745485,0.019572505985549805
126,24.10.2016,5,2016,True,har_x,0.019089093075288,0.019316795370989535
126,25.10.2016,5,2016,True,har_x,0.0190591443341472,0.01880177562417353
126,26.10.2016,5,2016,True,har_x,0.019007329735261,0.019233550760292626
126,27.10.2016,5,2016,True,har_x,0.0190796514827418,0.019492964136283195
126,28.10.2016,5,2016,True,har_x,0.0190394837606953,0.019025457996667355
126,31.10.2016,5,2016,True,har_x,0.0193600896009623,0.019712409734160868
126,01.11.2016,5,2016,True,har_x,0.0194046412918744,0.021057143778722462
126,02.11.2016,5,2016,True,har_x,0.0192079341014132,0.020376164706392343
126,03.11.2016,5,2016,True,har_x,0.0192154742111173,0.021051050310281618
126,04.11.2016,5,2016,True,har_x,0.01933413702553,0.02069701073222288
126,07.11.2016,5,2016,True,har_x,0.019327211711509,0.021430228193562155
126,08.11.2016,5,2016,True,har_x,0.0193252227983991,0.021329140952596932
126,09.11.2016,5,2016,True,har_x,0.019386440516442,0.020913878949530035
126,10.11.2016,5,2016,True,har_x,0.0193593769763964,0.02016811193238069
126,14.11.2016,5,2016,True,har_x,0.0191613738743267,0.02059809933089675
126,15.11.2016,5,2016,True,har_x,0.0185453594879901,0.024785222488209024
126,16.11.2016,5,2016,True,har_x,0.0186159770853591,0.025960694596834966
126,17.11.2016,5,2016,True,har_x,0.0186152266469445,0.02541990776775987
126,18.11.2016,5,2016,True,har_x,0.0186088633977701,0.024412111583691307
126,21.11.2016,5,2016,True,har_x,0.0182365997467193,0.02418523374598978
126,22.11.2016,5,2016,True,har_x,0.018732152231377,0.024134642168885605
126,23.11.2016,5,2016,True,har_x,0.0187643155280735,0.023624131867642225
126,25.11.2016,5,2016,True,har_x,0.0184925697483842,0.02384360929727504
126,28.11.2016,5,2016,True,har_x,0.0186032468926001,0.02658288793999655
126,29.11.2016,5,2016,True,har_x,0.0182592812027521,0.026249558691152343
126,30.11.2016,5,2016,True,har_x,0.0166475714002091,0.027392292462357384
126,01.12.2016,5,2016,True,har_x,0.0166694066813486,0.026027738737953995
126,02.12.2016,5,2016,True,har_x,0.015240192582656,0.02351666253401061
126,05.12.2016,5,2016,True,har_x,0.0156537712459361,0.02352220782877447
126,06.12.2016,5,2016,True,har_x,0.0155774419177731,0.022824147404893316
126,07.12.2016,5,2016,True,har_x,0.015519292755166,0.022851807224966873
126,08.12.2016,5,2016,True,har_x,0.0154440193853193,0.02232354245611347
126,09.12.2016,5,2016,True,har_x,0.0154475775100937,0.02197859572980342
126,12.12.2016,5,2016,True,har_x,0.0155884196574488,0.021277351074228748
126,13.12.2016,5,2016,True,har_x,0.0155875303185997,0.020020493604678044
126,14.12.2016,5,2016,True,har_x,0.0153523490911855,0.019733745137984902
126,15.12.2016,5,2016,True,har_x,0.0153691650284178,0.02121393106670988
126,16.12.2016,5,2016,True,har_x,0.0153136525907615,0.020560361654302407
126,19.12.2016,5,2016,True,har_x,0.0154710494360852,0.019534498144794125
126,20.12.2016,5,2016,True,har_x,0.0154766360870263,0.019217789780547508
126,21.12.2016,5,2016,True,har_x,0.0154397098502526,0.018589198803955376
126,22.12.2016,5,2016,True,har_x,0.0154167545058207,0.018893577376832154
126,23.12.2016,5,2016,True,har_x,0.0155084171269929,0.019420556722625864
126,27.12.2016,5,2016,True,har_x,0.0154853585440453,0.01888661766267888
126,28.12.2016,5,2016,True,har_x,0.0154853723503503,0.02066973452693146
126,29.12.2016,5,2016,True,har_x,0.0155212489268484,0.020190833295791483
126,30.12.2016,5,2016,True,har_x,0.0158733199676313,0.019395310589554047
5,03.01.2017,6,2017,True,har,0.0235557616158962,0.019015588028511318
5,04.01.2017,6,2017,True,har,0.0261434049980928,0.014679923929016323
5,05.01.2017,6,2017,True,har,0.0274543483931414,0.01519133410192344
5,06.01.2017,6,2017,True,har,0.0272901392304209,0.014359356959191931
5,09.01.2017,6,2017,True,har,0.0202830040342611,0.013652220386548647
5,10.01.2017,6,2017,True,har,0.0217277603864057,0.017612425366090714
5,11.01.2017,6,2017,True,har,0.0168310680348452,0.017743792530621565
5,12.01.2017,6,2017,True,har,0.0193338633077202,0.018173936509924923
5,13.01.2017,6,2017,True,har,0.0189110939790537,0.018158109413469417
5,17.01.2017,6,2017,True,har,0.0190255919050815,0.01679191414954624
5,18.01.2017,6,2017,True,har,0.0122124006809293,0.01587769208168235
5,19.01.2017,6,2017,True,har,0.0142985024591347,0.017426247313403313
5,20.01.2017,6,2017,True,har,0.0130310709978567,0.016145955512382067
5,23.01.2017,6,2017,True,har,0.0130830280643518,0.017664180008484954
5,24.01.2017,6,2017,True,har,0.0135802107021798,0.01662481197636619
5,25.01.2017,6,2017,True,har,0.0130211103516648,0.016499286983465852
5,26.01.2017,6,2017,True,har,0.0113646841332172,0.01611575428201374
5,27.01.2017,6,2017,True,har,0.0082306749554569,0.016986740049873432
5,30.01.2017,6,2017,True,har,0.0133114856850154,0.016744351290338518
5,31.01.2017,6,2017,True,har,0.0138867516194371,0.016477700582099495
5,01.02.2017,6,2017,True,har,0.0139733193977156,0.016724111451481335
5,02.02.2017,6,2017,True,har,0.0119643454704039,0.01624411983541828
5,03.02.2017,6,2017,True,har,0.015574962786203,0.0166412340991475
5,06.02.2017,6,2017,True,har,0.0156966913030433,0.015914635906627842
5,07.02.2017,6,2017,True,har,0.0144201374061853,0.017221845836913507
5,08.02.2017,6,2017,True,har,0.0147882195590947,0.015576163268694852
5,09.02.2017,6,2017,True,har,0.0143088260893701,0.014446543101836176
5,10.02.2017,6,2017,True,har,0.0101761241814115,0.013817854574977733
5,13.02.2017,6,2017,True,har,0.0075691281989297,0.014595575558675298
5,14.02.2017,6,2017,True,har,0.0108038174406918,0.015016456231165652
5,15.02.2017,6,2017,True,har,0.0120633939888563,0.014477390049034231
5,16.02.2017,6,2017,True,har,0.0134630948361532,0.013274480079012909
5,17.02.2017,6,2017,True,har,0.0134575656031998,0.013158912365775547
5,21.02.2017,6,2017,True,har,0.0107395993826113,0.012063848687899809
5,22.02.2017,6,2017,True,har,0.0089142423838605,0.012598022438677397
5,23.02.2017,6,2017,True,har,0.0047997579360412,0.01316890050556252
5,24.02.2017,6,2017,True,har,0.0092806104963882,0.013353927863142984
5,27.02.2017,6,2017,True,har,0.0093185660679438,0.012935333217415372
5,28.02.2017,6,2017,True,har,0.008748580319827,0.012321267609933732
5,01.03.2017,6,2017,True,har,0.0252555621446521,0.012317087160929725
5,02.03.2017,6,2017,True,har,0.0255310498756816,0.011840330375884781
5,03.03.2017,6,2017,True,har,0.0211678724517608,0.011999776337128027
5,06.03.2017,6,2017,True,har,0.020663234182458,0.012490868564989759
5,07.03.2017,6,2017,True,har,0.0195604523355581,0.011976589350426697
5,08.03.2017,6,2017,True,har,0.0141812117407518,0.011326340200310502
5,09.03.2017,6,2017,True,har,0.0123362614590232,0.017883675185886367
5,10.03.2017,6,2017,True,har,0.0095084633042243,0.016857843370357353
5,13.03.2017,6,2017,True,har,0.0096794594132094,0.016453224911777538
5,14.03.2017,6,2017,True,har,0.0108974862028751,0.015200496046768146
5,15.03.2017,6,2017,True,har,0.0052496885967401,0.01515972023130345
5,16.03.2017,6,2017,True,har,0.0052155026143254,0.01549157658183379
5,17.03.2017,6,2017,True,har,0.0064698112065869,0.014746618104611663
5,20.03.2017,6,2017,True,har,0.0065837243789815,0.014504980201447876
5,21.03.2017,6,2017,True,har,0.0067868159002689,0.014555946501461019
5,22.03.2017,6,2017,True,har,0.009458799575754,0.014650220938993957
5,23.03.2017,6,2017,True,har,0.0081999144305436,0.013850611133135963
5,24.03.2017,6,2017,True,har,0.0096909454288953,0.013253454936524202
5,27.03.2017,6,2017,True,har,0.008588936679904,0.013564673668139154
5,28.03.2017,6,2017,True,har,0.0098197136663599,0.013431577308212346
5,29.03.2017,6,2017,True,har,0.0082508935581126,0.014154947541887735
5,30.03.2017,6,2017,True,har,0.0082050562376209,0.015436023334455998
5,31.03.2017,6,2017,True,har,0.0063624322890995,0.01505900029586428
5,03.04.2017,6,2017,True,har,0.0062649719135452,0.014533866176992663
5,04.04.2017,6,2017,True,har,0.0040351957315502,0.014616610718888097
5,05.04.2017,6,2017,True,har,0.0075311804176024,0.01579114248142074
5,06.04.2017,6,2017,True,har,0.0073487577607962,0.01154846668968433
5,07.04.2017,6,2017,True,har,0.0090919061727864,0.011246970515157394
5,10.04.2017,6,2017,True,har,0.006121265346168,0.010327414324820254
5,11.04.2017,6,2017,True,har,0.0141235425503096,0.010716961708257113
5,12.04.2017,6,2017,True,har,0.0152541166482327,0.009869657215303161
5,13.04.2017,6,2017,True,har,0.0142211746128228,0.010125386416160826
5,17.04.2017,6,2017,True,har,0.0144940427162336,0.009847209739772957
5,18.04.2017,6,2017,True,har,0.0180676826242919,0.010653320809786915
5,19.04.2017,6,2017,True,har,0.0108064225635199,0.010583032387722341
5,20.04.2017,6,2017,True,har,0.0104112324880823,0.01435631121017086
5,21.04.2017,6,2017,True,har,0.0079405469352936,0.013002384791963424
5,24.04.2017,6,2017,True,har,0.0074811932380262,0.014256375979032935
5,25.04.2017,6,2017,True,har,0.0094730659827286,0.013863828271232843
5,26.04.2017,6,2017,True,har,0.0111399036842247,0.014338011324270487
5,27.04.2017,6,2017,True,har,0.0230964946416353,0.013516616176626594
5,28.04.2017,6,2017,True,har,0.025140349361886,0.01300457432597802
5,01.05.2017,6,2017,True,har,0.0260098660775432,0.012625823695348034
5,02.05.2017,6,2017,True,har,0.0252936173728573,0.012540458302127098
5,03.05.2017,6,2017,True,har,0.0301729792473231,0.01375981021682562
5,04.05.2017,6,2017,True,har,0.0154718569788468,0.012750815709975598
5,05.05.2017,6,2017,True,har,0.0155213873584114,0.017713941646397686
5,08.05.2017,6,2017,True,har,0.016324465909967,0.016790939359982295
5,09.05.2017,6,2017,True,har,0.0134689880994682,0.016444363306371366
5,10.05.2017,6,2017,True,har,0.008805246541736,0.01627862476220528
5,11.05.2017,6,2017,True,har,0.0086492145017199,0.018664552420522583
5,12.05.2017,6,2017,True,har,0.0098913877798646,0.01705228974012439
5,15.05.2017,6,2017,True,har,0.0088330369216513,0.01670360268900166
5,16.05.2017,6,2017,True,har,0.0067522393606891,0.017942043108321613
5,17.05.2017,6,2017,True,har,0.0087734455488654,0.017089807216689474
5,18.05.2017,6,2017,True,har,0.0257936189461425,0.015961423657744615
5,19.05.2017,6,2017,True,har,0.0241761926431435,0.015795972973229624
5,22.05.2017,6,2017,True,har,0.0234919151228415,0.016463769365034034
5,23.05.2017,6,2017,True,har,0.0239329520579325,0.01570282208187857
5,24.05.2017,6,2017,True,har,0.0244489107682064,0.015502607624208922
5,25.05.2017,6,2017,True,har,0.0157372637041261,0.015570516810022781
5,26.05.2017,6,2017,True,har,0.0114804074429899,0.020803068628800454
5,30.05.2017,6,2017,True,har,0.0157402525760111,0.01950566445004895
5,31.05.2017,6,2017,True,har,0.0203962236745805,0.019190366142888125
5,01.06.2017,6,2017,True,har,0.0199592657137636,0.020548324632847604
5,02.06.2017,6,2017,True,har,0.0212696557532869,0.019422950429812055
5,05.06.2017,6,2017,True,har,0.021665721885747,0.01680321676330672
5,06.06.2017,6,2017,True,har,0.0208677388912254,0.016471565190612183
5,07.06.2017,6,2017,True,har,0.0182568742349993,0.017073827459714676
5,08.06.2017,6,2017,True,har,0.0182999543772069,0.020084866298494285
5,09.06.2017,6,2017,True,har,0.0188382242560388,0.017676243135698495
5,12.06.2017,6,2017,True,har,0.018651603762676,0.017745222845168846
5,13.06.2017,6,2017,True,har,0.0173050674339076,0.017670807099877357
5,14.06.2017,6,2017,True,har,0.0141697106058815,0.017493851582364155
5,15.06.2017,6,2017,True,har,0.0162626540329067,0.019315809550328626
5,16.06.2017,6,2017,True,har,0.0156401647912258,0.01779066556062868
5,19.06.2017,6,2017,True,har,0.0167740070134479,0.0182240886601961
5,20.06.2017,6,2017,True,har,0.0169158744499562,0.017545788192186933
5,21.06.2017,6,2017,True,har,0.0049034032991421,0.017793190784418933
5,22.06.2017,6,2017,True,har,0.0062437985523846,0.017947810398330433
5,23.06.2017,6,2017,True,har,0.0060941362054205,0.01772828242592906
5,26.06.2017,6,2017,True,har,0.0125196189989945,0.0161992297733948
5,27.06.2017,6,2017,True,har,0.027393253823266,0.016015173081028393
5,28.06.2017,6,2017,True,har,0.0269679307752564,0.01705894546170504
5,29.06.2017,6,2017,True,har,0.0307673987325636,0.015629095880079887
5,30.06.2017,6,2017,True,har,0.030161817856412,0.015305167184386344
5,03.07.2017,6,2017,True,har,0.0235737509448897,0.01575869134203608
5,05.07.2017,6,2017,True,har,0.0168436911914424,0.01853620082013664
5,06.07.2017,6,2017,True,har,0.0179046265070579,0.020917721711684472
5,07.07.2017,6,2017,True,har,0.0049034283045851,0.0181709477628196
5,10.07.2017,6,2017,True,har,0.0099881917259502,0.020125324725197145
5,11.07.2017,6,2017,True,har,0.0093352426539737,0.01906463485110303
5,12.07.2017,6,2017,True,har,0.0107040228630733,0.019112439417434877
5,13.07.2017,6,2017,True,har,0.0120671950546309,0.018188271008440192
5,14.07.2017,6,2017,True,har,0.0168330666696108,0.01756460266583139
5,17.07.2017,6,2017,True,har,0.0174326111676533,0.016453440632043924
5,18.07.2017,6,2017,True,har,0.0225947264685209,0.01692135813976295
5,19.07.2017,6,2017,True,har,0.0223195575471599,0.016738662653001855
5,20.07.2017,6,2017,True,har,0.0210944170934578,0.016902214438148065
5,21.07.2017,6,2017,True,har,0.0090277493521334,0.015816894840689787
5,24.07.2017,6,2017,True,har,0.0111914586285807,0.017733187348418264
5,25.07.2017,6,2017,True,har,0.0084614054740388,0.01728509948962292
5,26.07.2017,6,2017,True,har,0.0097884056504861,0.019283702920927133
5,27.07.2017,6,2017,True,har,0.0106041748875416,0.018551191781267858
5,28.07.2017,6,2017,True,har,0.0058869412036019,0.018204783879442174
5,31.07.2017,6,2017,True,har,0.0056670706980389,0.017845213082934182
5,01.08.2017,6,2017,True,har,0.0058283617906903,0.0173298313909763
5,02.08.2017,6,2017,True,har,0.0076268196672991,0.016032185454859578
5,03.08.2017,6,2017,True,har,0.0103580851426379,0.014395556638747992
5,04.08.2017,6,2017,True,har,0.0096914007711532,0.014656083621955935
5,07.08.2017,6,2017,True,har,0.0149156961294157,0.012812330005888897
5,08.08.2017,6,2017,True,har,0.0153241817136072,0.012588161041469252
5,09.08.2017,6,2017,True,har,0.0125006458340878,0.012757581071491334
5,10.08.2017,6,2017,True,har,0.0158490983295944,0.013185168286969369
5,11.08.2017,6,2017,True,har,0.0228072772788493,0.01395660874770167
5,14.08.2017,6,2017,True,har,0.0208873649691793,0.013408072126966257
5,15.08.2017,6,2017,True,har,0.0208494065912072,0.015577698489830748
5,16.08.2017,6,2017,True,har,0.0193332967023267,0.014596460413256209
5,17.08.2017,6,2017,True,har,0.0205917712724213,0.014570300055260353
5,18.08.2017,6,2017,True,har,0.0137350683203444,0.015135440903167471
5,21.08.2017,6,2017,True,har,0.0105416217614003,0.01640039653943009
5,22.08.2017,6,2017,True,har,0.0104310078916245,0.01641200500165999
5,23.08.2017,6,2017,True,har,0.0115048429883322,0.014697758738228133
5,24.08.2017,6,2017,True,har,0.0193919245688938,0.014876167511883975
5,25.08.2017,6,2017,True,har,0.0191258858473145,0.01490333649442016
5,28.08.2017,6,2017,True,har,0.0200397798007789,0.013810881933195284
5,29.08.2017,6,2017,True,har,0.0203173149863943,0.013783127883407657
5,30.08.2017,6,2017,True,har,0.0120532863132566,0.01348562896393838
5,31.08.2017,6,2017,True,har,0.013203849177006,0.014887219300932598
5,01.09.2017,6,2017,True,har,0.0129654940090904,0.016805185721430332
5,05.09.2017,6,2017,True,har,0.0105206659722428,0.015640720964904802
5,06.09.2017,6,2017,True,har,0.0108162616122833,0.016861049119625028
5,07.09.2017,6,2017,True,har,0.0108282229929867,0.01686957585457842
5,08.09.2017,6,2017,True,har,0.0059471874612764,0.015776761338549643
5,11.09.2017,6,2017,True,har,0.0069436969545154,0.01608671026409408
5,12.09.2017,6,2017,True,har,0.0086146932272102,0.0156065657518101
5,13.09.2017,6,2017,True,har,0.0103279514151038,0.01473825493531477
5,14.09.2017,6,2017,True,har,0.0103052357541987,0.015257052901271658
5,15.09.2017,6,2017,True,har,0.0104495712081088,0.014585185653614191
5,18.09.2017,6,2017,True,har,0.016974941416163,0.013967896418783281
5,19.09.2017,6,2017,True,har,0.0180402985352611,0.012988960614672878
5,20.09.2017,6,2017,True,har,0.0192260726064505,0.012610654763864722
5,21.09.2017,6,2017,True,har,0.0202755594989638,0.013708588456657733
5,22.09.2017,6,2017,True,har,0.0201426542669929,0.012888199080178098
5,25.09.2017,6,2017,True,har,0.009717906743561,0.012824992023712855
5,26.09.2017,6,2017,True,har,0.0103528757778329,0.015854177358645836
5,27.09.2017,6,2017,True,har,0.0105613936663007,0.014889618395708046
5,28.09.2017,6,2017,True,har,0.016502729749455,0.015221016222594985
5,29.09.2017,6,2017,True,har,0.0191365507432158,0.014541109652307014
5,02.10.2017,6,2017,True,har,0.0163793469234844,0.013506981998083395
5,03.10.2017,6,2017,True,har,0.0177829180482494,0.014670394423055986
5,04.10.2017,6,2017,True,har,0.0175184408430682,0.01350284765494843
5,05.10.2017,6,2017,True,har,0.0155741496140334,0.013376753937337879
5,06.10.2017,6,2017,True,har,0.0113658713090912,0.01499503803994905
5,09.10.2017,6,2017,True,har,0.0115202260310497,0.01591367875880688
5,10.10.2017,6,2017,True,har,0.0109094617189368,0.014883571642750767
5,11.10.2017,6,2017,True,har,0.0108852305930899,0.015581080988108698
5,12.10.2017,6,2017,True,har,0.0123329283615762,0.014994308778849653
5,13.10.2017,6,2017,True,har,0.0107971480515108,0.015276813287590797
5,16.10.2017,6,2017,True,har,0.009877411658219,0.015372083360471168
5,17.10.2017,6,2017,True,har,0.0128917327524994,0.01528275783639319
5,18.10.2017,6,2017,True,har,0.0127840078032777,0.014764016986488323
5,19.10.2017,6,2017,True,har,0.009555994782949,0.014495821251864355
5,20.10.2017,6,2017,True,har,0.010999781009783,0.015385829809562313
5,23.10.2017,6,2017,True,har,0.0070594332640597,0.015029209716675263
5,24.10.2017,6,2017,True,har,0.00670684715498,0.013109324325367325
5,25.10.2017,6,2017,True,har,0.0077595047485873,0.014025520668875786
5,26.10.2017,6,2017,True,har,0.0112335231381648,0.013338326863681173
5,27.10.2017,6,2017,True,har,0.0128084876072951,0.013698648754396019
5,30.10.2017,6,2017,True,har,0.0185293143266471,0.014363953171566805
5,31.10.2017,6,2017,True,har,0.0206228936788675,0.012543848043004083
5,01.11.2017,6,2017,True,har,0.0208329580023607,0.01247527162066052
5,02.11.2017,6,2017,True,har,0.0183465197053881,0.012266491281503141
5,03.11.2017,6,2017,True,har,0.0179419499986094,0.012784448440750825
5,06.11.2017,6,2017,True,har,0.0061799113169255,0.012672175810454097
5,07.11.2017,6,2017,True,har,0.0079122400553665,0.014772576053560731
5,08.11.2017,6,2017,True,har,0.0078661254254413,0.014200737682727779
5,09.11.2017,6,2017,True,har,0.0040383038157823,0.014098142081095836
5,10.11.2017,6,2017,True,har,0.014221407930901,0.013590173225684576
5,13.11.2017,6,2017,True,har,0.0143867332608778,0.013601510973964323
5,14.11.2017,6,2017,True,har,0.0129228432112432,0.012754872456460748
5,15.11.2017,6,2017,True,har,0.0130313807563756,0.01374212536885008
5,16.11.2017,6,2017,True,har,0.0108540138275086,0.013471460992565762
5,17.11.2017,6,2017,True,har,0.0078590539991025,0.012962496800061589
5,20.11.2017,6,2017,True,har,0.0063452289654336,0.01467711807914086
5,21.11.2017,6,2017,True,har,0.0082873226671082,0.014201698482501097
5,22.11.2017,6,2017,True,har,0.0070205167885886,0.013784690790272502
5,24.11.2017,6,2017,True,har,0.0055447083785619,0.014116838637769339
5,27.11.2017,6,2017,True,har,0.00873919227444,0.013691813211352667
5,28.11.2017,6,2017,True,har,0.0100507963627971,0.01282311150459042
5,29.11.2017,6,2017,True,har,0.0148652647967863,0.012845332842331806
5,30.11.2017,6,2017,True,har,0.0171269858731004,0.013240789222426014
5,01.12.2017,6,2017,True,har,0.0201954643047896,0.013150278587059716
5,04.12.2017,6,2017,True,har,0.0194704857757051,0.012585876063341913
5,05.12.2017,6,2017,True,har,0.0232118204213185,0.013158272969116308
5,06.12.2017,6,2017,True,har,0.0199674331259553,0.010934817844404653
5,07.12.2017,6,2017,True,har,0.0196808974420829,0.013048341931944218
5,08.12.2017,6,2017,True,har,0.0176559766198737,0.013295597105785636
5,11.12.2017,6,2017,True,har,0.0138820427990253,0.0141556419491348
5,12.12.2017,6,2017,True,har,0.010405253579069,0.014631156419425476
5,13.12.2017,6,2017,True,har,0.0062452020510276,0.015525676780870756
5,14.12.2017,6,2017,True,har,0.0047969857429247,0.014982558140851508
5,15.12.2017,6,2017,True,har,0.0033406043934169,0.015115353444678903
5,18.12.2017,6,2017,True,har,0.0091862902738117,0.014370124028594368
5,19.12.2017,6,2017,True,har,0.0128438545883557,0.013564828239760934
5,20.12.2017,6,2017,True,har,0.012742673662225,0.013348424692482624
5,21.12.2017,6,2017,True,har,0.0133045875931049,0.013366097622902055
5,22.12.2017,6,2017,True,har,0.0135352870868838,0.012872000226305691
5,26.12.2017,6,2017,True,har,0.0102984123567844,0.012713854982364381
5,27.12.2017,6,2017,True,har,0.0082496626060419,0.014802937111688777
5,28.12.2017,6,2017,True,har,0.0097482971329499,0.01450749839932009
5,29.12.2017,6,2017,True,har,0.0094429822747195,0.014197246033107548
5,03.01.2017,6,2017,True,har_ovx,0.0235557616158962,0.014622645310941807
5,04.01.2017,6,2017,True,har_ovx,0.0261434049980928,0.015914557053935418
5,05.01.2017,6,2017,True,har_ovx,0.0274543483931414,0.015652448480780273
5,06.01.2017,6,2017,True,har_ovx,0.0272901392304209,0.015016376949074458
5,09.01.2017,6,2017,True,har_ovx,0.0202830040342611,0.014261341031701014
5,10.01.2017,6,2017,True,har_ovx,0.0217277603864057,0.016759761139914196
5,11.01.2017,6,2017,True,har_ovx,0.0168310680348452,0.016537029531707916
5,12.01.2017,6,2017,True,har_ovx,0.0193338633077202,0.016145638384579136
5,13.01.2017,6,2017,True,har_ovx,0.0189110939790537,0.01566631997824281
5,17.01.2017,6,2017,True,har_ovx,0.0190255919050815,0.01451666213188801
5,18.01.2017,6,2017,True,har_ovx,0.0122124006809293,0.014754986712109976
5,19.01.2017,6,2017,True,har_ovx,0.0142985024591347,0.015061593567701696
5,20.01.2017,6,2017,True,har_ovx,0.0130310709978567,0.014578991274801613
5,23.01.2017,6,2017,True,har_ovx,0.0130830280643518,0.013725673050150966
5,24.01.2017,6,2017,True,har_ovx,0.0135802107021798,0.014529605737512066
5,25.01.2017,6,2017,True,har_ovx,0.0130211103516648,0.013748925298091564
5,26.01.2017,6,2017,True,har_ovx,0.0113646841332172,0.01431527444304754
5,27.01.2017,6,2017,True,har_ovx,0.0082306749554569,0.013947961668933272
5,30.01.2017,6,2017,True,har_ovx,0.0133114856850154,0.013989398510623422
5,31.01.2017,6,2017,True,har_ovx,0.0138867516194371,0.014648835436418269
5,01.02.2017,6,2017,True,har_ovx,0.0139733193977156,0.014935247847007393
5,02.02.2017,6,2017,True,har_ovx,0.0119643454704039,0.014412543500684194
5,03.02.2017,6,2017,True,har_ovx,0.015574962786203,0.013774209142449461
5,06.02.2017,6,2017,True,har_ovx,0.0156966913030433,0.012832346330918952
5,07.02.2017,6,2017,True,har_ovx,0.0144201374061853,0.013803204037174038
5,08.02.2017,6,2017,True,har_ovx,0.0147882195590947,0.013836490060135974
5,09.02.2017,6,2017,True,har_ovx,0.0143088260893701,0.013365142295678704
5,10.02.2017,6,2017,True,har_ovx,0.0101761241814115,0.01289533787553067
5,13.02.2017,6,2017,True,har_ovx,0.0075691281989297,0.011835716820715075
5,14.02.2017,6,2017,True,har_ovx,0.0108038174406918,0.012212581525028698
5,15.02.2017,6,2017,True,har_ovx,0.0120633939888563,0.012394913788934793
5,16.02.2017,6,2017,True,har_ovx,0.0134630948361532,0.012497540593973032
5,17.02.2017,6,2017,True,har_ovx,0.0134575656031998,0.01223190422303937
5,21.02.2017,6,2017,True,har_ovx,0.0107395993826113,0.01089614841390159
5,22.02.2017,6,2017,True,har_ovx,0.0089142423838605,0.011361277768803892
5,23.02.2017,6,2017,True,har_ovx,0.0047997579360412,0.01219175224509739
5,24.02.2017,6,2017,True,har_ovx,0.0092806104963882,0.011346536345175035
5,27.02.2017,6,2017,True,har_ovx,0.0093185660679438,0.011258229242899343
5,28.02.2017,6,2017,True,har_ovx,0.008748580319827,0.010694186838532486
5,01.03.2017,6,2017,True,har_ovx,0.0252555621446521,0.011041631603782149
5,02.03.2017,6,2017,True,har_ovx,0.0255310498756816,0.010471473012933425
5,03.03.2017,6,2017,True,har_ovx,0.0211678724517608,0.011394676579054618
5,06.03.2017,6,2017,True,har_ovx,0.020663234182458,0.011220453164017229
5,07.03.2017,6,2017,True,har_ovx,0.0195604523355581,0.011956617631726271
5,08.03.2017,6,2017,True,har_ovx,0.0141812117407518,0.0116168845709281
5,09.03.2017,6,2017,True,har_ovx,0.0123362614590232,0.01560890852639263
5,10.03.2017,6,2017,True,har_ovx,0.0095084633042243,0.015397902603299988
5,13.03.2017,6,2017,True,har_ovx,0.0096794594132094,0.016327512054072485
5,14.03.2017,6,2017,True,har_ovx,0.0108974862028751,0.015464050646457828
5,15.03.2017,6,2017,True,har_ovx,0.0052496885967401,0.016057659002402188
5,16.03.2017,6,2017,True,har_ovx,0.0052155026143254,0.014185024868402441
5,17.03.2017,6,2017,True,har_ovx,0.0064698112065869,0.01308633196845611
5,20.03.2017,6,2017,True,har_ovx,0.0065837243789815,0.012325694806370913
5,21.03.2017,6,2017,True,har_ovx,0.0067868159002689,0.012771586037642644
5,22.03.2017,6,2017,True,har_ovx,0.009458799575754,0.014443389629577835
5,23.03.2017,6,2017,True,har_ovx,0.0081999144305436,0.014044950174434608
5,24.03.2017,6,2017,True,har_ovx,0.0096909454288953,0.013815473206644245
5,27.03.2017,6,2017,True,har_ovx,0.008588936679904,0.01461833356064972
5,28.03.2017,6,2017,True,har_ovx,0.0098197136663599,0.014442949990339269
5,29.03.2017,6,2017,True,har_ovx,0.0082508935581126,0.014014264104989977
5,30.03.2017,6,2017,True,har_ovx,0.0082050562376209,0.01325214305072648
5,31.03.2017,6,2017,True,har_ovx,0.0063624322890995,0.012679902865628296
5,03.04.2017,6,2017,True,har_ovx,0.0062649719135452,0.012435725296490079
5,04.04.2017,6,2017,True,har_ovx,0.0040351957315502,0.012023949763110688
5,05.04.2017,6,2017,True,har_ovx,0.0075311804176024,0.01288200888976965
5,06.04.2017,6,2017,True,har_ovx,0.0073487577607962,0.012456282089505714
5,07.04.2017,6,2017,True,har_ovx,0.0090919061727864,0.011907272800704572
5,10.04.2017,6,2017,True,har_ovx,0.006121265346168,0.012284042073718245
5,11.04.2017,6,2017,True,har_ovx,0.0141235425503096,0.011883771514480904
5,12.04.2017,6,2017,True,har_ovx,0.0152541166482327,0.012139665666090059
5,13.04.2017,6,2017,True,har_ovx,0.0142211746128228,0.011930756030525243
5,17.04.2017,6,2017,True,har_ovx,0.0144940427162336,0.011288167265831258
5,18.04.2017,6,2017,True,har_ovx,0.0180676826242919,0.011251879430811263
5,19.04.2017,6,2017,True,har_ovx,0.0108064225635199,0.011942382610019918
5,20.04.2017,6,2017,True,har_ovx,0.0104112324880823,0.014167012544350523
5,21.04.2017,6,2017,True,har_ovx,0.0079405469352936,0.012594893377344601
5,24.04.2017,6,2017,True,har_ovx,0.0074811932380262,0.014159601398593307
5,25.04.2017,6,2017,True,har_ovx,0.0094730659827286,0.013907868099068427
5,26.04.2017,6,2017,True,har_ovx,0.0111399036842247,0.013620629116686012
5,27.04.2017,6,2017,True,har_ovx,0.0230964946416353,0.013538344080889084
5,28.04.2017,6,2017,True,har_ovx,0.025140349361886,0.01390297789576887
5,01.05.2017,6,2017,True,har_ovx,0.0260098660775432,0.013033531388791106
5,02.05.2017,6,2017,True,har_ovx,0.0252936173728573,0.0135742866114988
5,03.05.2017,6,2017,True,har_ovx,0.0301729792473231,0.01556341923841172
5,04.05.2017,6,2017,True,har_ovx,0.0154718569788468,0.015753156339614927
5,05.05.2017,6,2017,True,har_ovx,0.0155213873584114,0.01745820326085043
5,08.05.2017,6,2017,True,har_ovx,0.016324465909967,0.01655472648183509
5,09.05.2017,6,2017,True,har_ovx,0.0134689880994682,0.016457282757902633
5,10.05.2017,6,2017,True,har_ovx,0.008805246541736,0.01675986759233873
5,11.05.2017,6,2017,True,har_ovx,0.0086492145017199,0.016860946585003103
5,12.05.2017,6,2017,True,har_ovx,0.0098913877798646,0.016490386793882435
5,15.05.2017,6,2017,True,har_ovx,0.0088330369216513,0.016386947903837556
5,16.05.2017,6,2017,True,har_ovx,0.0067522393606891,0.01619614746797109
5,17.05.2017,6,2017,True,har_ovx,0.0087734455488654,0.016245258433845527
5,18.05.2017,6,2017,True,har_ovx,0.0257936189461425,0.01659884322700333
5,19.05.2017,6,2017,True,har_ovx,0.0241761926431435,0.015841296082417806
5,22.05.2017,6,2017,True,har_ovx,0.0234919151228415,0.014057549852038997
5,23.05.2017,6,2017,True,har_ovx,0.0239329520579325,0.014415108115045244
5,24.05.2017,6,2017,True,har_ovx,0.0244489107682064,0.015175760919257326
5,25.05.2017,6,2017,True,har_ovx,0.0157372637041261,0.014622549888560498
5,26.05.2017,6,2017,True,har_ovx,0.0114804074429899,0.016474736933026674
5,30.05.2017,6,2017,True,har_ovx,0.0157402525760111,0.014196091954033176
5,31.05.2017,6,2017,True,har_ovx,0.0203962236745805,0.0142839157503388
5,01.06.2017,6,2017,True,har_ovx,0.0199592657137636,0.015829559476922765
5,02.06.2017,6,2017,True,har_ovx,0.0212696557532869,0.014801764267514863
5,05.06.2017,6,2017,True,har_ovx,0.021665721885747,0.015649969055521528
5,06.06.2017,6,2017,True,har_ovx,0.0208677388912254,0.0164705264633611
5,07.06.2017,6,2017,True,har_ovx,0.0182568742349993,0.015487402418129272
5,08.06.2017,6,2017,True,har_ovx,0.0182999543772069,0.017189023436459627
5,09.06.2017,6,2017,True,har_ovx,0.0188382242560388,0.016501888810578055
5,12.06.2017,6,2017,True,har_ovx,0.018651603762676,0.01571739936367618
5,13.06.2017,6,2017,True,har_ovx,0.0173050674339076,0.01655321267725341
5,14.06.2017,6,2017,True,har_ovx,0.0141697106058815,0.015579533811707602
5,15.06.2017,6,2017,True,har_ovx,0.0162626540329067,0.015702073552803175
5,16.06.2017,6,2017,True,har_ovx,0.0156401647912258,0.015245896495353201
5,19.06.2017,6,2017,True,har_ovx,0.0167740070134479,0.012792833791981217
5,20.06.2017,6,2017,True,har_ovx,0.0169158744499562,0.014318454520138368
5,21.06.2017,6,2017,True,har_ovx,0.0049034032991421,0.01579849427964134
5,22.06.2017,6,2017,True,har_ovx,0.0062437985523846,0.01641717155762714
5,23.06.2017,6,2017,True,har_ovx,0.0060941362054205,0.015802221757209862
5,26.06.2017,6,2017,True,har_ovx,0.0125196189989945,0.0152760960225895
5,27.06.2017,6,2017,True,har_ovx,0.027393253823266,0.01516368395564132
5,28.06.2017,6,2017,True,har_ovx,0.0269679307752564,0.01563081880854383
5,29.06.2017,6,2017,True,har_ovx,0.0307673987325636,0.014652676792544842
5,30.06.2017,6,2017,True,har_ovx,0.030161817856412,0.014305782981135618
5,03.07.2017,6,2017,True,har_ovx,0.0235737509448897,0.013273192069946158
5,05.07.2017,6,2017,True,har_ovx,0.0168436911914424,0.014576814369605895
5,06.07.2017,6,2017,True,har_ovx,0.0179046265070579,0.01611828281914578
5,07.07.2017,6,2017,True,har_ovx,0.0049034283045851,0.01586122739154811
5,10.07.2017,6,2017,True,har_ovx,0.0099881917259502,0.016350506772672486
5,11.07.2017,6,2017,True,har_ovx,0.0093352426539737,0.01610697733154292
5,12.07.2017,6,2017,True,har_ovx,0.0107040228630733,0.016473889161013493
5,13.07.2017,6,2017,True,har_ovx,0.0120671950546309,0.01566243531619487
5,14.07.2017,6,2017,True,har_ovx,0.0168330666696108,0.015273456536928371
5,17.07.2017,6,2017,True,har_ovx,0.0174326111676533,0.014304295351605666
5,18.07.2017,6,2017,True,har_ovx,0.0225947264685209,0.014509429744294892
5,19.07.2017,6,2017,True,har_ovx,0.0223195575471599,0.014076757560306623
5,20.07.2017,6,2017,True,har_ovx,0.0210944170934578,0.013900386027727599
5,21.07.2017,6,2017,True,har_ovx,0.0090277493521334,0.013580468985562678
5,24.07.2017,6,2017,True,har_ovx,0.0111914586285807,0.013787423279157522
5,25.07.2017,6,2017,True,har_ovx,0.0084614054740388,0.01362571589324631
5,26.07.2017,6,2017,True,har_ovx,0.0097884056504861,0.013832644820290719
5,27.07.2017,6,2017,True,har_ovx,0.0106041748875416,0.013810800926474541
5,28.07.2017,6,2017,True,har_ovx,0.0058869412036019,0.013992604885766001
5,31.07.2017,6,2017,True,har_ovx,0.0056670706980389,0.0141549405773947
5,01.08.2017,6,2017,True,har_ovx,0.0058283617906903,0.01458908570337514
5,02.08.2017,6,2017,True,har_ovx,0.0076268196672991,0.014350131311418489
5,03.08.2017,6,2017,True,har_ovx,0.0103580851426379,0.014274996275409457
5,04.08.2017,6,2017,True,har_ovx,0.0096914007711532,0.013795541354039034
5,07.08.2017,6,2017,True,har_ovx,0.0149156961294157,0.013055707690273583
5,08.08.2017,6,2017,True,har_ovx,0.0153241817136072,0.013110470678632864
5,09.08.2017,6,2017,True,har_ovx,0.0125006458340878,0.013602794745272932
5,10.08.2017,6,2017,True,har_ovx,0.0158490983295944,0.013426588697642437
5,11.08.2017,6,2017,True,har_ovx,0.0228072772788493,0.013617755979294273
5,14.08.2017,6,2017,True,har_ovx,0.0208873649691793,0.012942083256611284
5,15.08.2017,6,2017,True,har_ovx,0.0208494065912072,0.013687452699999589
5,16.08.2017,6,2017,True,har_ovx,0.0193332967023267,0.013506100258547597
5,17.08.2017,6,2017,True,har_ovx,0.0205917712724213,0.013522269608493644
5,18.08.2017,6,2017,True,har_ovx,0.0137350683203444,0.013653104312183537
5,21.08.2017,6,2017,True,har_ovx,0.0105416217614003,0.012696090122618724
5,22.08.2017,6,2017,True,har_ovx,0.0104310078916245,0.013376746090989856
5,23.08.2017,6,2017,True,har_ovx,0.0115048429883322,0.012656859162211546
5,24.08.2017,6,2017,True,har_ovx,0.0193919245688938,0.012650624585876423
5,25.08.2017,6,2017,True,har_ovx,0.0191258858473145,0.01297923687170756
5,28.08.2017,6,2017,True,har_ovx,0.0200397798007789,0.013270679333472368
5,29.08.2017,6,2017,True,har_ovx,0.0203173149863943,0.014276531486587649
5,30.08.2017,6,2017,True,har_ovx,0.0120532863132566,0.014255435091719101
5,31.08.2017,6,2017,True,har_ovx,0.013203849177006,0.014033556786845166
5,01.09.2017,6,2017,True,har_ovx,0.0129654940090904,0.01369438754340467
5,05.09.2017,6,2017,True,har_ovx,0.0105206659722428,0.013301469958975024
5,06.09.2017,6,2017,True,har_ovx,0.0108162616122833,0.013908508842477898
5,07.09.2017,6,2017,True,har_ovx,0.0108282229929867,0.014174009066907883
5,08.09.2017,6,2017,True,har_ovx,0.0059471874612764,0.01385958783755893
5,11.09.2017,6,2017,True,har_ovx,0.0069436969545154,0.013786779501738834
5,12.09.2017,6,2017,True,har_ovx,0.0086146932272102,0.012530147998200167
5,13.09.2017,6,2017,True,har_ovx,0.0103279514151038,0.012492315093683416
5,14.09.2017,6,2017,True,har_ovx,0.0103052357541987,0.011966801403554515
5,15.09.2017,6,2017,True,har_ovx,0.0104495712081088,0.011503943131118485
5,18.09.2017,6,2017,True,har_ovx,0.016974941416163,0.011834782721786867
5,19.09.2017,6,2017,True,har_ovx,0.0180402985352611,0.012364528920900588
5,20.09.2017,6,2017,True,har_ovx,0.0192260726064505,0.011250476218959842
5,21.09.2017,6,2017,True,har_ovx,0.0202755594989638,0.012204383394594146
5,22.09.2017,6,2017,True,har_ovx,0.0201426542669929,0.011561519848164987
5,25.09.2017,6,2017,True,har_ovx,0.009717906743561,0.011666876672260185
5,26.09.2017,6,2017,True,har_ovx,0.0103528757778329,0.01236495283114769
5,27.09.2017,6,2017,True,har_ovx,0.0105613936663007,0.01262128608829919
5,28.09.2017,6,2017,True,har_ovx,0.016502729749455,0.012294045921679764
5,29.09.2017,6,2017,True,har_ovx,0.0191365507432158,0.012192684879557731
5,02.10.2017,6,2017,True,har_ovx,0.0163793469234844,0.01187868924968891
5,03.10.2017,6,2017,True,har_ovx,0.0177829180482494,0.012743745859072002
5,04.10.2017,6,2017,True,har_ovx,0.0175184408430682,0.012631190655008284
5,05.10.2017,6,2017,True,har_ovx,0.0155741496140334,0.012058646529806368
5,06.10.2017,6,2017,True,har_ovx,0.0113658713090912,0.011878169746562146
5,09.10.2017,6,2017,True,har_ovx,0.0115202260310497,0.012655392018369082
5,10.10.2017,6,2017,True,har_ovx,0.0109094617189368,0.012253328655121123
5,11.10.2017,6,2017,True,har_ovx,0.0108852305930899,0.011881924975529546
5,12.10.2017,6,2017,True,har_ovx,0.0123329283615762,0.011709755305906101
5,13.10.2017,6,2017,True,har_ovx,0.0107971480515108,0.011416628336456403
5,16.10.2017,6,2017,True,har_ovx,0.009877411658219,0.011398075662862507
5,17.10.2017,6,2017,True,har_ovx,0.0128917327524994,0.011724222365710635
5,18.10.2017,6,2017,True,har_ovx,0.0127840078032777,0.01132312868162651
5,19.10.2017,6,2017,True,har_ovx,0.009555994782949,0.011696622346566887
5,20.10.2017,6,2017,True,har_ovx,0.010999781009783,0.011756813883943253
5,23.10.2017,6,2017,True,har_ovx,0.0070594332640597,0.010539438695877191
5,24.10.2017,6,2017,True,har_ovx,0.00670684715498,0.010829189417105811
5,25.10.2017,6,2017,True,har_ovx,0.0077595047485873,0.01127453262666462
5,26.10.2017,6,2017,True,har_ovx,0.0112335231381648,0.011008716375994964
5,27.10.2017,6,2017,True,har_ovx,0.0128084876072951,0.011015278619438386
5,30.10.2017,6,2017,True,har_ovx,0.0185293143266471,0.011046583716490978
5,31.10.2017,6,2017,True,har_ovx,0.0206228936788675,0.010993420850731857
5,01.11.2017,6,2017,True,har_ovx,0.0208329580023607,0.010981053555271165
5,02.11.2017,6,2017,True,har_ovx,0.0183465197053881,0.011126051992504611
5,03.11.2017,6,2017,True,har_ovx,0.0179419499986094,0.011222617824436707
5,06.11.2017,6,2017,True,har_ovx,0.0061799113169255,0.010806447201424568
5,07.11.2017,6,2017,True,har_ovx,0.0079122400553665,0.012253086151251261
5,08.11.2017,6,2017,True,har_ovx,0.0078661254254413,0.013191850683386522
5,09.11.2017,6,2017,True,har_ovx,0.0040383038157823,0.01264375568509787
5,10.11.2017,6,2017,True,har_ovx,0.014221407930901,0.012918830254095912
5,13.11.2017,6,2017,True,har_ovx,0.0143867332608778,0.013575112127056622
5,14.11.2017,6,2017,True,har_ovx,0.0129228432112432,0.014113056992850384
5,15.11.2017,6,2017,True,har_ovx,0.0130313807563756,0.014137856831984347
5,16.11.2017,6,2017,True,har_ovx,0.0108540138275086,0.013881851948131806
5,17.11.2017,6,2017,True,har_ovx,0.0078590539991025,0.013000771843197912
5,20.11.2017,6,2017,True,har_ovx,0.0063452289654336,0.012210462733511417
5,21.11.2017,6,2017,True,har_ovx,0.0082873226671082,0.012200547872650114
5,22.11.2017,6,2017,True,har_ovx,0.0070205167885886,0.011825247682021584
5,24.11.2017,6,2017,True,har_ovx,0.0055447083785619,0.012017709756691825
5,27.11.2017,6,2017,True,har_ovx,0.00873919227444,0.012012315145404594
5,28.11.2017,6,2017,True,har_ovx,0.0100507963627971,0.012865779699200521
5,29.11.2017,6,2017,True,har_ovx,0.0148652647967863,0.012757327016858461
5,30.11.2017,6,2017,True,har_ovx,0.0171269858731004,0.012732810993667047
5,01.12.2017,6,2017,True,har_ovx,0.0201954643047896,0.011404359926066334
5,04.12.2017,6,2017,True,har_ovx,0.0194704857757051,0.009914541234003087
5,05.12.2017,6,2017,True,har_ovx,0.0232118204213185,0.010036367737607695
5,06.12.2017,6,2017,True,har_ovx,0.0199674331259553,0.009518509459988198
5,07.12.2017,6,2017,True,har_ovx,0.0196808974420829,0.009755400578553562
5,08.12.2017,6,2017,True,har_ovx,0.0176559766198737,0.009650268385252438
5,11.12.2017,6,2017,True,har_ovx,0.0138820427990253,0.010155404387564949
5,12.12.2017,6,2017,True,har_ovx,0.010405253579069,0.009612316864163688
5,13.12.2017,6,2017,True,har_ovx,0.0062452020510276,0.009556010621565778
5,14.12.2017,6,2017,True,har_ovx,0.0047969857429247,0.009902311442554664
5,15.12.2017,6,2017,True,har_ovx,0.0033406043934169,0.009588986595103578
5,18.12.2017,6,2017,True,har_ovx,0.0091862902738117,0.008332397019472802
5,19.12.2017,6,2017,True,har_ovx,0.0128438545883557,0.006534935382622177
5,20.12.2017,6,2017,True,har_ovx,0.012742673662225,0.006862199242050637
5,21.12.2017,6,2017,True,har_ovx,0.0133045875931049,0.007305640816682715
5,22.12.2017,6,2017,True,har_ovx,0.0135352870868838,0.006208681064243262
5,26.12.2017,6,2017,True,har_ovx,0.0102984123567844,0.007106764239335597
5,27.12.2017,6,2017,True,har_ovx,0.0082496626060419,0.008460673886504361
5,28.12.2017,6,2017,True,har_ovx,0.0097482971329499,0.008037119859741138
5,29.12.2017,6,2017,True,har_ovx,0.0094429822747195,0.008029470156613934
5,03.01.2017,6,2017,True,har_gpr,0.0235557616158962,0.020259839501490337
5,04.01.2017,6,2017,True,har_gpr,0.0261434049980928,0.0156036036079253
5,05.01.2017,6,2017,True,har_gpr,0.0274543483931414,0.016113959615134156
5,06.01.2017,6,2017,True,har_gpr,0.0272901392304209,0.015286948690308156
5,09.01.2017,6,2017,True,har_gpr,0.0202830040342611,0.014583064133572892
5,10.01.2017,6,2017,True,har_gpr,0.0217277603864057,0.01872011086303663
5,11.01.2017,6,2017,True,har_gpr,0.0168310680348452,0.01885366319063552
5,12.01.2017,6,2017,True,har_gpr,0.0193338633077202,0.01929031713447105
5,13.01.2017,6,2017,True,har_gpr,0.0189110939790537,0.01927721208968308
5,17.01.2017,6,2017,True,har_gpr,0.0190255919050815,0.017918303268592697
5,18.01.2017,6,2017,True,har_gpr,0.0122124006809293,0.01587218691672373
5,19.01.2017,6,2017,True,har_gpr,0.0142985024591347,0.01742044605889953
5,20.01.2017,6,2017,True,har_gpr,0.0130310709978567,0.016127646343151312
5,23.01.2017,6,2017,True,har_gpr,0.0130830280643518,0.01764793846740864
5,24.01.2017,6,2017,True,har_gpr,0.0135802107021798,0.016806320531866963
5,25.01.2017,6,2017,True,har_gpr,0.0130211103516648,0.01668185018404302
5,26.01.2017,6,2017,True,har_gpr,0.0113646841332172,0.016278094545064455
5,27.01.2017,6,2017,True,har_gpr,0.0082306749554569,0.017153004834828973
5,30.01.2017,6,2017,True,har_gpr,0.0133114856850154,0.01690648201642591
5,31.01.2017,6,2017,True,har_gpr,0.0138867516194371,0.017949594879195504
5,01.02.2017,6,2017,True,har_gpr,0.0139733193977156,0.018196654933757928
5,02.02.2017,6,2017,True,har_gpr,0.0119643454704039,0.017716537821954
5,03.02.2017,6,2017,True,har_gpr,0.015574962786203,0.018108106855094806
5,06.02.2017,6,2017,True,har_gpr,0.0156966913030433,0.017373541675299413
5,07.02.2017,6,2017,True,har_gpr,0.0144201374061853,0.016685277231035578
5,08.02.2017,6,2017,True,har_gpr,0.0147882195590947,0.015051068443276885
5,09.02.2017,6,2017,True,har_gpr,0.0143088260893701,0.013927243446217742
5,10.02.2017,6,2017,True,har_gpr,0.0101761241814115,0.013297235285828837
5,13.02.2017,6,2017,True,har_gpr,0.0075691281989297,0.014083896319222113
5,14.02.2017,6,2017,True,har_gpr,0.0108038174406918,0.014705132940591475
5,15.02.2017,6,2017,True,har_gpr,0.0120633939888563,0.014162965013693036
5,16.02.2017,6,2017,True,har_gpr,0.0134630948361532,0.012968694794375141
5,17.02.2017,6,2017,True,har_gpr,0.0134575656031998,0.012851873131629648
5,21.02.2017,6,2017,True,har_gpr,0.0107395993826113,0.011750100142879406
5,22.02.2017,6,2017,True,har_gpr,0.0089142423838605,0.012299760896666881
5,23.02.2017,6,2017,True,har_gpr,0.0047997579360412,0.012877822271987572
5,24.02.2017,6,2017,True,har_gpr,0.0092806104963882,0.013065678789275528
5,27.02.2017,6,2017,True,har_gpr,0.0093185660679438,0.012654127262297123
5,28.02.2017,6,2017,True,har_gpr,0.008748580319827,0.012354424373235579
5,01.03.2017,6,2017,True,har_gpr,0.0252555621446521,0.012341895786391579
5,02.03.2017,6,2017,True,har_gpr,0.0255310498756816,0.011861001328877055
5,03.03.2017,6,2017,True,har_gpr,0.0211678724517608,0.012007006231473528
5,06.03.2017,6,2017,True,har_gpr,0.020663234182458,0.01251109739395995
5,07.03.2017,6,2017,True,har_gpr,0.0195604523355581,0.01194544683129241
5,08.03.2017,6,2017,True,har_gpr,0.0141812117407518,0.011297458556647964
5,09.03.2017,6,2017,True,har_gpr,0.0123362614590232,0.01787684471000608
5,10.03.2017,6,2017,True,har_gpr,0.0095084633042243,0.016852664301152554
5,13.03.2017,6,2017,True,har_gpr,0.0096794594132094,0.01643554158546562
5,14.03.2017,6,2017,True,har_gpr,0.0108974862028751,0.014813910285032837
5,15.03.2017,6,2017,True,har_gpr,0.0052496885967401,0.014771059839342918
5,16.03.2017,6,2017,True,har_gpr,0.0052155026143254,0.015083980839158717
5,17.03.2017,6,2017,True,har_gpr,0.0064698112065869,0.014334801673185536
5,20.03.2017,6,2017,True,har_gpr,0.0065837243789815,0.014084941478152617
5,21.03.2017,6,2017,True,har_gpr,0.0067868159002689,0.015086553496666464
5,22.03.2017,6,2017,True,har_gpr,0.009458799575754,0.015186154497802445
5,23.03.2017,6,2017,True,har_gpr,0.0081999144305436,0.014371383338541818
5,24.03.2017,6,2017,True,har_gpr,0.0096909454288953,0.013777195676025651
5,27.03.2017,6,2017,True,har_gpr,0.008588936679904,0.014091204156727575
5,28.03.2017,6,2017,True,har_gpr,0.0098197136663599,0.013427358796107666
5,29.03.2017,6,2017,True,har_gpr,0.0082508935581126,0.014148507599062068
5,30.03.2017,6,2017,True,har_gpr,0.0082050562376209,0.015431987789681776
5,31.03.2017,6,2017,True,har_gpr,0.0063624322890995,0.015051247472090967
5,03.04.2017,6,2017,True,har_gpr,0.0062649719135452,0.014533264720262652
5,04.04.2017,6,2017,True,har_gpr,0.0040351957315502,0.014242137958616596
5,05.04.2017,6,2017,True,har_gpr,0.0075311804176024,0.015415647389066119
5,06.04.2017,6,2017,True,har_gpr,0.0073487577607962,0.011192624935966938
5,07.04.2017,6,2017,True,har_gpr,0.0090919061727864,0.010894045823458291
5,10.04.2017,6,2017,True,har_gpr,0.006121265346168,0.009973652576223685
5,11.04.2017,6,2017,True,har_gpr,0.0141235425503096,0.011133890796434873
5,12.04.2017,6,2017,True,har_gpr,0.0152541166482327,0.010282983680083327
5,13.04.2017,6,2017,True,har_gpr,0.0142211746128228,0.01054932835104799
5,17.04.2017,6,2017,True,har_gpr,0.0144940427162336,0.010271284237659457
5,18.04.2017,6,2017,True,har_gpr,0.0180676826242919,0.010756082560757779
5,19.04.2017,6,2017,True,har_gpr,0.0108064225635199,0.010675954304645149
5,20.04.2017,6,2017,True,har_gpr,0.0104112324880823,0.01445666229772308
5,21.04.2017,6,2017,True,har_gpr,0.0079405469352936,0.013109251965504635
5,24.04.2017,6,2017,True,har_gpr,0.0074811932380262,0.014354760956852059
5,25.04.2017,6,2017,True,har_gpr,0.0094730659827286,0.013949467621954583
5,26.04.2017,6,2017,True,har_gpr,0.0111399036842247,0.014433193635750886
5,27.04.2017,6,2017,True,har_gpr,0.0230964946416353,0.013591690007164295
5,28.04.2017,6,2017,True,har_gpr,0.025140349361886,0.013082009172783819
5,01.05.2017,6,2017,True,har_gpr,0.0260098660775432,0.01269701651805964
5,02.05.2017,6,2017,True,har_gpr,0.0252936173728573,0.01236735294911636
5,03.05.2017,6,2017,True,har_gpr,0.0301729792473231,0.013588445282232478
5,04.05.2017,6,2017,True,har_gpr,0.0154718569788468,0.012589231947368062
5,05.05.2017,6,2017,True,har_gpr,0.0155213873584114,0.01756797446576031
5,08.05.2017,6,2017,True,har_gpr,0.016324465909967,0.0166520182842427
5,09.05.2017,6,2017,True,har_gpr,0.0134689880994682,0.01597887302039119
5,10.05.2017,6,2017,True,har_gpr,0.008805246541736,0.015813116655189977
5,11.05.2017,6,2017,True,har_gpr,0.0086492145017199,0.01820313999036593
5,12.05.2017,6,2017,True,har_gpr,0.0098913877798646,0.016547958872050347
5,15.05.2017,6,2017,True,har_gpr,0.0088330369216513,0.01620004841634662
5,16.05.2017,6,2017,True,har_gpr,0.0067522393606891,0.017299133319972324
5,17.05.2017,6,2017,True,har_gpr,0.0087734455488654,0.016439966494643934
5,18.05.2017,6,2017,True,har_gpr,0.0257936189461425,0.015304416494070567
5,19.05.2017,6,2017,True,har_gpr,0.0241761926431435,0.015138627143458634
5,22.05.2017,6,2017,True,har_gpr,0.0234919151228415,0.015808924407787944
5,23.05.2017,6,2017,True,har_gpr,0.0239329520579325,0.014781533161259146
5,24.05.2017,6,2017,True,har_gpr,0.0244489107682064,0.014575602069702202
5,25.05.2017,6,2017,True,har_gpr,0.0157372637041261,0.014649659274421292
5,26.05.2017,6,2017,True,har_gpr,0.0114804074429899,0.01991363973847439
5,30.05.2017,6,2017,True,har_gpr,0.0157402525760111,0.01861321130795321
5,31.05.2017,6,2017,True,har_gpr,0.0203962236745805,0.02071354382883466
5,01.06.2017,6,2017,True,har_gpr,0.0199592657137636,0.022068332532549494
5,02.06.2017,6,2017,True,har_gpr,0.0212696557532869,0.02094688088301376
5,05.06.2017,6,2017,True,har_gpr,0.021665721885747,0.01831591483050895
5,06.06.2017,6,2017,True,har_gpr,0.0208677388912254,0.01994991506525494
5,07.06.2017,6,2017,True,har_gpr,0.0182568742349993,0.020563343349475058
5,08.06.2017,6,2017,True,har_gpr,0.0182999543772069,0.02357559934214123
5,09.06.2017,6,2017,True,har_gpr,0.0188382242560388,0.021174616237575716
5,12.06.2017,6,2017,True,har_gpr,0.018651603762676,0.02124793958785276
5,13.06.2017,6,2017,True,har_gpr,0.0173050674339076,0.017908262537895157
5,14.06.2017,6,2017,True,har_gpr,0.0141697106058815,0.017730801290939773
5,15.06.2017,6,2017,True,har_gpr,0.0162626540329067,0.019536687972229246
5,16.06.2017,6,2017,True,har_gpr,0.0156401647912258,0.018015651997252323
5,19.06.2017,6,2017,True,har_gpr,0.0167740070134479,0.018449450346715853
5,20.06.2017,6,2017,True,har_gpr,0.0169158744499562,0.01884043111317056
5,21.06.2017,6,2017,True,har_gpr,0.0049034032991421,0.019083280601817812
5,22.06.2017,6,2017,True,har_gpr,0.0062437985523846,0.019227483443889255
5,23.06.2017,6,2017,True,har_gpr,0.0060941362054205,0.019013432069833493
5,26.06.2017,6,2017,True,har_gpr,0.0125196189989945,0.017491966976215245
5,27.06.2017,6,2017,True,har_gpr,0.027393253823266,0.015905336224417976
5,28.06.2017,6,2017,True,har_gpr,0.0269679307752564,0.016944754055462374
5,29.06.2017,6,2017,True,har_gpr,0.0307673987325636,0.015482696488851807
5,30.06.2017,6,2017,True,har_gpr,0.030161817856412,0.01516339066935729
5,03.07.2017,6,2017,True,har_gpr,0.0235737509448897,0.015614871077408828
5,05.07.2017,6,2017,True,har_gpr,0.0168436911914424,0.01825394706967501
5,06.07.2017,6,2017,True,har_gpr,0.0179046265070579,0.020671011528663595
5,07.07.2017,6,2017,True,har_gpr,0.0049034283045851,0.017935140333367836
5,10.07.2017,6,2017,True,har_gpr,0.0099881917259502,0.019893678922993478
5,11.07.2017,6,2017,True,har_gpr,0.0093352426539737,0.018585977065651214
5,12.07.2017,6,2017,True,har_gpr,0.0107040228630733,0.01861276837978844
5,13.07.2017,6,2017,True,har_gpr,0.0120671950546309,0.01767014871335561
5,14.07.2017,6,2017,True,har_gpr,0.0168330666696108,0.01705587008840403
5,17.07.2017,6,2017,True,har_gpr,0.0174326111676533,0.015906970691016722
5,18.07.2017,6,2017,True,har_gpr,0.0225947264685209,0.016532065224896676
5,19.07.2017,6,2017,True,har_gpr,0.0223195575471599,0.016348090294322028
5,20.07.2017,6,2017,True,har_gpr,0.0210944170934578,0.0165167910287056
5,21.07.2017,6,2017,True,har_gpr,0.0090277493521334,0.015441583083171692
5,24.07.2017,6,2017,True,har_gpr,0.0111914586285807,0.017364615584572023
5,25.07.2017,6,2017,True,har_gpr,0.0084614054740388,0.016704380622496143
5,26.07.2017,6,2017,True,har_gpr,0.0097884056504861,0.01871120988676456
5,27.07.2017,6,2017,True,har_gpr,0.0106041748875416,0.017979535462265883
5,28.07.2017,6,2017,True,har_gpr,0.0058869412036019,0.0176303295572318
5,31.07.2017,6,2017,True,har_gpr,0.0056670706980389,0.01723369935078065
5,01.08.2017,6,2017,True,har_gpr,0.0058283617906903,0.017338486084489287
5,02.08.2017,6,2017,True,har_gpr,0.0076268196672991,0.016039680959674348
5,03.08.2017,6,2017,True,har_gpr,0.0103580851426379,0.014419154413261498
5,04.08.2017,6,2017,True,har_gpr,0.0096914007711532,0.014681028254252486
5,07.08.2017,6,2017,True,har_gpr,0.0149156961294157,0.012833497977282792
5,08.08.2017,6,2017,True,har_gpr,0.0153241817136072,0.01266569314125631
5,09.08.2017,6,2017,True,har_gpr,0.0125006458340878,0.01283515994182959
5,10.08.2017,6,2017,True,har_gpr,0.0158490983295944,0.01326718002798915
5,11.08.2017,6,2017,True,har_gpr,0.0228072772788493,0.01404368169886183
5,14.08.2017,6,2017,True,har_gpr,0.0208873649691793,0.013494450195151868
5,15.08.2017,6,2017,True,har_gpr,0.0208494065912072,0.016373948131187328
5,16.08.2017,6,2017,True,har_gpr,0.0193332967023267,0.015396078511511636
5,17.08.2017,6,2017,True,har_gpr,0.0205917712724213,0.015362075544641671
5,18.08.2017,6,2017,True,har_gpr,0.0137350683203444,0.015935717634405152
5,21.08.2017,6,2017,True,har_gpr,0.0105416217614003,0.01721919080480502
5,22.08.2017,6,2017,True,har_gpr,0.0104310078916245,0.01766488426846615
5,23.08.2017,6,2017,True,har_gpr,0.0115048429883322,0.015958886315799132
5,24.08.2017,6,2017,True,har_gpr,0.0193919245688938,0.01613260824220987
5,25.08.2017,6,2017,True,har_gpr,0.0191258858473145,0.01616331010124388
5,28.08.2017,6,2017,True,har_gpr,0.0200397798007789,0.01505411736819007
5,29.08.2017,6,2017,True,har_gpr,0.0203173149863943,0.013860269482188796
5,30.08.2017,6,2017,True,har_gpr,0.0120532863132566,0.013562958773217755
5,31.08.2017,6,2017,True,har_gpr,0.013203849177006,0.014962552721487433
5,01.09.2017,6,2017,True,har_gpr,0.0129654940090904,0.016896099816172305
5,05.09.2017,6,2017,True,har_gpr,0.0105206659722428,0.015733371295156062
5,06.09.2017,6,2017,True,har_gpr,0.0108162616122833,0.017475898809116736
5,07.09.2017,6,2017,True,har_gpr,0.0108282229929867,0.017484465605169617
5,08.09.2017,6,2017,True,har_gpr,0.0059471874612764,0.016368907634038823
5,11.09.2017,6,2017,True,har_gpr,0.0069436969545154,0.016682117719990622
5,12.09.2017,6,2017,True,har_gpr,0.0086146932272102,0.015370323872787419
5,13.09.2017,6,2017,True,har_gpr,0.0103279514151038,0.01450058613652256
5,14.09.2017,6,2017,True,har_gpr,0.0103052357541987,0.015018455127844554
5,15.09.2017,6,2017,True,har_gpr,0.0104495712081088,0.0143491543016746
5,18.09.2017,6,2017,True,har_gpr,0.016974941416163,0.013718767791586728
5,19.09.2017,6,2017,True,har_gpr,0.0180402985352611,0.012864343741875783
5,20.09.2017,6,2017,True,har_gpr,0.0192260726064505,0.012494855421974007
5,21.09.2017,6,2017,True,har_gpr,0.0202755594989638,0.013593983418286201
5,22.09.2017,6,2017,True,har_gpr,0.0201426542669929,0.012775693244672294
5,25.09.2017,6,2017,True,har_gpr,0.009717906743561,0.012714294660824129
5,26.09.2017,6,2017,True,har_gpr,0.0103528757778329,0.015359832921859558
5,27.09.2017,6,2017,True,har_gpr,0.0105613936663007,0.014400393762320253
5,28.09.2017,6,2017,True,har_gpr,0.016502729749455,0.014733553664666514
5,29.09.2017,6,2017,True,har_gpr,0.0191365507432158,0.014061546481031582
5,02.10.2017,6,2017,True,har_gpr,0.0163793469234844,0.013032649888559046
5,03.10.2017,6,2017,True,har_gpr,0.0177829180482494,0.015031220775182288
5,04.10.2017,6,2017,True,har_gpr,0.0175184408430682,0.013869464291421213
5,05.10.2017,6,2017,True,har_gpr,0.0155741496140334,0.013745162371669006
5,06.10.2017,6,2017,True,har_gpr,0.0113658713090912,0.01537620202440677
5,09.10.2017,6,2017,True,har_gpr,0.0115202260310497,0.016298361875851278
5,10.10.2017,6,2017,True,har_gpr,0.0109094617189368,0.015261828171999288
5,11.10.2017,6,2017,True,har_gpr,0.0108852305930899,0.014796804880667057
5,12.10.2017,6,2017,True,har_gpr,0.0123329283615762,0.014211431233732946
5,13.10.2017,6,2017,True,har_gpr,0.0107971480515108,0.014486582400241949
5,16.10.2017,6,2017,True,har_gpr,0.009877411658219,0.014567597184509593
5,17.10.2017,6,2017,True,har_gpr,0.0128917327524994,0.01522434156168117
5,18.10.2017,6,2017,True,har_gpr,0.0127840078032777,0.01470510967201696
5,19.10.2017,6,2017,True,har_gpr,0.009555994782949,0.014439229774366676
5,20.10.2017,6,2017,True,har_gpr,0.010999781009783,0.015330326700833433
5,23.10.2017,6,2017,True,har_gpr,0.0070594332640597,0.014969593655089021
5,24.10.2017,6,2017,True,har_gpr,0.00670684715498,0.012864226578806981
5,25.10.2017,6,2017,True,har_gpr,0.0077595047485873,0.013786448950485083
5,26.10.2017,6,2017,True,har_gpr,0.0112335231381648,0.013100799258559972
5,27.10.2017,6,2017,True,har_gpr,0.0128084876072951,0.013450002669550326
5,30.10.2017,6,2017,True,har_gpr,0.0185293143266471,0.014116645037878314
5,31.10.2017,6,2017,True,har_gpr,0.0206228936788675,0.012602042292890367
5,01.11.2017,6,2017,True,har_gpr,0.0208329580023607,0.012532732884704524
5,02.11.2017,6,2017,True,har_gpr,0.0183465197053881,0.01232778273113374
5,03.11.2017,6,2017,True,har_gpr,0.0179419499986094,0.012855891622518024
5,06.11.2017,6,2017,True,har_gpr,0.0061799113169255,0.012751956308609189
5,07.11.2017,6,2017,True,har_gpr,0.0079122400553665,0.01473624370199195
5,08.11.2017,6,2017,True,har_gpr,0.0078661254254413,0.01417074280097053
5,09.11.2017,6,2017,True,har_gpr,0.0040383038157823,0.014068490862612377
5,10.11.2017,6,2017,True,har_gpr,0.014221407930901,0.013556045275161212
5,13.11.2017,6,2017,True,har_gpr,0.0143867332608778,0.013565846422272789
5,14.11.2017,6,2017,True,har_gpr,0.0129228432112432,0.012778162301210958
5,15.11.2017,6,2017,True,har_gpr,0.0130313807563756,0.01376651384047539
5,16.11.2017,6,2017,True,har_gpr,0.0108540138275086,0.013495759788458577
5,17.11.2017,6,2017,True,har_gpr,0.0078590539991025,0.012977583609641623
5,20.11.2017,6,2017,True,har_gpr,0.0063452289654336,0.01471806851408171
5,21.11.2017,6,2017,True,har_gpr,0.0082873226671082,0.013421872643216948
5,22.11.2017,6,2017,True,har_gpr,0.0070205167885886,0.013002189287775872
5,24.11.2017,6,2017,True,har_gpr,0.0055447083785619,0.013333641185355545
5,27.11.2017,6,2017,True,har_gpr,0.00873919227444,0.012903379457428778
5,28.11.2017,6,2017,True,har_gpr,0.0100507963627971,0.01366838768638435
5,29.11.2017,6,2017,True,har_gpr,0.0148652647967863,0.013685886050966045
5,30.11.2017,6,2017,True,har_gpr,0.0171269858731004,0.014086122586123094
5,01.12.2017,6,2017,True,har_gpr,0.0201954643047896,0.013991777414299352
5,04.12.2017,6,2017,True,har_gpr,0.0194704857757051,0.013424988489833548
5,05.12.2017,6,2017,True,har_gpr,0.0232118204213185,0.012784979948711915
5,06.12.2017,6,2017,True,har_gpr,0.0199674331259553,0.01057882294477006
5,07.12.2017,6,2017,True,har_gpr,0.0196808974420829,0.01269839987107472
5,08.12.2017,6,2017,True,har_gpr,0.0176559766198737,0.012949876907134271
5,11.12.2017,6,2017,True,har_gpr,0.0138820427990253,0.013815306123741202
5,12.12.2017,6,2017,True,har_gpr,0.010405253579069,0.014690803779712
5,13.12.2017,6,2017,True,har_gpr,0.0062452020510276,0.015592372650335147
5,14.12.2017,6,2017,True,har_gpr,0.0047969857429247,0.015040563617720729
5,15.12.2017,6,2017,True,har_gpr,0.0033406043934169,0.015171427412449631
5,18.12.2017,6,2017,True,har_gpr,0.0091862902738117,0.014421966594576886
5,19.12.2017,6,2017,True,har_gpr,0.0128438545883557,0.012779080226495099
5,20.12.2017,6,2017,True,har_gpr,0.012742673662225,0.012552828291714143
5,21.12.2017,6,2017,True,har_gpr,0.0133045875931049,0.0125572159275377
5,22.12.2017,6,2017,True,har_gpr,0.0135352870868838,0.012060261392840464
5,26.12.2017,6,2017,True,har_gpr,0.0102984123567844,0.01189821259249317
5,27.12.2017,6,2017,True,har_gpr,0.0082496626060419,0.014200498397940289
5,28.12.2017,6,2017,True,har_gpr,0.0097482971329499,0.013916271906077115
5,29.12.2017,6,2017,True,har_gpr,0.0094429822747195,0.013606918213456047
5,03.01.2017,6,2017,True,har_x,0.0235557616158962,0.01502234994845606
5,04.01.2017,6,2017,True,har_x,0.0261434049980928,0.01674995478808357
5,05.01.2017,6,2017,True,har_x,0.0274543483931414,0.01648216451031736
5,06.01.2017,6,2017,True,har_x,0.0272901392304209,0.015848971629716813
5,09.01.2017,6,2017,True,har_x,0.0202830040342611,0.01509444969568906
5,10.01.2017,6,2017,True,har_x,0.0217277603864057,0.01699099864609323
5,11.01.2017,6,2017,True,har_x,0.0168310680348452,0.016769159799131222
5,12.01.2017,6,2017,True,har_x,0.0193338633077202,0.016370215566720955
5,13.01.2017,6,2017,True,har_x,0.0189110939790537,0.015890220134431875
5,17.01.2017,6,2017,True,har_x,0.0190255919050815,0.014742521230317373
5,18.01.2017,6,2017,True,har_x,0.0122124006809293,0.01508666706093933
5,19.01.2017,6,2017,True,har_x,0.0142985024591347,0.015378276196901016
5,20.01.2017,6,2017,True,har_x,0.0130310709978567,0.014911209385799665
5,23.01.2017,6,2017,True,har_x,0.0130830280643518,0.01403836621416754
5,24.01.2017,6,2017,True,har_x,0.0135802107021798,0.014601008364949394
5,25.01.2017,6,2017,True,har_x,0.0130211103516648,0.013816997805738404
5,26.01.2017,6,2017,True,har_x,0.0113646841332172,0.014394559926018909
5,27.01.2017,6,2017,True,har_x,0.0082306749554569,0.014015064193635848
5,30.01.2017,6,2017,True,har_x,0.0133114856850154,0.014061534322755176
5,31.01.2017,6,2017,True,har_x,0.0138867516194371,0.014789201958155591
5,01.02.2017,6,2017,True,har_x,0.0139733193977156,0.015074519337579568
5,02.02.2017,6,2017,True,har_x,0.0119643454704039,0.014554115137347745
5,03.02.2017,6,2017,True,har_x,0.015574962786203,0.013908031679192134
5,06.02.2017,6,2017,True,har_x,0.0156966913030433,0.012971365969406644
5,07.02.2017,6,2017,True,har_x,0.0144201374061853,0.013853377537878199
5,08.02.2017,6,2017,True,har_x,0.0147882195590947,0.013895341815218775
5,09.02.2017,6,2017,True,har_x,0.0143088260893701,0.013429514721601516
5,10.02.2017,6,2017,True,har_x,0.0101761241814115,0.012959771760376444
5,13.02.2017,6,2017,True,har_x,0.0075691281989297,0.01188448232278143
5,14.02.2017,6,2017,True,har_x,0.0108038174406918,0.012715566647280454
5,15.02.2017,6,2017,True,har_x,0.0120633939888563,0.012906426611050894
5,16.02.2017,6,2017,True,har_x,0.0134630948361532,0.013015118777650039
5,17.02.2017,6,2017,True,har_x,0.0134575656031998,0.012749782171314002
5,21.02.2017,6,2017,True,har_x,0.0107395993826113,0.011416024501886437
5,22.02.2017,6,2017,True,har_x,0.0089142423838605,0.011385134393033748
5,23.02.2017,6,2017,True,har_x,0.0047997579360412,0.012214057808950341
5,24.02.2017,6,2017,True,har_x,0.0092806104963882,0.011362762193457035
5,27.02.2017,6,2017,True,har_x,0.0093185660679438,0.011275035631362023
5,28.02.2017,6,2017,True,har_x,0.008748580319827,0.0105023458920375
5,01.03.2017,6,2017,True,har_x,0.0252555621446521,0.010853070204981174
5,02.03.2017,6,2017,True,har_x,0.0255310498756816,0.010285795634229012
5,03.03.2017,6,2017,True,har_x,0.0211678724517608,0.011214816849345374
5,06.03.2017,6,2017,True,har_x,0.020663234182458,0.01103106468147457
5,07.03.2017,6,2017,True,har_x,0.0195604523355581,0.012198979109826012
5,08.03.2017,6,2017,True,har_x,0.0141812117407518,0.0118609834915753
5,09.03.2017,6,2017,True,har_x,0.0123362614590232,0.015812550564436725
5,10.03.2017,6,2017,True,har_x,0.0095084633042243,0.015614771959774135
5,13.03.2017,6,2017,True,har_x,0.0096794594132094,0.016556161950526678
5,14.03.2017,6,2017,True,har_x,0.0108974862028751,0.015423760081587313
5,15.03.2017,6,2017,True,har_x,0.0052496885967401,0.016019381958106167
5,16.03.2017,6,2017,True,har_x,0.0052155026143254,0.014138975868531443
5,17.03.2017,6,2017,True,har_x,0.0064698112065869,0.013044643382364008
5,20.03.2017,6,2017,True,har_x,0.0065837243789815,0.012284531035667552
5,21.03.2017,6,2017,True,har_x,0.0067868159002689,0.013023043781278918
5,22.03.2017,6,2017,True,har_x,0.009458799575754,0.014698619784971593
5,23.03.2017,6,2017,True,har_x,0.0081999144305436,0.014309717317713749
5,24.03.2017,6,2017,True,har_x,0.0096909454288953,0.01408304466953623
5,27.03.2017,6,2017,True,har_x,0.008588936679904,0.014886376810974605
5,28.03.2017,6,2017,True,har_x,0.0098197136663599,0.014668014276556365
5,29.03.2017,6,2017,True,har_x,0.0082508935581126,0.01423072002385895
5,30.03.2017,6,2017,True,har_x,0.0082050562376209,0.013453425111368747
5,31.03.2017,6,2017,True,har_x,0.0063624322890995,0.012884475292080777
5,03.04.2017,6,2017,True,har_x,0.0062649719135452,0.012641968876707717
5,04.04.2017,6,2017,True,har_x,0.0040351957315502,0.011975665929173597
5,05.04.2017,6,2017,True,har_x,0.0075311804176024,0.01282755970336581
5,06.04.2017,6,2017,True,har_x,0.0073487577607962,0.012424134412926632
5,07.04.2017,6,2017,True,har_x,0.0090919061727864,0.01187176005318276
5,10.04.2017,6,2017,True,har_x,0.006121265346168,0.012257384275995785
5,11.04.2017,6,2017,True,har_x,0.0141235425503096,0.012139306057075624
5,12.04.2017,6,2017,True,har_x,0.0152541166482327,0.01240521763094878
5,13.04.2017,6,2017,True,har_x,0.0142211746128228,0.012189656298907874
5,17.04.2017,6,2017,True,har_x,0.0144940427162336,0.011546975500734883
5,18.04.2017,6,2017,True,har_x,0.0180676826242919,0.011377656493839768
5,19.04.2017,6,2017,True,har_x,0.0108064225635199,0.012075575646107969
5,20.04.2017,6,2017,True,har_x,0.0104112324880823,0.014278476341015372
5,21.04.2017,6,2017,True,har_x,0.0079405469352936,0.012713388515957583
5,24.04.2017,6,2017,True,har_x,0.0074811932380262,0.014276389917058365
5,25.04.2017,6,2017,True,har_x,0.0094730659827286,0.014382160330283375
5,26.04.2017,6,2017,True,har_x,0.0111399036842247,0.01408669570751246
5,27.04.2017,6,2017,True,har_x,0.0230964946416353,0.014016741677673032
5,28.04.2017,6,2017,True,har_x,0.025140349361886,0.014385248400011381
5,01.05.2017,6,2017,True,har_x,0.0260098660775432,0.013516186698552497
5,02.05.2017,6,2017,True,har_x,0.0252936173728573,0.013979865274583302
5,03.05.2017,6,2017,True,har_x,0.0301729792473231,0.015966817142614206
5,04.05.2017,6,2017,True,har_x,0.0154718569788468,0.016164255465675913
5,05.05.2017,6,2017,True,har_x,0.0155213873584114,0.017831224390731815
5,08.05.2017,6,2017,True,har_x,0.016324465909967,0.0169349658526076
5,09.05.2017,6,2017,True,har_x,0.0134689880994682,0.016384292121498122
5,10.05.2017,6,2017,True,har_x,0.008805246541736,0.016687636114482905
5,11.05.2017,6,2017,True,har_x,0.0086492145017199,0.016768451654324203
5,12.05.2017,6,2017,True,har_x,0.0098913877798646,0.016424798643402547
5,15.05.2017,6,2017,True,har_x,0.0088330369216513,0.01632511696827316
5,16.05.2017,6,2017,True,har_x,0.0067522393606891,0.016208868388435237
5,17.05.2017,6,2017,True,har_x,0.0087734455488654,0.016269744875455783
5,18.05.2017,6,2017,True,har_x,0.0257936189461425,0.016632784124669276
5,19.05.2017,6,2017,True,har_x,0.0241761926431435,0.01587374523830898
5,22.05.2017,6,2017,True,har_x,0.0234919151228415,0.014072132032291773
5,23.05.2017,6,2017,True,har_x,0.0239329520579325,0.015310299997515322
5,24.05.2017,6,2017,True,har_x,0.0244489107682064,0.01607788963174681
5,25.05.2017,6,2017,True,har_x,0.0157372637041261,0.015519829510810832
5,26.05.2017,6,2017,True,har_x,0.0114804074429899,0.017327424023226918
5,30.05.2017,6,2017,True,har_x,0.0157402525760111,0.015054640430419364
5,31.05.2017,6,2017,True,har_x,0.0203962236745805,0.014959632631223732
5,01.06.2017,6,2017,True,har_x,0.0199592657137636,0.016499749136518787
5,02.06.2017,6,2017,True,har_x,0.0212696557532869,0.015479780962215509
5,05.06.2017,6,2017,True,har_x,0.021665721885747,0.016350829478695282
5,06.06.2017,6,2017,True,har_x,0.0208677388912254,0.016999946583783888
5,07.06.2017,6,2017,True,har_x,0.0182568742349993,0.01600351609442073
5,08.06.2017,6,2017,True,har_x,0.0182999543772069,0.017687303116272878
5,09.06.2017,6,2017,True,har_x,0.0188382242560388,0.017018695991588482
5,12.06.2017,6,2017,True,har_x,0.018651603762676,0.016227881401960298
5,13.06.2017,6,2017,True,har_x,0.0173050674339076,0.016974076479850317
5,14.06.2017,6,2017,True,har_x,0.0141697106058815,0.01599522902056442
5,15.06.2017,6,2017,True,har_x,0.0162626540329067,0.016105414831691065
5,16.06.2017,6,2017,True,har_x,0.0156401647912258,0.015663617776486012
5,19.06.2017,6,2017,True,har_x,0.0167740070134479,0.013193179461144981
5,20.06.2017,6,2017,True,har_x,0.0169158744499562,0.01457553690931206
5,21.06.2017,6,2017,True,har_x,0.0049034032991421,0.016060775451740762
5,22.06.2017,6,2017,True,har_x,0.0062437985523846,0.016683237411580197
5,23.06.2017,6,2017,True,har_x,0.0060941362054205,0.01606904357559702
5,26.06.2017,6,2017,True,har_x,0.0125196189989945,0.01554791127876733
5,27.06.2017,6,2017,True,har_x,0.027393253823266,0.01555295253526349
5,28.06.2017,6,2017,True,har_x,0.0269679307752564,0.01601448683943072
5,29.06.2017,6,2017,True,har_x,0.0307673987325636,0.015051711725317817
5,30.06.2017,6,2017,True,har_x,0.030161817856412,0.014706466214117626
5,03.07.2017,6,2017,True,har_x,0.0235737509448897,0.01366436354528891
5,05.07.2017,6,2017,True,har_x,0.0168436911914424,0.014922805884926869
5,06.07.2017,6,2017,True,har_x,0.0179046265070579,0.01644492018470385
5,07.07.2017,6,2017,True,har_x,0.0049034283045851,0.01620829743534109
5,10.07.2017,6,2017,True,har_x,0.0099881917259502,0.01668075393720722
5,11.07.2017,6,2017,True,har_x,0.0093352426539737,0.016301782860474172
5,12.07.2017,6,2017,True,har_x,0.0107040228630733,0.016674641036267816
5,13.07.2017,6,2017,True,har_x,0.0120671950546309,0.015873039024856466
5,14.07.2017,6,2017,True,har_x,0.0168330666696108,0.015480653678342051
5,17.07.2017,6,2017,True,har_x,0.0174326111676533,0.01452676741561706
5,18.07.2017,6,2017,True,har_x,0.0225947264685209,0.014843260870618834
5,19.07.2017,6,2017,True,har_x,0.0223195575471599,0.01441029146740011
5,20.07.2017,6,2017,True,har_x,0.0210944170934578,0.01422815526353499
5,21.07.2017,6,2017,True,har_x,0.0090277493521334,0.013912503824658915
5,24.07.2017,6,2017,True,har_x,0.0111914586285807,0.014101931326742343
5,25.07.2017,6,2017,True,har_x,0.0084614054740388,0.01335958328323539
5,26.07.2017,6,2017,True,har_x,0.0097884056504861,0.01354704693201927
5,27.07.2017,6,2017,True,har_x,0.0106041748875416,0.013533666548322155
5,28.07.2017,6,2017,True,har_x,0.0058869412036019,0.013720746026840367
5,31.07.2017,6,2017,True,har_x,0.0056670706980389,0.013895817355922017
5,01.08.2017,6,2017,True,har_x,0.0058283617906903,0.015387076764578468
5,02.08.2017,6,2017,True,har_x,0.0076268196672991,0.015156013420276806
5,03.08.2017,6,2017,True,har_x,0.0103580851426379,0.015084500961603605
5,04.08.2017,6,2017,True,har_x,0.0096914007711532,0.014600115426148601
5,07.08.2017,6,2017,True,har_x,0.0149156961294157,0.013869120937386506
5,08.08.2017,6,2017,True,har_x,0.0153241817136072,0.013426496790712223
5,09.08.2017,6,2017,True,har_x,0.0125006458340878,0.01391941404971764
5,10.08.2017,6,2017,True,har_x,0.0158490983295944,0.013736621689935542
5,11.08.2017,6,2017,True,har_x,0.0228072772788493,0.01392111162177547
5,14.08.2017,6,2017,True,har_x,0.0208873649691793,0.013248476953249965
5,15.08.2017,6,2017,True,har_x,0.0208494065912072,0.01451263308681264
5,16.08.2017,6,2017,True,har_x,0.0193332967023267,0.014341665884234574
5,17.08.2017,6,2017,True,har_x,0.0205917712724213,0.014358391930963672
5,18.08.2017,6,2017,True,har_x,0.0137350683203444,0.014482459302834354
5,21.08.2017,6,2017,True,har_x,0.0105416217614003,0.013502223634511786
5,22.08.2017,6,2017,True,har_x,0.0104310078916245,0.013723248378714251
5,23.08.2017,6,2017,True,har_x,0.0115048429883322,0.013011849398854362
5,24.08.2017,6,2017,True,har_x,0.0193919245688938,0.013003680014154112
5,25.08.2017,6,2017,True,har_x,0.0191258858473145,0.013333464126964616
5,28.08.2017,6,2017,True,har_x,0.0200397798007789,0.013639489472767392
5,29.08.2017,6,2017,True,har_x,0.0203173149863943,0.014572768969816815
5,30.08.2017,6,2017,True,har_x,0.0120532863132566,0.014555311632587683
5,31.08.2017,6,2017,True,har_x,0.013203849177006,0.014319146024122426
5,01.09.2017,6,2017,True,har_x,0.0129654940090904,0.013959251907615522
5,05.09.2017,6,2017,True,har_x,0.0105206659722428,0.013578066004389702
5,06.09.2017,6,2017,True,har_x,0.0108162616122833,0.0140371054797945
5,07.09.2017,6,2017,True,har_x,0.0108282229929867,0.014305078313570502
5,08.09.2017,6,2017,True,har_x,0.0059471874612764,0.014005753691893013
5,11.09.2017,6,2017,True,har_x,0.0069436969545154,0.013927648244553732
5,12.09.2017,6,2017,True,har_x,0.0086146932272102,0.012241428331746285
5,13.09.2017,6,2017,True,har_x,0.0103279514151038,0.01220769686377226
5,14.09.2017,6,2017,True,har_x,0.0103052357541987,0.011674463320746406
5,15.09.2017,6,2017,True,har_x,0.0104495712081088,0.011215269816099266
5,18.09.2017,6,2017,True,har_x,0.016974941416163,0.011556667949637093
5,19.09.2017,6,2017,True,har_x,0.0180402985352611,0.013258716735634793
5,20.09.2017,6,2017,True,har_x,0.0192260726064505,0.012137608482197955
5,21.09.2017,6,2017,True,har_x,0.0202755594989638,0.013085514544719705
5,22.09.2017,6,2017,True,har_x,0.0201426542669929,0.012448318831620753
5,25.09.2017,6,2017,True,har_x,0.009717906743561,0.012552782967646116
5,26.09.2017,6,2017,True,har_x,0.0103528757778329,0.012082959152465612
5,27.09.2017,6,2017,True,har_x,0.0105613936663007,0.012351774806518114
5,28.09.2017,6,2017,True,har_x,0.016502729749455,0.012020328768451877
5,29.09.2017,6,2017,True,har_x,0.0191365507432158,0.011920397374369904
5,02.10.2017,6,2017,True,har_x,0.0163793469234844,0.01161118382070348
5,03.10.2017,6,2017,True,har_x,0.0177829180482494,0.013153278067459865
5,04.10.2017,6,2017,True,har_x,0.0175184408430682,0.013051267380777368
5,05.10.2017,6,2017,True,har_x,0.0155741496140334,0.012475654192657492
5,06.10.2017,6,2017,True,har_x,0.0113658713090912,0.012275532497068165
5,09.10.2017,6,2017,True,har_x,0.0115202260310497,0.013048987792503073
5,10.10.2017,6,2017,True,har_x,0.0109094617189368,0.012658722112381419
5,11.10.2017,6,2017,True,har_x,0.0108852305930899,0.011793195416978113
5,12.10.2017,6,2017,True,har_x,0.0123329283615762,0.011625559237389537
5,13.10.2017,6,2017,True,har_x,0.0107971480515108,0.011329953645549272
5,16.10.2017,6,2017,True,har_x,0.009877411658219,0.011314325212975873
5,17.10.2017,6,2017,True,har_x,0.0128917327524994,0.011882810740610292
5,18.10.2017,6,2017,True,har_x,0.0127840078032777,0.011485619891244704
5,19.10.2017,6,2017,True,har_x,0.009555994782949,0.011861097391520402
5,20.10.2017,6,2017,True,har_x,0.010999781009783,0.011912838068812465
5,23.10.2017,6,2017,True,har_x,0.0070594332640597,0.01069449689433324
5,24.10.2017,6,2017,True,har_x,0.00670684715498,0.010999505146826438
5,25.10.2017,6,2017,True,har_x,0.0077595047485873,0.011436929060026297
5,26.10.2017,6,2017,True,har_x,0.0112335231381648,0.011177206917059937
5,27.10.2017,6,2017,True,har_x,0.0128084876072951,0.01118200007108915
5,30.10.2017,6,2017,True,har_x,0.0185293143266471,0.011207728898662145
5,31.10.2017,6,2017,True,har_x,0.0206228936788675,0.010966347445104878
5,01.11.2017,6,2017,True,har_x,0.0208329580023607,0.010954562791555773
5,02.11.2017,6,2017,True,har_x,0.0183465197053881,0.01110195244657363
5,03.11.2017,6,2017,True,har_x,0.0179419499986094,0.011190075872730881
5,06.11.2017,6,2017,True,har_x,0.0061799113169255,0.010766692216195155
5,07.11.2017,6,2017,True,har_x,0.0079122400553665,0.012645004415691894
5,08.11.2017,6,2017,True,har_x,0.0078661254254413,0.013596466248524673
5,09.11.2017,6,2017,True,har_x,0.0040383038157823,0.013047546772179546
5,10.11.2017,6,2017,True,har_x,0.014221407930901,0.013327782208156282
5,13.11.2017,6,2017,True,har_x,0.0143867332608778,0.01398797209556593
5,14.11.2017,6,2017,True,har_x,0.0129228432112432,0.013955160944956562
5,15.11.2017,6,2017,True,har_x,0.0130313807563756,0.013971153912283697
5,16.11.2017,6,2017,True,har_x,0.0108540138275086,0.013717947972262763
5,17.11.2017,6,2017,True,har_x,0.0078590539991025,0.012837869856528083
5,20.11.2017,6,2017,True,har_x,0.0063452289654336,0.012020928685385592
5,21.11.2017,6,2017,True,har_x,0.0082873226671082,0.01207354644482209
5,22.11.2017,6,2017,True,har_x,0.0070205167885886,0.011700416471720383
5,24.11.2017,6,2017,True,har_x,0.0055447083785619,0.01189044185256692
5,27.11.2017,6,2017,True,har_x,0.00873919227444,0.011890246089614245
5,28.11.2017,6,2017,True,har_x,0.0100507963627971,0.01326015278553127
5,29.11.2017,6,2017,True,har_x,0.0148652647967863,0.01315172368052023
5,30.11.2017,6,2017,True,har_x,0.0171269858731004,0.01312198028343149
5,01.12.2017,6,2017,True,har_x,0.0201954643047896,0.011788680733250713
5,04.12.2017,6,2017,True,har_x,0.0194704857757051,0.010297037657163775
5,05.12.2017,6,2017,True,har_x,0.0232118204213185,0.00981266137397347
5,06.12.2017,6,2017,True,har_x,0.0199674331259553,0.009303094129541126
5,07.12.2017,6,2017,True,har_x,0.0196808974420829,0.009520971892230666
5,08.12.2017,6,2017,True,har_x,0.0176559766198737,0.009414948827599808
5,11.12.2017,6,2017,True,har_x,0.0138820427990253,0.009914691003893673
5,12.12.2017,6,2017,True,har_x,0.010405253579069,0.010068412151582959
5,13.12.2017,6,2017,True,har_x,0.0062452020510276,0.010003632438360202
5,14.12.2017,6,2017,True,har_x,0.0047969857429247,0.010359623508272959
5,15.12.2017,6,2017,True,har_x,0.0033406043934169,0.010044589179339236
5,18.12.2017,6,2017,True,har_x,0.0091862902738117,0.008790722615427704
5,19.12.2017,6,2017,True,har_x,0.0128438545883557,0.006502202598590384
5,20.12.2017,6,2017,True,har_x,0.012742673662225,0.0068348984448679114
5,21.12.2017,6,2017,True,har_x,0.0133045875931049,0.007283402567245101
5,22.12.2017,6,2017,True,har_x,0.0135352870868838,0.00618648388762923
5,26.12.2017,6,2017,True,har_x,0.0102984123567844,0.007091409857270794
5,27.12.2017,6,2017,True,har_x,0.0082496626060419,0.008373814103420472
5,28.12.2017,6,2017,True,har_x,0.0097482971329499,0.007950756100176079
5,29.12.2017,6,2017,True,har_x,0.0094429822747195,0.007945841817442168
22,03.01.2017,6,2017,True,har,0.0168700252175636,0.020350286669190254
22,04.01.2017,6,2017,True,har,0.0169830779504372,0.016143375631698077
22,05.01.2017,6,2017,True,har,0.0170496220995756,0.01661324023208847
22,06.01.2017,6,2017,True,har,0.0170224525733452,0.01584110509250902
22,09.01.2017,6,2017,True,har,0.0150116424502628,0.015177112526500211
22,10.01.2017,6,2017,True,har,0.0144568893140066,0.018766444100586564
22,11.01.2017,6,2017,True,har,0.0141338740714894,0.018916137945560213
22,12.01.2017,6,2017,True,har,0.013761095869387,0.0192953463207723
22,13.01.2017,6,2017,True,har,0.0136101538233257,0.01929621333891774
22,17.01.2017,6,2017,True,har,0.0136170434926965,0.018007911525831526
22,18.01.2017,6,2017,True,har,0.0120425086093882,0.01722567656544958
22,19.01.2017,6,2017,True,har,0.0123743266335038,0.018617694633338597
22,20.01.2017,6,2017,True,har,0.011812679841218,0.01750383972459936
22,23.01.2017,6,2017,True,har,0.0120650594666416,0.01887896940864106
22,24.01.2017,6,2017,True,har,0.0122948643126641,0.01794162859050201
22,25.01.2017,6,2017,True,har,0.0122024904425093,0.017822903780412847
22,26.01.2017,6,2017,True,har,0.0114106116494393,0.01751291806388218
22,27.01.2017,6,2017,True,har,0.0110718476493058,0.01828766271584495
22,30.01.2017,6,2017,True,har,0.0112014603100666,0.018089295573392523
22,31.01.2017,6,2017,True,har,0.0115082846202371,0.017854429144896884
22,01.02.2017,6,2017,True,har,0.0115127239769705,0.018076702215260927
22,02.02.2017,6,2017,True,har,0.0109644311885695,0.017643795674318716
22,03.02.2017,6,2017,True,har,0.0153730893984807,0.01799782269200641
22,06.02.2017,6,2017,True,har,0.0152822072754621,0.017363792434791147
22,07.02.2017,6,2017,True,har,0.0154087652060937,0.01852587699654205
22,08.02.2017,6,2017,True,har,0.0153901643913338,0.016965774422880695
22,09.02.2017,6,2017,True,har,0.0151693597205255,0.015913610411134427
22,10.02.2017,6,2017,True,har,0.0150484554509332,0.015309605678683254
22,13.02.2017,6,2017,True,har,0.014641940948929,0.015992891780958106
22,14.02.2017,6,2017,True,har,0.014494741596571,0.01639244115508368
22,15.02.2017,6,2017,True,har,0.0144955621396656,0.015923888118362775
22,16.02.2017,6,2017,True,har,0.0146252609770918,0.014777404469657841
22,17.02.2017,6,2017,True,har,0.0145505404605788,0.014677174788708551
22,21.02.2017,6,2017,True,har,0.0139042354114638,0.013665639856169906
22,22.02.2017,6,2017,True,har,0.0138921550146282,0.014168098514289771
22,23.02.2017,6,2017,True,har,0.0133625243001262,0.014685173168238124
22,24.02.2017,6,2017,True,har,0.0137377242776043,0.014854125696439915
22,27.02.2017,6,2017,True,har,0.014729156203927,0.014447724523116653
22,28.02.2017,6,2017,True,har,0.0149728849009037,0.013885811705570841
22,01.03.2017,6,2017,True,har,0.0149634531503634,0.013893846838945931
22,02.03.2017,6,2017,True,har,0.014964580433348,0.013471005938784038
22,03.03.2017,6,2017,True,har,0.015247505295224,0.013637402048928562
22,06.03.2017,6,2017,True,har,0.015267287537625,0.01405034943708136
22,07.03.2017,6,2017,True,har,0.0154478790752908,0.013592706770248621
22,08.03.2017,6,2017,True,har,0.0105539403106059,0.012976976190779897
22,09.03.2017,6,2017,True,har,0.0098988233018347,0.01895910580483612
22,10.03.2017,6,2017,True,har,0.0089409091111474,0.018067465053080396
22,13.03.2017,6,2017,True,har,0.0091845315215403,0.017725991451271572
22,14.03.2017,6,2017,True,har,0.0088073010302871,0.016574151576936633
22,15.03.2017,6,2017,True,har,0.0087670096320352,0.016523819588839396
22,16.03.2017,6,2017,True,har,0.0090654266915516,0.016867901577190828
22,17.03.2017,6,2017,True,har,0.0123130560567035,0.01621591539429671
22,20.03.2017,6,2017,True,har,0.0122849298971085,0.016014049871901546
22,21.03.2017,6,2017,True,har,0.012729870946465,0.016054902614050737
22,22.03.2017,6,2017,True,har,0.0127481727634677,0.016106068742428144
22,23.03.2017,6,2017,True,har,0.0128701167973962,0.015412200857474754
22,24.03.2017,6,2017,True,har,0.0129247041347575,0.014854021882574796
22,27.03.2017,6,2017,True,har,0.0130400182503265,0.01513137261452595
22,28.03.2017,6,2017,True,har,0.0128709774845157,0.015013130475748055
22,29.03.2017,6,2017,True,har,0.0120376806027867,0.015675122959274708
22,30.03.2017,6,2017,True,har,0.0124928930802468,0.016849337833514066
22,31.03.2017,6,2017,True,har,0.0126298377261252,0.01652969533073949
22,03.04.2017,6,2017,True,har,0.0159708335491368,0.016034350010164455
22,04.04.2017,6,2017,True,har,0.0156595765201841,0.01611573649984091
22,05.04.2017,6,2017,True,har,0.0156955878020537,0.017189565476246074
22,06.04.2017,6,2017,True,har,0.0154560353421422,0.013189046786069181
22,07.04.2017,6,2017,True,har,0.0170641259976158,0.012884241900505619
22,10.04.2017,6,2017,True,har,0.0169526700811006,0.01203098018571726
22,11.04.2017,6,2017,True,har,0.0168883300692763,0.01238573711940882
22,12.04.2017,6,2017,True,har,0.0176147206595185,0.011620166618075262
22,13.04.2017,6,2017,True,har,0.0175927487997334,0.011826008681333978
22,17.04.2017,6,2017,True,har,0.0177978541272404,0.01157803843683126
22,18.04.2017,6,2017,True,har,0.0178336939457466,0.012308413186255859
22,19.04.2017,6,2017,True,har,0.0167167797890019,0.012271920658941806
22,20.04.2017,6,2017,True,har,0.0167412592808871,0.015730789548024544
22,21.04.2017,6,2017,True,har,0.0161276180727972,0.014520301693515071
22,24.04.2017,6,2017,True,har,0.0160544910179153,0.01567959882803191
22,25.04.2017,6,2017,True,har,0.0190913065189898,0.015335830244490572
22,26.04.2017,6,2017,True,har,0.0192817685285287,0.015748453103817703
22,27.04.2017,6,2017,True,har,0.0192576502491575,0.015042699780903241
22,28.04.2017,6,2017,True,har,0.0202618547122617,0.014551228689440579
22,01.05.2017,6,2017,True,har,0.0202548070693405,0.014216913864167159
22,02.05.2017,6,2017,True,har,0.0198335727657978,0.01414379271707959
22,03.05.2017,6,2017,True,har,0.0198622658407114,0.015246212913821897
22,04.05.2017,6,2017,True,har,0.0169967077530258,0.014303866711321566
22,05.05.2017,6,2017,True,har,0.0190810385679048,0.018825078636312324
22,08.05.2017,6,2017,True,har,0.0190464275091088,0.01801446780243933
22,09.05.2017,6,2017,True,har,0.0189428607701934,0.017701515154939607
22,10.05.2017,6,2017,True,har,0.0176924576373899,0.017529220600283387
22,11.05.2017,6,2017,True,har,0.017628473601702,0.019717834192806583
22,12.05.2017,6,2017,True,har,0.019039826908527,0.018366257617773694
22,15.05.2017,6,2017,True,har,0.0183654035726959,0.018057989324320387
22,16.05.2017,6,2017,True,har,0.0186084264282161,0.019187198430392682
22,17.05.2017,6,2017,True,har,0.0183484252395907,0.018441662217640972
22,18.05.2017,6,2017,True,har,0.0184309975796289,0.01738586110216519
22,19.05.2017,6,2017,True,har,0.0179090568009495,0.017242745632413334
22,22.05.2017,6,2017,True,har,0.0180687807277807,0.017829237800641908
22,23.05.2017,6,2017,True,har,0.0181377008613371,0.017154310929238886
22,24.05.2017,6,2017,True,har,0.0183708929979836,0.016981469954848914
22,25.05.2017,6,2017,True,har,0.0167983351652021,0.017031884872244683
22,26.05.2017,6,2017,True,har,0.0168357729535033,0.0217581068546487
22,30.05.2017,6,2017,True,har,0.0168923646667573,0.020624621969040746
22,31.05.2017,6,2017,True,har,0.0161219192388105,0.020349376265637046
22,01.06.2017,6,2017,True,har,0.018072723279461,0.021579323218717313
22,02.06.2017,6,2017,True,har,0.019790401800215,0.020577930826453872
22,05.06.2017,6,2017,True,har,0.0197961777133963,0.018134448237756028
22,06.06.2017,6,2017,True,har,0.0204019584116051,0.017851710733216772
22,07.06.2017,6,2017,True,har,0.0185039945537291,0.018378472725787215
22,08.06.2017,6,2017,True,har,0.018749734841329,0.02113677437010468
22,09.06.2017,6,2017,True,har,0.0187291857430206,0.01893904368079185
22,12.06.2017,6,2017,True,har,0.0189749561369077,0.01898759862272631
22,13.06.2017,6,2017,True,har,0.0190030842952327,0.018921170775027824
22,14.06.2017,6,2017,True,har,0.0173938025713973,0.018743258368333245
22,15.06.2017,6,2017,True,har,0.0174469020037417,0.02043755812076213
22,16.06.2017,6,2017,True,har,0.0176933885746713,0.019070852446019387
22,19.06.2017,6,2017,True,har,0.0176430265142407,0.019459171439173754
22,20.06.2017,6,2017,True,har,0.0180548702522855,0.018811440147799494
22,21.06.2017,6,2017,True,har,0.016987108403427,0.01903537198071637
22,22.06.2017,6,2017,True,har,0.018036898290722,0.019193193258046515
22,23.06.2017,6,2017,True,har,0.0181701969027365,0.019010940427538987
22,26.06.2017,6,2017,True,har,0.0182004906586426,0.017558972233737292
22,27.06.2017,6,2017,True,har,0.0182731645976381,0.017374095278602793
22,28.06.2017,6,2017,True,har,0.0181783036364015,0.018340458422368644
22,29.06.2017,6,2017,True,har,0.0182053845326678,0.017095907950533125
22,30.06.2017,6,2017,True,har,0.0182751805992958,0.016805136303294676
22,03.07.2017,6,2017,True,har,0.0169298408000391,0.017218297221278656
22,05.07.2017,6,2017,True,har,0.0142813831210238,0.019745524424434766
22,06.07.2017,6,2017,True,har,0.0143111155955798,0.02187614018856967
22,07.07.2017,6,2017,True,har,0.0123936920181751,0.01933938795066468
22,10.07.2017,6,2017,True,har,0.0124477217257463,0.021111302672979643
22,11.07.2017,6,2017,True,har,0.0130441151540848,0.02017245503507626
22,12.07.2017,6,2017,True,har,0.0130434310502898,0.020253467327830555
22,13.07.2017,6,2017,True,har,0.0143614257239297,0.019457077056001727
22,14.07.2017,6,2017,True,har,0.0142514230023973,0.018824607557774497
22,17.07.2017,6,2017,True,har,0.0142681984273646,0.017895323824983482
22,18.07.2017,6,2017,True,har,0.0144785916903471,0.01829498197056816
22,19.07.2017,6,2017,True,har,0.0155660733166445,0.01813024427632879
22,20.07.2017,6,2017,True,har,0.0161752089539502,0.01824989781682321
22,21.07.2017,6,2017,True,har,0.0149551038349203,0.017224132289940804
22,24.07.2017,6,2017,True,har,0.0150173020044447,0.018965300535115796
22,25.07.2017,6,2017,True,har,0.0138198092869784,0.01856971531381669
22,26.07.2017,6,2017,True,har,0.0135450354458962,0.020375523744625524
22,27.07.2017,6,2017,True,har,0.0135958393836093,0.019723865507469553
22,28.07.2017,6,2017,True,har,0.0128955433798328,0.019417769735200485
22,31.07.2017,6,2017,True,har,0.013675794771469,0.01916149330762042
22,01.08.2017,6,2017,True,har,0.0151939413292453,0.018694987468611108
22,02.08.2017,6,2017,True,har,0.0151560711456776,0.017484992710459453
22,03.08.2017,6,2017,True,har,0.0156607690632587,0.015893835304326406
22,04.08.2017,6,2017,True,har,0.0158883630423348,0.016131140016732753
22,07.08.2017,6,2017,True,har,0.0158983559482489,0.014408678143324836
22,08.08.2017,6,2017,True,har,0.0161666075998033,0.014214986296162259
22,09.08.2017,6,2017,True,har,0.0160333505816184,0.014366203910045908
22,10.08.2017,6,2017,True,har,0.01567211089314,0.014741273366442634
22,11.08.2017,6,2017,True,har,0.0159616963416847,0.015441015754179709
22,14.08.2017,6,2017,True,har,0.0145683820771757,0.01495356123505457
22,15.08.2017,6,2017,True,har,0.014559521353078,0.016918107194193347
22,16.08.2017,6,2017,True,har,0.0142751633738245,0.016043991017874393
22,17.08.2017,6,2017,True,har,0.0142449831024171,0.016020929878645996
22,18.08.2017,6,2017,True,har,0.01327985374376,0.016517745971880358
22,21.08.2017,6,2017,True,har,0.01222346270031,0.017614608157270693
22,22.08.2017,6,2017,True,har,0.0122472493981616,0.017677080293688467
22,23.08.2017,6,2017,True,har,0.0140322835411022,0.016081499755884517
22,24.08.2017,6,2017,True,har,0.0140189526141669,0.01624115794999683
22,25.08.2017,6,2017,True,har,0.0143486290754639,0.016264138972293066
22,28.08.2017,6,2017,True,har,0.0142810514644201,0.01529198235528578
22,29.08.2017,6,2017,True,har,0.0142798930041604,0.015287747786416199
22,30.08.2017,6,2017,True,har,0.0145419889943834,0.015025461443656877
22,31.08.2017,6,2017,True,har,0.0134792840125605,0.016301871874261534
22,01.09.2017,6,2017,True,har,0.013525116563016,0.01804258353552936
22,05.09.2017,6,2017,True,har,0.013600982869995,0.017007763528991197
22,06.09.2017,6,2017,True,har,0.0145049711286143,0.01811535743800438
22,07.09.2017,6,2017,True,har,0.0144819250233679,0.018133936008474773
22,08.09.2017,6,2017,True,har,0.014393860551934,0.01719330542729635
22,11.09.2017,6,2017,True,har,0.0144097940573561,0.017457889329208685
22,12.09.2017,6,2017,True,har,0.014687105243278,0.01703331186636403
22,13.09.2017,6,2017,True,har,0.014685055813809,0.01620715823069965
22,14.09.2017,6,2017,True,har,0.0148083730314203,0.016678170093577117
22,15.09.2017,6,2017,True,har,0.014808262763867,0.01606418680731929
22,18.09.2017,6,2017,True,har,0.0147873326833718,0.015527573542871282
22,19.09.2017,6,2017,True,har,0.0151908833073519,0.014582130906998315
22,20.09.2017,6,2017,True,har,0.0146951090031645,0.014194616181010455
22,21.09.2017,6,2017,True,har,0.0147836509690831,0.01518954213535502
22,22.09.2017,6,2017,True,har,0.0151032096785036,0.014454107692516888
22,25.09.2017,6,2017,True,har,0.0127780679442151,0.014378438345706145
22,26.09.2017,6,2017,True,har,0.0129825437583332,0.017134352549254737
22,27.09.2017,6,2017,True,har,0.0133484501051211,0.01627579177603842
22,28.09.2017,6,2017,True,har,0.013188271223479,0.016583247722441016
22,29.09.2017,6,2017,True,har,0.0132306992145532,0.01592501640623648
22,02.10.2017,6,2017,True,har,0.0117293530426329,0.014953843494878962
22,03.10.2017,6,2017,True,har,0.012096281779741,0.016103660469529036
22,04.10.2017,6,2017,True,har,0.0127033340052343,0.015042609495935153
22,05.10.2017,6,2017,True,har,0.0138180836696093,0.014916116017886106
22,06.10.2017,6,2017,True,har,0.0125582010865635,0.016360261668597317
22,09.10.2017,6,2017,True,har,0.0126998978225828,0.017205493104858527
22,10.10.2017,6,2017,True,har,0.0125536420551921,0.016304172739576225
22,11.10.2017,6,2017,True,har,0.0128093116082779,0.01692695157067347
22,12.10.2017,6,2017,True,har,0.0124645737642857,0.01639188210083072
22,13.10.2017,6,2017,True,har,0.0129374584776164,0.01666321124575704
22,16.10.2017,6,2017,True,har,0.0129711630817494,0.016783147339895377
22,17.10.2017,6,2017,True,har,0.0131910723569915,0.016709559936485187
22,18.10.2017,6,2017,True,har,0.0138147702836939,0.016246879162656776
22,19.10.2017,6,2017,True,har,0.0133809316766573,0.015980730829351003
22,20.10.2017,6,2017,True,har,0.0133367761913851,0.01678791811103012
22,23.10.2017,6,2017,True,har,0.0132433668732876,0.01647994486769198
22,24.10.2017,6,2017,True,har,0.0130010011165931,0.014658533316348143
22,25.10.2017,6,2017,True,har,0.0130273858394958,0.015479512387648553
22,26.10.2017,6,2017,True,har,0.0129004729388089,0.014862967075333813
22,27.10.2017,6,2017,True,har,0.0125988781198617,0.015203664958201277
22,30.10.2017,6,2017,True,har,0.0125922737937016,0.015814509155079256
22,31.10.2017,6,2017,True,har,0.012542530181131,0.014141493675236084
22,01.11.2017,6,2017,True,har,0.0131133268671333,0.014078928994678799
22,02.11.2017,6,2017,True,har,0.0128901579914679,0.013886555614599682
22,03.11.2017,6,2017,True,har,0.013238829633116,0.01432303804687118
22,06.11.2017,6,2017,True,har,0.0112960049821316,0.014166499545018026
22,07.11.2017,6,2017,True,har,0.011972851518972,0.016091588531457895
22,08.11.2017,6,2017,True,har,0.0127076713112066,0.015594577168015218
22,09.11.2017,6,2017,True,har,0.0134523623891552,0.015510485255403519
22,10.11.2017,6,2017,True,har,0.0137221335556335,0.015037797445403612
22,13.11.2017,6,2017,True,har,0.0140178677997726,0.015053742179560979
22,14.11.2017,6,2017,True,har,0.0136043723559789,0.014356820731906477
22,15.11.2017,6,2017,True,har,0.0135387459705786,0.015259289879728494
22,16.11.2017,6,2017,True,har,0.0134105365354326,0.015027002100374876
22,17.11.2017,6,2017,True,har,0.012849778292929,0.01456863450861441
22,20.11.2017,6,2017,True,har,0.0127019814431522,0.016075897774695414
22,21.11.2017,6,2017,True,har,0.0126988785775964,0.015657227221437177
22,22.11.2017,6,2017,True,har,0.0136176366302032,0.015278588903747399
22,24.11.2017,6,2017,True,har,0.0137545931400918,0.01557823662923895
22,27.11.2017,6,2017,True,har,0.0137552678581542,0.015201449288608757
22,28.11.2017,6,2017,True,har,0.0137254784444326,0.014420807998425857
22,29.11.2017,6,2017,True,har,0.0135585209808501,0.01444742272583999
22,30.11.2017,6,2017,True,har,0.0139766466407702,0.014795815266169732
22,01.12.2017,6,2017,True,har,0.0139450012981638,0.01472288586593967
22,04.12.2017,6,2017,True,har,0.01343043632082,0.014213128850696012
22,05.12.2017,6,2017,True,har,0.0134165967209594,0.014689239602884546
22,06.12.2017,6,2017,True,har,0.0118498271542356,0.012576751913051252
22,07.12.2017,6,2017,True,har,0.0116135684456913,0.014499376318071008
22,08.12.2017,6,2017,True,har,0.0111903640503504,0.014743174482484703
22,11.12.2017,6,2017,True,har,0.0106601142337251,0.015528255094412708
22,12.12.2017,6,2017,True,har,0.009681939220148,0.015987209907785984
22,13.12.2017,6,2017,True,har,0.0087829964387317,0.016805102834732286
22,14.12.2017,6,2017,True,har,0.0086237217445595,0.016334500055024195
22,15.12.2017,6,2017,True,har,0.0090835790444314,0.016465530227370503
22,18.12.2017,6,2017,True,har,0.009095311186515,0.015805763433996596
22,19.12.2017,6,2017,True,har,0.0093103782156504,0.0150666953287035
22,20.12.2017,6,2017,True,har,0.0091977294828641,0.014883567955631815
22,21.12.2017,6,2017,True,har,0.0092686901129771,0.014924263982476975
22,22.12.2017,6,2017,True,har,0.009273199640706,0.014483093623904902
22,26.12.2017,6,2017,True,har,0.0085494020155456,0.014345203673993948
22,27.12.2017,6,2017,True,har,0.00842877592542,0.01623066379394851
22,28.12.2017,6,2017,True,har,0.0084144035469009,0.015962476665815892
22,29.12.2017,6,2017,True,har,0.0083853434901944,0.015678775948691
22,03.01.2017,6,2017,True,har_ovx,0.0168700252175636,0.015975931632618286
22,04.01.2017,6,2017,True,har_ovx,0.0169830779504372,0.01730121568661806
22,05.01.2017,6,2017,True,har_ovx,0.0170496220995756,0.017034843878799784
22,06.01.2017,6,2017,True,har_ovx,0.0170224525733452,0.016435933709516796
22,09.01.2017,6,2017,True,har_ovx,0.0150116424502628,0.01572538898217355
22,10.01.2017,6,2017,True,har_ovx,0.0144568893140066,0.01795955342738017
22,11.01.2017,6,2017,True,har_ovx,0.0141338740714894,0.017725536073604168
22,12.01.2017,6,2017,True,har_ovx,0.013761095869387,0.017318017538208684
22,13.01.2017,6,2017,True,har_ovx,0.0136101538233257,0.016843654183219158
22,17.01.2017,6,2017,True,har_ovx,0.0136170434926965,0.015767211218960953
22,18.01.2017,6,2017,True,har_ovx,0.0120425086093882,0.01607257606867966
22,19.01.2017,6,2017,True,har_ovx,0.0123743266335038,0.016326183244802332
22,20.01.2017,6,2017,True,har_ovx,0.011812679841218,0.015925240533518167
22,23.01.2017,6,2017,True,har_ovx,0.0120650594666416,0.01505121627357859
22,24.01.2017,6,2017,True,har_ovx,0.0122948643126641,0.015849822730773278
22,25.01.2017,6,2017,True,har_ovx,0.0122024904425093,0.015099060819306943
22,26.01.2017,6,2017,True,har_ovx,0.0114106116494393,0.015709256099337942
22,27.01.2017,6,2017,True,har_ovx,0.0110718476493058,0.015321041323017977
22,30.01.2017,6,2017,True,har_ovx,0.0112014603100666,0.015375194811300667
22,31.01.2017,6,2017,True,har_ovx,0.0115082846202371,0.016015129024188487
22,01.02.2017,6,2017,True,har_ovx,0.0115127239769705,0.016282159582867967
22,02.02.2017,6,2017,True,har_ovx,0.0109644311885695,0.01579235762967024
22,03.02.2017,6,2017,True,har_ovx,0.0153730893984807,0.015184184462932735
22,06.02.2017,6,2017,True,har_ovx,0.0152822072754621,0.01431595517442151
22,07.02.2017,6,2017,True,har_ovx,0.0154087652060937,0.015183654017511393
22,08.02.2017,6,2017,True,har_ovx,0.0153901643913338,0.015247947223967391
22,09.02.2017,6,2017,True,har_ovx,0.0151693597205255,0.014816962077597164
22,10.02.2017,6,2017,True,har_ovx,0.0150484554509332,0.014396462343645253
22,13.02.2017,6,2017,True,har_ovx,0.014641940948929,0.013329865873550917
22,14.02.2017,6,2017,True,har_ovx,0.014494741596571,0.01368253637069169
22,15.02.2017,6,2017,True,har_ovx,0.0144955621396656,0.01387847542776855
22,16.02.2017,6,2017,True,har_ovx,0.0146252609770918,0.014001867229774107
22,17.02.2017,6,2017,True,har_ovx,0.0145505404605788,0.013751898701180492
22,21.02.2017,6,2017,True,har_ovx,0.0139042354114638,0.01252314262720077
22,22.02.2017,6,2017,True,har_ovx,0.0138921550146282,0.012982536611444266
22,23.02.2017,6,2017,True,har_ovx,0.0133625243001262,0.013743726661673655
22,24.02.2017,6,2017,True,har_ovx,0.0137377242776043,0.012914217269602174
22,27.02.2017,6,2017,True,har_ovx,0.014729156203927,0.0128270391304783
22,28.02.2017,6,2017,True,har_ovx,0.0149728849009037,0.012295722884988506
22,01.03.2017,6,2017,True,har_ovx,0.0149634531503634,0.012653622880259383
22,02.03.2017,6,2017,True,har_ovx,0.014964580433348,0.012128548950814992
22,03.03.2017,6,2017,True,har_ovx,0.015247505295224,0.013049749948540666
22,06.03.2017,6,2017,True,har_ovx,0.015267287537625,0.012835453251674827
22,07.03.2017,6,2017,True,har_ovx,0.0154478790752908,0.013554179248289553
22,08.03.2017,6,2017,True,har_ovx,0.0105539403106059,0.013246318924666878
22,09.03.2017,6,2017,True,har_ovx,0.0098988233018347,0.016819525320765884
22,10.03.2017,6,2017,True,har_ovx,0.0089409091111474,0.016630844350178017
22,13.03.2017,6,2017,True,har_ovx,0.0091845315215403,0.01757114067899549
22,14.03.2017,6,2017,True,har_ovx,0.0088073010302871,0.01676883208299381
22,15.03.2017,6,2017,True,har_ovx,0.0087670096320352,0.01735251698174293
22,16.03.2017,6,2017,True,har_ovx,0.0090654266915516,0.015584603899773947
22,17.03.2017,6,2017,True,har_ovx,0.0123130560567035,0.014554373846540142
22,20.03.2017,6,2017,True,har_ovx,0.0122849298971085,0.013849267610726574
22,21.03.2017,6,2017,True,har_ovx,0.012729870946465,0.01427702131227834
22,22.03.2017,6,2017,True,har_ovx,0.0127481727634677,0.0158787345179469
22,23.03.2017,6,2017,True,har_ovx,0.0128701167973962,0.01555729847252502
22,24.03.2017,6,2017,True,har_ovx,0.0129247041347575,0.015349296707073756
22,27.03.2017,6,2017,True,har_ovx,0.0130400182503265,0.016106576469424497
22,28.03.2017,6,2017,True,har_ovx,0.0128709774845157,0.015938925268795007
22,29.03.2017,6,2017,True,har_ovx,0.0120376806027867,0.015509310960918
22,30.03.2017,6,2017,True,har_ovx,0.0124928930802468,0.014725292480943964
22,31.03.2017,6,2017,True,har_ovx,0.0126298377261252,0.014190351903742777
22,03.04.2017,6,2017,True,har_ovx,0.0159708335491368,0.013953620309569665
22,04.04.2017,6,2017,True,har_ovx,0.0156595765201841,0.013564209717244698
22,05.04.2017,6,2017,True,har_ovx,0.0156955878020537,0.01435702135935753
22,06.04.2017,6,2017,True,har_ovx,0.0154560353421422,0.014054716791793521
22,07.04.2017,6,2017,True,har_ovx,0.0170641259976158,0.013534117366379104
22,10.04.2017,6,2017,True,har_ovx,0.0169526700811006,0.013932856931356302
22,11.04.2017,6,2017,True,har_ovx,0.0168883300692763,0.013540123557042753
22,12.04.2017,6,2017,True,har_ovx,0.0176147206595185,0.013822647783856279
22,13.04.2017,6,2017,True,har_ovx,0.0175927487997334,0.013587648117724345
22,17.04.2017,6,2017,True,har_ovx,0.0177978541272404,0.012974896080321886
22,18.04.2017,6,2017,True,har_ovx,0.0178336939457466,0.012908971492896585
22,19.04.2017,6,2017,True,har_ovx,0.0167167797890019,0.013599924498757274
22,20.04.2017,6,2017,True,har_ovx,0.0167412592808871,0.015598003804844319
22,21.04.2017,6,2017,True,har_ovx,0.0161276180727972,0.014097734962008276
22,24.04.2017,6,2017,True,har_ovx,0.0160544910179153,0.015588996187637875
22,25.04.2017,6,2017,True,har_ovx,0.0190913065189898,0.01535068924606203
22,26.04.2017,6,2017,True,har_ovx,0.0192817685285287,0.015034581253608955
22,27.04.2017,6,2017,True,har_ovx,0.0192576502491575,0.015031863587692493
22,28.04.2017,6,2017,True,har_ovx,0.0202618547122617,0.015398869015736035
22,01.05.2017,6,2017,True,har_ovx,0.0202548070693405,0.014589034744202752
22,02.05.2017,6,2017,True,har_ovx,0.0198335727657978,0.015115688068628633
22,03.05.2017,6,2017,True,har_ovx,0.0198622658407114,0.0169922351199639
22,04.05.2017,6,2017,True,har_ovx,0.0169967077530258,0.01718233181762868
22,05.05.2017,6,2017,True,har_ovx,0.0190810385679048,0.018622957978508874
22,08.05.2017,6,2017,True,har_ovx,0.0190464275091088,0.017750176316833222
22,09.05.2017,6,2017,True,har_ovx,0.0189428607701934,0.01765530643288398
22,10.05.2017,6,2017,True,har_ovx,0.0176924576373899,0.01795815307839878
22,11.05.2017,6,2017,True,har_ovx,0.017628473601702,0.01796444098022651
22,12.05.2017,6,2017,True,har_ovx,0.019039826908527,0.017758973986161206
22,15.05.2017,6,2017,True,har_ovx,0.0183654035726959,0.017665040909894347
22,16.05.2017,6,2017,True,har_ovx,0.0186084264282161,0.01744943099459753
22,17.05.2017,6,2017,True,har_ovx,0.0183484252395907,0.017536342428114107
22,18.05.2017,6,2017,True,har_ovx,0.0184309975796289,0.01794247021544338
22,19.05.2017,6,2017,True,har_ovx,0.0179090568009495,0.017216267188020766
22,22.05.2017,6,2017,True,har_ovx,0.0180687807277807,0.01547425163123573
22,23.05.2017,6,2017,True,har_ovx,0.0181377008613371,0.015841923707703362
22,24.05.2017,6,2017,True,har_ovx,0.0183708929979836,0.01659664949049783
22,25.05.2017,6,2017,True,har_ovx,0.0167983351652021,0.016045188211489796
22,26.05.2017,6,2017,True,har_ovx,0.0168357729535033,0.01758106828921614
22,30.05.2017,6,2017,True,har_ovx,0.0168923646667573,0.015420697154863664
22,31.05.2017,6,2017,True,har_ovx,0.0161219192388105,0.015516700952858273
22,01.06.2017,6,2017,True,har_ovx,0.018072723279461,0.016976438425009885
22,02.06.2017,6,2017,True,har_ovx,0.019790401800215,0.01600167293381317
22,05.06.2017,6,2017,True,har_ovx,0.0197961777133963,0.01695179745249443
22,06.06.2017,6,2017,True,har_ovx,0.0204019584116051,0.01778517008948782
22,07.06.2017,6,2017,True,har_ovx,0.0185039945537291,0.016789873059764687
22,08.06.2017,6,2017,True,har_ovx,0.018749734841329,0.01832862310922446
22,09.06.2017,6,2017,True,har_ovx,0.0187291857430206,0.017718109106457977
22,12.06.2017,6,2017,True,har_ovx,0.0189749561369077,0.016950101691611735
22,13.06.2017,6,2017,True,har_ovx,0.0190030842952327,0.017753741451335927
22,14.06.2017,6,2017,True,har_ovx,0.0173938025713973,0.01682685448855621
22,15.06.2017,6,2017,True,har_ovx,0.0174469020037417,0.016929062244381184
22,16.06.2017,6,2017,True,har_ovx,0.0176933885746713,0.01651749392443971
22,19.06.2017,6,2017,True,har_ovx,0.0176430265142407,0.01413990851437438
22,20.06.2017,6,2017,True,har_ovx,0.0180548702522855,0.01562794827420949
22,21.06.2017,6,2017,True,har_ovx,0.016987108403427,0.017061688724611373
22,22.06.2017,6,2017,True,har_ovx,0.018036898290722,0.017681172057367862
22,23.06.2017,6,2017,True,har_ovx,0.0181701969027365,0.017073079773599113
22,26.06.2017,6,2017,True,har_ovx,0.0182004906586426,0.01660611451745006
22,27.06.2017,6,2017,True,har_ovx,0.0182731645976381,0.016492778537910223
22,28.06.2017,6,2017,True,har_ovx,0.0181783036364015,0.016919979007790832
22,29.06.2017,6,2017,True,har_ovx,0.0182053845326678,0.016106109994301315
22,30.06.2017,6,2017,True,har_ovx,0.0182751805992958,0.015766085265082684
22,03.07.2017,6,2017,True,har_ovx,0.0169298408000391,0.014762969089729815
22,05.07.2017,6,2017,True,har_ovx,0.0142813831210238,0.01590858389659573
22,06.07.2017,6,2017,True,har_ovx,0.0143111155955798,0.017220160319482425
22,07.07.2017,6,2017,True,har_ovx,0.0123936920181751,0.01703318058202509
22,10.07.2017,6,2017,True,har_ovx,0.0124477217257463,0.01743347368032586
22,11.07.2017,6,2017,True,har_ovx,0.0130441151540848,0.017222996849910674
22,12.07.2017,6,2017,True,har_ovx,0.0130434310502898,0.01763055020552066
22,13.07.2017,6,2017,True,har_ovx,0.0143614257239297,0.01692207977402436
22,14.07.2017,6,2017,True,har_ovx,0.0142514230023973,0.01655503265959456
22,17.07.2017,6,2017,True,har_ovx,0.0142681984273646,0.015750268834200627
22,18.07.2017,6,2017,True,har_ovx,0.0144785916903471,0.01589626661680004
22,19.07.2017,6,2017,True,har_ovx,0.0155660733166445,0.0154883765894427
22,20.07.2017,6,2017,True,har_ovx,0.0161752089539502,0.015305341468986855
22,21.07.2017,6,2017,True,har_ovx,0.0149551038349203,0.015009342020796072
22,24.07.2017,6,2017,True,har_ovx,0.0150173020044447,0.015129480561921848
22,25.07.2017,6,2017,True,har_ovx,0.0138198092869784,0.014976296361935225
22,26.07.2017,6,2017,True,har_ovx,0.0135450354458962,0.015092088699431051
22,27.07.2017,6,2017,True,har_ovx,0.0135958393836093,0.015086799890323594
22,28.07.2017,6,2017,True,har_ovx,0.0128955433798328,0.015278936692657365
22,31.07.2017,6,2017,True,har_ovx,0.013675794771469,0.015542730873963306
22,01.08.2017,6,2017,True,har_ovx,0.0151939413292453,0.01595233154636635
22,02.08.2017,6,2017,True,har_ovx,0.0151560711456776,0.015773697809771652
22,03.08.2017,6,2017,True,har_ovx,0.0156607690632587,0.015729670945383863
22,04.08.2017,6,2017,True,har_ovx,0.0158883630423348,0.015255171821720127
22,07.08.2017,6,2017,True,har_ovx,0.0158983559482489,0.014623027706458503
22,08.08.2017,6,2017,True,har_ovx,0.0161666075998033,0.01468140091643385
22,09.08.2017,6,2017,True,har_ovx,0.0160333505816184,0.01515146569689522
22,10.08.2017,6,2017,True,har_ovx,0.01567211089314,0.014958474673215937
22,11.08.2017,6,2017,True,har_ovx,0.0159616963416847,0.015103793906205646
22,14.08.2017,6,2017,True,har_ovx,0.0145683820771757,0.014468237754566748
22,15.08.2017,6,2017,True,har_ovx,0.014559521353078,0.015098931162977924
22,16.08.2017,6,2017,True,har_ovx,0.0142751633738245,0.014938523154507072
22,17.08.2017,6,2017,True,har_ovx,0.0142449831024171,0.014979262802971391
22,18.08.2017,6,2017,True,har_ovx,0.01327985374376,0.01506624416648997
22,21.08.2017,6,2017,True,har_ovx,0.01222346270031,0.01406189265918091
22,22.08.2017,6,2017,True,har_ovx,0.0122472493981616,0.014730709824698564
22,23.08.2017,6,2017,True,har_ovx,0.0140322835411022,0.014073636736075623
22,24.08.2017,6,2017,True,har_ovx,0.0140189526141669,0.014077559213436687
22,25.08.2017,6,2017,True,har_ovx,0.0143486290754639,0.014382932020637774
22,28.08.2017,6,2017,True,har_ovx,0.0142810514644201,0.014743794107121212
22,29.08.2017,6,2017,True,har_ovx,0.0142798930041604,0.015740336966368753
22,30.08.2017,6,2017,True,har_ovx,0.0145419889943834,0.015726215820586212
22,31.08.2017,6,2017,True,har_ovx,0.0134792840125605,0.01547514809701346
22,01.09.2017,6,2017,True,har_ovx,0.013525116563016,0.01504164199848832
22,05.09.2017,6,2017,True,har_ovx,0.013600982869995,0.014686352307428771
22,06.09.2017,6,2017,True,har_ovx,0.0145049711286143,0.015239638611265899
22,07.09.2017,6,2017,True,har_ovx,0.0144819250233679,0.015492174195424166
22,08.09.2017,6,2017,True,har_ovx,0.014393860551934,0.015278901652399252
22,11.09.2017,6,2017,True,har_ovx,0.0144097940573561,0.01519383623529114
22,12.09.2017,6,2017,True,har_ovx,0.014687105243278,0.013993086541592415
22,13.09.2017,6,2017,True,har_ovx,0.014685055813809,0.013997866539644552
22,14.09.2017,6,2017,True,har_ovx,0.0148083730314203,0.013478507676427495
22,15.09.2017,6,2017,True,har_ovx,0.014808262763867,0.013045683712947665
22,18.09.2017,6,2017,True,har_ovx,0.0147873326833718,0.013417616934128053
22,19.09.2017,6,2017,True,har_ovx,0.0151908833073519,0.013943038744650554
22,20.09.2017,6,2017,True,har_ovx,0.0146951090031645,0.012865202115506723
22,21.09.2017,6,2017,True,har_ovx,0.0147836509690831,0.013748398080578757
22,22.09.2017,6,2017,True,har_ovx,0.0151032096785036,0.013144258684259932
22,25.09.2017,6,2017,True,har_ovx,0.0127780679442151,0.013247174079575319
22,26.09.2017,6,2017,True,har_ovx,0.0129825437583332,0.013803214594547784
22,27.09.2017,6,2017,True,har_ovx,0.0133484501051211,0.014058635798381834
22,28.09.2017,6,2017,True,har_ovx,0.013188271223479,0.013725810677244345
22,29.09.2017,6,2017,True,har_ovx,0.0132306992145532,0.013635331990596553
22,02.10.2017,6,2017,True,har_ovx,0.0117293530426329,0.013356509936798138
22,03.10.2017,6,2017,True,har_ovx,0.012096281779741,0.014251744122376012
22,04.10.2017,6,2017,True,har_ovx,0.0127033340052343,0.014160666681389798
22,05.10.2017,6,2017,True,har_ovx,0.0138180836696093,0.013610283019934779
22,06.10.2017,6,2017,True,har_ovx,0.0125582010865635,0.013354489448826935
22,09.10.2017,6,2017,True,har_ovx,0.0126998978225828,0.01406184413452812
22,10.10.2017,6,2017,True,har_ovx,0.0125536420551921,0.013716022018784017
22,11.10.2017,6,2017,True,har_ovx,0.0128093116082779,0.013332819244165482
22,12.10.2017,6,2017,True,har_ovx,0.0124645737642857,0.013180844610141029
22,13.10.2017,6,2017,True,har_ovx,0.0129374584776164,0.012908614706691659
22,16.10.2017,6,2017,True,har_ovx,0.0129711630817494,0.012923149720524187
22,17.10.2017,6,2017,True,har_ovx,0.0131910723569915,0.013237395181203525
22,18.10.2017,6,2017,True,har_ovx,0.0138147702836939,0.012865632410675308
22,19.10.2017,6,2017,True,har_ovx,0.0133809316766573,0.013232856321171082
22,20.10.2017,6,2017,True,har_ovx,0.0133367761913851,0.013260828167768957
22,23.10.2017,6,2017,True,har_ovx,0.0132433668732876,0.012106509769510498
22,24.10.2017,6,2017,True,har_ovx,0.0130010011165931,0.01243741651593908
22,25.10.2017,6,2017,True,har_ovx,0.0130273858394958,0.01282321328607763
22,26.10.2017,6,2017,True,har_ovx,0.0129004729388089,0.012580833535177059
22,27.10.2017,6,2017,True,har_ovx,0.0125988781198617,0.012607301378262992
22,30.10.2017,6,2017,True,har_ovx,0.0125922737937016,0.012611292540545506
22,31.10.2017,6,2017,True,har_ovx,0.012542530181131,0.012631744336763213
22,01.11.2017,6,2017,True,har_ovx,0.0131133268671333,0.012624273415050418
22,02.11.2017,6,2017,True,har_ovx,0.0128901579914679,0.012759154675157354
22,03.11.2017,6,2017,True,har_ovx,0.013238829633116,0.012814242122125046
22,06.11.2017,6,2017,True,har_ovx,0.0112960049821316,0.012405582091856788
22,07.11.2017,6,2017,True,har_ovx,0.011972851518972,0.013707562159060518
22,08.11.2017,6,2017,True,har_ovx,0.0127076713112066,0.014603780914798574
22,09.11.2017,6,2017,True,har_ovx,0.0134523623891552,0.01407490963263001
22,10.11.2017,6,2017,True,har_ovx,0.0137221335556335,0.014372653905308137
22,13.11.2017,6,2017,True,har_ovx,0.0140178677997726,0.015008204370495581
22,14.11.2017,6,2017,True,har_ovx,0.0136043723559789,0.015640860355947184
22,15.11.2017,6,2017,True,har_ovx,0.0135387459705786,0.0156297926940296
22,16.11.2017,6,2017,True,har_ovx,0.0134105365354326,0.01538770479886823
22,17.11.2017,6,2017,True,har_ovx,0.012849778292929,0.014581515548860337
22,20.11.2017,6,2017,True,har_ovx,0.0127019814431522,0.013700686089356354
22,21.11.2017,6,2017,True,har_ovx,0.0126988785775964,0.013698034101789592
22,22.11.2017,6,2017,True,har_ovx,0.0136176366302032,0.013357226207564094
22,24.11.2017,6,2017,True,har_ovx,0.0137545931400918,0.013535439971423742
22,27.11.2017,6,2017,True,har_ovx,0.0137552678581542,0.013556933833082138
22,28.11.2017,6,2017,True,har_ovx,0.0137254784444326,0.014422303183075797
22,29.11.2017,6,2017,True,har_ovx,0.0135585209808501,0.014330072590803499
22,30.11.2017,6,2017,True,har_ovx,0.0139766466407702,0.014282498437708627
22,01.12.2017,6,2017,True,har_ovx,0.0139450012981638,0.013014022916684263
22,04.12.2017,6,2017,True,har_ovx,0.01343043632082,0.01160160536139606
22,05.12.2017,6,2017,True,har_ovx,0.0134165967209594,0.011683156698907186
22,06.12.2017,6,2017,True,har_ovx,0.0118498271542356,0.011223127375759393
22,07.12.2017,6,2017,True,har_ovx,0.0116135684456913,0.011367652078302428
22,08.12.2017,6,2017,True,har_ovx,0.0111903640503504,0.011240225425991943
22,11.12.2017,6,2017,True,har_ovx,0.0106601142337251,0.011683157907878279
22,12.12.2017,6,2017,True,har_ovx,0.009681939220148,0.011154585527545505
22,13.12.2017,6,2017,True,har_ovx,0.0087829964387317,0.0110496107857499
22,14.12.2017,6,2017,True,har_ovx,0.0086237217445595,0.011420781685703959
22,15.12.2017,6,2017,True,har_ovx,0.0090835790444314,0.011117849668027622
22,18.12.2017,6,2017,True,har_ovx,0.009095311186515,0.00993755131545231
22,19.12.2017,6,2017,True,har_ovx,0.0093103782156504,0.00825418215156395
22,20.12.2017,6,2017,True,har_ovx,0.0091977294828641,0.00860331227684054
22,21.12.2017,6,2017,True,har_ovx,0.0092686901129771,0.009064972836141766
22,22.12.2017,6,2017,True,har_ovx,0.009273199640706,0.008029295967658896
22,26.12.2017,6,2017,True,har_ovx,0.0085494020155456,0.00891046350163583
22,27.12.2017,6,2017,True,har_ovx,0.00842877592542,0.010124386708300633
22,28.12.2017,6,2017,True,har_ovx,0.0084144035469009,0.009689885774162636
22,29.12.2017,6,2017,True,har_ovx,0.0083853434901944,0.009689633680082238
22,03.01.2017,6,2017,True,har_gpr,0.0168700252175636,0.02140559599610789
22,04.01.2017,6,2017,True,har_gpr,0.0169830779504372,0.015980575004175476
22,05.01.2017,6,2017,True,har_gpr,0.0170496220995756,0.016451232927574
22,06.01.2017,6,2017,True,har_gpr,0.0170224525733452,0.01568456888961497
22,09.01.2017,6,2017,True,har_gpr,0.0150116424502628,0.015024323878382151
22,10.01.2017,6,2017,True,har_gpr,0.0144568893140066,0.019958466015237986
22,11.01.2017,6,2017,True,har_gpr,0.0141338740714894,0.020109604189941618
22,12.01.2017,6,2017,True,har_gpr,0.013761095869387,0.0205046818631513
22,13.01.2017,6,2017,True,har_gpr,0.0136101538233257,0.020508696781109306
22,17.01.2017,6,2017,True,har_gpr,0.0136170434926965,0.019230063028510627
22,18.01.2017,6,2017,True,har_gpr,0.0120425086093882,0.016605628872230858
22,19.01.2017,6,2017,True,har_gpr,0.0123743266335038,0.018008717023946127
22,20.01.2017,6,2017,True,har_gpr,0.011812679841218,0.01685845138154141
22,23.01.2017,6,2017,True,har_gpr,0.0120650594666416,0.018247563356433218
22,24.01.2017,6,2017,True,har_gpr,0.0122948643126641,0.01806221173141907
22,25.01.2017,6,2017,True,har_gpr,0.0122024904425093,0.017945114010913546
22,26.01.2017,6,2017,True,har_gpr,0.0114106116494393,0.017591682534119652
22,27.01.2017,6,2017,True,har_gpr,0.0110718476493058,0.01838098983699077
22,30.01.2017,6,2017,True,har_gpr,0.0112014603100666,0.018171135016234262
22,31.01.2017,6,2017,True,har_gpr,0.0115082846202371,0.01974134971168863
22,01.02.2017,6,2017,True,har_gpr,0.0115127239769705,0.01996656277718848
22,02.02.2017,6,2017,True,har_gpr,0.0109644311885695,0.019529989790708534
22,03.02.2017,6,2017,True,har_gpr,0.0153730893984807,0.01987725367274847
22,06.02.2017,6,2017,True,har_gpr,0.0152822072754621,0.019221192536438895
22,07.02.2017,6,2017,True,har_gpr,0.0154087652060937,0.0176165358137859
22,08.02.2017,6,2017,True,har_gpr,0.0153901643913338,0.01607388993345458
22,09.02.2017,6,2017,True,har_gpr,0.0151693597205255,0.015027854930757652
22,10.02.2017,6,2017,True,har_gpr,0.0150484554509332,0.014421055119240021
22,13.02.2017,6,2017,True,har_gpr,0.014641940948929,0.015128155473787104
22,14.02.2017,6,2017,True,har_gpr,0.014494741596571,0.014989665502617794
22,15.02.2017,6,2017,True,har_gpr,0.0144955621396656,0.014509663185320168
22,16.02.2017,6,2017,True,har_gpr,0.0146252609770918,0.013377078812181604
22,17.02.2017,6,2017,True,har_gpr,0.0145505404605788,0.013273300835015581
22,21.02.2017,6,2017,True,har_gpr,0.0139042354114638,0.012244392401558835
22,22.02.2017,6,2017,True,har_gpr,0.0138921550146282,0.013674161783382075
22,23.02.2017,6,2017,True,har_gpr,0.0133625243001262,0.014208122596887567
22,24.02.2017,6,2017,True,har_gpr,0.0137377242776043,0.014383306258645239
22,27.02.2017,6,2017,True,har_gpr,0.014729156203927,0.01398989552657803
22,28.02.2017,6,2017,True,har_gpr,0.0149728849009037,0.014272676522477826
22,01.03.2017,6,2017,True,har_gpr,0.0149634531503634,0.014264216868585256
22,02.03.2017,6,2017,True,har_gpr,0.014964580433348,0.013829655973484335
22,03.03.2017,6,2017,True,har_gpr,0.015247505295224,0.013970287211166766
22,06.03.2017,6,2017,True,har_gpr,0.015267287537625,0.014413676174049622
22,07.03.2017,6,2017,True,har_gpr,0.0154478790752908,0.01310440481541222
22,08.03.2017,6,2017,True,har_gpr,0.0105539403106059,0.012491367953522672
22,09.03.2017,6,2017,True,har_gpr,0.0098988233018347,0.01855295432328726
22,10.03.2017,6,2017,True,har_gpr,0.0089409091111474,0.017653238277063707
22,13.03.2017,6,2017,True,har_gpr,0.0091845315215403,0.017283563807133553
22,14.03.2017,6,2017,True,har_gpr,0.0088073010302871,0.016089135640225558
22,15.03.2017,6,2017,True,har_gpr,0.0087670096320352,0.01603624962100098
22,16.03.2017,6,2017,True,har_gpr,0.0090654266915516,0.016343365643729124
22,17.03.2017,6,2017,True,har_gpr,0.0123130560567035,0.015676172895009076
22,20.03.2017,6,2017,True,har_gpr,0.0122849298971085,0.015455866832777547
22,21.03.2017,6,2017,True,har_gpr,0.012729870946465,0.016357949111303793
22,22.03.2017,6,2017,True,har_gpr,0.0127481727634677,0.016423217580797515
22,23.03.2017,6,2017,True,har_gpr,0.0128701167973962,0.015693068330532686
22,24.03.2017,6,2017,True,har_gpr,0.0129247041347575,0.01513817538392727
22,27.03.2017,6,2017,True,har_gpr,0.0130400182503265,0.015423190542351013
22,28.03.2017,6,2017,True,har_gpr,0.0128709774845157,0.014605892057446725
22,29.03.2017,6,2017,True,har_gpr,0.0120376806027867,0.015267970784587347
22,30.03.2017,6,2017,True,har_gpr,0.0124928930802468,0.016453641083470402
22,31.03.2017,6,2017,True,har_gpr,0.0126298377261252,0.016122286140602207
22,03.04.2017,6,2017,True,har_gpr,0.0159708335491368,0.015638571754804067
22,04.04.2017,6,2017,True,har_gpr,0.0156595765201841,0.01563237871243413
22,05.04.2017,6,2017,True,har_gpr,0.0156955878020537,0.016711155531444165
22,06.04.2017,6,2017,True,har_gpr,0.0154560353421422,0.01273523195092852
22,07.04.2017,6,2017,True,har_gpr,0.0170641259976158,0.012437211706069477
22,10.04.2017,6,2017,True,har_gpr,0.0169526700811006,0.011578496003175523
22,11.04.2017,6,2017,True,har_gpr,0.0168883300692763,0.012537873096760363
22,12.04.2017,6,2017,True,har_gpr,0.0176147206595185,0.011759845980672586
22,13.04.2017,6,2017,True,har_gpr,0.0175927487997334,0.011989543008468086
22,17.04.2017,6,2017,True,har_gpr,0.0177978541272404,0.011739496716937333
22,18.04.2017,6,2017,True,har_gpr,0.0178336939457466,0.012233507973042882
22,19.04.2017,6,2017,True,har_gpr,0.0167167797890019,0.012175664025357883
22,20.04.2017,6,2017,True,har_gpr,0.0167412592808871,0.015668866592036125
22,21.04.2017,6,2017,True,har_gpr,0.0161276180727972,0.014459329363785732
22,24.04.2017,6,2017,True,har_gpr,0.0160544910179153,0.015609069580922627
22,25.04.2017,6,2017,True,har_gpr,0.0190913065189898,0.014595853011955064
22,26.04.2017,6,2017,True,har_gpr,0.0192817685285287,0.015030866217047516
22,27.04.2017,6,2017,True,har_gpr,0.0192576502491575,0.01427883325621879
22,28.04.2017,6,2017,True,har_gpr,0.0202618547122617,0.013791271088804964
22,01.05.2017,6,2017,True,har_gpr,0.0202548070693405,0.013442103376983146
22,02.05.2017,6,2017,True,har_gpr,0.0198335727657978,0.013157991032851361
22,03.05.2017,6,2017,True,har_gpr,0.0198622658407114,0.01427200851543768
22,04.05.2017,6,2017,True,har_gpr,0.0169967077530258,0.013343777740144487
22,05.05.2017,6,2017,True,har_gpr,0.0190810385679048,0.01792390717839532
22,08.05.2017,6,2017,True,har_gpr,0.0190464275091088,0.017117050692792377
22,09.05.2017,6,2017,True,har_gpr,0.0189428607701934,0.017159237370773347
22,10.05.2017,6,2017,True,har_gpr,0.0176924576373899,0.016988254739436853
22,11.05.2017,6,2017,True,har_gpr,0.017628473601702,0.01919731970374401
22,12.05.2017,6,2017,True,har_gpr,0.019039826908527,0.017744903427210378
22,15.05.2017,6,2017,True,har_gpr,0.0183654035726959,0.017434857404856507
22,16.05.2017,6,2017,True,har_gpr,0.0186084264282161,0.018207289462735723
22,17.05.2017,6,2017,True,har_gpr,0.0183484252395907,0.017440502572674505
22,18.05.2017,6,2017,True,har_gpr,0.0184309975796289,0.016367836770409552
22,19.05.2017,6,2017,True,har_gpr,0.0179090568009495,0.01622224374946219
22,22.05.2017,6,2017,True,har_gpr,0.0180687807277807,0.016819812794504903
22,23.05.2017,6,2017,True,har_gpr,0.0181377008613371,0.014155388504660025
22,24.05.2017,6,2017,True,har_gpr,0.0183708929979836,0.013969877355015951
22,25.05.2017,6,2017,True,har_gpr,0.0167983351652021,0.014033141662539593
22,26.05.2017,6,2017,True,har_gpr,0.0168357729535033,0.018853131004418558
22,30.05.2017,6,2017,True,har_gpr,0.0168923646667573,0.01770079464080073
22,31.05.2017,6,2017,True,har_gpr,0.0161219192388105,0.021306070082154467
22,01.06.2017,6,2017,True,har_gpr,0.018072723279461,0.022539414240477916
22,02.06.2017,6,2017,True,har_gpr,0.019790401800215,0.021535572809408973
22,05.06.2017,6,2017,True,har_gpr,0.0197961777133963,0.019061890563713726
22,06.06.2017,6,2017,True,har_gpr,0.0204019584116051,0.02198366332290042
22,07.06.2017,6,2017,True,har_gpr,0.0185039945537291,0.02253683232776113
22,08.06.2017,6,2017,True,har_gpr,0.018749734841329,0.02531418362968964
22,09.06.2017,6,2017,True,har_gpr,0.0187291857430206,0.023115883792935336
22,12.06.2017,6,2017,True,har_gpr,0.0189749561369077,0.023174333743288967
22,13.06.2017,6,2017,True,har_gpr,0.0190030842952327,0.01849472207838366
22,14.06.2017,6,2017,True,har_gpr,0.0173938025713973,0.018316656296830595
22,15.06.2017,6,2017,True,har_gpr,0.0174469020037417,0.01998916653510107
22,16.06.2017,6,2017,True,har_gpr,0.0176933885746713,0.01861801268359319
22,19.06.2017,6,2017,True,har_gpr,0.0176430265142407,0.019010404993075394
22,20.06.2017,6,2017,True,har_gpr,0.0180548702522855,0.020212626557869193
22,21.06.2017,6,2017,True,har_gpr,0.016987108403427,0.02042997668095208
22,22.06.2017,6,2017,True,har_gpr,0.018036898290722,0.020567957153518
22,23.06.2017,6,2017,True,har_gpr,0.0181701969027365,0.020392326947396677
22,26.06.2017,6,2017,True,har_gpr,0.0182004906586426,0.01895126927317575
22,27.06.2017,6,2017,True,har_gpr,0.0182731645976381,0.01649639993264598
22,28.06.2017,6,2017,True,har_gpr,0.0181783036364015,0.017459563569602495
22,29.06.2017,6,2017,True,har_gpr,0.0182053845326678,0.016141303254096667
22,30.06.2017,6,2017,True,har_gpr,0.0182751805992958,0.01585644990930127
22,03.07.2017,6,2017,True,har_gpr,0.0169298408000391,0.01626869192246232
22,05.07.2017,6,2017,True,har_gpr,0.0142813831210238,0.018659687157888166
22,06.07.2017,6,2017,True,har_gpr,0.0143111155955798,0.020873806553397527
22,07.07.2017,6,2017,True,har_gpr,0.0123936920181751,0.018343763131243643
22,10.07.2017,6,2017,True,har_gpr,0.0124477217257463,0.02013620686312932
22,11.07.2017,6,2017,True,har_gpr,0.0130441151540848,0.019095158615945174
22,12.07.2017,6,2017,True,har_gpr,0.0130434310502898,0.019134161576610704
22,13.07.2017,6,2017,True,har_gpr,0.0143614257239297,0.01829353585028435
22,14.07.2017,6,2017,True,har_gpr,0.0142514230023973,0.01768140955886842
22,17.07.2017,6,2017,True,har_gpr,0.0142681984273646,0.01666757183743538
22,18.07.2017,6,2017,True,har_gpr,0.0144785916903471,0.017092668966932834
22,19.07.2017,6,2017,True,har_gpr,0.0155660733166445,0.016924295798494964
22,20.07.2017,6,2017,True,har_gpr,0.0161752089539502,0.017057559095452392
22,21.07.2017,6,2017,True,har_gpr,0.0149551038349203,0.016047580191015404
22,24.07.2017,6,2017,True,har_gpr,0.0150173020044447,0.017813285551382084
22,25.07.2017,6,2017,True,har_gpr,0.0138198092869784,0.018174858886031556
22,26.07.2017,6,2017,True,har_gpr,0.0135450354458962,0.020009556303770208
22,27.07.2017,6,2017,True,har_gpr,0.0135958393836093,0.0193531710030371
22,28.07.2017,6,2017,True,har_gpr,0.0128955433798328,0.01903881169072607
22,31.07.2017,6,2017,True,har_gpr,0.013675794771469,0.01870513521405679
22,01.08.2017,6,2017,True,har_gpr,0.0151939413292453,0.017225220085529847
22,02.08.2017,6,2017,True,har_gpr,0.0151560711456776,0.016008223698580556
22,03.08.2017,6,2017,True,har_gpr,0.0156607690632587,0.01444734234555514
22,04.08.2017,6,2017,True,har_gpr,0.0158883630423348,0.014688699451343051
22,07.08.2017,6,2017,True,har_gpr,0.0158983559482489,0.012952783617223417
22,08.08.2017,6,2017,True,har_gpr,0.0161666075998033,0.013755909123678946
22,09.08.2017,6,2017,True,har_gpr,0.0160333505816184,0.01390860102166636
22,10.08.2017,6,2017,True,har_gpr,0.01567211089314,0.014295954196365004
22,11.08.2017,6,2017,True,har_gpr,0.0159616963416847,0.015009969719697348
22,14.08.2017,6,2017,True,har_gpr,0.0145683820771757,0.014516516998412252
22,15.08.2017,6,2017,True,har_gpr,0.014559521353078,0.016556493270749734
22,16.08.2017,6,2017,True,har_gpr,0.0142751633738245,0.015680256671401122
22,17.08.2017,6,2017,True,har_gpr,0.0142449831024171,0.01564271186498031
22,18.08.2017,6,2017,True,har_gpr,0.01327985374376,0.01616043936517525
22,21.08.2017,6,2017,True,har_gpr,0.01222346270031,0.017304862764697917
22,22.08.2017,6,2017,True,har_gpr,0.0122472493981616,0.018853146669424264
22,23.08.2017,6,2017,True,har_gpr,0.0140322835411022,0.01726575120286584
22,24.08.2017,6,2017,True,har_gpr,0.0140189526141669,0.017418317866508017
22,25.08.2017,6,2017,True,har_gpr,0.0143486290754639,0.01744807592663781
22,28.08.2017,6,2017,True,har_gpr,0.0142810514644201,0.01643625002050287
22,29.08.2017,6,2017,True,har_gpr,0.0142798930041604,0.014863961644943538
22,30.08.2017,6,2017,True,har_gpr,0.0145419889943834,0.014599216666679564
22,31.08.2017,6,2017,True,har_gpr,0.0134792840125605,0.015880677847301412
22,01.09.2017,6,2017,True,har_gpr,0.013525116563016,0.017662205772221013
22,05.09.2017,6,2017,True,har_gpr,0.013600982869995,0.016620484861000644
22,06.09.2017,6,2017,True,har_gpr,0.0145049711286143,0.018755859356878787
22,07.09.2017,6,2017,True,har_gpr,0.0144819250233679,0.018773363504881704
22,08.09.2017,6,2017,True,har_gpr,0.014393860551934,0.017778624985162448
22,11.09.2017,6,2017,True,har_gpr,0.0144097940573561,0.018053009601014528
22,12.09.2017,6,2017,True,har_gpr,0.014687105243278,0.017190381365371685
22,13.09.2017,6,2017,True,har_gpr,0.014685055813809,0.01636019065695601
22,14.09.2017,6,2017,True,har_gpr,0.0148083730314203,0.016832888105427584
22,15.09.2017,6,2017,True,har_gpr,0.014808262763867,0.016219640886442
22,18.09.2017,6,2017,True,har_gpr,0.0147873326833718,0.01565259628197952
22,19.09.2017,6,2017,True,har_gpr,0.0151908833073519,0.012757863122317862
22,20.09.2017,6,2017,True,har_gpr,0.0146951090031645,0.01238878503531645
22,21.09.2017,6,2017,True,har_gpr,0.0147836509690831,0.013393223634035393
22,22.09.2017,6,2017,True,har_gpr,0.0151032096785036,0.012655225831114334
22,25.09.2017,6,2017,True,har_gpr,0.0127780679442151,0.012584457616080015
22,26.09.2017,6,2017,True,har_gpr,0.0129825437583332,0.016891022707351225
22,27.09.2017,6,2017,True,har_gpr,0.0133484501051211,0.01603358344951308
22,28.09.2017,6,2017,True,har_gpr,0.013188271223479,0.01634566167079868
22,29.09.2017,6,2017,True,har_gpr,0.0132306992145532,0.015701895509355617
22,02.10.2017,6,2017,True,har_gpr,0.0117293530426329,0.01473708135624611
22,03.10.2017,6,2017,True,har_gpr,0.012096281779741,0.015862986388930397
22,04.10.2017,6,2017,True,har_gpr,0.0127033340052343,0.014804974270316835
22,05.10.2017,6,2017,True,har_gpr,0.0138180836696093,0.01468224714345072
22,06.10.2017,6,2017,True,har_gpr,0.0125582010865635,0.016162849887058274
22,09.10.2017,6,2017,True,har_gpr,0.0126998978225828,0.017019197139594155
22,10.10.2017,6,2017,True,har_gpr,0.0125536420551921,0.016095752668152434
22,11.10.2017,6,2017,True,har_gpr,0.0128093116082779,0.015907262756125872
22,12.10.2017,6,2017,True,har_gpr,0.0124645737642857,0.015371178512096552
22,13.10.2017,6,2017,True,har_gpr,0.0129374584776164,0.01562934751896089
22,16.10.2017,6,2017,True,har_gpr,0.0129711630817494,0.015720313581586997
22,17.10.2017,6,2017,True,har_gpr,0.0131910723569915,0.016301613181370668
22,18.10.2017,6,2017,True,har_gpr,0.0138147702836939,0.01583375064749087
22,19.10.2017,6,2017,True,har_gpr,0.0133809316766573,0.015572577246083102
22,20.10.2017,6,2017,True,har_gpr,0.0133367761913851,0.01638761861406566
22,23.10.2017,6,2017,True,har_gpr,0.0132433668732876,0.01606810786114745
22,24.10.2017,6,2017,True,har_gpr,0.0130010011165931,0.013967010878030527
22,25.10.2017,6,2017,True,har_gpr,0.0130273858394958,0.014806085719443996
22,26.10.2017,6,2017,True,har_gpr,0.0129004729388089,0.014187061224851786
22,27.10.2017,6,2017,True,har_gpr,0.0125988781198617,0.014508411839479934
22,30.10.2017,6,2017,True,har_gpr,0.0125922737937016,0.015125252289870298
22,31.10.2017,6,2017,True,har_gpr,0.012542530181131,0.014261640826906848
22,01.11.2017,6,2017,True,har_gpr,0.0131133268671333,0.014197333615749992
22,02.11.2017,6,2017,True,har_gpr,0.0128901579914679,0.014010869709652336
22,03.11.2017,6,2017,True,har_gpr,0.013238829633116,0.014472894567209894
22,06.11.2017,6,2017,True,har_gpr,0.0112960049821316,0.014336821081147297
22,07.11.2017,6,2017,True,har_gpr,0.011972851518972,0.015295533565692672
22,08.11.2017,6,2017,True,har_gpr,0.0127076713112066,0.014803851701248079
22,09.11.2017,6,2017,True,har_gpr,0.0134523623891552,0.01471871216917491
22,10.11.2017,6,2017,True,har_gpr,0.0137221335556335,0.014235872844885403
22,13.11.2017,6,2017,True,har_gpr,0.0140178677997726,0.0142484746911393
22,14.11.2017,6,2017,True,har_gpr,0.0136043723559789,0.014692841216747979
22,15.11.2017,6,2017,True,har_gpr,0.0135387459705786,0.015603038959127388
22,16.11.2017,6,2017,True,har_gpr,0.0134105365354326,0.015367337120597669
22,17.11.2017,6,2017,True,har_gpr,0.012849778292929,0.01488852604371911
22,20.11.2017,6,2017,True,har_gpr,0.0127019814431522,0.016459369946299943
22,21.11.2017,6,2017,True,har_gpr,0.0126988785775964,0.014729929280807704
22,22.11.2017,6,2017,True,har_gpr,0.0136176366302032,0.014343727823402604
22,24.11.2017,6,2017,True,har_gpr,0.0137545931400918,0.014644482524074251
22,27.11.2017,6,2017,True,har_gpr,0.0137552678581542,0.014254418320449625
22,28.11.2017,6,2017,True,har_gpr,0.0137254784444326,0.014939940055090542
22,29.11.2017,6,2017,True,har_gpr,0.0135585209808501,0.014957410701598778
22,30.11.2017,6,2017,True,har_gpr,0.0139766466407702,0.015318231773749608
22,01.12.2017,6,2017,True,har_gpr,0.0139450012981638,0.015236727231276838
22,04.12.2017,6,2017,True,har_gpr,0.01343043632082,0.014718674599362398
22,05.12.2017,6,2017,True,har_gpr,0.0134165967209594,0.01452100074781512
22,06.12.2017,6,2017,True,har_gpr,0.0118498271542356,0.012435875953999398
22,07.12.2017,6,2017,True,har_gpr,0.0116135684456913,0.014382806611138206
22,08.12.2017,6,2017,True,har_gpr,0.0111903640503504,0.014633732428761304
22,11.12.2017,6,2017,True,har_gpr,0.0106601142337251,0.015433705534170847
22,12.12.2017,6,2017,True,har_gpr,0.009681939220148,0.015193836696745101
22,13.12.2017,6,2017,True,har_gpr,0.0087829964387317,0.01602969937570756
22,14.12.2017,6,2017,True,har_gpr,0.0086237217445595,0.01553729478827319
22,15.12.2017,6,2017,True,har_gpr,0.0090835790444314,0.015664520275184158
22,18.12.2017,6,2017,True,har_gpr,0.009095311186515,0.01499036179769921
22,19.12.2017,6,2017,True,har_gpr,0.0093103782156504,0.01391151325885317
22,20.12.2017,6,2017,True,har_gpr,0.0091977294828641,0.013707620360767283
22,21.12.2017,6,2017,True,har_gpr,0.0092686901129771,0.013721578317280896
22,22.12.2017,6,2017,True,har_gpr,0.009273199640706,0.013271186846851303
22,26.12.2017,6,2017,True,har_gpr,0.0085494020155456,0.013124551423071234
22,27.12.2017,6,2017,True,har_gpr,0.00842877592542,0.015444707146780118
22,28.12.2017,6,2017,True,har_gpr,0.0084144035469009,0.015194949599096928
22,29.12.2017,6,2017,True,har_gpr,0.0083853434901944,0.014911088521149106
22,03.01.2017,6,2017,True,har_x,0.0168700252175636,0.01626052662002678
22,04.01.2017,6,2017,True,har_x,0.0169830779504372,0.01708475259011969
22,05.01.2017,6,2017,True,har_x,0.0170496220995756,0.016826986996602667
22,06.01.2017,6,2017,True,har_x,0.0170224525733452,0.016227565644511402
22,09.01.2017,6,2017,True,har_x,0.0150116424502628,0.015518538775685233
22,10.01.2017,6,2017,True,har_x,0.0144568893140066,0.01827991397148357
22,11.01.2017,6,2017,True,har_x,0.0141338740714894,0.018050274463615616
22,12.01.2017,6,2017,True,har_x,0.013761095869387,0.017656762029164715
22,13.01.2017,6,2017,True,har_x,0.0136101538233257,0.01718841411558561
22,17.01.2017,6,2017,True,har_x,0.0136170434926965,0.016112399387227767
22,18.01.2017,6,2017,True,har_x,0.0120425086093882,0.015837341634973322
22,19.01.2017,6,2017,True,har_x,0.0123743266335038,0.01610806038850691
22,20.01.2017,6,2017,True,har_x,0.011812679841218,0.015686557933806217
22,23.01.2017,6,2017,True,har_x,0.0120650594666416,0.014842641054825908
22,24.01.2017,6,2017,True,har_x,0.0122948643126641,0.015893742304133922
22,25.01.2017,6,2017,True,har_x,0.0122024904425093,0.015150434928824692
22,26.01.2017,6,2017,True,har_x,0.0114106116494393,0.01573628073540167
22,27.01.2017,6,2017,True,har_x,0.0110718476493058,0.015366143004801509
22,30.01.2017,6,2017,True,har_x,0.0112014603100666,0.015413524911388077
22,31.01.2017,6,2017,True,har_x,0.0115082846202371,0.01657080653234997
22,01.02.2017,6,2017,True,har_x,0.0115127239769705,0.016838426208147045
22,02.02.2017,6,2017,True,har_x,0.0109644311885695,0.016347781897661257
22,03.02.2017,6,2017,True,har_x,0.0153730893984807,0.01574843981285556
22,06.02.2017,6,2017,True,har_x,0.0152822072754621,0.014875182718076592
22,07.02.2017,6,2017,True,har_x,0.0154087652060937,0.014936463248435046
22,08.02.2017,6,2017,True,har_x,0.0153901643913338,0.01498808799497695
22,09.02.2017,6,2017,True,har_x,0.0151693597205255,0.014551798206115253
22,10.02.2017,6,2017,True,har_x,0.0150484554509332,0.014128437446364004
22,13.02.2017,6,2017,True,har_x,0.014641940948929,0.013089288293478508
22,14.02.2017,6,2017,True,har_x,0.014494741596571,0.013196836273877363
22,15.02.2017,6,2017,True,har_x,0.0144955621396656,0.013381302857326922
22,16.02.2017,6,2017,True,har_x,0.0146252609770918,0.013494955567797975
22,17.02.2017,6,2017,True,har_x,0.0145505404605788,0.013245405846447487
22,21.02.2017,6,2017,True,har_x,0.0139042354114638,0.012013192923996135
22,22.02.2017,6,2017,True,har_x,0.0138921550146282,0.012842450448117007
22,23.02.2017,6,2017,True,har_x,0.0133625243001262,0.01360655985396791
22,24.02.2017,6,2017,True,har_x,0.0137377242776043,0.012790092852107934
22,27.02.2017,6,2017,True,har_x,0.014729156203927,0.01270350324138987
22,28.02.2017,6,2017,True,har_x,0.0149728849009037,0.012463182503798992
22,01.03.2017,6,2017,True,har_x,0.0149634531503634,0.012811952752832577
22,02.03.2017,6,2017,True,har_x,0.014964580433348,0.012283947832251117
22,03.03.2017,6,2017,True,har_x,0.015247505295224,0.01318865440267463
22,06.03.2017,6,2017,True,har_x,0.015267287537625,0.012991439257603706
22,07.03.2017,6,2017,True,har_x,0.0154478790752908,0.013363573447518675
22,08.03.2017,6,2017,True,har_x,0.0105539403106059,0.01305307435981811
22,09.03.2017,6,2017,True,har_x,0.0098988233018347,0.016681177542708526
22,10.03.2017,6,2017,True,har_x,0.0089409091111474,0.016481112986633982
22,13.03.2017,6,2017,True,har_x,0.0091845315215403,0.01739795022413175
22,14.03.2017,6,2017,True,har_x,0.0088073010302871,0.016629966309621574
22,15.03.2017,6,2017,True,har_x,0.0087670096320352,0.017206011087695174
22,16.03.2017,6,2017,True,har_x,0.0090654266915516,0.015449565752129513
22,17.03.2017,6,2017,True,har_x,0.0123130560567035,0.014418019841643865
22,20.03.2017,6,2017,True,har_x,0.0122849298971085,0.013712366025976967
22,21.03.2017,6,2017,True,har_x,0.012729870946465,0.014338486461995734
22,22.03.2017,6,2017,True,har_x,0.0127481727634677,0.015927977047794317
22,23.03.2017,6,2017,True,har_x,0.0128701167973962,0.015590275288303326
22,24.03.2017,6,2017,True,har_x,0.0129247041347575,0.015379267945567203
22,27.03.2017,6,2017,True,har_x,0.0130400182503265,0.016133894198409177
22,28.03.2017,6,2017,True,har_x,0.0128709774845157,0.015766192510109696
22,29.03.2017,6,2017,True,har_x,0.0120376806027867,0.015349016025522782
22,30.03.2017,6,2017,True,har_x,0.0124928930802468,0.014590787623471043
22,31.03.2017,6,2017,True,har_x,0.0126298377261252,0.014054067564256045
22,03.04.2017,6,2017,True,har_x,0.0159708335491368,0.013818007489332807
22,04.04.2017,6,2017,True,har_x,0.0156595765201841,0.013454768913765293
22,05.04.2017,6,2017,True,har_x,0.0156955878020537,0.014252842581703234
22,06.04.2017,6,2017,True,har_x,0.0154560353421422,0.013916666569229573
22,07.04.2017,6,2017,True,har_x,0.0170641259976158,0.013400756688611565
22,10.04.2017,6,2017,True,har_x,0.0169526700811006,0.01378366760342654
22,11.04.2017,6,2017,True,har_x,0.0168883300692763,0.013525973378871986
22,12.04.2017,6,2017,True,har_x,0.0176147206595185,0.013792509584152571
22,13.04.2017,6,2017,True,har_x,0.0175927487997334,0.013570264332611078
22,17.04.2017,6,2017,True,har_x,0.0177978541272404,0.01296066014355307
22,18.04.2017,6,2017,True,har_x,0.0178336939457466,0.012856952907870508
22,19.04.2017,6,2017,True,har_x,0.0167167797890019,0.013532871399088027
22,20.04.2017,6,2017,True,har_x,0.0167412592808871,0.015559618232058167
22,21.04.2017,6,2017,True,har_x,0.0161276180727972,0.014061772545604267
22,24.04.2017,6,2017,True,har_x,0.0160544910179153,0.015546916471187533
22,25.04.2017,6,2017,True,har_x,0.0190913065189898,0.015041031645549761
22,26.04.2017,6,2017,True,har_x,0.0192817685285287,0.014740424947031988
22,27.04.2017,6,2017,True,har_x,0.0192576502491575,0.014714580166239033
22,28.04.2017,6,2017,True,har_x,0.0202618547122617,0.015073355232507977
22,01.05.2017,6,2017,True,har_x,0.0202548070693405,0.014263797499275763
22,02.05.2017,6,2017,True,har_x,0.0198335727657978,0.014735911978397848
22,03.05.2017,6,2017,True,har_x,0.0198622658407114,0.016608334648965065
22,04.05.2017,6,2017,True,har_x,0.0169967077530258,0.016790041796535878
22,05.05.2017,6,2017,True,har_x,0.0190810385679048,0.018285779847575415
22,08.05.2017,6,2017,True,har_x,0.0190464275091088,0.01741393969724032
22,09.05.2017,6,2017,True,har_x,0.0189428607701934,0.017507866876469557
22,10.05.2017,6,2017,True,har_x,0.0176924576373899,0.017806055018089923
22,11.05.2017,6,2017,True,har_x,0.017628473601702,0.01784393396759564
22,12.05.2017,6,2017,True,har_x,0.019039826908527,0.017592122090821664
22,15.05.2017,6,2017,True,har_x,0.0183654035726959,0.017494956245507738
22,16.05.2017,6,2017,True,har_x,0.0186084264282161,0.017172141782638463
22,17.05.2017,6,2017,True,har_x,0.0183484252395907,0.017242401212663485
22,18.05.2017,6,2017,True,har_x,0.0184309975796289,0.017626876477852795
22,19.05.2017,6,2017,True,har_x,0.0179090568009495,0.01690614071857798
22,22.05.2017,6,2017,True,har_x,0.0180687807277807,0.015193889578949451
22,23.05.2017,6,2017,True,har_x,0.0181377008613371,0.014792720370443563
22,24.05.2017,6,2017,True,har_x,0.0183708929979836,0.015533052235346501
22,25.05.2017,6,2017,True,har_x,0.0167983351652021,0.01499239816604623
22,26.05.2017,6,2017,True,har_x,0.0168357729535033,0.016596084192920406
22,30.05.2017,6,2017,True,har_x,0.0168923646667573,0.014439824457014947
22,31.05.2017,6,2017,True,har_x,0.0161219192388105,0.015724670356445494
22,01.06.2017,6,2017,True,har_x,0.018072723279461,0.01718380088308181
22,02.06.2017,6,2017,True,har_x,0.019790401800215,0.01620703552878185
22,05.06.2017,6,2017,True,har_x,0.0197961777133963,0.017109579708237534
22,06.06.2017,6,2017,True,har_x,0.0204019584116051,0.018920260416370276
22,07.06.2017,6,2017,True,har_x,0.0185039945537291,0.01795056218635322
22,08.06.2017,6,2017,True,har_x,0.018749734841329,0.0195102126789526
22,09.06.2017,6,2017,True,har_x,0.0187291857430206,0.01888068417840032
22,12.06.2017,6,2017,True,har_x,0.0189749561369077,0.018124968980424677
22,13.06.2017,6,2017,True,har_x,0.0190030842952327,0.017559799896899375
22,14.06.2017,6,2017,True,har_x,0.0173938025713973,0.016641228313922705
22,15.06.2017,6,2017,True,har_x,0.0174469020037417,0.016754834661828536
22,16.06.2017,6,2017,True,har_x,0.0176933885746713,0.016330195012191143
22,19.06.2017,6,2017,True,har_x,0.0176430265142407,0.01398469334601235
22,20.06.2017,6,2017,True,har_x,0.0180548702522855,0.016030249959179083
22,21.06.2017,6,2017,True,har_x,0.016987108403427,0.01744877162378563
22,22.06.2017,6,2017,True,har_x,0.018036898290722,0.018056881050932387
22,23.06.2017,6,2017,True,har_x,0.0181701969027365,0.01745519100047468
22,26.06.2017,6,2017,True,har_x,0.0182004906586426,0.01698061562065092
22,27.06.2017,6,2017,True,har_x,0.0182731645976381,0.016167047707056948
22,28.06.2017,6,2017,True,har_x,0.0181783036364015,0.016599604240606754
22,29.06.2017,6,2017,True,har_x,0.0182053845326678,0.015756547226043072
22,30.06.2017,6,2017,True,har_x,0.0182751805992958,0.015418662824376716
22,03.07.2017,6,2017,True,har_x,0.0169298408000391,0.014431133352200903
22,05.07.2017,6,2017,True,har_x,0.0142813831210238,0.015558086789382315
22,06.07.2017,6,2017,True,har_x,0.0143111155955798,0.016906482071077984
22,07.07.2017,6,2017,True,har_x,0.0123936920181751,0.016694535801649268
22,10.07.2017,6,2017,True,har_x,0.0124477217257463,0.017117554545254147
22,11.07.2017,6,2017,True,har_x,0.0130441151540848,0.01689502408388781
22,12.07.2017,6,2017,True,har_x,0.0130434310502898,0.017285490155055743
22,13.07.2017,6,2017,True,har_x,0.0143614257239297,0.016561211096628177
22,14.07.2017,6,2017,True,har_x,0.0142514230023973,0.016198002351190413
22,17.07.2017,6,2017,True,har_x,0.0142681984273646,0.015363928583590827
22,18.07.2017,6,2017,True,har_x,0.0144785916903471,0.01549923702313826
22,19.07.2017,6,2017,True,har_x,0.0155660733166445,0.015092771765534712
22,20.07.2017,6,2017,True,har_x,0.0161752089539502,0.014917761179691147
22,21.07.2017,6,2017,True,har_x,0.0149551038349203,0.014618459695082022
22,24.07.2017,6,2017,True,har_x,0.0150173020044447,0.014765246433569931
22,25.07.2017,6,2017,True,har_x,0.0138198092869784,0.014944527706377784
22,26.07.2017,6,2017,True,har_x,0.0135450354458962,0.015089257048049714
22,27.07.2017,6,2017,True,har_x,0.0135958393836093,0.015074757966265262
22,28.07.2017,6,2017,True,har_x,0.0128955433798328,0.015258518567933104
22,31.07.2017,6,2017,True,har_x,0.013675794771469,0.015491443363150939
22,01.08.2017,6,2017,True,har_x,0.0151939413292453,0.015392205915893808
22,02.08.2017,6,2017,True,har_x,0.0151560711456776,0.015199631285459151
22,03.08.2017,6,2017,True,har_x,0.0156607690632587,0.01514826606900238
22,04.08.2017,6,2017,True,har_x,0.0158883630423348,0.014683021772964423
22,07.08.2017,6,2017,True,har_x,0.0158983559482489,0.014034156162904633
22,08.08.2017,6,2017,True,har_x,0.0161666075998033,0.014480729472315306
22,09.08.2017,6,2017,True,har_x,0.0160333505816184,0.014947874160546104
22,10.08.2017,6,2017,True,har_x,0.01567211089314,0.014765386599620164
22,11.08.2017,6,2017,True,har_x,0.0159616963416847,0.014921731658981648
22,14.08.2017,6,2017,True,har_x,0.0145683820771757,0.014285476033393998
22,15.08.2017,6,2017,True,har_x,0.014559521353078,0.014854666218863829
22,16.08.2017,6,2017,True,har_x,0.0142751633738245,0.014684920356041
22,17.08.2017,6,2017,True,har_x,0.0142449831024171,0.014720433990890697
22,18.08.2017,6,2017,True,har_x,0.01327985374376,0.014818977945234735
22,21.08.2017,6,2017,True,har_x,0.01222346270031,0.013853980845661213
22,22.08.2017,6,2017,True,har_x,0.0122472493981616,0.015046444692246367
22,23.08.2017,6,2017,True,har_x,0.0140322835411022,0.0143810067849288
22,24.08.2017,6,2017,True,har_x,0.0140189526141669,0.01438458214676364
22,25.08.2017,6,2017,True,har_x,0.0143486290754639,0.014688984719536835
22,28.08.2017,6,2017,True,har_x,0.0142810514644201,0.015021916282689545
22,29.08.2017,6,2017,True,har_x,0.0142798930041604,0.015553939841618996
22,30.08.2017,6,2017,True,har_x,0.0145419889943834,0.015536039164468971
22,31.08.2017,6,2017,True,har_x,0.0134792840125605,0.015304188820420627
22,01.09.2017,6,2017,True,har_x,0.013525116563016,0.014908509949596763
22,05.09.2017,6,2017,True,har_x,0.013600982869995,0.014542591261991894
22,06.09.2017,6,2017,True,har_x,0.0145049711286143,0.015435630837344283
22,07.09.2017,6,2017,True,har_x,0.0144819250233679,0.015685123485539236
22,08.09.2017,6,2017,True,har_x,0.014393860551934,0.015445713334334654
22,11.09.2017,6,2017,True,har_x,0.0144097940573561,0.015367946625630683
22,12.09.2017,6,2017,True,har_x,0.014687105243278,0.014124824477713287
22,13.09.2017,6,2017,True,har_x,0.014685055813809,0.014119131715035026
22,14.09.2017,6,2017,True,har_x,0.0148083730314203,0.013611531547862191
22,15.09.2017,6,2017,True,har_x,0.014808262763867,0.013176576671848505
22,18.09.2017,6,2017,True,har_x,0.0147873326833718,0.013528367131231189
22,19.09.2017,6,2017,True,har_x,0.0151908833073519,0.013237760501707899
22,20.09.2017,6,2017,True,har_x,0.0146951090031645,0.012173577870271969
22,21.09.2017,6,2017,True,har_x,0.0147836509690831,0.013061657642213568
22,22.09.2017,6,2017,True,har_x,0.0151032096785036,0.012454653415341728
22,25.09.2017,6,2017,True,har_x,0.0127780679442151,0.012557312507901097
22,26.09.2017,6,2017,True,har_x,0.0129825437583332,0.013816459432304713
22,27.09.2017,6,2017,True,har_x,0.0133484501051211,0.014059142602491345
22,28.09.2017,6,2017,True,har_x,0.013188271223479,0.013734931743478306
22,29.09.2017,6,2017,True,har_x,0.0132306992145532,0.013642782213284065
22,02.10.2017,6,2017,True,har_x,0.0117293530426329,0.013358072458058201
22,03.10.2017,6,2017,True,har_x,0.012096281779741,0.014121686630162006
22,04.10.2017,6,2017,True,har_x,0.0127033340052343,0.01402015710481581
22,05.10.2017,6,2017,True,har_x,0.0138180836696093,0.013475688463596975
22,06.10.2017,6,2017,True,har_x,0.0125582010865635,0.013251262988222793
22,09.10.2017,6,2017,True,har_x,0.0126998978225828,0.013964013624442132
22,10.10.2017,6,2017,True,har_x,0.0125536420551921,0.01360414029541898
22,11.10.2017,6,2017,True,har_x,0.0128093116082779,0.013081196093796866
22,12.10.2017,6,2017,True,har_x,0.0124645737642857,0.01292435247383604
22,13.10.2017,6,2017,True,har_x,0.0129374584776164,0.012654014700649356
22,16.10.2017,6,2017,True,har_x,0.0129711630817494,0.012660354430422939
22,17.10.2017,6,2017,True,har_x,0.0131910723569915,0.01312090250421839
22,18.10.2017,6,2017,True,har_x,0.0138147702836939,0.012746106002070453
22,19.10.2017,6,2017,True,har_x,0.0133809316766573,0.013108012366515232
22,20.10.2017,6,2017,True,har_x,0.0133367761913851,0.01314756971052522
22,23.10.2017,6,2017,True,har_x,0.0132433668732876,0.011998580314453762
22,24.10.2017,6,2017,True,har_x,0.0130010011165931,0.012221505397830887
22,25.10.2017,6,2017,True,har_x,0.0130273858394958,0.012618417249715432
22,26.10.2017,6,2017,True,har_x,0.0129004729388089,0.012370629071616374
22,27.10.2017,6,2017,True,har_x,0.0125988781198617,0.01239460359427321
22,30.10.2017,6,2017,True,har_x,0.0125922737937016,0.012407469408812195
22,31.10.2017,6,2017,True,har_x,0.012542530181131,0.012687861296580035
22,01.11.2017,6,2017,True,har_x,0.0131133268671333,0.012679203622018414
22,02.11.2017,6,2017,True,har_x,0.0128901579914679,0.012812220009652028
22,03.11.2017,6,2017,True,har_x,0.013238829633116,0.012880184829560598
22,06.11.2017,6,2017,True,har_x,0.0112960049821316,0.012481274145560847
22,07.11.2017,6,2017,True,har_x,0.011972851518972,0.01342018163582803
22,08.11.2017,6,2017,True,har_x,0.0127076713112066,0.014302069771838734
22,09.11.2017,6,2017,True,har_x,0.0134523623891552,0.013777599415671351
22,10.11.2017,6,2017,True,har_x,0.0137221335556335,0.014063530835309203
22,13.11.2017,6,2017,True,har_x,0.0140178677997726,0.014691149648548387
22,14.11.2017,6,2017,True,har_x,0.0136043723559789,0.015757931688772615
22,15.11.2017,6,2017,True,har_x,0.0135387459705786,0.015759863300755225
22,16.11.2017,6,2017,True,har_x,0.0134105365354326,0.015516488548594165
22,17.11.2017,6,2017,True,har_x,0.012849778292929,0.014707425082447082
22,20.11.2017,6,2017,True,har_x,0.0127019814431522,0.013874336473808112
22,21.11.2017,6,2017,True,har_x,0.0126988785775964,0.013464801591863506
22,22.11.2017,6,2017,True,har_x,0.0136176366302032,0.013120972228422574
22,24.11.2017,6,2017,True,har_x,0.0137545931400918,0.01330109620953626
22,27.11.2017,6,2017,True,har_x,0.0137552678581542,0.013313701792728604
22,28.11.2017,6,2017,True,har_x,0.0137254784444326,0.014503619007591036
22,29.11.2017,6,2017,True,har_x,0.0135585209808501,0.014409791639602538
22,30.11.2017,6,2017,True,har_x,0.0139766466407702,0.01437081802645823
22,01.12.2017,6,2017,True,har_x,0.0139450012981638,0.013112686156492354
22,04.12.2017,6,2017,True,har_x,0.01343043632082,0.011707262010831491
22,05.12.2017,6,2017,True,har_x,0.0134165967209594,0.011704876445153757
22,06.12.2017,6,2017,True,har_x,0.0118498271542356,0.011234939296922602
22,07.12.2017,6,2017,True,har_x,0.0116135684456913,0.011407863052186676
22,08.12.2017,6,2017,True,har_x,0.0111903640503504,0.011286651902268175
22,11.12.2017,6,2017,True,har_x,0.0106601142337251,0.01173845587324536
22,12.12.2017,6,2017,True,har_x,0.009681939220148,0.01088079767984601
22,13.12.2017,6,2017,True,har_x,0.0087829964387317,0.010792053416931503
22,14.12.2017,6,2017,True,har_x,0.0086237217445595,0.011146559754766375
22,15.12.2017,6,2017,True,har_x,0.0090835790444314,0.010847180110909758
22,18.12.2017,6,2017,True,har_x,0.009095311186515,0.009667481520474336
22,19.12.2017,6,2017,True,har_x,0.0093103782156504,0.00798400618599272
22,20.12.2017,6,2017,True,har_x,0.0091977294828641,0.008320520478615855
22,21.12.2017,6,2017,True,har_x,0.0092686901129771,0.00876893934779539
22,22.12.2017,6,2017,True,har_x,0.009273199640706,0.007736555424515606
22,26.12.2017,6,2017,True,har_x,0.0085494020155456,0.008603605874570134
22,27.12.2017,6,2017,True,har_x,0.00842877592542,0.009967117598714804
22,28.12.2017,6,2017,True,har_x,0.0084144035469009,0.009539991402130615
22,29.12.2017,6,2017,True,har_x,0.0083853434901944,0.009536399913745972
66,03.01.2017,6,2017,True,har,0.0144545478082383,0.020584716809927062
66,04.01.2017,6,2017,True,har,0.0143816151139491,0.017016165213120216
66,05.01.2017,6,2017,True,har,0.014360917664402,0.017406565645688214
66,06.01.2017,6,2017,True,har,0.0143741783638172,0.016776486549128014
66,09.01.2017,6,2017,True,har,0.0135568221128489,0.016218671183573594
66,10.01.2017,6,2017,True,har,0.0132739696997448,0.019309766051232784
66,11.01.2017,6,2017,True,har,0.0129015704499715,0.019486077183969032
66,12.01.2017,6,2017,True,har,0.0134877873780326,0.019829273579794207
66,13.01.2017,6,2017,True,har,0.0134407005246176,0.019866568696339196
66,17.01.2017,6,2017,True,har,0.0136404580152174,0.0187840543394715
66,18.01.2017,6,2017,True,har,0.0132285250856099,0.018066469440388346
66,19.01.2017,6,2017,True,har,0.0132748422689815,0.019203688721083842
66,20.01.2017,6,2017,True,har,0.0129179149588763,0.01825747640817535
66,23.01.2017,6,2017,True,har,0.0129336753478191,0.019409219905247927
66,24.01.2017,6,2017,True,har,0.0129462108884435,0.018650830300437557
66,25.01.2017,6,2017,True,har,0.0129338173081367,0.018553128918888186
66,26.01.2017,6,2017,True,har,0.0128665955612979,0.018211902275807705
66,27.01.2017,6,2017,True,har,0.0128273950425471,0.018861079747060295
66,30.01.2017,6,2017,True,har,0.0140797074653057,0.018696414383084843
66,31.01.2017,6,2017,True,har,0.0141728740208892,0.018514008729572054
66,01.02.2017,6,2017,True,har,0.0141968256577653,0.018701080464240395
66,02.02.2017,6,2017,True,har,0.014077751051308,0.01834420300327451
66,03.02.2017,6,2017,True,har,0.014610661416301,0.01859425638074296
66,06.02.2017,6,2017,True,har,0.0145275153198159,0.018047708693443788
66,07.02.2017,6,2017,True,har,0.0144695737177799,0.01905621746090759
66,08.02.2017,6,2017,True,har,0.0146812426464209,0.017752646265905773
66,09.02.2017,6,2017,True,har,0.0146288738919355,0.016883142767641288
66,10.02.2017,6,2017,True,har,0.0144881653337493,0.01633155912326005
66,13.02.2017,6,2017,True,har,0.0143257643972561,0.01692886577404262
66,14.02.2017,6,2017,True,har,0.014541348439367,0.017268039164597446
66,15.02.2017,6,2017,True,har,0.014550965617574,0.016884579037257232
66,16.02.2017,6,2017,True,har,0.014566906612912,0.015920675406180026
66,17.02.2017,6,2017,True,har,0.014565959805931,0.015835105240581307
66,21.02.2017,6,2017,True,har,0.015536354401376,0.014929740858021616
66,22.02.2017,6,2017,True,har,0.0155534142976012,0.015302528770373053
66,23.02.2017,6,2017,True,har,0.0154626708787183,0.015777158493583788
66,24.02.2017,6,2017,True,har,0.0158217710552001,0.015937065787606217
66,27.02.2017,6,2017,True,har,0.0158235890729463,0.015612400482955806
66,28.02.2017,6,2017,True,har,0.0158311171817839,0.015155358275714209
66,01.03.2017,6,2017,True,har,0.0158601739562465,0.015122576402483153
66,02.03.2017,6,2017,True,har,0.0159346607287408,0.014756889255671118
66,03.03.2017,6,2017,True,har,0.0165652056784239,0.014834806722507279
66,06.03.2017,6,2017,True,har,0.0165581725127948,0.01522130430854249
66,07.03.2017,6,2017,True,har,0.0165904150544185,0.01486068215212877
66,08.03.2017,6,2017,True,har,0.0154137775664177,0.014332327178120432
66,09.03.2017,6,2017,True,har,0.0153330505547726,0.01948067415405303
66,10.03.2017,6,2017,True,har,0.015823376292249,0.018799965945182816
66,13.03.2017,6,2017,True,har,0.0158229795295618,0.018467317366376246
66,14.03.2017,6,2017,True,har,0.0158543522297613,0.017516904568967512
66,15.03.2017,6,2017,True,har,0.0157201402725235,0.017445105774835032
66,16.03.2017,6,2017,True,har,0.0158694964483004,0.01766126670134644
66,17.03.2017,6,2017,True,har,0.0161538522954195,0.017122503536884926
66,20.03.2017,6,2017,True,har,0.0162109648380878,0.016923224597959204
66,21.03.2017,6,2017,True,har,0.0161910348973023,0.016954703846995656
66,22.03.2017,6,2017,True,har,0.0162106385533372,0.016989012272403445
66,23.03.2017,6,2017,True,har,0.0163828101761354,0.016354099392819642
66,24.03.2017,6,2017,True,har,0.0164747422108718,0.015889753501898134
66,27.03.2017,6,2017,True,har,0.0164800597319818,0.01613179441332229
66,28.03.2017,6,2017,True,har,0.0164702873092039,0.01604067476181457
66,29.03.2017,6,2017,True,har,0.0168796549125901,0.016582728565677798
66,30.03.2017,6,2017,True,har,0.0174545982065818,0.017587617810409184
66,31.03.2017,6,2017,True,har,0.0174835097186549,0.017326097209253814
66,03.04.2017,6,2017,True,har,0.0177993377393088,0.01693790798231999
66,04.04.2017,6,2017,True,har,0.0176099473426248,0.016988869821061944
66,05.04.2017,6,2017,True,har,0.0177032319272958,0.017883599355411513
66,06.04.2017,6,2017,True,har,0.0176623783919338,0.014503134593501745
66,07.04.2017,6,2017,True,har,0.0177456469710431,0.014230250525364651
66,10.04.2017,6,2017,True,har,0.0177071190754099,0.0134931311418875
66,11.04.2017,6,2017,True,har,0.0177153304663209,0.013778423216333859
66,12.04.2017,6,2017,True,har,0.0177572017528449,0.013123649632317061
66,13.04.2017,6,2017,True,har,0.0179163004416814,0.013330806476582423
66,17.04.2017,6,2017,True,har,0.0179075530910348,0.013131360049064164
66,18.04.2017,6,2017,True,har,0.0181262912173083,0.013750787810544568
66,19.04.2017,6,2017,True,har,0.017679391099092,0.013690575533005228
66,20.04.2017,6,2017,True,har,0.0181576105899456,0.016653327889701492
66,21.04.2017,6,2017,True,har,0.0181088834077821,0.01571325189818657
66,24.04.2017,6,2017,True,har,0.0181344502764942,0.016647146556646068
66,25.04.2017,6,2017,True,har,0.0182605847167706,0.01638545708442385
66,26.04.2017,6,2017,True,har,0.0182497234127796,0.016767928700631252
66,27.04.2017,6,2017,True,har,0.0182252065741357,0.01610085564501617
66,28.04.2017,6,2017,True,har,0.018225440455189,0.015674865172359203
66,01.05.2017,6,2017,True,har,0.018237802428793,0.015368508528698699
66,02.05.2017,6,2017,True,har,0.0180720592018376,0.01530490350682392
66,03.05.2017,6,2017,True,har,0.0180576674976592,0.016226278844365505
66,04.05.2017,6,2017,True,har,0.0169980323171779,0.015474234924079507
66,05.05.2017,6,2017,True,har,0.0169549517529417,0.019350382610579118
66,08.05.2017,6,2017,True,har,0.0170667800175643,0.01875667168069753
66,09.05.2017,6,2017,True,har,0.016990460082127,0.018521437669917755
66,10.05.2017,6,2017,True,har,0.016931122732087,0.018351093683627695
66,11.05.2017,6,2017,True,har,0.0168787035579773,0.02022370003931121
66,12.05.2017,6,2017,True,har,0.016927023020536,0.0189618191613364
66,15.05.2017,6,2017,True,har,0.0168628133999032,0.0187210745132838
66,16.05.2017,6,2017,True,har,0.0173342641365966,0.019650496541752577
66,17.05.2017,6,2017,True,har,0.0174672920277113,0.01902121472799967
66,18.05.2017,6,2017,True,har,0.017459826082801,0.018058708577507347
66,19.05.2017,6,2017,True,har,0.0173477114402137,0.017946431496190917
66,22.05.2017,6,2017,True,har,0.0173773889525062,0.018425294556029162
66,23.05.2017,6,2017,True,har,0.0173885636097034,0.017875174381481226
66,24.05.2017,6,2017,True,har,0.0174239402596308,0.017705601033538045
66,25.05.2017,6,2017,True,har,0.0164125758829062,0.01777340350079267
66,26.05.2017,6,2017,True,har,0.0165554239312888,0.021873248628344243
66,30.05.2017,6,2017,True,har,0.0169410085697803,0.020967157953010303
66,31.05.2017,6,2017,True,har,0.0165190108902206,0.020742039398905687
66,01.06.2017,6,2017,True,har,0.0166917762799813,0.021739602598332047
66,02.06.2017,6,2017,True,har,0.0167499163491126,0.020958388490029706
66,05.06.2017,6,2017,True,har,0.0167015027444266,0.018774867614763106
66,06.06.2017,6,2017,True,har,0.0167327418361946,0.018485188010624168
66,07.06.2017,6,2017,True,har,0.0158447421343167,0.01897034581103137
66,08.06.2017,6,2017,True,har,0.0158456817333304,0.02130021897224806
66,09.06.2017,6,2017,True,har,0.015936478653605,0.01951042315302781
66,12.06.2017,6,2017,True,har,0.0159421462387736,0.019561460596272076
66,13.06.2017,6,2017,True,har,0.0159199453296873,0.019516012356073607
66,14.06.2017,6,2017,True,har,0.0152099932032584,0.019343506394016052
66,15.06.2017,6,2017,True,har,0.0152387538630102,0.02069665194942933
66,16.06.2017,6,2017,True,har,0.0153788520233782,0.01961022362789494
66,19.06.2017,6,2017,True,har,0.0153009620320705,0.019928814086320287
66,20.06.2017,6,2017,True,har,0.0150628899572931,0.019376084417972762
66,21.06.2017,6,2017,True,har,0.015175935686794,0.01953173308506321
66,22.06.2017,6,2017,True,har,0.0152617209114135,0.01961693647856277
66,23.06.2017,6,2017,True,har,0.0153418299974063,0.019522231360835744
66,26.06.2017,6,2017,True,har,0.015410183092323,0.018286075162437312
66,27.06.2017,6,2017,True,har,0.0153063133058348,0.01814251201509548
66,28.06.2017,6,2017,True,har,0.0156306153652945,0.018940321120084466
66,29.06.2017,6,2017,True,har,0.0156414295031857,0.017764073878953887
66,30.06.2017,6,2017,True,har,0.0156270022297226,0.017556626541021993
66,03.07.2017,6,2017,True,har,0.0152365206250185,0.017888350018415964
66,05.07.2017,6,2017,True,har,0.0147406313887608,0.02004783322527124
66,06.07.2017,6,2017,True,har,0.0147308329776421,0.022009184789948885
66,07.07.2017,6,2017,True,har,0.01426026303117,0.019919156598957363
66,10.07.2017,6,2017,True,har,0.0142644797685435,0.021415107188563435
66,11.07.2017,6,2017,True,har,0.0143217652531557,0.020667242207177763
66,12.07.2017,6,2017,True,har,0.0144183927667337,0.020644949619800818
66,13.07.2017,6,2017,True,har,0.0143880369391776,0.019916645415232553
66,14.07.2017,6,2017,True,har,0.0143596812275742,0.01936987254444708
66,17.07.2017,6,2017,True,har,0.0142747184192155,0.018451866623080966
66,18.07.2017,6,2017,True,har,0.014439202345626,0.018845121180875495
66,19.07.2017,6,2017,True,har,0.0143410886094302,0.018701371801253478
66,20.07.2017,6,2017,True,har,0.0143258055912973,0.01879836587331396
66,21.07.2017,6,2017,True,har,0.0140034467485291,0.017961627293188977
66,24.07.2017,6,2017,True,har,0.0139659972467632,0.019453515147231773
66,25.07.2017,6,2017,True,har,0.0135515866855499,0.019154775736144318
66,26.07.2017,6,2017,True,har,0.0136146580249997,0.020697472027721323
66,27.07.2017,6,2017,True,har,0.0135963511810612,0.020178159057347198
66,28.07.2017,6,2017,True,har,0.0134405654714363,0.019916162132181607
66,31.07.2017,6,2017,True,har,0.0134481152681795,0.019550028694186414
66,01.08.2017,6,2017,True,har,0.0135437756261661,0.01921413812661719
66,02.08.2017,6,2017,True,har,0.0137671163912977,0.018161853450053216
66,03.08.2017,6,2017,True,har,0.014276155681814,0.016813736668169425
66,04.08.2017,6,2017,True,har,0.0143431862742034,0.0170205722947218
66,07.08.2017,6,2017,True,har,0.014354892665103,0.015504896626075007
66,08.08.2017,6,2017,True,har,0.0143336607921616,0.015352974169490176
66,09.08.2017,6,2017,True,har,0.0143489836732744,0.015475674505388578
66,10.08.2017,6,2017,True,har,0.0142102806010023,0.01579970320385069
66,11.08.2017,6,2017,True,har,0.0143837888403604,0.016413036482395796
66,14.08.2017,6,2017,True,har,0.0139490664877872,0.01601669152378171
66,15.08.2017,6,2017,True,har,0.0140168888715929,0.01769147167850415
66,16.08.2017,6,2017,True,har,0.014109431819497,0.017007946789698244
66,17.08.2017,6,2017,True,har,0.0141013420341758,0.0169387770991329
66,18.08.2017,6,2017,True,har,0.0136133766947842,0.017386437921546167
66,21.08.2017,6,2017,True,har,0.0133546206149091,0.018353701932482362
66,22.08.2017,6,2017,True,har,0.0133707420466262,0.018413098723351756
66,23.08.2017,6,2017,True,har,0.0133153970745819,0.017092375211016263
66,24.08.2017,6,2017,True,har,0.013240842843687,0.017191731958108844
66,25.08.2017,6,2017,True,har,0.0132986909897504,0.01723164501475525
66,28.08.2017,6,2017,True,har,0.0132126864107509,0.01633990062196433
66,29.08.2017,6,2017,True,har,0.0132229888199055,0.016296309033198404
66,30.08.2017,6,2017,True,har,0.0130748291711107,0.016089336909370453
66,31.08.2017,6,2017,True,har,0.0126624783150046,0.01714161630870511
66,01.09.2017,6,2017,True,har,0.0131556531442491,0.018688012711818892
66,05.09.2017,6,2017,True,har,0.0130791391008306,0.017867409138130178
66,06.09.2017,6,2017,True,har,0.0131463749821133,0.018777044080879397
66,07.09.2017,6,2017,True,har,0.0133228286742883,0.01880619465524198
66,08.09.2017,6,2017,True,har,0.0135024823166276,0.017941241383597543
66,11.09.2017,6,2017,True,har,0.0136590599928867,0.0181613127112676
66,12.09.2017,6,2017,True,har,0.013715961561881,0.01782410383291354
66,13.09.2017,6,2017,True,har,0.0136113571699787,0.01708156752304263
66,14.09.2017,6,2017,True,har,0.0136045645312305,0.017466829000953532
66,15.09.2017,6,2017,True,har,0.0136137303772757,0.016968448161518324
66,18.09.2017,6,2017,True,har,0.013653809417455,0.016467288203103985
66,19.09.2017,6,2017,True,har,0.0136174074017237,0.015674981846049367
66,20.09.2017,6,2017,True,har,0.0134323941155245,0.015355547514673216
66,21.09.2017,6,2017,True,har,0.013767563684267,0.01618748385292732
66,22.09.2017,6,2017,True,har,0.0138226368498315,0.01560180615291894
66,25.09.2017,6,2017,True,har,0.0131185797427891,0.015527970879009072
66,26.09.2017,6,2017,True,har,0.0130449080732506,0.017873879494180452
66,27.09.2017,6,2017,True,har,0.0129726850034181,0.017215148852660275
66,28.09.2017,6,2017,True,har,0.0130658504823238,0.01749016709509351
66,29.09.2017,6,2017,True,har,0.013066227861425,0.016943737480941513
66,02.10.2017,6,2017,True,har,0.0126601827082175,0.016130772541057704
66,03.10.2017,6,2017,True,har,0.0126451383880312,0.01694822697209828
66,04.10.2017,6,2017,True,har,0.0127088012361168,0.016103030409456952
66,05.10.2017,6,2017,True,har,0.0125099572883106,0.015994651205306337
66,06.10.2017,6,2017,True,har,0.0120343304586047,0.017245948808375655
66,09.10.2017,6,2017,True,har,0.0120529086189408,0.017984854136860753
66,10.10.2017,6,2017,True,har,0.01208802741393,0.01723651007920846
66,11.10.2017,6,2017,True,har,0.0120830991345176,0.017755415429412585
66,12.10.2017,6,2017,True,har,0.0119444885388521,0.01731707362328233
66,13.10.2017,6,2017,True,har,0.0119420220086421,0.017513216470484774
66,16.10.2017,6,2017,True,har,0.0119018754594957,0.01756191481287079
66,17.10.2017,6,2017,True,har,0.0119723811198238,0.017511689957605797
66,18.10.2017,6,2017,True,har,0.0119878727309937,0.01713441952294459
66,19.10.2017,6,2017,True,har,0.0117682207659837,0.016900208764963676
66,20.10.2017,6,2017,True,har,0.0117467921616401,0.017576781274841455
66,23.10.2017,6,2017,True,har,0.0119005958551307,0.017313877117435532
66,24.10.2017,6,2017,True,har,0.0118292783500682,0.01576203328872867
66,25.10.2017,6,2017,True,har,0.0118318781307267,0.016469692311422826
66,26.10.2017,6,2017,True,har,0.0117374841429223,0.015976649312909784
66,27.10.2017,6,2017,True,har,0.011606589236423,0.01620440755120821
66,30.10.2017,6,2017,True,har,0.0117496085834754,0.0167290056554371
66,31.10.2017,6,2017,True,har,0.0118301368142651,0.015290875205782968
66,01.11.2017,6,2017,True,har,0.01212455762667,0.015233767713277668
66,02.11.2017,6,2017,True,har,0.0121208056613046,0.015095292978815735
66,03.11.2017,6,2017,True,har,0.0124399669211997,0.015481812501089272
66,06.11.2017,6,2017,True,har,0.0116667547773061,0.015338040168706765
66,07.11.2017,6,2017,True,har,0.0116199704969561,0.01700971480726178
66,08.11.2017,6,2017,True,har,0.0120471305313912,0.016665445684401207
66,09.11.2017,6,2017,True,har,0.0120181948138859,0.016609058638704068
66,10.11.2017,6,2017,True,har,0.0120278811590036,0.01617305348326199
66,13.11.2017,6,2017,True,har,0.0120264619072392,0.016183350096829984
66,14.11.2017,6,2017,True,har,0.011868583776432,0.015468636610653147
66,15.11.2017,6,2017,True,har,0.0119651638101566,0.01623311519325412
66,16.11.2017,6,2017,True,har,0.0120078003107523,0.016056259587659404
66,17.11.2017,6,2017,True,har,0.0117326509679151,0.01562034107689061
66,20.11.2017,6,2017,True,har,0.0118077519701564,0.01697886261836691
66,21.11.2017,6,2017,True,har,0.0119157279122767,0.016655094703365885
66,22.11.2017,6,2017,True,har,0.0118355929938987,0.01632314036885075
66,24.11.2017,6,2017,True,har,0.0120750903005001,0.016565187761500184
66,27.11.2017,6,2017,True,har,0.0122740306066952,0.016229499624963284
66,28.11.2017,6,2017,True,har,0.0122707263482436,0.01555238092951225
66,29.11.2017,6,2017,True,har,0.0125471818124613,0.015551853822455062
66,30.11.2017,6,2017,True,har,0.0125980262013768,0.015859070874208105
66,01.12.2017,6,2017,True,har,0.013096317179605,0.015785093330957584
66,04.12.2017,6,2017,True,har,0.0129706055409009,0.015349442334477877
66,05.12.2017,6,2017,True,har,0.012965621690308,0.0157546003881647
66,06.12.2017,6,2017,True,har,0.0125290239991496,0.013995361881024017
66,07.12.2017,6,2017,True,har,0.0123930794606099,0.015636504582669936
66,08.12.2017,6,2017,True,har,0.0123394564551951,0.015890407255774636
66,11.12.2017,6,2017,True,har,0.0121015584588056,0.01658280861641721
66,12.12.2017,6,2017,True,har,0.0120532853234331,0.01696282470867094
66,13.12.2017,6,2017,True,har,0.0124172886412222,0.017695156158924693
66,14.12.2017,6,2017,True,har,0.0123786056573757,0.017275767807005453
66,15.12.2017,6,2017,True,har,0.012636057908302,0.01738508791726047
66,18.12.2017,6,2017,True,har,0.0126590478336537,0.016830435709706278
66,19.12.2017,6,2017,True,har,0.0126474678106849,0.016159252578593245
66,20.12.2017,6,2017,True,har,0.012635427905823,0.01595981270168552
66,21.12.2017,6,2017,True,har,0.0126792259601712,0.015938059747672585
66,22.12.2017,6,2017,True,har,0.0135600499310041,0.015562240176167936
66,26.12.2017,6,2017,True,har,0.0131857170615426,0.015429434621876098
66,27.12.2017,6,2017,True,har,0.0131402861913005,0.017046657296125003
66,28.12.2017,6,2017,True,har,0.0131418936353873,0.01689663672535715
66,29.12.2017,6,2017,True,har,0.0133331120542675,0.016664269919553637
66,03.01.2017,6,2017,True,har_ovx,0.0144545478082383,0.016986579520544477
66,04.01.2017,6,2017,True,har_ovx,0.0143816151139491,0.01798220640904115
66,05.01.2017,6,2017,True,har_ovx,0.014360917664402,0.017775586438268907
66,06.01.2017,6,2017,True,har_ovx,0.0143741783638172,0.01728737207407194
66,09.01.2017,6,2017,True,har_ovx,0.0135568221128489,0.016693985651178876
66,10.01.2017,6,2017,True,har_ovx,0.0132739696997448,0.01872696708318689
66,11.01.2017,6,2017,True,har_ovx,0.0129015704499715,0.018585240632965627
66,12.01.2017,6,2017,True,har_ovx,0.0134877873780326,0.01829889918115424
66,13.01.2017,6,2017,True,har_ovx,0.0134407005246176,0.017946976916633273
66,17.01.2017,6,2017,True,har_ovx,0.0136404580152174,0.017043360579964084
66,18.01.2017,6,2017,True,har_ovx,0.0132285250856099,0.017178309195761046
66,19.01.2017,6,2017,True,har_ovx,0.0132748422689815,0.017405369434449543
66,20.01.2017,6,2017,True,har_ovx,0.0129179149588763,0.01700807318808364
66,23.01.2017,6,2017,True,har_ovx,0.0129336753478191,0.016344335068277482
66,24.01.2017,6,2017,True,har_ovx,0.0129462108884435,0.016989361194262913
66,25.01.2017,6,2017,True,har_ovx,0.0129338173081367,0.016378405397424776
66,26.01.2017,6,2017,True,har_ovx,0.0128665955612979,0.016759966548359675
66,27.01.2017,6,2017,True,har_ovx,0.0128273950425471,0.016476747734581586
66,30.01.2017,6,2017,True,har_ovx,0.0140797074653057,0.01650715934218231
66,31.01.2017,6,2017,True,har_ovx,0.0141728740208892,0.017032697281612143
66,01.02.2017,6,2017,True,har_ovx,0.0141968256577653,0.0172589412456459
66,02.02.2017,6,2017,True,har_ovx,0.014077751051308,0.01685107921032753
66,03.02.2017,6,2017,True,har_ovx,0.014610661416301,0.016319896287999545
66,06.02.2017,6,2017,True,har_ovx,0.0145275153198159,0.015565168457269827
66,07.02.2017,6,2017,True,har_ovx,0.0144695737177799,0.016358316126703645
66,08.02.2017,6,2017,True,har_ovx,0.0146812426464209,0.01638802682759026
66,09.02.2017,6,2017,True,har_ovx,0.0146288738919355,0.01602560325805142
66,10.02.2017,6,2017,True,har_ovx,0.0144881653337493,0.015626490652804945
66,13.02.2017,6,2017,True,har_ovx,0.0143257643972561,0.014818078932023327
66,14.02.2017,6,2017,True,har_ovx,0.014541348439367,0.015116390712921984
66,15.02.2017,6,2017,True,har_ovx,0.014550965617574,0.015261647365211989
66,16.02.2017,6,2017,True,har_ovx,0.014566906612912,0.015341260832870296
66,17.02.2017,6,2017,True,har_ovx,0.014565959805931,0.015130905941229367
66,21.02.2017,6,2017,True,har_ovx,0.015536354401376,0.014040663045852397
66,22.02.2017,6,2017,True,har_ovx,0.0155534142976012,0.014371686217351156
66,23.02.2017,6,2017,True,har_ovx,0.0154626708787183,0.015054207612802552
66,24.02.2017,6,2017,True,har_ovx,0.0158217710552001,0.01440477395794527
66,27.02.2017,6,2017,True,har_ovx,0.0158235890729463,0.01434792605031051
66,28.02.2017,6,2017,True,har_ovx,0.0158311171817839,0.013913495191228633
66,01.03.2017,6,2017,True,har_ovx,0.0158601739562465,0.014156990326544763
66,02.03.2017,6,2017,True,har_ovx,0.0159346607287408,0.013699070626628592
66,03.03.2017,6,2017,True,har_ovx,0.0165652056784239,0.01437823179390281
66,06.03.2017,6,2017,True,har_ovx,0.0165581725127948,0.014275257703870848
66,07.03.2017,6,2017,True,har_ovx,0.0165904150544185,0.01486578763080505
66,08.03.2017,6,2017,True,har_ovx,0.0154137775664177,0.01459096676523381
66,09.03.2017,6,2017,True,har_ovx,0.0153330505547726,0.01783770318434057
66,10.03.2017,6,2017,True,har_ovx,0.015823376292249,0.017710903676113318
66,13.03.2017,6,2017,True,har_ovx,0.0158229795295618,0.0184031148027701
66,14.03.2017,6,2017,True,har_ovx,0.0158543522297613,0.017733279522104777
66,15.03.2017,6,2017,True,har_ovx,0.0157201402725235,0.018179298082012536
66,16.03.2017,6,2017,True,har_ovx,0.0158694964483004,0.016656718762410785
66,17.03.2017,6,2017,True,har_ovx,0.0161538522954195,0.0157950833102526
66,20.03.2017,6,2017,True,har_ovx,0.0162109648380878,0.015174678628837208
66,21.03.2017,6,2017,True,har_ovx,0.0161910348973023,0.015523199458426165
66,22.03.2017,6,2017,True,har_ovx,0.0162106385533372,0.01683230030504094
66,23.03.2017,6,2017,True,har_ovx,0.0163828101761354,0.016475990017531916
66,24.03.2017,6,2017,True,har_ovx,0.0164747422108718,0.01629791618211611
66,27.03.2017,6,2017,True,har_ovx,0.0164800597319818,0.01693600823717404
66,28.03.2017,6,2017,True,har_ovx,0.0164702873092039,0.016803289308138226
66,29.03.2017,6,2017,True,har_ovx,0.0168796549125901,0.01646028028352404
66,30.03.2017,6,2017,True,har_ovx,0.0174545982065818,0.01588076505179204
66,31.03.2017,6,2017,True,har_ovx,0.0174835097186549,0.015432649378515597
66,03.04.2017,6,2017,True,har_ovx,0.0177993377393088,0.015260070267498907
66,04.04.2017,6,2017,True,har_ovx,0.0176099473426248,0.01492467730309228
66,05.04.2017,6,2017,True,har_ovx,0.0177032319272958,0.015597529614234665
66,06.04.2017,6,2017,True,har_ovx,0.0176623783919338,0.015244138853066622
66,07.04.2017,6,2017,True,har_ovx,0.0177456469710431,0.014803507004780647
66,10.04.2017,6,2017,True,har_ovx,0.0177071190754099,0.015082068250973232
66,11.04.2017,6,2017,True,har_ovx,0.0177153304663209,0.014761051685243458
66,12.04.2017,6,2017,True,har_ovx,0.0177572017528449,0.01494896014377825
66,13.04.2017,6,2017,True,har_ovx,0.0179163004416814,0.014813163689239378
66,17.04.2017,6,2017,True,har_ovx,0.0179075530910348,0.01431356300444142
66,18.04.2017,6,2017,True,har_ovx,0.0181262912173083,0.014293392627985574
66,19.04.2017,6,2017,True,har_ovx,0.017679391099092,0.014810987266272963
66,20.04.2017,6,2017,True,har_ovx,0.0181576105899456,0.016611068058105614
66,21.04.2017,6,2017,True,har_ovx,0.0181088834077821,0.015423310308727055
66,24.04.2017,6,2017,True,har_ovx,0.0181344502764942,0.01662646701680915
66,25.04.2017,6,2017,True,har_ovx,0.0182605847167706,0.016444782040132246
66,26.04.2017,6,2017,True,har_ovx,0.0182497234127796,0.01624888903377061
66,27.04.2017,6,2017,True,har_ovx,0.0182252065741357,0.016124034553714153
66,28.04.2017,6,2017,True,har_ovx,0.018225440455189,0.016401016631931067
66,01.05.2017,6,2017,True,har_ovx,0.018237802428793,0.0156983635877192
66,02.05.2017,6,2017,True,har_ovx,0.0180720592018376,0.01612004402835228
66,03.05.2017,6,2017,True,har_ovx,0.0180576674976592,0.017683278998976298
66,04.05.2017,6,2017,True,har_ovx,0.0169980323171779,0.017857570570610614
66,05.05.2017,6,2017,True,har_ovx,0.0169549517529417,0.01927266833946295
66,08.05.2017,6,2017,True,har_ovx,0.0170667800175643,0.01861787122463103
66,09.05.2017,6,2017,True,har_ovx,0.016990460082127,0.01855895629179749
66,10.05.2017,6,2017,True,har_ovx,0.016931122732087,0.018779746552188333
66,11.05.2017,6,2017,True,har_ovx,0.0168787035579773,0.01889244421514025
66,12.05.2017,6,2017,True,har_ovx,0.016927023020536,0.018493356547660572
66,15.05.2017,6,2017,True,har_ovx,0.0168628133999032,0.018422413350793573
66,16.05.2017,6,2017,True,har_ovx,0.0173342641365966,0.018264983139485942
66,17.05.2017,6,2017,True,har_ovx,0.0174672920277113,0.01829421531731456
66,18.05.2017,6,2017,True,har_ovx,0.017459826082801,0.018516146563504945
66,19.05.2017,6,2017,True,har_ovx,0.0173477114402137,0.017926046383145596
66,22.05.2017,6,2017,True,har_ovx,0.0173773889525062,0.016522821169129065
66,23.05.2017,6,2017,True,har_ovx,0.0173885636097034,0.01680961451890306
66,24.05.2017,6,2017,True,har_ovx,0.0174239402596308,0.017387130320649195
66,25.05.2017,6,2017,True,har_ovx,0.0164125758829062,0.016972637801409632
66,26.05.2017,6,2017,True,har_ovx,0.0165554239312888,0.01854472190992268
66,30.05.2017,6,2017,True,har_ovx,0.0169410085697803,0.016778926398399806
66,31.05.2017,6,2017,True,har_ovx,0.0165190108902206,0.016849366216053485
66,01.06.2017,6,2017,True,har_ovx,0.0166917762799813,0.018043596561854947
66,02.06.2017,6,2017,True,har_ovx,0.0167499163491126,0.017271920696132804
66,05.06.2017,6,2017,True,har_ovx,0.0167015027444266,0.01783906407330933
66,06.06.2017,6,2017,True,har_ovx,0.0167327418361946,0.01844242608156136
66,07.06.2017,6,2017,True,har_ovx,0.0158447421343167,0.017706414004270622
66,08.06.2017,6,2017,True,har_ovx,0.0158456817333304,0.019062290559328697
66,09.06.2017,6,2017,True,har_ovx,0.015936478653605,0.0185521366464167
66,12.06.2017,6,2017,True,har_ovx,0.0159421462387736,0.017945896768623293
66,13.06.2017,6,2017,True,har_ovx,0.0159199453296873,0.018608166257795735
66,14.06.2017,6,2017,True,har_ovx,0.0152099932032584,0.0178292985836388
66,15.06.2017,6,2017,True,har_ovx,0.0152387538630102,0.017881056749703642
66,16.06.2017,6,2017,True,har_ovx,0.0153788520233782,0.017557104605980645
66,19.06.2017,6,2017,True,har_ovx,0.0153009620320705,0.01563062376401615
66,20.06.2017,6,2017,True,har_ovx,0.0150628899572931,0.01682102282245265
66,21.06.2017,6,2017,True,har_ovx,0.015175935686794,0.01796027989928663
66,22.06.2017,6,2017,True,har_ovx,0.0152617209114135,0.018411193209753707
66,23.06.2017,6,2017,True,har_ovx,0.0153418299974063,0.017967013608499106
66,26.06.2017,6,2017,True,har_ovx,0.015410183092323,0.017541912980575888
66,27.06.2017,6,2017,True,har_ovx,0.0153063133058348,0.017462930651735088
66,28.06.2017,6,2017,True,har_ovx,0.0156306153652945,0.017822711772573982
66,29.06.2017,6,2017,True,har_ovx,0.0156414295031857,0.016951145276003325
66,30.06.2017,6,2017,True,har_ovx,0.0156270022297226,0.01670296300539684
66,03.07.2017,6,2017,True,har_ovx,0.0152365206250185,0.015884483261161576
66,05.07.2017,6,2017,True,har_ovx,0.0147406313887608,0.016945697759684162
66,06.07.2017,6,2017,True,har_ovx,0.0147308329776421,0.018290092470216627
66,07.07.2017,6,2017,True,har_ovx,0.01426026303117,0.018108059176028854
66,10.07.2017,6,2017,True,har_ovx,0.0142644797685435,0.018506988694961188
66,11.07.2017,6,2017,True,har_ovx,0.0143217652531557,0.0183368378318914
66,12.07.2017,6,2017,True,har_ovx,0.0144183927667337,0.018557516253361585
66,13.07.2017,6,2017,True,har_ovx,0.0143880369391776,0.017870475329491264
66,14.07.2017,6,2017,True,har_ovx,0.0143596812275742,0.017558373731577665
66,17.07.2017,6,2017,True,har_ovx,0.0142747184192155,0.016688100421529326
66,18.07.2017,6,2017,True,har_ovx,0.014439202345626,0.016894289876129634
66,19.07.2017,6,2017,True,har_ovx,0.0143410886094302,0.01655017477185746
66,20.07.2017,6,2017,True,har_ovx,0.0143258055912973,0.016413206147265096
66,21.07.2017,6,2017,True,har_ovx,0.0140034467485291,0.016178635233000036
66,24.07.2017,6,2017,True,har_ovx,0.0139659972467632,0.01637083105703699
66,25.07.2017,6,2017,True,har_ovx,0.0135515866855499,0.016264164035547125
66,26.07.2017,6,2017,True,har_ovx,0.0136146580249997,0.016455351854690457
66,27.07.2017,6,2017,True,har_ovx,0.0135963511810612,0.01645290384093497
66,28.07.2017,6,2017,True,har_ovx,0.0134405654714363,0.01658947390659778
66,31.07.2017,6,2017,True,har_ovx,0.0134481152681795,0.01660183872845905
66,01.08.2017,6,2017,True,har_ovx,0.0135437756261661,0.01697889828097653
66,02.08.2017,6,2017,True,har_ovx,0.0137671163912977,0.016763228595577023
66,03.08.2017,6,2017,True,har_ovx,0.014276155681814,0.016699102193381988
66,04.08.2017,6,2017,True,har_ovx,0.0143431862742034,0.01632955474261441
66,07.08.2017,6,2017,True,har_ovx,0.014354892665103,0.01569700999648753
66,08.08.2017,6,2017,True,har_ovx,0.0143336607921616,0.01574538659633312
66,09.08.2017,6,2017,True,har_ovx,0.0143489836732744,0.016129571584015387
66,10.08.2017,6,2017,True,har_ovx,0.0142102806010023,0.01600115888117309
66,11.08.2017,6,2017,True,har_ovx,0.0143837888403604,0.016172889710730002
66,14.08.2017,6,2017,True,har_ovx,0.0139490664877872,0.015648377344274832
66,15.08.2017,6,2017,True,har_ovx,0.0140168888715929,0.016261443915958882
66,16.08.2017,6,2017,True,har_ovx,0.014109431819497,0.016148213277224654
66,17.08.2017,6,2017,True,har_ovx,0.0141013420341758,0.016125753919745415
66,18.08.2017,6,2017,True,har_ovx,0.0136133766947842,0.016254137647230438
66,21.08.2017,6,2017,True,har_ovx,0.0133546206149091,0.015547432599620478
66,22.08.2017,6,2017,True,har_ovx,0.0133707420466262,0.016080734189291464
66,23.08.2017,6,2017,True,har_ovx,0.0133153970745819,0.015525504517723505
66,24.08.2017,6,2017,True,har_ovx,0.013240842843687,0.015497353611144704
66,25.08.2017,6,2017,True,har_ovx,0.0132986909897504,0.01576984010911268
66,28.08.2017,6,2017,True,har_ovx,0.0132126864107509,0.015938238300948045
66,29.08.2017,6,2017,True,har_ovx,0.0132229888199055,0.01669667180111483
66,30.08.2017,6,2017,True,har_ovx,0.0130748291711107,0.01668720625180811
66,31.08.2017,6,2017,True,har_ovx,0.0126624783150046,0.01650575013166205
66,01.09.2017,6,2017,True,har_ovx,0.0131556531442491,0.01630837163207255
66,05.09.2017,6,2017,True,har_ovx,0.0130791391008306,0.0160262596618225
66,06.09.2017,6,2017,True,har_ovx,0.0131463749821133,0.016493847656190306
66,07.09.2017,6,2017,True,har_ovx,0.0133228286742883,0.016710482245196095
66,08.09.2017,6,2017,True,har_ovx,0.0135024823166276,0.016400617347298144
66,11.09.2017,6,2017,True,har_ovx,0.0136590599928867,0.016345275409368157
66,12.09.2017,6,2017,True,har_ovx,0.013715961561881,0.015369831441528401
66,13.09.2017,6,2017,True,har_ovx,0.0136113571699787,0.015305741015281597
66,14.09.2017,6,2017,True,har_ovx,0.0136045645312305,0.01488887870842957
66,15.09.2017,6,2017,True,har_ovx,0.0136137303772757,0.014535158331490619
66,18.09.2017,6,2017,True,har_ovx,0.013653809417455,0.014753719701673024
66,19.09.2017,6,2017,True,har_ovx,0.0136174074017237,0.015171562888474557
66,20.09.2017,6,2017,True,har_ovx,0.0134323941155245,0.01430485104699034
66,21.09.2017,6,2017,True,har_ovx,0.013767563684267,0.015055916703141341
66,22.09.2017,6,2017,True,har_ovx,0.0138226368498315,0.01456922297667717
66,25.09.2017,6,2017,True,har_ovx,0.0131185797427891,0.014646238350515529
66,26.09.2017,6,2017,True,har_ovx,0.0130449080732506,0.015229793202452394
66,27.09.2017,6,2017,True,har_ovx,0.0129726850034181,0.015468088695931345
66,28.09.2017,6,2017,True,har_ovx,0.0130658504823238,0.01522415473728285
66,29.09.2017,6,2017,True,har_ovx,0.013066227861425,0.015150124729579472
66,02.10.2017,6,2017,True,har_ovx,0.0126601827082175,0.014904109170662073
66,03.10.2017,6,2017,True,har_ovx,0.0126451383880312,0.015474408094524068
66,04.10.2017,6,2017,True,har_ovx,0.0127088012361168,0.015412807887117139
66,05.10.2017,6,2017,True,har_ovx,0.0125099572883106,0.014962925666412762
66,06.10.2017,6,2017,True,har_ovx,0.0120343304586047,0.014858815212959344
66,09.10.2017,6,2017,True,har_ovx,0.0120529086189408,0.015492013608789981
66,10.10.2017,6,2017,True,har_ovx,0.01208802741393,0.015174210612454957
66,11.10.2017,6,2017,True,har_ovx,0.0120830991345176,0.014884509682594162
66,12.10.2017,6,2017,True,har_ovx,0.0119444885388521,0.014754627800029554
66,13.10.2017,6,2017,True,har_ovx,0.0119420220086421,0.014502294838742524
66,16.10.2017,6,2017,True,har_ovx,0.0119018754594957,0.01444820765655964
66,17.10.2017,6,2017,True,har_ovx,0.0119723811198238,0.014710895908728145
66,18.10.2017,6,2017,True,har_ovx,0.0119878727309937,0.014400891768351562
66,19.10.2017,6,2017,True,har_ovx,0.0117682207659837,0.014687376771748263
66,20.10.2017,6,2017,True,har_ovx,0.0117467921616401,0.01473804242958415
66,23.10.2017,6,2017,True,har_ovx,0.0119005958551307,0.013776942843770167
66,24.10.2017,6,2017,True,har_ovx,0.0118292783500682,0.013987535499769648
66,25.10.2017,6,2017,True,har_ovx,0.0118318781307267,0.01435511338328572
66,26.10.2017,6,2017,True,har_ovx,0.0117374841429223,0.014159918984400829
66,27.10.2017,6,2017,True,har_ovx,0.011606589236423,0.014124437102038031
66,30.10.2017,6,2017,True,har_ovx,0.0117496085834754,0.014159626078089184
66,31.10.2017,6,2017,True,har_ovx,0.0118301368142651,0.014088070155519824
66,01.11.2017,6,2017,True,har_ovx,0.01212455762667,0.014074869277478943
66,02.11.2017,6,2017,True,har_ovx,0.0121208056613046,0.014204068552102107
66,03.11.2017,6,2017,True,har_ovx,0.0124399669211997,0.014299830125408194
66,06.11.2017,6,2017,True,har_ovx,0.0116667547773061,0.013969974305024026
66,07.11.2017,6,2017,True,har_ovx,0.0116199704969561,0.015151308213175238
66,08.11.2017,6,2017,True,har_ovx,0.0120471305313912,0.015933774417590245
66,09.11.2017,6,2017,True,har_ovx,0.0120181948138859,0.015512472407362456
66,10.11.2017,6,2017,True,har_ovx,0.0120278811590036,0.01569956604551808
66,13.11.2017,6,2017,True,har_ovx,0.0120264619072392,0.01621155358891062
66,14.11.2017,6,2017,True,har_ovx,0.011868583776432,0.016531050293977233
66,15.11.2017,6,2017,True,har_ovx,0.0119651638101566,0.01655923151339604
66,16.11.2017,6,2017,True,har_ovx,0.0120078003107523,0.01636853182627256
66,17.11.2017,6,2017,True,har_ovx,0.0117326509679151,0.015638929117630533
66,20.11.2017,6,2017,True,har_ovx,0.0118077519701564,0.015097601226375367
66,21.11.2017,6,2017,True,har_ovx,0.0119157279122767,0.015105708263929424
66,22.11.2017,6,2017,True,har_ovx,0.0118355929938987,0.014799567875374349
66,24.11.2017,6,2017,True,har_ovx,0.0120750903005001,0.01494557346686596
66,27.11.2017,6,2017,True,har_ovx,0.0122740306066952,0.014924831236939953
66,28.11.2017,6,2017,True,har_ovx,0.0122707263482436,0.015574033049733605
66,29.11.2017,6,2017,True,har_ovx,0.0125471818124613,0.015472360509871993
66,30.11.2017,6,2017,True,har_ovx,0.0125980262013768,0.015466419587676026
66,01.12.2017,6,2017,True,har_ovx,0.013096317179605,0.014414236675303307
66,04.12.2017,6,2017,True,har_ovx,0.0129706055409009,0.013237536396957461
66,05.12.2017,6,2017,True,har_ovx,0.012965621690308,0.013344122549110604
66,06.12.2017,6,2017,True,har_ovx,0.0125290239991496,0.012947491608679917
66,07.12.2017,6,2017,True,har_ovx,0.0123930794606099,0.013161668066341045
66,08.12.2017,6,2017,True,har_ovx,0.0123394564551951,0.013112880786865575
66,11.12.2017,6,2017,True,har_ovx,0.0121015584588056,0.01353595177876048
66,12.12.2017,6,2017,True,har_ovx,0.0120532853234331,0.013105675371480429
66,13.12.2017,6,2017,True,har_ovx,0.0124172886412222,0.01309712073535968
66,14.12.2017,6,2017,True,har_ovx,0.0123786056573757,0.013346781337059433
66,15.12.2017,6,2017,True,har_ovx,0.012636057908302,0.013100094914696723
66,18.12.2017,6,2017,True,har_ovx,0.0126590478336537,0.012108850503649491
66,19.12.2017,6,2017,True,har_ovx,0.0126474678106849,0.010660688449401696
66,20.12.2017,6,2017,True,har_ovx,0.012635427905823,0.010882882688683832
66,21.12.2017,6,2017,True,har_ovx,0.0126792259601712,0.011188923110155395
66,22.12.2017,6,2017,True,har_ovx,0.0135600499310041,0.010321733147781136
66,26.12.2017,6,2017,True,har_ovx,0.0131857170615426,0.011012774487054653
66,27.12.2017,6,2017,True,har_ovx,0.0131402861913005,0.012109544061853965
66,28.12.2017,6,2017,True,har_ovx,0.0131418936353873,0.011828704698397932
66,29.12.2017,6,2017,True,har_ovx,0.0133331120542675,0.011825551901898818
66,03.01.2017,6,2017,True,har_gpr,0.0144545478082383,0.023541281043672105
66,04.01.2017,6,2017,True,har_gpr,0.0143816151139491,0.018964989798248785
66,05.01.2017,6,2017,True,har_gpr,0.014360917664402,0.019355613604757353
66,06.01.2017,6,2017,True,har_gpr,0.0143741783638172,0.018735504573014983
66,09.01.2017,6,2017,True,har_gpr,0.0135568221128489,0.018185140740944388
66,10.01.2017,6,2017,True,har_gpr,0.0132739696997448,0.022056340760189475
66,11.01.2017,6,2017,True,har_gpr,0.0129015704499715,0.02223336477098907
66,12.01.2017,6,2017,True,har_gpr,0.0134877873780326,0.02259992331340724
66,13.01.2017,6,2017,True,har_gpr,0.0134407005246176,0.022641283316735168
66,17.01.2017,6,2017,True,har_gpr,0.0136404580152174,0.021576984845721896
66,18.01.2017,6,2017,True,har_gpr,0.0132285250856099,0.017892674413594902
66,19.01.2017,6,2017,True,har_gpr,0.0132748422689815,0.01904466505279555
66,20.01.2017,6,2017,True,har_gpr,0.0129179149588763,0.018044346955505292
66,23.01.2017,6,2017,True,har_gpr,0.0129336753478191,0.019214785141402648
66,24.01.2017,6,2017,True,har_gpr,0.0129462108884435,0.01908319894054742
66,25.01.2017,6,2017,True,har_gpr,0.0129338173081367,0.018988280305714655
66,26.01.2017,6,2017,True,har_gpr,0.0128665955612979,0.018581673158424235
66,27.01.2017,6,2017,True,har_gpr,0.0128273950425471,0.01925184340996159
66,30.01.2017,6,2017,True,har_gpr,0.0140797074653057,0.019069617879711984
66,31.01.2017,6,2017,True,har_gpr,0.0141728740208892,0.022209878534767184
66,01.02.2017,6,2017,True,har_gpr,0.0141968256577653,0.02240101526336527
66,02.02.2017,6,2017,True,har_gpr,0.014077751051308,0.022039269399415327
66,03.02.2017,6,2017,True,har_gpr,0.014610661416301,0.022279005274299615
66,06.02.2017,6,2017,True,har_gpr,0.0145275153198159,0.021699803170568265
66,07.02.2017,6,2017,True,har_gpr,0.0144695737177799,0.017650048996792306
66,08.02.2017,6,2017,True,har_gpr,0.0146812426464209,0.01637736535275635
66,09.02.2017,6,2017,True,har_gpr,0.0146288738919355,0.01551962837482275
66,10.02.2017,6,2017,True,har_gpr,0.0144881653337493,0.014966150013287233
66,13.02.2017,6,2017,True,har_gpr,0.0143257643972561,0.015598564816006993
66,14.02.2017,6,2017,True,har_gpr,0.014541348439367,0.01622121448528162
66,15.02.2017,6,2017,True,har_gpr,0.014550965617574,0.015820705861533776
66,16.02.2017,6,2017,True,har_gpr,0.014566906612912,0.014881317268566958
66,17.02.2017,6,2017,True,har_gpr,0.014565959805931,0.01479046274011086
66,21.02.2017,6,2017,True,har_gpr,0.015536354401376,0.013861618914416556
66,22.02.2017,6,2017,True,har_gpr,0.0155534142976012,0.014523993136277363
66,23.02.2017,6,2017,True,har_gpr,0.0154626708787183,0.015022880310440506
66,24.02.2017,6,2017,True,har_gpr,0.0158217710552001,0.015191717328748515
66,27.02.2017,6,2017,True,har_gpr,0.0158235890729463,0.014887966252024078
66,28.02.2017,6,2017,True,har_gpr,0.0158311171817839,0.015339646538161137
66,01.03.2017,6,2017,True,har_gpr,0.0158601739562465,0.015281950762466648
66,02.03.2017,6,2017,True,har_gpr,0.0159346607287408,0.014899168414928457
66,03.03.2017,6,2017,True,har_gpr,0.0165652056784239,0.014937806230771112
66,06.03.2017,6,2017,True,har_gpr,0.0165581725127948,0.015370049268522548
66,07.03.2017,6,2017,True,har_gpr,0.0165904150544185,0.01465847632984493
66,08.03.2017,6,2017,True,har_gpr,0.0154137775664177,0.01413606897401688
66,09.03.2017,6,2017,True,har_gpr,0.0153330505547726,0.019391660267697144
66,10.03.2017,6,2017,True,har_gpr,0.015823376292249,0.018698824221393115
66,13.03.2017,6,2017,True,har_gpr,0.0158229795295618,0.018323914069982572
66,14.03.2017,6,2017,True,har_gpr,0.0158543522297613,0.01656006695690995
66,15.03.2017,6,2017,True,har_gpr,0.0157201402725235,0.016485084916012263
66,16.03.2017,6,2017,True,har_gpr,0.0158694964483004,0.01664426435803415
66,17.03.2017,6,2017,True,har_gpr,0.0161538522954195,0.016083035676664387
66,20.03.2017,6,2017,True,har_gpr,0.0162109648380878,0.015856065105601107
66,21.03.2017,6,2017,True,har_gpr,0.0161910348973023,0.018178646503969387
66,22.03.2017,6,2017,True,har_gpr,0.0162106385533372,0.018235117865029342
66,23.03.2017,6,2017,True,har_gpr,0.0163828101761354,0.017546278698608052
66,24.03.2017,6,2017,True,har_gpr,0.0164747422108718,0.017088301455780306
66,27.03.2017,6,2017,True,har_gpr,0.0164800597319818,0.01734146816496122
66,28.03.2017,6,2017,True,har_gpr,0.0164702873092039,0.01591038428372938
66,29.03.2017,6,2017,True,har_gpr,0.0168796549125901,0.01645132590509514
66,30.03.2017,6,2017,True,har_gpr,0.0174545982065818,0.017470915772871277
66,31.03.2017,6,2017,True,har_gpr,0.0174835097186549,0.01719165388812545
66,03.04.2017,6,2017,True,har_gpr,0.0177993377393088,0.016822198523386414
66,04.04.2017,6,2017,True,har_gpr,0.0176099473426248,0.016041297546686602
66,05.04.2017,6,2017,True,har_gpr,0.0177032319272958,0.01694138670246035
66,06.04.2017,6,2017,True,har_gpr,0.0176623783919338,0.013609437309227113
66,07.04.2017,6,2017,True,har_gpr,0.0177456469710431,0.013348299662367117
66,10.04.2017,6,2017,True,har_gpr,0.0177071190754099,0.012605154568627696
66,11.04.2017,6,2017,True,har_gpr,0.0177153304663209,0.014723217807215215
66,12.04.2017,6,2017,True,har_gpr,0.0177572017528449,0.014051040586445875
66,13.04.2017,6,2017,True,har_gpr,0.0179163004416814,0.014294250188774917
66,17.04.2017,6,2017,True,har_gpr,0.0179075530910348,0.014091935634254416
66,18.04.2017,6,2017,True,har_gpr,0.0181262912173083,0.013958032382505512
66,19.04.2017,6,2017,True,har_gpr,0.017679391099092,0.013865173082844736
66,20.04.2017,6,2017,True,har_gpr,0.0181576105899456,0.016872089225280995
66,21.04.2017,6,2017,True,har_gpr,0.0181088834077821,0.015934577974063037
66,24.04.2017,6,2017,True,har_gpr,0.0181344502764942,0.016851686969460083
66,25.04.2017,6,2017,True,har_gpr,0.0182605847167706,0.016372927673445812
66,26.04.2017,6,2017,True,har_gpr,0.0182497234127796,0.01678862789566013
66,27.04.2017,6,2017,True,har_gpr,0.0182252065741357,0.016052524908122888
66,28.04.2017,6,2017,True,har_gpr,0.018225440455189,0.01563413606554671
66,01.05.2017,6,2017,True,har_gpr,0.018237802428793,0.015305922239785698
66,02.05.2017,6,2017,True,har_gpr,0.0180720592018376,0.014655380912909603
66,03.05.2017,6,2017,True,har_gpr,0.0180576674976592,0.015592397025400382
66,04.05.2017,6,2017,True,har_gpr,0.0169980323171779,0.014863768294214
66,05.05.2017,6,2017,True,har_gpr,0.0169549517529417,0.018819544181227096
66,08.05.2017,6,2017,True,har_gpr,0.0170667800175643,0.018231588175360212
66,09.05.2017,6,2017,True,har_gpr,0.016990460082127,0.017387111015275063
66,10.05.2017,6,2017,True,har_gpr,0.016931122732087,0.017219835499045478
66,11.05.2017,6,2017,True,har_gpr,0.0168787035579773,0.01911844205799725
66,12.05.2017,6,2017,True,har_gpr,0.016927023020536,0.017704876839955416
66,15.05.2017,6,2017,True,har_gpr,0.0168628133999032,0.017461654437804203
66,16.05.2017,6,2017,True,har_gpr,0.0173342641365966,0.01799878397599014
66,17.05.2017,6,2017,True,har_gpr,0.0174672920277113,0.017338077449245204
66,18.05.2017,6,2017,True,har_gpr,0.017459826082801,0.016353464398105436
66,19.05.2017,6,2017,True,har_gpr,0.0173477114402137,0.016237462069898418
66,22.05.2017,6,2017,True,har_gpr,0.0173773889525062,0.016732595871826832
66,23.05.2017,6,2017,True,har_gpr,0.0173885636097034,0.015050231959237236
66,24.05.2017,6,2017,True,har_gpr,0.0174239402596308,0.014861807161623903
66,25.05.2017,6,2017,True,har_gpr,0.0164125758829062,0.01494900829614839
66,26.05.2017,6,2017,True,har_gpr,0.0165554239312888,0.019181345114733798
66,30.05.2017,6,2017,True,har_gpr,0.0169410085697803,0.018247354329945918
66,31.05.2017,6,2017,True,har_gpr,0.0165190108902206,0.024304037291646284
66,01.06.2017,6,2017,True,har_gpr,0.0166917762799813,0.0253048272836442
66,02.06.2017,6,2017,True,har_gpr,0.0167499163491126,0.024520752072090153
66,05.06.2017,6,2017,True,har_gpr,0.0167015027444266,0.022298857167422498
66,06.06.2017,6,2017,True,har_gpr,0.0167327418361946,0.027131313367704097
66,07.06.2017,6,2017,True,har_gpr,0.0158447421343167,0.027655556306371055
66,08.06.2017,6,2017,True,har_gpr,0.0158456817333304,0.03000837862082927
66,09.06.2017,6,2017,True,har_gpr,0.015936478653605,0.028221602390472354
66,12.06.2017,6,2017,True,har_gpr,0.0159421462387736,0.028287775460093062
66,13.06.2017,6,2017,True,har_gpr,0.0159199453296873,0.01991963438803977
66,14.06.2017,6,2017,True,har_gpr,0.0152099932032584,0.019747855753029158
66,15.06.2017,6,2017,True,har_gpr,0.0152387538630102,0.021064498270193858
66,16.06.2017,6,2017,True,har_gpr,0.0153788520233782,0.01997291046970676
66,19.06.2017,6,2017,True,har_gpr,0.0153009620320705,0.020297132285543234
66,20.06.2017,6,2017,True,har_gpr,0.0150628899572931,0.02256466399040815
66,21.06.2017,6,2017,True,har_gpr,0.015175935686794,0.022710238673798074
66,22.06.2017,6,2017,True,har_gpr,0.0152617209114135,0.022765116886753117
66,23.06.2017,6,2017,True,har_gpr,0.0153418299974063,0.022679839283433686
66,26.06.2017,6,2017,True,har_gpr,0.015410183092323,0.02146461528962812
66,27.06.2017,6,2017,True,har_gpr,0.0153063133058348,0.017668777673916943
66,28.06.2017,6,2017,True,har_gpr,0.0156306153652945,0.01845960264021369
66,29.06.2017,6,2017,True,har_gpr,0.0156414295031857,0.01717399472390079
66,30.06.2017,6,2017,True,har_gpr,0.0156270022297226,0.016975639494997218
66,03.07.2017,6,2017,True,har_gpr,0.0152365206250185,0.01730530092104271
66,05.07.2017,6,2017,True,har_gpr,0.0147406313887608,0.019145448420615635
66,06.07.2017,6,2017,True,har_gpr,0.0147308329776421,0.021228421664441464
66,07.07.2017,6,2017,True,har_gpr,0.01426026303117,0.019153980592360738
66,10.07.2017,6,2017,True,har_gpr,0.0142644797685435,0.020677673605479563
66,11.07.2017,6,2017,True,har_gpr,0.0143217652531557,0.01935739864047099
66,12.07.2017,6,2017,True,har_gpr,0.0144183927667337,0.01927126679690997
66,13.07.2017,6,2017,True,har_gpr,0.0143880369391776,0.018476998050608248
66,14.07.2017,6,2017,True,har_gpr,0.0143596812275742,0.01796394978021722
66,17.07.2017,6,2017,True,har_gpr,0.0142747184192155,0.01691900795070275
66,18.07.2017,6,2017,True,har_gpr,0.014439202345626,0.017666371452626804
66,19.07.2017,6,2017,True,har_gpr,0.0143410886094302,0.017517449042607214
66,20.07.2017,6,2017,True,har_gpr,0.0143258055912973,0.017635550053055546
66,21.07.2017,6,2017,True,har_gpr,0.0140034467485291,0.016825386737653103
66,24.07.2017,6,2017,True,har_gpr,0.0139659972467632,0.018350852966364954
66,25.07.2017,6,2017,True,har_gpr,0.0135515866855499,0.017798527388182304
66,26.07.2017,6,2017,True,har_gpr,0.0136146580249997,0.019381544114976668
66,27.07.2017,6,2017,True,har_gpr,0.0135963511810612,0.01885572103853811
66,28.07.2017,6,2017,True,har_gpr,0.0134405654714363,0.01858163002063688
66,31.07.2017,6,2017,True,har_gpr,0.0134481152681795,0.01809847502571218
66,01.08.2017,6,2017,True,har_gpr,0.0135437756261661,0.01881803473160963
66,02.08.2017,6,2017,True,har_gpr,0.0137671163912977,0.01775851684233546
66,03.08.2017,6,2017,True,har_gpr,0.014276155681814,0.016461868383344715
66,04.08.2017,6,2017,True,har_gpr,0.0143431862742034,0.016674306685491726
66,07.08.2017,6,2017,True,har_gpr,0.014354892665103,0.015143292306205171
66,08.08.2017,6,2017,True,har_gpr,0.0143336607921616,0.015385143976045467
66,09.08.2017,6,2017,True,har_gpr,0.0143489836732744,0.015509894143632835
66,10.08.2017,6,2017,True,har_gpr,0.0142102806010023,0.01585205060087115
66,11.08.2017,6,2017,True,har_gpr,0.0143837888403604,0.016485462036925143
66,14.08.2017,6,2017,True,har_gpr,0.0139490664877872,0.01608057803780505
66,15.08.2017,6,2017,True,har_gpr,0.0140168888715929,0.01932351052999124
66,16.08.2017,6,2017,True,har_gpr,0.014109431819497,0.018637553107667525
66,17.08.2017,6,2017,True,har_gpr,0.0141013420341758,0.018546934475695706
66,18.08.2017,6,2017,True,har_gpr,0.0136133766947842,0.01902543803916594
66,21.08.2017,6,2017,True,har_gpr,0.0133546206149091,0.02006347444742789
66,22.08.2017,6,2017,True,har_gpr,0.0133707420466262,0.021460916588308954
66,23.08.2017,6,2017,True,har_gpr,0.0133153970745819,0.020156350166736496
66,24.08.2017,6,2017,True,har_gpr,0.013240842843687,0.02024504211783764
66,25.08.2017,6,2017,True,har_gpr,0.0132986909897504,0.02029502572261893
66,28.08.2017,6,2017,True,har_gpr,0.0132126864107509,0.01934525736460241
66,29.08.2017,6,2017,True,har_gpr,0.0132229888199055,0.01634747501280337
66,30.08.2017,6,2017,True,har_gpr,0.0130748291711107,0.01613696379461539
66,31.08.2017,6,2017,True,har_gpr,0.0126624783150046,0.017194578552865367
66,01.09.2017,6,2017,True,har_gpr,0.0131556531442491,0.018798749513041814
66,05.09.2017,6,2017,True,har_gpr,0.0130791391008306,0.017968660628218884
66,06.09.2017,6,2017,True,har_gpr,0.0131463749821133,0.02029713821296148
66,07.09.2017,6,2017,True,har_gpr,0.0133228286742883,0.02032424302879278
66,08.09.2017,6,2017,True,har_gpr,0.0135024823166276,0.019378576292829963
66,11.09.2017,6,2017,True,har_gpr,0.0136590599928867,0.01961341373746013
66,12.09.2017,6,2017,True,har_gpr,0.013715961561881,0.01735506040899674
66,13.09.2017,6,2017,True,har_gpr,0.0136113571699787,0.016609316635366165
66,14.09.2017,6,2017,True,har_gpr,0.0136045645312305,0.016996339628091394
66,15.09.2017,6,2017,True,har_gpr,0.0136137303772757,0.016500165234987305
66,18.09.2017,6,2017,True,har_gpr,0.013653809417455,0.015953824705167
66,19.09.2017,6,2017,True,har_gpr,0.0136174074017237,0.014895863531921733
66,20.09.2017,6,2017,True,har_gpr,0.0134323941155245,0.014606076330959665
66,21.09.2017,6,2017,True,har_gpr,0.013767563684267,0.015450625449937168
66,22.09.2017,6,2017,True,har_gpr,0.0138226368498315,0.014861930635269567
66,25.09.2017,6,2017,True,har_gpr,0.0131185797427891,0.01479619167934607
66,26.09.2017,6,2017,True,har_gpr,0.0130449080732506,0.01676088220624407
66,27.09.2017,6,2017,True,har_gpr,0.0129726850034181,0.016104481569206956
66,28.09.2017,6,2017,True,har_gpr,0.0130658504823238,0.01638560944865032
66,29.09.2017,6,2017,True,har_gpr,0.013066227861425,0.01586324425887177
66,02.10.2017,6,2017,True,har_gpr,0.0126601827082175,0.015062483443336057
66,03.10.2017,6,2017,True,har_gpr,0.0126451383880312,0.017666001464077492
66,04.10.2017,6,2017,True,har_gpr,0.0127088012361168,0.016827005429782136
66,05.10.2017,6,2017,True,har_gpr,0.0125099572883106,0.016724874859303268
66,06.10.2017,6,2017,True,har_gpr,0.0120343304586047,0.01802891223884713
66,09.10.2017,6,2017,True,har_gpr,0.0120529086189408,0.01878252625926681
66,10.10.2017,6,2017,True,har_gpr,0.01208802741393,0.01800148316959741
66,11.10.2017,6,2017,True,har_gpr,0.0120830991345176,0.015793388630881623
66,12.10.2017,6,2017,True,har_gpr,0.0119444885388521,0.015354471123034747
66,13.10.2017,6,2017,True,har_gpr,0.0119420220086421,0.015530110927624331
66,16.10.2017,6,2017,True,har_gpr,0.0119018754594957,0.015534390774458201
66,17.10.2017,6,2017,True,har_gpr,0.0119723811198238,0.017273537754556336
66,18.10.2017,6,2017,True,har_gpr,0.0119878727309937,0.016888988471146064
66,19.10.2017,6,2017,True,har_gpr,0.0117682207659837,0.016663452320997474
66,20.10.2017,6,2017,True,har_gpr,0.0117467921616401,0.017350433094053045
66,23.10.2017,6,2017,True,har_gpr,0.0119005958551307,0.01707029736702649
66,24.10.2017,6,2017,True,har_gpr,0.0118292783500682,0.015042479070572271
66,25.10.2017,6,2017,True,har_gpr,0.0118318781307267,0.015776089620760814
66,26.10.2017,6,2017,True,har_gpr,0.0117374841429223,0.015280048424507798
66,27.10.2017,6,2017,True,har_gpr,0.011606589236423,0.015478079103783453
66,30.10.2017,6,2017,True,har_gpr,0.0117496085834754,0.01601033922015698
66,31.10.2017,6,2017,True,har_gpr,0.0118301368142651,0.0154469672205759
66,01.11.2017,6,2017,True,har_gpr,0.01212455762667,0.015387387802266641
66,02.11.2017,6,2017,True,har_gpr,0.0121208056613046,0.01525807931445573
66,03.11.2017,6,2017,True,har_gpr,0.0124399669211997,0.015683082853381287
66,06.11.2017,6,2017,True,har_gpr,0.0116667547773061,0.015572015761266478
66,07.11.2017,6,2017,True,har_gpr,0.0116199704969561,0.01673672276149785
66,08.11.2017,6,2017,True,har_gpr,0.0120471305313912,0.016400256994033035
66,09.11.2017,6,2017,True,har_gpr,0.0120181948138859,0.016342094208181716
66,10.11.2017,6,2017,True,har_gpr,0.0120278811590036,0.015892238908069387
66,13.11.2017,6,2017,True,har_gpr,0.0120264619072392,0.015897336440956873
66,14.11.2017,6,2017,True,har_gpr,0.011868583776432,0.01560607349508436
66,15.11.2017,6,2017,True,har_gpr,0.0119651638101566,0.016380351314568938
66,16.11.2017,6,2017,True,har_gpr,0.0120078003107523,0.01619827328126649
66,17.11.2017,6,2017,True,har_gpr,0.0117326509679151,0.015732637474870036
66,20.11.2017,6,2017,True,har_gpr,0.0118077519701564,0.017184939090787915
66,21.11.2017,6,2017,True,har_gpr,0.0119157279122767,0.014722264588582334
66,22.11.2017,6,2017,True,har_gpr,0.0118355929938987,0.014379698308940163
66,24.11.2017,6,2017,True,har_gpr,0.0120750903005001,0.014622992409896462
66,27.11.2017,6,2017,True,har_gpr,0.0122740306066952,0.014267866392586589
66,28.11.2017,6,2017,True,har_gpr,0.0122707263482436,0.017514858378554085
66,29.11.2017,6,2017,True,har_gpr,0.0125471818124613,0.017500489974978876
66,30.11.2017,6,2017,True,har_gpr,0.0125980262013768,0.017825993189448136
66,01.12.2017,6,2017,True,har_gpr,0.013096317179605,0.017739062776243014
66,04.12.2017,6,2017,True,har_gpr,0.0129706055409009,0.017291813597475007
66,05.12.2017,6,2017,True,har_gpr,0.012965621690308,0.014905484078058284
66,06.12.2017,6,2017,True,har_gpr,0.0125290239991496,0.013193763555370256
66,07.12.2017,6,2017,True,har_gpr,0.0123930794606099,0.014867765392455599
66,08.12.2017,6,2017,True,har_gpr,0.0123394564551951,0.0151310895649056
66,11.12.2017,6,2017,True,har_gpr,0.0121015584588056,0.01584416142873572
66,12.12.2017,6,2017,True,har_gpr,0.0120532853234331,0.016892692932492417
66,13.12.2017,6,2017,True,har_gpr,0.0124172886412222,0.017650143368323986
66,14.12.2017,6,2017,True,har_gpr,0.0123786056573757,0.01719830829446254
66,15.12.2017,6,2017,True,har_gpr,0.012636057908302,0.017301376577290303
66,18.12.2017,6,2017,True,har_gpr,0.0126590478336537,0.01672577372557007
66,19.12.2017,6,2017,True,har_gpr,0.0126474678106849,0.014148817406992125
66,20.12.2017,6,2017,True,har_gpr,0.012635427905823,0.013918375694151434
66,21.12.2017,6,2017,True,har_gpr,0.0126792259601712,0.013855979416353425
66,22.12.2017,6,2017,True,har_gpr,0.0135600499310041,0.013466896840277767
66,26.12.2017,6,2017,True,har_gpr,0.0131857170615426,0.013321126962531614
66,27.12.2017,6,2017,True,har_gpr,0.0131402861913005,0.015534251023918557
66,28.12.2017,6,2017,True,har_gpr,0.0131418936353873,0.015411951728858717
66,29.12.2017,6,2017,True,har_gpr,0.0133331120542675,0.0151798699102315
66,03.01.2017,6,2017,True,har_x,0.0144545478082383,0.019428557190509937
66,04.01.2017,6,2017,True,har_x,0.0143816151139491,0.019903362034764366
66,05.01.2017,6,2017,True,har_x,0.014360917664402,0.019712112808239694
66,06.01.2017,6,2017,True,har_x,0.0143741783638172,0.019227893146027002
66,09.01.2017,6,2017,True,har_x,0.0135568221128489,0.018641092156919233
66,10.01.2017,6,2017,True,har_x,0.0132739696997448,0.020816543987836396
66,11.01.2017,6,2017,True,har_x,0.0129015704499715,0.020684783870755466
66,12.01.2017,6,2017,True,har_x,0.0134877873780326,0.020429941068305695
66,13.01.2017,6,2017,True,har_x,0.0134407005246176,0.020091874107439792
66,17.01.2017,6,2017,True,har_x,0.0136404580152174,0.019196717084949855
66,18.01.2017,6,2017,True,har_x,0.0132285250856099,0.01732584523994869
66,19.01.2017,6,2017,True,har_x,0.0132748422689815,0.017583728169997197
66,20.01.2017,6,2017,True,har_x,0.0129179149588763,0.01713934877417722
66,23.01.2017,6,2017,True,har_x,0.0129336753478191,0.016533897157099405
66,24.01.2017,6,2017,True,har_x,0.0129462108884435,0.017391801630598273
66,25.01.2017,6,2017,True,har_x,0.0129338173081367,0.016796586693306737
66,26.01.2017,6,2017,True,har_x,0.0128665955612979,0.017116499226827817
66,27.01.2017,6,2017,True,har_x,0.0128273950425471,0.016870221124241983
66,30.01.2017,6,2017,True,har_x,0.0140797074653057,0.01688478393912986
66,31.01.2017,6,2017,True,har_x,0.0141728740208892,0.019735624373152606
66,01.02.2017,6,2017,True,har_x,0.0141968256577653,0.01996303084400977
66,02.02.2017,6,2017,True,har_x,0.014077751051308,0.01955430442117525
66,03.02.2017,6,2017,True,har_x,0.014610661416301,0.01903601110879248
66,06.02.2017,6,2017,True,har_x,0.0145275153198159,0.018267114875590053
66,07.02.2017,6,2017,True,har_x,0.0144695737177799,0.015505494679979685
66,08.02.2017,6,2017,True,har_x,0.0146812426464209,0.015521147929859484
66,09.02.2017,6,2017,True,har_x,0.0146288738919355,0.015154348502412075
66,10.02.2017,6,2017,True,har_x,0.0144881653337493,0.014749802784708027
66,13.02.2017,6,2017,True,har_x,0.0143257643972561,0.014000573861211039
66,14.02.2017,6,2017,True,har_x,0.014541348439367,0.014825115631304297
66,15.02.2017,6,2017,True,har_x,0.014550965617574,0.014946479249490517
66,16.02.2017,6,2017,True,har_x,0.014566906612912,0.015015042805168879
66,17.02.2017,6,2017,True,har_x,0.014565959805931,0.01480485851760183
66,21.02.2017,6,2017,True,har_x,0.015536354401376,0.013705110073272138
66,22.02.2017,6,2017,True,har_x,0.0155534142976012,0.013878802089066016
66,23.02.2017,6,2017,True,har_x,0.0154626708787183,0.014571063010192937
66,24.02.2017,6,2017,True,har_x,0.0158217710552001,0.013949107463725978
66,27.02.2017,6,2017,True,har_x,0.0158235890729463,0.013899112764007062
66,28.02.2017,6,2017,True,har_x,0.0158311171817839,0.013940913676411952
66,01.03.2017,6,2017,True,har_x,0.0158601739562465,0.014160499235013274
66,02.03.2017,6,2017,True,har_x,0.0159346607287408,0.013694771066614977
66,03.03.2017,6,2017,True,har_x,0.0165652056784239,0.014331571250489969
66,06.03.2017,6,2017,True,har_x,0.0165581725127948,0.014270601099177127
66,07.03.2017,6,2017,True,har_x,0.0165904150544185,0.014899804029765762
66,08.03.2017,6,2017,True,har_x,0.0154137775664177,0.014622532674821116
66,09.03.2017,6,2017,True,har_x,0.0153330505547726,0.01798128130807246
66,10.03.2017,6,2017,True,har_x,0.015823376292249,0.017834993278206812
66,13.03.2017,6,2017,True,har_x,0.0158229795295618,0.01847274458580234
66,14.03.2017,6,2017,True,har_x,0.0158543522297613,0.0170353179322883
66,15.03.2017,6,2017,True,har_x,0.0157201402725235,0.01746481926131483
66,16.03.2017,6,2017,True,har_x,0.0158694964483004,0.01595114230712865
66,17.03.2017,6,2017,True,har_x,0.0161538522954195,0.015085343714467077
66,20.03.2017,6,2017,True,har_x,0.0162109648380878,0.014458567586649974
66,21.03.2017,6,2017,True,har_x,0.0161910348973023,0.016594491793293437
66,22.03.2017,6,2017,True,har_x,0.0162106385533372,0.017882904155876934
66,23.03.2017,6,2017,True,har_x,0.0163828101761354,0.0174852698718381
66,24.03.2017,6,2017,True,har_x,0.0164747422108718,0.017304416857172173
66,27.03.2017,6,2017,True,har_x,0.0164800597319818,0.017938618371138405
66,28.03.2017,6,2017,True,har_x,0.0164702873092039,0.016848660210391494
66,29.03.2017,6,2017,True,har_x,0.0168796549125901,0.01652740631667126
66,30.03.2017,6,2017,True,har_x,0.0174545982065818,0.015998301895115457
66,31.03.2017,6,2017,True,har_x,0.0174835097186549,0.01554477174140674
66,03.04.2017,6,2017,True,har_x,0.0177993377393088,0.015379486130669223
66,04.04.2017,6,2017,True,har_x,0.0176099473426248,0.0142963327282733
66,05.04.2017,6,2017,True,har_x,0.0177032319272958,0.014976719462749756
66,06.04.2017,6,2017,True,har_x,0.0176623783919338,0.014577763151991477
66,07.04.2017,6,2017,True,har_x,0.0177456469710431,0.014149011991126356
66,10.04.2017,6,2017,True,har_x,0.0177071190754099,0.014397323647367026
66,11.04.2017,6,2017,True,har_x,0.0177153304663209,0.015568434643595985
66,12.04.2017,6,2017,True,har_x,0.0177572017528449,0.015723719293312628
66,13.04.2017,6,2017,True,har_x,0.0179163004416814,0.015620126786620135
66,17.04.2017,6,2017,True,har_x,0.0179075530910348,0.015127374945947434
66,18.04.2017,6,2017,True,har_x,0.0181262912173083,0.01451093753953991
66,19.04.2017,6,2017,True,har_x,0.017679391099092,0.014992007031607146
66,20.04.2017,6,2017,True,har_x,0.0181576105899456,0.01684708583831796
66,21.04.2017,6,2017,True,har_x,0.0181088834077821,0.015671200159899847
66,24.04.2017,6,2017,True,har_x,0.0181344502764942,0.016853988906114222
66,25.04.2017,6,2017,True,har_x,0.0182605847167706,0.01677737340907949
66,26.04.2017,6,2017,True,har_x,0.0182497234127796,0.01661797582670484
66,27.04.2017,6,2017,True,har_x,0.0182252065741357,0.016434788955483573
66,28.04.2017,6,2017,True,har_x,0.018225440455189,0.016698052371444706
66,01.05.2017,6,2017,True,har_x,0.018237802428793,0.015992295911571204
66,02.05.2017,6,2017,True,har_x,0.0180720592018376,0.015936450860884865
66,03.05.2017,6,2017,True,har_x,0.0180576674976592,0.017490460975614554
66,04.05.2017,6,2017,True,har_x,0.0169980323171779,0.017656822126887673
66,05.05.2017,6,2017,True,har_x,0.0169549517529417,0.019182823536727185
66,08.05.2017,6,2017,True,har_x,0.0170667800175643,0.01853653439091763
66,09.05.2017,6,2017,True,har_x,0.016990460082127,0.017721654055497606
66,10.05.2017,6,2017,True,har_x,0.016931122732087,0.017933501374571368
66,11.05.2017,6,2017,True,har_x,0.0168787035579773,0.018107237424649543
66,12.05.2017,6,2017,True,har_x,0.016927023020536,0.017589372229165352
66,15.05.2017,6,2017,True,har_x,0.0168628133999032,0.017513215025800034
66,16.05.2017,6,2017,True,har_x,0.0173342641365966,0.017174197454634048
66,17.05.2017,6,2017,True,har_x,0.0174672920277113,0.017167182833855165
66,18.05.2017,6,2017,True,har_x,0.017459826082801,0.01734328836910021
66,19.05.2017,6,2017,True,har_x,0.0173477114402137,0.0167640958213839
66,22.05.2017,6,2017,True,har_x,0.0173773889525062,0.015420354802409135
66,23.05.2017,6,2017,True,har_x,0.0173885636097034,0.015533360202274062
66,24.05.2017,6,2017,True,har_x,0.0174239402596308,0.016078734823695248
66,25.05.2017,6,2017,True,har_x,0.0164125758829062,0.015689821903668254
66,26.05.2017,6,2017,True,har_x,0.0165554239312888,0.01740849260156734
66,30.05.2017,6,2017,True,har_x,0.0169410085697803,0.015651156842271734
66,31.05.2017,6,2017,True,har_x,0.0165190108902206,0.019925345113098396
66,01.06.2017,6,2017,True,har_x,0.0166917762799813,0.02111363609696173
66,02.06.2017,6,2017,True,har_x,0.0167499163491126,0.020342832328007092
66,05.06.2017,6,2017,True,har_x,0.0167015027444266,0.02081269006221207
66,06.06.2017,6,2017,True,har_x,0.0167327418361946,0.024806718986729343
66,07.06.2017,6,2017,True,har_x,0.0158447421343167,0.024128107318654547
66,08.06.2017,6,2017,True,har_x,0.0158456817333304,0.02552066620849735
66,09.06.2017,6,2017,True,har_x,0.015936478653605,0.0249826360768545
66,12.06.2017,6,2017,True,har_x,0.0159421462387736,0.02440365608848872
66,13.06.2017,6,2017,True,har_x,0.0159199453296873,0.01922003169192543
66,14.06.2017,6,2017,True,har_x,0.0152099932032584,0.018457613235567043
66,15.06.2017,6,2017,True,har_x,0.0152387538630102,0.018517367333220264
66,16.06.2017,6,2017,True,har_x,0.0153788520233782,0.018173218178047117
66,19.06.2017,6,2017,True,har_x,0.0153009620320705,0.01630977354778346
66,20.06.2017,6,2017,True,har_x,0.0150628899572931,0.01929308634137503
66,21.06.2017,6,2017,True,har_x,0.015175935686794,0.02039854548385637
66,22.06.2017,6,2017,True,har_x,0.0152617209114135,0.02081936437663818
66,23.06.2017,6,2017,True,har_x,0.0153418299974063,0.020392108656577104
66,26.06.2017,6,2017,True,har_x,0.015410183092323,0.019960045598122048
66,27.06.2017,6,2017,True,har_x,0.0153063133058348,0.017437494832401403
66,28.06.2017,6,2017,True,har_x,0.0156306153652945,0.01780291661224504
66,29.06.2017,6,2017,True,har_x,0.0156414295031857,0.01685369382094215
66,30.06.2017,6,2017,True,har_x,0.0156270022297226,0.01661358332608728
66,03.07.2017,6,2017,True,har_x,0.0152365206250185,0.015823723096904142
66,05.07.2017,6,2017,True,har_x,0.0147406313887608,0.01666926675205933
66,06.07.2017,6,2017,True,har_x,0.0147308329776421,0.018107007423966755
66,07.07.2017,6,2017,True,har_x,0.01426026303117,0.0178881991005549
66,10.07.2017,6,2017,True,har_x,0.0142644797685435,0.01833143853819576
66,11.07.2017,6,2017,True,har_x,0.0143217652531557,0.017646395086190526
66,12.07.2017,6,2017,True,har_x,0.0144183927667337,0.017818463264118862
66,13.07.2017,6,2017,True,har_x,0.0143880369391776,0.017088941857299433
66,14.07.2017,6,2017,True,har_x,0.0143596812275742,0.01679214102757067
66,17.07.2017,6,2017,True,har_x,0.0142747184192155,0.0158395251552413
66,18.07.2017,6,2017,True,har_x,0.014439202345626,0.01637866477078752
66,19.07.2017,6,2017,True,har_x,0.0143410886094302,0.016036819640394998
66,20.07.2017,6,2017,True,har_x,0.0143258055912973,0.015919035674311747
66,21.07.2017,6,2017,True,har_x,0.0140034467485291,0.015686984638093107
66,24.07.2017,6,2017,True,har_x,0.0139659972467632,0.015933135776762773
66,25.07.2017,6,2017,True,har_x,0.0135515866855499,0.015223280670502786
66,26.07.2017,6,2017,True,har_x,0.0136146580249997,0.015473840986861961
66,27.07.2017,6,2017,True,har_x,0.0135963511810612,0.015455089764012964
66,28.07.2017,6,2017,True,har_x,0.0134405654714363,0.01557375315757911
66,31.07.2017,6,2017,True,har_x,0.0134481152681795,0.015499759316366013
66,01.08.2017,6,2017,True,har_x,0.0135437756261661,0.017349178630544873
66,02.08.2017,6,2017,True,har_x,0.0137671163912977,0.01710747379512562
66,03.08.2017,6,2017,True,har_x,0.014276155681814,0.017043055520453487
66,04.08.2017,6,2017,True,har_x,0.0143431862742034,0.01669230510259171
66,07.08.2017,6,2017,True,har_x,0.014354892665103,0.01602739693878406
66,08.08.2017,6,2017,True,har_x,0.0143336607921616,0.01598096344958734
66,09.08.2017,6,2017,True,har_x,0.0143489836732744,0.016359078777968213
66,10.08.2017,6,2017,True,har_x,0.0142102806010023,0.01625377754935521
66,11.08.2017,6,2017,True,har_x,0.0143837888403604,0.016449458681657852
66,14.08.2017,6,2017,True,har_x,0.0139490664877872,0.015924097202709233
66,15.08.2017,6,2017,True,har_x,0.0140168888715929,0.01803438419231919
66,16.08.2017,6,2017,True,har_x,0.014109431819497,0.01790682813293416
66,17.08.2017,6,2017,True,har_x,0.0141013420341758,0.017868585725842965
66,18.08.2017,6,2017,True,har_x,0.0136133766947842,0.01802476370506764
66,21.08.2017,6,2017,True,har_x,0.0133546206149091,0.017406610766118852
66,22.08.2017,6,2017,True,har_x,0.0133707420466262,0.01851580891533277
66,23.08.2017,6,2017,True,har_x,0.0133153970745819,0.017952933920988023
66,24.08.2017,6,2017,True,har_x,0.013240842843687,0.017920490852064826
66,25.08.2017,6,2017,True,har_x,0.0132986909897504,0.01819347014035035
66,28.08.2017,6,2017,True,har_x,0.0132126864107509,0.018296867391816168
66,29.08.2017,6,2017,True,har_x,0.0132229888199055,0.016932701799098143
66,30.08.2017,6,2017,True,har_x,0.0130748291711107,0.016916432689944493
66,31.08.2017,6,2017,True,har_x,0.0126624783150046,0.01676906365828674
66,01.09.2017,6,2017,True,har_x,0.0131556531442491,0.016653962639620552
66,05.09.2017,6,2017,True,har_x,0.0130791391008306,0.016354169097272414
66,06.09.2017,6,2017,True,har_x,0.0131463749821133,0.017711935289476555
66,07.09.2017,6,2017,True,har_x,0.0133228286742883,0.017922555016123186
66,08.09.2017,6,2017,True,har_x,0.0135024823166276,0.017547059832194137
66,11.09.2017,6,2017,True,har_x,0.0136590599928867,0.017507877841909485
66,12.09.2017,6,2017,True,har_x,0.013715961561881,0.014911094238852455
66,13.09.2017,6,2017,True,har_x,0.0136113571699787,0.01482685524732039
66,14.09.2017,6,2017,True,har_x,0.0136045645312305,0.014431683026867544
66,15.09.2017,6,2017,True,har_x,0.0136137303772757,0.014076778471883798
66,18.09.2017,6,2017,True,har_x,0.013653809417455,0.01424743249714098
66,19.09.2017,6,2017,True,har_x,0.0136174074017237,0.015293164410105333
66,20.09.2017,6,2017,True,har_x,0.0134323941155245,0.014460356524691888
66,21.09.2017,6,2017,True,har_x,0.013767563684267,0.015219894126105988
66,22.09.2017,6,2017,True,har_x,0.0138226368498315,0.0147305155388214
66,25.09.2017,6,2017,True,har_x,0.0131185797427891,0.014808397522431686
66,26.09.2017,6,2017,True,har_x,0.0130449080732506,0.014341709638371317
66,27.09.2017,6,2017,True,har_x,0.0129726850034181,0.014560133364803952
66,28.09.2017,6,2017,True,har_x,0.0130658504823238,0.014333886991229375
66,29.09.2017,6,2017,True,har_x,0.013066227861425,0.014263311622930734
66,02.10.2017,6,2017,True,har_x,0.0126601827082175,0.014011191803162586
66,03.10.2017,6,2017,True,har_x,0.0126451383880312,0.01631380447908853
66,04.10.2017,6,2017,True,har_x,0.0127088012361168,0.01623770234314252
66,05.10.2017,6,2017,True,har_x,0.0125099572883106,0.015801023622674056
66,06.10.2017,6,2017,True,har_x,0.0120343304586047,0.015764967462388032
66,09.10.2017,6,2017,True,har_x,0.0120529086189408,0.016409612820732947
66,10.10.2017,6,2017,True,har_x,0.01208802741393,0.016061401315546446
66,11.10.2017,6,2017,True,har_x,0.0120830991345176,0.013553940501848025
66,12.10.2017,6,2017,True,har_x,0.0119444885388521,0.013416475417943743
66,13.10.2017,6,2017,True,har_x,0.0119420220086421,0.013162237990858836
66,16.10.2017,6,2017,True,har_x,0.0119018754594957,0.013081790694486138
66,17.10.2017,6,2017,True,har_x,0.0119723811198238,0.01474770179759465
66,18.10.2017,6,2017,True,har_x,0.0119878727309937,0.014432308982064579
66,19.10.2017,6,2017,True,har_x,0.0117682207659837,0.01471036435043539
66,20.10.2017,6,2017,True,har_x,0.0117467921616401,0.014783095433051096
66,23.10.2017,6,2017,True,har_x,0.0119005958551307,0.013830352181159142
66,24.10.2017,6,2017,True,har_x,0.0118292783500682,0.013667635012823701
66,25.10.2017,6,2017,True,har_x,0.0118318781307267,0.014059741702196725
66,26.10.2017,6,2017,True,har_x,0.0117374841429223,0.013856186161204386
66,27.10.2017,6,2017,True,har_x,0.011606589236423,0.013807335483671836
66,30.10.2017,6,2017,True,har_x,0.0117496085834754,0.013859811732335511
66,31.10.2017,6,2017,True,har_x,0.0118301368142651,0.014212557977944748
66,01.11.2017,6,2017,True,har_x,0.01212455762667,0.014196620854083115
66,02.11.2017,6,2017,True,har_x,0.0121208056613046,0.014325185548126349
66,03.11.2017,6,2017,True,har_x,0.0124399669211997,0.014452581604702147
66,06.11.2017,6,2017,True,har_x,0.0116667547773061,0.014148059178183148
66,07.11.2017,6,2017,True,har_x,0.0116199704969561,0.015308577285984708
66,08.11.2017,6,2017,True,har_x,0.0120471305313912,0.01606813773048983
66,09.11.2017,6,2017,True,har_x,0.0120181948138859,0.015655990356797295
66,10.11.2017,6,2017,True,har_x,0.0120278811590036,0.015817488986772637
66,13.11.2017,6,2017,True,har_x,0.0120264619072392,0.016312666073414382
66,14.11.2017,6,2017,True,har_x,0.011868583776432,0.01647568852730508
66,15.11.2017,6,2017,True,har_x,0.0119651638101566,0.016528565488393317
66,16.11.2017,6,2017,True,har_x,0.0120078003107523,0.016335759853277176
66,17.11.2017,6,2017,True,har_x,0.0117326509679151,0.015594976470180367
66,20.11.2017,6,2017,True,har_x,0.0118077519701564,0.015163114279370723
66,21.11.2017,6,2017,True,har_x,0.0119157279122767,0.013724874530178875
66,22.11.2017,6,2017,True,har_x,0.0118355929938987,0.013411653072317523
66,24.11.2017,6,2017,True,har_x,0.0120750903005001,0.013560340691766322
66,27.11.2017,6,2017,True,har_x,0.0122740306066952,0.013519120935847274
66,28.11.2017,6,2017,True,har_x,0.0122707263482436,0.017214139598564437
66,29.11.2017,6,2017,True,har_x,0.0125471818124613,0.01710596597737341
66,30.11.2017,6,2017,True,har_x,0.0125980262013768,0.017119668368472823
66,01.12.2017,6,2017,True,har_x,0.013096317179605,0.01608547747277935
66,04.12.2017,6,2017,True,har_x,0.0129706055409009,0.0149220193735363
66,05.12.2017,6,2017,True,har_x,0.012965621690308,0.012670048611133595
66,06.12.2017,6,2017,True,har_x,0.0125290239991496,0.01226996229833903
66,07.12.2017,6,2017,True,har_x,0.0123930794606099,0.012540718352147165
66,08.12.2017,6,2017,True,har_x,0.0123394564551951,0.01250674243926245
66,11.12.2017,6,2017,True,har_x,0.0121015584588056,0.01294955693019962
66,12.12.2017,6,2017,True,har_x,0.0120532853234331,0.013511628246170223
66,13.12.2017,6,2017,True,har_x,0.0124172886412222,0.01353849879190938
66,14.12.2017,6,2017,True,har_x,0.0123786056573757,0.013750083368934555
66,15.12.2017,6,2017,True,har_x,0.012636057908302,0.013508844703682731
66,18.12.2017,6,2017,True,har_x,0.0126590478336537,0.012517224133917227
66,19.12.2017,6,2017,True,har_x,0.0126474678106849,0.00941882301912193
66,20.12.2017,6,2017,True,har_x,0.012635427905823,0.00960954653166585
66,21.12.2017,6,2017,True,har_x,0.0126792259601712,0.009880045003815199
66,22.12.2017,6,2017,True,har_x,0.0135600499310041,0.009018306114478687
66,26.12.2017,6,2017,True,har_x,0.0131857170615426,0.009678941566525733
66,27.12.2017,6,2017,True,har_x,0.0131402861913005,0.011155737690182105
66,28.12.2017,6,2017,True,har_x,0.0131418936353873,0.010897889711535803
66,29.12.2017,6,2017,True,har_x,0.0133331120542675,0.010889322337998114
126,03.01.2017,6,2017,True,har,0.0161991940046424,0.02100507006100128
126,04.01.2017,6,2017,True,har,0.0161260814648273,0.018031134603242814
126,05.01.2017,6,2017,True,har,0.0163010786126295,0.018359551848768575
126,06.01.2017,6,2017,True,har,0.0163009463075051,0.01782276529871588
126,09.01.2017,6,2017,True,har,0.016013370674951,0.017356100576042817
126,10.01.2017,6,2017,True,har,0.0158897982800888,0.019893798186664216
126,11.01.2017,6,2017,True,har,0.0157517688334053,0.02001509393237296
126,12.01.2017,6,2017,True,har,0.0157059418875373,0.020287433932807578
126,13.01.2017,6,2017,True,har,0.0157060355438066,0.0202995021473851
126,17.01.2017,6,2017,True,har,0.0157293796207617,0.019393705871320825
126,18.01.2017,6,2017,True,har,0.0156215336700907,0.018830477085690474
126,19.01.2017,6,2017,True,har,0.0156287357874299,0.019796134650345347
126,20.01.2017,6,2017,True,har,0.0156201606076572,0.019014992714039607
126,23.01.2017,6,2017,True,har,0.01565520318902,0.01997773766339194
126,24.01.2017,6,2017,True,har,0.0159303585346849,0.019329466312935153
126,25.01.2017,6,2017,True,har,0.0159854489756784,0.019246570400527383
126,26.01.2017,6,2017,True,har,0.0158987834810405,0.019007934197271294
126,27.01.2017,6,2017,True,har,0.0159649600047278,0.019549639848972546
126,30.01.2017,6,2017,True,har,0.0159612040807409,0.01941236603284622
126,31.01.2017,6,2017,True,har,0.0159413918233877,0.01925245644249315
126,01.02.2017,6,2017,True,har,0.0159468610937605,0.019408284902562488
126,02.02.2017,6,2017,True,har,0.0158869292740427,0.019106960435141485
126,03.02.2017,6,2017,True,har,0.0158986813828355,0.019341015655933026
126,06.02.2017,6,2017,True,har,0.015809470161925,0.018893957475473455
126,07.02.2017,6,2017,True,har,0.0157791129180066,0.01971654893083197
126,08.02.2017,6,2017,True,har,0.0158094843965158,0.018621338594708506
126,09.02.2017,6,2017,True,har,0.0158415671221456,0.017886502140441216
126,10.02.2017,6,2017,True,har,0.0157486887833009,0.017448443567989812
126,13.02.2017,6,2017,True,har,0.0158271258420905,0.01793290968911993
126,14.02.2017,6,2017,True,har,0.015813818044315,0.018214972862802215
126,15.02.2017,6,2017,True,har,0.0158350681151763,0.01789063434779048
126,16.02.2017,6,2017,True,har,0.0158974105059599,0.017083739863357275
126,17.02.2017,6,2017,True,har,0.0161686409888709,0.01701334377985221
126,21.02.2017,6,2017,True,har,0.0162037516158127,0.016287180264310742
126,22.02.2017,6,2017,True,har,0.01616136252979,0.016626043651643538
126,23.02.2017,6,2017,True,har,0.016163009505164,0.0170001174595532
126,24.02.2017,6,2017,True,har,0.0161613268659172,0.017123821005500427
126,27.02.2017,6,2017,True,har,0.0161756728582897,0.016842343131258188
126,28.02.2017,6,2017,True,har,0.0161900413575835,0.016452568405805723
126,01.03.2017,6,2017,True,har,0.0161916572857308,0.016447379697034765
126,02.03.2017,6,2017,True,har,0.0162872802600928,0.01614849360067595
126,03.03.2017,6,2017,True,har,0.0164499483603814,0.016248371083436824
126,06.03.2017,6,2017,True,har,0.0164485281612154,0.016547506928951548
126,07.03.2017,6,2017,True,har,0.0165502114349988,0.01623414310314213
126,08.03.2017,6,2017,True,har,0.0159566560581563,0.015797903524406555
126,09.03.2017,6,2017,True,har,0.0158842050838902,0.020028507997455973
126,10.03.2017,6,2017,True,har,0.0158638702767263,0.01942552962313848
126,13.03.2017,6,2017,True,har,0.0158638649536232,0.01917430691187676
126,14.03.2017,6,2017,True,har,0.0158583525236221,0.018371090806188647
126,15.03.2017,6,2017,True,har,0.0158496280194657,0.018326502431790986
126,16.03.2017,6,2017,True,har,0.0158552493890635,0.018548904885779337
126,17.03.2017,6,2017,True,har,0.0158563956799618,0.018095827958225966
126,20.03.2017,6,2017,True,har,0.0158560931635773,0.01794667445672613
126,21.03.2017,6,2017,True,har,0.0158217843448005,0.01797418633751286
126,22.03.2017,6,2017,True,har,0.0159092494443135,0.01800562605327722
126,23.03.2017,6,2017,True,har,0.0159084234026467,0.017505920323229167
126,24.03.2017,6,2017,True,har,0.0159160042416849,0.017115087967156484
126,27.03.2017,6,2017,True,har,0.0162416663533556,0.017311841787029214
126,28.03.2017,6,2017,True,har,0.0162455352750616,0.017231485033036887
126,29.03.2017,6,2017,True,har,0.0161714358049812,0.017691731952029586
126,30.03.2017,6,2017,True,har,0.0161699501060156,0.018520804583548135
126,31.03.2017,6,2017,True,har,0.016168182570549,0.01830003169660869
126,03.04.2017,6,2017,True,har,0.0163229004648334,0.017959887826495324
126,04.04.2017,6,2017,True,har,0.0162336144099124,0.018012230792502127
126,05.04.2017,6,2017,True,har,0.0162345696477483,0.01876323442155576
126,06.04.2017,6,2017,True,har,0.0163212445419337,0.015945003258563357
126,07.04.2017,6,2017,True,har,0.0164606341220783,0.0157247353093144
126,10.04.2017,6,2017,True,har,0.0164198842914472,0.015119701693035746
126,11.04.2017,6,2017,True,har,0.0164667783462373,0.015364742194346104
126,12.04.2017,6,2017,True,har,0.0164637779333342,0.014824922112533421
126,13.04.2017,6,2017,True,har,0.0165004092469134,0.014977691663750016
126,17.04.2017,6,2017,True,har,0.0165402437586686,0.01480669895781481
126,18.04.2017,6,2017,True,har,0.0165503662382586,0.01532029212702394
126,19.04.2017,6,2017,True,har,0.0162176001983793,0.015287645477028586
126,20.04.2017,6,2017,True,har,0.0162213687506367,0.017730625400746585
126,21.04.2017,6,2017,True,har,0.0161876720702678,0.016905444725860055
126,24.04.2017,6,2017,True,har,0.0161893805913828,0.01770762373128664
126,25.04.2017,6,2017,True,har,0.0161838284782708,0.01747521812104002
126,26.04.2017,6,2017,True,har,0.0162353778172601,0.01777386969608112
126,27.04.2017,6,2017,True,har,0.0162184517667504,0.0172598320985582
126,28.04.2017,6,2017,True,har,0.0162585956303345,0.016910040635281513
126,01.05.2017,6,2017,True,har,0.016330205154251,0.016668818237563825
126,02.05.2017,6,2017,True,har,0.016218865562128,0.016617172692463697
126,03.05.2017,6,2017,True,har,0.0162220986874094,0.017388310067523106
126,04.05.2017,6,2017,True,har,0.0155879917547742,0.016737787277501588
126,05.05.2017,6,2017,True,har,0.0155864667804664,0.019930532504096345
126,08.05.2017,6,2017,True,har,0.0157064718066481,0.01938916541229976
126,09.05.2017,6,2017,True,har,0.0159260995338104,0.01917792053758123
126,10.05.2017,6,2017,True,har,0.0157582002396269,0.01904850359687084
126,11.05.2017,6,2017,True,har,0.0157436310667102,0.020593785248871593
126,12.05.2017,6,2017,True,har,0.0157502193575305,0.019615868658957373
126,15.05.2017,6,2017,True,har,0.0156903022263632,0.01940553095764351
126,16.05.2017,6,2017,True,har,0.0156977467410159,0.020191773527588386
126,17.05.2017,6,2017,True,har,0.0157463129982326,0.019669870115218917
126,18.05.2017,6,2017,True,har,0.0157532694530893,0.018906107037461803
126,19.05.2017,6,2017,True,har,0.0156788352864348,0.018808488094533022
126,22.05.2017,6,2017,True,har,0.0157851778846064,0.01921449128584235
126,23.05.2017,6,2017,True,har,0.0158023103350003,0.018747164399762265
126,24.05.2017,6,2017,True,har,0.0158018875622546,0.01861942596250539
126,25.05.2017,6,2017,True,har,0.015214890709524,0.018661531288963654
126,26.05.2017,6,2017,True,har,0.0151913201475658,0.022010732472728174
126,30.05.2017,6,2017,True,har,0.0151771301980762,0.021232039069518677
126,31.05.2017,6,2017,True,har,0.0149173994837909,0.021041482248538024
126,01.06.2017,6,2017,True,har,0.0149421644241587,0.021893122611783517
126,02.06.2017,6,2017,True,har,0.0149261609111743,0.021209725537567448
126,05.06.2017,6,2017,True,har,0.0148927993648417,0.019455321579577946
126,06.06.2017,6,2017,True,har,0.0149497811813485,0.019243004784318785
126,07.06.2017,6,2017,True,har,0.0144306055856096,0.019623520709323834
126,08.06.2017,6,2017,True,har,0.0146431472026343,0.021562071378330647
126,09.06.2017,6,2017,True,har,0.0146912795656568,0.020037300527262724
126,12.06.2017,6,2017,True,har,0.0147696953299118,0.02007353153881787
126,13.06.2017,6,2017,True,har,0.0148446315136786,0.020030036642962885
126,14.06.2017,6,2017,True,har,0.0145958176096481,0.01989767726331617
126,15.06.2017,6,2017,True,har,0.0146669929434738,0.021067187392419418
126,16.06.2017,6,2017,True,har,0.0146889973771711,0.020128070200627547
126,19.06.2017,6,2017,True,har,0.0146526525004083,0.020397770947788847
126,20.06.2017,6,2017,True,har,0.0145246329932366,0.01993946575925242
126,21.06.2017,6,2017,True,har,0.0142929555411646,0.020086971770196714
126,22.06.2017,6,2017,True,har,0.0143054438665991,0.020184812648237647
126,23.06.2017,6,2017,True,har,0.0143020900172622,0.020074957969313682
126,26.06.2017,6,2017,True,har,0.0143004330450214,0.019048870744693674
126,27.06.2017,6,2017,True,har,0.0143981600493227,0.018921701901929298
126,28.06.2017,6,2017,True,har,0.0143995091272998,0.019596070092014486
126,29.06.2017,6,2017,True,har,0.0144000964171245,0.0186886876134292
126,30.06.2017,6,2017,True,har,0.0143886010120954,0.018495738117646883
126,03.07.2017,6,2017,True,har,0.0140736355897646,0.018780971908604196
126,05.07.2017,6,2017,True,har,0.0136577636858671,0.0205633781394561
126,06.07.2017,6,2017,True,har,0.0136534056841569,0.02210492131079874
126,07.07.2017,6,2017,True,har,0.0133696659582127,0.020336250823673366
126,10.07.2017,6,2017,True,har,0.0133696150027462,0.02158033509377186
126,11.07.2017,6,2017,True,har,0.0133810470777991,0.02093541987797312
126,12.07.2017,6,2017,True,har,0.0133821718112139,0.02096806215955922
126,13.07.2017,6,2017,True,har,0.013345521637328,0.020394967104184425
126,14.07.2017,6,2017,True,har,0.0133403900275066,0.019943464050478872
126,17.07.2017,6,2017,True,har,0.0133426532356316,0.019256595223114285
126,18.07.2017,6,2017,True,har,0.0133325404591674,0.019552047995159916
126,19.07.2017,6,2017,True,har,0.0132713509136385,0.01943507819375864
126,20.07.2017,6,2017,True,har,0.0132860008097283,0.019516331247477377
126,21.07.2017,6,2017,True,har,0.0130474471403679,0.01880230737123223
126,24.07.2017,6,2017,True,har,0.0130601676602247,0.020031370632744516
126,25.07.2017,6,2017,True,har,0.0127979173019443,0.01976444690255528
126,26.07.2017,6,2017,True,har,0.0127537923629165,0.02103724774055893
126,27.07.2017,6,2017,True,har,0.0127359583327194,0.020589359282557576
126,28.07.2017,6,2017,True,har,0.0127365474826215,0.02037385041946899
126,31.07.2017,6,2017,True,har,0.012759397161585,0.020154304199081007
126,01.08.2017,6,2017,True,har,0.0127583120182976,0.01984363339607614
126,02.08.2017,6,2017,True,har,0.0127424524940169,0.018983297222075
126,03.08.2017,6,2017,True,har,0.0127456651891952,0.017858782959695358
126,04.08.2017,6,2017,True,har,0.0128175199546294,0.018027342802934585
126,07.08.2017,6,2017,True,har,0.0128697855783766,0.016797310603269264
126,08.08.2017,6,2017,True,har,0.0130109559943117,0.01666521560901992
126,09.08.2017,6,2017,True,har,0.0130340770272929,0.016769813315727793
126,10.08.2017,6,2017,True,har,0.0132834125435087,0.017034596001523915
126,11.08.2017,6,2017,True,har,0.0132883100518147,0.017532465011002467
126,14.08.2017,6,2017,True,har,0.0130465122400952,0.017195175120566276
126,15.08.2017,6,2017,True,har,0.0132223355561967,0.018579071257005798
126,16.08.2017,6,2017,True,har,0.0131774227344863,0.017982012750673564
126,17.08.2017,6,2017,True,har,0.0131362656992426,0.01795142883049703
126,18.08.2017,6,2017,True,har,0.0128507746140642,0.01830757903167687
126,21.08.2017,6,2017,True,har,0.0126981291179042,0.019086895399406983
126,22.08.2017,6,2017,True,har,0.012748213960772,0.019135572909808822
126,23.08.2017,6,2017,True,har,0.0127508199326214,0.018020650190884824
126,24.08.2017,6,2017,True,har,0.0127046610171793,0.01812234441784761
126,25.08.2017,6,2017,True,har,0.0127667598701595,0.01814434279721483
126,28.08.2017,6,2017,True,har,0.012790635919766,0.01744218396003049
126,29.08.2017,6,2017,True,har,0.0127933095172791,0.017428754850762243
126,30.08.2017,6,2017,True,har,0.012770558202055,0.01724921242522476
126,31.08.2017,6,2017,True,har,0.0126126574927122,0.018138355407888412
126,01.09.2017,6,2017,True,har,0.0126111870678085,0.01938292524464246
126,05.09.2017,6,2017,True,har,0.012685230170075,0.018672927690730753
126,06.09.2017,6,2017,True,har,0.0126761380616324,0.01944325908139398
126,07.09.2017,6,2017,True,har,0.0129121659167716,0.019460814684985974
126,08.09.2017,6,2017,True,har,0.012875632273697,0.018782609361178308
126,11.09.2017,6,2017,True,har,0.0128877553199647,0.018966505765061807
126,12.09.2017,6,2017,True,har,0.0128763811623268,0.018675167882665003
126,13.09.2017,6,2017,True,har,0.0128087135851531,0.018079876183622248
126,14.09.2017,6,2017,True,har,0.0128754356200906,0.01840701773160437
126,15.09.2017,6,2017,True,har,0.0128793918673561,0.017981463507823366
126,18.09.2017,6,2017,True,har,0.0129870262654634,0.017592009131850838
126,19.09.2017,6,2017,True,har,0.0132121866034794,0.016926697928865253
126,20.09.2017,6,2017,True,har,0.0131327034192957,0.016654390899661954
126,21.09.2017,6,2017,True,har,0.0132588879257559,0.01735058022399097
126,22.09.2017,6,2017,True,har,0.0132608473159328,0.016844910633440652
126,25.09.2017,6,2017,True,har,0.0128699881007641,0.0167878740785113
126,26.09.2017,6,2017,True,har,0.0128597804972496,0.01872894340948985
126,27.09.2017,6,2017,True,har,0.0128498119888629,0.018146216152881707
126,28.09.2017,6,2017,True,har,0.0132986286086856,0.018366957746517396
126,29.09.2017,6,2017,True,har,0.0133083061578778,0.01790518101170722
126,02.10.2017,6,2017,True,har,0.0130993818556309,0.017223462428896313
126,03.10.2017,6,2017,True,har,0.013097954413495,0.01799153595565685
126,04.10.2017,6,2017,True,har,0.0132061417233883,0.017261110028358218
126,05.10.2017,6,2017,True,har,0.013223659039338,0.017171161238463236
126,06.10.2017,6,2017,True,har,0.0133350311890665,0.018193145035996915
126,09.10.2017,6,2017,True,har,0.0133797716652039,0.01879462760012893
126,10.10.2017,6,2017,True,har,0.013333986729537,0.018167267542847847
126,11.10.2017,6,2017,True,har,0.0133396231669872,0.01860199791463092
126,12.10.2017,6,2017,True,har,0.0133773258021798,0.01823003637945914
126,13.10.2017,6,2017,True,har,0.0133153666608608,0.01841182392708489
126,16.10.2017,6,2017,True,har,0.013465801741681,0.018482636594616783
126,17.10.2017,6,2017,True,har,0.0134669592316898,0.01843483586325647
126,18.10.2017,6,2017,True,har,0.0134657768012531,0.01811428116378707
126,19.10.2017,6,2017,True,har,0.0133830701469842,0.01792337702966272
126,20.10.2017,6,2017,True,har,0.013422603090221,0.018488705952695948
126,23.10.2017,6,2017,True,har,0.0134006070050388,0.018272485353230533
126,24.10.2017,6,2017,True,har,0.0133557905184558,0.016985070968763685
126,25.10.2017,6,2017,True,har,0.0133590373168516,0.017565175552842135
126,26.10.2017,6,2017,True,har,0.0133186908381465,0.017140629160942188
126,27.10.2017,6,2017,True,har,0.0132301621279724,0.017363231750543967
126,30.10.2017,6,2017,True,har,0.013421995085197,0.017795118737648333
126,31.10.2017,6,2017,True,har,0.0134117209506907,0.016611751168343885
126,01.11.2017,6,2017,True,har,0.0134791787648789,0.01656655746655049
126,02.11.2017,6,2017,True,har,0.0135027779220591,0.01643826796517068
126,03.11.2017,6,2017,True,har,0.0134679169584769,0.016748120323795336
126,06.11.2017,6,2017,True,har,0.0133969434846391,0.016631802378170107
126,07.11.2017,6,2017,True,har,0.0133645720039854,0.017998058215706395
126,08.11.2017,6,2017,True,har,0.0133690297416507,0.01767216142111349
126,09.11.2017,6,2017,True,har,0.0134088522536363,0.017617855760222116
126,10.11.2017,6,2017,True,har,0.0133896530194719,0.017274578550926137
126,13.11.2017,6,2017,True,har,0.0133976092432581,0.017285169190118497
126,14.11.2017,6,2017,True,har,0.01331161599077,0.016763097398346607
126,15.11.2017,6,2017,True,har,0.0133378845098557,0.0173978867755361
126,16.11.2017,6,2017,True,har,0.013321330498796,0.017241112018001385
126,17.11.2017,6,2017,True,har,0.0132029287786025,0.016905249325339884
126,20.11.2017,6,2017,True,har,0.0131732639372481,0.017985862999858056
126,21.11.2017,6,2017,True,har,0.0132340273812436,0.017701216873156986
126,22.11.2017,6,2017,True,har,0.0135078011182203,0.017431771791236072
126,24.11.2017,6,2017,True,har,0.0135615789362048,0.01763890181096667
126,27.11.2017,6,2017,True,har,0.0137612971329311,0.01736972483682443
126,28.11.2017,6,2017,True,har,0.0137535803841266,0.01681677031747211
126,29.11.2017,6,2017,True,har,0.0137280638104922,0.016829139471182274
126,30.11.2017,6,2017,True,har,0.0140061703608104,0.017076986022832013
126,01.12.2017,6,2017,True,har,0.0140042291329384,0.017022686328338126
126,04.12.2017,6,2017,True,har,0.013912789634026,0.016663353271220673
126,05.12.2017,6,2017,True,har,0.0140718669543016,0.01699618730620185
126,06.12.2017,6,2017,True,har,0.0138928611043695,0.01551465820056189
126,07.12.2017,6,2017,True,har,0.0138356857187802,0.016870126553412586
126,08.12.2017,6,2017,True,har,0.0137704021446198,0.01705634660880312
126,11.12.2017,6,2017,True,har,0.0136964110107105,0.01761644877519331
126,12.12.2017,6,2017,True,har,0.0135895091417311,0.017938066131741155
126,13.12.2017,6,2017,True,har,0.0138715180902314,0.01852484261025931
126,14.12.2017,6,2017,True,har,0.0139948805659861,0.01818922688824988
126,15.12.2017,6,2017,True,har,0.0139995579392743,0.018281436726018653
126,18.12.2017,6,2017,True,har,0.0140087592402666,0.01781977290489545
126,19.12.2017,6,2017,True,har,0.0141662041983333,0.01728665775256965
126,20.12.2017,6,2017,True,har,0.014429596135233,0.017145791258772518
126,21.12.2017,6,2017,True,har,0.0144655240801146,0.01715944387107027
126,22.12.2017,6,2017,True,har,0.0145680538164756,0.016849094666458488
126,26.12.2017,6,2017,True,har,0.0144569275258651,0.0167478264703421
126,27.12.2017,6,2017,True,har,0.0144306123110593,0.01807853319845796
126,28.12.2017,6,2017,True,har,0.0145269661153699,0.017912396941812587
126,29.12.2017,6,2017,True,har,0.0147477645267919,0.017715148620614442
126,03.01.2017,6,2017,True,har_ovx,0.0161991940046424,0.018372922300368435
126,04.01.2017,6,2017,True,har_ovx,0.0161260814648273,0.0187233348379737
126,05.01.2017,6,2017,True,har_ovx,0.0163010786126295,0.018617707320220788
126,06.01.2017,6,2017,True,har_ovx,0.0163009463075051,0.018182025378909734
126,09.01.2017,6,2017,True,har_ovx,0.016013370674951,0.017689639774432078
126,10.01.2017,6,2017,True,har_ovx,0.0158897982800888,0.019445151947179475
126,11.01.2017,6,2017,True,har_ovx,0.0157517688334053,0.01932880919209645
126,12.01.2017,6,2017,True,har_ovx,0.0157059418875373,0.019139525698299076
126,13.01.2017,6,2017,True,har_ovx,0.0157060355438066,0.018863881047752575
126,17.01.2017,6,2017,True,har_ovx,0.0157293796207617,0.01808850697430969
126,18.01.2017,6,2017,True,har_ovx,0.0156215336700907,0.01815455177959732
126,19.01.2017,6,2017,True,har_ovx,0.0156287357874299,0.01846106584003395
126,20.01.2017,6,2017,True,har_ovx,0.0156201606076572,0.018082057139785848
126,23.01.2017,6,2017,True,har_ovx,0.01565520318902,0.017723424935437118
126,24.01.2017,6,2017,True,har_ovx,0.0159303585346849,0.018093158325553915
126,25.01.2017,6,2017,True,har_ovx,0.0159854489756784,0.017636599068119038
126,26.01.2017,6,2017,True,har_ovx,0.0158987834810405,0.017935032171465547
126,27.01.2017,6,2017,True,har_ovx,0.0159649600047278,0.017797849715719884
126,30.01.2017,6,2017,True,har_ovx,0.0159612040807409,0.017802673396032642
126,31.01.2017,6,2017,True,har_ovx,0.0159413918233877,0.018156149565441492
126,01.02.2017,6,2017,True,har_ovx,0.0159468610937605,0.018340261930757537
126,02.02.2017,6,2017,True,har_ovx,0.0158869292740427,0.018001295849085774
126,03.02.2017,6,2017,True,har_ovx,0.0158986813828355,0.017672780076605075
126,06.02.2017,6,2017,True,har_ovx,0.015809470161925,0.017076842855459393
126,07.02.2017,6,2017,True,har_ovx,0.0157791129180066,0.017737439037971446
126,08.02.2017,6,2017,True,har_ovx,0.0158094843965158,0.01761151698176207
126,09.02.2017,6,2017,True,har_ovx,0.0158415671221456,0.017244097263279117
126,10.02.2017,6,2017,True,har_ovx,0.0157486887833009,0.01692266402765221
126,13.02.2017,6,2017,True,har_ovx,0.0158271258420905,0.016380611741028332
126,14.02.2017,6,2017,True,har_ovx,0.015813818044315,0.01663245124649905
126,15.02.2017,6,2017,True,har_ovx,0.0158350681151763,0.016692060103615635
126,16.02.2017,6,2017,True,har_ovx,0.0158974105059599,0.0166445232772166
126,17.02.2017,6,2017,True,har_ovx,0.0161686409888709,0.016483649610928602
126,21.02.2017,6,2017,True,har_ovx,0.0162037516158127,0.015630647335521785
126,22.02.2017,6,2017,True,har_ovx,0.01616136252979,0.015945414541395912
126,23.02.2017,6,2017,True,har_ovx,0.016163009505164,0.01646514928864113
126,24.02.2017,6,2017,True,har_ovx,0.0161613268659172,0.015997586356703532
126,27.02.2017,6,2017,True,har_ovx,0.0161756728582897,0.015908708999871783
126,28.02.2017,6,2017,True,har_ovx,0.0161900413575835,0.015533762157437202
126,01.03.2017,6,2017,True,har_ovx,0.0161916572857308,0.015734859168743794
126,02.03.2017,6,2017,True,har_ovx,0.0162872802600928,0.015370650244617555
126,03.03.2017,6,2017,True,har_ovx,0.0164499483603814,0.015916162808204435
126,06.03.2017,6,2017,True,har_ovx,0.0164485281612154,0.015853326317883405
126,07.03.2017,6,2017,True,har_ovx,0.0165502114349988,0.016229314182077053
126,08.03.2017,6,2017,True,har_ovx,0.0159566560581563,0.015979050349795514
126,09.03.2017,6,2017,True,har_ovx,0.0158842050838902,0.018806511653415004
126,10.03.2017,6,2017,True,har_ovx,0.0158638702767263,0.01859880363679884
126,13.03.2017,6,2017,True,har_ovx,0.0158638649536232,0.019099732939936616
126,14.03.2017,6,2017,True,har_ovx,0.0158583525236221,0.01849900647471294
126,15.03.2017,6,2017,True,har_ovx,0.0158496280194657,0.018834838305509572
126,16.03.2017,6,2017,True,har_ovx,0.0158552493890635,0.017802023502067603
126,17.03.2017,6,2017,True,har_ovx,0.0158563956799618,0.017113652147332254
126,20.03.2017,6,2017,True,har_ovx,0.0158560931635773,0.016662335454485613
126,21.03.2017,6,2017,True,har_ovx,0.0158217843448005,0.016920777418800242
126,22.03.2017,6,2017,True,har_ovx,0.0159092494443135,0.017880315151985425
126,23.03.2017,6,2017,True,har_ovx,0.0159084234026467,0.01759095651457445
126,24.03.2017,6,2017,True,har_ovx,0.0159160042416849,0.017407973025716277
126,27.03.2017,6,2017,True,har_ovx,0.0162416663533556,0.017891439946507215
126,28.03.2017,6,2017,True,har_ovx,0.0162455352750616,0.01777986791370357
126,29.03.2017,6,2017,True,har_ovx,0.0161714358049812,0.01759763546305322
126,30.03.2017,6,2017,True,har_ovx,0.0161699501060156,0.017270935739638456
126,31.03.2017,6,2017,True,har_ovx,0.016168182570549,0.016914020080427528
126,03.04.2017,6,2017,True,har_ovx,0.0163229004648334,0.016727206367125987
126,04.04.2017,6,2017,True,har_ovx,0.0162336144099124,0.016500745429336227
126,05.04.2017,6,2017,True,har_ovx,0.0162345696477483,0.017090647528759103
126,06.04.2017,6,2017,True,har_ovx,0.0163212445419337,0.016478040889785883
126,07.04.2017,6,2017,True,har_ovx,0.0164606341220783,0.016137701544246347
126,10.04.2017,6,2017,True,har_ovx,0.0164198842914472,0.016274591835472658
126,11.04.2017,6,2017,True,har_ovx,0.0164667783462373,0.01607993921878838
126,12.04.2017,6,2017,True,har_ovx,0.0164637779333342,0.016155289868168526
126,13.04.2017,6,2017,True,har_ovx,0.0165004092469134,0.01605361032108859
126,17.04.2017,6,2017,True,har_ovx,0.0165402437586686,0.015663321946190294
126,18.04.2017,6,2017,True,har_ovx,0.0165503662382586,0.015710300447505234
126,19.04.2017,6,2017,True,har_ovx,0.0162176001983793,0.016102260690703283
126,20.04.2017,6,2017,True,har_ovx,0.0162213687506367,0.01769003190470201
126,21.04.2017,6,2017,True,har_ovx,0.0161876720702678,0.01667576230774137
126,24.04.2017,6,2017,True,har_ovx,0.0161893805913828,0.01767852026243386
126,25.04.2017,6,2017,True,har_ovx,0.0161838284782708,0.01750120977887415
126,26.04.2017,6,2017,True,har_ovx,0.0162353778172601,0.01737390427711793
126,27.04.2017,6,2017,True,har_ovx,0.0162184517667504,0.01726499722794216
126,28.04.2017,6,2017,True,har_ovx,0.0162585956303345,0.01742832995439323
126,01.05.2017,6,2017,True,har_ovx,0.016330205154251,0.016902448639197435
126,02.05.2017,6,2017,True,har_ovx,0.016218865562128,0.017204261726958547
126,03.05.2017,6,2017,True,har_ovx,0.0162220986874094,0.018442182967631192
126,04.05.2017,6,2017,True,har_ovx,0.0155879917547742,0.01846076429273298
126,05.05.2017,6,2017,True,har_ovx,0.0155864667804664,0.01984998907746422
126,08.05.2017,6,2017,True,har_ovx,0.0157064718066481,0.01925377943221542
126,09.05.2017,6,2017,True,har_ovx,0.0159260995338104,0.01916746160894438
126,10.05.2017,6,2017,True,har_ovx,0.0157582002396269,0.01932575838039508
126,11.05.2017,6,2017,True,har_ovx,0.0157436310667102,0.019585024282797098
126,12.05.2017,6,2017,True,har_ovx,0.0157502193575305,0.019253661138288167
126,15.05.2017,6,2017,True,har_ovx,0.0156903022263632,0.01916481940318293
126,16.05.2017,6,2017,True,har_ovx,0.0156977467410159,0.019162112901128157
126,17.05.2017,6,2017,True,har_ovx,0.0157463129982326,0.01912058154579308
126,18.05.2017,6,2017,True,har_ovx,0.0157532694530893,0.019228650318668515
126,19.05.2017,6,2017,True,har_ovx,0.0156788352864348,0.018782554640265
126,22.05.2017,6,2017,True,har_ovx,0.0157851778846064,0.01782038122039347
126,23.05.2017,6,2017,True,har_ovx,0.0158023103350003,0.0179604330641853
126,24.05.2017,6,2017,True,har_ovx,0.0158018875622546,0.018379635831078194
126,25.05.2017,6,2017,True,har_ovx,0.015214890709524,0.018067362702002408
126,26.05.2017,6,2017,True,har_ovx,0.0151913201475658,0.019557159268078335
126,30.05.2017,6,2017,True,har_ovx,0.0151771301980762,0.018148377406203706
126,31.05.2017,6,2017,True,har_ovx,0.0149173994837909,0.018172395969423077
126,01.06.2017,6,2017,True,har_ovx,0.0149421644241587,0.019170872051039956
126,02.06.2017,6,2017,True,har_ovx,0.0149261609111743,0.018487582837821075
126,05.06.2017,6,2017,True,har_ovx,0.0148927993648417,0.018752173839869615
126,06.06.2017,6,2017,True,har_ovx,0.0149497811813485,0.019196791240072144
126,07.06.2017,6,2017,True,har_ovx,0.0144306055856096,0.018682690999033285
126,08.06.2017,6,2017,True,har_ovx,0.0146431472026343,0.019909418543069442
126,09.06.2017,6,2017,True,har_ovx,0.0146912795656568,0.019309672149671723
126,12.06.2017,6,2017,True,har_ovx,0.0147696953299118,0.01886615232005331
126,13.06.2017,6,2017,True,har_ovx,0.0148446315136786,0.019336271655831756
126,14.06.2017,6,2017,True,har_ovx,0.0145958176096481,0.018765635311578988
126,15.06.2017,6,2017,True,har_ovx,0.0146669929434738,0.01899681656847475
126,16.06.2017,6,2017,True,har_ovx,0.0146889973771711,0.018605603881900586
126,19.06.2017,6,2017,True,har_ovx,0.0146526525004083,0.01724256728668047
126,20.06.2017,6,2017,True,har_ovx,0.0145246329932366,0.018053594966204463
126,21.06.2017,6,2017,True,har_ovx,0.0142929555411646,0.018920771557124873
126,22.06.2017,6,2017,True,har_ovx,0.0143054438665991,0.019290955835183688
126,23.06.2017,6,2017,True,har_ovx,0.0143020900172622,0.018919619979046412
126,26.06.2017,6,2017,True,har_ovx,0.0143004330450214,0.018485872716595915
126,27.06.2017,6,2017,True,har_ovx,0.0143981600493227,0.018404052775795092
126,28.06.2017,6,2017,True,har_ovx,0.0143995091272998,0.018761145667510734
126,29.06.2017,6,2017,True,har_ovx,0.0144000964171245,0.01809395903311289
126,30.06.2017,6,2017,True,har_ovx,0.0143886010120954,0.017866839153172536
126,03.07.2017,6,2017,True,har_ovx,0.0140736355897646,0.01731697751619945
126,05.07.2017,6,2017,True,har_ovx,0.0136577636858671,0.01829397025375254
126,06.07.2017,6,2017,True,har_ovx,0.0136534056841569,0.019362529521244932
126,07.07.2017,6,2017,True,har_ovx,0.0133696659582127,0.01897784153526673
126,10.07.2017,6,2017,True,har_ovx,0.0133696150027462,0.019421590994175234
126,11.07.2017,6,2017,True,har_ovx,0.0133810470777991,0.01919265605964214
126,12.07.2017,6,2017,True,har_ovx,0.0133821718112139,0.01941424094680961
126,13.07.2017,6,2017,True,har_ovx,0.013345521637328,0.018879971900182094
126,14.07.2017,6,2017,True,har_ovx,0.0133403900275066,0.018600748467219243
126,17.07.2017,6,2017,True,har_ovx,0.0133426532356316,0.01796812438516504
126,18.07.2017,6,2017,True,har_ovx,0.0133325404591674,0.018119407953991595
126,19.07.2017,6,2017,True,har_ovx,0.0132713509136385,0.0178574853015912
126,20.07.2017,6,2017,True,har_ovx,0.0132860008097283,0.017768508013288664
126,21.07.2017,6,2017,True,har_ovx,0.0130474471403679,0.01748950441389861
126,24.07.2017,6,2017,True,har_ovx,0.0130601676602247,0.017768029283718664
126,25.07.2017,6,2017,True,har_ovx,0.0127979173019443,0.01763691125625398
126,26.07.2017,6,2017,True,har_ovx,0.0127537923629165,0.01792174854652409
126,27.07.2017,6,2017,True,har_ovx,0.0127359583327194,0.017846878089879396
126,28.07.2017,6,2017,True,har_ovx,0.0127365474826215,0.017922296117481473
126,31.07.2017,6,2017,True,har_ovx,0.012759397161585,0.017998809229138317
126,01.08.2017,6,2017,True,har_ovx,0.0127583120182976,0.018199913653309606
126,02.08.2017,6,2017,True,har_ovx,0.0127424524940169,0.01795329354861483
126,03.08.2017,6,2017,True,har_ovx,0.0127456651891952,0.0177640935944934
126,04.08.2017,6,2017,True,har_ovx,0.0128175199546294,0.017512186422595936
126,07.08.2017,6,2017,True,har_ovx,0.0128697855783766,0.016934103446080637
126,08.08.2017,6,2017,True,har_ovx,0.0130109559943117,0.016946599153776224
126,09.08.2017,6,2017,True,har_ovx,0.0130340770272929,0.017241863174312283
126,10.08.2017,6,2017,True,har_ovx,0.0132834125435087,0.017175881955897747
126,11.08.2017,6,2017,True,har_ovx,0.0132883100518147,0.01734867190662825
126,14.08.2017,6,2017,True,har_ovx,0.0130465122400952,0.016916902118609467
126,15.08.2017,6,2017,True,har_ovx,0.0132223355561967,0.017523776605780982
126,16.08.2017,6,2017,True,har_ovx,0.0131774227344863,0.017335864425588224
126,17.08.2017,6,2017,True,har_ovx,0.0131362656992426,0.017345748999472582
126,18.08.2017,6,2017,True,har_ovx,0.0128507746140642,0.017465123054714222
126,21.08.2017,6,2017,True,har_ovx,0.0126981291179042,0.017019166267015072
126,22.08.2017,6,2017,True,har_ovx,0.012748213960772,0.01741238920417226
126,23.08.2017,6,2017,True,har_ovx,0.0127508199326214,0.016852405480701497
126,24.08.2017,6,2017,True,har_ovx,0.0127046610171793,0.0168657022038633
126,25.08.2017,6,2017,True,har_ovx,0.0127667598701595,0.017054196962231673
126,28.08.2017,6,2017,True,har_ovx,0.012790635919766,0.01713400408876401
126,29.08.2017,6,2017,True,har_ovx,0.0127933095172791,0.017709562743044287
126,30.08.2017,6,2017,True,har_ovx,0.012770558202055,0.017672264982649143
126,31.08.2017,6,2017,True,har_ovx,0.0126126574927122,0.01766558600735353
126,01.09.2017,6,2017,True,har_ovx,0.0126111870678085,0.01762937995596124
126,05.09.2017,6,2017,True,har_ovx,0.012685230170075,0.017305845432929623
126,06.09.2017,6,2017,True,har_ovx,0.0126761380616324,0.017756509735711305
126,07.09.2017,6,2017,True,har_ovx,0.0129121659167716,0.017908844655695325
126,08.09.2017,6,2017,True,har_ovx,0.012875632273697,0.01764552174918669
126,11.09.2017,6,2017,True,har_ovx,0.0128877553199647,0.017628921408946684
126,12.09.2017,6,2017,True,har_ovx,0.0128763811623268,0.016871154533405996
126,13.09.2017,6,2017,True,har_ovx,0.0128087135851531,0.01677581045675254
126,14.09.2017,6,2017,True,har_ovx,0.0128754356200906,0.016520401297158524
126,15.09.2017,6,2017,True,har_ovx,0.0128793918673561,0.016198200338355104
126,18.09.2017,6,2017,True,har_ovx,0.0129870262654634,0.016339595201326537
126,19.09.2017,6,2017,True,har_ovx,0.0132121866034794,0.01655435520420446
126,20.09.2017,6,2017,True,har_ovx,0.0131327034192957,0.0158827588052525
126,21.09.2017,6,2017,True,har_ovx,0.0132588879257559,0.016519910486953428
126,22.09.2017,6,2017,True,har_ovx,0.0132608473159328,0.016082714136015322
126,25.09.2017,6,2017,True,har_ovx,0.0128699881007641,0.01613656619552459
126,26.09.2017,6,2017,True,har_ovx,0.0128597804972496,0.016789654361097507
126,27.09.2017,6,2017,True,har_ovx,0.0128498119888629,0.016852259647740554
126,28.09.2017,6,2017,True,har_ovx,0.0132986286086856,0.01669314808384132
126,29.09.2017,6,2017,True,har_ovx,0.0133083061578778,0.016574114691916546
126,02.10.2017,6,2017,True,har_ovx,0.0130993818556309,0.016304730560028652
126,03.10.2017,6,2017,True,har_ovx,0.013097954413495,0.016912720821073916
126,04.10.2017,6,2017,True,har_ovx,0.0132061417233883,0.016747117688744956
126,05.10.2017,6,2017,True,har_ovx,0.013223659039338,0.016408908994827838
126,06.10.2017,6,2017,True,har_ovx,0.0133350311890665,0.01643850686851829
126,09.10.2017,6,2017,True,har_ovx,0.0133797716652039,0.01695891515409975
126,10.10.2017,6,2017,True,har_ovx,0.013333986729537,0.016644717424492396
126,11.10.2017,6,2017,True,har_ovx,0.0133396231669872,0.016491138972121868
126,12.10.2017,6,2017,True,har_ovx,0.0133773258021798,0.016342482129730655
126,13.10.2017,6,2017,True,har_ovx,0.0133153666608608,0.016202121747734288
126,16.10.2017,6,2017,True,har_ovx,0.013465801741681,0.016205273506501312
126,17.10.2017,6,2017,True,har_ovx,0.0134669592316898,0.01638377847722088
126,18.10.2017,6,2017,True,har_ovx,0.0134657768012531,0.016111108748877164
126,19.10.2017,6,2017,True,har_ovx,0.0133830701469842,0.016300290170054875
126,20.10.2017,6,2017,True,har_ovx,0.013422603090221,0.0164098795376292
126,23.10.2017,6,2017,True,har_ovx,0.0134006070050388,0.01568665452707282
126,24.10.2017,6,2017,True,har_ovx,0.0133557905184558,0.015684500007224017
126,25.10.2017,6,2017,True,har_ovx,0.0133590373168516,0.01601414326672796
126,26.10.2017,6,2017,True,har_ovx,0.0133186908381465,0.015803584165059087
126,27.10.2017,6,2017,True,har_ovx,0.0132301621279724,0.015842200074442
126,30.10.2017,6,2017,True,har_ovx,0.013421995085197,0.015916210353254107
126,31.10.2017,6,2017,True,har_ovx,0.0134117209506907,0.01573219074844271
126,01.11.2017,6,2017,True,har_ovx,0.0134791787648789,0.015719569696626357
126,02.11.2017,6,2017,True,har_ovx,0.0135027779220591,0.01578311765390538
126,03.11.2017,6,2017,True,har_ovx,0.0134679169584769,0.01587810537204292
126,06.11.2017,6,2017,True,har_ovx,0.0133969434846391,0.015627367756006233
126,07.11.2017,6,2017,True,har_ovx,0.0133645720039854,0.016628746083629572
126,08.11.2017,6,2017,True,har_ovx,0.0133690297416507,0.01711373431950739
126,09.11.2017,6,2017,True,har_ovx,0.0134088522536363,0.016792265856877167
126,10.11.2017,6,2017,True,har_ovx,0.0133896530194719,0.016907536845328565
126,13.11.2017,6,2017,True,har_ovx,0.0133976092432581,0.01728359759644128
126,14.11.2017,6,2017,True,har_ovx,0.01331161599077,0.01753216565026726
126,15.11.2017,6,2017,True,har_ovx,0.0133378845098557,0.017629910448438684
126,16.11.2017,6,2017,True,har_ovx,0.013321330498796,0.017461030677212275
126,17.11.2017,6,2017,True,har_ovx,0.0132029287786025,0.016918458515278477
126,20.11.2017,6,2017,True,har_ovx,0.0131732639372481,0.016603179268780285
126,21.11.2017,6,2017,True,har_ovx,0.0132340273812436,0.016556821565440086
126,22.11.2017,6,2017,True,har_ovx,0.0135078011182203,0.01630821400507591
126,24.11.2017,6,2017,True,har_ovx,0.0135615789362048,0.016446494956490726
126,27.11.2017,6,2017,True,har_ovx,0.0137612971329311,0.016409319711624352
126,28.11.2017,6,2017,True,har_ovx,0.0137535803841266,0.016824730153365046
126,29.11.2017,6,2017,True,har_ovx,0.0137280638104922,0.016766548429764407
126,30.11.2017,6,2017,True,har_ovx,0.0140061703608104,0.016784291553964607
126,01.12.2017,6,2017,True,har_ovx,0.0140042291329384,0.016020125358661753
126,04.12.2017,6,2017,True,har_ovx,0.013912789634026,0.015122990193882722
126,05.12.2017,6,2017,True,har_ovx,0.0140718669543016,0.015237016654818199
126,06.12.2017,6,2017,True,har_ovx,0.0138928611043695,0.014745027496466478
126,07.12.2017,6,2017,True,har_ovx,0.0138356857187802,0.015057680838029426
126,08.12.2017,6,2017,True,har_ovx,0.0137704021446198,0.015017404933361247
126,11.12.2017,6,2017,True,har_ovx,0.0136964110107105,0.015376814460474574
126,12.12.2017,6,2017,True,har_ovx,0.0135895091417311,0.01510967863202705
126,13.12.2017,6,2017,True,har_ovx,0.0138715180902314,0.015151077975602726
126,14.12.2017,6,2017,True,har_ovx,0.0139948805659861,0.01530596823779467
126,15.12.2017,6,2017,True,har_ovx,0.0139995579392743,0.015139316220963395
126,18.12.2017,6,2017,True,har_ovx,0.0140087592402666,0.01436073884432283
126,19.12.2017,6,2017,True,har_ovx,0.0141662041983333,0.013269259087013607
126,20.12.2017,6,2017,True,har_ovx,0.014429596135233,0.013441369918718618
126,21.12.2017,6,2017,True,har_ovx,0.0144655240801146,0.013701067253346178
126,22.12.2017,6,2017,True,har_ovx,0.0145680538164756,0.013034298816794535
126,26.12.2017,6,2017,True,har_ovx,0.0144569275258651,0.013534788475543284
126,27.12.2017,6,2017,True,har_ovx,0.0144306123110593,0.014481087248627227
126,28.12.2017,6,2017,True,har_ovx,0.0145269661153699,0.014210192744145582
126,29.12.2017,6,2017,True,har_ovx,0.0147477645267919,0.01417910075381141
126,03.01.2017,6,2017,True,har_gpr,0.0161991940046424,0.02339365582236414
126,04.01.2017,6,2017,True,har_gpr,0.0161260814648273,0.020089822817619816
126,05.01.2017,6,2017,True,har_gpr,0.0163010786126295,0.02041627573276773
126,06.01.2017,6,2017,True,har_gpr,0.0163009463075051,0.019887782946774332
126,09.01.2017,6,2017,True,har_gpr,0.016013370674951,0.01942631683609366
126,10.01.2017,6,2017,True,har_gpr,0.0158897982800888,0.02194941574623175
126,11.01.2017,6,2017,True,har_gpr,0.0157517688334053,0.022075209063350493
126,12.01.2017,6,2017,True,har_gpr,0.0157059418875373,0.022357548910766772
126,13.01.2017,6,2017,True,har_gpr,0.0157060355438066,0.022374615646491625
126,17.01.2017,6,2017,True,har_gpr,0.0157293796207617,0.02148033527379284
126,18.01.2017,6,2017,True,har_gpr,0.0156215336700907,0.019031826995193443
126,19.01.2017,6,2017,True,har_gpr,0.0156287357874299,0.019995290112355662
126,20.01.2017,6,2017,True,har_gpr,0.0156201606076572,0.019196184868182743
126,23.01.2017,6,2017,True,har_gpr,0.01565520318902,0.020161003959646314
126,24.01.2017,6,2017,True,har_gpr,0.0159303585346849,0.01971290920761538
126,25.01.2017,6,2017,True,har_gpr,0.0159854489756784,0.019631693864849076
126,26.01.2017,6,2017,True,har_gpr,0.0158987834810405,0.019361327328213867
126,27.01.2017,6,2017,True,har_gpr,0.0159649600047278,0.019908264850579147
126,30.01.2017,6,2017,True,har_gpr,0.0159612040807409,0.019765095258644817
126,31.01.2017,6,2017,True,har_gpr,0.0159413918233877,0.021881416505514156
126,01.02.2017,6,2017,True,har_gpr,0.0159468610937605,0.022038067862247934
126,02.02.2017,6,2017,True,har_gpr,0.0158869292740427,0.02173701838801546
126,03.02.2017,6,2017,True,har_gpr,0.0158986813828355,0.021961407111830557
126,06.02.2017,6,2017,True,har_gpr,0.015809470161925,0.021502661824028175
126,07.02.2017,6,2017,True,har_gpr,0.0157791129180066,0.018863755473208555
126,08.02.2017,6,2017,True,har_gpr,0.0158094843965158,0.017786585224247864
126,09.02.2017,6,2017,True,har_gpr,0.0158415671221456,0.017061323659041682
126,10.02.2017,6,2017,True,har_gpr,0.0157486887833009,0.016620501112574296
126,13.02.2017,6,2017,True,har_gpr,0.0158271258420905,0.01711830939823173
126,14.02.2017,6,2017,True,har_gpr,0.015813818044315,0.017990877950780398
126,15.02.2017,6,2017,True,har_gpr,0.0158350681151763,0.017662555058520275
126,16.02.2017,6,2017,True,har_gpr,0.0158974105059599,0.01686906116093498
126,17.02.2017,6,2017,True,har_gpr,0.0161686409888709,0.016796848292072106
126,21.02.2017,6,2017,True,har_gpr,0.0162037516158127,0.01605994598578153
126,22.02.2017,6,2017,True,har_gpr,0.01616136252979,0.01615678643515668
126,23.02.2017,6,2017,True,har_gpr,0.016163009505164,0.016542188969355026
126,24.02.2017,6,2017,True,har_gpr,0.0161613268659172,0.016670434280552485
126,27.02.2017,6,2017,True,har_gpr,0.0161756728582897,0.016400021023233603
126,28.02.2017,6,2017,True,har_gpr,0.0161900413575835,0.016433806331465215
126,01.03.2017,6,2017,True,har_gpr,0.0161916572857308,0.01641526460098042
126,02.03.2017,6,2017,True,har_gpr,0.0162872802600928,0.016110279373405294
126,03.03.2017,6,2017,True,har_gpr,0.0164499483603814,0.016188609215215616
126,06.03.2017,6,2017,True,har_gpr,0.0164485281612154,0.016507668091554333
126,07.03.2017,6,2017,True,har_gpr,0.0165502114349988,0.016336458165893436
126,08.03.2017,6,2017,True,har_gpr,0.0159566560581563,0.015903627389031193
126,09.03.2017,6,2017,True,har_gpr,0.0158842050838902,0.020166211727236965
126,10.03.2017,6,2017,True,har_gpr,0.0158638702767263,0.019568090734544005
126,13.03.2017,6,2017,True,har_gpr,0.0158638649536232,0.019297457548591194
126,14.03.2017,6,2017,True,har_gpr,0.0158583525236221,0.01771339537826451
126,15.03.2017,6,2017,True,har_gpr,0.0158496280194657,0.01766498378163407
126,16.03.2017,6,2017,True,har_gpr,0.0158552493890635,0.017857350850247
126,17.03.2017,6,2017,True,har_gpr,0.0158563956799618,0.01739872826315202
126,20.03.2017,6,2017,True,har_gpr,0.0158560931635773,0.017236808073946015
126,21.03.2017,6,2017,True,har_gpr,0.0158217843448005,0.01905009450499207
126,22.03.2017,6,2017,True,har_gpr,0.0159092494443135,0.019089092607230358
126,23.03.2017,6,2017,True,har_gpr,0.0159084234026467,0.018566124402416843
126,24.03.2017,6,2017,True,har_gpr,0.0159160042416849,0.018180132204522505
126,27.03.2017,6,2017,True,har_gpr,0.0162416663533556,0.018381057420767764
126,28.03.2017,6,2017,True,har_gpr,0.0162455352750616,0.017368448142653682
126,29.03.2017,6,2017,True,har_gpr,0.0161714358049812,0.017824627578506134
126,30.03.2017,6,2017,True,har_gpr,0.0161699501060156,0.018656995327111417
126,31.03.2017,6,2017,True,har_gpr,0.016168182570549,0.018431153106915128
126,03.04.2017,6,2017,True,har_gpr,0.0163229004648334,0.01810259500144437
126,04.04.2017,6,2017,True,har_gpr,0.0162336144099124,0.017378001060238495
126,05.04.2017,6,2017,True,har_gpr,0.0162345696477483,0.018126621989192557
126,06.04.2017,6,2017,True,har_gpr,0.0163212445419337,0.015339263559638987
126,07.04.2017,6,2017,True,har_gpr,0.0164606341220783,0.0151230155729076
126,10.04.2017,6,2017,True,har_gpr,0.0164198842914472,0.014516736507976372
126,11.04.2017,6,2017,True,har_gpr,0.0164667783462373,0.01623761799836134
126,12.04.2017,6,2017,True,har_gpr,0.0164637779333342,0.015692669909085223
126,13.04.2017,6,2017,True,har_gpr,0.0165004092469134,0.015861844493515413
126,17.04.2017,6,2017,True,har_gpr,0.0165402437586686,0.01569144562430026
126,18.04.2017,6,2017,True,har_gpr,0.0165503662382586,0.01558621975083406
126,19.04.2017,6,2017,True,har_gpr,0.0162176001983793,0.015538328607315164
126,20.04.2017,6,2017,True,har_gpr,0.0162213687506367,0.017991596975910597
126,21.04.2017,6,2017,True,har_gpr,0.0161876720702678,0.017178856105888363
126,24.04.2017,6,2017,True,har_gpr,0.0161893805913828,0.0179667442036888
126,25.04.2017,6,2017,True,har_gpr,0.0161838284782708,0.017905457813744217
126,26.04.2017,6,2017,True,har_gpr,0.0162353778172601,0.0182188513370845
126,27.04.2017,6,2017,True,har_gpr,0.0162184517667504,0.01767368293645449
126,28.04.2017,6,2017,True,har_gpr,0.0162585956303345,0.0173273136037199
126,01.05.2017,6,2017,True,har_gpr,0.016330205154251,0.01707643284414474
126,02.05.2017,6,2017,True,har_gpr,0.016218865562128,0.01656268423469734
126,03.05.2017,6,2017,True,har_gpr,0.0162220986874094,0.01733555261709084
126,04.05.2017,6,2017,True,har_gpr,0.0155879917547742,0.016701081417360535
126,05.05.2017,6,2017,True,har_gpr,0.0155864667804664,0.019916047368943247
126,08.05.2017,6,2017,True,har_gpr,0.0157064718066481,0.019387931231897863
126,09.05.2017,6,2017,True,har_gpr,0.0159260995338104,0.018369603458531912
126,10.05.2017,6,2017,True,har_gpr,0.0157582002396269,0.018239569901887964
126,11.05.2017,6,2017,True,har_gpr,0.0157436310667102,0.01979041526810588
126,12.05.2017,6,2017,True,har_gpr,0.0157502193575305,0.018746827938897082
126,15.05.2017,6,2017,True,har_gpr,0.0156903022263632,0.018538324235313586
126,16.05.2017,6,2017,True,har_gpr,0.0156977467410159,0.01913259506112687
126,17.05.2017,6,2017,True,har_gpr,0.0157463129982326,0.018600896413783888
126,18.05.2017,6,2017,True,har_gpr,0.0157532694530893,0.017825205674640087
126,19.05.2017,6,2017,True,har_gpr,0.0156788352864348,0.01772739672421434
126,22.05.2017,6,2017,True,har_gpr,0.0157851778846064,0.0181363263118034
126,23.05.2017,6,2017,True,har_gpr,0.0158023103350003,0.01768694034368217
126,24.05.2017,6,2017,True,har_gpr,0.0158018875622546,0.017550244475985206
126,25.05.2017,6,2017,True,har_gpr,0.015214890709524,0.01760204799694212
126,26.05.2017,6,2017,True,har_gpr,0.0151913201475658,0.020997983084414515
126,30.05.2017,6,2017,True,har_gpr,0.0151771301980762,0.020216822012321167
126,31.05.2017,6,2017,True,har_gpr,0.0149173994837909,0.02406067207646849
126,01.06.2017,6,2017,True,har_gpr,0.0149421644241587,0.024905901693519437
126,02.06.2017,6,2017,True,har_gpr,0.0149261609111743,0.024230542100960366
126,05.06.2017,6,2017,True,har_gpr,0.0148927993648417,0.022457603461714333
126,06.06.2017,6,2017,True,har_gpr,0.0149497811813485,0.02551375943701461
126,07.06.2017,6,2017,True,har_gpr,0.0144306055856096,0.02591151607444351
126,08.06.2017,6,2017,True,har_gpr,0.0146431472026343,0.02785045782471732
126,09.06.2017,6,2017,True,har_gpr,0.0146912795656568,0.02633984664512905
126,12.06.2017,6,2017,True,har_gpr,0.0147696953299118,0.026382710116280277
126,13.06.2017,6,2017,True,har_gpr,0.0148446315136786,0.020697406756416428
126,14.06.2017,6,2017,True,har_gpr,0.0145958176096481,0.020563787161191966
126,15.06.2017,6,2017,True,har_gpr,0.0146669929434738,0.021706690723165716
126,16.06.2017,6,2017,True,har_gpr,0.0146889973771711,0.020776160369854663
126,19.06.2017,6,2017,True,har_gpr,0.0146526525004083,0.02104595867391902
126,20.06.2017,6,2017,True,har_gpr,0.0145246329932366,0.022333768325238576
126,21.06.2017,6,2017,True,har_gpr,0.0142929555411646,0.02247355469609161
126,22.06.2017,6,2017,True,har_gpr,0.0143054438665991,0.022554693518189856
126,23.06.2017,6,2017,True,har_gpr,0.0143020900172622,0.022454597553718616
126,26.06.2017,6,2017,True,har_gpr,0.0143004330450214,0.021440131096493523
126,27.06.2017,6,2017,True,har_gpr,0.0143981600493227,0.018975240203543985
126,28.06.2017,6,2017,True,har_gpr,0.0143995091272998,0.019642215352635772
126,29.06.2017,6,2017,True,har_gpr,0.0144000964171245,0.018684717298904124
126,30.06.2017,6,2017,True,har_gpr,0.0143886010120954,0.018499751119494583
126,03.07.2017,6,2017,True,har_gpr,0.0140736355897646,0.01878130057513548
126,05.07.2017,6,2017,True,har_gpr,0.0136577636858671,0.020310328815640454
126,06.07.2017,6,2017,True,har_gpr,0.0136534056841569,0.021907441993141645
126,07.07.2017,6,2017,True,har_gpr,0.0133696659582127,0.020157518847196146
126,10.07.2017,6,2017,True,har_gpr,0.0133696150027462,0.021406800733983558
126,11.07.2017,6,2017,True,har_gpr,0.0133810470777991,0.020260599888083923
126,12.07.2017,6,2017,True,har_gpr,0.0133821718112139,0.02025984274091664
126,13.07.2017,6,2017,True,har_gpr,0.013345521637328,0.01965851688744412
126,14.07.2017,6,2017,True,har_gpr,0.0133403900275066,0.019220790498820813
126,17.07.2017,6,2017,True,har_gpr,0.0133426532356316,0.01847530051101648
126,18.07.2017,6,2017,True,har_gpr,0.0133325404591674,0.019101813826764864
126,19.07.2017,6,2017,True,har_gpr,0.0132713509136385,0.01898292164297146
126,20.07.2017,6,2017,True,har_gpr,0.0132860008097283,0.019071569463491336
126,21.07.2017,6,2017,True,har_gpr,0.0130474471403679,0.018373736338741797
126,24.07.2017,6,2017,True,har_gpr,0.0130601676602247,0.019612400298149625
126,25.07.2017,6,2017,True,har_gpr,0.0127979173019443,0.01866453255368022
126,26.07.2017,6,2017,True,har_gpr,0.0127537923629165,0.019948981296496075
126,27.07.2017,6,2017,True,har_gpr,0.0127359583327194,0.01950350290405637
126,28.07.2017,6,2017,True,har_gpr,0.0127365474826215,0.01928394319985895
126,31.07.2017,6,2017,True,har_gpr,0.012759397161585,0.019005977635070788
126,01.08.2017,6,2017,True,har_gpr,0.0127583120182976,0.02032792935144818
126,02.08.2017,6,2017,True,har_gpr,0.0127424524940169,0.019465677005789328
126,03.08.2017,6,2017,True,har_gpr,0.0127456651891952,0.018365520140502866
126,04.08.2017,6,2017,True,har_gpr,0.0128175199546294,0.018536113577189057
126,07.08.2017,6,2017,True,har_gpr,0.0128697855783766,0.017299744602069143
126,08.08.2017,6,2017,True,har_gpr,0.0130109559943117,0.016992283507282664
126,09.08.2017,6,2017,True,har_gpr,0.0130340770272929,0.01709673593669868
126,10.08.2017,6,2017,True,har_gpr,0.0132834125435087,0.01736804006818796
126,11.08.2017,6,2017,True,har_gpr,0.0132883100518147,0.017873600799040264
126,14.08.2017,6,2017,True,har_gpr,0.0130465122400952,0.017535957292035838
126,15.08.2017,6,2017,True,har_gpr,0.0132223355561967,0.02042465601712823
126,16.08.2017,6,2017,True,har_gpr,0.0131774227344863,0.019834488037143536
126,17.08.2017,6,2017,True,har_gpr,0.0131362656992426,0.01979103327930034
126,18.08.2017,6,2017,True,har_gpr,0.0128507746140642,0.020160190003359252
126,21.08.2017,6,2017,True,har_gpr,0.0126981291179042,0.02096727690490436
126,22.08.2017,6,2017,True,har_gpr,0.012748213960772,0.021506435226567353
126,23.08.2017,6,2017,True,har_gpr,0.0127508199326214,0.020405180603147097
126,24.08.2017,6,2017,True,har_gpr,0.0127046610171793,0.020498936540485332
126,25.08.2017,6,2017,True,har_gpr,0.0127667598701595,0.020526675066399644
126,28.08.2017,6,2017,True,har_gpr,0.012790635919766,0.019798482933564822
126,29.08.2017,6,2017,True,har_gpr,0.0127933095172791,0.017746242622087377
126,30.08.2017,6,2017,True,har_gpr,0.012770558202055,0.01756750780963732
126,31.08.2017,6,2017,True,har_gpr,0.0126126574927122,0.01845236344610327
126,01.09.2017,6,2017,True,har_gpr,0.0126111870678085,0.01972102560519853
126,05.09.2017,6,2017,True,har_gpr,0.012685230170075,0.01901556486532021
126,06.09.2017,6,2017,True,har_gpr,0.0126761380616324,0.020603315771932043
126,07.09.2017,6,2017,True,har_gpr,0.0129121659167716,0.020621288441701482
126,08.09.2017,6,2017,True,har_gpr,0.012875632273697,0.019908213142098174
126,11.09.2017,6,2017,True,har_gpr,0.0128877553199647,0.020096674631131593
126,12.09.2017,6,2017,True,har_gpr,0.0128763811623268,0.01814894293054021
126,13.09.2017,6,2017,True,har_gpr,0.0128087135851531,0.017550751775473064
126,14.09.2017,6,2017,True,har_gpr,0.0128754356200906,0.017875945542133218
126,15.09.2017,6,2017,True,har_gpr,0.0128793918673561,0.01745502670532704
126,18.09.2017,6,2017,True,har_gpr,0.0129870262654634,0.017045288691941655
126,19.09.2017,6,2017,True,har_gpr,0.0132121866034794,0.01722574861731302
126,20.09.2017,6,2017,True,har_gpr,0.0131327034192957,0.01696681136212012
126,21.09.2017,6,2017,True,har_gpr,0.0132588879257559,0.01766402073007076
126,22.09.2017,6,2017,True,har_gpr,0.0132608473159328,0.017162779119819793
126,25.09.2017,6,2017,True,har_gpr,0.0128699881007641,0.01710816761616162
126,26.09.2017,6,2017,True,har_gpr,0.0128597804972496,0.017768365506929094
126,27.09.2017,6,2017,True,har_gpr,0.0128498119888629,0.017195412968900283
126,28.09.2017,6,2017,True,har_gpr,0.0132986286086856,0.01741900666046016
126,29.09.2017,6,2017,True,har_gpr,0.0133083061578778,0.01696943329182957
126,02.10.2017,6,2017,True,har_gpr,0.0130993818556309,0.016296095256655745
126,03.10.2017,6,2017,True,har_gpr,0.013097954413495,0.0188646173810442
126,04.10.2017,6,2017,True,har_gpr,0.0132061417233883,0.018144632678685012
126,05.10.2017,6,2017,True,har_gpr,0.013223659039338,0.018057339258609587
126,06.10.2017,6,2017,True,har_gpr,0.0133350311890665,0.019098195768469245
126,09.10.2017,6,2017,True,har_gpr,0.0133797716652039,0.01970510338953783
126,10.10.2017,6,2017,True,har_gpr,0.013333986729537,0.01906911032851224
126,11.10.2017,6,2017,True,har_gpr,0.0133396231669872,0.01724914063664052
126,12.10.2017,6,2017,True,har_gpr,0.0133773258021798,0.016879877498329567
126,13.10.2017,6,2017,True,har_gpr,0.0133153666608608,0.017049818802236452
126,16.10.2017,6,2017,True,har_gpr,0.013465801741681,0.01709818463860374
126,17.10.2017,6,2017,True,har_gpr,0.0134669592316898,0.01845795180493187
126,18.10.2017,6,2017,True,har_gpr,0.0134657768012531,0.018137279926991177
126,19.10.2017,6,2017,True,har_gpr,0.0133830701469842,0.01794965710104771
126,20.10.2017,6,2017,True,har_gpr,0.013422603090221,0.018516033326130794
126,23.10.2017,6,2017,True,har_gpr,0.0134006070050388,0.018293848976109136
126,24.10.2017,6,2017,True,har_gpr,0.0133557905184558,0.016689377850397244
126,25.10.2017,6,2017,True,har_gpr,0.0133590373168516,0.01727830987168003
126,26.10.2017,6,2017,True,har_gpr,0.0133186908381465,0.01685710274233028
126,27.10.2017,6,2017,True,har_gpr,0.0132301621279724,0.017061553896448707
126,30.10.2017,6,2017,True,har_gpr,0.013421995085197,0.017495333372248418
126,31.10.2017,6,2017,True,har_gpr,0.0134117209506907,0.01672539826210599
126,01.11.2017,6,2017,True,har_gpr,0.0134791787648789,0.016679042713464473
126,02.11.2017,6,2017,True,har_gpr,0.0135027779220591,0.016557135461125107
126,03.11.2017,6,2017,True,har_gpr,0.0134679169584769,0.016882172364363124
126,06.11.2017,6,2017,True,har_gpr,0.0133969434846391,0.016777870484494292
126,07.11.2017,6,2017,True,har_gpr,0.0133645720039854,0.018184526128134808
126,08.11.2017,6,2017,True,har_gpr,0.0133690297416507,0.01787025802462739
126,09.11.2017,6,2017,True,har_gpr,0.0134088522536363,0.017816900003192804
126,10.11.2017,6,2017,True,har_gpr,0.0133896530194719,0.017466279977138573
126,13.11.2017,6,2017,True,har_gpr,0.0133976092432581,0.017474517776201393
126,14.11.2017,6,2017,True,har_gpr,0.01331161599077,0.01673771041329835
126,15.11.2017,6,2017,True,har_gpr,0.0133378845098557,0.017373716673498147
126,16.11.2017,6,2017,True,har_gpr,0.013321330498796,0.0172174564578598
126,17.11.2017,6,2017,True,har_gpr,0.0132029287786025,0.016866956906616923
126,20.11.2017,6,2017,True,har_gpr,0.0131732639372481,0.017987147014007197
126,21.11.2017,6,2017,True,har_gpr,0.0132340273812436,0.016328773554329302
126,22.11.2017,6,2017,True,har_gpr,0.0135078011182203,0.016055257006797437
126,24.11.2017,6,2017,True,har_gpr,0.0135615789362048,0.01626091039821854
126,27.11.2017,6,2017,True,har_gpr,0.0137612971329311,0.01598375330861349
126,28.11.2017,6,2017,True,har_gpr,0.0137535803841266,0.018502476541133683
126,29.11.2017,6,2017,True,har_gpr,0.0137280638104922,0.018507263034799874
126,30.11.2017,6,2017,True,har_gpr,0.0140061703608104,0.018762311197833285
126,01.12.2017,6,2017,True,har_gpr,0.0140042291329384,0.01870207531876211
126,04.12.2017,6,2017,True,har_gpr,0.013912789634026,0.018339355068092724
126,05.12.2017,6,2017,True,har_gpr,0.0140718669543016,0.01626968963942994
126,06.12.2017,6,2017,True,har_gpr,0.0138928611043695,0.014815338003589185
126,07.12.2017,6,2017,True,har_gpr,0.0138356857187802,0.01617919557090205
126,08.12.2017,6,2017,True,har_gpr,0.0137704021446198,0.016372806772624492
126,11.12.2017,6,2017,True,har_gpr,0.0136964110107105,0.016941223125548986
126,12.12.2017,6,2017,True,har_gpr,0.0135895091417311,0.01832975950922204
126,13.12.2017,6,2017,True,har_gpr,0.0138715180902314,0.018927612739981017
126,14.12.2017,6,2017,True,har_gpr,0.0139948805659861,0.018578866709513232
126,15.12.2017,6,2017,True,har_gpr,0.0139995579392743,0.01866813459103532
126,18.12.2017,6,2017,True,har_gpr,0.0140087592402666,0.018200658809525504
126,19.12.2017,6,2017,True,har_gpr,0.0141662041983333,0.015968539484472147
126,20.12.2017,6,2017,True,har_gpr,0.014429596135233,0.015812070421024005
126,21.12.2017,6,2017,True,har_gpr,0.0144655240801146,0.015804645691104027
126,22.12.2017,6,2017,True,har_gpr,0.0145680538164756,0.01549023460583719
126,26.12.2017,6,2017,True,har_gpr,0.0144569275258651,0.015382853612815777
126,27.12.2017,6,2017,True,har_gpr,0.0144306123110593,0.017045017094716425
126,28.12.2017,6,2017,True,har_gpr,0.0145269661153699,0.01689758371539059
126,29.12.2017,6,2017,True,har_gpr,0.0147477645267919,0.016701998344344892
126,03.01.2017,6,2017,True,har_x,0.0161991940046424,0.02023968988114407
126,04.01.2017,6,2017,True,har_x,0.0161260814648273,0.020686217131370685
126,05.01.2017,6,2017,True,har_x,0.0163010786126295,0.02058324967788374
126,06.01.2017,6,2017,True,har_x,0.0163009463075051,0.020153344876181846
126,09.01.2017,6,2017,True,har_x,0.016013370674951,0.01966532862957917
126,10.01.2017,6,2017,True,har_x,0.0158897982800888,0.020931528256506987
126,11.01.2017,6,2017,True,har_x,0.0157517688334053,0.020823149213823666
126,12.01.2017,6,2017,True,har_x,0.0157059418875373,0.020643850595942568
126,13.01.2017,6,2017,True,har_x,0.0157060355438066,0.020376355459648724
126,17.01.2017,6,2017,True,har_x,0.0157293796207617,0.01960780472954652
126,18.01.2017,6,2017,True,har_x,0.0156215336700907,0.01857004478954433
126,19.01.2017,6,2017,True,har_x,0.0156287357874299,0.018876752838239273
126,20.01.2017,6,2017,True,har_x,0.0156201606076572,0.0184889343559705
126,23.01.2017,6,2017,True,har_x,0.01565520318902,0.018142333175864694
126,24.01.2017,6,2017,True,har_x,0.0159303585346849,0.018416259469428136
126,25.01.2017,6,2017,True,har_x,0.0159854489756784,0.017965363088470816
126,26.01.2017,6,2017,True,har_x,0.0158987834810405,0.018240229284526698
126,27.01.2017,6,2017,True,har_x,0.0159649600047278,0.018110575994093926
126,30.01.2017,6,2017,True,har_x,0.0159612040807409,0.018112271147210698
126,31.01.2017,6,2017,True,har_x,0.0159413918233877,0.019932410566308487
126,01.02.2017,6,2017,True,har_x,0.0159468610937605,0.020115807458097185
126,02.02.2017,6,2017,True,har_x,0.0158869292740427,0.019779302535105237
126,03.02.2017,6,2017,True,har_x,0.0158986813828355,0.01944916677413809
126,06.02.2017,6,2017,True,har_x,0.015809470161925,0.018851604646327826
126,07.02.2017,6,2017,True,har_x,0.0157791129180066,0.017283972870506103
126,08.02.2017,6,2017,True,har_x,0.0158094843965158,0.017158639656130594
126,09.02.2017,6,2017,True,har_x,0.0158415671221456,0.016794840154298097
126,10.02.2017,6,2017,True,har_x,0.0157486887833009,0.01646948957634132
126,13.02.2017,6,2017,True,har_x,0.0158271258420905,0.015944399506774228
126,14.02.2017,6,2017,True,har_x,0.015813818044315,0.01694207897998204
126,15.02.2017,6,2017,True,har_x,0.0158350681151763,0.016997854404662505
126,16.02.2017,6,2017,True,har_x,0.0158974105059599,0.01694977928126324
126,17.02.2017,6,2017,True,har_x,0.0161686409888709,0.016789530277183554
126,21.02.2017,6,2017,True,har_x,0.0162037516158127,0.015932981206419214
126,22.02.2017,6,2017,True,har_x,0.01616136252979,0.01568466502535286
126,23.02.2017,6,2017,True,har_x,0.016163009505164,0.01620833368793793
126,24.02.2017,6,2017,True,har_x,0.0161613268659172,0.015750434387926594
126,27.02.2017,6,2017,True,har_x,0.0161756728582897,0.015665959967050072
126,28.02.2017,6,2017,True,har_x,0.0161900413575835,0.015381720987676827
126,01.03.2017,6,2017,True,har_x,0.0161916572857308,0.015572270196458238
126,02.03.2017,6,2017,True,har_x,0.0162872802600928,0.015207110281511602
126,03.03.2017,6,2017,True,har_x,0.0164499483603814,0.015733903335330333
126,06.03.2017,6,2017,True,har_x,0.0164485281612154,0.01568460566882328
126,07.03.2017,6,2017,True,har_x,0.0165502114349988,0.01649384745004819
126,08.03.2017,6,2017,True,har_x,0.0159566560581563,0.01624372645915856
126,09.03.2017,6,2017,True,har_x,0.0158842050838902,0.019090428523145114
126,10.03.2017,6,2017,True,har_x,0.0158638702767263,0.018887891233117435
126,13.03.2017,6,2017,True,har_x,0.0158638649536232,0.01937006945016444
126,14.03.2017,6,2017,True,har_x,0.0158583525236221,0.018054736258574552
126,15.03.2017,6,2017,True,har_x,0.0158496280194657,0.018382443064649357
126,16.03.2017,6,2017,True,har_x,0.0158552493890635,0.017346799447765907
126,17.03.2017,6,2017,True,har_x,0.0158563956799618,0.016661959537991322
126,20.03.2017,6,2017,True,har_x,0.0158560931635773,0.016207864337371782
126,21.03.2017,6,2017,True,har_x,0.0158217843448005,0.01781910945580725
126,22.03.2017,6,2017,True,har_x,0.0159092494443135,0.018769464141472663
126,23.03.2017,6,2017,True,har_x,0.0159084234026467,0.01846708269290541
126,24.03.2017,6,2017,True,har_x,0.0159160042416849,0.01828553785981125
126,27.03.2017,6,2017,True,har_x,0.0162416663533556,0.018766924116617515
126,28.03.2017,6,2017,True,har_x,0.0162455352750616,0.018038527915650335
126,29.03.2017,6,2017,True,har_x,0.0161714358049812,0.017859314603909073
126,30.03.2017,6,2017,True,har_x,0.0161699501060156,0.017545440430600127
126,31.03.2017,6,2017,True,har_x,0.016168182570549,0.017189829685007933
126,03.04.2017,6,2017,True,har_x,0.0163229004648334,0.01700923372823744
126,04.04.2017,6,2017,True,har_x,0.0162336144099124,0.01609179607953313
126,05.04.2017,6,2017,True,har_x,0.0162345696477483,0.016678753908521964
126,06.04.2017,6,2017,True,har_x,0.0163212445419337,0.016062365569505015
126,07.04.2017,6,2017,True,har_x,0.0164606341220783,0.015724648622808944
126,10.04.2017,6,2017,True,har_x,0.0164198842914472,0.015853295307115857
126,11.04.2017,6,2017,True,har_x,0.0164667783462373,0.01682238812021895
126,12.04.2017,6,2017,True,har_x,0.0164637779333342,0.016889960289658477
126,13.04.2017,6,2017,True,har_x,0.0165004092469134,0.016799457940907665
126,17.04.2017,6,2017,True,har_x,0.0165402437586686,0.016413506851962533
126,18.04.2017,6,2017,True,har_x,0.0165503662382586,0.015973766236912077
126,19.04.2017,6,2017,True,har_x,0.0162176001983793,0.016352754708214748
126,20.04.2017,6,2017,True,har_x,0.0162213687506367,0.01794803329619462
126,21.04.2017,6,2017,True,har_x,0.0161876720702678,0.016950475390691815
126,24.04.2017,6,2017,True,har_x,0.0161893805913828,0.017938695051076356
126,25.04.2017,6,2017,True,har_x,0.0161838284782708,0.01816348046263938
126,26.04.2017,6,2017,True,har_x,0.0162353778172601,0.018048259858309913
126,27.04.2017,6,2017,True,har_x,0.0162184517667504,0.01791937225494896
126,28.04.2017,6,2017,True,har_x,0.0162585956303345,0.018078361323845632
126,01.05.2017,6,2017,True,har_x,0.016330205154251,0.017551397806095433
126,02.05.2017,6,2017,True,har_x,0.016218865562128,0.01749377436333194
126,03.05.2017,6,2017,True,har_x,0.0162220986874094,0.01872283967553026
126,04.05.2017,6,2017,True,har_x,0.0155879917547742,0.018745422369733797
126,05.05.2017,6,2017,True,har_x,0.0155864667804664,0.020156258032809328
126,08.05.2017,6,2017,True,har_x,0.0157064718066481,0.019574976243973235
126,09.05.2017,6,2017,True,har_x,0.0159260995338104,0.018606505470339957
126,10.05.2017,6,2017,True,har_x,0.0157582002396269,0.018759682424470757
126,11.05.2017,6,2017,True,har_x,0.0157436310667102,0.019032152865952966
126,12.05.2017,6,2017,True,har_x,0.0157502193575305,0.018663025403328468
126,15.05.2017,6,2017,True,har_x,0.0156903022263632,0.01857579500771147
126,16.05.2017,6,2017,True,har_x,0.0156977467410159,0.01853106617370511
126,17.05.2017,6,2017,True,har_x,0.0157463129982326,0.018482239654340718
126,18.05.2017,6,2017,True,har_x,0.0157532694530893,0.018572894895466596
126,19.05.2017,6,2017,True,har_x,0.0156788352864348,0.01813199386789925
126,22.05.2017,6,2017,True,har_x,0.0157851778846064,0.017184449659217452
126,23.05.2017,6,2017,True,har_x,0.0158023103350003,0.0180539230038736
126,24.05.2017,6,2017,True,har_x,0.0158018875622546,0.01846186477012518
126,25.05.2017,6,2017,True,har_x,0.015214890709524,0.01815928439114952
126,26.05.2017,6,2017,True,har_x,0.0151913201475658,0.019683840080134653
126,30.05.2017,6,2017,True,har_x,0.0151771301980762,0.018288895988190026
126,31.05.2017,6,2017,True,har_x,0.0149173994837909,0.02067377357208869
126,01.06.2017,6,2017,True,har_x,0.0149421644241587,0.02166141047080694
126,02.06.2017,6,2017,True,har_x,0.0149261609111743,0.020988947672820422
126,05.06.2017,6,2017,True,har_x,0.0148927993648417,0.021220008576174273
126,06.06.2017,6,2017,True,har_x,0.0149497811813485,0.02354737244440168
126,07.06.2017,6,2017,True,har_x,0.0144306055856096,0.0230520941379193
126,08.06.2017,6,2017,True,har_x,0.0146431472026343,0.024279718621231985
126,09.06.2017,6,2017,True,har_x,0.0146912795656568,0.02368549072227904
126,12.06.2017,6,2017,True,har_x,0.0147696953299118,0.023250861086933534
126,13.06.2017,6,2017,True,har_x,0.0148446315136786,0.020116366508203816
126,14.06.2017,6,2017,True,har_x,0.0145958176096481,0.01954932643278781
126,15.06.2017,6,2017,True,har_x,0.0146669929434738,0.01977104558773962
126,16.06.2017,6,2017,True,har_x,0.0146889973771711,0.01938556340466633
126,19.06.2017,6,2017,True,har_x,0.0146526525004083,0.018040395486726986
126,20.06.2017,6,2017,True,har_x,0.0145246329932366,0.019797684509462062
126,21.06.2017,6,2017,True,har_x,0.0142929555411646,0.020650092610763806
126,22.06.2017,6,2017,True,har_x,0.0143054438665991,0.02100659936114702
126,23.06.2017,6,2017,True,har_x,0.0143020900172622,0.0206471439986147
126,26.06.2017,6,2017,True,har_x,0.0143004330450214,0.020213973953520904
126,27.06.2017,6,2017,True,har_x,0.0143981600493227,0.01877071464340989
126,28.06.2017,6,2017,True,har_x,0.0143995091272998,0.01912470220261522
126,29.06.2017,6,2017,True,har_x,0.0144000964171245,0.018429784926049398
126,30.06.2017,6,2017,True,har_x,0.0143886010120954,0.018209827066488517
126,03.07.2017,6,2017,True,har_x,0.0140736355897646,0.01766614098310521
126,05.07.2017,6,2017,True,har_x,0.0136577636858671,0.01846558177110816
126,06.07.2017,6,2017,True,har_x,0.0136534056841569,0.019567028543026277
126,07.07.2017,6,2017,True,har_x,0.0133696659582127,0.01918393853160917
126,10.07.2017,6,2017,True,har_x,0.0133696150027462,0.019634185662834883
126,11.07.2017,6,2017,True,har_x,0.0133810470777991,0.018970920362296386
126,12.07.2017,6,2017,True,har_x,0.0133821718112139,0.019170523758567738
126,13.07.2017,6,2017,True,har_x,0.013345521637328,0.01862320745012854
126,14.07.2017,6,2017,True,har_x,0.0133403900275066,0.01834788309831557
126,17.07.2017,6,2017,True,har_x,0.0133426532356316,0.017685074026766025
126,18.07.2017,6,2017,True,har_x,0.0133325404591674,0.018140094637096284
126,19.07.2017,6,2017,True,har_x,0.0132713509136385,0.017879311325193825
126,20.07.2017,6,2017,True,har_x,0.0132860008097283,0.017794493250049344
126,21.07.2017,6,2017,True,har_x,0.0130474471403679,0.017521500311025225
126,24.07.2017,6,2017,True,har_x,0.0130601676602247,0.017811753510255112
126,25.07.2017,6,2017,True,har_x,0.0127979173019443,0.01677091744990634
126,26.07.2017,6,2017,True,har_x,0.0127537923629165,0.01706822291742224
126,27.07.2017,6,2017,True,har_x,0.0127359583327194,0.016994009936070364
126,28.07.2017,6,2017,True,har_x,0.0127365474826215,0.01706501353913291
126,31.07.2017,6,2017,True,har_x,0.012759397161585,0.01710531701296455
126,01.08.2017,6,2017,True,har_x,0.0127583120182976,0.01919287870862118
126,02.08.2017,6,2017,True,har_x,0.0127424524940169,0.018939251894297526
126,03.08.2017,6,2017,True,har_x,0.0127456651891952,0.01875208576136341
126,04.08.2017,6,2017,True,har_x,0.0128175199546294,0.018505821190351216
126,07.08.2017,6,2017,True,har_x,0.0128697855783766,0.017917718167171207
126,08.08.2017,6,2017,True,har_x,0.0130109559943117,0.01740479192690287
126,09.08.2017,6,2017,True,har_x,0.0130340770272929,0.017696889275151832
126,10.08.2017,6,2017,True,har_x,0.0132834125435087,0.017636820606011655
126,11.08.2017,6,2017,True,har_x,0.0132883100518147,0.017816133087517227
126,14.08.2017,6,2017,True,har_x,0.0130465122400952,0.017387938259765624
126,15.08.2017,6,2017,True,har_x,0.0132223355561967,0.019381589129957272
126,16.08.2017,6,2017,True,har_x,0.0131774227344863,0.01919803163338618
126,17.08.2017,6,2017,True,har_x,0.0131362656992426,0.019198852612254617
126,18.08.2017,6,2017,True,har_x,0.0128507746140642,0.019326689445418835
126,21.08.2017,6,2017,True,har_x,0.0126981291179042,0.01890589692696218
126,22.08.2017,6,2017,True,har_x,0.012748213960772,0.019215349669549433
126,23.08.2017,6,2017,True,har_x,0.0127508199326214,0.018660399242173307
126,24.08.2017,6,2017,True,har_x,0.0127046610171793,0.01866860328136268
126,25.08.2017,6,2017,True,har_x,0.0127667598701595,0.01885875420644227
126,28.08.2017,6,2017,True,har_x,0.012790635919766,0.01891673062435844
126,29.08.2017,6,2017,True,har_x,0.0127933095172791,0.01814719429105458
126,30.08.2017,6,2017,True,har_x,0.012770558202055,0.0181103533358967
126,31.08.2017,6,2017,True,har_x,0.0126126574927122,0.01810724426567751
126,01.09.2017,6,2017,True,har_x,0.0126111870678085,0.01809639277483185
126,05.09.2017,6,2017,True,har_x,0.012685230170075,0.01777695917370175
126,06.09.2017,6,2017,True,har_x,0.0126761380616324,0.018621678003268447
126,07.09.2017,6,2017,True,har_x,0.0129121659167716,0.01877353123673829
126,08.09.2017,6,2017,True,har_x,0.012875632273697,0.018489418859483405
126,11.09.2017,6,2017,True,har_x,0.0128877553199647,0.01847592472111776
126,12.09.2017,6,2017,True,har_x,0.0128763811623268,0.01633670652762922
126,13.09.2017,6,2017,True,har_x,0.0128087135851531,0.01623315365671955
126,14.09.2017,6,2017,True,har_x,0.0128754356200906,0.015981724492438308
126,15.09.2017,6,2017,True,har_x,0.0128793918673561,0.015663312599046336
126,18.09.2017,6,2017,True,har_x,0.0129870262654634,0.015788564037672776
126,19.09.2017,6,2017,True,har_x,0.0132121866034794,0.01748807076468545
126,20.09.2017,6,2017,True,har_x,0.0131327034192957,0.01682798482380516
126,21.09.2017,6,2017,True,har_x,0.0132588879257559,0.017462755718248756
126,22.09.2017,6,2017,True,har_x,0.0132608473159328,0.01703121454851792
126,25.09.2017,6,2017,True,har_x,0.0128699881007641,0.017084087021576808
126,26.09.2017,6,2017,True,har_x,0.0128597804972496,0.015996144198388018
126,27.09.2017,6,2017,True,har_x,0.0128498119888629,0.016062192836578018
126,28.09.2017,6,2017,True,har_x,0.0132986286086856,0.015909030373230448
126,29.09.2017,6,2017,True,har_x,0.0133083061578778,0.015793033586937143
126,02.10.2017,6,2017,True,har_x,0.0130993818556309,0.015525137224676952
126,03.10.2017,6,2017,True,har_x,0.013097954413495,0.017817441137826455
126,04.10.2017,6,2017,True,har_x,0.0132061417233883,0.017655883974399395
126,05.10.2017,6,2017,True,har_x,0.013223659039338,0.017321897025275847
126,06.10.2017,6,2017,True,har_x,0.0133350311890665,0.01736882788580068
126,09.10.2017,6,2017,True,har_x,0.0133797716652039,0.01789176809917397
126,10.10.2017,6,2017,True,har_x,0.013333986729537,0.017574130480831507
126,11.10.2017,6,2017,True,har_x,0.0133396231669872,0.015615848249021642
126,12.10.2017,6,2017,True,har_x,0.0133773258021798,0.015468078295090629
126,13.10.2017,6,2017,True,har_x,0.0133153666608608,0.015323852705862968
126,16.10.2017,6,2017,True,har_x,0.013465801741681,0.015315034290665226
126,17.10.2017,6,2017,True,har_x,0.0134669592316898,0.016568381173488942
126,18.10.2017,6,2017,True,har_x,0.0134657768012531,0.01629744756264235
126,19.10.2017,6,2017,True,har_x,0.0133830701469842,0.01648330798134853
126,20.10.2017,6,2017,True,har_x,0.013422603090221,0.016596083486862485
126,23.10.2017,6,2017,True,har_x,0.0134006070050388,0.015877394567639248
126,24.10.2017,6,2017,True,har_x,0.0133557905184558,0.015665858012070724
126,25.10.2017,6,2017,True,har_x,0.0133590373168516,0.016000582789636657
126,26.10.2017,6,2017,True,har_x,0.0133186908381465,0.015792582238586955
126,27.10.2017,6,2017,True,har_x,0.0132301621279724,0.015821035973411893
126,30.10.2017,6,2017,True,har_x,0.013421995085197,0.015898996442916407
126,31.10.2017,6,2017,True,har_x,0.0134117209506907,0.015796126100328333
126,01.11.2017,6,2017,True,har_x,0.0134791787648789,0.01578252749665137
126,02.11.2017,6,2017,True,har_x,0.0135027779220591,0.015848548229569222
126,03.11.2017,6,2017,True,har_x,0.0134679169584769,0.015951934668820993
126,06.11.2017,6,2017,True,har_x,0.0133969434846391,0.015706858416168586
126,07.11.2017,6,2017,True,har_x,0.0133645720039854,0.017100530679792343
126,08.11.2017,6,2017,True,har_x,0.0133690297416507,0.01758733611379336
126,09.11.2017,6,2017,True,har_x,0.0134088522536363,0.017270806383843235
126,10.11.2017,6,2017,True,har_x,0.0133896530194719,0.01737631918313047
126,13.11.2017,6,2017,True,har_x,0.0133976092432581,0.017746810491954153
126,14.11.2017,6,2017,True,har_x,0.01331161599077,0.017367948999131303
126,15.11.2017,6,2017,True,har_x,0.0133378845098557,0.01747022471454591
126,16.11.2017,6,2017,True,har_x,0.013321330498796,0.017303834142966202
126,17.11.2017,6,2017,True,har_x,0.0132029287786025,0.01675582166779337
126,20.11.2017,6,2017,True,har_x,0.0131732639372481,0.01647444881860183
126,21.11.2017,6,2017,True,har_x,0.0132340273812436,0.015617800723840338
126,22.11.2017,6,2017,True,har_x,0.0135078011182203,0.015367559077866492
126,24.11.2017,6,2017,True,har_x,0.0135615789362048,0.01550441485900138
126,27.11.2017,6,2017,True,har_x,0.0137612971329311,0.015461188706591784
126,28.11.2017,6,2017,True,har_x,0.0137535803841266,0.01820178878447253
126,29.11.2017,6,2017,True,har_x,0.0137280638104922,0.018139773276894026
126,30.11.2017,6,2017,True,har_x,0.0140061703608104,0.01816298801707134
126,01.12.2017,6,2017,True,har_x,0.0140042291329384,0.017404403267257153
126,04.12.2017,6,2017,True,har_x,0.013912789634026,0.01651353204193998
126,05.12.2017,6,2017,True,har_x,0.0140718669543016,0.014631508221080471
126,06.12.2017,6,2017,True,har_x,0.0138928611043695,0.014145686467484467
126,07.12.2017,6,2017,True,har_x,0.0138356857187802,0.014469902277743831
126,08.12.2017,6,2017,True,har_x,0.0137704021446198,0.01443812404886459
126,11.12.2017,6,2017,True,har_x,0.0136964110107105,0.014803087792703716
126,12.12.2017,6,2017,True,har_x,0.0135895091417311,0.01579090273772274
126,13.12.2017,6,2017,True,har_x,0.0138715180902314,0.015843887790102887
126,14.12.2017,6,2017,True,har_x,0.0139948805659861,0.01598761249181054
126,15.12.2017,6,2017,True,har_x,0.0139995579392743,0.01582250186508636
126,18.12.2017,6,2017,True,har_x,0.0140087592402666,0.015047642629053018
126,19.12.2017,6,2017,True,har_x,0.0141662041983333,0.012498355089517332
126,20.12.2017,6,2017,True,har_x,0.014429596135233,0.012657934804770444
126,21.12.2017,6,2017,True,har_x,0.0144655240801146,0.012902349682767962
126,22.12.2017,6,2017,True,har_x,0.0145680538164756,0.012239361059667908
126,26.12.2017,6,2017,True,har_x,0.0144569275258651,0.01272945232244944
126,27.12.2017,6,2017,True,har_x,0.0144306123110593,0.013833049065244749
126,28.12.2017,6,2017,True,har_x,0.0145269661153699,0.01357706569999205
126,29.12.2017,6,2017,True,har_x,0.0147477645267919,0.013545959366769753
5,02.01.2018,7,2018,True,har,0.0103567633034399,0.014009071297517706
5,03.01.2018,7,2018,True,har,0.0078171049051645,0.013965908917385292
5,04.01.2018,7,2018,True,har,0.0079442895181173,0.014269910592231948
5,05.01.2018,7,2018,True,har,0.0057257001464664,0.013527657346693445
5,08.01.2018,7,2018,True,har,0.0095791592616795,0.012592927022456998
5,09.01.2018,7,2018,True,har,0.0072998254759595,0.012225263736653995
5,10.01.2018,7,2018,True,har,0.0070085511108855,0.012627155753737688
5,11.01.2018,7,2018,True,har,0.0083888336155907,0.011658616446490692
5,12.01.2018,7,2018,True,har,0.0075889030155016,0.01040329322004633
5,16.01.2018,7,2018,True,har,0.0087220439436849,0.009831307086196946
5,17.01.2018,7,2018,True,har,0.0091130065468865,0.010481169316007798
5,18.01.2018,7,2018,True,har,0.0091810940067844,0.009991949028410508
5,19.01.2018,7,2018,True,har,0.0058275601446377,0.009940434438798319
5,22.01.2018,7,2018,True,har,0.0108518676131495,0.010772967339818928
5,23.01.2018,7,2018,True,har,0.008710043126821,0.010442104064801254
5,24.01.2018,7,2018,True,har,0.0067906564137504,0.01097845391680626
5,25.01.2018,7,2018,True,har,0.0070415442624073,0.010832028019517551
5,26.01.2018,7,2018,True,har,0.0064668422421573,0.009488174674768689
5,29.01.2018,7,2018,True,har,0.0060849326500959,0.008959752186444573
5,30.01.2018,7,2018,True,har,0.0066604124402399,0.010514709685585752
5,31.01.2018,7,2018,True,har,0.0077714568910179,0.01014625030431062
5,01.02.2018,7,2018,True,har,0.0049122781938023,0.009782943769974812
5,02.02.2018,7,2018,True,har,0.0087258193073388,0.009128154442515506
5,05.02.2018,7,2018,True,har,0.0109205290391384,0.009479033478095972
5,06.02.2018,7,2018,True,har,0.0135223910896454,0.010063940371852362
5,07.02.2018,7,2018,True,har,0.0208328417888116,0.010231637368552147
5,08.02.2018,7,2018,True,har,0.0204482002463763,0.010802905186904042
5,09.02.2018,7,2018,True,har,0.0115853947211594,0.01022289501277731
5,12.02.2018,7,2018,True,har,0.010324884627056,0.012623267587546786
5,13.02.2018,7,2018,True,har,0.0102475311555842,0.011349692489292563
5,14.02.2018,7,2018,True,har,0.0057627371342729,0.011526232861782674
5,15.02.2018,7,2018,True,har,0.0051183209259622,0.014271098215918708
5,16.02.2018,7,2018,True,har,0.0058565275655605,0.013273972288324824
5,20.02.2018,7,2018,True,har,0.0111964108717066,0.013078192427217084
5,21.02.2018,7,2018,True,har,0.0136114830698425,0.012937538133163187
5,22.02.2018,7,2018,True,har,0.0112961890333619,0.012439900724113762
5,23.02.2018,7,2018,True,har,0.0095889195613596,0.01288959263316605
5,26.02.2018,7,2018,True,har,0.0150795482496108,0.013188918665692205
5,27.02.2018,7,2018,True,har,0.0149770047366125,0.012833795986972693
5,28.02.2018,7,2018,True,har,0.017053525395244,0.013510811854475193
5,01.03.2018,7,2018,True,har,0.0171708578336521,0.013799640322607117
5,02.03.2018,7,2018,True,har,0.0209446017789249,0.013182218544248774
5,05.03.2018,7,2018,True,har,0.0196338298887995,0.014221336852385393
5,06.03.2018,7,2018,True,har,0.0193939675459911,0.01502599303193028
5,07.03.2018,7,2018,True,har,0.0163586719034612,0.014322277225197133
5,08.03.2018,7,2018,True,har,0.0146385187511849,0.015586198606504124
5,09.03.2018,7,2018,True,har,0.0096242317329905,0.014859730340384618
5,12.03.2018,7,2018,True,har,0.0082961363898649,0.016719633935771167
5,13.03.2018,7,2018,True,har,0.0096910733010739,0.014630773782865437
5,14.03.2018,7,2018,True,har,0.0130604564215226,0.014503240288977086
5,15.03.2018,7,2018,True,har,0.0160121477461898,0.014270199121449452
5,16.03.2018,7,2018,True,har,0.016642868017257,0.013333922385825136
5,19.03.2018,7,2018,True,har,0.0171726301154259,0.013832133017330517
5,20.03.2018,7,2018,True,har,0.0170816541159765,0.013153496639900685
5,21.03.2018,7,2018,True,har,0.0126976624537122,0.014402171553914
5,22.03.2018,7,2018,True,har,0.0124021226518374,0.015933659187082082
5,23.03.2018,7,2018,True,har,0.0182130678332631,0.01524223619613949
5,26.03.2018,7,2018,True,har,0.0194853113552009,0.016133089299430053
5,27.03.2018,7,2018,True,har,0.0193980758070303,0.015550577158233048
5,28.03.2018,7,2018,True,har,0.019870650805551,0.015107686493767602
5,29.03.2018,7,2018,True,har,0.0189014881461261,0.014986443070398495
5,02.04.2018,7,2018,True,har,0.0147328211779122,0.015101389274538416
5,03.04.2018,7,2018,True,har,0.0204997855082855,0.01781911549903371
5,04.04.2018,7,2018,True,har,0.0198026229599519,0.016465721682953415
5,05.04.2018,7,2018,True,har,0.0203762065970534,0.016251304234905083
5,06.04.2018,7,2018,True,har,0.0134302178498239,0.015732746095813047
5,09.04.2018,7,2018,True,har,0.0185829955724968,0.016449059423803914
5,10.04.2018,7,2018,True,har,0.0113650223691768,0.016007290678963174
5,11.04.2018,7,2018,True,har,0.0152892390775228,0.017738083016934126
5,12.04.2018,7,2018,True,har,0.0150906538692649,0.01691344074545252
5,13.04.2018,7,2018,True,har,0.0150029505140445,0.016458797705927564
5,16.04.2018,7,2018,True,har,0.009911862676862,0.016272977452680863
5,17.04.2018,7,2018,True,har,0.0134899633345894,0.017240261304321266
5,18.04.2018,7,2018,True,har,0.0076137997462061,0.01618344445737229
5,19.04.2018,7,2018,True,har,0.008526549219486,0.017593683692133655
5,20.04.2018,7,2018,True,har,0.0086531322655324,0.016000487429092262
5,23.04.2018,7,2018,True,har,0.0083343781356547,0.015841831756898586
5,24.04.2018,7,2018,True,har,0.0048123547595054,0.015328467233367522
5,25.04.2018,7,2018,True,har,0.0135077380039526,0.015837241744861345
5,26.04.2018,7,2018,True,har,0.0123778113495141,0.015067507859890765
5,27.04.2018,7,2018,True,har,0.0153151731289204,0.0153431194101212
5,30.04.2018,7,2018,True,har,0.0169665164493759,0.014984658870971636
5,01.05.2018,7,2018,True,har,0.0192895425758504,0.012942298381141063
5,02.05.2018,7,2018,True,har,0.0182915176583594,0.012465044801571337
5,03.05.2018,7,2018,True,har,0.0183077886375225,0.015042368245970824
5,04.05.2018,7,2018,True,har,0.0188551176847415,0.014163489991772017
5,07.05.2018,7,2018,True,har,0.0184585152856392,0.014404405527341804
5,08.05.2018,7,2018,True,har,0.0138712435812734,0.014315037099822332
5,09.05.2018,7,2018,True,har,0.00739502973758,0.013831917798360665
5,10.05.2018,7,2018,True,har,0.007721418375563,0.015199781095595227
5,11.05.2018,7,2018,True,har,0.0095317977359252,0.014112635759824459
5,14.05.2018,7,2018,True,har,0.0082528986441952,0.014250290085571219
5,15.05.2018,7,2018,True,har,0.0082966242592935,0.014215960002658033
5,16.05.2018,7,2018,True,har,0.0070811886099257,0.013454559578711906
5,17.05.2018,7,2018,True,har,0.0095259406586259,0.01271179202180077
5,18.05.2018,7,2018,True,har,0.0161643270559947,0.012345542188555542
5,21.05.2018,7,2018,True,har,0.0142044886084027,0.013097042365843487
5,22.05.2018,7,2018,True,har,0.0218044769449254,0.012976916295230966
5,23.05.2018,7,2018,True,har,0.0216562001377728,0.012488411149552285
5,24.05.2018,7,2018,True,har,0.0213562967365563,0.012344341184509106
5,25.05.2018,7,2018,True,har,0.0212962485281252,0.013190448618200273
5,29.05.2018,7,2018,True,har,0.0204339876421315,0.01566984731856528
5,30.05.2018,7,2018,True,har,0.0137068265229948,0.015112100796009617
5,31.05.2018,7,2018,True,har,0.0197724767420777,0.016985775198945972
5,01.06.2018,7,2018,True,har,0.0202995684800998,0.015138821622559985
5,04.06.2018,7,2018,True,har,0.0135858401996257,0.015082114136096853
5,05.06.2018,7,2018,True,har,0.014436685050309,0.017116631375846708
5,06.06.2018,7,2018,True,har,0.0150291035934968,0.015607839744081645
5,07.06.2018,7,2018,True,har,0.0094213951505021,0.014767868812242985
5,08.06.2018,7,2018,True,har,0.0165119285559523,0.015787949579627186
5,11.06.2018,7,2018,True,har,0.0224957642985386,0.015393892500078828
5,12.06.2018,7,2018,True,har,0.0223567086443454,0.014494139339913394
5,13.06.2018,7,2018,True,har,0.0210705560736236,0.014611777886041542
5,14.06.2018,7,2018,True,har,0.0225141103550685,0.014969058122743458
5,15.06.2018,7,2018,True,har,0.0233449368182363,0.014470188021295528
5,18.06.2018,7,2018,True,har,0.0211771138261607,0.016908051829025963
5,19.06.2018,7,2018,True,har,0.0233456625141843,0.017824641424936415
5,20.06.2018,7,2018,True,har,0.0235377096317901,0.016830575158380517
5,21.06.2018,7,2018,True,har,0.0171585986979754,0.016732367931731086
5,22.06.2018,7,2018,True,har,0.0137834345952553,0.017869120873029554
5,25.06.2018,7,2018,True,har,0.0203842305056634,0.019585472311199194
5,26.06.2018,7,2018,True,har,0.0188236531761752,0.017859670966225944
5,27.06.2018,7,2018,True,har,0.0174603057919855,0.018648626603925786
5,28.06.2018,7,2018,True,har,0.0173734719491762,0.018054273403709326
5,29.06.2018,7,2018,True,har,0.0150779812455918,0.017092051182041018
5,02.07.2018,7,2018,True,har,0.0078375179861248,0.017906470255420567
5,03.07.2018,7,2018,True,har,0.0345416448169171,0.018459099349290888
5,05.07.2018,7,2018,True,har,0.0364603580020695,0.017551134184954676
5,06.07.2018,7,2018,True,har,0.0375276147834894,0.017449904845907603
5,09.07.2018,7,2018,True,har,0.0401755504144089,0.016786893628219
5,10.07.2018,7,2018,True,har,0.039310559065492,0.01697674898359573
5,11.07.2018,7,2018,True,har,0.0260029453505923,0.016479787691881638
5,12.07.2018,7,2018,True,har,0.0245058258134242,0.0250501060818214
5,13.07.2018,7,2018,True,har,0.0237338639581005,0.02302569732479679
5,16.07.2018,7,2018,True,har,0.0057397602501491,0.023055853498825746
5,17.07.2018,7,2018,True,har,0.0057840664521719,0.02541699539532053
5,18.07.2018,7,2018,True,har,0.0049094383347608,0.02319576747048627
5,19.07.2018,7,2018,True,har,0.0032380920818476,0.022629191633438323
5,20.07.2018,7,2018,True,har,0.0048766194492834,0.022304720210145075
5,23.07.2018,7,2018,True,har,0.0049941342948825,0.022022300788427755
5,24.07.2018,7,2018,True,har,0.008293328400326,0.019653922659846425
5,25.07.2018,7,2018,True,har,0.0079250961619225,0.01981113463940323
5,26.07.2018,7,2018,True,har,0.0080837553303423,0.019467537074599396
5,27.07.2018,7,2018,True,har,0.0080827400827847,0.01921005386435499
5,30.07.2018,7,2018,True,har,0.0074390970490876,0.01911237619824331
5,31.07.2018,7,2018,True,har,0.0089919941497497,0.019024944907606336
5,01.08.2018,7,2018,True,har,0.0175034749378986,0.0187872996225924
5,02.08.2018,7,2018,True,har,0.0172428876929766,0.0183384727017639
5,03.08.2018,7,2018,True,har,0.0183634000283936,0.01882216353252062
5,06.08.2018,7,2018,True,har,0.017747412231765,0.018530437127994515
5,07.08.2018,7,2018,True,har,0.0157182184640563,0.018535002938066418
5,08.08.2018,7,2018,True,har,0.0122264506579395,0.018872814356537843
5,09.08.2018,7,2018,True,har,0.0137178825313651,0.016246417031104396
5,10.08.2018,7,2018,True,har,0.0128329433128711,0.014816393350259197
5,13.08.2018,7,2018,True,har,0.0133194777438723,0.015125345531703777
5,14.08.2018,7,2018,True,har,0.0136381492184184,0.011618571679312004
5,15.08.2018,7,2018,True,har,0.0102694182261798,0.011437310912034936
5,16.08.2018,7,2018,True,har,0.0115778183059935,0.012743329716311496
5,17.08.2018,7,2018,True,har,0.0115989310748529,0.012453935118584782
5,20.08.2018,7,2018,True,har,0.011616486968066,0.012221353269321816
5,21.08.2018,7,2018,True,har,0.0132249374557488,0.012298579605446745
5,22.08.2018,7,2018,True,har,0.0086131669564767,0.012351801804008643
5,23.08.2018,7,2018,True,har,0.0077064425349382,0.014210444758559886
5,24.08.2018,7,2018,True,har,0.0083514526936505,0.01311644333403047
5,27.08.2018,7,2018,True,har,0.0087158760886763,0.013893226703045826
5,28.08.2018,7,2018,True,har,0.0111340955530937,0.013467411843318764
5,29.08.2018,7,2018,True,har,0.0099995933310917,0.013381045926066017
5,30.08.2018,7,2018,True,har,0.0091739314506205,0.01380333267089534
5,31.08.2018,7,2018,True,har,0.0099353636337721,0.013265298767512881
5,04.09.2018,7,2018,True,har,0.0136313186565631,0.013191734273067855
5,05.09.2018,7,2018,True,har,0.0112928610682005,0.013448966007296254
5,06.09.2018,7,2018,True,har,0.0150317099539236,0.013816561962147665
5,07.09.2018,7,2018,True,har,0.0152320797978545,0.012159976305897297
5,10.09.2018,7,2018,True,har,0.0151400083585927,0.011830981822820302
5,11.09.2018,7,2018,True,har,0.012459539848257,0.011928964680283021
5,12.09.2018,7,2018,True,har,0.0118933574414993,0.013183452068698486
5,13.09.2018,7,2018,True,har,0.0078855714001612,0.012482725346689642
5,14.09.2018,7,2018,True,har,0.0077688442523647,0.01283030086207063
5,17.09.2018,7,2018,True,har,0.0145308812851923,0.01214710423613349
5,18.09.2018,7,2018,True,har,0.0143196702610763,0.01215081874931374
5,19.09.2018,7,2018,True,har,0.0155990790120936,0.012535793579290664
5,20.09.2018,7,2018,True,har,0.0136892879533571,0.01219451221177973
5,21.09.2018,7,2018,True,har,0.0133051135743986,0.011244705342899187
5,24.09.2018,7,2018,True,har,0.0121639503830595,0.010929006763610763
5,25.09.2018,7,2018,True,har,0.0131870589281991,0.013473801110744022
5,26.09.2018,7,2018,True,har,0.0112483113176829,0.012651001872098225
5,27.09.2018,7,2018,True,har,0.0183462631899235,0.012750565000707426
5,28.09.2018,7,2018,True,har,0.0187101690197586,0.012316914995559633
5,01.10.2018,7,2018,True,har,0.0133233166437905,0.01267054220061338
5,02.10.2018,7,2018,True,har,0.0150260130691336,0.013855124196190212
5,03.10.2018,7,2018,True,har,0.0144200225798621,0.012987706941790012
5,04.10.2018,7,2018,True,har,0.0184921550605586,0.013289555558503953
5,05.10.2018,7,2018,True,har,0.0192758511329682,0.01443830745640011
5,08.10.2018,7,2018,True,har,0.0201134957520741,0.014012838140653397
5,09.10.2018,7,2018,True,har,0.0188983189154423,0.013636100636224113
5,10.10.2018,7,2018,True,har,0.0179615401817022,0.013814366642171035
5,11.10.2018,7,2018,True,har,0.0103552717606669,0.014975919457699556
5,12.10.2018,7,2018,True,har,0.010940824260291,0.01674830256708474
5,15.10.2018,7,2018,True,har,0.0105537176588298,0.015540932029341502
5,16.10.2018,7,2018,True,har,0.0193812729865765,0.01568636945191647
5,17.10.2018,7,2018,True,har,0.0195649397378313,0.015644060682658098
5,18.10.2018,7,2018,True,har,0.0214091879818078,0.016276859975584698
5,19.10.2018,7,2018,True,har,0.0219261022654579,0.015500312049553362
5,22.10.2018,7,2018,True,har,0.0217113492287855,0.015444791370110015
5,23.10.2018,7,2018,True,har,0.0116404653201047,0.014139443427895814
5,24.10.2018,7,2018,True,har,0.0117888595801983,0.018190436401279153
5,25.10.2018,7,2018,True,har,0.0102229910597486,0.016657585077466258
5,26.10.2018,7,2018,True,har,0.0148339234576508,0.017108674148881953
5,29.10.2018,7,2018,True,har,0.0164763163143062,0.01706588006195176
5,30.10.2018,7,2018,True,har,0.016086570201347,0.01577885713330756
5,31.10.2018,7,2018,True,har,0.0165742124033437,0.015881926772841944
5,01.11.2018,7,2018,True,har,0.0161090547917428,0.014752799268545565
5,02.11.2018,7,2018,True,har,0.0099135266708248,0.014260540580064183
5,05.11.2018,7,2018,True,har,0.0084312180211671,0.016953581643580542
5,06.11.2018,7,2018,True,har,0.0286053800153147,0.01598929218080164
5,07.11.2018,7,2018,True,har,0.0306680284621504,0.01591971556480215
5,08.11.2018,7,2018,True,har,0.0324726145052237,0.015225812562962023
5,09.11.2018,7,2018,True,har,0.0330472054891635,0.015201370762923654
5,12.11.2018,7,2018,True,har,0.0331423837680336,0.014181866185338525
5,13.11.2018,7,2018,True,har,0.0319393593918523,0.013744292423181505
5,14.11.2018,7,2018,True,har,0.0327887044347665,0.021238165942755356
5,15.11.2018,7,2018,True,har,0.0427858152343519,0.019447985308471076
5,16.11.2018,7,2018,True,har,0.0481609349774716,0.019730099107057232
5,19.11.2018,7,2018,True,har,0.047692532028664,0.01946466431917608
5,20.11.2018,7,2018,True,har,0.0410084972240634,0.019404471257828335
5,21.11.2018,7,2018,True,har,0.0406188192031494,0.02357608534584855
5,23.11.2018,7,2018,True,har,0.0209250324625134,0.022128608206844178
5,26.11.2018,7,2018,True,har,0.0288584197108822,0.02793175297601985
5,27.11.2018,7,2018,True,har,0.0284706710731875,0.027205054989921266
5,28.11.2018,7,2018,True,har,0.0309583203387277,0.02625174839804388
5,29.11.2018,7,2018,True,har,0.0324581978329623,0.02663496772223945
5,30.11.2018,7,2018,True,har,0.0352717591738449,0.0265280311672857
5,03.12.2018,7,2018,True,har,0.0250512007280614,0.025141449358070552
5,04.12.2018,7,2018,True,har,0.0244504082822263,0.028833816751087826
5,06.12.2018,7,2018,True,har,0.0215000868384004,0.027169922825102888
5,07.12.2018,7,2018,True,har,0.0194905464570974,0.028691333081540007
5,10.12.2018,7,2018,True,har,0.0154900514480439,0.029189043957274792
5,11.12.2018,7,2018,True,har,0.02907504435584,0.029577031715547656
5,12.12.2018,7,2018,True,har,0.0320293366086722,0.028037891944636018
5,13.12.2018,7,2018,True,har,0.0308515462861325,0.027882381527361517
5,14.12.2018,7,2018,True,har,0.0315389703143346,0.026603555988564963
5,17.12.2018,7,2018,True,har,0.0354018590788141,0.026412655202529226
5,18.12.2018,7,2018,True,har,0.0566053361673304,0.025761522804434195
5,19.12.2018,7,2018,True,har,0.056740454787024,0.02991252693891683
5,20.12.2018,7,2018,True,har,0.0538424430243164,0.0288660344656902
5,21.12.2018,7,2018,True,har,0.0564298024492554,0.02930091051702408
5,24.12.2018,7,2018,True,har,0.0435958913478007,0.027434563154040095
5,26.12.2018,7,2018,True,har,0.0292203026738823,0.02887865148774829
5,27.12.2018,7,2018,True,har,0.010662485868922,0.03393854188959672
5,28.12.2018,7,2018,True,har,0.0091010013368134,0.033391610534125274
5,31.12.2018,7,2018,True,har,0.0074116197833863,0.03142268384494473
5,02.01.2018,7,2018,True,har_ovx,0.0103567633034399,0.008452099109590792
5,03.01.2018,7,2018,True,har_ovx,0.0078171049051645,0.009337933083131248
5,04.01.2018,7,2018,True,har_ovx,0.0079442895181173,0.009610161021836745
5,05.01.2018,7,2018,True,har_ovx,0.0057257001464664,0.009053763139965282
5,08.01.2018,7,2018,True,har_ovx,0.0095791592616795,0.009145893989488773
5,09.01.2018,7,2018,True,har_ovx,0.0072998254759595,0.00883726662403623
5,10.01.2018,7,2018,True,har_ovx,0.0070085511108855,0.009650259076201685
5,11.01.2018,7,2018,True,har_ovx,0.0083888336155907,0.009919508506892272
5,12.01.2018,7,2018,True,har_ovx,0.0075889030155016,0.00982647253161693
5,16.01.2018,7,2018,True,har_ovx,0.0087220439436849,0.009928350772610475
5,17.01.2018,7,2018,True,har_ovx,0.0091130065468865,0.011755872081416915
5,18.01.2018,7,2018,True,har_ovx,0.0091810940067844,0.010607185684628213
5,19.01.2018,7,2018,True,har_ovx,0.0058275601446377,0.010380826766027973
5,22.01.2018,7,2018,True,har_ovx,0.0108518676131495,0.008438630058940261
5,23.01.2018,7,2018,True,har_ovx,0.008710043126821,0.00893195536198323
5,24.01.2018,7,2018,True,har_ovx,0.0067906564137504,0.009205630681122741
5,25.01.2018,7,2018,True,har_ovx,0.0070415442624073,0.010159787712644554
5,26.01.2018,7,2018,True,har_ovx,0.0064668422421573,0.009030190344173628
5,29.01.2018,7,2018,True,har_ovx,0.0060849326500959,0.00903048892653779
5,30.01.2018,7,2018,True,har_ovx,0.0066604124402399,0.009421991008425262
5,31.01.2018,7,2018,True,har_ovx,0.0077714568910179,0.009463858928968736
5,01.02.2018,7,2018,True,har_ovx,0.0049122781938023,0.008992693167005555
5,02.02.2018,7,2018,True,har_ovx,0.0087258193073388,0.008972713087966
5,05.02.2018,7,2018,True,har_ovx,0.0109205290391384,0.010067696751208308
5,06.02.2018,7,2018,True,har_ovx,0.0135223910896454,0.011520426336951375
5,07.02.2018,7,2018,True,har_ovx,0.0208328417888116,0.01192351178317919
5,08.02.2018,7,2018,True,har_ovx,0.0204482002463763,0.012147112262442611
5,09.02.2018,7,2018,True,har_ovx,0.0115853947211594,0.013816258928349971
5,12.02.2018,7,2018,True,har_ovx,0.010324884627056,0.014274717652684149
5,13.02.2018,7,2018,True,har_ovx,0.0102475311555842,0.013619688464139107
5,14.02.2018,7,2018,True,har_ovx,0.0057627371342729,0.014191748314406324
5,15.02.2018,7,2018,True,har_ovx,0.0051183209259622,0.012697862724633477
5,16.02.2018,7,2018,True,har_ovx,0.0058565275655605,0.01230294860720891
5,20.02.2018,7,2018,True,har_ovx,0.0111964108717066,0.012142401250911473
5,21.02.2018,7,2018,True,har_ovx,0.0136114830698425,0.012534534922971765
5,22.02.2018,7,2018,True,har_ovx,0.0112961890333619,0.01206299103229993
5,23.02.2018,7,2018,True,har_ovx,0.0095889195613596,0.011030485112063514
5,26.02.2018,7,2018,True,har_ovx,0.0150795482496108,0.010650023719672542
5,27.02.2018,7,2018,True,har_ovx,0.0149770047366125,0.010504321862779279
5,28.02.2018,7,2018,True,har_ovx,0.017053525395244,0.011138049983790579
5,01.03.2018,7,2018,True,har_ovx,0.0171708578336521,0.012151211803306194
5,02.03.2018,7,2018,True,har_ovx,0.0209446017789249,0.012085838355389292
5,05.03.2018,7,2018,True,har_ovx,0.0196338298887995,0.01182192548213267
5,06.03.2018,7,2018,True,har_ovx,0.0193939675459911,0.011823097904207991
5,07.03.2018,7,2018,True,har_ovx,0.0163586719034612,0.011170903679994664
5,08.03.2018,7,2018,True,har_ovx,0.0146385187511849,0.012263452501022794
5,09.03.2018,7,2018,True,har_ovx,0.0096242317329905,0.01162226898738755
5,12.03.2018,7,2018,True,har_ovx,0.0082961363898649,0.01184987439967869
5,13.03.2018,7,2018,True,har_ovx,0.0096910733010739,0.010164946509582017
5,14.03.2018,7,2018,True,har_ovx,0.0130604564215226,0.011078585252630911
5,15.03.2018,7,2018,True,har_ovx,0.0160121477461898,0.010927437601126744
5,16.03.2018,7,2018,True,har_ovx,0.016642868017257,0.010832444461529579
5,19.03.2018,7,2018,True,har_ovx,0.0171726301154259,0.010726048186985016
5,20.03.2018,7,2018,True,har_ovx,0.0170816541159765,0.01105940178798696
5,21.03.2018,7,2018,True,har_ovx,0.0126976624537122,0.011279658473685554
5,22.03.2018,7,2018,True,har_ovx,0.0124021226518374,0.011788866763528284
5,23.03.2018,7,2018,True,har_ovx,0.0182130678332631,0.011819573632071697
5,26.03.2018,7,2018,True,har_ovx,0.0194853113552009,0.012685176932784892
5,27.03.2018,7,2018,True,har_ovx,0.0193980758070303,0.01257052929641793
5,28.03.2018,7,2018,True,har_ovx,0.019870650805551,0.01229764208769938
5,29.03.2018,7,2018,True,har_ovx,0.0189014881461261,0.011999050693556886
5,02.04.2018,7,2018,True,har_ovx,0.0147328211779122,0.011004482393759629
5,03.04.2018,7,2018,True,har_ovx,0.0204997855082855,0.012863392160835792
5,04.04.2018,7,2018,True,har_ovx,0.0198026229599519,0.012059595801294856
5,05.04.2018,7,2018,True,har_ovx,0.0203762065970534,0.011532919403649578
5,06.04.2018,7,2018,True,har_ovx,0.0134302178498239,0.01039005903270486
5,09.04.2018,7,2018,True,har_ovx,0.0185829955724968,0.010963634553755656
5,10.04.2018,7,2018,True,har_ovx,0.0113650223691768,0.011487271911233297
5,11.04.2018,7,2018,True,har_ovx,0.0152892390775228,0.013113889714538982
5,12.04.2018,7,2018,True,har_ovx,0.0150906538692649,0.013768967940959994
5,13.04.2018,7,2018,True,har_ovx,0.0150029505140445,0.013157259638260345
5,16.04.2018,7,2018,True,har_ovx,0.009911862676862,0.013211757430163196
5,17.04.2018,7,2018,True,har_ovx,0.0134899633345894,0.01344808780016623
5,18.04.2018,7,2018,True,har_ovx,0.0076137997462061,0.01277591625717403
5,19.04.2018,7,2018,True,har_ovx,0.008526549219486,0.013995055004059063
5,20.04.2018,7,2018,True,har_ovx,0.0086531322655324,0.01367478237743675
5,23.04.2018,7,2018,True,har_ovx,0.0083343781356547,0.01343037009866824
5,24.04.2018,7,2018,True,har_ovx,0.0048123547595054,0.013540261262862273
5,25.04.2018,7,2018,True,har_ovx,0.0135077380039526,0.013639282584786878
5,26.04.2018,7,2018,True,har_ovx,0.0123778113495141,0.01297952845581852
5,27.04.2018,7,2018,True,har_ovx,0.0153151731289204,0.012222537347361992
5,30.04.2018,7,2018,True,har_ovx,0.0169665164493759,0.011302636905887774
5,01.05.2018,7,2018,True,har_ovx,0.0192895425758504,0.013026761301359354
5,02.05.2018,7,2018,True,har_ovx,0.0182915176583594,0.012862815010233697
5,03.05.2018,7,2018,True,har_ovx,0.0183077886375225,0.012572427223268757
5,04.05.2018,7,2018,True,har_ovx,0.0188551176847415,0.011939808569888122
5,07.05.2018,7,2018,True,har_ovx,0.0184585152856392,0.011702293581515272
5,08.05.2018,7,2018,True,har_ovx,0.0138712435812734,0.013401968367300246
5,09.05.2018,7,2018,True,har_ovx,0.00739502973758,0.011999760684768691
5,10.05.2018,7,2018,True,har_ovx,0.007721418375563,0.01217293805988134
5,11.05.2018,7,2018,True,har_ovx,0.0095317977359252,0.011782134014240785
5,14.05.2018,7,2018,True,har_ovx,0.0082528986441952,0.011230834219713806
5,15.05.2018,7,2018,True,har_ovx,0.0082966242592935,0.011460725608666386
5,16.05.2018,7,2018,True,har_ovx,0.0070811886099257,0.011828381573745215
5,17.05.2018,7,2018,True,har_ovx,0.0095259406586259,0.011436591323050072
5,18.05.2018,7,2018,True,har_ovx,0.0161643270559947,0.010910307223437653
5,21.05.2018,7,2018,True,har_ovx,0.0142044886084027,0.01108344495215623
5,22.05.2018,7,2018,True,har_ovx,0.0218044769449254,0.011450591708492688
5,23.05.2018,7,2018,True,har_ovx,0.0216562001377728,0.011449511731210612
5,24.05.2018,7,2018,True,har_ovx,0.0213562967365563,0.011546113102027813
5,25.05.2018,7,2018,True,har_ovx,0.0212962485281252,0.011205113695526552
5,29.05.2018,7,2018,True,har_ovx,0.0204339876421315,0.01289188389099589
5,30.05.2018,7,2018,True,har_ovx,0.0137068265229948,0.013556849701382127
5,31.05.2018,7,2018,True,har_ovx,0.0197724767420777,0.012900360134014544
5,01.06.2018,7,2018,True,har_ovx,0.0202995684800998,0.01237777302365182
5,04.06.2018,7,2018,True,har_ovx,0.0135858401996257,0.01303673331779408
5,05.06.2018,7,2018,True,har_ovx,0.014436685050309,0.01396060445799964
5,06.06.2018,7,2018,True,har_ovx,0.0150291035934968,0.013500308665570667
5,07.06.2018,7,2018,True,har_ovx,0.0094213951505021,0.01347611453675341
5,08.06.2018,7,2018,True,har_ovx,0.0165119285559523,0.012971378990759654
5,11.06.2018,7,2018,True,har_ovx,0.0224957642985386,0.012501936810944074
5,12.06.2018,7,2018,True,har_ovx,0.0223567086443454,0.012002149056828131
5,13.06.2018,7,2018,True,har_ovx,0.0210705560736236,0.011891261181908275
5,14.06.2018,7,2018,True,har_ovx,0.0225141103550685,0.012252351162624114
5,15.06.2018,7,2018,True,har_ovx,0.0233449368182363,0.012074009805285701
5,18.06.2018,7,2018,True,har_ovx,0.0211771138261607,0.012883939335345429
5,19.06.2018,7,2018,True,har_ovx,0.0233456625141843,0.012689581026123593
5,20.06.2018,7,2018,True,har_ovx,0.0235377096317901,0.012703494849578344
5,21.06.2018,7,2018,True,har_ovx,0.0171585986979754,0.012765901720070916
5,22.06.2018,7,2018,True,har_ovx,0.0137834345952553,0.012791233384960628
5,25.06.2018,7,2018,True,har_ovx,0.0203842305056634,0.011496226056264006
5,26.06.2018,7,2018,True,har_ovx,0.0188236531761752,0.011610145618921578
5,27.06.2018,7,2018,True,har_ovx,0.0174603057919855,0.011427775063693727
5,28.06.2018,7,2018,True,har_ovx,0.0173734719491762,0.012660717095043024
5,29.06.2018,7,2018,True,har_ovx,0.0150779812455918,0.012373344739878668
5,02.07.2018,7,2018,True,har_ovx,0.0078375179861248,0.012530719823266267
5,03.07.2018,7,2018,True,har_ovx,0.0345416448169171,0.013453096931687995
5,05.07.2018,7,2018,True,har_ovx,0.0364603580020695,0.013180910234109692
5,06.07.2018,7,2018,True,har_ovx,0.0375276147834894,0.013310952251877006
5,09.07.2018,7,2018,True,har_ovx,0.0401755504144089,0.012867177956444181
5,10.07.2018,7,2018,True,har_ovx,0.039310559065492,0.012998480875923223
5,11.07.2018,7,2018,True,har_ovx,0.0260029453505923,0.012299675145845089
5,12.07.2018,7,2018,True,har_ovx,0.0245058258134242,0.01383707777006525
5,13.07.2018,7,2018,True,har_ovx,0.0237338639581005,0.01265179995335649
5,16.07.2018,7,2018,True,har_ovx,0.0057397602501491,0.01243527585651292
5,17.07.2018,7,2018,True,har_ovx,0.0057840664521719,0.013786326888955045
5,18.07.2018,7,2018,True,har_ovx,0.0049094383347608,0.012628012730240445
5,19.07.2018,7,2018,True,har_ovx,0.0032380920818476,0.01241175149814501
5,20.07.2018,7,2018,True,har_ovx,0.0048766194492834,0.012109174110738207
5,23.07.2018,7,2018,True,har_ovx,0.0049941342948825,0.011604443458646283
5,24.07.2018,7,2018,True,har_ovx,0.008293328400326,0.011857379424820833
5,25.07.2018,7,2018,True,har_ovx,0.0079250961619225,0.011593699181076826
5,26.07.2018,7,2018,True,har_ovx,0.0080837553303423,0.011413522983450781
5,27.07.2018,7,2018,True,har_ovx,0.0080827400827847,0.011154830697287246
5,30.07.2018,7,2018,True,har_ovx,0.0074390970490876,0.011130104738597036
5,31.07.2018,7,2018,True,har_ovx,0.0089919941497497,0.011737559930860621
5,01.08.2018,7,2018,True,har_ovx,0.0175034749378986,0.012121102043782491
5,02.08.2018,7,2018,True,har_ovx,0.0172428876929766,0.01196642249637295
5,03.08.2018,7,2018,True,har_ovx,0.0183634000283936,0.011630997287699986
5,06.08.2018,7,2018,True,har_ovx,0.017747412231765,0.011465014598671865
5,07.08.2018,7,2018,True,har_ovx,0.0157182184640563,0.011396973731057204
5,08.08.2018,7,2018,True,har_ovx,0.0122264506579395,0.011303047152125538
5,09.08.2018,7,2018,True,har_ovx,0.0137178825313651,0.012041970198345478
5,10.08.2018,7,2018,True,har_ovx,0.0128329433128711,0.011042569223259684
5,13.08.2018,7,2018,True,har_ovx,0.0133194777438723,0.011142125840251947
5,14.08.2018,7,2018,True,har_ovx,0.0136381492184184,0.010866678394525691
5,15.08.2018,7,2018,True,har_ovx,0.0102694182261798,0.011447247524845279
5,16.08.2018,7,2018,True,har_ovx,0.0115778183059935,0.01247205515613942
5,17.08.2018,7,2018,True,har_ovx,0.0115989310748529,0.011689449265721324
5,20.08.2018,7,2018,True,har_ovx,0.011616486968066,0.01125864038613331
5,21.08.2018,7,2018,True,har_ovx,0.0132249374557488,0.010960627636613991
5,22.08.2018,7,2018,True,har_ovx,0.0086131669564767,0.010846789603214585
5,23.08.2018,7,2018,True,har_ovx,0.0077064425349382,0.010981194579991412
5,24.08.2018,7,2018,True,har_ovx,0.0083514526936505,0.01038578569691407
5,27.08.2018,7,2018,True,har_ovx,0.0087158760886763,0.009888305381232365
5,28.08.2018,7,2018,True,har_ovx,0.0111340955530937,0.010013399837185574
5,29.08.2018,7,2018,True,har_ovx,0.0099995933310917,0.010491243907933915
5,30.08.2018,7,2018,True,har_ovx,0.0091739314506205,0.010596727941278361
5,31.08.2018,7,2018,True,har_ovx,0.0099353636337721,0.010882754886605086
5,04.09.2018,7,2018,True,har_ovx,0.0136313186565631,0.01091466110012855
5,05.09.2018,7,2018,True,har_ovx,0.0112928610682005,0.012049486877266632
5,06.09.2018,7,2018,True,har_ovx,0.0150317099539236,0.01198889218571024
5,07.09.2018,7,2018,True,har_ovx,0.0152320797978545,0.011640997545803798
5,10.09.2018,7,2018,True,har_ovx,0.0151400083585927,0.011526668072776369
5,11.09.2018,7,2018,True,har_ovx,0.012459539848257,0.011583553693946697
5,12.09.2018,7,2018,True,har_ovx,0.0118933574414993,0.012363156562767458
5,13.09.2018,7,2018,True,har_ovx,0.0078855714001612,0.012115141638348478
5,14.09.2018,7,2018,True,har_ovx,0.0077688442523647,0.012025094805859976
5,17.09.2018,7,2018,True,har_ovx,0.0145308812851923,0.01161125638944342
5,18.09.2018,7,2018,True,har_ovx,0.0143196702610763,0.011664074960384562
5,19.09.2018,7,2018,True,har_ovx,0.0155990790120936,0.01204777154609225
5,20.09.2018,7,2018,True,har_ovx,0.0136892879533571,0.011675424343503837
5,21.09.2018,7,2018,True,har_ovx,0.0133051135743986,0.011576873948914455
5,24.09.2018,7,2018,True,har_ovx,0.0121639503830595,0.011540250494467389
5,25.09.2018,7,2018,True,har_ovx,0.0131870589281991,0.012336035984964194
5,26.09.2018,7,2018,True,har_ovx,0.0112483113176829,0.011994098411322382
5,27.09.2018,7,2018,True,har_ovx,0.0183462631899235,0.01176461481000563
5,28.09.2018,7,2018,True,har_ovx,0.0187101690197586,0.011712538267700629
5,01.10.2018,7,2018,True,har_ovx,0.0133233166437905,0.011989410486025403
5,02.10.2018,7,2018,True,har_ovx,0.0150260130691336,0.0129872873559399
5,03.10.2018,7,2018,True,har_ovx,0.0144200225798621,0.012507068103099806
5,04.10.2018,7,2018,True,har_ovx,0.0184921550605586,0.012942094366761022
5,05.10.2018,7,2018,True,har_ovx,0.0192758511329682,0.013437217324274848
5,08.10.2018,7,2018,True,har_ovx,0.0201134957520741,0.013220676608329837
5,09.10.2018,7,2018,True,har_ovx,0.0188983189154423,0.013293205919410574
5,10.10.2018,7,2018,True,har_ovx,0.0179615401817022,0.01275719513950191
5,11.10.2018,7,2018,True,har_ovx,0.0103552717606669,0.01349393260131071
5,12.10.2018,7,2018,True,har_ovx,0.010940824260291,0.013916101482171735
5,15.10.2018,7,2018,True,har_ovx,0.0105537176588298,0.012519611998232798
5,16.10.2018,7,2018,True,har_ovx,0.0193812729865765,0.01308553195961291
5,17.10.2018,7,2018,True,har_ovx,0.0195649397378313,0.013141023789429829
5,18.10.2018,7,2018,True,har_ovx,0.0214091879818078,0.012978188802302663
5,19.10.2018,7,2018,True,har_ovx,0.0219261022654579,0.013264210565607289
5,22.10.2018,7,2018,True,har_ovx,0.0217113492287855,0.012504065463160945
5,23.10.2018,7,2018,True,har_ovx,0.0116404653201047,0.012627219700422625
5,24.10.2018,7,2018,True,har_ovx,0.0117888595801983,0.014098525943828611
5,25.10.2018,7,2018,True,har_ovx,0.0102229910597486,0.013896316234333548
5,26.10.2018,7,2018,True,har_ovx,0.0148339234576508,0.013106206990449693
5,29.10.2018,7,2018,True,har_ovx,0.0164763163143062,0.013475099949394942
5,30.10.2018,7,2018,True,har_ovx,0.016086570201347,0.013611996206318096
5,31.10.2018,7,2018,True,har_ovx,0.0165742124033437,0.01422999848006456
5,01.11.2018,7,2018,True,har_ovx,0.0161090547917428,0.01419619462755629
5,02.11.2018,7,2018,True,har_ovx,0.0099135266708248,0.01506190046616001
5,05.11.2018,7,2018,True,har_ovx,0.0084312180211671,0.015875579930164453
5,06.11.2018,7,2018,True,har_ovx,0.0286053800153147,0.015788386483738304
5,07.11.2018,7,2018,True,har_ovx,0.0306680284621504,0.016837811594013444
5,08.11.2018,7,2018,True,har_ovx,0.0324726145052237,0.01595853336488841
5,09.11.2018,7,2018,True,har_ovx,0.0330472054891635,0.015638772512349887
5,12.11.2018,7,2018,True,har_ovx,0.0331423837680336,0.017416307519776554
5,13.11.2018,7,2018,True,har_ovx,0.0319393593918523,0.020602711446284304
5,14.11.2018,7,2018,True,har_ovx,0.0327887044347665,0.03121272165065041
5,15.11.2018,7,2018,True,har_ovx,0.0427858152343519,0.02495393626256382
5,16.11.2018,7,2018,True,har_ovx,0.0481609349774716,0.022852787827244155
5,19.11.2018,7,2018,True,har_ovx,0.047692532028664,0.020651554994906073
5,20.11.2018,7,2018,True,har_ovx,0.0410084972240634,0.022486379940836437
5,21.11.2018,7,2018,True,har_ovx,0.0406188192031494,0.03175115219993014
5,23.11.2018,7,2018,True,har_ovx,0.0209250324625134,0.028092756798495377
5,26.11.2018,7,2018,True,har_ovx,0.0288584197108822,0.03735041327235188
5,27.11.2018,7,2018,True,har_ovx,0.0284706710731875,0.0320385617447283
5,28.11.2018,7,2018,True,har_ovx,0.0309583203387277,0.0296924797476481
5,29.11.2018,7,2018,True,har_ovx,0.0324581978329623,0.02961210685099315
5,30.11.2018,7,2018,True,har_ovx,0.0352717591738449,0.02947360648190896
5,03.12.2018,7,2018,True,har_ovx,0.0250512007280614,0.031112693210520712
5,04.12.2018,7,2018,True,har_ovx,0.0244504082822263,0.027347177086963225
5,06.12.2018,7,2018,True,har_ovx,0.0215000868384004,0.026993337942914603
5,07.12.2018,7,2018,True,har_ovx,0.0194905464570974,0.02746793489630845
5,10.12.2018,7,2018,True,har_ovx,0.0154900514480439,0.02205964062436517
5,11.12.2018,7,2018,True,har_ovx,0.02907504435584,0.02411374647876042
5,12.12.2018,7,2018,True,har_ovx,0.0320293366086722,0.02167483260863095
5,13.12.2018,7,2018,True,har_ovx,0.0308515462861325,0.020646911104876736
5,14.12.2018,7,2018,True,har_ovx,0.0315389703143346,0.02045265803648665
5,17.12.2018,7,2018,True,har_ovx,0.0354018590788141,0.022468337080887274
5,18.12.2018,7,2018,True,har_ovx,0.0566053361673304,0.025134901214367764
5,19.12.2018,7,2018,True,har_ovx,0.056740454787024,0.02986848971795731
5,20.12.2018,7,2018,True,har_ovx,0.0538424430243164,0.027758552283209975
5,21.12.2018,7,2018,True,har_ovx,0.0564298024492554,0.029458609916901923
5,24.12.2018,7,2018,True,har_ovx,0.0435958913478007,0.028218585823028226
5,26.12.2018,7,2018,True,har_ovx,0.0292203026738823,0.031961720736106175
5,27.12.2018,7,2018,True,har_ovx,0.010662485868922,0.03018229256649236
5,28.12.2018,7,2018,True,har_ovx,0.0091010013368134,0.031801027417619636
5,31.12.2018,7,2018,True,har_ovx,0.0074116197833863,0.028738793882969543
5,02.01.2018,7,2018,True,har_gpr,0.0103567633034399,0.01344898142275187
5,03.01.2018,7,2018,True,har_gpr,0.0078171049051645,0.014765718327936666
5,04.01.2018,7,2018,True,har_gpr,0.0079442895181173,0.015064229888340865
5,05.01.2018,7,2018,True,har_gpr,0.0057257001464664,0.014315043471105461
5,08.01.2018,7,2018,True,har_gpr,0.0095791592616795,0.013391432265926788
5,09.01.2018,7,2018,True,har_gpr,0.0072998254759595,0.012218439594087114
5,10.01.2018,7,2018,True,har_gpr,0.0070085511108855,0.012624968099832594
5,11.01.2018,7,2018,True,har_gpr,0.0083888336155907,0.0116512590823821
5,12.01.2018,7,2018,True,har_gpr,0.0075889030155016,0.010402197663114943
5,16.01.2018,7,2018,True,har_gpr,0.0087220439436849,0.009829488892256832
5,17.01.2018,7,2018,True,har_gpr,0.0091130065468865,0.010281616476550333
5,18.01.2018,7,2018,True,har_gpr,0.0091810940067844,0.009786070144166156
5,19.01.2018,7,2018,True,har_gpr,0.0058275601446377,0.009733216242043274
5,22.01.2018,7,2018,True,har_gpr,0.0108518676131495,0.010568025540788747
5,23.01.2018,7,2018,True,har_gpr,0.008710043126821,0.011059038980707668
5,24.01.2018,7,2018,True,har_gpr,0.0067906564137504,0.011598051625518573
5,25.01.2018,7,2018,True,har_gpr,0.0070415442624073,0.011451932955650453
5,26.01.2018,7,2018,True,har_gpr,0.0064668422421573,0.01011405350515077
5,29.01.2018,7,2018,True,har_gpr,0.0060849326500959,0.00957856526602696
5,30.01.2018,7,2018,True,har_gpr,0.0066604124402399,0.010628778755130816
5,31.01.2018,7,2018,True,har_gpr,0.0077714568910179,0.010253117773393971
5,01.02.2018,7,2018,True,har_gpr,0.0049122781938023,0.009884199100243747
5,02.02.2018,7,2018,True,har_gpr,0.0087258193073388,0.00923403259326353
5,05.02.2018,7,2018,True,har_gpr,0.0109205290391384,0.0095833578774237
5,06.02.2018,7,2018,True,har_gpr,0.0135223910896454,0.009989772636001345
5,07.02.2018,7,2018,True,har_gpr,0.0208328417888116,0.010157297266534504
5,08.02.2018,7,2018,True,har_gpr,0.0204482002463763,0.010731554256772665
5,09.02.2018,7,2018,True,har_gpr,0.0115853947211594,0.010143137113434656
5,12.02.2018,7,2018,True,har_gpr,0.010324884627056,0.01254777672181605
5,13.02.2018,7,2018,True,har_gpr,0.0102475311555842,0.011214236923626792
5,14.02.2018,7,2018,True,har_gpr,0.0057627371342729,0.011397232541005532
5,15.02.2018,7,2018,True,har_gpr,0.0051183209259622,0.014155832310591423
5,16.02.2018,7,2018,True,har_gpr,0.0058565275655605,0.01315506253233193
5,20.02.2018,7,2018,True,har_gpr,0.0111964108717066,0.012936098724770343
5,21.02.2018,7,2018,True,har_gpr,0.0136114830698425,0.012596153241966682
5,22.02.2018,7,2018,True,har_gpr,0.0112961890333619,0.012099997233030702
5,23.02.2018,7,2018,True,har_gpr,0.0095889195613596,0.012537477083009209
5,26.02.2018,7,2018,True,har_gpr,0.0150795482496108,0.012832772892576939
5,27.02.2018,7,2018,True,har_gpr,0.0149770047366125,0.012331285957430441
5,28.02.2018,7,2018,True,har_gpr,0.017053525395244,0.013023800011500948
5,01.03.2018,7,2018,True,har_gpr,0.0171708578336521,0.013318180419918332
5,02.03.2018,7,2018,True,har_gpr,0.0209446017789249,0.012693517102741289
5,05.03.2018,7,2018,True,har_gpr,0.0196338298887995,0.013727790875101242
5,06.03.2018,7,2018,True,har_gpr,0.0193939675459911,0.014905599777525024
5,07.03.2018,7,2018,True,har_gpr,0.0163586719034612,0.01420103826736302
5,08.03.2018,7,2018,True,har_gpr,0.0146385187511849,0.015469876924001452
5,09.03.2018,7,2018,True,har_gpr,0.0096242317329905,0.014744461096695954
5,12.03.2018,7,2018,True,har_gpr,0.0082961363898649,0.016610643276143033
5,13.03.2018,7,2018,True,har_gpr,0.0096910733010739,0.014112428925884574
5,14.03.2018,7,2018,True,har_gpr,0.0130604564215226,0.013983769262968633
5,15.03.2018,7,2018,True,har_gpr,0.0160121477461898,0.013742622825431134
5,16.03.2018,7,2018,True,har_gpr,0.016642868017257,0.01280656567913054
5,19.03.2018,7,2018,True,har_gpr,0.0171726301154259,0.013290989179008816
5,20.03.2018,7,2018,True,har_gpr,0.0170816541159765,0.012870700452921106
5,21.03.2018,7,2018,True,har_gpr,0.0126976624537122,0.014122200419108243
5,22.03.2018,7,2018,True,har_gpr,0.0124021226518374,0.015657945473952422
5,23.03.2018,7,2018,True,har_gpr,0.0182130678332631,0.01497231069757422
5,26.03.2018,7,2018,True,har_gpr,0.0194853113552009,0.015864436496971137
5,27.03.2018,7,2018,True,har_gpr,0.0193980758070303,0.015094216186491732
5,28.03.2018,7,2018,True,har_gpr,0.019870650805551,0.014652161742815223
5,29.03.2018,7,2018,True,har_gpr,0.0189014881461261,0.014521076119666179
5,02.04.2018,7,2018,True,har_gpr,0.0147328211779122,0.014635202915732965
5,03.04.2018,7,2018,True,har_gpr,0.0204997855082855,0.017928275066707966
5,04.04.2018,7,2018,True,har_gpr,0.0198026229599519,0.016576457988891218
5,05.04.2018,7,2018,True,har_gpr,0.0203762065970534,0.016361193140705176
5,06.04.2018,7,2018,True,har_gpr,0.0134302178498239,0.01584814004038995
5,09.04.2018,7,2018,True,har_gpr,0.0185829955724968,0.01656174170115231
5,10.04.2018,7,2018,True,har_gpr,0.0113650223691768,0.015811916895153905
5,11.04.2018,7,2018,True,har_gpr,0.0152892390775228,0.017553734701481923
5,12.04.2018,7,2018,True,har_gpr,0.0150906538692649,0.016725261576415587
5,13.04.2018,7,2018,True,har_gpr,0.0150029505140445,0.016270513440513383
5,16.04.2018,7,2018,True,har_gpr,0.009911862676862,0.016067165734855997
5,17.04.2018,7,2018,True,har_gpr,0.0134899633345894,0.01752801249467164
5,18.04.2018,7,2018,True,har_gpr,0.0076137997462061,0.016451033778304227
5,19.04.2018,7,2018,True,har_gpr,0.008526549219486,0.017872721269187864
5,20.04.2018,7,2018,True,har_gpr,0.0086531322655324,0.01628102521276717
5,23.04.2018,7,2018,True,har_gpr,0.0083343781356547,0.01612294621633592
5,24.04.2018,7,2018,True,har_gpr,0.0048123547595054,0.015031148577263165
5,25.04.2018,7,2018,True,har_gpr,0.0135077380039526,0.015548629412475
5,26.04.2018,7,2018,True,har_gpr,0.0123778113495141,0.01476252310489462
5,27.04.2018,7,2018,True,har_gpr,0.0153151731289204,0.015041926540053532
5,30.04.2018,7,2018,True,har_gpr,0.0169665164493759,0.014683121815599966
5,01.05.2018,7,2018,True,har_gpr,0.0192895425758504,0.013105491801728463
5,02.05.2018,7,2018,True,har_gpr,0.0182915176583594,0.012618072451696145
5,03.05.2018,7,2018,True,har_gpr,0.0183077886375225,0.01521451575733193
5,04.05.2018,7,2018,True,har_gpr,0.0188551176847415,0.014330531534301158
5,07.05.2018,7,2018,True,har_gpr,0.0184585152856392,0.014583294323059506
5,08.05.2018,7,2018,True,har_gpr,0.0138712435812734,0.013886545885449221
5,09.05.2018,7,2018,True,har_gpr,0.00739502973758,0.013413388539186052
5,10.05.2018,7,2018,True,har_gpr,0.007721418375563,0.014774638127287354
5,11.05.2018,7,2018,True,har_gpr,0.0095317977359252,0.013684821327512673
5,14.05.2018,7,2018,True,har_gpr,0.0082528986441952,0.013823702754210562
5,15.05.2018,7,2018,True,har_gpr,0.0082966242592935,0.013652950587644232
5,16.05.2018,7,2018,True,har_gpr,0.0070811886099257,0.012878302481607366
5,17.05.2018,7,2018,True,har_gpr,0.0095259406586259,0.012123056502491368
5,18.05.2018,7,2018,True,har_gpr,0.0161643270559947,0.01175648016249328
5,21.05.2018,7,2018,True,har_gpr,0.0142044886084027,0.012512239281366164
5,22.05.2018,7,2018,True,har_gpr,0.0218044769449254,0.012504657584357981
5,23.05.2018,7,2018,True,har_gpr,0.0216562001377728,0.012017651204380432
5,24.05.2018,7,2018,True,har_gpr,0.0213562967365563,0.011870254951621702
5,25.05.2018,7,2018,True,har_gpr,0.0212962485281252,0.012722010755464957
5,29.05.2018,7,2018,True,har_gpr,0.0204339876421315,0.01521263431847003
5,30.05.2018,7,2018,True,har_gpr,0.0137068265229948,0.014457831653012225
5,31.05.2018,7,2018,True,har_gpr,0.0197724767420777,0.01634796810518312
5,01.06.2018,7,2018,True,har_gpr,0.0202995684800998,0.014502738689802144
5,04.06.2018,7,2018,True,har_gpr,0.0135858401996257,0.014445076209691293
5,05.06.2018,7,2018,True,har_gpr,0.014436685050309,0.01654079620169827
5,06.06.2018,7,2018,True,har_gpr,0.0150291035934968,0.015028764638270284
5,07.06.2018,7,2018,True,har_gpr,0.0094213951505021,0.014173108381757926
5,08.06.2018,7,2018,True,har_gpr,0.0165119285559523,0.015213892483572418
5,11.06.2018,7,2018,True,har_gpr,0.0224957642985386,0.014818971307675989
5,12.06.2018,7,2018,True,har_gpr,0.0223567086443454,0.014003737707515054
5,13.06.2018,7,2018,True,har_gpr,0.0210705560736236,0.014125767441738787
5,14.06.2018,7,2018,True,har_gpr,0.0225141103550685,0.014483936454068903
5,15.06.2018,7,2018,True,har_gpr,0.0233449368182363,0.013970797782241381
5,18.06.2018,7,2018,True,har_gpr,0.0211771138261607,0.016423298264725095
5,19.06.2018,7,2018,True,har_gpr,0.0233456625141843,0.017266818435328755
5,20.06.2018,7,2018,True,har_gpr,0.0235377096317901,0.016270908793416465
5,21.06.2018,7,2018,True,har_gpr,0.0171585986979754,0.01616975029265724
5,22.06.2018,7,2018,True,har_gpr,0.0137834345952553,0.017310209144580275
5,25.06.2018,7,2018,True,har_gpr,0.0203842305056634,0.019022500432398438
5,26.06.2018,7,2018,True,har_gpr,0.0188236531761752,0.017482049745585045
5,27.06.2018,7,2018,True,har_gpr,0.0174603057919855,0.018276208318679106
5,28.06.2018,7,2018,True,har_gpr,0.0173734719491762,0.01768465581864885
5,29.06.2018,7,2018,True,har_gpr,0.0150779812455918,0.016704186980586802
5,02.07.2018,7,2018,True,har_gpr,0.0078375179861248,0.017509293362044327
5,03.07.2018,7,2018,True,har_gpr,0.0345416448169171,0.018337346098804132
5,05.07.2018,7,2018,True,har_gpr,0.0364603580020695,0.01742296673438484
5,06.07.2018,7,2018,True,har_gpr,0.0375276147834894,0.017317829416113054
5,09.07.2018,7,2018,True,har_gpr,0.0401755504144089,0.016658090770314837
5,10.07.2018,7,2018,True,har_gpr,0.039310559065492,0.01787389225223298
5,11.07.2018,7,2018,True,har_gpr,0.0260029453505923,0.01735721558397111
5,12.07.2018,7,2018,True,har_gpr,0.0245058258134242,0.02597803838213196
5,13.07.2018,7,2018,True,har_gpr,0.0237338639581005,0.023952382969661037
5,16.07.2018,7,2018,True,har_gpr,0.0057397602501491,0.02398477777463906
5,17.07.2018,7,2018,True,har_gpr,0.0057840664521719,0.025138590028934756
5,18.07.2018,7,2018,True,har_gpr,0.0049094383347608,0.02291366588251215
5,19.07.2018,7,2018,True,har_gpr,0.0032380920818476,0.022312106048860858
5,20.07.2018,7,2018,True,har_gpr,0.0048766194492834,0.021983108276830518
5,23.07.2018,7,2018,True,har_gpr,0.0049941342948825,0.02170079086669754
5,24.07.2018,7,2018,True,har_gpr,0.008293328400326,0.019608179630805467
5,25.07.2018,7,2018,True,har_gpr,0.0079250961619225,0.01976626488000297
5,26.07.2018,7,2018,True,har_gpr,0.0080837553303423,0.01942253383098072
5,27.07.2018,7,2018,True,har_gpr,0.0080827400827847,0.019162035151350055
5,30.07.2018,7,2018,True,har_gpr,0.0074390970490876,0.01906828378681036
5,31.07.2018,7,2018,True,har_gpr,0.0089919941497497,0.01862984211045862
5,01.08.2018,7,2018,True,har_gpr,0.0175034749378986,0.01840375051713981
5,02.08.2018,7,2018,True,har_gpr,0.0172428876929766,0.017953274043393457
5,03.08.2018,7,2018,True,har_gpr,0.0183634000283936,0.018438165494044693
5,06.08.2018,7,2018,True,har_gpr,0.017747412231765,0.018145662359411962
5,07.08.2018,7,2018,True,har_gpr,0.0157182184640563,0.018750430816455874
5,08.08.2018,7,2018,True,har_gpr,0.0122264506579395,0.019092520819799102
5,09.08.2018,7,2018,True,har_gpr,0.0137178825313651,0.016513999740699146
5,10.08.2018,7,2018,True,har_gpr,0.0128329433128711,0.015081939258595491
5,13.08.2018,7,2018,True,har_gpr,0.0133194777438723,0.01539486679156652
5,14.08.2018,7,2018,True,har_gpr,0.0136381492184184,0.011598116880280401
5,15.08.2018,7,2018,True,har_gpr,0.0102694182261798,0.011411566386291913
5,16.08.2018,7,2018,True,har_gpr,0.0115778183059935,0.01270647537771032
5,17.08.2018,7,2018,True,har_gpr,0.0115989310748529,0.012418571699167076
5,20.08.2018,7,2018,True,har_gpr,0.011616486968066,0.012183419963173922
5,21.08.2018,7,2018,True,har_gpr,0.0132249374557488,0.012254253483004133
5,22.08.2018,7,2018,True,har_gpr,0.0086131669564767,0.01230829760246391
5,23.08.2018,7,2018,True,har_gpr,0.0077064425349382,0.014153502334823282
5,24.08.2018,7,2018,True,har_gpr,0.0083514526936505,0.01306050446508513
5,27.08.2018,7,2018,True,har_gpr,0.0087158760886763,0.013837326065971906
5,28.08.2018,7,2018,True,har_gpr,0.0111340955530937,0.012593891682588095
5,29.08.2018,7,2018,True,har_gpr,0.0099995933310917,0.012512332335224233
5,30.08.2018,7,2018,True,har_gpr,0.0091739314506205,0.012922189134864575
5,31.08.2018,7,2018,True,har_gpr,0.0099353636337721,0.012382142796061178
5,04.09.2018,7,2018,True,har_gpr,0.0136313186565631,0.012309766392491372
5,05.09.2018,7,2018,True,har_gpr,0.0112928610682005,0.013023870815039872
5,06.09.2018,7,2018,True,har_gpr,0.0150317099539236,0.013397247605897653
5,07.09.2018,7,2018,True,har_gpr,0.0152320797978545,0.011746492737997261
5,10.09.2018,7,2018,True,har_gpr,0.0151400083585927,0.011415059085071087
5,11.09.2018,7,2018,True,har_gpr,0.012459539848257,0.011356033766165575
5,12.09.2018,7,2018,True,har_gpr,0.0118933574414993,0.012619110483402696
5,13.09.2018,7,2018,True,har_gpr,0.0078855714001612,0.011911144908228716
5,14.09.2018,7,2018,True,har_gpr,0.0077688442523647,0.0122716660913505
5,17.09.2018,7,2018,True,har_gpr,0.0145308812851923,0.011586966079963049
5,18.09.2018,7,2018,True,har_gpr,0.0143196702610763,0.011404054671574541
5,19.09.2018,7,2018,True,har_gpr,0.0155990790120936,0.011782603993320913
5,20.09.2018,7,2018,True,har_gpr,0.0136892879533571,0.011439048390542937
5,21.09.2018,7,2018,True,har_gpr,0.0133051135743986,0.010484112931898097
5,24.09.2018,7,2018,True,har_gpr,0.0121639503830595,0.010167420964085242
5,25.09.2018,7,2018,True,har_gpr,0.0131870589281991,0.013154958785475807
5,26.09.2018,7,2018,True,har_gpr,0.0112483113176829,0.01232918651302735
5,27.09.2018,7,2018,True,har_gpr,0.0183462631899235,0.012431461039710339
5,28.09.2018,7,2018,True,har_gpr,0.0187101690197586,0.011993991832011181
5,01.10.2018,7,2018,True,har_gpr,0.0133233166437905,0.012346846757607317
5,02.10.2018,7,2018,True,har_gpr,0.0150260130691336,0.014232706341800537
5,03.10.2018,7,2018,True,har_gpr,0.0144200225798621,0.013365304150758322
5,04.10.2018,7,2018,True,har_gpr,0.0184921550605586,0.013664559940295013
5,05.10.2018,7,2018,True,har_gpr,0.0192758511329682,0.014828846367665082
5,08.10.2018,7,2018,True,har_gpr,0.0201134957520741,0.014402024577202846
5,09.10.2018,7,2018,True,har_gpr,0.0188983189154423,0.014010565070260083
5,10.10.2018,7,2018,True,har_gpr,0.0179615401817022,0.013356256833397327
5,11.10.2018,7,2018,True,har_gpr,0.0103552717606669,0.014512363925390813
5,12.10.2018,7,2018,True,har_gpr,0.010940824260291,0.01629053303916956
5,15.10.2018,7,2018,True,har_gpr,0.0105537176588298,0.015081917645903052
5,16.10.2018,7,2018,True,har_gpr,0.0193812729865765,0.015209086822499548
5,17.10.2018,7,2018,True,har_gpr,0.0195649397378313,0.015164485357047657
5,18.10.2018,7,2018,True,har_gpr,0.0214091879818078,0.015793714490509928
5,19.10.2018,7,2018,True,har_gpr,0.0219261022654579,0.014996344207303013
5,22.10.2018,7,2018,True,har_gpr,0.0217113492287855,0.01494180610110949
5,23.10.2018,7,2018,True,har_gpr,0.0116404653201047,0.013363414229689443
5,24.10.2018,7,2018,True,har_gpr,0.0117888595801983,0.017431300381830536
5,25.10.2018,7,2018,True,har_gpr,0.0102229910597486,0.015894895890361506
5,26.10.2018,7,2018,True,har_gpr,0.0148339234576508,0.016350835227525333
5,29.10.2018,7,2018,True,har_gpr,0.0164763163143062,0.01630986991461269
5,30.10.2018,7,2018,True,har_gpr,0.016086570201347,0.015650601478663644
5,31.10.2018,7,2018,True,har_gpr,0.0165742124033437,0.015727586107551872
5,01.11.2018,7,2018,True,har_gpr,0.0161090547917428,0.014601329855581165
5,02.11.2018,7,2018,True,har_gpr,0.0099135266708248,0.014105455218013537
5,05.11.2018,7,2018,True,har_gpr,0.0084312180211671,0.016808294066517314
5,06.11.2018,7,2018,True,har_gpr,0.0286053800153147,0.015295188747968345
5,07.11.2018,7,2018,True,har_gpr,0.0306680284621504,0.015228032441972402
5,08.11.2018,7,2018,True,har_gpr,0.0324726145052237,0.014535248381661616
5,09.11.2018,7,2018,True,har_gpr,0.0330472054891635,0.01451583843378694
5,12.11.2018,7,2018,True,har_gpr,0.0331423837680336,0.013479256720003007
5,13.11.2018,7,2018,True,har_gpr,0.0319393593918523,0.013037863624510104
5,14.11.2018,7,2018,True,har_gpr,0.0327887044347665,0.020982820123950405
5,15.11.2018,7,2018,True,har_gpr,0.0427858152343519,0.0191900526463107
5,16.11.2018,7,2018,True,har_gpr,0.0481609349774716,0.019475182384104447
5,19.11.2018,7,2018,True,har_gpr,0.047692532028664,0.019211257399585277
5,20.11.2018,7,2018,True,har_gpr,0.0410084972240634,0.018974764235754366
5,21.11.2018,7,2018,True,har_gpr,0.0406188192031494,0.023139727247497736
5,23.11.2018,7,2018,True,har_gpr,0.0209250324625134,0.021686583227195785
5,26.11.2018,7,2018,True,har_gpr,0.0288584197108822,0.02750600063517486
5,27.11.2018,7,2018,True,har_gpr,0.0284706710731875,0.027072501039468694
5,28.11.2018,7,2018,True,har_gpr,0.0309583203387277,0.026115583108482433
5,29.11.2018,7,2018,True,har_gpr,0.0324581978329623,0.02648290453400009
5,30.11.2018,7,2018,True,har_gpr,0.0352717591738449,0.02637156117922324
5,03.12.2018,7,2018,True,har_gpr,0.0250512007280614,0.0249339101002605
5,04.12.2018,7,2018,True,har_gpr,0.0244504082822263,0.0284430220609904
5,06.12.2018,7,2018,True,har_gpr,0.0215000868384004,0.026773513613612875
5,07.12.2018,7,2018,True,har_gpr,0.0194905464570974,0.028302303454906332
5,10.12.2018,7,2018,True,har_gpr,0.0154900514480439,0.028799423781162334
5,11.12.2018,7,2018,True,har_gpr,0.02907504435584,0.028896440122631744
5,12.12.2018,7,2018,True,har_gpr,0.0320293366086722,0.027327524601650388
5,13.12.2018,7,2018,True,har_gpr,0.0308515462861325,0.02717012657103279
5,14.12.2018,7,2018,True,har_gpr,0.0315389703143346,0.025896713341384426
5,17.12.2018,7,2018,True,har_gpr,0.0354018590788141,0.025700151855804664
5,18.12.2018,7,2018,True,har_gpr,0.0566053361673304,0.025281121733018733
5,19.12.2018,7,2018,True,har_gpr,0.056740454787024,0.02946409632210694
5,20.12.2018,7,2018,True,har_gpr,0.0538424430243164,0.028419319552245862
5,21.12.2018,7,2018,True,har_gpr,0.0564298024492554,0.028859469151867663
5,24.12.2018,7,2018,True,har_gpr,0.0435958913478007,0.02699234867051694
5,26.12.2018,7,2018,True,har_gpr,0.0292203026738823,0.029156901333855817
5,27.12.2018,7,2018,True,har_gpr,0.010662485868922,0.03425498883598173
5,28.12.2018,7,2018,True,har_gpr,0.0091010013368134,0.03370082221919169
5,31.12.2018,7,2018,True,har_gpr,0.0074116197833863,0.03172070476513461
5,02.01.2018,7,2018,True,har_x,0.0103567633034399,0.00818575137231782
5,03.01.2018,7,2018,True,har_x,0.0078171049051645,0.009273809902222629
5,04.01.2018,7,2018,True,har_x,0.0079442895181173,0.009542954413178803
5,05.01.2018,7,2018,True,har_x,0.0057257001464664,0.008993259998072644
5,08.01.2018,7,2018,True,har_x,0.0095791592616795,0.00908992292355418
5,09.01.2018,7,2018,True,har_x,0.0072998254759595,0.008529379937549857
5,10.01.2018,7,2018,True,har_x,0.0070085511108855,0.00934154470350772
5,11.01.2018,7,2018,True,har_x,0.0083888336155907,0.009624029785256909
5,12.01.2018,7,2018,True,har_x,0.0075889030155016,0.00953959434162011
5,16.01.2018,7,2018,True,har_x,0.0087220439436849,0.009645131421183588
5,17.01.2018,7,2018,True,har_x,0.0091130065468865,0.012904888993001774
5,18.01.2018,7,2018,True,har_x,0.0091810940067844,0.011754149393680725
5,19.01.2018,7,2018,True,har_x,0.0058275601446377,0.01152726886327626
5,22.01.2018,7,2018,True,har_x,0.0108518676131495,0.009560535226053215
5,23.01.2018,7,2018,True,har_x,0.008710043126821,0.009105802863782157
5,24.01.2018,7,2018,True,har_x,0.0067906564137504,0.009375105903388074
5,25.01.2018,7,2018,True,har_x,0.0070415442624073,0.010339081397736965
5,26.01.2018,7,2018,True,har_x,0.0064668422421573,0.009211095808168205
5,29.01.2018,7,2018,True,har_x,0.0060849326500959,0.009217335436772282
5,30.01.2018,7,2018,True,har_x,0.0066604124402399,0.008989133700090132
5,31.01.2018,7,2018,True,har_x,0.0077714568910179,0.009038031955774614
5,01.02.2018,7,2018,True,har_x,0.0049122781938023,0.008568746921293335
5,02.02.2018,7,2018,True,har_x,0.0087258193073388,0.00855258562758342
5,05.02.2018,7,2018,True,har_x,0.0109205290391384,0.009652298215862751
5,06.02.2018,7,2018,True,har_x,0.0135223910896454,0.011317090028321514
5,07.02.2018,7,2018,True,har_x,0.0208328417888116,0.011722730037533052
5,08.02.2018,7,2018,True,har_x,0.0204482002463763,0.011940791560371212
5,09.02.2018,7,2018,True,har_x,0.0115853947211594,0.013631987149247052
5,12.02.2018,7,2018,True,har_x,0.010324884627056,0.014069401711902078
5,13.02.2018,7,2018,True,har_x,0.0102475311555842,0.014077052988791989
5,14.02.2018,7,2018,True,har_x,0.0057627371342729,0.014650893605505724
5,15.02.2018,7,2018,True,har_x,0.0051183209259622,0.013114823440297255
5,16.02.2018,7,2018,True,har_x,0.0058565275655605,0.012731316263903196
5,20.02.2018,7,2018,True,har_x,0.0111964108717066,0.012575124368878065
5,21.02.2018,7,2018,True,har_x,0.0136114830698425,0.011945911005984147
5,22.02.2018,7,2018,True,har_x,0.0112961890333619,0.011475017529374963
5,23.02.2018,7,2018,True,har_x,0.0095889195613596,0.010431102981999986
5,26.02.2018,7,2018,True,har_x,0.0150795482496108,0.01004651446426019
5,27.02.2018,7,2018,True,har_x,0.0149770047366125,0.010552841133148614
5,28.02.2018,7,2018,True,har_x,0.017053525395244,0.011180075840928911
5,01.03.2018,7,2018,True,har_x,0.0171708578336521,0.012197625651797595
5,02.03.2018,7,2018,True,har_x,0.0209446017789249,0.012141079217957748
5,05.03.2018,7,2018,True,har_x,0.0196338298887995,0.011863673277529237
5,06.03.2018,7,2018,True,har_x,0.0193939675459911,0.011971111969978212
5,07.03.2018,7,2018,True,har_x,0.0163586719034612,0.011322741952973238
5,08.03.2018,7,2018,True,har_x,0.0146385187511849,0.012408561153886999
5,09.03.2018,7,2018,True,har_x,0.0096242317329905,0.011770230479990708
5,12.03.2018,7,2018,True,har_x,0.0082961363898649,0.01197943407836876
5,13.03.2018,7,2018,True,har_x,0.0096910733010739,0.010919934650361137
5,14.03.2018,7,2018,True,har_x,0.0130604564215226,0.01184287574889975
5,15.03.2018,7,2018,True,har_x,0.0160121477461898,0.011694596130859533
5,16.03.2018,7,2018,True,har_x,0.016642868017257,0.011606208441389022
5,19.03.2018,7,2018,True,har_x,0.0171726301154259,0.011495520136145194
5,20.03.2018,7,2018,True,har_x,0.0170816541159765,0.011087281087571735
5,21.03.2018,7,2018,True,har_x,0.0126976624537122,0.011294640394425681
5,22.03.2018,7,2018,True,har_x,0.0124021226518374,0.011792649993879228
5,23.03.2018,7,2018,True,har_x,0.0182130678332631,0.011832577642223008
5,26.03.2018,7,2018,True,har_x,0.0194853113552009,0.01269451548354731
5,27.03.2018,7,2018,True,har_x,0.0193980758070303,0.012456033130753613
5,28.03.2018,7,2018,True,har_x,0.019870650805551,0.012185293463188324
5,29.03.2018,7,2018,True,har_x,0.0189014881461261,0.011885881358666759
5,02.04.2018,7,2018,True,har_x,0.0147328211779122,0.010882234153230474
5,03.04.2018,7,2018,True,har_x,0.0204997855082855,0.013375202547890892
5,04.04.2018,7,2018,True,har_x,0.0198026229599519,0.01258238095873817
5,05.04.2018,7,2018,True,har_x,0.0203762065970534,0.01205471667548483
5,06.04.2018,7,2018,True,har_x,0.0134302178498239,0.010904807226089325
5,09.04.2018,7,2018,True,har_x,0.0185829955724968,0.011474895862945159
5,10.04.2018,7,2018,True,har_x,0.0113650223691768,0.011563770275081918
5,11.04.2018,7,2018,True,har_x,0.0152892390775228,0.013184285327081251
5,12.04.2018,7,2018,True,har_x,0.0150906538692649,0.013856532519746736
5,13.04.2018,7,2018,True,har_x,0.0150029505140445,0.013246715834316147
5,16.04.2018,7,2018,True,har_x,0.009911862676862,0.013305832614981673
5,17.04.2018,7,2018,True,har_x,0.0134899633345894,0.014753195287876322
5,18.04.2018,7,2018,True,har_x,0.0076137997462061,0.014092206521503158
5,19.04.2018,7,2018,True,har_x,0.008526549219486,0.015301583084475765
5,20.04.2018,7,2018,True,har_x,0.0086531322655324,0.014995955706581457
5,23.04.2018,7,2018,True,har_x,0.0083343781356547,0.014750776549104816
5,24.04.2018,7,2018,True,har_x,0.0048123547595054,0.013470491355105208
5,25.04.2018,7,2018,True,har_x,0.0135077380039526,0.013563514060664224
5,26.04.2018,7,2018,True,har_x,0.0123778113495141,0.012910854098849728
5,27.04.2018,7,2018,True,har_x,0.0153151731289204,0.012142927937953898
5,30.04.2018,7,2018,True,har_x,0.0169665164493759,0.01122062385325204
5,01.05.2018,7,2018,True,har_x,0.0192895425758504,0.013485573717509015
5,02.05.2018,7,2018,True,har_x,0.0182915176583594,0.013328231448405028
5,03.05.2018,7,2018,True,har_x,0.0183077886375225,0.013004993216218265
5,04.05.2018,7,2018,True,har_x,0.0188551176847415,0.012380308531524326
5,07.05.2018,7,2018,True,har_x,0.0184585152856392,0.012133023601094695
5,08.05.2018,7,2018,True,har_x,0.0138712435812734,0.013264299636973535
5,09.05.2018,7,2018,True,har_x,0.00739502973758,0.011852245588008547
5,10.05.2018,7,2018,True,har_x,0.007721418375563,0.012014618907248635
5,11.05.2018,7,2018,True,har_x,0.0095317977359252,0.011636251596183833
5,14.05.2018,7,2018,True,har_x,0.0082528986441952,0.01107894209389146
5,15.05.2018,7,2018,True,har_x,0.0082966242592935,0.012089286553414711
5,16.05.2018,7,2018,True,har_x,0.0070811886099257,0.012471812318258807
5,17.05.2018,7,2018,True,har_x,0.0095259406586259,0.012083979931198372
5,18.05.2018,7,2018,True,har_x,0.0161643270559947,0.011558898507325666
5,21.05.2018,7,2018,True,har_x,0.0142044886084027,0.01172421658059559
5,22.05.2018,7,2018,True,har_x,0.0218044769449254,0.012043143235168138
5,23.05.2018,7,2018,True,har_x,0.0216562001377728,0.012046560680411489
5,24.05.2018,7,2018,True,har_x,0.0213562967365563,0.012146234033829618
5,25.05.2018,7,2018,True,har_x,0.0212962485281252,0.011792241965868165
5,29.05.2018,7,2018,True,har_x,0.0204339876421315,0.013466092489552885
5,30.05.2018,7,2018,True,har_x,0.0137068265229948,0.014463910397971676
5,31.05.2018,7,2018,True,har_x,0.0197724767420777,0.013780282666682856
5,01.06.2018,7,2018,True,har_x,0.0202995684800998,0.013273663553021422
5,04.06.2018,7,2018,True,har_x,0.0135858401996257,0.013938780831414584
5,05.06.2018,7,2018,True,har_x,0.014436685050309,0.01490641358899267
5,06.06.2018,7,2018,True,har_x,0.0150291035934968,0.0144617299706814
5,07.06.2018,7,2018,True,har_x,0.0094213951505021,0.014448058392455145
5,08.06.2018,7,2018,True,har_x,0.0165119285559523,0.013920348937831699
5,11.06.2018,7,2018,True,har_x,0.0224957642985386,0.013453818599415253
5,12.06.2018,7,2018,True,har_x,0.0223567086443454,0.012744136202631751
5,13.06.2018,7,2018,True,har_x,0.0210705560736236,0.012628609427662956
5,14.06.2018,7,2018,True,har_x,0.0225141103550685,0.012988694416282302
5,15.06.2018,7,2018,True,har_x,0.0233449368182363,0.012816598426842393
5,18.06.2018,7,2018,True,har_x,0.0211771138261607,0.013604902547346363
5,19.06.2018,7,2018,True,har_x,0.0233456625141843,0.012065265745195657
5,20.06.2018,7,2018,True,har_x,0.0235377096317901,0.012092597497040607
5,21.06.2018,7,2018,True,har_x,0.0171585986979754,0.01215675675394905
5,22.06.2018,7,2018,True,har_x,0.0137834345952553,0.012168256586562648
5,25.06.2018,7,2018,True,har_x,0.0203842305056634,0.010848109116501189
5,26.06.2018,7,2018,True,har_x,0.0188236531761752,0.011533254848114648
5,27.06.2018,7,2018,True,har_x,0.0174603057919855,0.011339668332102306
5,28.06.2018,7,2018,True,har_x,0.0173734719491762,0.012587206713452684
5,29.06.2018,7,2018,True,har_x,0.0150779812455918,0.012312881963443021
5,02.07.2018,7,2018,True,har_x,0.0078375179861248,0.012463492735811942
5,03.07.2018,7,2018,True,har_x,0.0345416448169171,0.013817656957805551
5,05.07.2018,7,2018,True,har_x,0.0364603580020695,0.013556931272414504
5,06.07.2018,7,2018,True,har_x,0.0375276147834894,0.013690037102267004
5,09.07.2018,7,2018,True,har_x,0.0401755504144089,0.013247395883247299
5,10.07.2018,7,2018,True,har_x,0.039310559065492,0.013655120091174186
5,11.07.2018,7,2018,True,har_x,0.0260029453505923,0.012960138499603828
5,12.07.2018,7,2018,True,har_x,0.0245058258134242,0.014415788170027668
5,13.07.2018,7,2018,True,har_x,0.0237338639581005,0.013250495602887043
5,16.07.2018,7,2018,True,har_x,0.0057397602501491,0.013032026289787259
5,17.07.2018,7,2018,True,har_x,0.0057840664521719,0.014884104603645025
5,18.07.2018,7,2018,True,har_x,0.0049094383347608,0.01374481058265502
5,19.07.2018,7,2018,True,har_x,0.0032380920818476,0.013538700936676997
5,20.07.2018,7,2018,True,har_x,0.0048766194492834,0.013238734477008081
5,23.07.2018,7,2018,True,har_x,0.0049941342948825,0.012731668982271961
5,24.07.2018,7,2018,True,har_x,0.008293328400326,0.012764107380188388
5,25.07.2018,7,2018,True,har_x,0.0079250961619225,0.012495736317863482
5,26.07.2018,7,2018,True,har_x,0.0080837553303423,0.01231652729579186
5,27.07.2018,7,2018,True,har_x,0.0080827400827847,0.01205820261597712
5,30.07.2018,7,2018,True,har_x,0.0074390970490876,0.012034178209546432
5,31.07.2018,7,2018,True,har_x,0.0089919941497497,0.012134912380385127
5,01.08.2018,7,2018,True,har_x,0.0175034749378986,0.012520338775271901
5,02.08.2018,7,2018,True,har_x,0.0172428876929766,0.012370575851898396
5,03.08.2018,7,2018,True,har_x,0.0183634000283936,0.012025928468456498
5,06.08.2018,7,2018,True,har_x,0.017747412231765,0.011862845244801636
5,07.08.2018,7,2018,True,har_x,0.0157182184640563,0.012205729849749736
5,08.08.2018,7,2018,True,har_x,0.0122264506579395,0.012106250054442014
5,09.08.2018,7,2018,True,har_x,0.0137178825313651,0.012855025853752786
5,10.08.2018,7,2018,True,har_x,0.0128329433128711,0.011866162890201759
5,13.08.2018,7,2018,True,har_x,0.0133194777438723,0.011961419209635817
5,14.08.2018,7,2018,True,har_x,0.0136381492184184,0.011533117980546523
5,15.08.2018,7,2018,True,har_x,0.0102694182261798,0.012121174013860406
5,16.08.2018,7,2018,True,har_x,0.0115778183059935,0.013141659109137468
5,17.08.2018,7,2018,True,har_x,0.0115989310748529,0.012358041446082898
5,20.08.2018,7,2018,True,har_x,0.011616486968066,0.011927171465133278
5,21.08.2018,7,2018,True,har_x,0.0132249374557488,0.011073070796667263
5,22.08.2018,7,2018,True,har_x,0.0086131669564767,0.010957590796290207
5,23.08.2018,7,2018,True,har_x,0.0077064425349382,0.011076497253778517
5,24.08.2018,7,2018,True,har_x,0.0083514526936505,0.010491231995718098
5,27.08.2018,7,2018,True,har_x,0.0087158760886763,0.009980560049877215
5,28.08.2018,7,2018,True,har_x,0.0111340955530937,0.010520008433900309
5,29.08.2018,7,2018,True,har_x,0.0099995933310917,0.01100149765304822
5,30.08.2018,7,2018,True,har_x,0.0091739314506205,0.011104833733551749
5,31.08.2018,7,2018,True,har_x,0.0099353636337721,0.011399537991750794
5,04.09.2018,7,2018,True,har_x,0.0136313186565631,0.011432805743869224
5,05.09.2018,7,2018,True,har_x,0.0112928610682005,0.011627756488826684
5,06.09.2018,7,2018,True,har_x,0.0150317099539236,0.011561913920518058
5,07.09.2018,7,2018,True,har_x,0.0152320797978545,0.011223153748110122
5,10.09.2018,7,2018,True,har_x,0.0151400083585927,0.011112415834372016
5,11.09.2018,7,2018,True,har_x,0.012459539848257,0.01113619716151659
5,12.09.2018,7,2018,True,har_x,0.0118933574414993,0.011906640948806451
5,13.09.2018,7,2018,True,har_x,0.0078855714001612,0.011666952291289284
5,14.09.2018,7,2018,True,har_x,0.0077688442523647,0.011567672918412484
5,17.09.2018,7,2018,True,har_x,0.0145308812851923,0.011160553588284529
5,18.09.2018,7,2018,True,har_x,0.0143196702610763,0.011854565002088082
5,19.09.2018,7,2018,True,har_x,0.0155990790120936,0.012237142504626852
5,20.09.2018,7,2018,True,har_x,0.0136892879533571,0.011866882682475672
5,21.09.2018,7,2018,True,har_x,0.0133051135743986,0.01177531981295807
5,24.09.2018,7,2018,True,har_x,0.0121639503830595,0.01174286602612311
5,25.09.2018,7,2018,True,har_x,0.0131870589281991,0.013140101222650705
5,26.09.2018,7,2018,True,har_x,0.0112483113176829,0.012807640163288302
5,27.09.2018,7,2018,True,har_x,0.0183462631899235,0.012575279651753615
5,28.09.2018,7,2018,True,har_x,0.0187101690197586,0.012527563921440329
5,01.10.2018,7,2018,True,har_x,0.0133233166437905,0.012802328331028628
5,02.10.2018,7,2018,True,har_x,0.0150260130691336,0.013125205073454738
5,03.10.2018,7,2018,True,har_x,0.0144200225798621,0.01265367086851604
5,04.10.2018,7,2018,True,har_x,0.0184921550605586,0.013086914743543914
5,05.10.2018,7,2018,True,har_x,0.0192758511329682,0.0135724730383121
5,08.10.2018,7,2018,True,har_x,0.0201134957520741,0.013361336400801995
5,09.10.2018,7,2018,True,har_x,0.0188983189154423,0.013441527715544419
5,10.10.2018,7,2018,True,har_x,0.0179615401817022,0.01215402543387729
5,11.10.2018,7,2018,True,har_x,0.0103552717606669,0.012886594699406432
5,12.10.2018,7,2018,True,har_x,0.010940824260291,0.013294034282891139
5,15.10.2018,7,2018,True,har_x,0.0105537176588298,0.011903730575647918
5,16.10.2018,7,2018,True,har_x,0.0193812729865765,0.013632967361532375
5,17.10.2018,7,2018,True,har_x,0.0195649397378313,0.013689017447993302
5,18.10.2018,7,2018,True,har_x,0.0214091879818078,0.013518749504115914
5,19.10.2018,7,2018,True,har_x,0.0219261022654579,0.013819992358036487
5,22.10.2018,7,2018,True,har_x,0.0217113492287855,0.01305480254986542
5,23.10.2018,7,2018,True,har_x,0.0116404653201047,0.01270586310110283
5,24.10.2018,7,2018,True,har_x,0.0117888595801983,0.014143038564148839
5,25.10.2018,7,2018,True,har_x,0.0102229910597486,0.013961256912912627
5,26.10.2018,7,2018,True,har_x,0.0148339234576508,0.013158812061385606
5,29.10.2018,7,2018,True,har_x,0.0164763163143062,0.013530489760996717
5,30.10.2018,7,2018,True,har_x,0.016086570201347,0.013561918269154729
5,31.10.2018,7,2018,True,har_x,0.0165742124033437,0.014187067651562697
5,01.11.2018,7,2018,True,har_x,0.0161090547917428,0.014164070414083744
5,02.11.2018,7,2018,True,har_x,0.0099135266708248,0.015042619731035899
5,05.11.2018,7,2018,True,har_x,0.0084312180211671,0.01583102453496159
5,06.11.2018,7,2018,True,har_x,0.0286053800153147,0.016321883567743552
5,07.11.2018,7,2018,True,har_x,0.0306680284621504,0.017377332226470702
5,08.11.2018,7,2018,True,har_x,0.0324726145052237,0.01649935028741643
5,09.11.2018,7,2018,True,har_x,0.0330472054891635,0.016171630533925122
5,12.11.2018,7,2018,True,har_x,0.0331423837680336,0.017978498674803157
5,13.11.2018,7,2018,True,har_x,0.0319393593918523,0.02119580300940939
5,14.11.2018,7,2018,True,har_x,0.0327887044347665,0.030497093144605185
5,15.11.2018,7,2018,True,har_x,0.0427858152343519,0.024216964972309935
5,16.11.2018,7,2018,True,har_x,0.0481609349774716,0.02209678241622063
5,19.11.2018,7,2018,True,har_x,0.047692532028664,0.01988109891951287
5,20.11.2018,7,2018,True,har_x,0.0410084972240634,0.022012441152337185
5,21.11.2018,7,2018,True,har_x,0.0406188192031494,0.03130442072797679
5,23.11.2018,7,2018,True,har_x,0.0209250324625134,0.027641508267385765
5,26.11.2018,7,2018,True,har_x,0.0288584197108822,0.036908708541665086
5,27.11.2018,7,2018,True,har_x,0.0284706710731875,0.032152702430044484
5,28.11.2018,7,2018,True,har_x,0.0309583203387277,0.02980187666199667
5,29.11.2018,7,2018,True,har_x,0.0324581978329623,0.029717279319136293
5,30.11.2018,7,2018,True,har_x,0.0352717591738449,0.029582300906620063
5,03.12.2018,7,2018,True,har_x,0.0250512007280614,0.03125777147669688
5,04.12.2018,7,2018,True,har_x,0.0244504082822263,0.026712961774240346
5,06.12.2018,7,2018,True,har_x,0.0215000868384004,0.026380662358692575
5,07.12.2018,7,2018,True,har_x,0.0194905464570974,0.026839112338963935
5,10.12.2018,7,2018,True,har_x,0.0154900514480439,0.02138583657733669
5,11.12.2018,7,2018,True,har_x,0.02907504435584,0.02422142965156972
5,12.12.2018,7,2018,True,har_x,0.0320293366086722,0.02178826353733234
5,13.12.2018,7,2018,True,har_x,0.0308515462861325,0.02075459409041222
5,14.12.2018,7,2018,True,har_x,0.0315389703143346,0.020562769622804067
5,17.12.2018,7,2018,True,har_x,0.0354018590788141,0.02259778459406943
5,18.12.2018,7,2018,True,har_x,0.0566053361673304,0.02490249217286612
5,19.12.2018,7,2018,True,har_x,0.056740454787024,0.02962229193064617
5,20.12.2018,7,2018,True,har_x,0.0538424430243164,0.027512740497304473
5,21.12.2018,7,2018,True,har_x,0.0564298024492554,0.029213600717732633
5,24.12.2018,7,2018,True,har_x,0.0435958913478007,0.02798821438033846
5,26.12.2018,7,2018,True,har_x,0.0292203026738823,0.032017948554940154
5,27.12.2018,7,2018,True,har_x,0.010662485868922,0.030172512070454422
5,28.12.2018,7,2018,True,har_x,0.0091010013368134,0.03181767656494565
5,31.12.2018,7,2018,True,har_x,0.0074116197833863,0.02875921269181553
22,02.01.2018,7,2018,True,har,0.008590408457095,0.015392905936185912
22,03.01.2018,7,2018,True,har,0.0082549776573681,0.015353482981394885
22,04.01.2018,7,2018,True,har,0.0085445496511134,0.015623546483758233
22,05.01.2018,7,2018,True,har,0.0094471607173841,0.014958637900862026
22,08.01.2018,7,2018,True,har,0.0096077169285818,0.014067305928645392
22,09.01.2018,7,2018,True,har,0.0107310480493186,0.013729444826622755
22,10.01.2018,7,2018,True,har,0.0105157133062292,0.014083085705482577
22,11.01.2018,7,2018,True,har,0.010548524107635,0.013197935084510495
22,12.01.2018,7,2018,True,har,0.0120841037521532,0.012023390235088655
22,16.01.2018,7,2018,True,har,0.0120096826681441,0.011481687887108252
22,17.01.2018,7,2018,True,har,0.0121681010345927,0.01207446086952582
22,18.01.2018,7,2018,True,har,0.0123261061602863,0.011635008872520378
22,19.01.2018,7,2018,True,har,0.0122608752373373,0.011591483876861168
22,22.01.2018,7,2018,True,har,0.0126683214434018,0.01235446705323683
22,23.01.2018,7,2018,True,har,0.0126902018335815,0.012052976977364425
22,24.01.2018,7,2018,True,har,0.0125434510729992,0.012541245899550208
22,25.01.2018,7,2018,True,har,0.0127587173972345,0.01241027447354957
22,26.01.2018,7,2018,True,har,0.0129106107495484,0.011155743467556739
22,29.01.2018,7,2018,True,har,0.0126343638744652,0.010672817674925228
22,30.01.2018,7,2018,True,har,0.0131930128758862,0.012092923439097803
22,31.01.2018,7,2018,True,har,0.0139332741075668,0.011769374669585025
22,01.02.2018,7,2018,True,har,0.0139840799669022,0.011445105125705214
22,02.02.2018,7,2018,True,har,0.0145955969654398,0.010827767117521037
22,05.02.2018,7,2018,True,har,0.0145084449416197,0.011149424652822064
22,06.02.2018,7,2018,True,har,0.0158736021755159,0.011690525083406383
22,07.02.2018,7,2018,True,har,0.0153684937324743,0.011850430572267435
22,08.02.2018,7,2018,True,har,0.0152292286051959,0.012368729088169893
22,09.02.2018,7,2018,True,har,0.013511770699127,0.011850501561930665
22,12.02.2018,7,2018,True,har,0.0134767647844511,0.01405981669898183
22,13.02.2018,7,2018,True,har,0.01384165417454,0.012897786438047409
22,14.02.2018,7,2018,True,har,0.0128466543998478,0.013054734444634656
22,15.02.2018,7,2018,True,har,0.013482799742021,0.015568944170208723
22,16.02.2018,7,2018,True,har,0.0146972039279528,0.014672971128394875
22,20.02.2018,7,2018,True,har,0.0148689344776943,0.014514219177534319
22,21.02.2018,7,2018,True,har,0.0154464975558796,0.014389740033098026
22,22.02.2018,7,2018,True,har,0.0153211543776161,0.013927668899980853
22,23.02.2018,7,2018,True,har,0.0151192405733703,0.014350343998239727
22,26.02.2018,7,2018,True,har,0.015270699991833,0.014636333185670886
22,27.02.2018,7,2018,True,har,0.0150430717328737,0.014316624335627113
22,28.02.2018,7,2018,True,har,0.0170931098328578,0.014914852221930956
22,01.03.2018,7,2018,True,har,0.0171282283600693,0.015176690755553755
22,02.03.2018,7,2018,True,har,0.0164161105289427,0.014624368967224462
22,05.03.2018,7,2018,True,har,0.0160575585621426,0.015578080770745193
22,06.03.2018,7,2018,True,har,0.0165987432796503,0.016316358296285458
22,07.03.2018,7,2018,True,har,0.0163747591466025,0.015677377678321284
22,08.03.2018,7,2018,True,har,0.0173316244901709,0.016828370789768635
22,09.03.2018,7,2018,True,har,0.0166222026927381,0.016161674824532186
22,12.03.2018,7,2018,True,har,0.0164232101471232,0.0178676470407986
22,13.03.2018,7,2018,True,har,0.016295530083978,0.015940814147442032
22,14.03.2018,7,2018,True,har,0.0169218494914822,0.01582743405190884
22,15.03.2018,7,2018,True,har,0.0169271212447674,0.015622431742958841
22,16.03.2018,7,2018,True,har,0.0173769459938153,0.014749020075589701
22,19.03.2018,7,2018,True,har,0.0173046240341449,0.015218076263523126
22,20.03.2018,7,2018,True,har,0.0169551774272031,0.014607844070376616
22,21.03.2018,7,2018,True,har,0.0160013418652628,0.015747966234592927
22,22.03.2018,7,2018,True,har,0.0161303538044559,0.017159923405052534
22,23.03.2018,7,2018,True,har,0.015565418445006,0.01653193527054285
22,26.03.2018,7,2018,True,har,0.0155681119241827,0.017345130466098743
22,27.03.2018,7,2018,True,har,0.0155813290675928,0.01682271230365141
22,28.03.2018,7,2018,True,har,0.0154011078659267,0.01641359803957014
22,29.03.2018,7,2018,True,har,0.0153358722849477,0.016304865528517842
22,02.04.2018,7,2018,True,har,0.01377530867074,0.016410624992937096
22,03.04.2018,7,2018,True,har,0.0137545894763593,0.018899472132714937
22,04.04.2018,7,2018,True,har,0.0139894988723261,0.01767041439795053
22,05.04.2018,7,2018,True,har,0.0142556538630682,0.01747801267703333
22,06.04.2018,7,2018,True,har,0.0142150861996396,0.016982990499132537
22,09.04.2018,7,2018,True,har,0.0148103503530352,0.017639550619761274
22,10.04.2018,7,2018,True,har,0.013332401058691,0.01723386635178692
22,11.04.2018,7,2018,True,har,0.0132413627740427,0.018819858901326737
22,12.04.2018,7,2018,True,har,0.0134240564106155,0.01807887031013818
22,13.04.2018,7,2018,True,har,0.0133962534232998,0.017670637855254967
22,16.04.2018,7,2018,True,har,0.0127295987744888,0.017513537078363912
22,17.04.2018,7,2018,True,har,0.0127552395794094,0.01838863579430676
22,18.04.2018,7,2018,True,har,0.0121657299580506,0.017446890627572636
22,19.04.2018,7,2018,True,har,0.0122314667783682,0.01871893928831108
22,20.04.2018,7,2018,True,har,0.0122335205621583,0.017255970043085003
22,23.04.2018,7,2018,True,har,0.0121722396246449,0.01710747904575137
22,24.04.2018,7,2018,True,har,0.0122482761935983,0.016637863699151188
22,25.04.2018,7,2018,True,har,0.0141516492276115,0.01709721449097772
22,26.04.2018,7,2018,True,har,0.0143798539395801,0.016413014973147573
22,27.04.2018,7,2018,True,har,0.0154945087138923,0.016655560465321684
22,30.04.2018,7,2018,True,har,0.0154482040640395,0.0163315365006826
22,01.05.2018,7,2018,True,har,0.0154482040640395,0.014401396231504639
22,02.05.2018,7,2018,True,har,0.0159433368546365,0.013978525681365109
22,03.05.2018,7,2018,True,har,0.0159346618147229,0.016328162107308745
22,04.05.2018,7,2018,True,har,0.0155413727552181,0.015539360666084454
22,07.05.2018,7,2018,True,har,0.0160755224955532,0.015732230693962183
22,08.05.2018,7,2018,True,har,0.0157902749837493,0.01564052277411455
22,09.05.2018,7,2018,True,har,0.0142904959640223,0.015175559545897815
22,10.05.2018,7,2018,True,har,0.0143428221356713,0.016445320548974136
22,11.05.2018,7,2018,True,har,0.0145487591675857,0.015466693051807591
22,14.05.2018,7,2018,True,har,0.0143287612312894,0.01559205440768436
22,15.05.2018,7,2018,True,har,0.0158404493119577,0.015545676253520645
22,16.05.2018,7,2018,True,har,0.0167386836492094,0.01486739662127854
22,17.05.2018,7,2018,True,har,0.0167302501431838,0.014182448126349799
22,18.05.2018,7,2018,True,har,0.0166535173227922,0.013853337228353973
22,21.05.2018,7,2018,True,har,0.0170117618527532,0.014537236658484923
22,22.05.2018,7,2018,True,har,0.0187299258006372,0.014431214636858172
22,23.05.2018,7,2018,True,har,0.0187769923827191,0.0139786666222599
22,24.05.2018,7,2018,True,har,0.0193082117580938,0.01385066716385953
22,25.05.2018,7,2018,True,har,0.0185647139375583,0.014620778422117429
22,29.05.2018,7,2018,True,har,0.0182820063342302,0.016897969391664984
22,30.05.2018,7,2018,True,har,0.0178416009340725,0.016407847607252404
22,31.05.2018,7,2018,True,har,0.0188430969711094,0.01811695392383282
22,01.06.2018,7,2018,True,har,0.018888054601108,0.01642190624680878
22,04.06.2018,7,2018,True,har,0.0176945225666223,0.016371674712376737
22,05.06.2018,7,2018,True,har,0.0177250509013766,0.01823825133250443
22,06.06.2018,7,2018,True,har,0.0178851004233954,0.016868454468601534
22,07.06.2018,7,2018,True,har,0.0171805276398247,0.016107847537991646
22,08.06.2018,7,2018,True,har,0.0230562642876927,0.01700128534191144
22,11.06.2018,7,2018,True,har,0.0233082183192157,0.01665154684557158
22,12.06.2018,7,2018,True,har,0.0234202652591954,0.015851157594521926
22,13.06.2018,7,2018,True,har,0.0253043085302602,0.015945996277987564
22,14.06.2018,7,2018,True,har,0.0252942669563738,0.016273860776199547
22,15.06.2018,7,2018,True,har,0.024431976336002,0.015829332315504402
22,18.06.2018,7,2018,True,har,0.0237461302940447,0.018056723893377213
22,19.06.2018,7,2018,True,har,0.0238093787616919,0.018906880369803435
22,20.06.2018,7,2018,True,har,0.0237987725662249,0.018007489767288533
22,21.06.2018,7,2018,True,har,0.0233197631338249,0.017918755213083223
22,22.06.2018,7,2018,True,har,0.0221594141180401,0.018952974201913813
22,25.06.2018,7,2018,True,har,0.0221266075076886,0.02054747592304413
22,26.06.2018,7,2018,True,har,0.0216271941152873,0.018969023092921845
22,27.06.2018,7,2018,True,har,0.0213737862855988,0.01968625743235947
22,28.06.2018,7,2018,True,har,0.0214153287920336,0.01913234117577713
22,29.06.2018,7,2018,True,har,0.0208355973452085,0.018276382360905917
22,02.07.2018,7,2018,True,har,0.0202096660210303,0.019029343392626377
22,03.07.2018,7,2018,True,har,0.0201257261342132,0.0195101075382543
22,05.07.2018,7,2018,True,har,0.0202331074411824,0.01869662198373816
22,06.07.2018,7,2018,True,har,0.0204574546104301,0.0186089912562054
22,09.07.2018,7,2018,True,har,0.0212180843962409,0.01798719003620635
22,10.07.2018,7,2018,True,har,0.021002125736861,0.018161481052430553
22,11.07.2018,7,2018,True,har,0.0147755577177538,0.017728098984782958
22,12.07.2018,7,2018,True,har,0.014417206825054,0.02558188104107948
22,13.07.2018,7,2018,True,har,0.0141270616380332,0.02376123533014667
22,16.07.2018,7,2018,True,har,0.0110465470938053,0.023789058746593192
22,17.07.2018,7,2018,True,har,0.0112065858945675,0.025942568200235425
22,18.07.2018,7,2018,True,har,0.0110392994111659,0.02392498389869928
22,19.07.2018,7,2018,True,har,0.0110764131080766,0.023438746729380292
22,20.07.2018,7,2018,True,har,0.0110503537055152,0.023149053563669676
22,23.07.2018,7,2018,True,har,0.0127099036520393,0.02288275438439946
22,24.07.2018,7,2018,True,har,0.0126805789717273,0.020740435844704266
22,25.07.2018,7,2018,True,har,0.0129596768811537,0.020880067516549958
22,26.07.2018,7,2018,True,har,0.0128960465752171,0.020558021291696857
22,27.07.2018,7,2018,True,har,0.0128969867820014,0.020320225658036144
22,30.07.2018,7,2018,True,har,0.0131599070509503,0.020229195338613865
22,31.07.2018,7,2018,True,har,0.013000675771987,0.020137132035267444
22,01.08.2018,7,2018,True,har,0.0130708370822177,0.019898637320640584
22,02.08.2018,7,2018,True,har,0.0128480278551123,0.019493330883925426
22,03.08.2018,7,2018,True,har,0.0131543868118281,0.019930429921732492
22,06.08.2018,7,2018,True,har,0.0133658829030475,0.01966805916925577
22,07.08.2018,7,2018,True,har,0.0131769020303213,0.019668505450859724
22,08.08.2018,7,2018,True,har,0.0108705666042425,0.019972167838067337
22,09.08.2018,7,2018,True,har,0.0114662813235978,0.01743176326907829
22,10.08.2018,7,2018,True,har,0.0114304336462968,0.016134292954348754
22,13.08.2018,7,2018,True,har,0.012447913107819,0.016408550016197235
22,14.08.2018,7,2018,True,har,0.0124304123041159,0.013122677201659775
22,15.08.2018,7,2018,True,har,0.0109085358568002,0.012961763571901267
22,16.08.2018,7,2018,True,har,0.0109938443426052,0.014170785637510072
22,17.08.2018,7,2018,True,har,0.0109916584139166,0.013915192631097612
22,20.08.2018,7,2018,True,har,0.0113543942536874,0.013706227261253815
22,21.08.2018,7,2018,True,har,0.0113596052374152,0.013777349758432412
22,22.08.2018,7,2018,True,har,0.0114492074373817,0.013825249547444001
22,23.08.2018,7,2018,True,har,0.011442867760746,0.015551129854102258
22,24.08.2018,7,2018,True,har,0.0114147476610841,0.014561909456297473
22,27.08.2018,7,2018,True,har,0.0114113928721601,0.01527064015244239
22,28.08.2018,7,2018,True,har,0.0114662298103943,0.014884875612571652
22,29.08.2018,7,2018,True,har,0.0122500573122583,0.014799547310804196
22,30.08.2018,7,2018,True,har,0.0122962083461984,0.01519694571801504
22,31.08.2018,7,2018,True,har,0.0124667199415681,0.014706349022588161
22,04.09.2018,7,2018,True,har,0.0134941809739749,0.014640225977887743
22,05.09.2018,7,2018,True,har,0.0132113735724905,0.014872512347509914
22,06.09.2018,7,2018,True,har,0.0129412228424896,0.015205128795164734
22,07.09.2018,7,2018,True,har,0.0130737202048146,0.013653301601570533
22,10.09.2018,7,2018,True,har,0.0142924901890746,0.013356360657005625
22,11.09.2018,7,2018,True,har,0.0158032997779125,0.013441005301053412
22,12.09.2018,7,2018,True,har,0.0157097190289965,0.01458251790169125
22,13.09.2018,7,2018,True,har,0.0150648157228016,0.013953935935780766
22,14.09.2018,7,2018,True,har,0.0151103881899236,0.014247197411653655
22,17.09.2018,7,2018,True,har,0.0156266689276438,0.013633343712565419
22,18.09.2018,7,2018,True,har,0.0155715890854749,0.013638260897904257
22,19.09.2018,7,2018,True,har,0.0155954125439844,0.01399263505496564
22,20.09.2018,7,2018,True,har,0.0154632119551502,0.013686413263474506
22,21.09.2018,7,2018,True,har,0.0180869624128197,0.01280267792027611
22,24.09.2018,7,2018,True,har,0.0166739637290149,0.012518275281274912
22,25.09.2018,7,2018,True,har,0.0167136771867749,0.014838445277168032
22,26.09.2018,7,2018,True,har,0.0168929450248314,0.014100068657015272
22,27.09.2018,7,2018,True,har,0.0168265831301637,0.01419114127134274
22,28.09.2018,7,2018,True,har,0.0168305522507754,0.013794034603770634
22,01.10.2018,7,2018,True,har,0.0153547453473904,0.014116389154149717
22,02.10.2018,7,2018,True,har,0.0153896549146363,0.015212269630264496
22,03.10.2018,7,2018,True,har,0.0158455781185628,0.014431595314551952
22,04.10.2018,7,2018,True,har,0.0158061187453581,0.014699220101287349
22,05.10.2018,7,2018,True,har,0.0158860226597985,0.01574618702495703
22,08.10.2018,7,2018,True,har,0.0159184849570657,0.015368456037904842
22,09.10.2018,7,2018,True,har,0.0155045687347198,0.015039898153904519
22,10.10.2018,7,2018,True,har,0.0151726454142275,0.015184457717505788
22,11.10.2018,7,2018,True,har,0.0139748152009666,0.016264417285455027
22,12.10.2018,7,2018,True,har,0.0191597315535015,0.017896092473735324
22,15.10.2018,7,2018,True,har,0.0193832842212258,0.016808896053071978
22,16.10.2018,7,2018,True,har,0.0193735978237024,0.016938644850662807
22,17.10.2018,7,2018,True,har,0.0194344609222471,0.01689843914452078
22,18.10.2018,7,2018,True,har,0.0195194479397132,0.017483341715027106
22,19.10.2018,7,2018,True,har,0.022831569071266,0.016796433308665204
22,22.10.2018,7,2018,True,har,0.0233854290494302,0.0167471499760734
22,23.10.2018,7,2018,True,har,0.0264798975979157,0.015529141318666442
22,24.10.2018,7,2018,True,har,0.0277888022814572,0.01923554701197716
22,25.10.2018,7,2018,True,har,0.0274713858867077,0.01785635414901002
22,26.10.2018,7,2018,True,har,0.0272109714765545,0.018263642431884216
22,29.10.2018,7,2018,True,har,0.0276864326234472,0.018221111963827585
22,30.10.2018,7,2018,True,har,0.0276484516276439,0.017020107071375027
22,31.10.2018,7,2018,True,har,0.0305691639163961,0.01713545114314688
22,01.11.2018,7,2018,True,har,0.0306828218562074,0.016092831003442727
22,02.11.2018,7,2018,True,har,0.0305658804358772,0.015644884800529668
22,05.11.2018,7,2018,True,har,0.0313643916824218,0.01810259486224463
22,06.11.2018,7,2018,True,har,0.0316334870472231,0.017238630333850286
22,07.11.2018,7,2018,True,har,0.0317020472766309,0.01715921823969179
22,08.11.2018,7,2018,True,har,0.0316269582924096,0.016525811219567185
22,09.11.2018,7,2018,True,har,0.0322141769060554,0.01647402223787585
22,12.11.2018,7,2018,True,har,0.0323113365365025,0.015562022748815116
22,13.11.2018,7,2018,True,har,0.0292614116300879,0.015165842618118663
22,14.11.2018,7,2018,True,har,0.0312005340724428,0.022024315035839764
22,15.11.2018,7,2018,True,har,0.0314892488820438,0.020425431911092272
22,16.11.2018,7,2018,True,har,0.032824895888384,0.020687101225591156
22,19.11.2018,7,2018,True,har,0.0327518735177898,0.02044361195313642
22,20.11.2018,7,2018,True,har,0.0326196471473604,0.02038921772046888
22,21.11.2018,7,2018,True,har,0.0371333033956539,0.02421499059338708
22,23.11.2018,7,2018,True,har,0.0347657839049887,0.022931032929696442
22,26.11.2018,7,2018,True,har,0.0339861211607999,0.028251366166869456
22,27.11.2018,7,2018,True,har,0.0348855381290665,0.027622749359898814
22,28.11.2018,7,2018,True,har,0.0350149925214151,0.026765712985883032
22,29.11.2018,7,2018,True,har,0.0351689861961529,0.027122571680719704
22,30.11.2018,7,2018,True,har,0.0353975914254454,0.027042433954411246
22,03.12.2018,7,2018,True,har,0.0335774723768593,0.025819353099354174
22,04.12.2018,7,2018,True,har,0.034026628142545,0.029202959087936152
22,06.12.2018,7,2018,True,har,0.0347695698106965,0.027708259524680614
22,07.12.2018,7,2018,True,har,0.0343138540279964,0.029086473445121906
22,10.12.2018,7,2018,True,har,0.0340361312378059,0.029559252293918807
22,11.12.2018,7,2018,True,har,0.0344478425781551,0.029910097815184528
22,12.12.2018,7,2018,True,har,0.0349801424351134,0.028543635389155195
22,13.12.2018,7,2018,True,har,0.0347547540610975,0.02840464700912658
22,14.12.2018,7,2018,True,har,0.0344975180666625,0.027180373450944387
22,17.12.2018,7,2018,True,har,0.0347527886689912,0.02701268459935411
22,18.12.2018,7,2018,True,har,0.0324745403902505,0.026429752275009794
22,19.12.2018,7,2018,True,har,0.0324005805899076,0.030203875698203417
22,20.12.2018,7,2018,True,har,0.0300306090833726,0.029271868086011794
22,21.12.2018,7,2018,True,har,0.0298468241782774,0.029630443550438826
22,24.12.2018,7,2018,True,har,0.0266046086491146,0.027938712713790503
22,26.12.2018,7,2018,True,har,0.0221210298890402,0.02919367682687026
22,27.12.2018,7,2018,True,har,0.0192660954928765,0.033846893736445734
22,28.12.2018,7,2018,True,har,0.0192248652335239,0.03338468058080499
22,31.12.2018,7,2018,True,har,0.018619166617591,0.03161247399099496
22,02.01.2018,7,2018,True,har_ovx,0.008590408457095,0.009982471316710187
22,03.01.2018,7,2018,True,har_ovx,0.0082549776573681,0.010841270128693821
22,04.01.2018,7,2018,True,har_ovx,0.0085445496511134,0.011085063104690998
22,05.01.2018,7,2018,True,har_ovx,0.0094471607173841,0.010602168685877312
22,08.01.2018,7,2018,True,har_ovx,0.0096077169285818,0.010697253547877188
22,09.01.2018,7,2018,True,har_ovx,0.0107310480493186,0.010415987532871606
22,10.01.2018,7,2018,True,har_ovx,0.0105157133062292,0.011165858207817608
22,11.01.2018,7,2018,True,har_ovx,0.010548524107635,0.011479423399833506
22,12.01.2018,7,2018,True,har_ovx,0.0120841037521532,0.011424226330038681
22,16.01.2018,7,2018,True,har_ovx,0.0120096826681441,0.011534708856429453
22,17.01.2018,7,2018,True,har_ovx,0.0121681010345927,0.013262692859488622
22,18.01.2018,7,2018,True,har_ovx,0.0123261061602863,0.012187979275008533
22,19.01.2018,7,2018,True,har_ovx,0.0122608752373373,0.011975884628063808
22,22.01.2018,7,2018,True,har_ovx,0.0126683214434018,0.010054907394040732
22,23.01.2018,7,2018,True,har_ovx,0.0126902018335815,0.01055111340776267
22,24.01.2018,7,2018,True,har_ovx,0.0125434510729992,0.010784750841352785
22,25.01.2018,7,2018,True,har_ovx,0.0127587173972345,0.01171775573273309
22,26.01.2018,7,2018,True,har_ovx,0.0129106107495484,0.010665495449949262
22,29.01.2018,7,2018,True,har_ovx,0.0126343638744652,0.010697446560595675
22,30.01.2018,7,2018,True,har_ovx,0.0131930128758862,0.010988532526536825
22,31.01.2018,7,2018,True,har_ovx,0.0139332741075668,0.011065037300115866
22,01.02.2018,7,2018,True,har_ovx,0.0139840799669022,0.010638867283969232
22,02.02.2018,7,2018,True,har_ovx,0.0145955969654398,0.010632397743935491
22,05.02.2018,7,2018,True,har_ovx,0.0145084449416197,0.011675442040867793
22,06.02.2018,7,2018,True,har_ovx,0.0158736021755159,0.013058265697452399
22,07.02.2018,7,2018,True,har_ovx,0.0153684937324743,0.013445947288884298
22,08.02.2018,7,2018,True,har_ovx,0.0152292286051959,0.013627360646645034
22,09.02.2018,7,2018,True,har_ovx,0.013511770699127,0.015288325671961929
22,12.02.2018,7,2018,True,har_ovx,0.0134767647844511,0.015620334842370121
22,13.02.2018,7,2018,True,har_ovx,0.01384165417454,0.015051065255344135
22,14.02.2018,7,2018,True,har_ovx,0.0128466543998478,0.01558709902057737
22,15.02.2018,7,2018,True,har_ovx,0.013482799742021,0.013997462983497988
22,16.02.2018,7,2018,True,har_ovx,0.0146972039279528,0.013683580856466116
22,20.02.2018,7,2018,True,har_ovx,0.0148689344776943,0.013572109152801312
22,21.02.2018,7,2018,True,har_ovx,0.0154464975558796,0.01396472852257191
22,22.02.2018,7,2018,True,har_ovx,0.0153211543776161,0.013526383649876992
22,23.02.2018,7,2018,True,har_ovx,0.0151192405733703,0.012523280871710004
22,26.02.2018,7,2018,True,har_ovx,0.015270699991833,0.01215417424685597
22,27.02.2018,7,2018,True,har_ovx,0.0150430717328737,0.012035646409487231
22,28.02.2018,7,2018,True,har_ovx,0.0170931098328578,0.012584603936198546
22,01.03.2018,7,2018,True,har_ovx,0.0171282283600693,0.013544260764684008
22,02.03.2018,7,2018,True,har_ovx,0.0164161105289427,0.013528689938126646
22,05.03.2018,7,2018,True,har_ovx,0.0160575585621426,0.013226823253387502
22,06.03.2018,7,2018,True,har_ovx,0.0165987432796503,0.013182343945790074
22,07.03.2018,7,2018,True,har_ovx,0.0163747591466025,0.01259215511877876
22,08.03.2018,7,2018,True,har_ovx,0.0173316244901709,0.01357693351148811
22,09.03.2018,7,2018,True,har_ovx,0.0166222026927381,0.012990810907916128
22,12.03.2018,7,2018,True,har_ovx,0.0164232101471232,0.01311715144773963
22,13.03.2018,7,2018,True,har_ovx,0.016295530083978,0.011577007760016128
22,14.03.2018,7,2018,True,har_ovx,0.0169218494914822,0.012471060115935202
22,15.03.2018,7,2018,True,har_ovx,0.0169271212447674,0.012349521831568903
22,16.03.2018,7,2018,True,har_ovx,0.0173769459938153,0.012288877412143254
22,19.03.2018,7,2018,True,har_ovx,0.0173046240341449,0.012182038246973278
22,20.03.2018,7,2018,True,har_ovx,0.0169551774272031,0.01255183661728905
22,21.03.2018,7,2018,True,har_ovx,0.0160013418652628,0.012697846538688867
22,22.03.2018,7,2018,True,har_ovx,0.0161303538044559,0.013120567066974235
22,23.03.2018,7,2018,True,har_ovx,0.015565418445006,0.013185903010708294
22,26.03.2018,7,2018,True,har_ovx,0.0155681119241827,0.013975643456357056
22,27.03.2018,7,2018,True,har_ovx,0.0155813290675928,0.013904590117528407
22,28.03.2018,7,2018,True,har_ovx,0.0154011078659267,0.01365876667631561
22,29.03.2018,7,2018,True,har_ovx,0.0153358722849477,0.013384355922190404
22,02.04.2018,7,2018,True,har_ovx,0.01377530867074,0.012417574515731304
22,03.04.2018,7,2018,True,har_ovx,0.0137545894763593,0.014073958529948498
22,04.04.2018,7,2018,True,har_ovx,0.0139894988723261,0.01337250625184205
22,05.04.2018,7,2018,True,har_ovx,0.0142556538630682,0.012877986752867904
22,06.04.2018,7,2018,True,har_ovx,0.0142150861996396,0.01177570488250735
22,09.04.2018,7,2018,True,har_ovx,0.0148103503530352,0.012297190108590438
22,10.04.2018,7,2018,True,har_ovx,0.013332401058691,0.012829938182793366
22,11.04.2018,7,2018,True,har_ovx,0.0132413627740427,0.014311323719722083
22,12.04.2018,7,2018,True,har_ovx,0.0134240564106155,0.01500183931520561
22,13.04.2018,7,2018,True,har_ovx,0.0133962534232998,0.014440480235907716
22,16.04.2018,7,2018,True,har_ovx,0.0127295987744888,0.014525880535538572
22,17.04.2018,7,2018,True,har_ovx,0.0127552395794094,0.014688285685240932
22,18.04.2018,7,2018,True,har_ovx,0.0121657299580506,0.01412803092563853
22,19.04.2018,7,2018,True,har_ovx,0.0122314667783682,0.015211607935351926
22,20.04.2018,7,2018,True,har_ovx,0.0122335205621583,0.014976286447587665
22,23.04.2018,7,2018,True,har_ovx,0.0121722396246449,0.014744355556958345
22,24.04.2018,7,2018,True,har_ovx,0.0122482761935983,0.014883425993245984
22,25.04.2018,7,2018,True,har_ovx,0.0141516492276115,0.014942200695147652
22,26.04.2018,7,2018,True,har_ovx,0.0143798539395801,0.01437222129463501
22,27.04.2018,7,2018,True,har_ovx,0.0154945087138923,0.013614551569987797
22,30.04.2018,7,2018,True,har_ovx,0.0154482040640395,0.012746777495423524
22,01.05.2018,7,2018,True,har_ovx,0.0154482040640395,0.014451195987151994
22,02.05.2018,7,2018,True,har_ovx,0.0159433368546365,0.014336186685857759
22,03.05.2018,7,2018,True,har_ovx,0.0159346618147229,0.013905075068422286
22,04.05.2018,7,2018,True,har_ovx,0.0155413727552181,0.0133552480768628
22,07.05.2018,7,2018,True,har_ovx,0.0160755224955532,0.013079751315593377
22,08.05.2018,7,2018,True,har_ovx,0.0157902749837493,0.014715392457731574
22,09.05.2018,7,2018,True,har_ovx,0.0142904959640223,0.01335539685595904
22,10.05.2018,7,2018,True,har_ovx,0.0143428221356713,0.013475312930630005
22,11.05.2018,7,2018,True,har_ovx,0.0145487591675857,0.013169060757577997
22,14.05.2018,7,2018,True,har_ovx,0.0143287612312894,0.012627505188570936
22,15.05.2018,7,2018,True,har_ovx,0.0158404493119577,0.012836029564638805
22,16.05.2018,7,2018,True,har_ovx,0.0167386836492094,0.013255864066061671
22,17.05.2018,7,2018,True,har_ovx,0.0167302501431838,0.012917186421863753
22,18.05.2018,7,2018,True,har_ovx,0.0166535173227922,0.012432475313273407
22,21.05.2018,7,2018,True,har_ovx,0.0170117618527532,0.012555836092769883
22,22.05.2018,7,2018,True,har_ovx,0.0187299258006372,0.012922931029574782
22,23.05.2018,7,2018,True,har_ovx,0.0187769923827191,0.01294030411797944
22,24.05.2018,7,2018,True,har_ovx,0.0193082117580938,0.013046736948922368
22,25.05.2018,7,2018,True,har_ovx,0.0185647139375583,0.01266678436199083
22,29.05.2018,7,2018,True,har_ovx,0.0182820063342302,0.014174371111774697
22,30.05.2018,7,2018,True,har_ovx,0.0178416009340725,0.014869969139189719
22,31.05.2018,7,2018,True,har_ovx,0.0188430969711094,0.01412502383800527
22,01.06.2018,7,2018,True,har_ovx,0.018888054601108,0.013706761739399855
22,04.06.2018,7,2018,True,har_ovx,0.0176945225666223,0.014349211444064308
22,05.06.2018,7,2018,True,har_ovx,0.0177250509013766,0.015146429106889786
22,06.06.2018,7,2018,True,har_ovx,0.0178851004233954,0.014789500482528736
22,07.06.2018,7,2018,True,har_ovx,0.0171805276398247,0.014825911761052309
22,08.06.2018,7,2018,True,har_ovx,0.0230562642876927,0.014235325377491804
22,11.06.2018,7,2018,True,har_ovx,0.0233082183192157,0.013811902004186426
22,12.06.2018,7,2018,True,har_ovx,0.0234202652591954,0.013407303640338512
22,13.06.2018,7,2018,True,har_ovx,0.0253043085302602,0.013279209011407292
22,14.06.2018,7,2018,True,har_ovx,0.0252942669563738,0.013610817461108982
22,15.06.2018,7,2018,True,har_ovx,0.024431976336002,0.013483785205552863
22,18.06.2018,7,2018,True,har_ovx,0.0237461302940447,0.01413196306557292
22,19.06.2018,7,2018,True,har_ovx,0.0238093787616919,0.013902250371654441
22,20.06.2018,7,2018,True,har_ovx,0.0237987725662249,0.013976650377358818
22,21.06.2018,7,2018,True,har_ovx,0.0233197631338249,0.014044899556613793
22,22.06.2018,7,2018,True,har_ovx,0.0221594141180401,0.014004134672087748
22,25.06.2018,7,2018,True,har_ovx,0.0221266075076886,0.012690239125846377
22,26.06.2018,7,2018,True,har_ovx,0.0216271941152873,0.012890538218303393
22,27.06.2018,7,2018,True,har_ovx,0.0213737862855988,0.012666640074210792
22,28.06.2018,7,2018,True,har_ovx,0.0214153287920336,0.013877930480644795
22,29.06.2018,7,2018,True,har_ovx,0.0208355973452085,0.013683187909118204
22,02.07.2018,7,2018,True,har_ovx,0.0202096660210303,0.013807584229063311
22,03.07.2018,7,2018,True,har_ovx,0.0201257261342132,0.014636338076511438
22,05.07.2018,7,2018,True,har_ovx,0.0202331074411824,0.014439281893714665
22,06.07.2018,7,2018,True,har_ovx,0.0204574546104301,0.014577376849453753
22,09.07.2018,7,2018,True,har_ovx,0.0212180843962409,0.014165133293732335
22,10.07.2018,7,2018,True,har_ovx,0.021002125736861,0.014286378370601973
22,11.07.2018,7,2018,True,har_ovx,0.0147755577177538,0.013668144194828518
22,12.07.2018,7,2018,True,har_ovx,0.014417206825054,0.014702478071429229
22,13.07.2018,7,2018,True,har_ovx,0.0141270616380332,0.01368884990197648
22,16.07.2018,7,2018,True,har_ovx,0.0110465470938053,0.013476687937422675
22,17.07.2018,7,2018,True,har_ovx,0.0112065858945675,0.014654229247644332
22,18.07.2018,7,2018,True,har_ovx,0.0110392994111659,0.013662195618750175
22,19.07.2018,7,2018,True,har_ovx,0.0110764131080766,0.013534155247015145
22,20.07.2018,7,2018,True,har_ovx,0.0110503537055152,0.013267510724038395
22,23.07.2018,7,2018,True,har_ovx,0.0127099036520393,0.012785989354872893
22,24.07.2018,7,2018,True,har_ovx,0.0126805789717273,0.013200442717778111
22,25.07.2018,7,2018,True,har_ovx,0.0129596768811537,0.012932907374802412
22,26.07.2018,7,2018,True,har_ovx,0.0128960465752171,0.012768783302388448
22,27.07.2018,7,2018,True,har_ovx,0.0128969867820014,0.012531355347040692
22,30.07.2018,7,2018,True,har_ovx,0.0131599070509503,0.01250831625388806
22,31.07.2018,7,2018,True,har_ovx,0.013000675771987,0.01308714547433081
22,01.08.2018,7,2018,True,har_ovx,0.0130708370822177,0.01344289807857469
22,02.08.2018,7,2018,True,har_ovx,0.0128480278551123,0.01332203961037033
22,03.08.2018,7,2018,True,har_ovx,0.0131543868118281,0.0129672384385334
22,06.08.2018,7,2018,True,har_ovx,0.0133658829030475,0.012826203584393802
22,07.08.2018,7,2018,True,har_ovx,0.0131769020303213,0.012757018183666244
22,08.08.2018,7,2018,True,har_ovx,0.0108705666042425,0.012641274771429567
22,09.08.2018,7,2018,True,har_ovx,0.0114662813235978,0.01332824707631777
22,10.08.2018,7,2018,True,har_ovx,0.0114304336462968,0.012445345395284153
22,13.08.2018,7,2018,True,har_ovx,0.012447913107819,0.012515565941579647
22,14.08.2018,7,2018,True,har_ovx,0.0124304123041159,0.012342534737133658
22,15.08.2018,7,2018,True,har_ovx,0.0109085358568002,0.012921286118882012
22,16.08.2018,7,2018,True,har_ovx,0.0109938443426052,0.01386701779335717
22,17.08.2018,7,2018,True,har_ovx,0.0109916584139166,0.013132367431913334
22,20.08.2018,7,2018,True,har_ovx,0.0113543942536874,0.01273263912141695
22,21.08.2018,7,2018,True,har_ovx,0.0113596052374152,0.012440333322257855
22,22.08.2018,7,2018,True,har_ovx,0.0114492074373817,0.012326257135811033
22,23.08.2018,7,2018,True,har_ovx,0.011442867760746,0.012394910833821259
22,24.08.2018,7,2018,True,har_ovx,0.0114147476610841,0.011884675576700234
22,27.08.2018,7,2018,True,har_ovx,0.0114113928721601,0.011362339683065712
22,28.08.2018,7,2018,True,har_ovx,0.0114662298103943,0.011508800851330358
22,29.08.2018,7,2018,True,har_ovx,0.0122500573122583,0.011966372624486063
22,30.08.2018,7,2018,True,har_ovx,0.0122962083461984,0.012065386993432438
22,31.08.2018,7,2018,True,har_ovx,0.0124667199415681,0.012372083355475202
22,04.09.2018,7,2018,True,har_ovx,0.0134941809739749,0.012407032066484287
22,05.09.2018,7,2018,True,har_ovx,0.0132113735724905,0.013488061576666311
22,06.09.2018,7,2018,True,har_ovx,0.0129412228424896,0.013403721069087443
22,07.09.2018,7,2018,True,har_ovx,0.0130737202048146,0.01311291261195819
22,10.09.2018,7,2018,True,har_ovx,0.0142924901890746,0.013024326676184445
22,11.09.2018,7,2018,True,har_ovx,0.0158032997779125,0.013068014349265829
22,12.09.2018,7,2018,True,har_ovx,0.0157097190289965,0.013747430393061325
22,13.09.2018,7,2018,True,har_ovx,0.0150648157228016,0.013559354198845613
22,14.09.2018,7,2018,True,har_ovx,0.0151103881899236,0.013423081923678389
22,17.09.2018,7,2018,True,har_ovx,0.0156266689276438,0.013068854304470755
22,18.09.2018,7,2018,True,har_ovx,0.0155715890854749,0.013121520156869505
22,19.09.2018,7,2018,True,har_ovx,0.0155954125439844,0.013479326199652647
22,20.09.2018,7,2018,True,har_ovx,0.0154632119551502,0.013143531155513538
22,21.09.2018,7,2018,True,har_ovx,0.0180869624128197,0.013085453710475254
22,24.09.2018,7,2018,True,har_ovx,0.0166739637290149,0.013070802791005944
22,25.09.2018,7,2018,True,har_ovx,0.0167136771867749,0.01369493988857651
22,26.09.2018,7,2018,True,har_ovx,0.0168929450248314,0.013421275342101047
22,27.09.2018,7,2018,True,har_ovx,0.0168265831301637,0.01319253402109305
22,28.09.2018,7,2018,True,har_ovx,0.0168305522507754,0.013166141870283891
22,01.10.2018,7,2018,True,har_ovx,0.0153547453473904,0.01341546582710272
22,02.10.2018,7,2018,True,har_ovx,0.0153896549146363,0.014335845610498598
22,03.10.2018,7,2018,True,har_ovx,0.0158455781185628,0.013927388475521782
22,04.10.2018,7,2018,True,har_ovx,0.0158061187453581,0.01432649258871746
22,05.10.2018,7,2018,True,har_ovx,0.0158860226597985,0.014733761238621596
22,08.10.2018,7,2018,True,har_ovx,0.0159184849570657,0.014557574517599757
22,09.10.2018,7,2018,True,har_ovx,0.0155045687347198,0.014671335378400825
22,10.10.2018,7,2018,True,har_ovx,0.0151726454142275,0.01412162475352402
22,11.10.2018,7,2018,True,har_ovx,0.0139748152009666,0.014795371505899563
22,12.10.2018,7,2018,True,har_ovx,0.0191597315535015,0.015120119280983656
22,15.10.2018,7,2018,True,har_ovx,0.0193832842212258,0.0138475823475676
22,16.10.2018,7,2018,True,har_ovx,0.0193735978237024,0.01438299469529225
22,17.10.2018,7,2018,True,har_ovx,0.0194344609222471,0.014438839652012573
22,18.10.2018,7,2018,True,har_ovx,0.0195194479397132,0.014257249431636022
22,19.10.2018,7,2018,True,har_ovx,0.022831569071266,0.014608621495463459
22,22.10.2018,7,2018,True,har_ovx,0.0233854290494302,0.013876943966411774
22,23.10.2018,7,2018,True,har_ovx,0.0264798975979157,0.0140365614537823
22,24.10.2018,7,2018,True,har_ovx,0.0277888022814572,0.015244557945599332
22,25.10.2018,7,2018,True,har_ovx,0.0274713858867077,0.015150642877109124
22,26.10.2018,7,2018,True,har_ovx,0.0272109714765545,0.014355379903335144
22,29.10.2018,7,2018,True,har_ovx,0.0276864326234472,0.01471002061040937
22,30.10.2018,7,2018,True,har_ovx,0.0276484516276439,0.014882032650696913
22,31.10.2018,7,2018,True,har_ovx,0.0305691639163961,0.015511033780674635
22,01.11.2018,7,2018,True,har_ovx,0.0306828218562074,0.015524497438141053
22,02.11.2018,7,2018,True,har_ovx,0.0305658804358772,0.01639135223684531
22,05.11.2018,7,2018,True,har_ovx,0.0313643916824218,0.0170303424441883
22,06.11.2018,7,2018,True,har_ovx,0.0316334870472231,0.017011828442669037
22,07.11.2018,7,2018,True,har_ovx,0.0317020472766309,0.01801400790639272
22,08.11.2018,7,2018,True,har_ovx,0.0316269582924096,0.017199197459765538
22,09.11.2018,7,2018,True,har_ovx,0.0322141769060554,0.016860071308092098
22,12.11.2018,7,2018,True,har_ovx,0.0323113365365025,0.018661446224644627
22,13.11.2018,7,2018,True,har_ovx,0.0292614116300879,0.02177214163462045
22,14.11.2018,7,2018,True,har_ovx,0.0312005340724428,0.031634148425190134
22,15.11.2018,7,2018,True,har_ovx,0.0314892488820438,0.025708956320307477
22,16.11.2018,7,2018,True,har_ovx,0.032824895888384,0.023663713110884145
22,19.11.2018,7,2018,True,har_ovx,0.0327518735177898,0.021546290198606873
22,20.11.2018,7,2018,True,har_ovx,0.0326196471473604,0.02332475271084758
22,21.11.2018,7,2018,True,har_ovx,0.0371333033956539,0.03208874848200538
22,23.11.2018,7,2018,True,har_ovx,0.0347657839049887,0.02866487889896354
22,26.11.2018,7,2018,True,har_ovx,0.0339861211607999,0.03732685127553304
22,27.11.2018,7,2018,True,har_ovx,0.0348855381290665,0.032256818436844324
22,28.11.2018,7,2018,True,har_ovx,0.0350149925214151,0.03005222684190044
22,29.11.2018,7,2018,True,har_ovx,0.0351689861961529,0.0299710802443793
22,30.11.2018,7,2018,True,har_ovx,0.0353975914254454,0.029862059392765018
22,03.12.2018,7,2018,True,har_ovx,0.0335774723768593,0.0315929793604363
22,04.12.2018,7,2018,True,har_ovx,0.034026628142545,0.027760284194014082
22,06.12.2018,7,2018,True,har_ovx,0.0347695698106965,0.027531772756828984
22,07.12.2018,7,2018,True,har_ovx,0.0343138540279964,0.027896320242631827
22,10.12.2018,7,2018,True,har_ovx,0.0340361312378059,0.02265655862763649
22,11.12.2018,7,2018,True,har_ovx,0.0344478425781551,0.024615764466760386
22,12.12.2018,7,2018,True,har_ovx,0.0349801424351134,0.022392653238917794
22,13.12.2018,7,2018,True,har_ovx,0.0347547540610975,0.021410500046097514
22,14.12.2018,7,2018,True,har_ovx,0.0344975180666625,0.02123238042033544
22,17.12.2018,7,2018,True,har_ovx,0.0347527886689912,0.023201984397106558
22,18.12.2018,7,2018,True,har_ovx,0.0324745403902505,0.025833278021059253
22,19.12.2018,7,2018,True,har_ovx,0.0324005805899076,0.030159805221428672
22,20.12.2018,7,2018,True,har_ovx,0.0300306090833726,0.02819472490027123
22,21.12.2018,7,2018,True,har_ovx,0.0298468241782774,0.02977668093586994
22,24.12.2018,7,2018,True,har_ovx,0.0266046086491146,0.028686942658290786
22,26.12.2018,7,2018,True,har_ovx,0.0221210298890402,0.032158657418319435
22,27.12.2018,7,2018,True,har_ovx,0.0192660954928765,0.030180276032079463
22,28.12.2018,7,2018,True,har_ovx,0.0192248652335239,0.03181445890041337
22,31.12.2018,7,2018,True,har_ovx,0.018619166617591,0.028986512482616637
22,02.01.2018,7,2018,True,har_gpr,0.008590408457095,0.014918293260700382
22,03.01.2018,7,2018,True,har_gpr,0.0082549776573681,0.016502932449070327
22,04.01.2018,7,2018,True,har_gpr,0.0085445496511134,0.016770393160522718
22,05.01.2018,7,2018,True,har_gpr,0.0094471607173841,0.016088521340241184
22,08.01.2018,7,2018,True,har_gpr,0.0096077169285818,0.015216957601511637
22,09.01.2018,7,2018,True,har_gpr,0.0107310480493186,0.014107265798947298
22,10.01.2018,7,2018,True,har_gpr,0.0105157133062292,0.014473148721803454
22,11.01.2018,7,2018,True,har_gpr,0.010548524107635,0.013576058491992015
22,12.01.2018,7,2018,True,har_gpr,0.0120841037521532,0.012410433937699954
22,16.01.2018,7,2018,True,har_gpr,0.0120096826681441,0.011870413825453095
22,17.01.2018,7,2018,True,har_gpr,0.0121681010345927,0.010211993095084202
22,18.01.2018,7,2018,True,har_gpr,0.0123261061602863,0.009759573601659296
22,19.01.2018,7,2018,True,har_gpr,0.0122608752373373,0.009713004426494209
22,22.01.2018,7,2018,True,har_gpr,0.0126683214434018,0.010482925071476613
22,23.01.2018,7,2018,True,har_gpr,0.0126902018335815,0.012651495291849507
22,24.01.2018,7,2018,True,har_gpr,0.0125434510729992,0.013146718423268035
22,25.01.2018,7,2018,True,har_gpr,0.0127587173972345,0.013014400832624813
22,26.01.2018,7,2018,True,har_gpr,0.0129106107495484,0.011767640825850642
22,29.01.2018,7,2018,True,har_gpr,0.0126343638744652,0.01127297696855138
22,30.01.2018,7,2018,True,har_gpr,0.0131930128758862,0.012836943782650274
22,31.01.2018,7,2018,True,har_gpr,0.0139332741075668,0.012498332125036343
22,01.02.2018,7,2018,True,har_gpr,0.0139840799669022,0.01216266485756496
22,02.02.2018,7,2018,True,har_gpr,0.0145955969654398,0.011553097807582152
22,05.02.2018,7,2018,True,har_gpr,0.0145084449416197,0.011874558677543477
22,06.02.2018,7,2018,True,har_gpr,0.0158736021755159,0.01188256661226629
22,07.02.2018,7,2018,True,har_gpr,0.0153684937324743,0.012041169796401506
22,08.02.2018,7,2018,True,har_gpr,0.0152292286051959,0.01256760741361519
22,09.02.2018,7,2018,True,har_gpr,0.013511770699127,0.012032030476997276
22,12.02.2018,7,2018,True,har_gpr,0.0134767647844511,0.014255593024879323
22,13.02.2018,7,2018,True,har_gpr,0.01384165417454,0.012095555362036822
22,14.02.2018,7,2018,True,har_gpr,0.0128466543998478,0.012262822062509067
22,15.02.2018,7,2018,True,har_gpr,0.013482799742021,0.014807987047664511
22,16.02.2018,7,2018,True,har_gpr,0.0146972039279528,0.013897053569302169
22,20.02.2018,7,2018,True,har_gpr,0.0148689344776943,0.013702406678560387
22,21.02.2018,7,2018,True,har_gpr,0.0154464975558796,0.014724012808009335
22,22.02.2018,7,2018,True,har_gpr,0.0153211543776161,0.014263149989052088
22,23.02.2018,7,2018,True,har_gpr,0.0151192405733703,0.014669768989849081
22,26.02.2018,7,2018,True,har_gpr,0.015270699991833,0.014948676664370105
22,27.02.2018,7,2018,True,har_gpr,0.0150430717328737,0.01352183195253193
22,28.02.2018,7,2018,True,har_gpr,0.0170931098328578,0.014149370391986096
22,01.03.2018,7,2018,True,har_gpr,0.0171282283600693,0.014420360613282519
22,02.03.2018,7,2018,True,har_gpr,0.0164161105289427,0.013851878196581199
22,05.03.2018,7,2018,True,har_gpr,0.0160575585621426,0.01480435818544543
22,06.03.2018,7,2018,True,har_gpr,0.0165987432796503,0.015905240510347366
22,07.03.2018,7,2018,True,har_gpr,0.0163747591466025,0.015259883334960287
22,08.03.2018,7,2018,True,har_gpr,0.0173316244901709,0.016425477440178526
22,09.03.2018,7,2018,True,har_gpr,0.0166222026927381,0.015756750664032013
22,12.03.2018,7,2018,True,har_gpr,0.0164232101471232,0.017479242489968162
22,13.03.2018,7,2018,True,har_gpr,0.016295530083978,0.014117540991348083
22,14.03.2018,7,2018,True,har_gpr,0.0169218494914822,0.01400105907672826
22,15.03.2018,7,2018,True,har_gpr,0.0169271212447674,0.013782274311150493
22,16.03.2018,7,2018,True,har_gpr,0.0173769459938153,0.01290922972033519
22,19.03.2018,7,2018,True,har_gpr,0.0173046240341449,0.013359940203367142
22,20.03.2018,7,2018,True,har_gpr,0.0169551774272031,0.014149960930210433
22,21.03.2018,7,2018,True,har_gpr,0.0160013418652628,0.015301074383848414
22,22.03.2018,7,2018,True,har_gpr,0.0161303538044559,0.0167232779001801
22,23.03.2018,7,2018,True,har_gpr,0.015565418445006,0.016097221795237933
22,26.03.2018,7,2018,True,har_gpr,0.0155681119241827,0.016917410221506217
22,27.03.2018,7,2018,True,har_gpr,0.0155813290675928,0.016309901103541215
22,28.03.2018,7,2018,True,har_gpr,0.0154011078659267,0.015900612193970584
22,29.03.2018,7,2018,True,har_gpr,0.0153358722849477,0.01577842969477554
22,02.04.2018,7,2018,True,har_gpr,0.01377530867074,0.015883623354662032
22,03.04.2018,7,2018,True,har_gpr,0.0137545894763593,0.018284684142569056
22,04.04.2018,7,2018,True,har_gpr,0.0139894988723261,0.01704735496475588
22,05.04.2018,7,2018,True,har_gpr,0.0142556538630682,0.01685157591419406
22,06.04.2018,7,2018,True,har_gpr,0.0142150861996396,0.016366871152109864
22,09.04.2018,7,2018,True,har_gpr,0.0148103503530352,0.017023626487557557
22,10.04.2018,7,2018,True,har_gpr,0.013332401058691,0.016803654147997497
22,11.04.2018,7,2018,True,har_gpr,0.0132413627740427,0.018411877546112627
22,12.04.2018,7,2018,True,har_gpr,0.0134240564106155,0.01765751121218153
22,13.04.2018,7,2018,True,har_gpr,0.0133962534232998,0.017244282960900813
22,16.04.2018,7,2018,True,har_gpr,0.0127295987744888,0.017060609671658067
22,17.04.2018,7,2018,True,har_gpr,0.0127552395794094,0.016933678672275982
22,18.04.2018,7,2018,True,har_gpr,0.0121657299580506,0.01595358827087593
22,19.04.2018,7,2018,True,har_gpr,0.0122314667783682,0.01725303456039606
22,20.04.2018,7,2018,True,har_gpr,0.0122335205621583,0.015784882902016243
22,23.04.2018,7,2018,True,har_gpr,0.0121722396246449,0.015637268882746656
22,24.04.2018,7,2018,True,har_gpr,0.0122482761935983,0.016299267959075783
22,25.04.2018,7,2018,True,har_gpr,0.0141516492276115,0.016774000397838974
22,26.04.2018,7,2018,True,har_gpr,0.0143798539395801,0.01605926303554852
22,27.04.2018,7,2018,True,har_gpr,0.0154945087138923,0.016310949925501333
22,30.04.2018,7,2018,True,har_gpr,0.0154482040640395,0.0159833322926801
22,01.05.2018,7,2018,True,har_gpr,0.0154482040640395,0.013990584619245336
22,02.05.2018,7,2018,True,har_gpr,0.0159433368546365,0.01354834456407586
22,03.05.2018,7,2018,True,har_gpr,0.0159346618147229,0.01593814182414769
22,04.05.2018,7,2018,True,har_gpr,0.0155413727552181,0.015133538818888691
22,07.05.2018,7,2018,True,har_gpr,0.0160755224955532,0.015350820135711287
22,08.05.2018,7,2018,True,har_gpr,0.0157902749837493,0.015221071562104158
22,09.05.2018,7,2018,True,har_gpr,0.0142904959640223,0.014772834379222638
22,10.05.2018,7,2018,True,har_gpr,0.0143428221356713,0.016036251872908174
22,11.05.2018,7,2018,True,har_gpr,0.0145487591675857,0.015043461218044344
22,14.05.2018,7,2018,True,har_gpr,0.0143287612312894,0.015171261839095798
22,15.05.2018,7,2018,True,har_gpr,0.0158404493119577,0.013854604759536005
22,16.05.2018,7,2018,True,har_gpr,0.0167386836492094,0.0131502048858915
22,17.05.2018,7,2018,True,har_gpr,0.0167302501431838,0.012447520472044954
22,18.05.2018,7,2018,True,har_gpr,0.0166535173227922,0.012114164314939379
22,21.05.2018,7,2018,True,har_gpr,0.0170117618527532,0.01280852924081236
22,22.05.2018,7,2018,True,har_gpr,0.0187299258006372,0.012931818414325762
22,23.05.2018,7,2018,True,har_gpr,0.0187769923827191,0.012480188556672493
22,24.05.2018,7,2018,True,har_gpr,0.0193082117580938,0.012346132208238318
22,25.05.2018,7,2018,True,har_gpr,0.0185647139375583,0.013129040861028424
22,29.05.2018,7,2018,True,har_gpr,0.0182820063342302,0.015430840380892964
22,30.05.2018,7,2018,True,har_gpr,0.0178416009340725,0.014217576975500213
22,31.05.2018,7,2018,True,har_gpr,0.0188430969711094,0.01595873636477845
22,01.06.2018,7,2018,True,har_gpr,0.018888054601108,0.014257372582110425
22,04.06.2018,7,2018,True,har_gpr,0.0176945225666223,0.01420514638106271
22,05.06.2018,7,2018,True,har_gpr,0.0177250509013766,0.016085321783868466
22,06.06.2018,7,2018,True,har_gpr,0.0178851004233954,0.014700035866615762
22,07.06.2018,7,2018,True,har_gpr,0.0171805276398247,0.013913111339581636
22,08.06.2018,7,2018,True,har_gpr,0.0230562642876927,0.01484990683926361
22,11.06.2018,7,2018,True,har_gpr,0.0233082183192157,0.01449362110634175
22,12.06.2018,7,2018,True,har_gpr,0.0234202652591954,0.01410775239283418
22,13.06.2018,7,2018,True,har_gpr,0.0253043085302602,0.014212591641538267
22,14.06.2018,7,2018,True,har_gpr,0.0252942669563738,0.014543191439411692
22,15.06.2018,7,2018,True,har_gpr,0.024431976336002,0.01407470904801645
22,18.06.2018,7,2018,True,har_gpr,0.0237461302940447,0.016334330824313393
22,19.06.2018,7,2018,True,har_gpr,0.0238093787616919,0.018936717129628473
22,20.06.2018,7,2018,True,har_gpr,0.0237987725662249,0.018026521310291883
22,21.06.2018,7,2018,True,har_gpr,0.0233197631338249,0.01793327494350808
22,22.06.2018,7,2018,True,har_gpr,0.0221594141180401,0.018980043467124164
22,25.06.2018,7,2018,True,har_gpr,0.0221266075076886,0.020571415587020674
22,26.06.2018,7,2018,True,har_gpr,0.0216271941152873,0.01847797171478842
22,27.06.2018,7,2018,True,har_gpr,0.0213737862855988,0.019207325928877184
22,28.06.2018,7,2018,True,har_gpr,0.0214153287920336,0.018656753480454036
22,29.06.2018,7,2018,True,har_gpr,0.0208355973452085,0.017765556319948535
22,02.07.2018,7,2018,True,har_gpr,0.0202096660210303,0.018509069672419436
22,03.07.2018,7,2018,True,har_gpr,0.0201257261342132,0.01877707100785071
22,05.07.2018,7,2018,True,har_gpr,0.0202331074411824,0.01794541933390179
22,06.07.2018,7,2018,True,har_gpr,0.0204574546104301,0.017850886369472695
22,09.07.2018,7,2018,True,har_gpr,0.0212180843962409,0.017234203576511897
22,10.07.2018,7,2018,True,har_gpr,0.021002125736861,0.018454271091734215
22,11.07.2018,7,2018,True,har_gpr,0.0147755577177538,0.017987335533109484
22,12.07.2018,7,2018,True,har_gpr,0.014417206825054,0.025946020850742515
22,13.07.2018,7,2018,True,har_gpr,0.0141270616380332,0.024103066376847435
22,16.07.2018,7,2018,True,har_gpr,0.0110465470938053,0.024133736539381754
22,17.07.2018,7,2018,True,har_gpr,0.0112065858945675,0.02389945726248222
22,18.07.2018,7,2018,True,har_gpr,0.0110392994111659,0.021860695249119867
22,19.07.2018,7,2018,True,har_gpr,0.0110764131080766,0.02131838558705165
22,20.07.2018,7,2018,True,har_gpr,0.0110503537055152,0.02101913750141789
22,23.07.2018,7,2018,True,har_gpr,0.0127099036520393,0.02075387233040867
22,24.07.2018,7,2018,True,har_gpr,0.0126805789717273,0.019333666805365288
22,25.07.2018,7,2018,True,har_gpr,0.0129596768811537,0.019476529679269647
22,26.07.2018,7,2018,True,har_gpr,0.0128960465752171,0.019154824654428464
22,27.07.2018,7,2018,True,har_gpr,0.0128969867820014,0.018912603013897654
22,30.07.2018,7,2018,True,har_gpr,0.0131599070509503,0.018826386556684588
22,31.07.2018,7,2018,True,har_gpr,0.013000675771987,0.01895627463775548
22,01.08.2018,7,2018,True,har_gpr,0.0130708370822177,0.01873721977515761
22,02.08.2018,7,2018,True,har_gpr,0.0128480278551123,0.018325789715444376
22,03.08.2018,7,2018,True,har_gpr,0.0131543868118281,0.018768682306327104
22,06.08.2018,7,2018,True,har_gpr,0.0133658829030475,0.018502364386503243
22,07.08.2018,7,2018,True,har_gpr,0.0131769020303213,0.01876805268552008
22,08.08.2018,7,2018,True,har_gpr,0.0108705666042425,0.019080492031832905
22,09.08.2018,7,2018,True,har_gpr,0.0114662813235978,0.01662721958895885
22,10.08.2018,7,2018,True,har_gpr,0.0114304336462968,0.015316089053931687
22,13.08.2018,7,2018,True,har_gpr,0.012447913107819,0.015599521261888894
22,14.08.2018,7,2018,True,har_gpr,0.0124304123041159,0.012155835652092795
22,15.08.2018,7,2018,True,har_gpr,0.0109085358568002,0.0119859025355406
22,16.08.2018,7,2018,True,har_gpr,0.0109938443426052,0.013183997612943808
22,17.08.2018,7,2018,True,har_gpr,0.0109916584139166,0.01292582379601767
22,20.08.2018,7,2018,True,har_gpr,0.0113543942536874,0.012711245585045808
22,21.08.2018,7,2018,True,har_gpr,0.0113596052374152,0.01354114202572045
22,22.08.2018,7,2018,True,har_gpr,0.0114492074373817,0.01359058865662897
22,23.08.2018,7,2018,True,har_gpr,0.011442867760746,0.015302205426733939
22,24.08.2018,7,2018,True,har_gpr,0.0114147476610841,0.01430464296210536
22,27.08.2018,7,2018,True,har_gpr,0.0114113928721601,0.015018257683265566
22,28.08.2018,7,2018,True,har_gpr,0.0114662298103943,0.012923951240736812
22,29.08.2018,7,2018,True,har_gpr,0.0122500573122583,0.01284601912658007
22,30.08.2018,7,2018,True,har_gpr,0.0122962083461984,0.013227006957418366
22,31.08.2018,7,2018,True,har_gpr,0.0124667199415681,0.012730490585100118
22,04.09.2018,7,2018,True,har_gpr,0.0134941809739749,0.012665063108728496
22,05.09.2018,7,2018,True,har_gpr,0.0132113735724905,0.014848197721769877
22,06.09.2018,7,2018,True,har_gpr,0.0129412228424896,0.01519107482007357
22,07.09.2018,7,2018,True,har_gpr,0.0130737202048146,0.013648595371690192
22,10.09.2018,7,2018,True,har_gpr,0.0142924901890746,0.013345605010851302
22,11.09.2018,7,2018,True,har_gpr,0.0158032997779125,0.01325690000043115
22,12.09.2018,7,2018,True,har_gpr,0.0157097190289965,0.014417743312436105
22,13.09.2018,7,2018,True,har_gpr,0.0150648157228016,0.01377256368539748
22,14.09.2018,7,2018,True,har_gpr,0.0151103881899236,0.014091300758612764
22,17.09.2018,7,2018,True,har_gpr,0.0156266689276438,0.01346840760005099
22,18.09.2018,7,2018,True,har_gpr,0.0155715890854749,0.012323852615075914
22,19.09.2018,7,2018,True,har_gpr,0.0155954125439844,0.012671750412916967
22,20.09.2018,7,2018,True,har_gpr,0.0154632119551502,0.012359008752638189
22,21.09.2018,7,2018,True,har_gpr,0.0180869624128197,0.011468350179734695
22,24.09.2018,7,2018,True,har_gpr,0.0166739637290149,0.011179633959340816
22,25.09.2018,7,2018,True,har_gpr,0.0167136771867749,0.013262490427274882
22,26.09.2018,7,2018,True,har_gpr,0.0168929450248314,0.012511515270374552
22,27.09.2018,7,2018,True,har_gpr,0.0168265831301637,0.012606472416046581
22,28.09.2018,7,2018,True,har_gpr,0.0168305522507754,0.01220241387978921
22,01.10.2018,7,2018,True,har_gpr,0.0153547453473904,0.012526110483627733
22,02.10.2018,7,2018,True,har_gpr,0.0153896549146363,0.015534877876315554
22,03.10.2018,7,2018,True,har_gpr,0.0158455781185628,0.01474549540583911
22,04.10.2018,7,2018,True,har_gpr,0.0158061187453581,0.015014215777360285
22,05.10.2018,7,2018,True,har_gpr,0.0158860226597985,0.01608780504021242
22,08.10.2018,7,2018,True,har_gpr,0.0159184849570657,0.015702523707029886
22,09.10.2018,7,2018,True,har_gpr,0.0155045687347198,0.015348810763275138
22,10.10.2018,7,2018,True,har_gpr,0.0151726454142275,0.01536848464712609
22,11.10.2018,7,2018,True,har_gpr,0.0139748152009666,0.016442737464540898
22,12.10.2018,7,2018,True,har_gpr,0.0191597315535015,0.0180880625247947
22,15.10.2018,7,2018,True,har_gpr,0.0193832842212258,0.01698736217989064
22,16.10.2018,7,2018,True,har_gpr,0.0193735978237024,0.015481418609823855
22,17.10.2018,7,2018,True,har_gpr,0.0194344609222471,0.01543862434820184
22,18.10.2018,7,2018,True,har_gpr,0.0195194479397132,0.01602074136920679
22,19.10.2018,7,2018,True,har_gpr,0.022831569071266,0.01529669190511189
22,22.10.2018,7,2018,True,har_gpr,0.0233854290494302,0.01524784709047963
22,23.10.2018,7,2018,True,har_gpr,0.0264798975979157,0.01431985820471081
22,24.10.2018,7,2018,True,har_gpr,0.0277888022814572,0.018069085724085138
22,25.10.2018,7,2018,True,har_gpr,0.0274713858867077,0.0166699845997984
22,26.10.2018,7,2018,True,har_gpr,0.0272109714765545,0.017087374426328922
22,29.10.2018,7,2018,True,har_gpr,0.0276864326234472,0.01704790594616846
22,30.10.2018,7,2018,True,har_gpr,0.0276484516276439,0.016882960207608877
22,31.10.2018,7,2018,True,har_gpr,0.0305691639163961,0.016960258741377226
22,01.11.2018,7,2018,True,har_gpr,0.0306828218562074,0.015917980574693655
22,02.11.2018,7,2018,True,har_gpr,0.0305658804358772,0.015462152697634558
22,05.11.2018,7,2018,True,har_gpr,0.0313643916824218,0.017948502047856748
22,06.11.2018,7,2018,True,har_gpr,0.0316334870472231,0.015525971737287887
22,07.11.2018,7,2018,True,har_gpr,0.0317020472766309,0.01545403254283666
22,08.11.2018,7,2018,True,har_gpr,0.0316269582924096,0.014817772938689654
22,09.11.2018,7,2018,True,har_gpr,0.0322141769060554,0.014781145177079989
22,12.11.2018,7,2018,True,har_gpr,0.0323113365365025,0.01383615794841582
22,13.11.2018,7,2018,True,har_gpr,0.0292614116300879,0.013431607328416362
22,14.11.2018,7,2018,True,har_gpr,0.0312005340724428,0.022768663481667697
22,15.11.2018,7,2018,True,har_gpr,0.0314892488820438,0.02114478941361652
22,16.11.2018,7,2018,True,har_gpr,0.032824895888384,0.02141060532872896
22,19.11.2018,7,2018,True,har_gpr,0.0327518735177898,0.021167725851093534
22,20.11.2018,7,2018,True,har_gpr,0.0326196471473604,0.020476842912032514
22,21.11.2018,7,2018,True,har_gpr,0.0371333033956539,0.024314336865074372
22,23.11.2018,7,2018,True,har_gpr,0.0347657839049887,0.023003037656141926
22,26.11.2018,7,2018,True,har_gpr,0.0339861211607999,0.028371613440570646
22,27.11.2018,7,2018,True,har_gpr,0.0348855381290665,0.027327468966062772
22,28.11.2018,7,2018,True,har_gpr,0.0350149925214151,0.026456107882154266
22,29.11.2018,7,2018,True,har_gpr,0.0351689861961529,0.026793559629447336
22,30.11.2018,7,2018,True,har_gpr,0.0353975914254454,0.026701941725333057
22,03.12.2018,7,2018,True,har_gpr,0.0335774723768593,0.025394386976338737
22,04.12.2018,7,2018,True,har_gpr,0.034026628142545,0.02952273951738291
22,06.12.2018,7,2018,True,har_gpr,0.0347695698106965,0.028003524733421305
22,07.12.2018,7,2018,True,har_gpr,0.0343138540279964,0.029403357787497295
22,10.12.2018,7,2018,True,har_gpr,0.0340361312378059,0.029872733431452764
22,11.12.2018,7,2018,True,har_gpr,0.0344478425781551,0.02875124923010631
22,12.12.2018,7,2018,True,har_gpr,0.0349801424351134,0.0273268600997988
22,13.12.2018,7,2018,True,har_gpr,0.0347547540610975,0.027183684224208776
22,14.12.2018,7,2018,True,har_gpr,0.0344975180666625,0.025975888956378035
22,17.12.2018,7,2018,True,har_gpr,0.0347527886689912,0.025798039180758767
22,18.12.2018,7,2018,True,har_gpr,0.0324745403902505,0.026077703458791106
22,19.12.2018,7,2018,True,har_gpr,0.0324005805899076,0.029921102978348442
22,20.12.2018,7,2018,True,har_gpr,0.0300306090833726,0.02897763619217293
22,21.12.2018,7,2018,True,har_gpr,0.0298468241782774,0.02935722575957147
22,24.12.2018,7,2018,True,har_gpr,0.0266046086491146,0.027649485590890255
22,26.12.2018,7,2018,True,har_gpr,0.0221210298890402,0.029536047152727927
22,27.12.2018,7,2018,True,har_gpr,0.0192660954928765,0.0342564464245265
22,28.12.2018,7,2018,True,har_gpr,0.0192248652335239,0.03377054041514323
22,31.12.2018,7,2018,True,har_gpr,0.018619166617591,0.03196480950745952
22,02.01.2018,7,2018,True,har_x,0.008590408457095,0.009860438323664133
22,03.01.2018,7,2018,True,har_x,0.0082549776573681,0.0112682438033248
22,04.01.2018,7,2018,True,har_x,0.0085445496511134,0.011511321862252977
22,05.01.2018,7,2018,True,har_x,0.0094471607173841,0.011021278644109017
22,08.01.2018,7,2018,True,har_x,0.0096077169285818,0.011115494331349403
22,09.01.2018,7,2018,True,har_x,0.0107310480493186,0.010568408490821777
22,10.01.2018,7,2018,True,har_x,0.0105157133062292,0.011319374859560829
22,11.01.2018,7,2018,True,har_x,0.010548524107635,0.011619666212515246
22,12.01.2018,7,2018,True,har_x,0.0120841037521532,0.011558897698319612
22,16.01.2018,7,2018,True,har_x,0.0120096826681441,0.011664919626602006
22,17.01.2018,7,2018,True,har_x,0.0121681010345927,0.012626155966598942
22,18.01.2018,7,2018,True,har_x,0.0123261061602863,0.011551929548133132
22,19.01.2018,7,2018,True,har_x,0.0122608752373373,0.011340100023295722
22,22.01.2018,7,2018,True,har_x,0.0126683214434018,0.009442126130862476
22,23.01.2018,7,2018,True,har_x,0.0126902018335815,0.010768407350101846
22,24.01.2018,7,2018,True,har_x,0.0125434510729992,0.011006359500739672
22,25.01.2018,7,2018,True,har_x,0.0127587173972345,0.011930726156649417
22,26.01.2018,7,2018,True,har_x,0.0129106107495484,0.010879564736997771
22,29.01.2018,7,2018,True,har_x,0.0126343638744652,0.01090355771597584
22,30.01.2018,7,2018,True,har_x,0.0131930128758862,0.011247910468307764
22,31.01.2018,7,2018,True,har_x,0.0139332741075668,0.011316223890102322
22,01.02.2018,7,2018,True,har_x,0.0139840799669022,0.010886968494888554
22,02.02.2018,7,2018,True,har_x,0.0145955969654398,0.010878442197412004
22,05.02.2018,7,2018,True,har_x,0.0145084449416197,0.01191585595125397
22,06.02.2018,7,2018,True,har_x,0.0158736021755159,0.013111719472201163
22,07.02.2018,7,2018,True,har_x,0.0153684937324743,0.01349720951621761
22,08.02.2018,7,2018,True,har_x,0.0152292286051959,0.013683970904307358
22,09.02.2018,7,2018,True,har_x,0.013511770699127,0.015322274507746142
22,12.02.2018,7,2018,True,har_x,0.0134767647844511,0.015673547420238583
22,13.02.2018,7,2018,True,har_x,0.01384165417454,0.014763882689887308
22,14.02.2018,7,2018,True,har_x,0.0128466543998478,0.015300513054025648
22,15.02.2018,7,2018,True,har_x,0.013482799742021,0.013752959720254825
22,16.02.2018,7,2018,True,har_x,0.0146972039279528,0.01342954788646195
22,20.02.2018,7,2018,True,har_x,0.0148689344776943,0.013305481705666122
22,21.02.2018,7,2018,True,har_x,0.0154464975558796,0.014077788676042808
22,22.02.2018,7,2018,True,har_x,0.0153211543776161,0.013639678550170497
22,23.02.2018,7,2018,True,har_x,0.0151192405733703,0.012642063754787772
22,26.02.2018,7,2018,True,har_x,0.015270699991833,0.012275590429812624
22,27.02.2018,7,2018,True,har_x,0.0150430717328737,0.011782361671980365
22,28.02.2018,7,2018,True,har_x,0.0170931098328578,0.012341658170562118
22,01.03.2018,7,2018,True,har_x,0.0171282283600693,0.013299059626043865
22,02.03.2018,7,2018,True,har_x,0.0164161105289427,0.013273876664494005
22,05.03.2018,7,2018,True,har_x,0.0160575585621426,0.012981221554569882
22,06.03.2018,7,2018,True,har_x,0.0165987432796503,0.01306740284766578
22,07.03.2018,7,2018,True,har_x,0.0163747591466025,0.01247469185322049
22,08.03.2018,7,2018,True,har_x,0.0173316244901709,0.01346568857280352
22,09.03.2018,7,2018,True,har_x,0.0166222026927381,0.01287827273695542
22,12.03.2018,7,2018,True,har_x,0.0164232101471232,0.013022364585773168
22,13.03.2018,7,2018,True,har_x,0.016295530083978,0.010993995456140819
22,14.03.2018,7,2018,True,har_x,0.0169218494914822,0.01187924417910086
22,15.03.2018,7,2018,True,har_x,0.0169271212447674,0.011752373720024042
22,16.03.2018,7,2018,True,har_x,0.0173769459938153,0.011685598926118384
22,19.03.2018,7,2018,True,har_x,0.0173046240341449,0.011576925695419073
22,20.03.2018,7,2018,True,har_x,0.0169551774272031,0.012411678480258492
22,21.03.2018,7,2018,True,har_x,0.0160013418652628,0.012569050602102099
22,22.03.2018,7,2018,True,har_x,0.0161303538044559,0.013002857099780664
22,23.03.2018,7,2018,True,har_x,0.015565418445006,0.013063551289020512
22,26.03.2018,7,2018,True,har_x,0.0155681119241827,0.013855829211978005
22,27.03.2018,7,2018,True,har_x,0.0155813290675928,0.013751309856372714
22,28.03.2018,7,2018,True,har_x,0.0154011078659267,0.013504177737831267
22,29.03.2018,7,2018,True,har_x,0.0153358722849477,0.01322645012666302
22,02.04.2018,7,2018,True,har_x,0.01377530867074,0.01226772713553271
22,03.04.2018,7,2018,True,har_x,0.0137545894763593,0.013905298992564742
22,04.04.2018,7,2018,True,har_x,0.0139894988723261,0.0131970227201456
22,05.04.2018,7,2018,True,har_x,0.0142556538630682,0.012703688316169888
22,06.04.2018,7,2018,True,har_x,0.0142150861996396,0.011609586621013504
22,09.04.2018,7,2018,True,har_x,0.0148103503530352,0.012132155348194862
22,10.04.2018,7,2018,True,har_x,0.013332401058691,0.012717795665513463
22,11.04.2018,7,2018,True,har_x,0.0132413627740427,0.01420753439018112
22,12.04.2018,7,2018,True,har_x,0.0134240564106155,0.014882512421007526
22,13.04.2018,7,2018,True,har_x,0.0133962534232998,0.014320654471935987
22,16.04.2018,7,2018,True,har_x,0.0127295987744888,0.01439513134786497
22,17.04.2018,7,2018,True,har_x,0.0127552395794094,0.014229955875305931
22,18.04.2018,7,2018,True,har_x,0.0121657299580506,0.013653736141707618
22,19.04.2018,7,2018,True,har_x,0.0122314667783682,0.014748049251253992
22,20.04.2018,7,2018,True,har_x,0.0122335205621583,0.014501552039743099
22,23.04.2018,7,2018,True,har_x,0.0121722396246449,0.01427056226977521
22,24.04.2018,7,2018,True,har_x,0.0122482761935983,0.014780926456868933
22,25.04.2018,7,2018,True,har_x,0.0141516492276115,0.014848015417171465
22,26.04.2018,7,2018,True,har_x,0.0143798539395801,0.014266778348109695
22,27.04.2018,7,2018,True,har_x,0.0154945087138923,0.01351990477967138
22,30.04.2018,7,2018,True,har_x,0.0154482040640395,0.012655106934171512
22,01.05.2018,7,2018,True,har_x,0.0154482040640395,0.014313973039198458
22,02.05.2018,7,2018,True,har_x,0.0159433368546365,0.014190013106463412
22,03.05.2018,7,2018,True,har_x,0.0159346618147229,0.013793933192975817
22,04.05.2018,7,2018,True,har_x,0.0155413727552181,0.013236923388964653
22,07.05.2018,7,2018,True,har_x,0.0160755224955532,0.01297331805267347
22,08.05.2018,7,2018,True,har_x,0.0157902749837493,0.014578350609236006
22,09.05.2018,7,2018,True,har_x,0.0142904959640223,0.013230936177262629
22,10.05.2018,7,2018,True,har_x,0.0143428221356713,0.013357520412272584
22,11.05.2018,7,2018,True,har_x,0.0145487591675857,0.01304131895931511
22,14.05.2018,7,2018,True,har_x,0.0143287612312894,0.01250572467826475
22,15.05.2018,7,2018,True,har_x,0.0158404493119577,0.012284379389043852
22,16.05.2018,7,2018,True,har_x,0.0167386836492094,0.012686891047999905
22,17.05.2018,7,2018,True,har_x,0.0167302501431838,0.01233949711685237
22,18.05.2018,7,2018,True,har_x,0.0166535173227922,0.011854556296223435
22,21.05.2018,7,2018,True,har_x,0.0170117618527532,0.011985777262077607
22,22.05.2018,7,2018,True,har_x,0.0187299258006372,0.012427133144232624
22,23.05.2018,7,2018,True,har_x,0.0187769923827191,0.012441209591361531
22,24.05.2018,7,2018,True,har_x,0.0193082117580938,0.012543778993252444
22,25.05.2018,7,2018,True,har_x,0.0185647139375583,0.012177017495055674
22,29.05.2018,7,2018,True,har_x,0.0182820063342302,0.013698875031253291
22,30.05.2018,7,2018,True,har_x,0.0178416009340725,0.014140864606231549
22,31.05.2018,7,2018,True,har_x,0.0188430969711094,0.013425694564197328
22,01.06.2018,7,2018,True,har_x,0.018888054601108,0.012995499888952966
22,04.06.2018,7,2018,True,har_x,0.0176945225666223,0.013631941366814997
22,05.06.2018,7,2018,True,har_x,0.0177250509013766,0.014442411271808103
22,06.06.2018,7,2018,True,har_x,0.0178851004233954,0.01407246333763236
22,07.06.2018,7,2018,True,har_x,0.0171805276398247,0.0140937836150365
22,08.06.2018,7,2018,True,har_x,0.0230562642876927,0.013529334416480503
22,11.06.2018,7,2018,True,har_x,0.0233082183192157,0.013104274037501935
22,12.06.2018,7,2018,True,har_x,0.0234202652591954,0.012836569848409083
22,13.06.2018,7,2018,True,har_x,0.0253043085302602,0.012713582143217272
22,14.06.2018,7,2018,True,har_x,0.0252942669563738,0.0130460867650671
22,15.06.2018,7,2018,True,har_x,0.024431976336002,0.0129084586056177
22,18.06.2018,7,2018,True,har_x,0.0237461302940447,0.013579723402447083
22,19.06.2018,7,2018,True,har_x,0.0238093787616919,0.013946627973950021
22,20.06.2018,7,2018,True,har_x,0.0237987725662249,0.014009892372150497
22,21.06.2018,7,2018,True,har_x,0.0233197631338249,0.014075395719702441
22,22.06.2018,7,2018,True,har_x,0.0221594141180401,0.014047145435451196
22,25.06.2018,7,2018,True,har_x,0.0221266075076886,0.012754551581856665
22,26.06.2018,7,2018,True,har_x,0.0216271941152873,0.012769479981432947
22,27.06.2018,7,2018,True,har_x,0.0213737862855988,0.012556933977330532
22,28.06.2018,7,2018,True,har_x,0.0214153287920336,0.013755782983250977
22,29.06.2018,7,2018,True,har_x,0.0208355973452085,0.013543980405530657
22,02.07.2018,7,2018,True,har_x,0.0202096660210303,0.013669969744194991
22,03.07.2018,7,2018,True,har_x,0.0201257261342132,0.014426591666859601
22,05.07.2018,7,2018,True,har_x,0.0202331074411824,0.014218643642913985
22,06.07.2018,7,2018,True,har_x,0.0204574546104301,0.014352653851512236
22,09.07.2018,7,2018,True,har_x,0.0212180843962409,0.013940541303568234
22,10.07.2018,7,2018,True,har_x,0.021002125736861,0.014421286447778875
22,11.07.2018,7,2018,True,har_x,0.0147755577177538,0.013793057775703603
22,12.07.2018,7,2018,True,har_x,0.014417206825054,0.014915483456788146
22,13.07.2018,7,2018,True,har_x,0.0141270616380332,0.01388814741583417
22,16.07.2018,7,2018,True,har_x,0.0110465470938053,0.01367880564963269
22,17.07.2018,7,2018,True,har_x,0.0112065858945675,0.014052411679213398
22,18.07.2018,7,2018,True,har_x,0.0110392994111659,0.013045348445888002
22,19.07.2018,7,2018,True,har_x,0.0110764131080766,0.012895455284144049
22,20.07.2018,7,2018,True,har_x,0.0110503537055152,0.012625390780547023
22,23.07.2018,7,2018,True,har_x,0.0127099036520393,0.012145873755587306
22,24.07.2018,7,2018,True,har_x,0.0126805789717273,0.012785390262120305
22,25.07.2018,7,2018,True,har_x,0.0129596768811537,0.012522080015048292
22,26.07.2018,7,2018,True,har_x,0.0128960465752171,0.012356854005141764
22,27.07.2018,7,2018,True,har_x,0.0128969867820014,0.012117913931311366
22,30.07.2018,7,2018,True,har_x,0.0131599070509503,0.012095998283042558
22,31.07.2018,7,2018,True,har_x,0.013000675771987,0.012741633964276754
22,01.08.2018,7,2018,True,har_x,0.0130708370822177,0.013099428846955145
22,02.08.2018,7,2018,True,har_x,0.0128480278551123,0.012974312952387886
22,03.08.2018,7,2018,True,har_x,0.0131543868118281,0.012627560477819447
22,06.08.2018,7,2018,True,har_x,0.0133658829030475,0.012484260931198723
22,07.08.2018,7,2018,True,har_x,0.0131769020303213,0.012509222950686849
22,08.08.2018,7,2018,True,har_x,0.0108705666042425,0.012399687025838668
22,09.08.2018,7,2018,True,har_x,0.0114662813235978,0.013091442495693797
22,10.08.2018,7,2018,True,har_x,0.0114304336462968,0.012200749629813514
22,13.08.2018,7,2018,True,har_x,0.012447913107819,0.012275651309208229
22,14.08.2018,7,2018,True,har_x,0.0124304123041159,0.012023462850795615
22,15.08.2018,7,2018,True,har_x,0.0109085358568002,0.012593452427894314
22,16.08.2018,7,2018,True,har_x,0.0109938443426052,0.01353745497554118
22,17.08.2018,7,2018,True,har_x,0.0109916584139166,0.012805637399742354
22,20.08.2018,7,2018,True,har_x,0.0113543942536874,0.01240547322062219
22,21.08.2018,7,2018,True,har_x,0.0113596052374152,0.012370909403321586
22,22.08.2018,7,2018,True,har_x,0.0114492074373817,0.01225860551438575
22,23.08.2018,7,2018,True,har_x,0.011442867760746,0.012335120186888026
22,24.08.2018,7,2018,True,har_x,0.0114147476610841,0.011818406851224624
22,27.08.2018,7,2018,True,har_x,0.0114113928721601,0.011307185188416747
22,28.08.2018,7,2018,True,har_x,0.0114662298103943,0.010869284991943656
22,29.08.2018,7,2018,True,har_x,0.0122500573122583,0.011325198708123157
22,30.08.2018,7,2018,True,har_x,0.0122962083461984,0.011420903370103314
22,31.08.2018,7,2018,True,har_x,0.0124667199415681,0.011719460773306692
22,04.09.2018,7,2018,True,har_x,0.0134941809739749,0.011753874458085631
22,05.09.2018,7,2018,True,har_x,0.0132113735724905,0.01348737668678053
22,06.09.2018,7,2018,True,har_x,0.0129412228424896,0.01340973467015623
22,07.09.2018,7,2018,True,har_x,0.0130737202048146,0.013112404506410283
22,10.09.2018,7,2018,True,har_x,0.0142924901890746,0.013020165418741052
22,11.09.2018,7,2018,True,har_x,0.0158032997779125,0.013004740848254185
22,12.09.2018,7,2018,True,har_x,0.0157097190289965,0.013694268946029901
22,13.09.2018,7,2018,True,har_x,0.0150648157228016,0.013497174730631901
22,14.09.2018,7,2018,True,har_x,0.0151103881899236,0.013372860887309252
22,17.09.2018,7,2018,True,har_x,0.0156266689276438,0.0130135894893828
22,18.09.2018,7,2018,True,har_x,0.0155715890854749,0.01267820629008186
22,19.09.2018,7,2018,True,har_x,0.0155954125439844,0.013033761360292445
22,20.09.2018,7,2018,True,har_x,0.0154632119551502,0.012695987801367443
22,21.09.2018,7,2018,True,har_x,0.0180869624128197,0.012629191647861561
22,24.09.2018,7,2018,True,har_x,0.0166739637290149,0.0126110090649509
22,25.09.2018,7,2018,True,har_x,0.0167136771867749,0.013171740556527202
22,26.09.2018,7,2018,True,har_x,0.0168929450248314,0.012890247683938726
22,27.09.2018,7,2018,True,har_x,0.0168265831301637,0.012665292993250504
22,28.09.2018,7,2018,True,har_x,0.0168305522507754,0.012633684291038286
22,01.10.2018,7,2018,True,har_x,0.0153547453473904,0.012884014556207404
22,02.10.2018,7,2018,True,har_x,0.0153896549146363,0.014453815375505961
22,03.10.2018,7,2018,True,har_x,0.0158455781185628,0.014039571163183632
22,04.10.2018,7,2018,True,har_x,0.0158061187453581,0.014438010429504008
22,05.10.2018,7,2018,True,har_x,0.0158860226597985,0.014859260292993287
22,08.10.2018,7,2018,True,har_x,0.0159184849570657,0.01467897773884585
22,09.10.2018,7,2018,True,har_x,0.0155045687347198,0.014780775267062842
22,10.10.2018,7,2018,True,har_x,0.0151726454142275,0.014188227999308637
22,11.10.2018,7,2018,True,har_x,0.0139748152009666,0.014863142539036225
22,12.10.2018,7,2018,True,har_x,0.0191597315535015,0.015202575739593462
22,15.10.2018,7,2018,True,har_x,0.0193832842212258,0.01392692352395481
22,16.10.2018,7,2018,True,har_x,0.0193735978237024,0.013909387507003277
22,17.10.2018,7,2018,True,har_x,0.0194344609222471,0.01396360628619861
22,18.10.2018,7,2018,True,har_x,0.0195194479397132,0.013786952106084069
22,19.10.2018,7,2018,True,har_x,0.022831569071266,0.014117703057134168
22,22.10.2018,7,2018,True,har_x,0.0233854290494302,0.013391432554360616
22,23.10.2018,7,2018,True,har_x,0.0264798975979157,0.013635874825240084
22,24.10.2018,7,2018,True,har_x,0.0277888022814572,0.014877605154753828
22,25.10.2018,7,2018,True,har_x,0.0274713858867077,0.014767088549264442
22,26.10.2018,7,2018,True,har_x,0.0272109714765545,0.013984509611520394
22,29.10.2018,7,2018,True,har_x,0.0276864326234472,0.014337135635658202
22,30.10.2018,7,2018,True,har_x,0.0276484516276439,0.014851437304852921
22,31.10.2018,7,2018,True,har_x,0.0305691639163961,0.01546350966337842
22,01.11.2018,7,2018,True,har_x,0.0306828218562074,0.015468982888005403
22,02.11.2018,7,2018,True,har_x,0.0305658804358772,0.01632304452953616
22,05.11.2018,7,2018,True,har_x,0.0313643916824218,0.01698572147225561
22,06.11.2018,7,2018,True,har_x,0.0316334870472231,0.016432843673354538
22,07.11.2018,7,2018,True,har_x,0.0317020472766309,0.01742922585980448
22,08.11.2018,7,2018,True,har_x,0.0316269582924096,0.01661486321183696
22,09.11.2018,7,2018,True,har_x,0.0322141769060554,0.01628307675672091
22,12.11.2018,7,2018,True,har_x,0.0323113365365025,0.018052361823484266
22,13.11.2018,7,2018,True,har_x,0.0292614116300879,0.021133227075454286
22,14.11.2018,7,2018,True,har_x,0.0312005340724428,0.0318084082716616
22,15.11.2018,7,2018,True,har_x,0.0314892488820438,0.025908106159691958
22,16.11.2018,7,2018,True,har_x,0.032824895888384,0.02388203364394661
22,19.11.2018,7,2018,True,har_x,0.0327518735177898,0.021779250153296677
22,20.11.2018,7,2018,True,har_x,0.0326196471473604,0.023328394149933283
22,21.11.2018,7,2018,True,har_x,0.0371333033956539,0.03205826313681878
22,23.11.2018,7,2018,True,har_x,0.0347657839049887,0.028641642546950213
22,26.11.2018,7,2018,True,har_x,0.0339861211607999,0.03729421480892408
22,27.11.2018,7,2018,True,har_x,0.0348855381290665,0.032120916206674274
22,28.11.2018,7,2018,True,har_x,0.0350149925214151,0.02992186005650854
22,29.11.2018,7,2018,True,har_x,0.0351689861961529,0.029837445239815692
22,30.11.2018,7,2018,True,har_x,0.0353975914254454,0.029724758869262884
22,03.12.2018,7,2018,True,har_x,0.0335774723768593,0.03140418814397615
22,04.12.2018,7,2018,True,har_x,0.034026628142545,0.027875935756179044
22,06.12.2018,7,2018,True,har_x,0.0347695698106965,0.027629407229498835
22,07.12.2018,7,2018,True,har_x,0.0343138540279964,0.028009070321255897
22,10.12.2018,7,2018,True,har_x,0.0340361312378059,0.022812128409574226
22,11.12.2018,7,2018,True,har_x,0.0344478425781551,0.024261994467817384
22,12.12.2018,7,2018,True,har_x,0.0349801424351134,0.022025799682386105
22,13.12.2018,7,2018,True,har_x,0.0347547540610975,0.02104871559984897
22,14.12.2018,7,2018,True,har_x,0.0344975180666625,0.020868117699770695
22,17.12.2018,7,2018,True,har_x,0.0347527886689912,0.02281781699293962
22,18.12.2018,7,2018,True,har_x,0.0324745403902505,0.025715990356303266
22,19.12.2018,7,2018,True,har_x,0.0324005805899076,0.030061768696119703
22,20.12.2018,7,2018,True,har_x,0.0300306090833726,0.028100807361668464
22,21.12.2018,7,2018,True,har_x,0.0298468241782774,0.029680441980155684
22,24.12.2018,7,2018,True,har_x,0.0266046086491146,0.028580691707718577
22,26.12.2018,7,2018,True,har_x,0.0221210298890402,0.032252956354054466
22,27.12.2018,7,2018,True,har_x,0.0192660954928765,0.030348464382225368
22,28.12.2018,7,2018,True,har_x,0.0192248652335239,0.031958503412775216
22,31.12.2018,7,2018,True,har_x,0.018619166617591,0.029127342921992615
66,02.01.2018,7,2018,True,har,0.0136191364872658,0.016405971776885225
66,03.01.2018,7,2018,True,har,0.0140616352406624,0.016377199715915686
66,04.01.2018,7,2018,True,har,0.0141569363022125,0.016543455503738036
66,05.01.2018,7,2018,True,har,0.0141271641018891,0.015976588151762085
66,08.01.2018,7,2018,True,har,0.0141509327374727,0.015242072306183078
66,09.01.2018,7,2018,True,har,0.014193165910548,0.014959053157855496
66,10.01.2018,7,2018,True,har,0.0141813450757277,0.015253177991480208
66,11.01.2018,7,2018,True,har,0.0145295820172461,0.014488548484123155
66,12.01.2018,7,2018,True,har,0.0145019133219418,0.0135078555659216
66,16.01.2018,7,2018,True,har,0.0144384827329928,0.01301609256243163
66,17.01.2018,7,2018,True,har,0.0144670249515871,0.0135603097496966
66,18.01.2018,7,2018,True,har,0.0145474428434055,0.013170594402131478
66,19.01.2018,7,2018,True,har,0.0144812704235979,0.013133003993144439
66,22.01.2018,7,2018,True,har,0.0145092487873848,0.013781242231091357
66,23.01.2018,7,2018,True,har,0.0144321018393526,0.013522437806762221
66,24.01.2018,7,2018,True,har,0.0144247668334193,0.013938753877974604
66,25.01.2018,7,2018,True,har,0.0144218406263383,0.013839408667142877
66,26.01.2018,7,2018,True,har,0.0147555997081757,0.012792893628335186
66,29.01.2018,7,2018,True,har,0.0146275805791179,0.012345579044861834
66,30.01.2018,7,2018,True,har,0.0147292788883204,0.01358617227414901
66,31.01.2018,7,2018,True,har,0.0148595312131457,0.013297576573227832
66,01.02.2018,7,2018,True,har,0.0150415837943177,0.013007890746517354
66,02.02.2018,7,2018,True,har,0.0154430641031501,0.012491968864985319
66,05.02.2018,7,2018,True,har,0.0153156434358311,0.012747601195717134
66,06.02.2018,7,2018,True,har,0.0152472516317735,0.01319010909828613
66,07.02.2018,7,2018,True,har,0.0150542379030039,0.013334811089342731
66,08.02.2018,7,2018,True,har,0.0149604025337216,0.013774055764592973
66,09.02.2018,7,2018,True,har,0.0143520807728342,0.013313890928052265
66,12.02.2018,7,2018,True,har,0.0143335130149958,0.015194934051089654
66,13.02.2018,7,2018,True,har,0.0144300008027481,0.014277174619215318
66,14.02.2018,7,2018,True,har,0.0141744674950663,0.014442549266788687
66,15.02.2018,7,2018,True,har,0.0141680463125428,0.01661998772970785
66,16.02.2018,7,2018,True,har,0.0141560287453631,0.015890503931195784
66,20.02.2018,7,2018,True,har,0.0142841256080552,0.015639099003502667
66,21.02.2018,7,2018,True,har,0.0148551798517785,0.015520656046905335
66,22.02.2018,7,2018,True,har,0.0149053306975011,0.015135386142662839
66,23.02.2018,7,2018,True,har,0.0151694503684744,0.015421655071818334
66,26.02.2018,7,2018,True,har,0.0151696751172475,0.01565520980202862
66,27.02.2018,7,2018,True,har,0.0150548391444408,0.015407871677065987
66,28.02.2018,7,2018,True,har,0.0154660281099046,0.01596540135764222
66,01.03.2018,7,2018,True,har,0.0154615368570949,0.01621554689772227
66,02.03.2018,7,2018,True,har,0.015203002671245,0.015735828760066337
66,05.03.2018,7,2018,True,har,0.0153526907599293,0.016494538089877192
66,06.03.2018,7,2018,True,har,0.0154437580848097,0.017186035818453065
66,07.03.2018,7,2018,True,har,0.0151390552921402,0.016663553470324687
66,08.03.2018,7,2018,True,har,0.0150920863444618,0.01763609561285513
66,09.03.2018,7,2018,True,har,0.0147671032029669,0.01708927801489983
66,12.03.2018,7,2018,True,har,0.0147940404159879,0.018550257258977028
66,13.03.2018,7,2018,True,har,0.0154159002218668,0.01693756585733376
66,14.03.2018,7,2018,True,har,0.0156862392997729,0.01684321506421723
66,15.03.2018,7,2018,True,har,0.0157011111669667,0.016634378776301584
66,16.03.2018,7,2018,True,har,0.0156173297022907,0.015879160215251757
66,19.03.2018,7,2018,True,har,0.0159033472305285,0.016196813430802863
66,20.03.2018,7,2018,True,har,0.0162233470014588,0.015683322048612038
66,21.03.2018,7,2018,True,har,0.0159061601814111,0.016638714375809056
66,22.03.2018,7,2018,True,har,0.0160483352257855,0.017856845697599086
66,23.03.2018,7,2018,True,har,0.0159601582533104,0.0173899856165638
66,26.03.2018,7,2018,True,har,0.0159424809223094,0.018065689958072173
66,27.03.2018,7,2018,True,har,0.0161047176679229,0.017652630020767272
66,28.03.2018,7,2018,True,har,0.0164558678300618,0.01731267369362842
66,29.03.2018,7,2018,True,har,0.0164267368998367,0.017157863099460838
66,02.04.2018,7,2018,True,har,0.0156833147924307,0.0172405581238155
66,03.04.2018,7,2018,True,har,0.015685789139657,0.019373830196686648
66,04.04.2018,7,2018,True,har,0.0157328117009168,0.018391243712384917
66,05.04.2018,7,2018,True,har,0.0157607421896868,0.018234716309527887
66,06.04.2018,7,2018,True,har,0.0180423483632683,0.017820903137645575
66,09.04.2018,7,2018,True,har,0.0179178264336548,0.018345747149666213
66,10.04.2018,7,2018,True,har,0.0174896317688357,0.01794787238046562
66,11.04.2018,7,2018,True,har,0.0183896573962518,0.019339584985211142
66,12.04.2018,7,2018,True,har,0.0183978249959521,0.018730479022891475
66,13.04.2018,7,2018,True,har,0.0184161562961539,0.018409786424609532
66,16.04.2018,7,2018,True,har,0.0183140112383439,0.018183736101020316
66,17.04.2018,7,2018,True,har,0.0183298670888185,0.018973744925950796
66,18.04.2018,7,2018,True,har,0.0180420878691085,0.018108378513117064
66,19.04.2018,7,2018,True,har,0.0180465586207753,0.01919936432565033
66,20.04.2018,7,2018,True,har,0.0180594054376463,0.017991850796633
66,23.04.2018,7,2018,True,har,0.0180556273264548,0.017866246342875952
66,24.04.2018,7,2018,True,har,0.0180043979006309,0.0174029051509661
66,25.04.2018,7,2018,True,har,0.0180374269178473,0.017830288477802315
66,26.04.2018,7,2018,True,har,0.0180357352118557,0.017193167317428634
66,27.04.2018,7,2018,True,har,0.0180350729207044,0.017399292714041024
66,30.04.2018,7,2018,True,har,0.0180604692084229,0.017138138234388478
66,01.05.2018,7,2018,True,har,0.0180639842199002,0.015504978880938358
66,02.05.2018,7,2018,True,har,0.0178369049292253,0.015113884565033662
66,03.05.2018,7,2018,True,har,0.0178937877940712,0.017169362787825486
66,04.05.2018,7,2018,True,har,0.0182097944568968,0.01651568805601878
66,07.05.2018,7,2018,True,har,0.0180760388749378,0.01669917177026236
66,08.05.2018,7,2018,True,har,0.0180050725638837,0.01664205737131578
66,09.05.2018,7,2018,True,har,0.0175719079390978,0.01627955855004074
66,10.05.2018,7,2018,True,har,0.0175642108667835,0.01731948684681192
66,11.05.2018,7,2018,True,har,0.0177812354764487,0.01652809903571276
66,14.05.2018,7,2018,True,har,0.0177255760448367,0.016638948128789452
66,15.05.2018,7,2018,True,har,0.0177398383755745,0.016584054115459147
66,16.05.2018,7,2018,True,har,0.0176949136658667,0.015970309223407593
66,17.05.2018,7,2018,True,har,0.0177161177238527,0.015305114173122475
66,18.05.2018,7,2018,True,har,0.0180736968672505,0.015044311155128064
66,21.05.2018,7,2018,True,har,0.018032670363931,0.01563068032257888
66,22.05.2018,7,2018,True,har,0.0181205532714794,0.015526870070153447
66,23.05.2018,7,2018,True,har,0.0181295497515355,0.01515210957508794
66,24.05.2018,7,2018,True,har,0.0180705276849332,0.015031183929020824
66,25.05.2018,7,2018,True,har,0.0177890827033593,0.01569777473310937
66,29.05.2018,7,2018,True,har,0.0177290784672051,0.017674611864111095
66,30.05.2018,7,2018,True,har,0.0174108004593638,0.017256848346660754
66,31.05.2018,7,2018,True,har,0.017450859389039,0.01877220704179991
66,01.06.2018,7,2018,True,har,0.0175101264006008,0.01737506331769516
66,04.06.2018,7,2018,True,har,0.017151148559872,0.017330431516315456
66,05.06.2018,7,2018,True,har,0.0171580775608642,0.018865101428151627
66,06.06.2018,7,2018,True,har,0.0171777864770569,0.017735348852961214
66,07.06.2018,7,2018,True,har,0.0170927784322846,0.01701375710134203
66,08.06.2018,7,2018,True,har,0.0170608035570429,0.01781126588015053
66,11.06.2018,7,2018,True,har,0.0172444892156011,0.017540067518173524
66,12.06.2018,7,2018,True,har,0.0172169691222613,0.016796749618999962
66,13.06.2018,7,2018,True,har,0.0171638973286433,0.01687842400691126
66,14.06.2018,7,2018,True,har,0.0171755976859346,0.017157279664150694
66,15.06.2018,7,2018,True,har,0.0166447864780138,0.01671511172661909
66,18.06.2018,7,2018,True,har,0.0164071230728528,0.018649526326631808
66,19.06.2018,7,2018,True,har,0.0163991856469791,0.019447201402051546
66,20.06.2018,7,2018,True,har,0.0167752102758097,0.018714207090189124
66,21.06.2018,7,2018,True,har,0.0165218693301089,0.018622485360813713
66,22.06.2018,7,2018,True,har,0.0160610684493979,0.01948919082861902
66,25.06.2018,7,2018,True,har,0.0159958502168498,0.020827886136716885
66,26.06.2018,7,2018,True,har,0.0158668156653478,0.01949962837848216
66,27.06.2018,7,2018,True,har,0.0160648599643502,0.020118170479538032
66,28.06.2018,7,2018,True,har,0.0160693097007501,0.01965923756395264
66,29.06.2018,7,2018,True,har,0.0160222108611352,0.01887657845348061
66,02.07.2018,7,2018,True,har,0.0158464036352267,0.01944845667247918
66,03.07.2018,7,2018,True,har,0.0158549127161772,0.019926269039908795
66,05.07.2018,7,2018,True,har,0.0158460563418323,0.01924712524462785
66,06.07.2018,7,2018,True,har,0.0158987737588037,0.019157907154879167
66,09.07.2018,7,2018,True,har,0.0161142516111095,0.0186353476010176
66,10.07.2018,7,2018,True,har,0.0166558361132822,0.018743648273810372
66,11.07.2018,7,2018,True,har,0.0140145127446768,0.01829237308083009
66,12.07.2018,7,2018,True,har,0.0139280532573219,0.02515602680713347
66,13.07.2018,7,2018,True,har,0.0138903801355769,0.023713882862269994
66,16.07.2018,7,2018,True,har,0.0127029211956121,0.023753232562659862
66,17.07.2018,7,2018,True,har,0.0127718515132963,0.025556312528025593
66,18.07.2018,7,2018,True,har,0.0127387752554614,0.023897783612388413
66,19.07.2018,7,2018,True,har,0.0127187853381897,0.02331798355368595
66,20.07.2018,7,2018,True,har,0.0138448181986708,0.023062456404217217
66,23.07.2018,7,2018,True,har,0.0138542461776547,0.022826399377430754
66,24.07.2018,7,2018,True,har,0.0138853038209791,0.020810236122953157
66,25.07.2018,7,2018,True,har,0.0139080295090558,0.02092248782437396
66,26.07.2018,7,2018,True,har,0.0138863756564834,0.020639269489313238
66,27.07.2018,7,2018,True,har,0.0140792302572469,0.020416916763265895
66,30.07.2018,7,2018,True,har,0.014055800539979,0.02036611218666128
66,31.07.2018,7,2018,True,har,0.0140028766367048,0.02028368249080958
66,01.08.2018,7,2018,True,har,0.0146970148634784,0.020123347735656938
66,02.08.2018,7,2018,True,har,0.0146497123254027,0.019788908829394544
66,03.08.2018,7,2018,True,har,0.014749711894332,0.020146153985690692
66,06.08.2018,7,2018,True,har,0.0147194253505089,0.019934072178335684
66,07.08.2018,7,2018,True,har,0.0148292647043047,0.019921898150348623
66,08.08.2018,7,2018,True,har,0.0143207158830141,0.02019101187988641
66,09.08.2018,7,2018,True,har,0.0143175126928372,0.018137716773389892
66,10.08.2018,7,2018,True,har,0.0165336729435042,0.017076725205191556
66,13.08.2018,7,2018,True,har,0.0165932507887658,0.017312926237522196
66,14.08.2018,7,2018,True,har,0.0166295205041626,0.014551140953083713
66,15.08.2018,7,2018,True,har,0.0163949455781651,0.014391537464723238
66,16.08.2018,7,2018,True,har,0.0163452974897539,0.015340432858413269
66,17.08.2018,7,2018,True,har,0.0181682593497799,0.015160111739482611
66,20.08.2018,7,2018,True,har,0.0182692755941275,0.014977811499191309
66,21.08.2018,7,2018,True,har,0.0204193120734101,0.015043969012137427
66,22.08.2018,7,2018,True,har,0.0203952413412489,0.015087590512474915
66,23.08.2018,7,2018,True,har,0.0203933093124347,0.01647063731727471
66,24.08.2018,7,2018,True,har,0.0204337394237542,0.015687243873394617
66,27.08.2018,7,2018,True,har,0.0205058940587397,0.016267805556585753
66,28.08.2018,7,2018,True,har,0.0205411696531466,0.015954227137389983
66,29.08.2018,7,2018,True,har,0.0214416222458643,0.015904301826543933
66,30.08.2018,7,2018,True,har,0.021427662754549,0.01616773540552921
66,31.08.2018,7,2018,True,har,0.0217364962333228,0.015752411568237874
66,04.09.2018,7,2018,True,har,0.0219939877042237,0.015708874770141233
66,05.09.2018,7,2018,True,har,0.0221770462126487,0.015902893421261804
66,06.09.2018,7,2018,True,har,0.0221832096337474,0.016210248438676467
66,07.09.2018,7,2018,True,har,0.022163946785473,0.01489329624068103
66,10.09.2018,7,2018,True,har,0.0223408199820463,0.01463987149167939
66,11.09.2018,7,2018,True,har,0.0222000104889759,0.01471740764080083
66,12.09.2018,7,2018,True,har,0.0221595828302761,0.01570636490475311
66,13.09.2018,7,2018,True,har,0.0230435687900711,0.01516367506982742
66,14.09.2018,7,2018,True,har,0.0232017310611609,0.015443842632528034
66,17.09.2018,7,2018,True,har,0.0239075081392723,0.014951187375583052
66,18.09.2018,7,2018,True,har,0.0238070720769473,0.014954903911477104
66,19.09.2018,7,2018,True,har,0.0248299532823826,0.015206224640775003
66,20.09.2018,7,2018,True,har,0.0268534884042794,0.014950566750737186
66,21.09.2018,7,2018,True,har,0.0272370904608753,0.014153311459562706
66,24.09.2018,7,2018,True,har,0.026873726787048,0.013921304493267145
66,25.09.2018,7,2018,True,har,0.0271954941606688,0.015923197600728845
66,26.09.2018,7,2018,True,har,0.0273945617286167,0.015324344145291012
66,27.09.2018,7,2018,True,har,0.0275332694664084,0.015418670092747413
66,28.09.2018,7,2018,True,har,0.0276233741073848,0.015063261667483872
66,01.10.2018,7,2018,True,har,0.0273541856325773,0.015321078504232824
66,02.10.2018,7,2018,True,har,0.0275977897529563,0.016211661683502285
66,03.10.2018,7,2018,True,har,0.0281621551364563,0.015595941201874033
66,04.10.2018,7,2018,True,har,0.0281217117177013,0.015779742890359893
66,05.10.2018,7,2018,True,har,0.0281811741005661,0.016744794371150215
66,08.10.2018,7,2018,True,har,0.0282863695405103,0.01644866011462448
66,09.10.2018,7,2018,True,har,0.0284890430486514,0.016108090321312794
66,10.10.2018,7,2018,True,har,0.0284720630342155,0.016239487727540587
66,11.10.2018,7,2018,True,har,0.0282241884528499,0.017128902429075124
66,12.10.2018,7,2018,True,har,0.0284345262362906,0.018537628886010286
66,15.10.2018,7,2018,True,har,0.0284798020735335,0.01766992040666564
66,16.10.2018,7,2018,True,har,0.0284415806213165,0.017786852883528548
66,17.10.2018,7,2018,True,har,0.0284015355476309,0.01773416728505015
66,18.10.2018,7,2018,True,har,0.0284382639311588,0.01820411277306755
66,19.10.2018,7,2018,True,har,0.0285662039806337,0.017540800726050156
66,22.10.2018,7,2018,True,har,0.0287570657419748,0.017510411300757856
66,23.10.2018,7,2018,True,har,0.0283528756938711,0.0164878265156489
66,24.10.2018,7,2018,True,har,0.0283664688978768,0.019664912467040524
66,25.10.2018,7,2018,True,har,0.0283254738642315,0.018552536331580764
66,26.10.2018,7,2018,True,har,0.0283314886150514,0.018911147687387574
66,29.10.2018,7,2018,True,har,0.0283387980083839,0.018881734210930572
66,30.10.2018,7,2018,True,har,0.0283304853720596,0.01787591524725742
66,31.10.2018,7,2018,True,har,0.0283820080042474,0.01783143717877557
66,01.11.2018,7,2018,True,har,0.0284093613190702,0.01697117116500123
66,02.11.2018,7,2018,True,har,0.0281211145086946,0.016581306921814205
66,05.11.2018,7,2018,True,har,0.0281877245986224,0.018664498008282876
66,06.11.2018,7,2018,True,har,0.0282680799766074,0.01799374536176189
66,07.11.2018,7,2018,True,har,0.0283442044386745,0.017911280720758586
66,08.11.2018,7,2018,True,har,0.028448243141055,0.017399966437837196
66,09.11.2018,7,2018,True,har,0.0284433731001949,0.017329192131341993
66,12.11.2018,7,2018,True,har,0.0284714145030702,0.016500743015704512
66,13.11.2018,7,2018,True,har,0.0271755501444132,0.01615588860001642
66,14.11.2018,7,2018,True,har,0.0271496021898932,0.02209516744535495
66,15.11.2018,7,2018,True,har,0.0274918939428553,0.020842589737606575
66,16.11.2018,7,2018,True,har,0.0275051343140104,0.021087538301633735
66,19.11.2018,7,2018,True,har,0.0275970550738818,0.0208960517459786
66,20.11.2018,7,2018,True,har,0.0263541779089828,0.020853355676311733
66,21.11.2018,7,2018,True,har,0.0263608324653788,0.023981234093130348
66,23.11.2018,7,2018,True,har,0.0245612664574128,0.022969519331965026
66,26.11.2018,7,2018,True,har,0.0243377982462376,0.02749685361180941
66,27.11.2018,7,2018,True,har,0.0243272372047185,0.02708933937962367
66,28.11.2018,7,2018,True,har,0.0241157888589695,0.02638969791317359
66,29.11.2018,7,2018,True,har,0.0241099628508546,0.026584672096816267
66,30.11.2018,7,2018,True,har,0.02407435089393,0.026525654677519758
66,03.12.2018,7,2018,True,har,0.0233274968547633,0.02525293844957313
66,04.12.2018,7,2018,True,har,0.0233655556363667,0.028155227437814095
66,06.12.2018,7,2018,True,har,0.0229817023842906,0.026942455549200158
66,07.12.2018,7,2018,True,har,0.0227745200901817,0.028101765253562172
66,10.12.2018,7,2018,True,har,0.0224844077299826,0.028525259006176633
66,11.12.2018,7,2018,True,har,0.0224831623024769,0.02885332276532012
66,12.12.2018,7,2018,True,har,0.0225236627459492,0.027605308913965197
66,13.12.2018,7,2018,True,har,0.0224339268256262,0.027484404645235348
66,14.12.2018,7,2018,True,har,0.0223516147959692,0.026395476096662516
66,17.12.2018,7,2018,True,har,0.0222946824232396,0.026232082573997874
66,18.12.2018,7,2018,True,har,0.021036938920232,0.025701596013065077
66,19.12.2018,7,2018,True,har,0.0209677621502291,0.028990038272927746
66,20.12.2018,7,2018,True,har,0.0198404363510962,0.028288688065718076
66,21.12.2018,7,2018,True,har,0.0197810721108267,0.028536684674740444
66,24.12.2018,7,2018,True,har,0.0178763909707675,0.027170198434747238
66,26.12.2018,7,2018,True,har,0.015481415511417,0.028211691662440724
66,27.12.2018,7,2018,True,har,0.0143383333129637,0.03237245555795397
66,28.12.2018,7,2018,True,har,0.0143364644990323,0.03202263104366229
66,31.12.2018,7,2018,True,har,0.0140161653179602,0.03054479081853942
66,02.01.2018,7,2018,True,har_ovx,0.0136191364872658,0.011881534035094465
66,03.01.2018,7,2018,True,har_ovx,0.0140616352406624,0.012598014932867841
66,04.01.2018,7,2018,True,har_ovx,0.0141569363022125,0.012741638164001288
66,05.01.2018,7,2018,True,har_ovx,0.0141271641018891,0.012327990121350073
66,08.01.2018,7,2018,True,har_ovx,0.0141509327374727,0.012407731426595788
66,09.01.2018,7,2018,True,har_ovx,0.014193165910548,0.012171661230624391
66,10.01.2018,7,2018,True,har_ovx,0.0141813450757277,0.012792579228857211
66,11.01.2018,7,2018,True,har_ovx,0.0145295820172461,0.013023236130971843
66,12.01.2018,7,2018,True,har_ovx,0.0145019133219418,0.012968570122632
66,16.01.2018,7,2018,True,har_ovx,0.0144384827329928,0.013016089819970768
66,17.01.2018,7,2018,True,har_ovx,0.0144670249515871,0.014501377512006657
66,18.01.2018,7,2018,True,har_ovx,0.0145474428434055,0.013585973909313426
66,19.01.2018,7,2018,True,har_ovx,0.0144812704235979,0.01340900844268912
66,22.01.2018,7,2018,True,har_ovx,0.0145092487873848,0.011830094654730665
66,23.01.2018,7,2018,True,har_ovx,0.0144321018393526,0.012233481146407916
66,24.01.2018,7,2018,True,har_ovx,0.0144247668334193,0.012437922252901265
66,25.01.2018,7,2018,True,har_ovx,0.0144218406263383,0.01322174090530153
66,26.01.2018,7,2018,True,har_ovx,0.0147555997081757,0.012340525946679438
66,29.01.2018,7,2018,True,har_ovx,0.0146275805791179,0.012320959844065943
66,30.01.2018,7,2018,True,har_ovx,0.0147292788883204,0.01262345696951294
66,31.01.2018,7,2018,True,har_ovx,0.0148595312131457,0.012668766708865995
66,01.02.2018,7,2018,True,har_ovx,0.0150415837943177,0.012295834712591198
66,02.02.2018,7,2018,True,har_ovx,0.0154430641031501,0.012284756307614626
66,05.02.2018,7,2018,True,har_ovx,0.0153156434358311,0.013138901686275357
66,06.02.2018,7,2018,True,har_ovx,0.0152472516317735,0.014280305312693784
66,07.02.2018,7,2018,True,har_ovx,0.0150542379030039,0.014614666640261263
66,08.02.2018,7,2018,True,har_ovx,0.0149604025337216,0.014773544805287447
66,09.02.2018,7,2018,True,har_ovx,0.0143520807728342,0.016123429161626512
66,12.02.2018,7,2018,True,har_ovx,0.0143335130149958,0.016447212866870793
66,13.02.2018,7,2018,True,har_ovx,0.0144300008027481,0.016021977736090983
66,14.02.2018,7,2018,True,har_ovx,0.0141744674950663,0.01650102854435617
66,15.02.2018,7,2018,True,har_ovx,0.0141680463125428,0.01527217788096768
66,16.02.2018,7,2018,True,har_ovx,0.0141560287453631,0.015028075387924115
66,20.02.2018,7,2018,True,har_ovx,0.0142841256080552,0.014819210306205
66,21.02.2018,7,2018,True,har_ovx,0.0148551798517785,0.015130475933361314
66,22.02.2018,7,2018,True,har_ovx,0.0149053306975011,0.014764270264373748
66,23.02.2018,7,2018,True,har_ovx,0.0151694503684744,0.013869153585755863
66,26.02.2018,7,2018,True,har_ovx,0.0151696751172475,0.013560596822094394
66,27.02.2018,7,2018,True,har_ovx,0.0150548391444408,0.013480892436915257
66,28.02.2018,7,2018,True,har_ovx,0.0154660281099046,0.013994234430457338
66,01.03.2018,7,2018,True,har_ovx,0.0154615368570949,0.014822739779590784
66,02.03.2018,7,2018,True,har_ovx,0.015203002671245,0.01479033695834554
66,05.03.2018,7,2018,True,har_ovx,0.0153526907599293,0.014507397079500125
66,06.03.2018,7,2018,True,har_ovx,0.0154437580848097,0.014548918311449294
66,07.03.2018,7,2018,True,har_ovx,0.0151390552921402,0.014067802995564664
66,08.03.2018,7,2018,True,har_ovx,0.0150920863444618,0.014901097893377027
66,09.03.2018,7,2018,True,har_ovx,0.0147671032029669,0.014421164156239627
66,12.03.2018,7,2018,True,har_ovx,0.0147940404159879,0.014570999938421626
66,13.03.2018,7,2018,True,har_ovx,0.0154159002218668,0.013278172182507273
66,14.03.2018,7,2018,True,har_ovx,0.0156862392997729,0.014020154152705838
66,15.03.2018,7,2018,True,har_ovx,0.0157011111669667,0.013881918922078003
66,16.03.2018,7,2018,True,har_ovx,0.0156173297022907,0.013799514996732563
66,19.03.2018,7,2018,True,har_ovx,0.0159033472305285,0.013641190958011452
66,20.03.2018,7,2018,True,har_ovx,0.0162233470014588,0.013942509147641773
66,21.03.2018,7,2018,True,har_ovx,0.0159061601814111,0.014072194251564854
66,22.03.2018,7,2018,True,har_ovx,0.0160483352257855,0.014469982506149694
66,23.03.2018,7,2018,True,har_ovx,0.0159601582533104,0.014578959611579078
66,26.03.2018,7,2018,True,har_ovx,0.0159424809223094,0.015234565734056672
66,27.03.2018,7,2018,True,har_ovx,0.0161047176679229,0.015197475159067043
66,28.03.2018,7,2018,True,har_ovx,0.0164558678300618,0.01499270810514237
66,29.03.2018,7,2018,True,har_ovx,0.0164267368998367,0.01470112098529076
66,02.04.2018,7,2018,True,har_ovx,0.0156833147924307,0.013893989286416867
66,03.04.2018,7,2018,True,har_ovx,0.015685789139657,0.015335281985424097
66,04.04.2018,7,2018,True,har_ovx,0.0157328117009168,0.014792003591117944
66,05.04.2018,7,2018,True,har_ovx,0.0157607421896868,0.014385365912834652
66,06.04.2018,7,2018,True,har_ovx,0.0180423483632683,0.013465368558784944
66,09.04.2018,7,2018,True,har_ovx,0.0179178264336548,0.013878081717393496
66,10.04.2018,7,2018,True,har_ovx,0.0174896317688357,0.014259160305251907
66,11.04.2018,7,2018,True,har_ovx,0.0183896573962518,0.01556320253704432
66,12.04.2018,7,2018,True,har_ovx,0.0183978249959521,0.01614384081066631
66,13.04.2018,7,2018,True,har_ovx,0.0184161562961539,0.015697178720729135
66,16.04.2018,7,2018,True,har_ovx,0.0183140112383439,0.01567456476930291
66,17.04.2018,7,2018,True,har_ovx,0.0183298670888185,0.015871228936478007
66,18.04.2018,7,2018,True,har_ovx,0.0180420878691085,0.015326485469557583
66,19.04.2018,7,2018,True,har_ovx,0.0180465586207753,0.016257978426355648
66,20.04.2018,7,2018,True,har_ovx,0.0180594054376463,0.016069039168036283
66,23.04.2018,7,2018,True,har_ovx,0.0180556273264548,0.0158738691228127
66,24.04.2018,7,2018,True,har_ovx,0.0180043979006309,0.015916191851445112
66,25.04.2018,7,2018,True,har_ovx,0.0180374269178473,0.01600996619017645
66,26.04.2018,7,2018,True,har_ovx,0.0180357352118557,0.01547086371815387
66,27.04.2018,7,2018,True,har_ovx,0.0180350729207044,0.014845757172905467
66,30.04.2018,7,2018,True,har_ovx,0.0180604692084229,0.014134072198683286
66,01.05.2018,7,2018,True,har_ovx,0.0180639842199002,0.015509802806594385
66,02.05.2018,7,2018,True,har_ovx,0.0178369049292253,0.015376308826900938
66,03.05.2018,7,2018,True,har_ovx,0.0178937877940712,0.015121832824825026
66,04.05.2018,7,2018,True,har_ovx,0.0182097944568968,0.014668749791156385
66,07.05.2018,7,2018,True,har_ovx,0.0180760388749378,0.014459924938441853
66,08.05.2018,7,2018,True,har_ovx,0.0180050725638837,0.01583465958280033
66,09.05.2018,7,2018,True,har_ovx,0.0175719079390978,0.014726755470125906
66,10.05.2018,7,2018,True,har_ovx,0.0175642108667835,0.014814435105635635
66,11.05.2018,7,2018,True,har_ovx,0.0177812354764487,0.014583303301042603
66,14.05.2018,7,2018,True,har_ovx,0.0177255760448367,0.01414064496558445
66,15.05.2018,7,2018,True,har_ovx,0.0177398383755745,0.014295459945692342
66,16.05.2018,7,2018,True,har_ovx,0.0176949136658667,0.014595742207559066
66,17.05.2018,7,2018,True,har_ovx,0.0177161177238527,0.014218030628170479
66,18.05.2018,7,2018,True,har_ovx,0.0180736968672505,0.01382897721596852
66,21.05.2018,7,2018,True,har_ovx,0.018032670363931,0.013949371284624323
66,22.05.2018,7,2018,True,har_ovx,0.0181205532714794,0.014238732165024737
66,23.05.2018,7,2018,True,har_ovx,0.0181295497515355,0.014253368725266188
66,24.05.2018,7,2018,True,har_ovx,0.0180705276849332,0.014327575240505628
66,25.05.2018,7,2018,True,har_ovx,0.0177890827033593,0.014038933434169915
66,29.05.2018,7,2018,True,har_ovx,0.0177290784672051,0.015376751842326244
66,30.05.2018,7,2018,True,har_ovx,0.0174108004593638,0.015945622292811386
66,31.05.2018,7,2018,True,har_ovx,0.017450859389039,0.015422855544810729
66,01.06.2018,7,2018,True,har_ovx,0.0175101264006008,0.015085163759658347
66,04.06.2018,7,2018,True,har_ovx,0.017151148559872,0.015615493254297362
66,05.06.2018,7,2018,True,har_ovx,0.0171580775608642,0.016262744201942105
66,06.06.2018,7,2018,True,har_ovx,0.0171777864770569,0.01597533536445341
66,07.06.2018,7,2018,True,har_ovx,0.0170927784322846,0.01591688994664115
66,08.06.2018,7,2018,True,har_ovx,0.0170608035570429,0.015477329322649568
66,11.06.2018,7,2018,True,har_ovx,0.0172444892156011,0.015146427328550913
66,12.06.2018,7,2018,True,har_ovx,0.0172169691222613,0.014735205557142066
66,13.06.2018,7,2018,True,har_ovx,0.0171638973286433,0.014630232897795102
66,14.06.2018,7,2018,True,har_ovx,0.0171755976859346,0.014912121710869053
66,15.06.2018,7,2018,True,har_ovx,0.0166447864780138,0.014735502396390814
66,18.06.2018,7,2018,True,har_ovx,0.0164071230728528,0.015357709703958548
66,19.06.2018,7,2018,True,har_ovx,0.0163991856469791,0.015259967072300115
66,20.06.2018,7,2018,True,har_ovx,0.0167752102758097,0.015336562616040652
66,21.06.2018,7,2018,True,har_ovx,0.0165218693301089,0.015375372889112615
66,22.06.2018,7,2018,True,har_ovx,0.0160610684493979,0.015348885468048367
66,25.06.2018,7,2018,True,har_ovx,0.0159958502168498,0.014276703928733038
66,26.06.2018,7,2018,True,har_ovx,0.0158668156653478,0.014425198814158163
66,27.06.2018,7,2018,True,har_ovx,0.0160648599643502,0.014261831205868826
66,28.06.2018,7,2018,True,har_ovx,0.0160693097007501,0.015266459714436364
66,29.06.2018,7,2018,True,har_ovx,0.0160222108611352,0.01503630835687027
66,02.07.2018,7,2018,True,har_ovx,0.0158464036352267,0.015087585715201949
66,03.07.2018,7,2018,True,har_ovx,0.0158549127161772,0.015850310481144266
66,05.07.2018,7,2018,True,har_ovx,0.0158460563418323,0.01568521285509447
66,06.07.2018,7,2018,True,har_ovx,0.0158987737588037,0.01578404166710749
66,09.07.2018,7,2018,True,har_ovx,0.0161142516111095,0.01543376686194243
66,10.07.2018,7,2018,True,har_ovx,0.0166558361132822,0.015498244455016642
66,11.07.2018,7,2018,True,har_ovx,0.0140145127446768,0.014897008556634655
66,12.07.2018,7,2018,True,har_ovx,0.0139280532573219,0.016098485826026
66,13.07.2018,7,2018,True,har_ovx,0.0138903801355769,0.015330419143973466
66,16.07.2018,7,2018,True,har_ovx,0.0127029211956121,0.015170581709417222
66,17.07.2018,7,2018,True,har_ovx,0.0127718515132963,0.01616191569711597
66,18.07.2018,7,2018,True,har_ovx,0.0127387752554614,0.015357031859939927
66,19.07.2018,7,2018,True,har_ovx,0.0127187853381897,0.015079695673945927
66,20.07.2018,7,2018,True,har_ovx,0.0138448181986708,0.014844423874710863
66,23.07.2018,7,2018,True,har_ovx,0.0138542461776547,0.014429011000725299
66,24.07.2018,7,2018,True,har_ovx,0.0138853038209791,0.014539641394050467
66,25.07.2018,7,2018,True,har_ovx,0.0139080295090558,0.014313489738563917
66,26.07.2018,7,2018,True,har_ovx,0.0138863756564834,0.014160570970054942
66,27.07.2018,7,2018,True,har_ovx,0.0140792302572469,0.01393849596692689
66,30.07.2018,7,2018,True,har_ovx,0.014055800539979,0.013943801432961013
66,31.07.2018,7,2018,True,har_ovx,0.0140028766367048,0.014416556150815453
66,01.08.2018,7,2018,True,har_ovx,0.0146970148634784,0.014746507673164594
66,02.08.2018,7,2018,True,har_ovx,0.0146497123254027,0.014648935358823884
66,03.08.2018,7,2018,True,har_ovx,0.014749711894332,0.014348275981262933
66,06.08.2018,7,2018,True,har_ovx,0.0147194253505089,0.014237536652471076
66,07.08.2018,7,2018,True,har_ovx,0.0148292647043047,0.014167186313030747
66,08.08.2018,7,2018,True,har_ovx,0.0143207158830141,0.014087396055263126
66,09.08.2018,7,2018,True,har_ovx,0.0143175126928372,0.014695373980044014
66,10.08.2018,7,2018,True,har_ovx,0.0165336729435042,0.013980271763073631
66,13.08.2018,7,2018,True,har_ovx,0.0165932507887658,0.014045940113174579
66,14.08.2018,7,2018,True,har_ovx,0.0166295205041626,0.01385884921617811
66,15.08.2018,7,2018,True,har_ovx,0.0163949455781651,0.01431378430914024
66,16.08.2018,7,2018,True,har_ovx,0.0163452974897539,0.015045724367027311
66,17.08.2018,7,2018,True,har_ovx,0.0181682593497799,0.01446904559828225
66,20.08.2018,7,2018,True,har_ovx,0.0182692755941275,0.014129106315458011
66,21.08.2018,7,2018,True,har_ovx,0.0204193120734101,0.013893715644710529
66,22.08.2018,7,2018,True,har_ovx,0.0203952413412489,0.013802801926222448
66,23.08.2018,7,2018,True,har_ovx,0.0203933093124347,0.013813499006632892
66,24.08.2018,7,2018,True,har_ovx,0.0204337394237542,0.013429273829726427
66,27.08.2018,7,2018,True,har_ovx,0.0205058940587397,0.012987876985543075
66,28.08.2018,7,2018,True,har_ovx,0.0205411696531466,0.013116517816807557
66,29.08.2018,7,2018,True,har_ovx,0.0214416222458643,0.01351616060682629
66,30.08.2018,7,2018,True,har_ovx,0.021427662754549,0.013533594341911225
66,31.08.2018,7,2018,True,har_ovx,0.0217364962333228,0.013780272589340422
66,04.09.2018,7,2018,True,har_ovx,0.0219939877042237,0.013820713905816325
66,05.09.2018,7,2018,True,har_ovx,0.0221770462126487,0.014718419797538754
66,06.09.2018,7,2018,True,har_ovx,0.0221832096337474,0.014679026043392765
66,07.09.2018,7,2018,True,har_ovx,0.022163946785473,0.014404669877522024
66,10.09.2018,7,2018,True,har_ovx,0.0223408199820463,0.01432481310066661
66,11.09.2018,7,2018,True,har_ovx,0.0222000104889759,0.014367653309805743
66,12.09.2018,7,2018,True,har_ovx,0.0221595828302761,0.014971636673364106
66,13.09.2018,7,2018,True,har_ovx,0.0230435687900711,0.01479643848022414
66,14.09.2018,7,2018,True,har_ovx,0.0232017310611609,0.014716749553017845
66,17.09.2018,7,2018,True,har_ovx,0.0239075081392723,0.014441131143540622
66,18.09.2018,7,2018,True,har_ovx,0.0238070720769473,0.014484656102214279
66,19.09.2018,7,2018,True,har_ovx,0.0248299532823826,0.014739158118665621
66,20.09.2018,7,2018,True,har_ovx,0.0268534884042794,0.01445988380644515
66,21.09.2018,7,2018,True,har_ovx,0.0272370904608753,0.014346587173365342
66,24.09.2018,7,2018,True,har_ovx,0.026873726787048,0.01433906922284754
66,25.09.2018,7,2018,True,har_ovx,0.0271954941606688,0.014931198464179101
66,26.09.2018,7,2018,True,har_ovx,0.0273945617286167,0.014720021692851469
66,27.09.2018,7,2018,True,har_ovx,0.0275332694664084,0.01454885091862902
66,28.09.2018,7,2018,True,har_ovx,0.0276233741073848,0.014501312605064057
66,01.10.2018,7,2018,True,har_ovx,0.0273541856325773,0.014698282166701057
66,02.10.2018,7,2018,True,har_ovx,0.0275977897529563,0.015444350723729888
66,03.10.2018,7,2018,True,har_ovx,0.0281621551364563,0.015139298593579847
66,04.10.2018,7,2018,True,har_ovx,0.0281217117177013,0.01543118590357246
66,05.10.2018,7,2018,True,har_ovx,0.0281811741005661,0.015863933347674077
66,08.10.2018,7,2018,True,har_ovx,0.0282863695405103,0.015736568286115058
66,09.10.2018,7,2018,True,har_ovx,0.0284890430486514,0.01576556035087277
66,10.10.2018,7,2018,True,har_ovx,0.0284720630342155,0.015318448470291297
66,11.10.2018,7,2018,True,har_ovx,0.0282241884528499,0.015872521926969172
66,12.10.2018,7,2018,True,har_ovx,0.0284345262362906,0.016197081033721254
66,15.10.2018,7,2018,True,har_ovx,0.0284798020735335,0.015178147247602594
66,16.10.2018,7,2018,True,har_ovx,0.0284415806213165,0.015631121609918978
66,17.10.2018,7,2018,True,har_ovx,0.0284015355476309,0.015658064701181675
66,18.10.2018,7,2018,True,har_ovx,0.0284382639311588,0.015492608516065858
66,19.10.2018,7,2018,True,har_ovx,0.0285662039806337,0.01569457883151127
66,22.10.2018,7,2018,True,har_ovx,0.0287570657419748,0.01509817079769648
66,23.10.2018,7,2018,True,har_ovx,0.0283528756938711,0.015216249080874914
66,24.10.2018,7,2018,True,har_ovx,0.0283664688978768,0.01631806857660555
66,25.10.2018,7,2018,True,har_ovx,0.0283254738642315,0.01627551497500061
66,26.10.2018,7,2018,True,har_ovx,0.0283314886150514,0.01563538168975291
66,29.10.2018,7,2018,True,har_ovx,0.0283387980083839,0.015935058864570546
66,30.10.2018,7,2018,True,har_ovx,0.0283304853720596,0.01606608596453269
66,31.10.2018,7,2018,True,har_ovx,0.0283820080042474,0.016451160390576897
66,01.11.2018,7,2018,True,har_ovx,0.0284093613190702,0.016466390693012912
66,02.11.2018,7,2018,True,har_ovx,0.0281211145086946,0.017168031479267362
66,05.11.2018,7,2018,True,har_ovx,0.0281877245986224,0.01774002057886195
66,06.11.2018,7,2018,True,har_ovx,0.0282680799766074,0.017773213026941043
66,07.11.2018,7,2018,True,har_ovx,0.0283442044386745,0.01858627163966511
66,08.11.2018,7,2018,True,har_ovx,0.028448243141055,0.017924864010745133
66,09.11.2018,7,2018,True,har_ovx,0.0284433731001949,0.01761214279952204
66,12.11.2018,7,2018,True,har_ovx,0.0284714145030702,0.019038423203892887
66,13.11.2018,7,2018,True,har_ovx,0.0271755501444132,0.021604001936033835
66,14.11.2018,7,2018,True,har_ovx,0.0271496021898932,0.030030852175165216
66,15.11.2018,7,2018,True,har_ovx,0.0274918939428553,0.025194080668701317
66,16.11.2018,7,2018,True,har_ovx,0.0275051343140104,0.023525173647341285
66,19.11.2018,7,2018,True,har_ovx,0.0275970550738818,0.021778880826397836
66,20.11.2018,7,2018,True,har_ovx,0.0263541779089828,0.023256989062260425
66,21.11.2018,7,2018,True,har_ovx,0.0263608324653788,0.03048160545751093
66,23.11.2018,7,2018,True,har_ovx,0.0245612664574128,0.02769986463110316
66,26.11.2018,7,2018,True,har_ovx,0.0243377982462376,0.03499789427431308
66,27.11.2018,7,2018,True,har_ovx,0.0243272372047185,0.03090964386543375
66,28.11.2018,7,2018,True,har_ovx,0.0241157888589695,0.02909422142788987
66,29.11.2018,7,2018,True,har_ovx,0.0241099628508546,0.028926957178338483
66,30.11.2018,7,2018,True,har_ovx,0.02407435089393,0.02884621355644256
66,03.12.2018,7,2018,True,har_ovx,0.0233274968547633,0.030032179382277764
66,04.12.2018,7,2018,True,har_ovx,0.0233655556363667,0.026945675883618844
66,06.12.2018,7,2018,True,har_ovx,0.0229817023842906,0.026787524450516714
66,07.12.2018,7,2018,True,har_ovx,0.0227745200901817,0.02710330439313749
66,10.12.2018,7,2018,True,har_ovx,0.0224844077299826,0.02278895417437451
66,11.12.2018,7,2018,True,har_ovx,0.0224831623024769,0.024450563725015712
66,12.12.2018,7,2018,True,har_ovx,0.0225236627459492,0.02249836929995976
66,13.12.2018,7,2018,True,har_ovx,0.0224339268256262,0.021678413382559464
66,14.12.2018,7,2018,True,har_ovx,0.0223516147959692,0.021451603557378247
66,17.12.2018,7,2018,True,har_ovx,0.0222946824232396,0.023062600305661898
66,18.12.2018,7,2018,True,har_ovx,0.021036938920232,0.025201090395121657
66,19.12.2018,7,2018,True,har_ovx,0.0209677621502291,0.02894215397877651
66,20.12.2018,7,2018,True,har_ovx,0.0198404363510962,0.02738695247134817
66,21.12.2018,7,2018,True,har_ovx,0.0197810721108267,0.02864510105310793
66,24.12.2018,7,2018,True,har_ovx,0.0178763909707675,0.02778070703279562
66,26.12.2018,7,2018,True,har_ovx,0.015481415511417,0.030652421082836074
66,27.12.2018,7,2018,True,har_ovx,0.0143383333129637,0.029310103783922438
66,28.12.2018,7,2018,True,har_ovx,0.0143364644990323,0.030704513469938608
66,31.12.2018,7,2018,True,har_ovx,0.0140161653179602,0.02835533569208568
66,02.01.2018,7,2018,True,har_gpr,0.0136191364872658,0.015538694058077054
66,03.01.2018,7,2018,True,har_gpr,0.0140616352406624,0.01790651543105566
66,04.01.2018,7,2018,True,har_gpr,0.0141569363022125,0.01806803973319842
66,05.01.2018,7,2018,True,har_gpr,0.0141271641018891,0.017483210502708256
66,08.01.2018,7,2018,True,har_gpr,0.0141509327374727,0.01677088758411173
66,09.01.2018,7,2018,True,har_gpr,0.014193165910548,0.0151937785870651
66,10.01.2018,7,2018,True,har_gpr,0.0141813450757277,0.01550069170529447
66,11.01.2018,7,2018,True,har_gpr,0.0145295820172461,0.014723260438781435
66,12.01.2018,7,2018,True,har_gpr,0.0145019133219418,0.013753092052182808
66,16.01.2018,7,2018,True,har_gpr,0.0144384827329928,0.013262431728956973
66,17.01.2018,7,2018,True,har_gpr,0.0144670249515871,0.01212451835888315
66,18.01.2018,7,2018,True,har_gpr,0.0145474428434055,0.011720613020578766
66,19.01.2018,7,2018,True,har_gpr,0.0144812704235979,0.011679761369312498
66,22.01.2018,7,2018,True,har_gpr,0.0145092487873848,0.01233512607538077
66,23.01.2018,7,2018,True,har_gpr,0.0144321018393526,0.014509062454300139
66,24.01.2018,7,2018,True,har_gpr,0.0144247668334193,0.014932675613538369
66,25.01.2018,7,2018,True,har_gpr,0.0144218406263383,0.0148322872440004
66,26.01.2018,7,2018,True,har_gpr,0.0147555997081757,0.013795159597239075
66,29.01.2018,7,2018,True,har_gpr,0.0146275805791179,0.013334389149058608
66,30.01.2018,7,2018,True,har_gpr,0.0147292788883204,0.014178350354681374
66,31.01.2018,7,2018,True,har_gpr,0.0148595312131457,0.013873350688067764
66,01.02.2018,7,2018,True,har_gpr,0.0150415837943177,0.013571173378811498
66,02.02.2018,7,2018,True,har_gpr,0.0154430641031501,0.013064071356866085
66,05.02.2018,7,2018,True,har_gpr,0.0153156434358311,0.013318851806214494
66,06.02.2018,7,2018,True,har_gpr,0.0152472516317735,0.013236172112798211
66,07.02.2018,7,2018,True,har_gpr,0.0150542379030039,0.013379672106938337
66,08.02.2018,7,2018,True,har_gpr,0.0149604025337216,0.013827396031697381
66,09.02.2018,7,2018,True,har_gpr,0.0143520807728342,0.013348276563938756
66,12.02.2018,7,2018,True,har_gpr,0.0143335130149958,0.01524381437545357
66,13.02.2018,7,2018,True,har_gpr,0.0144300008027481,0.013604849403378114
66,14.02.2018,7,2018,True,har_gpr,0.0141744674950663,0.013782144928766352
66,15.02.2018,7,2018,True,har_gpr,0.0141680463125428,0.015992938452714097
66,16.02.2018,7,2018,True,har_gpr,0.0141560287453631,0.01524870927317177
66,20.02.2018,7,2018,True,har_gpr,0.0142841256080552,0.01495553294907573
66,21.02.2018,7,2018,True,har_gpr,0.0148551798517785,0.015401476921086683
66,22.02.2018,7,2018,True,har_gpr,0.0149053306975011,0.015017898305067993
66,23.02.2018,7,2018,True,har_gpr,0.0151694503684744,0.01528468356837644
66,26.02.2018,7,2018,True,har_gpr,0.0151696751172475,0.015510264668634931
66,27.02.2018,7,2018,True,har_gpr,0.0150548391444408,0.014387549063825146
66,28.02.2018,7,2018,True,har_gpr,0.0154660281099046,0.01497766784926925
66,01.03.2018,7,2018,True,har_gpr,0.0154615368570949,0.015238316067681756
66,02.03.2018,7,2018,True,har_gpr,0.015203002671245,0.014741203754114227
66,05.03.2018,7,2018,True,har_gpr,0.0153526907599293,0.015496714504958013
66,06.03.2018,7,2018,True,har_gpr,0.0154437580848097,0.016788935927421273
66,07.03.2018,7,2018,True,har_gpr,0.0151390552921402,0.01626047100711601
66,08.03.2018,7,2018,True,har_gpr,0.0150920863444618,0.017248038155780618
66,09.03.2018,7,2018,True,har_gpr,0.0147671032029669,0.0166998812722869
66,12.03.2018,7,2018,True,har_gpr,0.0147940404159879,0.018178210471429816
66,13.03.2018,7,2018,True,har_gpr,0.0154159002218668,0.015216663263256573
66,14.03.2018,7,2018,True,har_gpr,0.0156862392997729,0.015119092602442792
66,15.03.2018,7,2018,True,har_gpr,0.0157011111669667,0.01489456778969338
66,16.03.2018,7,2018,True,har_gpr,0.0156173297022907,0.014139709183950749
66,19.03.2018,7,2018,True,har_gpr,0.0159033472305285,0.01443517461207505
66,20.03.2018,7,2018,True,har_gpr,0.0162233470014588,0.01509857342669542
66,21.03.2018,7,2018,True,har_gpr,0.0159061601814111,0.016064898575911268
66,22.03.2018,7,2018,True,har_gpr,0.0160483352257855,0.01729397937317871
66,23.03.2018,7,2018,True,har_gpr,0.0159601582533104,0.016831376708351033
66,26.03.2018,7,2018,True,har_gpr,0.0159424809223094,0.01751380584480566
66,27.03.2018,7,2018,True,har_gpr,0.0161047176679229,0.016860672547404577
66,28.03.2018,7,2018,True,har_gpr,0.0164558678300618,0.01652091426343881
66,29.03.2018,7,2018,True,har_gpr,0.0164267368998367,0.016349926317447357
66,02.04.2018,7,2018,True,har_gpr,0.0156833147924307,0.016431765054302994
66,03.04.2018,7,2018,True,har_gpr,0.015685789139657,0.019067052963637587
66,04.04.2018,7,2018,True,har_gpr,0.0157328117009168,0.018077887509230894
66,05.04.2018,7,2018,True,har_gpr,0.0157607421896868,0.0179180207855502
66,06.04.2018,7,2018,True,har_gpr,0.0180423483632683,0.017515653697811502
66,09.04.2018,7,2018,True,har_gpr,0.0179178264336548,0.018039486664311488
66,10.04.2018,7,2018,True,har_gpr,0.0174896317688357,0.017466496177981645
66,11.04.2018,7,2018,True,har_gpr,0.0183896573962518,0.018882673390130025
66,12.04.2018,7,2018,True,har_gpr,0.0183978249959521,0.0182601273034492
66,13.04.2018,7,2018,True,har_gpr,0.0184161562961539,0.01793500582366675
66,16.04.2018,7,2018,True,har_gpr,0.0183140112383439,0.017677865201052963
66,17.04.2018,7,2018,True,har_gpr,0.0183298670888185,0.018283989662593442
66,18.04.2018,7,2018,True,har_gpr,0.0180420878691085,0.017376029389590014
66,19.04.2018,7,2018,True,har_gpr,0.0180465586207753,0.018496152348647956
66,20.04.2018,7,2018,True,har_gpr,0.0180594054376463,0.01728470141473178
66,23.04.2018,7,2018,True,har_gpr,0.0180556273264548,0.017160111817474146
66,24.04.2018,7,2018,True,har_gpr,0.0180043979006309,0.01688445834272291
66,25.04.2018,7,2018,True,har_gpr,0.0180374269178473,0.01732921276228081
66,26.04.2018,7,2018,True,har_gpr,0.0180357352118557,0.016658031963637507
66,27.04.2018,7,2018,True,har_gpr,0.0180350729207044,0.016873854221220605
66,30.04.2018,7,2018,True,har_gpr,0.0180604692084229,0.016609390418682327
66,01.05.2018,7,2018,True,har_gpr,0.0180639842199002,0.015385072151042501
66,02.05.2018,7,2018,True,har_gpr,0.0178369049292253,0.014972474230196719
66,03.05.2018,7,2018,True,har_gpr,0.0178937877940712,0.01707175299750473
66,04.05.2018,7,2018,True,har_gpr,0.0182097944568968,0.0164019462519274
66,07.05.2018,7,2018,True,har_gpr,0.0180760388749378,0.016612071796739538
66,08.05.2018,7,2018,True,har_gpr,0.0180050725638837,0.015937983656544842
66,09.05.2018,7,2018,True,har_gpr,0.0175719079390978,0.015594532433969596
66,10.05.2018,7,2018,True,har_gpr,0.0175642108667835,0.016626029196673164
66,11.05.2018,7,2018,True,har_gpr,0.0177812354764487,0.01582102472809279
66,14.05.2018,7,2018,True,har_gpr,0.0177255760448367,0.015934562723092606
66,15.05.2018,7,2018,True,har_gpr,0.0177398383755745,0.014907395305316307
66,16.05.2018,7,2018,True,har_gpr,0.0176949136658667,0.014264853383030796
66,17.05.2018,7,2018,True,har_gpr,0.0177161177238527,0.013578515278808632
66,18.05.2018,7,2018,True,har_gpr,0.0180736968672505,0.0133138427388985
66,21.05.2018,7,2018,True,har_gpr,0.018032670363931,0.013911303707294844
66,22.05.2018,7,2018,True,har_gpr,0.0181205532714794,0.014069117904413554
66,23.05.2018,7,2018,True,har_gpr,0.0181295497515355,0.013695804327594
66,24.05.2018,7,2018,True,har_gpr,0.0180705276849332,0.01356808810341743
66,25.05.2018,7,2018,True,har_gpr,0.0177890827033593,0.014248436761726019
66,29.05.2018,7,2018,True,har_gpr,0.0177290784672051,0.016251947579572563
66,30.05.2018,7,2018,True,har_gpr,0.0174108004593638,0.015164470813756725
66,31.05.2018,7,2018,True,har_gpr,0.017450859389039,0.016715319605574357
66,01.06.2018,7,2018,True,har_gpr,0.0175101264006008,0.01531333598999866
66,04.06.2018,7,2018,True,har_gpr,0.017151148559872,0.015266530827155133
66,05.06.2018,7,2018,True,har_gpr,0.0171580775608642,0.01687244432328614
66,06.06.2018,7,2018,True,har_gpr,0.0171777864770569,0.015727636147704265
66,07.06.2018,7,2018,True,har_gpr,0.0170927784322846,0.01497596798535053
66,08.06.2018,7,2018,True,har_gpr,0.0170608035570429,0.01582068032406923
66,11.06.2018,7,2018,True,har_gpr,0.0172444892156011,0.015543361937559022
66,12.06.2018,7,2018,True,har_gpr,0.0172169691222613,0.01515867430536805
66,13.06.2018,7,2018,True,har_gpr,0.0171638973286433,0.015251055169962679
66,14.06.2018,7,2018,True,har_gpr,0.0171755976859346,0.015532718518038249
66,15.06.2018,7,2018,True,har_gpr,0.0166447864780138,0.015063195837823649
66,18.06.2018,7,2018,True,har_gpr,0.0164071230728528,0.017032464956035102
66,19.06.2018,7,2018,True,har_gpr,0.0163991856469791,0.018915344111182366
66,20.06.2018,7,2018,True,har_gpr,0.0167752102758097,0.018172039167183518
66,21.06.2018,7,2018,True,har_gpr,0.0165218693301089,0.018075045522251802
66,22.06.2018,7,2018,True,har_gpr,0.0160610684493979,0.018954432752276713
66,25.06.2018,7,2018,True,har_gpr,0.0159958502168498,0.020288673580042244
66,26.06.2018,7,2018,True,har_gpr,0.0158668156653478,0.018799119147224347
66,27.06.2018,7,2018,True,har_gpr,0.0160648599643502,0.01943062374149947
66,28.06.2018,7,2018,True,har_gpr,0.0160693097007501,0.018975833239610402
66,29.06.2018,7,2018,True,har_gpr,0.0160222108611352,0.01815415934956926
66,02.07.2018,7,2018,True,har_gpr,0.0158464036352267,0.018713645866402645
66,03.07.2018,7,2018,True,har_gpr,0.0158549127161772,0.019316014873725355
66,05.07.2018,7,2018,True,har_gpr,0.0158460563418323,0.018618085423181635
66,06.07.2018,7,2018,True,har_gpr,0.0158987737588037,0.01852107986937359
66,09.07.2018,7,2018,True,har_gpr,0.0161142516111095,0.018004417948770376
66,10.07.2018,7,2018,True,har_gpr,0.0166558361132822,0.019803805644188852
66,11.07.2018,7,2018,True,har_gpr,0.0140145127446768,0.01931434874297579
66,12.07.2018,7,2018,True,har_gpr,0.0139280532573219,0.026292783212484492
66,13.07.2018,7,2018,True,har_gpr,0.0138903801355769,0.024830510864580043
66,16.07.2018,7,2018,True,har_gpr,0.0127029211956121,0.024873355175426038
66,17.07.2018,7,2018,True,har_gpr,0.0127718515132963,0.023924858729495825
66,18.07.2018,7,2018,True,har_gpr,0.0127387752554614,0.02224606654516379
66,19.07.2018,7,2018,True,har_gpr,0.0127187853381897,0.021601555064872012
66,20.07.2018,7,2018,True,har_gpr,0.0138448181986708,0.021335635508362233
66,23.07.2018,7,2018,True,har_gpr,0.0138542461776547,0.021100507653803766
66,24.07.2018,7,2018,True,har_gpr,0.0138853038209791,0.019836788413227446
66,25.07.2018,7,2018,True,har_gpr,0.0139080295090558,0.019952260205411104
66,26.07.2018,7,2018,True,har_gpr,0.0138863756564834,0.019669257055718044
66,27.07.2018,7,2018,True,har_gpr,0.0140792302572469,0.019441668072629807
66,30.07.2018,7,2018,True,har_gpr,0.014055800539979,0.01939682716730142
66,31.07.2018,7,2018,True,har_gpr,0.0140028766367048,0.01911962892254452
66,01.08.2018,7,2018,True,har_gpr,0.0146970148634784,0.018981441591359463
66,02.08.2018,7,2018,True,har_gpr,0.0146497123254027,0.018640893037661258
66,03.08.2018,7,2018,True,har_gpr,0.014749711894332,0.019003759431579177
66,06.08.2018,7,2018,True,har_gpr,0.0147194253505089,0.018787868904828142
66,07.08.2018,7,2018,True,har_gpr,0.0148292647043047,0.019535382443748594
66,08.08.2018,7,2018,True,har_gpr,0.0143207158830141,0.019814099565133202
66,09.08.2018,7,2018,True,har_gpr,0.0143175126928372,0.017858205704223824
66,10.08.2018,7,2018,True,har_gpr,0.0165336729435042,0.01678430103232024
66,13.08.2018,7,2018,True,har_gpr,0.0165932507887658,0.01703031341235268
66,14.08.2018,7,2018,True,har_gpr,0.0166295205041626,0.01387859382567717
66,15.08.2018,7,2018,True,har_gpr,0.0163949455781651,0.013708728229149897
66,16.08.2018,7,2018,True,har_gpr,0.0163452974897539,0.014643161354694411
66,17.08.2018,7,2018,True,har_gpr,0.0181682593497799,0.014461247695057484
66,20.08.2018,7,2018,True,har_gpr,0.0182692755941275,0.014272880258527874
66,21.08.2018,7,2018,True,har_gpr,0.0204193120734101,0.014834341453041189
66,22.08.2018,7,2018,True,har_gpr,0.0203952413412489,0.014879685740260981
66,23.08.2018,7,2018,True,har_gpr,0.0203933093124347,0.016244345153057897
66,24.08.2018,7,2018,True,har_gpr,0.0204337394237542,0.01545406836947303
66,27.08.2018,7,2018,True,har_gpr,0.0205058940587397,0.01603895167225313
66,28.08.2018,7,2018,True,har_gpr,0.0205411696531466,0.01379965530801882
66,29.08.2018,7,2018,True,har_gpr,0.0214416222458643,0.013758342365827328
66,30.08.2018,7,2018,True,har_gpr,0.021427662754549,0.014001883162246457
66,31.08.2018,7,2018,True,har_gpr,0.0217364962333228,0.013580457608364621
66,04.09.2018,7,2018,True,har_gpr,0.0219939877042237,0.013538059514098965
66,05.09.2018,7,2018,True,har_gpr,0.0221770462126487,0.015466610070994391
66,06.09.2018,7,2018,True,har_gpr,0.0221832096337474,0.01578554245738001
66,07.09.2018,7,2018,True,har_gpr,0.022163946785473,0.014479266912203206
66,10.09.2018,7,2018,True,har_gpr,0.0223408199820463,0.014219447623990964
66,11.09.2018,7,2018,True,har_gpr,0.0222000104889759,0.014029380471895024
66,12.09.2018,7,2018,True,har_gpr,0.0221595828302761,0.015039143690761581
66,13.09.2018,7,2018,True,har_gpr,0.0230435687900711,0.014478674862260956
66,14.09.2018,7,2018,True,har_gpr,0.0232017310611609,0.014786915059136332
66,17.09.2018,7,2018,True,har_gpr,0.0239075081392723,0.014285661010275844
66,18.09.2018,7,2018,True,har_gpr,0.0238070720769473,0.013347833264010485
66,19.09.2018,7,2018,True,har_gpr,0.0248299532823826,0.0135906297089673
66,20.09.2018,7,2018,True,har_gpr,0.0268534884042794,0.013328241213469512
66,21.09.2018,7,2018,True,har_gpr,0.0272370904608753,0.012522574492374766
66,24.09.2018,7,2018,True,har_gpr,0.026873726787048,0.012286340063635598
66,25.09.2018,7,2018,True,har_gpr,0.0271954941606688,0.014561730058115192
66,26.09.2018,7,2018,True,har_gpr,0.0273945617286167,0.013950503446817603
66,27.09.2018,7,2018,True,har_gpr,0.0275332694664084,0.014049446385034081
66,28.09.2018,7,2018,True,har_gpr,0.0276233741073848,0.01368622639465207
66,01.10.2018,7,2018,True,har_gpr,0.0273541856325773,0.013944885575738804
66,02.10.2018,7,2018,True,har_gpr,0.0275977897529563,0.016784593080067467
66,03.10.2018,7,2018,True,har_gpr,0.0281621551364563,0.016161237560244884
66,04.10.2018,7,2018,True,har_gpr,0.0281217117177013,0.016344840207675796
66,05.10.2018,7,2018,True,har_gpr,0.0281811741005661,0.01734018492399232
66,08.10.2018,7,2018,True,har_gpr,0.0282863695405103,0.017036833814939638
66,09.10.2018,7,2018,True,har_gpr,0.0284890430486514,0.016667665434915057
66,10.10.2018,7,2018,True,har_gpr,0.0284720630342155,0.015906019073232216
66,11.10.2018,7,2018,True,har_gpr,0.0282241884528499,0.016788072223548917
66,12.10.2018,7,2018,True,har_gpr,0.0284345262362906,0.018211420051228857
66,15.10.2018,7,2018,True,har_gpr,0.0284798020735335,0.017331306886089085
66,16.10.2018,7,2018,True,har_gpr,0.0284415806213165,0.016348711547329385
66,17.10.2018,7,2018,True,har_gpr,0.0284015355476309,0.016292731068313332
66,18.10.2018,7,2018,True,har_gpr,0.0284382639311588,0.01675867495657217
66,19.10.2018,7,2018,True,har_gpr,0.0285662039806337,0.01605353719140689
66,22.10.2018,7,2018,True,har_gpr,0.0287570657419748,0.01602397070475778
66,23.10.2018,7,2018,True,har_gpr,0.0283528756938711,0.014926251736940706
66,24.10.2018,7,2018,True,har_gpr,0.0283664688978768,0.01814854271939521
66,25.10.2018,7,2018,True,har_gpr,0.0283254738642315,0.01701711753707835
66,26.10.2018,7,2018,True,har_gpr,0.0283314886150514,0.01738675204878311
66,29.10.2018,7,2018,True,har_gpr,0.0283387980083839,0.017360830737506053
66,30.10.2018,7,2018,True,har_gpr,0.0283304853720596,0.017649409244242752
66,31.10.2018,7,2018,True,har_gpr,0.0283820080042474,0.017559992888322534
66,01.11.2018,7,2018,True,har_gpr,0.0284093613190702,0.016701252032117562
66,02.11.2018,7,2018,True,har_gpr,0.0281211145086946,0.01630285434652518
66,05.11.2018,7,2018,True,har_gpr,0.0281877245986224,0.018415599003711234
66,06.11.2018,7,2018,True,har_gpr,0.0282680799766074,0.016177986878901138
66,07.11.2018,7,2018,True,har_gpr,0.0283442044386745,0.016103123274302317
66,08.11.2018,7,2018,True,har_gpr,0.028448243141055,0.01558978586678754
66,09.11.2018,7,2018,True,har_gpr,0.0284433731001949,0.015534495057836783
66,12.11.2018,7,2018,True,har_gpr,0.0284714145030702,0.014669517313647629
66,13.11.2018,7,2018,True,har_gpr,0.0271755501444132,0.014315615044706225
66,14.11.2018,7,2018,True,har_gpr,0.0271496021898932,0.0223312050169671
66,15.11.2018,7,2018,True,har_gpr,0.0274918939428553,0.021055570721507058
66,16.11.2018,7,2018,True,har_gpr,0.0275051343140104,0.021305513877551592
66,19.11.2018,7,2018,True,har_gpr,0.0275970550738818,0.02111522466862341
66,20.11.2018,7,2018,True,har_gpr,0.0263541779089828,0.02048003065552348
66,21.11.2018,7,2018,True,har_gpr,0.0263608324653788,0.02361537671614393
66,23.11.2018,7,2018,True,har_gpr,0.0245612664574128,0.022577186049392295
66,26.11.2018,7,2018,True,har_gpr,0.0243377982462376,0.027154278284002402
66,27.11.2018,7,2018,True,har_gpr,0.0243272372047185,0.026752824399016717
66,28.11.2018,7,2018,True,har_gpr,0.0241157888589695,0.026039008905319995
66,29.11.2018,7,2018,True,har_gpr,0.0241099628508546,0.026209908787683846
66,30.11.2018,7,2018,True,har_gpr,0.02407435089393,0.026138889386851577
66,03.12.2018,7,2018,True,har_gpr,0.0233274968547633,0.024769390178163396
66,04.12.2018,7,2018,True,har_gpr,0.0233655556363667,0.02798624638794124
66,06.12.2018,7,2018,True,har_gpr,0.0229817023842906,0.026749471047038686
66,07.12.2018,7,2018,True,har_gpr,0.0227745200901817,0.02793105024846099
66,10.12.2018,7,2018,True,har_gpr,0.0224844077299826,0.028351343310274
66,11.12.2018,7,2018,True,har_gpr,0.0224831623024769,0.02742181751315253
66,12.12.2018,7,2018,True,har_gpr,0.0225236627459492,0.02610977080313965
66,13.12.2018,7,2018,True,har_gpr,0.0224339268256262,0.025984354619936405
66,14.12.2018,7,2018,True,har_gpr,0.0223516147959692,0.024912149861477408
66,17.12.2018,7,2018,True,har_gpr,0.0222946824232396,0.02473733135874139
66,18.12.2018,7,2018,True,har_gpr,0.021036938920232,0.02500422930086479
66,19.12.2018,7,2018,True,har_gpr,0.0209677621502291,0.028367750311704763
66,20.12.2018,7,2018,True,har_gpr,0.0198404363510962,0.027657126052867725
66,21.12.2018,7,2018,True,har_gpr,0.0197810721108267,0.027925843857410686
66,24.12.2018,7,2018,True,har_gpr,0.0178763909707675,0.02654494178376868
66,26.12.2018,7,2018,True,har_gpr,0.015481415511417,0.02870544793834001
66,27.12.2018,7,2018,True,har_gpr,0.0143383333129637,0.03294233996490998
66,28.12.2018,7,2018,True,har_gpr,0.0143364644990323,0.03256856607636053
66,31.12.2018,7,2018,True,har_gpr,0.0140161653179602,0.031056331937657188
66,02.01.2018,7,2018,True,har_x,0.0136191364872658,0.011317757141821034
66,03.01.2018,7,2018,True,har_x,0.0140616352406624,0.013580458306830282
66,04.01.2018,7,2018,True,har_x,0.0141569363022125,0.013720025155815142
66,05.01.2018,7,2018,True,har_x,0.0141271641018891,0.013295515050778606
66,08.01.2018,7,2018,True,har_x,0.0141509327374727,0.013377278477870493
66,09.01.2018,7,2018,True,har_x,0.014193165910548,0.012242651106343387
66,10.01.2018,7,2018,True,har_x,0.0141813450757277,0.012865577439768008
66,11.01.2018,7,2018,True,har_x,0.0145295820172461,0.013077063837412618
66,12.01.2018,7,2018,True,har_x,0.0145019133219418,0.013017013379480882
66,16.01.2018,7,2018,True,har_x,0.0144384827329928,0.013057579160123291
66,17.01.2018,7,2018,True,har_x,0.0144670249515871,0.01405356303936819
66,18.01.2018,7,2018,True,har_x,0.0145474428434055,0.013137370305881954
66,19.01.2018,7,2018,True,har_x,0.0144812704235979,0.012960521951745914
66,22.01.2018,7,2018,True,har_x,0.0145092487873848,0.011413304656594712
66,23.01.2018,7,2018,True,har_x,0.0144321018393526,0.012933380029582673
66,24.01.2018,7,2018,True,har_x,0.0144247668334193,0.013144057252946184
66,25.01.2018,7,2018,True,har_x,0.0144218406263383,0.013916473382942862
66,26.01.2018,7,2018,True,har_x,0.0147555997081757,0.013039102694494762
66,29.01.2018,7,2018,True,har_x,0.0146275805791179,0.013006386073264051
66,30.01.2018,7,2018,True,har_x,0.0147292788883204,0.012835483009056969
66,31.01.2018,7,2018,True,har_x,0.0148595312131457,0.012867920014374546
66,01.02.2018,7,2018,True,har_x,0.0150415837943177,0.012489424804855351
66,02.02.2018,7,2018,True,har_x,0.0154430641031501,0.012476950951648474
66,05.02.2018,7,2018,True,har_x,0.0153156434358311,0.013322363492292199
66,06.02.2018,7,2018,True,har_x,0.0152472516317735,0.01421148078664205
66,07.02.2018,7,2018,True,har_x,0.0150542379030039,0.014542981323484883
66,08.02.2018,7,2018,True,har_x,0.0149604025337216,0.014709485488052324
66,09.02.2018,7,2018,True,har_x,0.0143520807728342,0.016026272009205686
66,12.02.2018,7,2018,True,har_x,0.0143335130149958,0.01637637578263111
66,13.02.2018,7,2018,True,har_x,0.0144300008027481,0.015759431869847487
66,14.02.2018,7,2018,True,har_x,0.0141744674950663,0.016241402193149103
66,15.02.2018,7,2018,True,har_x,0.0141680463125428,0.01507301969780011
66,16.02.2018,7,2018,True,har_x,0.0141560287453631,0.014816529001518575
66,20.02.2018,7,2018,True,har_x,0.0142841256080552,0.014582549282500714
66,21.02.2018,7,2018,True,har_x,0.0148551798517785,0.014832495389722035
66,22.02.2018,7,2018,True,har_x,0.0149053306975011,0.0144673425714992
66,23.02.2018,7,2018,True,har_x,0.0151694503684744,0.013575076842848725
66,26.02.2018,7,2018,True,har_x,0.0151696751172475,0.013268960184902229
66,27.02.2018,7,2018,True,har_x,0.0150548391444408,0.012903339629577779
66,28.02.2018,7,2018,True,har_x,0.0154660281099046,0.01343500091644488
66,01.03.2018,7,2018,True,har_x,0.0154615368570949,0.014262148487990432
66,02.03.2018,7,2018,True,har_x,0.015203002671245,0.014215123074235683
66,05.03.2018,7,2018,True,har_x,0.0153526907599293,0.013941914891142434
66,06.03.2018,7,2018,True,har_x,0.0154437580848097,0.014406969984599846
66,07.03.2018,7,2018,True,har_x,0.0151390552921402,0.013923161872978438
66,08.03.2018,7,2018,True,har_x,0.0150920863444618,0.014765196562407127
66,09.03.2018,7,2018,True,har_x,0.0147671032029669,0.01428460686418496
66,12.03.2018,7,2018,True,har_x,0.0147940404159879,0.01445953971534736
66,13.03.2018,7,2018,True,har_x,0.0154159002218668,0.012575759413989541
66,14.03.2018,7,2018,True,har_x,0.0156862392997729,0.01330553327809286
66,15.03.2018,7,2018,True,har_x,0.0157011111669667,0.013157497762707264
66,16.03.2018,7,2018,True,har_x,0.0156173297022907,0.013066739792855246
66,19.03.2018,7,2018,True,har_x,0.0159033472305285,0.012900631080693984
66,20.03.2018,7,2018,True,har_x,0.0162233470014588,0.01362257416002683
66,21.03.2018,7,2018,True,har_x,0.0159061601814111,0.01376745118041369
66,22.03.2018,7,2018,True,har_x,0.0160483352257855,0.014181143499763325
66,23.03.2018,7,2018,True,har_x,0.0159601582533104,0.014287146949075256
66,26.03.2018,7,2018,True,har_x,0.0159424809223094,0.014945616981168752
66,27.03.2018,7,2018,True,har_x,0.0161047176679229,0.014705548952142761
66,28.03.2018,7,2018,True,har_x,0.0164558678300618,0.01449957328344441
66,29.03.2018,7,2018,True,har_x,0.0164267368998367,0.014199746602601522
66,02.04.2018,7,2018,True,har_x,0.0156833147924307,0.013403280294587854
66,03.04.2018,7,2018,True,har_x,0.015685789139657,0.015415441039781158
66,04.04.2018,7,2018,True,har_x,0.0157328117009168,0.014865545394046083
66,05.04.2018,7,2018,True,har_x,0.0157607421896868,0.01446068545702056
66,06.04.2018,7,2018,True,har_x,0.0180423483632683,0.013553427754617169
66,09.04.2018,7,2018,True,har_x,0.0179178264336548,0.013965798844504917
66,10.04.2018,7,2018,True,har_x,0.0174896317688357,0.014054398952944006
66,11.04.2018,7,2018,True,har_x,0.0183896573962518,0.015372543115077348
66,12.04.2018,7,2018,True,har_x,0.0183978249959521,0.01593207266550398
66,13.04.2018,7,2018,True,har_x,0.0184161562961539,0.01548569849018533
66,16.04.2018,7,2018,True,har_x,0.0183140112383439,0.015442051937640299
66,17.04.2018,7,2018,True,har_x,0.0183298670888185,0.016012306910492276
66,18.04.2018,7,2018,True,har_x,0.0180420878691085,0.015440318229305324
66,19.04.2018,7,2018,True,har_x,0.0180465586207753,0.016388401713832955
66,20.04.2018,7,2018,True,har_x,0.0180594054376463,0.016186169118969824
66,23.04.2018,7,2018,True,har_x,0.0180556273264548,0.01599249324366976
66,24.04.2018,7,2018,True,har_x,0.0180043979006309,0.015594291085166755
66,25.04.2018,7,2018,True,har_x,0.0180374269178473,0.01570202823389831
66,26.04.2018,7,2018,True,har_x,0.0180357352118557,0.015143023783802632
66,27.04.2018,7,2018,True,har_x,0.0180350729207044,0.014533363389006779
66,30.04.2018,7,2018,True,har_x,0.0180604692084229,0.013826298394923595
66,01.05.2018,7,2018,True,har_x,0.0180639842199002,0.015617435147317756
66,02.05.2018,7,2018,True,har_x,0.0178369049292253,0.015468970817631782
66,03.05.2018,7,2018,True,har_x,0.0178937877940712,0.015266892289575494
66,04.05.2018,7,2018,True,har_x,0.0182097944568968,0.014803862197300498
66,07.05.2018,7,2018,True,har_x,0.0180760388749378,0.014614116063221902
66,08.05.2018,7,2018,True,har_x,0.0180050725638837,0.015360386875835198
66,09.05.2018,7,2018,True,har_x,0.0175719079390978,0.014272876795877422
66,10.05.2018,7,2018,True,har_x,0.0175642108667835,0.014366682126151388
66,11.05.2018,7,2018,True,har_x,0.0177812354764487,0.01412305971110358
66,14.05.2018,7,2018,True,har_x,0.0177255760448367,0.013688902242561966
66,15.05.2018,7,2018,True,har_x,0.0177398383755745,0.013547658249091165
66,16.05.2018,7,2018,True,har_x,0.0176949136658667,0.013820829801977744
66,17.05.2018,7,2018,True,har_x,0.0177161177238527,0.013426614744021865
66,18.05.2018,7,2018,True,har_x,0.0180736968672505,0.013037917024341258
66,21.05.2018,7,2018,True,har_x,0.018032670363931,0.013169742938508932
66,22.05.2018,7,2018,True,har_x,0.0181205532714794,0.013594982891496568
66,23.05.2018,7,2018,True,har_x,0.0181295497515355,0.013605884736417296
66,24.05.2018,7,2018,True,har_x,0.0180705276849332,0.013673848224899495
66,25.05.2018,7,2018,True,har_x,0.0177890827033593,0.013404401327885703
66,29.05.2018,7,2018,True,har_x,0.0177290784672051,0.014764091158218124
66,30.05.2018,7,2018,True,har_x,0.0174108004593638,0.015034542377884671
66,31.05.2018,7,2018,True,har_x,0.017450859389039,0.014556886270537956
66,01.06.2018,7,2018,True,har_x,0.0175101264006008,0.014205245831857638
66,04.06.2018,7,2018,True,har_x,0.017151148559872,0.014727095311868615
66,05.06.2018,7,2018,True,har_x,0.0171580775608642,0.015449888655400085
66,06.06.2018,7,2018,True,har_x,0.0171777864770569,0.015145672387648518
66,07.06.2018,7,2018,True,har_x,0.0170927784322846,0.015061626960578433
66,08.06.2018,7,2018,True,har_x,0.0170608035570429,0.014662624092569942
66,11.06.2018,7,2018,True,har_x,0.0172444892156011,0.014330266290062543
66,12.06.2018,7,2018,True,har_x,0.0172169691222613,0.01405207220058256
66,13.06.2018,7,2018,True,har_x,0.0171638973286433,0.013954935247562437
66,14.06.2018,7,2018,True,har_x,0.0171755976859346,0.014238068572392397
66,15.06.2018,7,2018,True,har_x,0.0166447864780138,0.014042470203551531
66,18.06.2018,7,2018,True,har_x,0.0164071230728528,0.014699340729491802
66,19.06.2018,7,2018,True,har_x,0.0163991856469791,0.014756306190576152
66,20.06.2018,7,2018,True,har_x,0.0167752102758097,0.014818624707249733
66,21.06.2018,7,2018,True,har_x,0.0165218693301089,0.014852654852515003
66,22.06.2018,7,2018,True,har_x,0.0160610684493979,0.014843202099927528
66,25.06.2018,7,2018,True,har_x,0.0159958502168498,0.013798288043055622
66,26.06.2018,7,2018,True,har_x,0.0158668156653478,0.014048012395191288
66,27.06.2018,7,2018,True,har_x,0.0160648599643502,0.01390115800674672
66,28.06.2018,7,2018,True,har_x,0.0160693097007501,0.014889822586418851
66,29.06.2018,7,2018,True,har_x,0.0160222108611352,0.01463153192946771
66,02.07.2018,7,2018,True,har_x,0.0158464036352267,0.01468082974838942
66,03.07.2018,7,2018,True,har_x,0.0158549127161772,0.015685918942002736
66,05.07.2018,7,2018,True,har_x,0.0158460563418323,0.015505402084813026
66,06.07.2018,7,2018,True,har_x,0.0158987737588037,0.015597475877021049
66,09.07.2018,7,2018,True,har_x,0.0161142516111095,0.015248479142674194
66,10.07.2018,7,2018,True,har_x,0.0166558361132822,0.016465988923979054
66,11.07.2018,7,2018,True,har_x,0.0140145127446768,0.015845013974153253
66,12.07.2018,7,2018,True,har_x,0.0139280532573219,0.0171790040343204
66,13.07.2018,7,2018,True,har_x,0.0138903801355769,0.016395915612472847
66,16.07.2018,7,2018,True,har_x,0.0127029211956121,0.016240838801940133
66,17.07.2018,7,2018,True,har_x,0.0127718515132963,0.01574469817036828
66,18.07.2018,7,2018,True,har_x,0.0127387752554614,0.014921131716964221
66,19.07.2018,7,2018,True,har_x,0.0127187853381897,0.014602379200022338
66,20.07.2018,7,2018,True,har_x,0.0138448181986708,0.014361414402522522
66,23.07.2018,7,2018,True,har_x,0.0138542461776547,0.013948615781586328
66,24.07.2018,7,2018,True,har_x,0.0138853038209791,0.014400944242140563
66,25.07.2018,7,2018,True,har_x,0.0139080295090558,0.014180507248903806
66,26.07.2018,7,2018,True,har_x,0.0138863756564834,0.014025918457348949
66,27.07.2018,7,2018,True,har_x,0.0140792302572469,0.01380070308848761
66,30.07.2018,7,2018,True,har_x,0.014055800539979,0.013809137254536846
66,31.07.2018,7,2018,True,har_x,0.0140028766367048,0.013952761984821508
66,01.08.2018,7,2018,True,har_x,0.0146970148634784,0.014289085822356435
66,02.08.2018,7,2018,True,har_x,0.0146497123254027,0.014185848602014375
66,03.08.2018,7,2018,True,har_x,0.014749711894332,0.013895843752234899
66,06.08.2018,7,2018,True,har_x,0.0147194253505089,0.013782301180416219
66,07.08.2018,7,2018,True,har_x,0.0148292647043047,0.014343570833001699
66,08.08.2018,7,2018,True,har_x,0.0143207158830141,0.014273307556473023
66,09.08.2018,7,2018,True,har_x,0.0143175126928372,0.0149012855146098
66,10.08.2018,7,2018,True,har_x,0.0165336729435042,0.014176979708644746
66,13.08.2018,7,2018,True,har_x,0.0165932507887658,0.014249793239371984
66,14.08.2018,7,2018,True,har_x,0.0166295205041626,0.013719319072331431
66,15.08.2018,7,2018,True,har_x,0.0163949455781651,0.014160596039616806
66,16.08.2018,7,2018,True,har_x,0.0163452974897539,0.0148851043464129
66,17.08.2018,7,2018,True,har_x,0.0181682593497799,0.014313843211706452
66,20.08.2018,7,2018,True,har_x,0.0182692755941275,0.013972783375621372
66,21.08.2018,7,2018,True,har_x,0.0204193120734101,0.013828963782759237
66,22.08.2018,7,2018,True,har_x,0.0203952413412489,0.01374070710459896
66,23.08.2018,7,2018,True,har_x,0.0203933093124347,0.01375632257767776
66,24.08.2018,7,2018,True,har_x,0.0204337394237542,0.013365590403255644
66,27.08.2018,7,2018,True,har_x,0.0205058940587397,0.012938486842330546
66,28.08.2018,7,2018,True,har_x,0.0205411696531466,0.012034802438450844
66,29.08.2018,7,2018,True,har_x,0.0214416222458643,0.01243378904826122
66,30.08.2018,7,2018,True,har_x,0.021427662754549,0.012441899113148563
66,31.08.2018,7,2018,True,har_x,0.0217364962333228,0.012677291951317931
66,04.09.2018,7,2018,True,har_x,0.0219939877042237,0.012717634672708799
66,05.09.2018,7,2018,True,har_x,0.0221770462126487,0.014303612240343695
66,06.09.2018,7,2018,True,har_x,0.0221832096337474,0.0142751001154094
66,07.09.2018,7,2018,True,har_x,0.022163946785473,0.013993685499935363
66,10.09.2018,7,2018,True,har_x,0.0223408199820463,0.01390845917620892
66,11.09.2018,7,2018,True,har_x,0.0222000104889759,0.013773690140031908
66,12.09.2018,7,2018,True,har_x,0.0221595828302761,0.01439320294055606
66,13.09.2018,7,2018,True,har_x,0.0230435687900711,0.014204293289035282
66,14.09.2018,7,2018,True,har_x,0.0232017310611609,0.014144274861860257
66,17.09.2018,7,2018,True,har_x,0.0239075081392723,0.013862614200206388
66,18.09.2018,7,2018,True,har_x,0.0238070720769473,0.013577100881934718
66,19.09.2018,7,2018,True,har_x,0.0248299532823826,0.013825621095583822
66,20.09.2018,7,2018,True,har_x,0.0268534884042794,0.013543487738127746
66,21.09.2018,7,2018,True,har_x,0.0272370904608753,0.013416273728370808
66,24.09.2018,7,2018,True,har_x,0.026873726787048,0.013404143204169917
66,25.09.2018,7,2018,True,har_x,0.0271954941606688,0.014425256145953412
66,26.09.2018,7,2018,True,har_x,0.0273945617286167,0.014203980421016343
66,27.09.2018,7,2018,True,har_x,0.0275332694664084,0.014038994408897094
66,28.09.2018,7,2018,True,har_x,0.0276233741073848,0.01398321703206014
66,01.10.2018,7,2018,True,har_x,0.0273541856325773,0.014180780083607786
66,02.10.2018,7,2018,True,har_x,0.0275977897529563,0.015865816710705097
66,03.10.2018,7,2018,True,har_x,0.0281621551364563,0.015554631467328467
66,04.10.2018,7,2018,True,har_x,0.0281217117177013,0.015843668007848234
66,05.10.2018,7,2018,True,har_x,0.0281811741005661,0.016300321742388803
66,08.10.2018,7,2018,True,har_x,0.0282863695405103,0.016168005251935746
66,09.10.2018,7,2018,True,har_x,0.0284890430486514,0.016176086315734146
66,10.10.2018,7,2018,True,har_x,0.0284720630342155,0.014891362877793113
66,11.10.2018,7,2018,True,har_x,0.0282241884528499,0.01544463210092501
66,12.10.2018,7,2018,True,har_x,0.0284345262362906,0.01579034288466095
66,15.10.2018,7,2018,True,har_x,0.0284798020735335,0.014769124433379984
66,16.10.2018,7,2018,True,har_x,0.0284415806213165,0.014996359905890155
66,17.10.2018,7,2018,True,har_x,0.0284015355476309,0.01502009634368802
66,18.10.2018,7,2018,True,har_x,0.0284382639311588,0.014859654719326182
66,19.10.2018,7,2018,True,har_x,0.0285662039806337,0.015027285072668973
66,22.10.2018,7,2018,True,har_x,0.0287570657419748,0.014438872557066735
66,23.10.2018,7,2018,True,har_x,0.0283528756938711,0.014305726825963459
66,24.10.2018,7,2018,True,har_x,0.0283664688978768,0.015456121398910071
66,25.10.2018,7,2018,True,har_x,0.0283254738642315,0.015392543164238302
66,26.10.2018,7,2018,True,har_x,0.0283314886150514,0.014770947629967904
66,29.10.2018,7,2018,True,har_x,0.0283387980083839,0.015068419696425264
66,30.10.2018,7,2018,True,har_x,0.0283304853720596,0.01593787923890246
66,31.10.2018,7,2018,True,har_x,0.0283820080042474,0.016290410522681636
66,01.11.2018,7,2018,True,har_x,0.0284093613190702,0.016296478284025476
66,02.11.2018,7,2018,True,har_x,0.0281211145086946,0.01697978225592207
66,05.11.2018,7,2018,True,har_x,0.0281877245986224,0.01758482107357732
66,06.11.2018,7,2018,True,har_x,0.0282680799766074,0.01686757694986163
66,07.11.2018,7,2018,True,har_x,0.0283442044386745,0.017672699236825698
66,08.11.2018,7,2018,True,har_x,0.028448243141055,0.017013245110598645
66,09.11.2018,7,2018,True,har_x,0.0284433731001949,0.016710783616939492
66,12.11.2018,7,2018,True,har_x,0.0284714145030702,0.018088546398475958
66,13.11.2018,7,2018,True,har_x,0.0271755501444132,0.020612312917535233
66,14.11.2018,7,2018,True,har_x,0.0271496021898932,0.029762840190970356
66,15.11.2018,7,2018,True,har_x,0.0274918939428553,0.024963829106185245
66,16.11.2018,7,2018,True,har_x,0.0275051343140104,0.02332241811149132
66,19.11.2018,7,2018,True,har_x,0.0275970550738818,0.021597138245703498
66,20.11.2018,7,2018,True,har_x,0.0263541779089828,0.022801163713045792
66,21.11.2018,7,2018,True,har_x,0.0263608324653788,0.02997195943180718
66,23.11.2018,7,2018,True,har_x,0.0245612664574128,0.027202164143569147
66,26.11.2018,7,2018,True,har_x,0.0243377982462376,0.03448786018565161
66,27.11.2018,7,2018,True,har_x,0.0243272372047185,0.030684300620857575
66,28.11.2018,7,2018,True,har_x,0.0241157888589695,0.028877107983125535
66,29.11.2018,7,2018,True,har_x,0.0241099628508546,0.02869892016312254
66,30.11.2018,7,2018,True,har_x,0.02407435089393,0.028612620914039138
66,03.12.2018,7,2018,True,har_x,0.0233274968547633,0.029711723693329386
66,04.12.2018,7,2018,True,har_x,0.0233655556363667,0.026611606558113645
66,06.12.2018,7,2018,True,har_x,0.0229817023842906,0.026430085962506775
66,07.12.2018,7,2018,True,har_x,0.0227745200901817,0.026767006116704867
66,10.12.2018,7,2018,True,har_x,0.0224844077299826,0.02251188595297818
66,11.12.2018,7,2018,True,har_x,0.0224831623024769,0.023683219904553972
66,12.12.2018,7,2018,True,har_x,0.0225236627459492,0.02170549731495044
66,13.12.2018,7,2018,True,har_x,0.0224339268256262,0.020892147043536452
66,14.12.2018,7,2018,True,har_x,0.0223516147959692,0.020662081822909673
66,17.12.2018,7,2018,True,har_x,0.0222946824232396,0.022244081405644454
66,18.12.2018,7,2018,True,har_x,0.021036938920232,0.02468762161041502
66,19.12.2018,7,2018,True,har_x,0.0209677621502291,0.028461749967388546
66,20.12.2018,7,2018,True,har_x,0.0198404363510962,0.026915737260685857
66,21.12.2018,7,2018,True,har_x,0.0197810721108267,0.02816978959901496
66,24.12.2018,7,2018,True,har_x,0.0178763909707675,0.0272944606007726
66,26.12.2018,7,2018,True,har_x,0.015481415511417,0.03093869354585394
66,27.12.2018,7,2018,True,har_x,0.0143383333129637,0.029709136612189956
66,28.12.2018,7,2018,True,har_x,0.0143364644990323,0.03107049528878203
66,31.12.2018,7,2018,True,har_x,0.0140161653179602,0.028716525972630528
126,02.01.2018,7,2018,True,har,0.0147530740480115,0.017412852305412056
126,03.01.2018,7,2018,True,har,0.0146768365737847,0.01738617771666868
126,04.01.2018,7,2018,True,har,0.0146811815862165,0.01756367874678865
126,05.01.2018,7,2018,True,har,0.0146998630098374,0.01708663611748281
126,08.01.2018,7,2018,True,har,0.014721001463368,0.016476074132993252
126,09.01.2018,7,2018,True,har,0.0160383779892954,0.016238506978021056
126,10.01.2018,7,2018,True,har,0.016078713177954,0.016492858601865605
126,11.01.2018,7,2018,True,har,0.0161094711864138,0.015862297874673668
126,12.01.2018,7,2018,True,har,0.0166523628509297,0.01504564756432535
126,16.01.2018,7,2018,True,har,0.0166293319798404,0.014660965658015786
126,17.01.2018,7,2018,True,har,0.0166504954189933,0.015092335141710876
126,18.01.2018,7,2018,True,har,0.0166555169641479,0.014773498509418132
126,19.01.2018,7,2018,True,har,0.0166381249596297,0.014741068047086234
126,22.01.2018,7,2018,True,har,0.0166305989624489,0.015280829165938724
126,23.01.2018,7,2018,True,har,0.0165956073821011,0.015066137855203103
126,24.01.2018,7,2018,True,har,0.0165906626736693,0.015413263761234303
126,25.01.2018,7,2018,True,har,0.0166044045050761,0.015322524007351852
126,26.01.2018,7,2018,True,har,0.0166076333105496,0.014449402481583284
126,29.01.2018,7,2018,True,har,0.0165663771900687,0.014097282199805067
126,30.01.2018,7,2018,True,har,0.0165800502606919,0.01511304207630983
126,31.01.2018,7,2018,True,har,0.0165801258959641,0.014874816902657979
126,01.02.2018,7,2018,True,har,0.0166112523604796,0.014638131985244636
126,02.02.2018,7,2018,True,har,0.0166001546563861,0.014210611734077137
126,05.02.2018,7,2018,True,har,0.0165589927784874,0.014433387100529271
126,06.02.2018,7,2018,True,har,0.0165548217736941,0.014809533441805203
126,07.02.2018,7,2018,True,har,0.0167098129544011,0.014922542863935444
126,08.02.2018,7,2018,True,har,0.0166811439654598,0.015291007581777068
126,09.02.2018,7,2018,True,har,0.0164437981244631,0.014913723949010364
126,12.02.2018,7,2018,True,har,0.0164429109247201,0.016473951846167734
126,13.02.2018,7,2018,True,har,0.0164452462078024,0.015668496772013672
126,14.02.2018,7,2018,True,har,0.0164431597343548,0.01579006749218323
126,15.02.2018,7,2018,True,har,0.016460892833836,0.017580349732635194
126,16.02.2018,7,2018,True,har,0.0164542403634879,0.016947886392878295
126,20.02.2018,7,2018,True,har,0.0164517525595933,0.016796013467379765
126,21.02.2018,7,2018,True,har,0.0164570128572858,0.016702775357032122
126,22.02.2018,7,2018,True,har,0.016604315701817,0.016380256994910723
126,23.02.2018,7,2018,True,har,0.0165649182418895,0.016655489032904664
126,26.02.2018,7,2018,True,har,0.0166086400991796,0.016850606845040927
126,27.02.2018,7,2018,True,har,0.0165657226297118,0.016628656387860125
126,28.02.2018,7,2018,True,har,0.0165236651870512,0.017073991650608404
126,01.03.2018,7,2018,True,har,0.0165721238879002,0.017267805131556315
126,02.03.2018,7,2018,True,har,0.0164660532423212,0.01686885312333981
126,05.03.2018,7,2018,True,har,0.0164075169060327,0.017529131723168154
126,06.03.2018,7,2018,True,har,0.0164228088387138,0.01806833191234895
126,07.03.2018,7,2018,True,har,0.0163268583098328,0.017619393358201996
126,08.03.2018,7,2018,True,har,0.0163185317544238,0.018435146524966917
126,09.03.2018,7,2018,True,har,0.016130662410761,0.017969136499247175
126,12.03.2018,7,2018,True,har,0.0161157534405734,0.019178529471091395
126,13.03.2018,7,2018,True,har,0.0162061390361558,0.017826956402773802
126,14.03.2018,7,2018,True,har,0.0162168066583674,0.017745878067615208
126,15.03.2018,7,2018,True,har,0.0163273598354675,0.0175881132590239
126,16.03.2018,7,2018,True,har,0.0162720896314551,0.016972841268612142
126,19.03.2018,7,2018,True,har,0.0162694798383222,0.017277964119778458
126,20.03.2018,7,2018,True,har,0.0162091453962012,0.0168429116075458
126,21.03.2018,7,2018,True,har,0.0160063370201077,0.017647607689792115
126,22.03.2018,7,2018,True,har,0.0160099649109134,0.018648082965900824
126,23.03.2018,7,2018,True,har,0.0158980440416333,0.018219459260679947
126,26.03.2018,7,2018,True,har,0.01609976840638,0.01879195689566211
126,27.03.2018,7,2018,True,har,0.0161115613658325,0.01842607396530671
126,28.03.2018,7,2018,True,har,0.0161037853856257,0.018139991250387504
126,29.03.2018,7,2018,True,har,0.0160849278219153,0.018045351391141055
126,02.04.2018,7,2018,True,har,0.0157207739560924,0.018118080343139588
126,03.04.2018,7,2018,True,har,0.0158751952254163,0.019884542640344997
126,04.04.2018,7,2018,True,har,0.0158763593218321,0.019027103281599702
126,05.04.2018,7,2018,True,har,0.0159357964757891,0.01889121275070644
126,06.04.2018,7,2018,True,har,0.0159567269224516,0.01855075080337281
126,09.04.2018,7,2018,True,har,0.015857541250362,0.019006333966422147
126,10.04.2018,7,2018,True,har,0.0155896627240641,0.0187053803311271
126,11.04.2018,7,2018,True,har,0.0155811664313018,0.019839330686981484
126,12.04.2018,7,2018,True,har,0.0157269246416119,0.01931471130661489
126,13.04.2018,7,2018,True,har,0.0160349139484544,0.019029560855437954
126,16.04.2018,7,2018,True,har,0.01596319936167,0.01888828030615868
126,17.04.2018,7,2018,True,har,0.0159656655498178,0.01952440129559436
126,18.04.2018,7,2018,True,har,0.0158163269282284,0.01882993519354624
126,19.04.2018,7,2018,True,har,0.0158914554111445,0.019740733302907758
126,20.04.2018,7,2018,True,har,0.0159147207980665,0.018716442601644512
126,23.04.2018,7,2018,True,har,0.0159057542471031,0.018612780331539104
126,24.04.2018,7,2018,True,har,0.0158694307475205,0.01826293156061035
126,25.04.2018,7,2018,True,har,0.0163459692197355,0.018600629042080558
126,26.04.2018,7,2018,True,har,0.0163261392805531,0.018093115633421676
126,27.04.2018,7,2018,True,har,0.0163463572169469,0.018268734753260796
126,30.04.2018,7,2018,True,har,0.0163556683453587,0.018041508583894972
126,01.05.2018,7,2018,True,har,0.0163592866564596,0.016701232878988677
126,02.05.2018,7,2018,True,har,0.0162983882184267,0.01638772605655746
126,03.05.2018,7,2018,True,har,0.0163046832284933,0.018070793864610052
126,04.05.2018,7,2018,True,har,0.0162360972638022,0.0175105328716704
126,07.05.2018,7,2018,True,har,0.0164768831131178,0.017663418452202866
126,08.05.2018,7,2018,True,har,0.0164107072079956,0.017608051442787757
126,09.05.2018,7,2018,True,har,0.0162166615149494,0.017296744471270803
126,10.05.2018,7,2018,True,har,0.0162128922044056,0.018178107729548296
126,11.05.2018,7,2018,True,har,0.0163004847492377,0.017489468152701908
126,14.05.2018,7,2018,True,har,0.016253223476869,0.017579636387865482
126,15.05.2018,7,2018,True,har,0.0162503302589385,0.01754863660952758
126,16.05.2018,7,2018,True,har,0.0172996991181905,0.017050925343751414
126,17.05.2018,7,2018,True,har,0.0173288190678004,0.016545704511602057
126,18.05.2018,7,2018,True,har,0.0173299018639567,0.01631531356145721
126,21.05.2018,7,2018,True,har,0.0173079567145584,0.0168024863031212
126,22.05.2018,7,2018,True,har,0.0173009967113374,0.016722166349256218
126,23.05.2018,7,2018,True,har,0.0182257429107465,0.016406572681432693
126,24.05.2018,7,2018,True,har,0.0182622818387725,0.016311136732711416
126,25.05.2018,7,2018,True,har,0.0192792408539762,0.016861368778367754
126,29.05.2018,7,2018,True,har,0.0194369435084382,0.018481673281177943
126,30.05.2018,7,2018,True,har,0.0192586719714574,0.01812616421467925
126,31.05.2018,7,2018,True,har,0.019359224703572,0.019355459113206228
126,01.06.2018,7,2018,True,har,0.0194037092475353,0.018168822282936856
126,04.06.2018,7,2018,True,har,0.0192682610758603,0.018132066014384413
126,05.06.2018,7,2018,True,har,0.0198051431041522,0.01943799098641292
126,06.06.2018,7,2018,True,har,0.0198172970747682,0.01847290691803191
126,07.06.2018,7,2018,True,har,0.0198630275053544,0.017910906929146334
126,08.06.2018,7,2018,True,har,0.0200063670261096,0.018569856957738627
126,11.06.2018,7,2018,True,har,0.0201418236386121,0.018324844333991917
126,12.06.2018,7,2018,True,har,0.0201417745803103,0.017731937569121496
126,13.06.2018,7,2018,True,har,0.0201075985264891,0.017804516558118537
126,14.06.2018,7,2018,True,har,0.0201993979321718,0.018036366968577883
126,15.06.2018,7,2018,True,har,0.0200593561461273,0.01769950381084753
126,18.06.2018,7,2018,True,har,0.0199286605127918,0.01928924457063924
126,19.06.2018,7,2018,True,har,0.0205429849518793,0.019906858483778954
126,20.06.2018,7,2018,True,har,0.0206156290801662,0.019274304467464934
126,21.06.2018,7,2018,True,har,0.0210061634437016,0.01920663703429308
126,22.06.2018,7,2018,True,har,0.0207657622708524,0.019938092979143604
126,25.06.2018,7,2018,True,har,0.0214668727283265,0.021053181933573504
126,26.06.2018,7,2018,True,har,0.0225039320054109,0.019938698641358693
126,27.06.2018,7,2018,True,har,0.0227226035774122,0.020450884725262027
126,28.06.2018,7,2018,True,har,0.0227187241044963,0.020065849590235357
126,29.06.2018,7,2018,True,har,0.0228180199478984,0.019435072029764064
126,02.07.2018,7,2018,True,har,0.0228089928229027,0.019946890975854316
126,03.07.2018,7,2018,True,har,0.0228764431064633,0.02031590894242334
126,05.07.2018,7,2018,True,har,0.0229612652341293,0.01973618826695244
126,06.07.2018,7,2018,True,har,0.0229697934957478,0.019668171971685362
126,09.07.2018,7,2018,True,har,0.0230522325733087,0.0192355006975011
126,10.07.2018,7,2018,True,har,0.0234135007784804,0.019347999454828627
126,11.07.2018,7,2018,True,har,0.0225646492082504,0.01901027195404567
126,12.07.2018,7,2018,True,har,0.0225791257155334,0.024617834625795997
126,13.07.2018,7,2018,True,har,0.0226414738805782,0.023344095759396874
126,16.07.2018,7,2018,True,har,0.0224208470247296,0.023367923371274538
126,17.07.2018,7,2018,True,har,0.0224426525122627,0.024888413634586253
126,18.07.2018,7,2018,True,har,0.0224190463032028,0.023468806002300995
126,19.07.2018,7,2018,True,har,0.0225359239817612,0.023066851802207234
126,20.07.2018,7,2018,True,har,0.0225824251876952,0.022856317669105716
126,23.07.2018,7,2018,True,har,0.0225857014986833,0.022668285646323057
126,24.07.2018,7,2018,True,har,0.0225779943965862,0.021088803947619313
126,25.07.2018,7,2018,True,har,0.0225855806104667,0.021187650492967315
126,26.07.2018,7,2018,True,har,0.0226931096857126,0.02096010709940017
126,27.07.2018,7,2018,True,har,0.0227986220075691,0.020787154961848867
126,30.07.2018,7,2018,True,har,0.0227870866003225,0.020730488279823555
126,31.07.2018,7,2018,True,har,0.022780510383416,0.020669005438874864
126,01.08.2018,7,2018,True,har,0.0227803645571639,0.02051992877771199
126,02.08.2018,7,2018,True,har,0.022788470733651,0.020233451443255182
126,03.08.2018,7,2018,True,har,0.0227969212543347,0.020541354287084854
126,06.08.2018,7,2018,True,har,0.0228120552196516,0.02035665756198063
126,07.08.2018,7,2018,True,har,0.0228228647620052,0.020355098263436473
126,08.08.2018,7,2018,True,har,0.0226690731021199,0.020575278281063626
126,09.08.2018,7,2018,True,har,0.0226807730623911,0.018859715204446934
126,10.08.2018,7,2018,True,har,0.0227023506889478,0.017947705392244075
126,13.08.2018,7,2018,True,har,0.0227724094032981,0.01814613704287467
126,14.08.2018,7,2018,True,har,0.0228169112726861,0.015858469009370213
126,15.08.2018,7,2018,True,har,0.0228462007919328,0.015736403206065314
126,16.08.2018,7,2018,True,har,0.0228310065844761,0.016565834618892165
126,17.08.2018,7,2018,True,har,0.0228418942527149,0.01639105812093905
126,20.08.2018,7,2018,True,har,0.0228359495916695,0.016240274538527874
126,21.08.2018,7,2018,True,har,0.0228290812317095,0.016291989012200962
126,22.08.2018,7,2018,True,har,0.0228842633639287,0.016327011274941745
126,23.08.2018,7,2018,True,har,0.0228955147599219,0.017516587564237778
126,24.08.2018,7,2018,True,har,0.0229163488253274,0.016826742644064103
126,27.08.2018,7,2018,True,har,0.0229128708407079,0.017323592455926684
126,28.08.2018,7,2018,True,har,0.0229436203859699,0.017052702501088788
126,29.08.2018,7,2018,True,har,0.0229133687769631,0.017000871714012464
126,30.08.2018,7,2018,True,har,0.0229008956720867,0.017257921325002028
126,31.08.2018,7,2018,True,har,0.0229009504096603,0.016910260160214838
126,04.09.2018,7,2018,True,har,0.0228863200687629,0.016866358683217578
126,05.09.2018,7,2018,True,har,0.0228768579227179,0.01703117410575592
126,06.09.2018,7,2018,True,har,0.0228969688936158,0.017274837155542212
126,07.09.2018,7,2018,True,har,0.022892900811566,0.016190882155560693
126,10.09.2018,7,2018,True,har,0.0229167133466862,0.0159786806144627
126,11.09.2018,7,2018,True,har,0.0228281088829185,0.016042132968153384
126,12.09.2018,7,2018,True,har,0.0228109816882123,0.016858084535426685
126,13.09.2018,7,2018,True,har,0.0227592950263376,0.016405637860652682
126,14.09.2018,7,2018,True,har,0.0227601365993894,0.016631545342917328
126,17.09.2018,7,2018,True,har,0.0227953266758197,0.016200129284607442
126,18.09.2018,7,2018,True,har,0.0227748445212653,0.01620287851018615
126,19.09.2018,7,2018,True,har,0.0227899933178278,0.016439588394214742
126,20.09.2018,7,2018,True,har,0.0227827493118561,0.016221546780082134
126,21.09.2018,7,2018,True,har,0.0228088982578738,0.015589207288718404
126,24.09.2018,7,2018,True,har,0.0226365093209817,0.015388625348213423
126,25.09.2018,7,2018,True,har,0.0226202557651671,0.017043042474917506
126,26.09.2018,7,2018,True,har,0.022632725042596,0.016522058830937415
126,27.09.2018,7,2018,True,har,0.0226453729925181,0.016591107778184254
126,28.09.2018,7,2018,True,har,0.0226206450984681,0.01630521415355158
126,01.10.2018,7,2018,True,har,0.0224770166387467,0.016529639246131482
126,02.10.2018,7,2018,True,har,0.0224784676940734,0.017289925261718738
126,03.10.2018,7,2018,True,har,0.0224544093564397,0.016744702863875624
126,04.10.2018,7,2018,True,har,0.022420027393709,0.01692593321215039
126,05.10.2018,7,2018,True,har,0.0224231805194033,0.017689208173258555
126,08.10.2018,7,2018,True,har,0.0224745284587407,0.01742376459392867
126,09.10.2018,7,2018,True,har,0.0224610183879148,0.017168149831885006
126,10.10.2018,7,2018,True,har,0.0224025803925882,0.01728024971508118
126,11.10.2018,7,2018,True,har,0.0222033432619936,0.018030516497164528
126,12.10.2018,7,2018,True,har,0.0222146501943187,0.019187902299751904
126,15.10.2018,7,2018,True,har,0.0222096786854982,0.018426087190433336
126,16.10.2018,7,2018,True,har,0.0222020801516009,0.01852109066520457
126,17.10.2018,7,2018,True,har,0.0223085667908244,0.018488245469492817
126,18.10.2018,7,2018,True,har,0.022302595109122,0.01889278914920732
126,19.10.2018,7,2018,True,har,0.0222949137203035,0.018375528910395036
126,22.10.2018,7,2018,True,har,0.0222957024936178,0.018343107600048036
126,23.10.2018,7,2018,True,har,0.0221215123682601,0.017493423001149696
126,24.10.2018,7,2018,True,har,0.022119997083376,0.02012547543153191
126,25.10.2018,7,2018,True,har,0.0221240784701199,0.019155490116675722
126,26.10.2018,7,2018,True,har,0.0221178712314479,0.019449445200478713
126,29.10.2018,7,2018,True,har,0.0221840198125232,0.01942248777087726
126,30.10.2018,7,2018,True,har,0.0221260422898071,0.018585371157169097
126,31.10.2018,7,2018,True,har,0.0221274348235901,0.01862035026487618
126,01.11.2018,7,2018,True,har,0.0221906657162015,0.017892756296700067
126,02.11.2018,7,2018,True,har,0.0219715841833127,0.01757209369520569
126,05.11.2018,7,2018,True,har,0.0219671874120909,0.019313591276912682
126,06.11.2018,7,2018,True,har,0.0219333043557931,0.018711474263796844
126,07.11.2018,7,2018,True,har,0.0219384500629956,0.018657531055884163
126,08.11.2018,7,2018,True,har,0.0219042632190187,0.018215631439868846
126,09.11.2018,7,2018,True,har,0.0219055327447973,0.018183566214790173
126,12.11.2018,7,2018,True,har,0.0219296478284777,0.017515051238859283
126,13.11.2018,7,2018,True,har,0.0210468266714424,0.017230625897275167
126,14.11.2018,7,2018,True,har,0.0210340212526604,0.02211644212738461
126,15.11.2018,7,2018,True,har,0.0210259912500019,0.020997053642221198
126,16.11.2018,7,2018,True,har,0.0210816564301708,0.021186995294380798
126,19.11.2018,7,2018,True,har,0.0214943917019974,0.021018965400794332
126,20.11.2018,7,2018,True,har,0.0206929531421704,0.02098112140417982
126,21.11.2018,7,2018,True,har,0.0207283100135833,0.023653638554477965
126,23.11.2018,7,2018,True,har,0.0195531581398411,0.022749528323903
126,26.11.2018,7,2018,True,har,0.0197119523502502,0.02651443900840522
126,27.11.2018,7,2018,True,har,0.0199812132587307,0.026088764186021858
126,28.11.2018,7,2018,True,har,0.0203847156232341,0.02548346536473742
126,29.11.2018,7,2018,True,har,0.020377941772588,0.0257045963072631
126,30.11.2018,7,2018,True,har,0.0204366484854513,0.025643189263495438
126,03.12.2018,7,2018,True,har,0.020010625270385,0.024696137249796857
126,04.12.2018,7,2018,True,har,0.020136101294573,0.027097336170834603
126,06.12.2018,7,2018,True,har,0.019966894161973,0.0260431939735352
126,07.12.2018,7,2018,True,har,0.0198281770741694,0.027021509169264227
126,10.12.2018,7,2018,True,har,0.0199608991039183,0.027355165770826143
126,11.12.2018,7,2018,True,har,0.0200550700430874,0.027613310588692243
126,12.12.2018,7,2018,True,har,0.0200796832976185,0.026605600656891062
126,13.12.2018,7,2018,True,har,0.0200502924246091,0.02650510548984271
126,14.12.2018,7,2018,True,har,0.0200510773384953,0.02564683744885667
126,17.12.2018,7,2018,True,har,0.0200308273687705,0.025519682402370878
126,18.12.2018,7,2018,True,har,0.0196791361881184,0.025092312299376283
126,19.12.2018,7,2018,True,har,0.0196481491609373,0.027796304975417095
126,20.12.2018,7,2018,True,har,0.019075839298848,0.027150440954914135
126,21.12.2018,7,2018,True,har,0.0190497225131718,0.027404893329762807
126,24.12.2018,7,2018,True,har,0.0181972902874308,0.02621963823543702
126,26.12.2018,7,2018,True,har,0.0169377529248813,0.027128210097672526
126,27.12.2018,7,2018,True,har,0.016451237091611,0.030469324776442982
126,28.12.2018,7,2018,True,har,0.016596080098768,0.03013823353084449
126,31.12.2018,7,2018,True,har,0.0168452356170953,0.02887908821179802
126,02.01.2018,7,2018,True,har_ovx,0.0147530740480115,0.014064456389209107
126,03.01.2018,7,2018,True,har_ovx,0.0146768365737847,0.014584759829645758
126,04.01.2018,7,2018,True,har_ovx,0.0146811815862165,0.014737609502475598
126,05.01.2018,7,2018,True,har_ovx,0.0146998630098374,0.014380411167199035
126,08.01.2018,7,2018,True,har_ovx,0.014721001463368,0.014362719414921746
126,09.01.2018,7,2018,True,har_ovx,0.0160383779892954,0.014161218258234928
126,10.01.2018,7,2018,True,har_ovx,0.016078713177954,0.014648807973086955
126,11.01.2018,7,2018,True,har_ovx,0.0161094711864138,0.014752138317845165
126,12.01.2018,7,2018,True,har_ovx,0.0166523628509297,0.01461435630390603
126,16.01.2018,7,2018,True,har_ovx,0.0166293319798404,0.014620513097624145
126,17.01.2018,7,2018,True,har_ovx,0.0166504954189933,0.015740971268374676
126,18.01.2018,7,2018,True,har_ovx,0.0166555169641479,0.015040272718524296
126,19.01.2018,7,2018,True,har_ovx,0.0166381249596297,0.014906882536227429
126,22.01.2018,7,2018,True,har_ovx,0.0166305989624489,0.01380998316180616
126,23.01.2018,7,2018,True,har_ovx,0.0165956073821011,0.014082594123852363
126,24.01.2018,7,2018,True,har_ovx,0.0165906626736693,0.014271168267573874
126,25.01.2018,7,2018,True,har_ovx,0.0166044045050761,0.014830346546032247
126,26.01.2018,7,2018,True,har_ovx,0.0166076333105496,0.014079181494554685
126,29.01.2018,7,2018,True,har_ovx,0.0165663771900687,0.014040901946245415
126,30.01.2018,7,2018,True,har_ovx,0.0165800502606919,0.014362862555727472
126,31.01.2018,7,2018,True,har_ovx,0.0165801258959641,0.014374168326188212
126,01.02.2018,7,2018,True,har_ovx,0.0166112523604796,0.014079555024311713
126,02.02.2018,7,2018,True,har_ovx,0.0166001546563861,0.014020781501418708
126,05.02.2018,7,2018,True,har_ovx,0.0165589927784874,0.014679668429270848
126,06.02.2018,7,2018,True,har_ovx,0.0165548217736941,0.015565929702361148
126,07.02.2018,7,2018,True,har_ovx,0.0167098129544011,0.015819620732390204
126,08.02.2018,7,2018,True,har_ovx,0.0166811439654598,0.015978425855186024
126,09.02.2018,7,2018,True,har_ovx,0.0164437981244631,0.016933290532522852
126,12.02.2018,7,2018,True,har_ovx,0.0164429109247201,0.01734404659236374
126,13.02.2018,7,2018,True,har_ovx,0.0164452462078024,0.016911532649198334
126,14.02.2018,7,2018,True,har_ovx,0.0164431597343548,0.017263113393468123
126,15.02.2018,7,2018,True,har_ovx,0.016460892833836,0.016546135050353045
126,16.02.2018,7,2018,True,har_ovx,0.0164542403634879,0.01628119014982447
126,20.02.2018,7,2018,True,har_ovx,0.0164517525595933,0.016159327474570908
126,21.02.2018,7,2018,True,har_ovx,0.0164570128572858,0.016382173394385927
126,22.02.2018,7,2018,True,har_ovx,0.016604315701817,0.01607462914170473
126,23.02.2018,7,2018,True,har_ovx,0.0165649182418895,0.015479711971095596
126,26.02.2018,7,2018,True,har_ovx,0.0166086400991796,0.015278691070355527
126,27.02.2018,7,2018,True,har_ovx,0.0165657226297118,0.015184501936973304
126,28.02.2018,7,2018,True,har_ovx,0.0165236651870512,0.015591481751847523
126,01.03.2018,7,2018,True,har_ovx,0.0165721238879002,0.016209144831647204
126,02.03.2018,7,2018,True,har_ovx,0.0164660532423212,0.016144026987757593
126,05.03.2018,7,2018,True,har_ovx,0.0164075169060327,0.016032852656763796
126,06.03.2018,7,2018,True,har_ovx,0.0164228088387138,0.01609651968730895
126,07.03.2018,7,2018,True,har_ovx,0.0163268583098328,0.015684098135589717
126,08.03.2018,7,2018,True,har_ovx,0.0163185317544238,0.01638971366448013
126,09.03.2018,7,2018,True,har_ovx,0.016130662410761,0.01597703090332388
126,12.03.2018,7,2018,True,har_ovx,0.0161157534405734,0.016218038917067554
126,13.03.2018,7,2018,True,har_ovx,0.0162061390361558,0.015108356808540332
126,14.03.2018,7,2018,True,har_ovx,0.0162168066583674,0.015642178921153736
126,15.03.2018,7,2018,True,har_ovx,0.0163273598354675,0.015537288812366462
126,16.03.2018,7,2018,True,har_ovx,0.0162720896314551,0.01541423129336365
126,19.03.2018,7,2018,True,har_ovx,0.0162694798383222,0.01536620291463379
126,20.03.2018,7,2018,True,har_ovx,0.0162091453962012,0.015535240812862448
126,21.03.2018,7,2018,True,har_ovx,0.0160063370201077,0.015726888336545956
126,22.03.2018,7,2018,True,har_ovx,0.0160099649109134,0.01612274003933733
126,23.03.2018,7,2018,True,har_ovx,0.0158980440416333,0.016125522755529427
126,26.03.2018,7,2018,True,har_ovx,0.01609976840638,0.016677391610344042
126,27.03.2018,7,2018,True,har_ovx,0.0161115613658325,0.016595083887701197
126,28.03.2018,7,2018,True,har_ovx,0.0161037853856257,0.01640968832955921
126,29.03.2018,7,2018,True,har_ovx,0.0160849278219153,0.01621173719649683
126,02.04.2018,7,2018,True,har_ovx,0.0157207739560924,0.015631157494950535
126,03.04.2018,7,2018,True,har_ovx,0.0158751952254163,0.016878970124439015
126,04.04.2018,7,2018,True,har_ovx,0.0158763593218321,0.016357007911720997
126,05.04.2018,7,2018,True,har_ovx,0.0159357964757891,0.01604031714140845
126,06.04.2018,7,2018,True,har_ovx,0.0159567269224516,0.015325859341786324
126,09.04.2018,7,2018,True,har_ovx,0.015857541250362,0.015693842496979644
126,10.04.2018,7,2018,True,har_ovx,0.0155896627240641,0.015962138948892795
126,11.04.2018,7,2018,True,har_ovx,0.0155811664313018,0.01702708952687441
126,12.04.2018,7,2018,True,har_ovx,0.0157269246416119,0.017384029511013227
126,13.04.2018,7,2018,True,har_ovx,0.0160349139484544,0.017012694176104806
126,16.04.2018,7,2018,True,har_ovx,0.01596319936167,0.017018856756278015
126,17.04.2018,7,2018,True,har_ovx,0.0159656655498178,0.017215578988632598
126,18.04.2018,7,2018,True,har_ovx,0.0158163269282284,0.016764042320322553
126,19.04.2018,7,2018,True,har_ovx,0.0158914554111445,0.017546571849076265
126,20.04.2018,7,2018,True,har_ovx,0.0159147207980665,0.017277756985999433
126,23.04.2018,7,2018,True,har_ovx,0.0159057542471031,0.0171229523582398
126,24.04.2018,7,2018,True,har_ovx,0.0158694307475205,0.01714201208842983
126,25.04.2018,7,2018,True,har_ovx,0.0163459692197355,0.017233407752070946
126,26.04.2018,7,2018,True,har_ovx,0.0163261392805531,0.016803401930655083
126,27.04.2018,7,2018,True,har_ovx,0.0163463572169469,0.016365488063698655
126,30.04.2018,7,2018,True,har_ovx,0.0163556683453587,0.015811747343490827
126,01.05.2018,7,2018,True,har_ovx,0.0163592866564596,0.016670563585436695
126,02.05.2018,7,2018,True,har_ovx,0.0162983882184267,0.016550000877250965
126,03.05.2018,7,2018,True,har_ovx,0.0163046832284933,0.016528481287289884
126,04.05.2018,7,2018,True,har_ovx,0.0162360972638022,0.01612502974276654
126,07.05.2018,7,2018,True,har_ovx,0.0164768831131178,0.015982618285801047
126,08.05.2018,7,2018,True,har_ovx,0.0164107072079956,0.0169761275712913
126,09.05.2018,7,2018,True,har_ovx,0.0162166615149494,0.016116331481034
126,10.05.2018,7,2018,True,har_ovx,0.0162128922044056,0.016295385525730927
126,11.05.2018,7,2018,True,har_ovx,0.0163004847492377,0.016030082603036608
126,14.05.2018,7,2018,True,har_ovx,0.016253223476869,0.015713872733069248
126,15.05.2018,7,2018,True,har_ovx,0.0162503302589385,0.01583150521071254
126,16.05.2018,7,2018,True,har_ovx,0.0172996991181905,0.016010330255720944
126,17.05.2018,7,2018,True,har_ovx,0.0173288190678004,0.015712333221639535
126,18.05.2018,7,2018,True,har_ovx,0.0173299018639567,0.015392660853251718
126,21.05.2018,7,2018,True,har_ovx,0.0173079567145584,0.01553384252186633
126,22.05.2018,7,2018,True,har_ovx,0.0173009967113374,0.01574255384927119
126,23.05.2018,7,2018,True,har_ovx,0.0182257429107465,0.01571391771171557
126,24.05.2018,7,2018,True,har_ovx,0.0182622818387725,0.015762510526867765
126,25.05.2018,7,2018,True,har_ovx,0.0192792408539762,0.015607937040374522
126,29.05.2018,7,2018,True,har_ovx,0.0194369435084382,0.016752983106293355
126,30.05.2018,7,2018,True,har_ovx,0.0192586719714574,0.01712922680175767
126,31.05.2018,7,2018,True,har_ovx,0.019359224703572,0.01685786393831298
126,01.06.2018,7,2018,True,har_ovx,0.0194037092475353,0.016458446554523914
126,04.06.2018,7,2018,True,har_ovx,0.0192682610758603,0.01684387029134969
126,05.06.2018,7,2018,True,har_ovx,0.0198051431041522,0.01748722150763295
126,06.06.2018,7,2018,True,har_ovx,0.0198172970747682,0.017152415838995086
126,07.06.2018,7,2018,True,har_ovx,0.0198630275053544,0.0170778522338037
126,08.06.2018,7,2018,True,har_ovx,0.0200063670261096,0.016816114395948087
126,11.06.2018,7,2018,True,har_ovx,0.0201418236386121,0.016534063834723174
126,12.06.2018,7,2018,True,har_ovx,0.0201417745803103,0.016191202447607918
126,13.06.2018,7,2018,True,har_ovx,0.0201075985264891,0.016122804947928462
126,14.06.2018,7,2018,True,har_ovx,0.0201993979321718,0.016355440305239163
126,15.06.2018,7,2018,True,har_ovx,0.0200593561461273,0.01621470336789984
126,18.06.2018,7,2018,True,har_ovx,0.0199286605127918,0.0168324445073356
126,19.06.2018,7,2018,True,har_ovx,0.0205429849518793,0.016797460328947852
126,20.06.2018,7,2018,True,har_ovx,0.0206156290801662,0.016768319501851328
126,21.06.2018,7,2018,True,har_ovx,0.0210061634437016,0.016796045662147215
126,22.06.2018,7,2018,True,har_ovx,0.0207657622708524,0.016864610143879008
126,25.06.2018,7,2018,True,har_ovx,0.0214668727283265,0.01620943638897087
126,26.06.2018,7,2018,True,har_ovx,0.0225039320054109,0.016187135825577802
126,27.06.2018,7,2018,True,har_ovx,0.0227226035774122,0.016121498155934257
126,28.06.2018,7,2018,True,har_ovx,0.0227187241044963,0.01681037488877437
126,29.06.2018,7,2018,True,har_ovx,0.0228180199478984,0.0165925385871594
126,02.07.2018,7,2018,True,har_ovx,0.0228089928229027,0.016716301946832622
126,03.07.2018,7,2018,True,har_ovx,0.0228764431064633,0.017289194804344665
126,05.07.2018,7,2018,True,har_ovx,0.0229612652341293,0.017096495171660155
126,06.07.2018,7,2018,True,har_ovx,0.0229697934957478,0.01716726109688302
126,09.07.2018,7,2018,True,har_ovx,0.0230522325733087,0.01686021472138982
126,10.07.2018,7,2018,True,har_ovx,0.0234135007784804,0.016937125526781054
126,11.07.2018,7,2018,True,har_ovx,0.0225646492082504,0.016492262994206433
126,12.07.2018,7,2018,True,har_ovx,0.0225791257155334,0.01792311105472405
126,13.07.2018,7,2018,True,har_ovx,0.0226414738805782,0.017169504914170953
126,16.07.2018,7,2018,True,har_ovx,0.0224208470247296,0.017048271785504457
126,17.07.2018,7,2018,True,har_ovx,0.0224426525122627,0.017958380680812056
126,18.07.2018,7,2018,True,har_ovx,0.0224190463032028,0.01718341212602885
126,19.07.2018,7,2018,True,har_ovx,0.0225359239817612,0.017003782115670364
126,20.07.2018,7,2018,True,har_ovx,0.0225824251876952,0.01681107318720207
126,23.07.2018,7,2018,True,har_ovx,0.0225857014986833,0.01649000085706327
126,24.07.2018,7,2018,True,har_ovx,0.0225779943965862,0.01647508756222225
126,25.07.2018,7,2018,True,har_ovx,0.0225855806104667,0.016323422688116
126,26.07.2018,7,2018,True,har_ovx,0.0226931096857126,0.016190257462779245
126,27.07.2018,7,2018,True,har_ovx,0.0227986220075691,0.016016752880830713
126,30.07.2018,7,2018,True,har_ovx,0.0227870866003225,0.01600303127973458
126,31.07.2018,7,2018,True,har_ovx,0.022780510383416,0.016345333072603333
126,01.08.2018,7,2018,True,har_ovx,0.0227803645571639,0.016553792529530098
126,02.08.2018,7,2018,True,har_ovx,0.022788470733651,0.01644535695923002
126,03.08.2018,7,2018,True,har_ovx,0.0227969212543347,0.016266023116007687
126,06.08.2018,7,2018,True,har_ovx,0.0228120552196516,0.016159071954778982
126,07.08.2018,7,2018,True,har_ovx,0.0228228647620052,0.016112924889770897
126,08.08.2018,7,2018,True,har_ovx,0.0226690731021199,0.01607486249673351
126,09.08.2018,7,2018,True,har_ovx,0.0226807730623911,0.016291503294868177
126,10.08.2018,7,2018,True,har_ovx,0.0227023506889478,0.01564595240997567
126,13.08.2018,7,2018,True,har_ovx,0.0227724094032981,0.015715676748993258
126,14.08.2018,7,2018,True,har_ovx,0.0228169112726861,0.015312929389357948
126,15.08.2018,7,2018,True,har_ovx,0.0228462007919328,0.01564217541598989
126,16.08.2018,7,2018,True,har_ovx,0.0228310065844761,0.016304869834965287
126,17.08.2018,7,2018,True,har_ovx,0.0228418942527149,0.015845989505632364
126,20.08.2018,7,2018,True,har_ovx,0.0228359495916695,0.0155815166344881
126,21.08.2018,7,2018,True,har_ovx,0.0228290812317095,0.015412277993792549
126,22.08.2018,7,2018,True,har_ovx,0.0228842633639287,0.015348371877506742
126,23.08.2018,7,2018,True,har_ovx,0.0228955147599219,0.015524226845607374
126,24.08.2018,7,2018,True,har_ovx,0.0229163488253274,0.015139568859077869
126,27.08.2018,7,2018,True,har_ovx,0.0229128708407079,0.014881306552007204
126,28.08.2018,7,2018,True,har_ovx,0.0229436203859699,0.014938773661363682
126,29.08.2018,7,2018,True,har_ovx,0.0229133687769631,0.015216734284469086
126,30.08.2018,7,2018,True,har_ovx,0.0229008956720867,0.015289454316775607
126,31.08.2018,7,2018,True,har_ovx,0.0229009504096603,0.015430370219607258
126,04.09.2018,7,2018,True,har_ovx,0.0228863200687629,0.0154495936689627
126,05.09.2018,7,2018,True,har_ovx,0.0228768579227179,0.016128016115873417
126,06.09.2018,7,2018,True,har_ovx,0.0228969688936158,0.016116281078090006
126,07.09.2018,7,2018,True,har_ovx,0.022892900811566,0.01579466836984601
126,10.09.2018,7,2018,True,har_ovx,0.0229167133466862,0.015712403622759805
126,11.09.2018,7,2018,True,har_ovx,0.0228281088829185,0.01574890317303689
126,12.09.2018,7,2018,True,har_ovx,0.0228109816882123,0.016276013235415044
126,13.09.2018,7,2018,True,har_ovx,0.0227592950263376,0.01609938955167769
126,14.09.2018,7,2018,True,har_ovx,0.0227601365993894,0.01605484428320441
126,17.09.2018,7,2018,True,har_ovx,0.0227953266758197,0.015791025750483655
126,18.09.2018,7,2018,True,har_ovx,0.0227748445212653,0.015823344270321532
126,19.09.2018,7,2018,True,har_ovx,0.0227899933178278,0.01605774763087409
126,20.09.2018,7,2018,True,har_ovx,0.0227827493118561,0.015826064133374063
126,21.09.2018,7,2018,True,har_ovx,0.0228088982578738,0.01569250084109101
126,24.09.2018,7,2018,True,har_ovx,0.0226365093209817,0.01565996355249718
126,25.09.2018,7,2018,True,har_ovx,0.0226202557651671,0.01626812796349475
126,26.09.2018,7,2018,True,har_ovx,0.022632725042596,0.01604141674180125
126,27.09.2018,7,2018,True,har_ovx,0.0226453729925181,0.015916460859781868
126,28.09.2018,7,2018,True,har_ovx,0.0226206450984681,0.01585708748083255
126,01.10.2018,7,2018,True,har_ovx,0.0224770166387467,0.016033752487684523
126,02.10.2018,7,2018,True,har_ovx,0.0224784676940734,0.016682995548607298
126,03.10.2018,7,2018,True,har_ovx,0.0224544093564397,0.01637667494344721
126,04.10.2018,7,2018,True,har_ovx,0.022420027393709,0.016630307131250313
126,05.10.2018,7,2018,True,har_ovx,0.0224231805194033,0.017001682073820062
126,08.10.2018,7,2018,True,har_ovx,0.0224745284587407,0.016867005997208563
126,09.10.2018,7,2018,True,har_ovx,0.0224610183879148,0.016884594660687223
126,10.10.2018,7,2018,True,har_ovx,0.0224025803925882,0.01656698268312542
126,11.10.2018,7,2018,True,har_ovx,0.0222033432619936,0.017068700889318222
126,12.10.2018,7,2018,True,har_ovx,0.0222146501943187,0.01742692502771693
126,15.10.2018,7,2018,True,har_ovx,0.0222096786854982,0.016568849847774486
126,16.10.2018,7,2018,True,har_ovx,0.0222020801516009,0.01690905057757216
126,17.10.2018,7,2018,True,har_ovx,0.0223085667908244,0.016933114090062564
126,18.10.2018,7,2018,True,har_ovx,0.022302595109122,0.01686854862823725
126,19.10.2018,7,2018,True,har_ovx,0.0222949137203035,0.016990774439355046
126,22.10.2018,7,2018,True,har_ovx,0.0222957024936178,0.016544819924765242
126,23.10.2018,7,2018,True,har_ovx,0.0221215123682601,0.01653193735404394
126,24.10.2018,7,2018,True,har_ovx,0.022119997083376,0.01762460359207466
126,25.10.2018,7,2018,True,har_ovx,0.0221240784701199,0.017457102656542475
126,26.10.2018,7,2018,True,har_ovx,0.0221178712314479,0.01701588813233447
126,29.10.2018,7,2018,True,har_ovx,0.0221840198125232,0.017229930615438066
126,30.10.2018,7,2018,True,har_ovx,0.0221260422898071,0.01722695308635116
126,31.10.2018,7,2018,True,har_ovx,0.0221274348235901,0.017572680985258157
126,01.11.2018,7,2018,True,har_ovx,0.0221906657162015,0.017491527083931785
126,02.11.2018,7,2018,True,har_ovx,0.0219715841833127,0.01797362257898089
126,05.11.2018,7,2018,True,har_ovx,0.0219671874120909,0.018591897933104035
126,06.11.2018,7,2018,True,har_ovx,0.0219333043557931,0.018520091144872724
126,07.11.2018,7,2018,True,har_ovx,0.0219384500629956,0.019117609693609476
126,08.11.2018,7,2018,True,har_ovx,0.0219042632190187,0.018571269548247553
126,09.11.2018,7,2018,True,har_ovx,0.0219055327447973,0.01835176345200371
126,12.11.2018,7,2018,True,har_ovx,0.0219296478284777,0.01934365196681787
126,13.11.2018,7,2018,True,har_ovx,0.0210468266714424,0.021195940503029292
126,14.11.2018,7,2018,True,har_ovx,0.0210340212526604,0.027877464296411747
126,15.11.2018,7,2018,True,har_ovx,0.0210259912500019,0.024157047476837917
126,16.11.2018,7,2018,True,har_ovx,0.0210816564301708,0.022944899678865552
126,19.11.2018,7,2018,True,har_ovx,0.0214943917019974,0.021639021145691772
126,20.11.2018,7,2018,True,har_ovx,0.0206929531421704,0.02271697307701509
126,21.11.2018,7,2018,True,har_ovx,0.0207283100135833,0.02836723770323945
126,23.11.2018,7,2018,True,har_ovx,0.0195531581398411,0.026189181159277073
126,26.11.2018,7,2018,True,har_ovx,0.0197119523502502,0.031960956034968714
126,27.11.2018,7,2018,True,har_ovx,0.0199812132587307,0.028858924999450846
126,28.11.2018,7,2018,True,har_ovx,0.0203847156232341,0.02744639259274787
126,29.11.2018,7,2018,True,har_ovx,0.020377941772588,0.02739448766448057
126,30.11.2018,7,2018,True,har_ovx,0.0204366484854513,0.02732330541476082
126,03.12.2018,7,2018,True,har_ovx,0.020010625270385,0.028182790027638783
126,04.12.2018,7,2018,True,har_ovx,0.020136101294573,0.026178371835540483
126,06.12.2018,7,2018,True,har_ovx,0.019966894161973,0.025917295499094807
126,07.12.2018,7,2018,True,har_ovx,0.0198281770741694,0.026265035095198012
126,10.12.2018,7,2018,True,har_ovx,0.0199608991039183,0.02312884438416308
126,11.12.2018,7,2018,True,har_ovx,0.0200550700430874,0.024363737487365943
126,12.12.2018,7,2018,True,har_ovx,0.0200796832976185,0.022853122895966263
126,13.12.2018,7,2018,True,har_ovx,0.0200502924246091,0.02224157280796273
126,14.12.2018,7,2018,True,har_ovx,0.0200510773384953,0.02200294687342293
126,17.12.2018,7,2018,True,har_ovx,0.0200308273687705,0.023178281177051806
126,18.12.2018,7,2018,True,har_ovx,0.0196791361881184,0.024712243570442386
126,19.12.2018,7,2018,True,har_ovx,0.0196481491609373,0.027726750639155234
126,20.12.2018,7,2018,True,har_ovx,0.019075839298848,0.026473280267264407
126,21.12.2018,7,2018,True,har_ovx,0.0190497225131718,0.027451284107382797
126,24.12.2018,7,2018,True,har_ovx,0.0181972902874308,0.026652541219602977
126,26.12.2018,7,2018,True,har_ovx,0.0169377529248813,0.028875562297809812
126,27.12.2018,7,2018,True,har_ovx,0.016451237091611,0.028177969678571356
126,28.12.2018,7,2018,True,har_ovx,0.016596080098768,0.029142170021311805
126,31.12.2018,7,2018,True,har_ovx,0.0168452356170953,0.027263896006843723
126,02.01.2018,7,2018,True,har_gpr,0.0147530740480115,0.016987368574425527
126,03.01.2018,7,2018,True,har_gpr,0.0146768365737847,0.018016203450366267
126,04.01.2018,7,2018,True,har_gpr,0.0146811815862165,0.01818872107838192
126,05.01.2018,7,2018,True,har_gpr,0.0146998630098374,0.017705977012773096
126,08.01.2018,7,2018,True,har_gpr,0.014721001463368,0.01710465572519829
126,09.01.2018,7,2018,True,har_gpr,0.0160383779892954,0.016253115596511467
126,10.01.2018,7,2018,True,har_gpr,0.016078713177954,0.01651121610233037
126,11.01.2018,7,2018,True,har_gpr,0.0161094711864138,0.015876303055826765
126,12.01.2018,7,2018,True,har_gpr,0.0166523628509297,0.015064871181442329
126,16.01.2018,7,2018,True,har_gpr,0.0166293319798404,0.014679329970244953
126,17.01.2018,7,2018,True,har_gpr,0.0166504954189933,0.01484148812017912
126,18.01.2018,7,2018,True,har_gpr,0.0166555169641479,0.014517337910282202
126,19.01.2018,7,2018,True,har_gpr,0.0166381249596297,0.014483806812588877
126,22.01.2018,7,2018,True,har_gpr,0.0166305989624489,0.015025451489688653
126,23.01.2018,7,2018,True,har_gpr,0.0165956073821011,0.015534477758729901
126,24.01.2018,7,2018,True,har_gpr,0.0165906626736693,0.015883806354653147
126,25.01.2018,7,2018,True,har_gpr,0.0166044045050761,0.015793409053382827
126,26.01.2018,7,2018,True,har_gpr,0.0166076333105496,0.0149252853198441
126,29.01.2018,7,2018,True,har_gpr,0.0165663771900687,0.014567080394734413
126,30.01.2018,7,2018,True,har_gpr,0.0165800502606919,0.015234341941300827
126,31.01.2018,7,2018,True,har_gpr,0.0165801258959641,0.014990112465377608
126,01.02.2018,7,2018,True,har_gpr,0.0166112523604796,0.014748718221345606
126,02.02.2018,7,2018,True,har_gpr,0.0166001546563861,0.014325025125520755
126,05.02.2018,7,2018,True,har_gpr,0.0165589927784874,0.0145463995334391
126,06.02.2018,7,2018,True,har_gpr,0.0165548217736941,0.0147652798982886
126,07.02.2018,7,2018,True,har_gpr,0.0167098129544011,0.014878224127091371
126,08.02.2018,7,2018,True,har_gpr,0.0166811439654598,0.01524913847913247
126,09.02.2018,7,2018,True,har_gpr,0.0164437981244631,0.014864810272072695
126,12.02.2018,7,2018,True,har_gpr,0.0164429109247201,0.01642862463509263
126,13.02.2018,7,2018,True,har_gpr,0.0164452462078024,0.015524380748807066
126,14.02.2018,7,2018,True,har_gpr,0.0164431597343548,0.015651487356060867
126,15.02.2018,7,2018,True,har_gpr,0.016460892833836,0.017453400423854112
126,16.02.2018,7,2018,True,har_gpr,0.0164542403634879,0.016818185956109916
126,20.02.2018,7,2018,True,har_gpr,0.0164517525595933,0.01664643143865224
126,21.02.2018,7,2018,True,har_gpr,0.0164570128572858,0.016478197691818047
126,22.02.2018,7,2018,True,har_gpr,0.016604315701817,0.016156934143147894
126,23.02.2018,7,2018,True,har_gpr,0.0165649182418895,0.016421617497333677
126,26.02.2018,7,2018,True,har_gpr,0.0166086400991796,0.01661337542603237
126,27.02.2018,7,2018,True,har_gpr,0.0165657226297118,0.0162244917946314
126,28.02.2018,7,2018,True,har_gpr,0.0165236651870512,0.016682903767103255
126,01.03.2018,7,2018,True,har_gpr,0.0165721238879002,0.016881483467221858
126,02.03.2018,7,2018,True,har_gpr,0.0164660532423212,0.01647651346109825
126,05.03.2018,7,2018,True,har_gpr,0.0164075169060327,0.017132450107896952
126,06.03.2018,7,2018,True,har_gpr,0.0164228088387138,0.017957221674787624
126,07.03.2018,7,2018,True,har_gpr,0.0163268583098328,0.017507735645366285
126,08.03.2018,7,2018,True,har_gpr,0.0163185317544238,0.018327499434292804
126,09.03.2018,7,2018,True,har_gpr,0.016130662410761,0.017862485835364074
126,12.03.2018,7,2018,True,har_gpr,0.0161157534405734,0.019077154196608482
126,13.03.2018,7,2018,True,har_gpr,0.0162061390361558,0.01735390299925246
126,14.03.2018,7,2018,True,har_gpr,0.0162168066583674,0.01727191676499668
126,15.03.2018,7,2018,True,har_gpr,0.0163273598354675,0.017107245215491233
126,16.03.2018,7,2018,True,har_gpr,0.0162720896314551,0.016492020600330153
126,19.03.2018,7,2018,True,har_gpr,0.0162694798383222,0.016785244965924123
126,20.03.2018,7,2018,True,har_gpr,0.0162091453962012,0.016613884951470214
126,21.03.2018,7,2018,True,har_gpr,0.0160063370201077,0.017420818373032013
126,22.03.2018,7,2018,True,har_gpr,0.0160099649109134,0.018424964029687612
126,23.03.2018,7,2018,True,har_gpr,0.0158980440416333,0.018001584266924952
126,26.03.2018,7,2018,True,har_gpr,0.01609976840638,0.01857502529229503
126,27.03.2018,7,2018,True,har_gpr,0.0161115613658325,0.01807205138463569
126,28.03.2018,7,2018,True,har_gpr,0.0161037853856257,0.01778670047046107
126,29.03.2018,7,2018,True,har_gpr,0.0160849278219153,0.017683515403832187
126,02.04.2018,7,2018,True,har_gpr,0.0157207739560924,0.017755520760181748
126,03.04.2018,7,2018,True,har_gpr,0.0158751952254163,0.01992366955290969
126,04.04.2018,7,2018,True,har_gpr,0.0158763593218321,0.01906797390168036
126,05.04.2018,7,2018,True,har_gpr,0.0159357964757891,0.018931440523487313
126,06.04.2018,7,2018,True,har_gpr,0.0159567269224516,0.018595515889920346
126,09.04.2018,7,2018,True,har_gpr,0.015857541250362,0.0190486396043399
126,10.04.2018,7,2018,True,har_gpr,0.0155896627240641,0.01853986215087482
126,11.04.2018,7,2018,True,har_gpr,0.0155811664313018,0.019683224421947594
126,12.04.2018,7,2018,True,har_gpr,0.0157269246416119,0.01915561548524621
126,13.04.2018,7,2018,True,har_gpr,0.0160349139484544,0.01887057576627768
126,16.04.2018,7,2018,True,har_gpr,0.01596319936167,0.018714227434577603
126,17.04.2018,7,2018,True,har_gpr,0.0159656655498178,0.01964206442849902
126,18.04.2018,7,2018,True,har_gpr,0.0158163269282284,0.018930572343961748
126,19.04.2018,7,2018,True,har_gpr,0.0158914554111445,0.019850846275079062
126,20.04.2018,7,2018,True,har_gpr,0.0159147207980665,0.0188280200468156
126,23.04.2018,7,2018,True,har_gpr,0.0159057542471031,0.01872482888667673
126,24.04.2018,7,2018,True,har_gpr,0.0158694307475205,0.018030336314681178
126,25.04.2018,7,2018,True,har_gpr,0.0163459692197355,0.01837545908688281
126,26.04.2018,7,2018,True,har_gpr,0.0163261392805531,0.017854099567716733
126,27.04.2018,7,2018,True,har_gpr,0.0163463572169469,0.01803282509713756
126,30.04.2018,7,2018,True,har_gpr,0.0163556683453587,0.01780542083680847
126,01.05.2018,7,2018,True,har_gpr,0.0163592866564596,0.016790264478582822
126,02.05.2018,7,2018,True,har_gpr,0.0162983882184267,0.016468183261020005
126,03.05.2018,7,2018,True,har_gpr,0.0163046832284933,0.01816742041545592
126,04.05.2018,7,2018,True,har_gpr,0.0162360972638022,0.017603094878428177
126,07.05.2018,7,2018,True,har_gpr,0.0164768831131178,0.017765824224538516
126,08.05.2018,7,2018,True,har_gpr,0.0164107072079956,0.01727892224745859
126,09.05.2018,7,2018,True,har_gpr,0.0162166615149494,0.01697600163489861
126,10.05.2018,7,2018,True,har_gpr,0.0162128922044056,0.01785168855809758
126,11.05.2018,7,2018,True,har_gpr,0.0163004847492377,0.017161156448313668
126,14.05.2018,7,2018,True,har_gpr,0.016253223476869,0.017252365970507465
126,15.05.2018,7,2018,True,har_gpr,0.0162503302589385,0.01705134729063677
126,16.05.2018,7,2018,True,har_gpr,0.0172996991181905,0.01654249021284387
126,17.05.2018,7,2018,True,har_gpr,0.0173288190678004,0.01602638573609802
126,18.05.2018,7,2018,True,har_gpr,0.0173299018639567,0.015795868366718514
126,21.05.2018,7,2018,True,har_gpr,0.0173079567145584,0.016286584828372957
126,22.05.2018,7,2018,True,har_gpr,0.0173009967113374,0.01629894198584266
126,23.05.2018,7,2018,True,har_gpr,0.0182257429107465,0.015984636959034525
126,24.05.2018,7,2018,True,har_gpr,0.0182622818387725,0.015886381631150373
126,25.05.2018,7,2018,True,har_gpr,0.0192792408539762,0.01644135119969972
126,29.05.2018,7,2018,True,har_gpr,0.0194369435084382,0.01807123476706807
126,30.05.2018,7,2018,True,har_gpr,0.0192586719714574,0.01753485792129625
126,31.05.2018,7,2018,True,har_gpr,0.019359224703572,0.018778163341494677
126,01.06.2018,7,2018,True,har_gpr,0.0194037092475353,0.01759322722532679
126,04.06.2018,7,2018,True,har_gpr,0.0192682610758603,0.01755567341337748
126,05.06.2018,7,2018,True,har_gpr,0.0198051431041522,0.018904681902159732
126,06.06.2018,7,2018,True,har_gpr,0.0198172970747682,0.017937180597327972
126,07.06.2018,7,2018,True,har_gpr,0.0198630275053544,0.017361737199884444
126,08.06.2018,7,2018,True,har_gpr,0.0200063670261096,0.01803793969095501
126,11.06.2018,7,2018,True,har_gpr,0.0201418236386121,0.01779241775965449
126,12.06.2018,7,2018,True,har_gpr,0.0201417745803103,0.017282618724934223
126,13.06.2018,7,2018,True,har_gpr,0.0201075985264891,0.017358797644389266
126,14.06.2018,7,2018,True,har_gpr,0.0201993979321718,0.017591386762553327
126,15.06.2018,7,2018,True,har_gpr,0.0200593561461273,0.017242334618969256
126,18.06.2018,7,2018,True,har_gpr,0.0199286605127918,0.018844439957781213
126,19.06.2018,7,2018,True,har_gpr,0.0205429849518793,0.01951233887561744
126,20.06.2018,7,2018,True,har_gpr,0.0206156290801662,0.018878500019563052
126,21.06.2018,7,2018,True,har_gpr,0.0210061634437016,0.018808287609249706
126,22.06.2018,7,2018,True,har_gpr,0.0207657622708524,0.01954270774694345
126,25.06.2018,7,2018,True,har_gpr,0.0214668727283265,0.020654399844223563
126,26.06.2018,7,2018,True,har_gpr,0.0225039320054109,0.019641770067349115
126,27.06.2018,7,2018,True,har_gpr,0.0227226035774122,0.0201583030790409
126,28.06.2018,7,2018,True,har_gpr,0.0227187241044963,0.01977563294891469
126,29.06.2018,7,2018,True,har_gpr,0.0228180199478984,0.019129475644313332
126,02.07.2018,7,2018,True,har_gpr,0.0228089928229027,0.019633165197407612
126,03.07.2018,7,2018,True,har_gpr,0.0228764431064633,0.02018540650034289
126,05.07.2018,7,2018,True,har_gpr,0.0229612652341293,0.01960051553719377
126,06.07.2018,7,2018,True,har_gpr,0.0229697934957478,0.019529185057536962
126,09.07.2018,7,2018,True,har_gpr,0.0230522325733087,0.019099214691667216
126,10.07.2018,7,2018,True,har_gpr,0.0234135007784804,0.019997055549485505
126,11.07.2018,7,2018,True,har_gpr,0.0225646492082504,0.01964253998065427
126,12.07.2018,7,2018,True,har_gpr,0.0225791257155334,0.025293140837264652
126,13.07.2018,7,2018,True,har_gpr,0.0226414738805782,0.024019164851799515
126,16.07.2018,7,2018,True,har_gpr,0.0224208470247296,0.024044948269705005
126,17.07.2018,7,2018,True,har_gpr,0.0224426525122627,0.02457309360249276
126,18.07.2018,7,2018,True,har_gpr,0.0224190463032028,0.023150848700865662
126,19.07.2018,7,2018,True,har_gpr,0.0225359239817612,0.022718959289299817
126,20.07.2018,7,2018,True,har_gpr,0.0225824251876952,0.022504642390283637
126,23.07.2018,7,2018,True,har_gpr,0.0225857014986833,0.022316607112170084
126,24.07.2018,7,2018,True,har_gpr,0.0225779943965862,0.020971687087236162
126,25.07.2018,7,2018,True,har_gpr,0.0225855806104667,0.02107120046520203
126,26.07.2018,7,2018,True,har_gpr,0.0226931096857126,0.020843461286968668
126,27.07.2018,7,2018,True,har_gpr,0.0227986220075691,0.020667875248111433
126,30.07.2018,7,2018,True,har_gpr,0.0227870866003225,0.020614626383792443
126,31.07.2018,7,2018,True,har_gpr,0.022780510383416,0.020317567964735495
126,01.08.2018,7,2018,True,har_gpr,0.0227803645571639,0.020178263312555778
126,02.08.2018,7,2018,True,har_gpr,0.022788470733651,0.019890504915862226
126,03.08.2018,7,2018,True,har_gpr,0.0227969212543347,0.020199289318583027
126,06.08.2018,7,2018,True,har_gpr,0.0228120552196516,0.02001403647840717
126,07.08.2018,7,2018,True,har_gpr,0.0228228647620052,0.020452076496969635
126,08.08.2018,7,2018,True,har_gpr,0.0226690731021199,0.020675850994030465
126,09.08.2018,7,2018,True,har_gpr,0.0226807730623911,0.0190001721075939
126,10.08.2018,7,2018,True,har_gpr,0.0227023506889478,0.018086788894492205
126,13.08.2018,7,2018,True,har_gpr,0.0227724094032981,0.01828850290839056
126,14.08.2018,7,2018,True,har_gpr,0.0228169112726861,0.01578714305244051
126,15.08.2018,7,2018,True,har_gpr,0.0228462007919328,0.015660566749913944
126,16.08.2018,7,2018,True,har_gpr,0.0228310065844761,0.016480330613957633
126,17.08.2018,7,2018,True,har_gpr,0.0228418942527149,0.016307059194968804
126,20.08.2018,7,2018,True,har_gpr,0.0228359495916695,0.016154131148331
126,21.08.2018,7,2018,True,har_gpr,0.0228290812317095,0.016245139135477853
126,22.08.2018,7,2018,True,har_gpr,0.0228842633639287,0.016280857895582136
126,23.08.2018,7,2018,True,har_gpr,0.0228955147599219,0.01745884004332603
126,24.08.2018,7,2018,True,har_gpr,0.0229163488253274,0.01677024122034768
126,27.08.2018,7,2018,True,har_gpr,0.0229128708407079,0.017266971380205363
126,28.08.2018,7,2018,True,har_gpr,0.0229436203859699,0.016319588393069625
126,29.08.2018,7,2018,True,har_gpr,0.0229133687769631,0.016271863187246455
126,30.08.2018,7,2018,True,har_gpr,0.0229008956720867,0.01651817441575516
126,31.08.2018,7,2018,True,har_gpr,0.0229009504096603,0.016168865681605978
126,04.09.2018,7,2018,True,har_gpr,0.0228863200687629,0.016126034139373614
126,05.09.2018,7,2018,True,har_gpr,0.0228768579227179,0.016726348820450744
126,06.09.2018,7,2018,True,har_gpr,0.0228969688936158,0.01697494391204922
126,07.09.2018,7,2018,True,har_gpr,0.022892900811566,0.015895717852115694
126,10.09.2018,7,2018,True,har_gpr,0.0229167133466862,0.015681504921186293
126,11.09.2018,7,2018,True,har_gpr,0.0228281088829185,0.015623946517865488
126,12.09.2018,7,2018,True,har_gpr,0.0228109816882123,0.01644710474562917
126,13.09.2018,7,2018,True,har_gpr,0.0227592950263376,0.015988654483166213
126,14.09.2018,7,2018,True,har_gpr,0.0227601365993894,0.01622539748435672
126,17.09.2018,7,2018,True,har_gpr,0.0227953266758197,0.01579296512368214
126,18.09.2018,7,2018,True,har_gpr,0.0227748445212653,0.015597450701792635
126,19.09.2018,7,2018,True,har_gpr,0.0227899933178278,0.015828522874840375
126,20.09.2018,7,2018,True,har_gpr,0.0227827493118561,0.015608649570957327
126,21.09.2018,7,2018,True,har_gpr,0.0228088982578738,0.014971720815990715
126,24.09.2018,7,2018,True,har_gpr,0.0226365093209817,0.014770395391331606
126,25.09.2018,7,2018,True,har_gpr,0.0226202557651671,0.016724218348536345
126,26.09.2018,7,2018,True,har_gpr,0.022632725042596,0.01620101044884904
126,27.09.2018,7,2018,True,har_gpr,0.0226453729925181,0.0162724133732493
126,28.09.2018,7,2018,True,har_gpr,0.0226206450984681,0.01598324256285756
126,01.10.2018,7,2018,True,har_gpr,0.0224770166387467,0.01620691803030493
126,02.10.2018,7,2018,True,har_gpr,0.0224784676940734,0.01757281463083618
126,03.10.2018,7,2018,True,har_gpr,0.0224544093564397,0.017027960920857867
126,04.10.2018,7,2018,True,har_gpr,0.022420027393709,0.017206732215031904
126,05.10.2018,7,2018,True,har_gpr,0.0224231805194033,0.017983337473492136
126,08.10.2018,7,2018,True,har_gpr,0.0224745284587407,0.017716975427831676
126,09.10.2018,7,2018,True,har_gpr,0.0224610183879148,0.0174488292628628
126,10.10.2018,7,2018,True,har_gpr,0.0224025803925882,0.01696485563197876
126,11.10.2018,7,2018,True,har_gpr,0.0222033432619936,0.01771048060458376
126,12.10.2018,7,2018,True,har_gpr,0.0222146501943187,0.01887282396205399
126,15.10.2018,7,2018,True,har_gpr,0.0222096786854982,0.018110406080381287
126,16.10.2018,7,2018,True,har_gpr,0.0222020801516009,0.01809822961423312
126,17.10.2018,7,2018,True,har_gpr,0.0223085667908244,0.01806336153024902
126,18.10.2018,7,2018,True,har_gpr,0.022302595109122,0.018464789903699114
126,19.10.2018,7,2018,True,har_gpr,0.0222949137203035,0.01792985614419983
126,22.10.2018,7,2018,True,har_gpr,0.0222957024936178,0.017898328070569267
126,23.10.2018,7,2018,True,har_gpr,0.0221215123682601,0.01687248208781887
126,24.10.2018,7,2018,True,har_gpr,0.022119997083376,0.019518677074735643
126,25.10.2018,7,2018,True,har_gpr,0.0221240784701199,0.018546221123643077
126,26.10.2018,7,2018,True,har_gpr,0.0221178712314479,0.018844252658998313
126,29.10.2018,7,2018,True,har_gpr,0.0221840198125232,0.018818842055656374
126,30.10.2018,7,2018,True,har_gpr,0.0221260422898071,0.01848570586768451
126,31.10.2018,7,2018,True,har_gpr,0.0221274348235901,0.01849823365186802
126,01.11.2018,7,2018,True,har_gpr,0.0221906657162015,0.017773158325612964
126,02.11.2018,7,2018,True,har_gpr,0.0219715841833127,0.017449452959902065
126,05.11.2018,7,2018,True,har_gpr,0.0219671874120909,0.019198992933390474
126,06.11.2018,7,2018,True,har_gpr,0.0219333043557931,0.018119981347605195
126,07.11.2018,7,2018,True,har_gpr,0.0219384500629956,0.018067893498608913
126,08.11.2018,7,2018,True,har_gpr,0.0219042632190187,0.017627103430892452
126,09.11.2018,7,2018,True,har_gpr,0.0219055327447973,0.017598934203152602
126,12.11.2018,7,2018,True,har_gpr,0.0219296478284777,0.016916007977048217
126,13.11.2018,7,2018,True,har_gpr,0.0210468266714424,0.016628383495187325
126,14.11.2018,7,2018,True,har_gpr,0.0210340212526604,0.021976454146098622
126,15.11.2018,7,2018,True,har_gpr,0.0210259912500019,0.02085574945502135
126,16.11.2018,7,2018,True,har_gpr,0.0210816564301708,0.021048344622622474
126,19.11.2018,7,2018,True,har_gpr,0.0214943917019974,0.020881664042651342
126,20.11.2018,7,2018,True,har_gpr,0.0206929531421704,0.020682494394548237
126,21.11.2018,7,2018,True,har_gpr,0.0207283100135833,0.023348713893348524
126,23.11.2018,7,2018,True,har_gpr,0.0195531581398411,0.022440566707536407
126,26.11.2018,7,2018,True,har_gpr,0.0197119523502502,0.026218994739475702
126,27.11.2018,7,2018,True,har_gpr,0.0199812132587307,0.025978775488832373
126,28.11.2018,7,2018,True,har_gpr,0.0203847156232341,0.025370727395285318
126,29.11.2018,7,2018,True,har_gpr,0.020377941772588,0.025578012798848703
126,30.11.2018,7,2018,True,har_gpr,0.0204366484854513,0.025513074842773445
126,03.12.2018,7,2018,True,har_gpr,0.020010625270385,0.02452238600221608
126,04.12.2018,7,2018,True,har_gpr,0.020136101294573,0.026836722885172012
126,06.12.2018,7,2018,True,har_gpr,0.019966894161973,0.02577840400579113
126,07.12.2018,7,2018,True,har_gpr,0.0198281770741694,0.0267626986125252
126,10.12.2018,7,2018,True,har_gpr,0.0199608991039183,0.027096061662695233
126,11.12.2018,7,2018,True,har_gpr,0.0200550700430874,0.027063842924817283
126,12.12.2018,7,2018,True,har_gpr,0.0200796832976185,0.02603106364825704
126,13.12.2018,7,2018,True,har_gpr,0.0200502924246091,0.02592899922040113
126,14.12.2018,7,2018,True,har_gpr,0.0200510773384953,0.025074726113723474
126,17.12.2018,7,2018,True,har_gpr,0.0200308273687705,0.024942772949808754
126,18.12.2018,7,2018,True,har_gpr,0.0196791361881184,0.024729001135119107
126,19.12.2018,7,2018,True,har_gpr,0.0196481491609373,0.02745988927575513
126,20.12.2018,7,2018,True,har_gpr,0.019075839298848,0.026816122477246615
126,21.12.2018,7,2018,True,har_gpr,0.0190497225131718,0.027074441944025994
126,24.12.2018,7,2018,True,har_gpr,0.0181972902874308,0.02588906971392716
126,26.12.2018,7,2018,True,har_gpr,0.0169377529248813,0.027342640756045755
126,27.12.2018,7,2018,True,har_gpr,0.016451237091611,0.030716769285691236
126,28.12.2018,7,2018,True,har_gpr,0.016596080098768,0.03038009457038496
126,31.12.2018,7,2018,True,har_gpr,0.0168452356170953,0.02911197312631931
126,02.01.2018,7,2018,True,har_x,0.0147530740480115,0.013818985719070481
126,03.01.2018,7,2018,True,har_x,0.0146768365737847,0.014781117505707866
126,04.01.2018,7,2018,True,har_x,0.0146811815862165,0.014930611669613713
126,05.01.2018,7,2018,True,har_x,0.0146998630098374,0.014574642605714174
126,08.01.2018,7,2018,True,har_x,0.014721001463368,0.014559924102939647
126,09.01.2018,7,2018,True,har_x,0.0160383779892954,0.014035342569446493
126,10.01.2018,7,2018,True,har_x,0.016078713177954,0.014522480429263643
126,11.01.2018,7,2018,True,har_x,0.0161094711864138,0.014627960373004059
126,12.01.2018,7,2018,True,har_x,0.0166523628509297,0.014493588138463128
126,16.01.2018,7,2018,True,har_x,0.0166293319798404,0.014499622542524598
126,17.01.2018,7,2018,True,har_x,0.0166504954189933,0.01621865211285412
126,18.01.2018,7,2018,True,har_x,0.0166555169641479,0.015517114064622473
126,19.01.2018,7,2018,True,har_x,0.0166381249596297,0.015383591037887258
126,22.01.2018,7,2018,True,har_x,0.0166305989624489,0.014282290041708598
126,23.01.2018,7,2018,True,har_x,0.0165956073821011,0.014333758378949114
126,24.01.2018,7,2018,True,har_x,0.0165906626736693,0.014521388370182367
126,25.01.2018,7,2018,True,har_x,0.0166044045050761,0.01508266754039787
126,26.01.2018,7,2018,True,har_x,0.0166076333105496,0.014333969410866973
126,29.01.2018,7,2018,True,har_x,0.0165663771900687,0.014295327658346199
126,30.01.2018,7,2018,True,har_x,0.0165800502606919,0.014206548475620648
126,31.01.2018,7,2018,True,har_x,0.0165801258959641,0.014218363031549223
126,01.02.2018,7,2018,True,har_x,0.0166112523604796,0.013923528102956375
126,02.02.2018,7,2018,True,har_x,0.0166001546563861,0.013866491006661744
126,05.02.2018,7,2018,True,har_x,0.0165589927784874,0.014525072098913894
126,06.02.2018,7,2018,True,har_x,0.0165548217736941,0.015459332670980258
126,07.02.2018,7,2018,True,har_x,0.0167098129544011,0.015713585221874188
126,08.02.2018,7,2018,True,har_x,0.0166811439654598,0.015871158934543696
126,09.02.2018,7,2018,True,har_x,0.0164437981244631,0.016828750973055938
126,12.02.2018,7,2018,True,har_x,0.0164429109247201,0.017234529154522914
126,13.02.2018,7,2018,True,har_x,0.0164452462078024,0.01708808432415553
126,14.02.2018,7,2018,True,har_x,0.0164431597343548,0.017441315329397175
126,15.02.2018,7,2018,True,har_x,0.016460892833836,0.016717675600074703
126,16.02.2018,7,2018,True,har_x,0.0164542403634879,0.016456324553646148
126,20.02.2018,7,2018,True,har_x,0.0164517525595933,0.016329761294544526
126,21.02.2018,7,2018,True,har_x,0.0164570128572858,0.016034411122157907
126,22.02.2018,7,2018,True,har_x,0.016604315701817,0.01572775312167457
126,23.02.2018,7,2018,True,har_x,0.0165649182418895,0.015127335773999759
126,26.02.2018,7,2018,True,har_x,0.0166086400991796,0.014924844344291551
126,27.02.2018,7,2018,True,har_x,0.0165657226297118,0.015089739898647212
126,28.02.2018,7,2018,True,har_x,0.0165236651870512,0.015497784787674147
126,01.03.2018,7,2018,True,har_x,0.0165721238879002,0.016117194457905003
126,02.03.2018,7,2018,True,har_x,0.0164660532423212,0.01605319788679637
126,05.03.2018,7,2018,True,har_x,0.0164075169060327,0.015936871831733482
126,06.03.2018,7,2018,True,har_x,0.0164228088387138,0.016147452950279844
126,07.03.2018,7,2018,True,har_x,0.0163268583098328,0.01573693691549944
126,08.03.2018,7,2018,True,har_x,0.0163185317544238,0.016440482729560085
126,09.03.2018,7,2018,True,har_x,0.016130662410761,0.016029652465582793
126,12.03.2018,7,2018,True,har_x,0.0161157534405734,0.016266954369488183
126,13.03.2018,7,2018,True,har_x,0.0162061390361558,0.015336508572069005
126,14.03.2018,7,2018,True,har_x,0.0162168066583674,0.015871892006385047
126,15.03.2018,7,2018,True,har_x,0.0163273598354675,0.01576593261984239
126,16.03.2018,7,2018,True,har_x,0.0162720896314551,0.0156442507582158
126,19.03.2018,7,2018,True,har_x,0.0162694798383222,0.015591401017491803
126,20.03.2018,7,2018,True,har_x,0.0162091453962012,0.015487384809879207
126,21.03.2018,7,2018,True,har_x,0.0160063370201077,0.01567561527494813
126,22.03.2018,7,2018,True,har_x,0.0160099649109134,0.016069304411729317
126,23.03.2018,7,2018,True,har_x,0.0158980440416333,0.01607687649577109
126,26.03.2018,7,2018,True,har_x,0.01609976840638,0.016626914228667425
126,27.03.2018,7,2018,True,har_x,0.0161115613658325,0.016439041133192816
126,28.03.2018,7,2018,True,har_x,0.0161037853856257,0.01625469128604094
126,29.03.2018,7,2018,True,har_x,0.0160849278219153,0.016053891975103495
126,02.04.2018,7,2018,True,har_x,0.0157207739560924,0.015471498787630466
126,03.04.2018,7,2018,True,har_x,0.0158751952254163,0.017157902988883734
126,04.04.2018,7,2018,True,har_x,0.0158763593218321,0.016641161973020964
126,05.04.2018,7,2018,True,har_x,0.0159357964757891,0.016324711764261132
126,06.04.2018,7,2018,True,har_x,0.0159567269224516,0.01561017144145234
126,09.04.2018,7,2018,True,har_x,0.015857541250362,0.01597563270444096
126,10.04.2018,7,2018,True,har_x,0.0155896627240641,0.01596369193440037
126,11.04.2018,7,2018,True,har_x,0.0155811664313018,0.017028410953661283
126,12.04.2018,7,2018,True,har_x,0.0157269246416119,0.017389263382114658
126,13.04.2018,7,2018,True,har_x,0.0160349139484544,0.01701956695234003
126,16.04.2018,7,2018,True,har_x,0.01596319936167,0.01702225095526817
126,17.04.2018,7,2018,True,har_x,0.0159656655498178,0.01789999964831596
126,18.04.2018,7,2018,True,har_x,0.0158163269282284,0.017447613138297277
126,19.04.2018,7,2018,True,har_x,0.0158914554111445,0.018228409205482483
126,20.04.2018,7,2018,True,har_x,0.0159147207980665,0.017964634527257977
126,23.04.2018,7,2018,True,har_x,0.0159057542471031,0.017809902678492574
126,24.04.2018,7,2018,True,har_x,0.0158694307475205,0.017044225228551826
126,25.04.2018,7,2018,True,har_x,0.0163459692197355,0.017136086766589207
126,26.04.2018,7,2018,True,har_x,0.0163261392805531,0.016704902399085824
126,27.04.2018,7,2018,True,har_x,0.0163463572169469,0.016265267961705812
126,30.04.2018,7,2018,True,har_x,0.0163556683453587,0.015711965539475313
126,01.05.2018,7,2018,True,har_x,0.0163592866564596,0.016929301477415663
126,02.05.2018,7,2018,True,har_x,0.0162983882184267,0.016808450468068625
126,03.05.2018,7,2018,True,har_x,0.0163046832284933,0.016782814375271838
126,04.05.2018,7,2018,True,har_x,0.0162360972638022,0.016381677537457836
126,07.05.2018,7,2018,True,har_x,0.0164768831131178,0.01623892041505161
126,08.05.2018,7,2018,True,har_x,0.0164107072079956,0.016812189055487814
126,09.05.2018,7,2018,True,har_x,0.0162166615149494,0.01595303558014268
126,10.05.2018,7,2018,True,har_x,0.0162128922044056,0.01612743039412399
126,11.05.2018,7,2018,True,har_x,0.0163004847492377,0.0158663174825575
126,14.05.2018,7,2018,True,har_x,0.016253223476869,0.015549283360812544
126,15.05.2018,7,2018,True,har_x,0.0162503302589385,0.015986453251738503
126,16.05.2018,7,2018,True,har_x,0.0172996991181905,0.01616614035781236
126,17.05.2018,7,2018,True,har_x,0.0173288190678004,0.01586567276353151
126,18.05.2018,7,2018,True,har_x,0.0173299018639567,0.015547175361259566
126,21.05.2018,7,2018,True,har_x,0.0173079567145584,0.015686919994093718
126,22.05.2018,7,2018,True,har_x,0.0173009967113374,0.01590160278354288
126,23.05.2018,7,2018,True,har_x,0.0182257429107465,0.01587452975923174
126,24.05.2018,7,2018,True,har_x,0.0182622818387725,0.01592309437814502
126,25.05.2018,7,2018,True,har_x,0.0192792408539762,0.015766532037055525
126,29.05.2018,7,2018,True,har_x,0.0194369435084382,0.01690956866197942
126,30.05.2018,7,2018,True,har_x,0.0192586719714574,0.017383930163896708
126,31.05.2018,7,2018,True,har_x,0.019359224703572,0.017109952054577424
126,01.06.2018,7,2018,True,har_x,0.0194037092475353,0.01671628975420949
126,04.06.2018,7,2018,True,har_x,0.0192682610758603,0.01710259186113561
126,05.06.2018,7,2018,True,har_x,0.0198051431041522,0.017783027920421964
126,06.06.2018,7,2018,True,har_x,0.0198172970747682,0.017453021982660168
126,07.06.2018,7,2018,True,har_x,0.0198630275053544,0.017377197593215543
126,08.06.2018,7,2018,True,har_x,0.0200063670261096,0.01711356837087153
126,11.06.2018,7,2018,True,har_x,0.0201418236386121,0.016833211743841427
126,12.06.2018,7,2018,True,har_x,0.0201417745803103,0.016415741734609877
126,13.06.2018,7,2018,True,har_x,0.0201075985264891,0.016346808562454945
126,14.06.2018,7,2018,True,har_x,0.0201993979321718,0.01657903584135746
126,15.06.2018,7,2018,True,har_x,0.0200593561461273,0.016436552962802997
126,18.06.2018,7,2018,True,har_x,0.0199286605127918,0.017051159780160776
126,19.06.2018,7,2018,True,har_x,0.0205429849518793,0.016387042582827638
126,20.06.2018,7,2018,True,har_x,0.0206156290801662,0.01636188291836777
126,21.06.2018,7,2018,True,har_x,0.0210061634437016,0.016389205781279052
126,22.06.2018,7,2018,True,har_x,0.0207657622708524,0.016454402888974397
126,25.06.2018,7,2018,True,har_x,0.0214668727283265,0.01579302130801626
126,26.06.2018,7,2018,True,har_x,0.0225039320054109,0.016075519323223677
126,27.06.2018,7,2018,True,har_x,0.0227226035774122,0.016008079151158733
126,28.06.2018,7,2018,True,har_x,0.0227187241044963,0.016700319519331645
126,29.06.2018,7,2018,True,har_x,0.0228180199478984,0.0164823045985839
126,02.07.2018,7,2018,True,har_x,0.0228089928229027,0.01660131170225337
126,03.07.2018,7,2018,True,har_x,0.0228764431064633,0.017441417990369034
126,05.07.2018,7,2018,True,har_x,0.0229612652341293,0.017251367508874196
126,06.07.2018,7,2018,True,har_x,0.0229697934957478,0.017321939433036754
126,09.07.2018,7,2018,True,har_x,0.0230522325733087,0.01701604149983041
126,10.07.2018,7,2018,True,har_x,0.0234135007784804,0.01748412180602983
126,11.07.2018,7,2018,True,har_x,0.0225646492082504,0.017036154538257492
126,12.07.2018,7,2018,True,har_x,0.0225791257155334,0.01845662446450119
126,13.07.2018,7,2018,True,har_x,0.0226414738805782,0.017711635165135062
126,16.07.2018,7,2018,True,har_x,0.0224208470247296,0.017590772578743287
126,17.07.2018,7,2018,True,har_x,0.0224426525122627,0.018417830402151326
126,18.07.2018,7,2018,True,har_x,0.0224190463032028,0.01764957540633265
126,19.07.2018,7,2018,True,har_x,0.0225359239817612,0.01746397783003773
126,20.07.2018,7,2018,True,har_x,0.0225824251876952,0.01727136145728463
126,23.07.2018,7,2018,True,har_x,0.0225857014986833,0.016949823143105884
126,24.07.2018,7,2018,True,har_x,0.0225779943965862,0.016899514922751442
126,25.07.2018,7,2018,True,har_x,0.0225855806104667,0.016746802094145107
126,26.07.2018,7,2018,True,har_x,0.0226931096857126,0.01661372998828139
126,27.07.2018,7,2018,True,har_x,0.0227986220075691,0.016439598253204644
126,30.07.2018,7,2018,True,har_x,0.0227870866003225,0.01642725823932159
126,31.07.2018,7,2018,True,har_x,0.022780510383416,0.016446176296356606
126,01.08.2018,7,2018,True,har_x,0.0227803645571639,0.016657324478365203
126,02.08.2018,7,2018,True,har_x,0.022788470733651,0.01655031276402954
126,03.08.2018,7,2018,True,har_x,0.0227969212543347,0.016368679349941587
126,06.08.2018,7,2018,True,har_x,0.0228120552196516,0.016262784322482484
126,07.08.2018,7,2018,True,har_x,0.0228228647620052,0.01655923199800322
126,08.08.2018,7,2018,True,har_x,0.0226690731021199,0.016520658554750885
126,09.08.2018,7,2018,True,har_x,0.0226807730623911,0.016747636177132468
126,10.08.2018,7,2018,True,har_x,0.0227023506889478,0.016106364236195856
126,13.08.2018,7,2018,True,har_x,0.0227724094032981,0.016175490681125403
126,14.08.2018,7,2018,True,har_x,0.0228169112726861,0.015622021202234077
126,15.08.2018,7,2018,True,har_x,0.0228462007919328,0.015951454705931508
126,16.08.2018,7,2018,True,har_x,0.0228310065844761,0.016608858312229458
126,17.08.2018,7,2018,True,har_x,0.0228418942527149,0.0161515015465625
126,20.08.2018,7,2018,True,har_x,0.0228359495916695,0.015886905615197112
126,21.08.2018,7,2018,True,har_x,0.0228290812317095,0.015463529903575083
126,22.08.2018,7,2018,True,har_x,0.0228842633639287,0.01539947556236212
126,23.08.2018,7,2018,True,har_x,0.0228955147599219,0.015567513160070604
126,24.08.2018,7,2018,True,har_x,0.0229163488253274,0.015187521458052205
126,27.08.2018,7,2018,True,har_x,0.0229128708407079,0.014925750851624047
126,28.08.2018,7,2018,True,har_x,0.0229436203859699,0.01495948663190613
126,29.08.2018,7,2018,True,har_x,0.0229133687769631,0.015239179378578922
126,30.08.2018,7,2018,True,har_x,0.0229008956720867,0.015307795442660227
126,31.08.2018,7,2018,True,har_x,0.0229009504096603,0.015450468284334643
126,04.09.2018,7,2018,True,har_x,0.0228863200687629,0.015470494522087876
126,05.09.2018,7,2018,True,har_x,0.0228768579227179,0.015836626913566163
126,06.09.2018,7,2018,True,har_x,0.0228969688936158,0.01582498353366031
126,07.09.2018,7,2018,True,har_x,0.022892900811566,0.015506617638797172
126,10.09.2018,7,2018,True,har_x,0.0229167133466862,0.015425019258753926
126,11.09.2018,7,2018,True,har_x,0.0228281088829185,0.015405880035995244
126,12.09.2018,7,2018,True,har_x,0.0228109816882123,0.0159316502583444
126,13.09.2018,7,2018,True,har_x,0.0227592950263376,0.01575620981788801
126,14.09.2018,7,2018,True,har_x,0.0227601365993894,0.01571178546676364
126,17.09.2018,7,2018,True,har_x,0.0227953266758197,0.015450575149690917
126,18.09.2018,7,2018,True,har_x,0.0227748445212653,0.015726647541368394
126,19.09.2018,7,2018,True,har_x,0.0227899933178278,0.01595836618073838
126,20.09.2018,7,2018,True,har_x,0.0227827493118561,0.015727342243183718
126,21.09.2018,7,2018,True,har_x,0.0228088982578738,0.015593713290209397
126,24.09.2018,7,2018,True,har_x,0.0226365093209817,0.015562393702635933
126,25.09.2018,7,2018,True,har_x,0.0226202557651671,0.01656222455473616
126,26.09.2018,7,2018,True,har_x,0.022632725042596,0.01633857396561518
126,27.09.2018,7,2018,True,har_x,0.0226453729925181,0.016213855173574973
126,28.09.2018,7,2018,True,har_x,0.0226206450984681,0.016154666130075414
126,01.10.2018,7,2018,True,har_x,0.0224770166387467,0.016330066038515847
126,02.10.2018,7,2018,True,har_x,0.0224784676940734,0.01685282321693226
126,03.10.2018,7,2018,True,har_x,0.0224544093564397,0.016550342383750038
126,04.10.2018,7,2018,True,har_x,0.022420027393709,0.016801699924284607
126,05.10.2018,7,2018,True,har_x,0.0224231805194033,0.017174210995961597
126,08.10.2018,7,2018,True,har_x,0.0224745284587407,0.017041572915706852
126,09.10.2018,7,2018,True,har_x,0.0224610183879148,0.017057614507347836
126,10.10.2018,7,2018,True,har_x,0.0224025803925882,0.016183776517055586
126,11.10.2018,7,2018,True,har_x,0.0222033432619936,0.016682500956375666
126,12.10.2018,7,2018,True,har_x,0.0222146501943187,0.017038033227468257
126,15.10.2018,7,2018,True,har_x,0.0222096786854982,0.016183945874381014
126,16.10.2018,7,2018,True,har_x,0.0222020801516009,0.017048436531708455
126,17.10.2018,7,2018,True,har_x,0.0223085667908244,0.017071819674821607
126,18.10.2018,7,2018,True,har_x,0.022302595109122,0.017004364605838033
126,19.10.2018,7,2018,True,har_x,0.0222949137203035,0.017125556114358065
126,22.10.2018,7,2018,True,har_x,0.0222957024936178,0.016679342799556747
126,23.10.2018,7,2018,True,har_x,0.0221215123682601,0.016377949394807925
126,24.10.2018,7,2018,True,har_x,0.022119997083376,0.01746375019019266
126,25.10.2018,7,2018,True,har_x,0.0221240784701199,0.01730272307083058
126,26.10.2018,7,2018,True,har_x,0.0221178712314479,0.01685993308730272
126,29.10.2018,7,2018,True,har_x,0.0221840198125232,0.017074791683657286
126,30.10.2018,7,2018,True,har_x,0.0221260422898071,0.01718343208493481
126,31.10.2018,7,2018,True,har_x,0.0221274348235901,0.017523521234900606
126,01.11.2018,7,2018,True,har_x,0.0221906657162015,0.01744612267667556
126,02.11.2018,7,2018,True,har_x,0.0219715841833127,0.01793009740083259
126,05.11.2018,7,2018,True,har_x,0.0219671874120909,0.018542468532154206
126,06.11.2018,7,2018,True,har_x,0.0219333043557931,0.018590942161133776
126,07.11.2018,7,2018,True,har_x,0.0219384500629956,0.01918904295900957
126,08.11.2018,7,2018,True,har_x,0.0219042632190187,0.01864455279328257
126,09.11.2018,7,2018,True,har_x,0.0219055327447973,0.018423140829990612
126,12.11.2018,7,2018,True,har_x,0.0219296478284777,0.019417554572802625
126,13.11.2018,7,2018,True,har_x,0.0210468266714424,0.021274496610152144
126,14.11.2018,7,2018,True,har_x,0.0210340212526604,0.027466060184475536
126,15.11.2018,7,2018,True,har_x,0.0210259912500019,0.023747622589582757
126,16.11.2018,7,2018,True,har_x,0.0210816564301708,0.022533274279622886
126,19.11.2018,7,2018,True,har_x,0.0214943917019974,0.021226036210995676
126,20.11.2018,7,2018,True,har_x,0.0206929531421704,0.022389031283012374
126,21.11.2018,7,2018,True,har_x,0.0207283100135833,0.02803501263321984
126,23.11.2018,7,2018,True,har_x,0.0195531581398411,0.025860094372491683
126,26.11.2018,7,2018,True,har_x,0.0197119523502502,0.031629432180883224
126,27.11.2018,7,2018,True,har_x,0.0199812132587307,0.02886877749382341
126,28.11.2018,7,2018,True,har_x,0.0203847156232341,0.027457183377012934
126,29.11.2018,7,2018,True,har_x,0.020377941772588,0.027399452649455456
126,30.11.2018,7,2018,True,har_x,0.0204366484854513,0.02732899363201732
126,03.12.2018,7,2018,True,har_x,0.020010625270385,0.028183952085068367
126,04.12.2018,7,2018,True,har_x,0.020136101294573,0.025793149543026812
126,06.12.2018,7,2018,True,har_x,0.019966894161973,0.025538636244762197
126,07.12.2018,7,2018,True,har_x,0.0198281770741694,0.025882530934500367
126,10.12.2018,7,2018,True,har_x,0.0199608991039183,0.022739701424768992
126,11.12.2018,7,2018,True,har_x,0.0200550700430874,0.024251422491655867
126,12.12.2018,7,2018,True,har_x,0.0200796832976185,0.02273820613180661
126,13.12.2018,7,2018,True,har_x,0.0200502924246091,0.022125693882325794
126,14.12.2018,7,2018,True,har_x,0.0200510773384953,0.021887088734088983
126,17.12.2018,7,2018,True,har_x,0.0200308273687705,0.02306450469112103
126,18.12.2018,7,2018,True,har_x,0.0196791361881184,0.024485890439257002
126,19.12.2018,7,2018,True,har_x,0.0196481491609373,0.02749940062758866
126,20.12.2018,7,2018,True,har_x,0.019075839298848,0.026250303113469063
126,21.12.2018,7,2018,True,har_x,0.0190497225131718,0.027226279184809802
126,24.12.2018,7,2018,True,har_x,0.0181972902874308,0.026433977928429768
126,26.12.2018,7,2018,True,har_x,0.0169377529248813,0.02896738049624761
126,27.12.2018,7,2018,True,har_x,0.016451237091611,0.028264831268247595
126,28.12.2018,7,2018,True,har_x,0.016596080098768,0.02923476223924437
126,31.12.2018,7,2018,True,har_x,0.0168452356170953,0.027359186608523284
5,02.01.2019,8,2019,True,har,0.0146568743436294,0.03352008267942119
5,03.01.2019,8,2019,True,har,0.0169289054475661,0.03241857240551459
5,04.01.2019,8,2019,True,har,0.0243416709332874,0.030058994981896896
5,07.01.2019,8,2019,True,har,0.0295158377413385,0.028898757216953314
5,08.01.2019,8,2019,True,har,0.030115510898713,0.027792083854377665
5,09.01.2019,8,2019,True,har,0.0218406880192739,0.028311637105544213
5,10.01.2019,8,2019,True,har,0.0217117591099722,0.030372076615561756
5,11.01.2019,8,2019,True,har,0.0215360801042874,0.028994571058307172
5,14.01.2019,8,2019,True,har,0.0194874043530277,0.030367292427563038
5,15.01.2019,8,2019,True,har,0.0167798376616638,0.031007688377215584
5,16.01.2019,8,2019,True,har,0.0159156442482855,0.031389741970134395
5,17.01.2019,8,2019,True,har,0.0164312262229927,0.03011418301608108
5,18.01.2019,8,2019,True,har,0.0147655249557022,0.027880941388889843
5,22.01.2019,8,2019,True,har,0.0189142205268864,0.028831971233551815
5,23.01.2019,8,2019,True,har,0.018796595261729,0.027004898536558058
5,24.01.2019,8,2019,True,har,0.0187591411197631,0.026227116690694083
5,25.01.2019,8,2019,True,har,0.0184287408086276,0.022780087813359044
5,28.01.2019,8,2019,True,har,0.0089489263422891,0.01963336643979238
5,29.01.2019,8,2019,True,har,0.0070621088502857,0.019108452379218148
5,30.01.2019,8,2019,True,har,0.0081758104856016,0.01940671769730918
5,31.01.2019,8,2019,True,har,0.0122015810748262,0.018272351428224164
5,01.02.2019,8,2019,True,har,0.0127859090900586,0.01803690218986563
5,04.02.2019,8,2019,True,har,0.012143724381162,0.01774437412863267
5,05.02.2019,8,2019,True,har,0.0139199767348959,0.017204937198760692
5,06.02.2019,8,2019,True,har,0.0155686233686225,0.01714699442800985
5,07.02.2019,8,2019,True,har,0.0113049986467258,0.01700123521982451
5,08.02.2019,8,2019,True,har,0.0133288176648389,0.015919772597617753
5,11.02.2019,8,2019,True,har,0.0082464929959191,0.015655217742541
5,12.02.2019,8,2019,True,har,0.0086903448748632,0.015333093602592468
5,13.02.2019,8,2019,True,har,0.0102614880194912,0.015011647038079915
5,14.02.2019,8,2019,True,har,0.0107053409628715,0.014849317580511105
5,15.02.2019,8,2019,True,har,0.0178635390592765,0.014475992854926498
5,19.02.2019,8,2019,True,har,0.018356273791111,0.015611258220121422
5,20.02.2019,8,2019,True,har,0.0201864319681324,0.013823306548404399
5,21.02.2019,8,2019,True,har,0.0201992951051953,0.013458104219297856
5,22.02.2019,8,2019,True,har,0.0206300660286713,0.013114788548173629
5,25.02.2019,8,2019,True,har,0.0128347653671285,0.01315139556751393
5,26.02.2019,8,2019,True,har,0.0126351554159464,0.016902031176850185
5,27.02.2019,8,2019,True,har,0.0091273411662313,0.014688925492497245
5,28.02.2019,8,2019,True,har,0.009077567036896,0.015034825396387765
5,01.03.2019,8,2019,True,har,0.0065078939403902,0.014670626616416133
5,04.03.2019,8,2019,True,har,0.007574300337263,0.015437492728943491
5,05.03.2019,8,2019,True,har,0.0075985638282831,0.01466927921823171
5,06.03.2019,8,2019,True,har,0.0089403129562344,0.014348744534321271
5,07.03.2019,8,2019,True,har,0.0098827614835812,0.01388309267016047
5,08.03.2019,8,2019,True,har,0.0081743305150077,0.013895558150086425
5,11.03.2019,8,2019,True,har,0.0068603173397963,0.013491228155559913
5,12.03.2019,8,2019,True,har,0.0068790926091644,0.013822195623440378
5,13.03.2019,8,2019,True,har,0.0068658958701584,0.01317326382024779
5,14.03.2019,8,2019,True,har,0.0083026807161802,0.013676853470321328
5,15.03.2019,8,2019,True,har,0.0105208262382089,0.013198325528564977
5,18.03.2019,8,2019,True,har,0.0101742576028712,0.012722615636104693
5,19.03.2019,8,2019,True,har,0.0116037024376697,0.011954739142373383
5,20.03.2019,8,2019,True,har,0.009462069505892,0.01177647550044161
5,21.03.2019,8,2019,True,har,0.0085041508470107,0.012343136465038885
5,22.03.2019,8,2019,True,har,0.0056404259055281,0.012472063284523488
5,25.03.2019,8,2019,True,har,0.0059687304201601,0.012986486472930662
5,26.03.2019,8,2019,True,har,0.0049926489165951,0.010333278896553583
5,27.03.2019,8,2019,True,har,0.0046411211698451,0.01088673412005466
5,28.03.2019,8,2019,True,har,0.0043280211003669,0.00985688255510727
5,29.03.2019,8,2019,True,har,0.0057852294855622,0.009620028915017259
5,01.04.2019,8,2019,True,har,0.006082010433902,0.009178574059022868
5,02.04.2019,8,2019,True,har,0.0084257257517019,0.009223672346727146
5,03.04.2019,8,2019,True,har,0.0094616915221287,0.009021483057833483
5,04.04.2019,8,2019,True,har,0.0129248978840377,0.008858137969121741
5,05.04.2019,8,2019,True,har,0.0123947287926467,0.008840146948488621
5,08.04.2019,8,2019,True,har,0.0120813269048199,0.009372607908847762
5,09.04.2019,8,2019,True,har,0.0116696563406467,0.009214973799698819
5,10.04.2019,8,2019,True,har,0.0093165765611569,0.009482660725314195
5,11.04.2019,8,2019,True,har,0.0063446120445208,0.010032297938939953
5,12.04.2019,8,2019,True,har,0.0130358344643279,0.010579203079248955
5,15.04.2019,8,2019,True,har,0.0112788820183447,0.010521163326609375
5,16.04.2019,8,2019,True,har,0.0119033703086689,0.010431141501694241
5,17.04.2019,8,2019,True,har,0.0122205165640559,0.010528513646443789
5,18.04.2019,8,2019,True,har,0.0209429177820023,0.009921110545958994
5,22.04.2019,8,2019,True,har,0.0141770359638853,0.009524976567173507
5,23.04.2019,8,2019,True,har,0.0151344987740408,0.011611841534960136
5,24.04.2019,8,2019,True,har,0.0148685713659195,0.010641244711874573
5,25.04.2019,8,2019,True,har,0.015776301832351,0.01043555751022154
5,26.04.2019,8,2019,True,har,0.0114226692270953,0.010565920437113026
5,29.04.2019,8,2019,True,har,0.0121541633658147,0.014192130188462802
5,30.04.2019,8,2019,True,har,0.0116411610431414,0.012582072379689616
5,01.05.2019,8,2019,True,har,0.0134527821335908,0.013024254956335721
5,02.05.2019,8,2019,True,har,0.0105754105808305,0.013094988840958798
5,03.05.2019,8,2019,True,har,0.0107132481709064,0.014244689909401455
5,06.05.2019,8,2019,True,har,0.0102587188848214,0.01321034213068066
5,07.05.2019,8,2019,True,har,0.0074127698494249,0.013229566372635667
5,08.05.2019,8,2019,True,har,0.0074598943571671,0.014049124937120523
5,09.05.2019,8,2019,True,har,0.0078135158373697,0.01374861164487076
5,10.05.2019,8,2019,True,har,0.0095003314449814,0.012911858939356907
5,13.05.2019,8,2019,True,har,0.008955374570181,0.012848506707181965
5,14.05.2019,8,2019,True,har,0.0072599203801261,0.012771396904927158
5,15.05.2019,8,2019,True,har,0.0105205668621385,0.01315682067197827
5,16.05.2019,8,2019,True,har,0.0196013011296534,0.012899676531219885
5,17.05.2019,8,2019,True,har,0.023187981191523,0.013267456803285763
5,20.05.2019,8,2019,True,har,0.0270217917035728,0.013192237532218449
5,21.05.2019,8,2019,True,har,0.0266528068777183,0.011835115189944515
5,22.05.2019,8,2019,True,har,0.0299191758134275,0.011621695610606483
5,23.05.2019,8,2019,True,har,0.0271622431590274,0.012710717994472213
5,24.05.2019,8,2019,True,har,0.0285278579557985,0.01700465603755822
5,28.05.2019,8,2019,True,har,0.025108956796353,0.015555824911850508
5,29.05.2019,8,2019,True,har,0.0238078466000291,0.016707999541661384
5,30.05.2019,8,2019,True,har,0.0295887871672948,0.01615554260344523
5,31.05.2019,8,2019,True,har,0.0320198916324987,0.01877991786771986
5,03.06.2019,8,2019,True,har,0.0210064065021398,0.019291726702574792
5,04.06.2019,8,2019,True,har,0.0205417116202196,0.02176568046592795
5,05.06.2019,8,2019,True,har,0.0256515135608072,0.020155844667400606
5,06.06.2019,8,2019,True,har,0.0266842085154147,0.02051480781856162
5,07.06.2019,8,2019,True,har,0.0236012743315815,0.02109497637476254
5,10.06.2019,8,2019,True,har,0.0237952996756332,0.022405420233954598
5,11.06.2019,8,2019,True,har,0.0261723992848263,0.021195144728074614
5,12.06.2019,8,2019,True,har,0.0169003342306018,0.02059069234248536
5,13.06.2019,8,2019,True,har,0.0227794287203917,0.02277683148890867
5,14.06.2019,8,2019,True,har,0.022782883450143,0.022770299551540345
5,17.06.2019,8,2019,True,har,0.0195358749318943,0.022116597876033428
5,18.06.2019,8,2019,True,har,0.019450447450313,0.022416978714360575
5,19.06.2019,8,2019,True,har,0.0181951511477143,0.02321112048863879
5,20.06.2019,8,2019,True,har,0.0105397886814365,0.021882076464776065
5,21.06.2019,8,2019,True,har,0.0103935840145205,0.02521806598303507
5,24.06.2019,8,2019,True,har,0.0158083443545587,0.02296918992693822
5,25.06.2019,8,2019,True,har,0.024441783536261,0.022304223220680534
5,26.06.2019,8,2019,True,har,0.0246298502103221,0.02183299978789592
5,27.06.2019,8,2019,True,har,0.0252529960327119,0.02286139994268555
5,28.06.2019,8,2019,True,har,0.0251351870342236,0.020504667445692973
5,01.07.2019,8,2019,True,har,0.0237446064063463,0.019401583173651288
5,02.07.2019,8,2019,True,har,0.0188698644341893,0.018763906883795665
5,03.07.2019,8,2019,True,har,0.0202763743981155,0.021704458402561435
5,05.07.2019,8,2019,True,har,0.0204119792690014,0.02091368760822568
5,08.07.2019,8,2019,True,har,0.0206267796382954,0.020191688538377564
5,09.07.2019,8,2019,True,har,0.0274931027131479,0.019506512356608052
5,10.07.2019,8,2019,True,har,0.0134766094439919,0.019105996873908744
5,11.07.2019,8,2019,True,har,0.0152918072396323,0.02173042665590864
5,12.07.2019,8,2019,True,har,0.0170124691158972,0.019091819120885655
5,15.07.2019,8,2019,True,har,0.0204698469065174,0.0186728854241476
5,16.07.2019,8,2019,True,har,0.0171457558909283,0.01871150818200537
5,17.07.2019,8,2019,True,har,0.0170745722454702,0.021073931771884213
5,18.07.2019,8,2019,True,har,0.0089574681274463,0.019049186193177386
5,19.07.2019,8,2019,True,har,0.0087455251675615,0.02045921290072074
5,22.07.2019,8,2019,True,har,0.0071215939907792,0.018404582212490115
5,23.07.2019,8,2019,True,har,0.0092398655196769,0.018842282941216017
5,24.07.2019,8,2019,True,har,0.0057173096221521,0.018528550893265397
5,25.07.2019,8,2019,True,har,0.0367606804779521,0.018630659547669744
5,26.07.2019,8,2019,True,har,0.0394655698047253,0.017247800097135543
5,29.07.2019,8,2019,True,har,0.0409596939496368,0.01714957671402563
5,30.07.2019,8,2019,True,har,0.0378345825158935,0.017161464194192063
5,31.07.2019,8,2019,True,har,0.0363646729211064,0.017606662777907126
5,01.08.2019,8,2019,True,har,0.0314804852774762,0.015187334611589338
5,02.08.2019,8,2019,True,har,0.0307384201909447,0.024660883196806364
5,05.08.2019,8,2019,True,har,0.0280471886648138,0.02335493856795408
5,06.08.2019,8,2019,True,har,0.0345935169849484,0.024640028218146627
5,07.08.2019,8,2019,True,har,0.0280914476045217,0.023734474516869823
5,08.08.2019,8,2019,True,har,0.030765095800668,0.024208625525089997
5,09.08.2019,8,2019,True,har,0.029512569955925,0.023417386909787882
5,12.08.2019,8,2019,True,har,0.0306241591143409,0.023789287080303007
5,13.08.2019,8,2019,True,har,0.0205543935865663,0.022892386725822677
5,14.08.2019,8,2019,True,har,0.0145930920797547,0.02624498147741318
5,15.08.2019,8,2019,True,har,0.0088667425769444,0.025608793473755418
5,16.08.2019,8,2019,True,har,0.0111287316953794,0.025307666841711388
5,19.08.2019,8,2019,True,har,0.0076496310359353,0.024653157733199472
5,20.08.2019,8,2019,True,har,0.0105472754211265,0.02531899693995949
5,21.08.2019,8,2019,True,har,0.0132739513596735,0.023972195095762337
5,22.08.2019,8,2019,True,har,0.0131100177684739,0.023494956910097453
5,23.08.2019,8,2019,True,har,0.0133661309738835,0.023107894895978483
5,26.08.2019,8,2019,True,har,0.0223009327402245,0.023427755740890465
5,27.08.2019,8,2019,True,har,0.0292306574147807,0.023195689923210847
5,28.08.2019,8,2019,True,har,0.0284374392850045,0.023477185879635935
5,29.08.2019,8,2019,True,har,0.0284322075743836,0.023976980092400162
5,30.08.2019,8,2019,True,har,0.0281509233270529,0.020023312310407687
5,03.09.2019,8,2019,True,har,0.0170054519406337,0.01973556407617836
5,04.09.2019,8,2019,True,har,0.016250570313768,0.02152976146439404
5,05.09.2019,8,2019,True,har,0.0163767180790026,0.02337548022687386
5,06.09.2019,8,2019,True,har,0.0150884975390755,0.019932426981703062
5,09.09.2019,8,2019,True,har,0.0659707389590596,0.019933665950323486
5,10.09.2019,8,2019,True,har,0.0767449004681863,0.020108716175856828
5,11.09.2019,8,2019,True,har,0.0757637506495887,0.018771269319121847
5,12.09.2019,8,2019,True,har,0.0752297186792784,0.018420594103144353
5,13.09.2019,8,2019,True,har,0.0751898147717525,0.016886933041222213
5,16.09.2019,8,2019,True,har,0.0320645322856537,0.016111008944410005
5,17.09.2019,8,2019,True,har,0.0159400789931638,0.03714689284652324
5,18.09.2019,8,2019,True,har,0.0154434498056437,0.03792499921322551
5,19.09.2019,8,2019,True,har,0.0138423354152751,0.03604686397593781
5,20.09.2019,8,2019,True,har,0.0140930668194394,0.035958712213152805
5,23.09.2019,8,2019,True,har,0.0117244119930179,0.03552527338066931
5,24.09.2019,8,2019,True,har,0.0134197510344881,0.0323270235584657
5,25.09.2019,8,2019,True,har,0.0136279185016697,0.03209640121387266
5,26.09.2019,8,2019,True,har,0.0116382823431354,0.031543815021413936
5,27.09.2019,8,2019,True,har,0.0172998567063652,0.031117173570514228
5,30.09.2019,8,2019,True,har,0.0174523500807843,0.031491597285393476
5,01.10.2019,8,2019,True,har,0.0115360055013652,0.03160736112304635
5,02.10.2019,8,2019,True,har,0.005277352286438,0.032073885380228685
5,03.10.2019,8,2019,True,har,0.0070373235174042,0.031028226725938534
5,04.10.2019,8,2019,True,har,0.0109394799259963,0.03009737020897592
5,07.10.2019,8,2019,True,har,0.0162387657683772,0.030970411156972716
5,08.10.2019,8,2019,True,har,0.0173284267231663,0.03038125829170385
5,09.10.2019,8,2019,True,har,0.0178638931689887,0.029983284942468276
5,10.10.2019,8,2019,True,har,0.0173218055612113,0.029240367284660004
5,11.10.2019,8,2019,True,har,0.0130641859288332,0.029915367125039324
5,14.10.2019,8,2019,True,har,0.0103175583380513,0.030876261204288023
5,15.10.2019,8,2019,True,har,0.0103776162891288,0.019123120594937055
5,16.10.2019,8,2019,True,har,0.0139109367998558,0.015080526430492482
5,17.10.2019,8,2019,True,har,0.0139078638268493,0.015319427795659247
5,18.10.2019,8,2019,True,har,0.0116098018639713,0.015009651452445014
5,21.10.2019,8,2019,True,har,0.0114384274904814,0.01470030240293077
5,22.10.2019,8,2019,True,har,0.0117137662890093,0.014311987477977038
5,23.10.2019,8,2019,True,har,0.0098968167008682,0.014193195824053097
5,24.10.2019,8,2019,True,har,0.0082210439332529,0.01564599612018449
5,25.10.2019,8,2019,True,har,0.0151486894781646,0.015085269719112206
5,28.10.2019,8,2019,True,har,0.015039194046301,0.01465906327930204
5,29.10.2019,8,2019,True,har,0.0158138252276729,0.014347385901487757
5,30.10.2019,8,2019,True,har,0.0169888517750514,0.012645571189758302
5,31.10.2019,8,2019,True,har,0.0160905959845041,0.01281645776684909
5,01.11.2019,8,2019,True,har,0.0129008082612136,0.01242583072901109
5,04.11.2019,8,2019,True,har,0.0130189482499677,0.014175080746068422
5,05.11.2019,8,2019,True,har,0.0107733937509023,0.013543322095980968
5,06.11.2019,8,2019,True,har,0.0056357902461286,0.01392590943212745
5,07.11.2019,8,2019,True,har,0.0042156189682767,0.014946514555989405
5,08.11.2019,8,2019,True,har,0.0085295963152964,0.014380794185098227
5,11.11.2019,8,2019,True,har,0.0109337005763876,0.013321853652312886
5,12.11.2019,8,2019,True,har,0.0159955910507039,0.012823106753372834
5,13.11.2019,8,2019,True,har,0.0203262254408818,0.012305522725102474
5,14.11.2019,8,2019,True,har,0.0230471484084728,0.011910261471274526
5,15.11.2019,8,2019,True,har,0.0228402460028174,0.011631907639720966
5,18.11.2019,8,2019,True,har,0.0214654816850295,0.012630682801392352
5,19.11.2019,8,2019,True,har,0.0143055460064997,0.012963786578127287
5,20.11.2019,8,2019,True,har,0.0130766580889384,0.014622761905429583
5,21.11.2019,8,2019,True,har,0.0136924615972009,0.01492352584574946
5,22.11.2019,8,2019,True,har,0.0163500734161195,0.015812995774320205
5,25.11.2019,8,2019,True,har,0.0154715255404578,0.015323476638421304
5,26.11.2019,8,2019,True,har,0.024686585239586,0.014944907563906307
5,27.11.2019,8,2019,True,har,0.0251129533115537,0.014674539164895844
5,29.11.2019,8,2019,True,har,0.0219904486745185,0.013947462820143648
5,02.12.2019,8,2019,True,har,0.0155258343889469,0.015720507775670817
5,03.12.2019,8,2019,True,har,0.0149736834227063,0.01597426841070595
5,04.12.2019,8,2019,True,har,0.0094565791410001,0.014975426314642935
5,05.12.2019,8,2019,True,har,0.0096115235428199,0.018159133549439033
5,06.12.2019,8,2019,True,har,0.0096493688736199,0.016693599468789476
5,09.12.2019,8,2019,True,har,0.0093178669736796,0.016967138057962034
5,10.12.2019,8,2019,True,har,0.0098742564973966,0.015972202122781533
5,11.12.2019,8,2019,True,har,0.0062915907181347,0.01584990868362599
5,12.12.2019,8,2019,True,har,0.0063535476577686,0.01585687963481624
5,13.12.2019,8,2019,True,har,0.0064505981364874,0.01581334948955455
5,16.12.2019,8,2019,True,har,0.0064363735631864,0.016319145957010235
5,17.12.2019,8,2019,True,har,0.006621590452959,0.015553743847111105
5,18.12.2019,8,2019,True,har,0.0071770886715892,0.01578317700172578
5,19.12.2019,8,2019,True,har,0.007210126877446,0.014210129279403981
5,20.12.2019,8,2019,True,har,0.0041956261058787,0.013879603967568892
5,23.12.2019,8,2019,True,har,0.0200052027758013,0.01335345716153152
5,24.12.2019,8,2019,True,har,0.0189371834944917,0.01310826146233449
5,26.12.2019,8,2019,True,har,0.0252814036333982,0.013555848229341147
5,27.12.2019,8,2019,True,har,0.0253001040079775,0.013562555944380255
5,30.12.2019,8,2019,True,har,0.0257553704792599,0.013247009354575429
5,31.12.2019,8,2019,True,har,0.0279041890765627,0.011787079531652499
5,02.01.2019,8,2019,True,har_ovx,0.0146568743436294,0.028777768523138306
5,03.01.2019,8,2019,True,har_ovx,0.0169289054475661,0.03056835663261655
5,04.01.2019,8,2019,True,har_ovx,0.0243416709332874,0.029873685812713185
5,07.01.2019,8,2019,True,har_ovx,0.0295158377413385,0.028753703602265743
5,08.01.2019,8,2019,True,har_ovx,0.030115510898713,0.02791658478094258
5,09.01.2019,8,2019,True,har_ovx,0.0218406880192739,0.025402484770407633
5,10.01.2019,8,2019,True,har_ovx,0.0217117591099722,0.024518141374406353
5,11.01.2019,8,2019,True,har_ovx,0.0215360801042874,0.02326215183666882
5,14.01.2019,8,2019,True,har_ovx,0.0194874043530277,0.022122300269912788
5,15.01.2019,8,2019,True,har_ovx,0.0167798376616638,0.022024627686459915
5,16.01.2019,8,2019,True,har_ovx,0.0159156442482855,0.021398460990059556
5,17.01.2019,8,2019,True,har_ovx,0.0164312262229927,0.020693622699533155
5,18.01.2019,8,2019,True,har_ovx,0.0147655249557022,0.019421180846276514
5,22.01.2019,8,2019,True,har_ovx,0.0189142205268864,0.018766111367332014
5,23.01.2019,8,2019,True,har_ovx,0.018796595261729,0.020286000870065504
5,24.01.2019,8,2019,True,har_ovx,0.0187591411197631,0.019821442861755332
5,25.01.2019,8,2019,True,har_ovx,0.0184287408086276,0.01901424267428215
5,28.01.2019,8,2019,True,har_ovx,0.0089489263422891,0.017929687489559747
5,29.01.2019,8,2019,True,har_ovx,0.0070621088502857,0.019551728756081167
5,30.01.2019,8,2019,True,har_ovx,0.0081758104856016,0.019184038698631445
5,31.01.2019,8,2019,True,har_ovx,0.0122015810748262,0.018035606183640054
5,01.02.2019,8,2019,True,har_ovx,0.0127859090900586,0.017625998608970524
5,04.02.2019,8,2019,True,har_ovx,0.012143724381162,0.016610107692917465
5,05.02.2019,8,2019,True,har_ovx,0.0139199767348959,0.016948388138841124
5,06.02.2019,8,2019,True,har_ovx,0.0155686233686225,0.017495863329368245
5,07.02.2019,8,2019,True,har_ovx,0.0113049986467258,0.01653039595320929
5,08.02.2019,8,2019,True,har_ovx,0.0133288176648389,0.01728487227800364
5,11.02.2019,8,2019,True,har_ovx,0.0082464929959191,0.01608668128417697
5,12.02.2019,8,2019,True,har_ovx,0.0086903448748632,0.01657553568888656
5,13.02.2019,8,2019,True,har_ovx,0.0102614880194912,0.016169044301769922
5,14.02.2019,8,2019,True,har_ovx,0.0107053409628715,0.015903246351670536
5,15.02.2019,8,2019,True,har_ovx,0.0178635390592765,0.01580385105915998
5,19.02.2019,8,2019,True,har_ovx,0.018356273791111,0.014278366522877882
5,20.02.2019,8,2019,True,har_ovx,0.0201864319681324,0.01503124432498378
5,21.02.2019,8,2019,True,har_ovx,0.0201992951051953,0.014902266394891917
5,22.02.2019,8,2019,True,har_ovx,0.0206300660286713,0.014423987227402566
5,25.02.2019,8,2019,True,har_ovx,0.0128347653671285,0.014232206243262773
5,26.02.2019,8,2019,True,har_ovx,0.0126351554159464,0.01638270630523617
5,27.02.2019,8,2019,True,har_ovx,0.0091273411662313,0.01534588983949079
5,28.02.2019,8,2019,True,har_ovx,0.009077567036896,0.015075004483275048
5,01.03.2019,8,2019,True,har_ovx,0.0065078939403902,0.014503349606168187
5,04.03.2019,8,2019,True,har_ovx,0.007574300337263,0.01463317489424477
5,05.03.2019,8,2019,True,har_ovx,0.0075985638282831,0.014572303374268935
5,06.03.2019,8,2019,True,har_ovx,0.0089403129562344,0.01425581605207053
5,07.03.2019,8,2019,True,har_ovx,0.0098827614835812,0.01420130537152124
5,08.03.2019,8,2019,True,har_ovx,0.0081743305150077,0.01468287814238171
5,11.03.2019,8,2019,True,har_ovx,0.0068603173397963,0.014306292474437323
5,12.03.2019,8,2019,True,har_ovx,0.0068790926091644,0.013975752169677932
5,13.03.2019,8,2019,True,har_ovx,0.0068658958701584,0.013470815184551404
5,14.03.2019,8,2019,True,har_ovx,0.0083026807161802,0.013300923335807274
5,15.03.2019,8,2019,True,har_ovx,0.0105208262382089,0.012635938490921358
5,18.03.2019,8,2019,True,har_ovx,0.0101742576028712,0.012010628843598058
5,19.03.2019,8,2019,True,har_ovx,0.0116037024376697,0.012146259814383015
5,20.03.2019,8,2019,True,har_ovx,0.009462069505892,0.013322947041682392
5,21.03.2019,8,2019,True,har_ovx,0.0085041508470107,0.012676344850627512
5,22.03.2019,8,2019,True,har_ovx,0.0056404259055281,0.012596753082398828
5,25.03.2019,8,2019,True,har_ovx,0.0059687304201601,0.013019658555543556
5,26.03.2019,8,2019,True,har_ovx,0.0049926489165951,0.013762485092246347
5,27.03.2019,8,2019,True,har_ovx,0.0046411211698451,0.012967427962969631
5,28.03.2019,8,2019,True,har_ovx,0.0043280211003669,0.012985949571686344
5,29.03.2019,8,2019,True,har_ovx,0.0057852294855622,0.013225094559147294
5,01.04.2019,8,2019,True,har_ovx,0.006082010433902,0.012190691367239048
5,02.04.2019,8,2019,True,har_ovx,0.0084257257517019,0.011870421753933005
5,03.04.2019,8,2019,True,har_ovx,0.0094616915221287,0.011873861029662272
5,04.04.2019,8,2019,True,har_ovx,0.0129248978840377,0.01139536399404895
5,05.04.2019,8,2019,True,har_ovx,0.0123947287926467,0.011183200977586238
5,08.04.2019,8,2019,True,har_ovx,0.0120813269048199,0.010524611898821399
5,09.04.2019,8,2019,True,har_ovx,0.0116696563406467,0.01069814128920207
5,10.04.2019,8,2019,True,har_ovx,0.0093165765611569,0.010863895153867945
5,11.04.2019,8,2019,True,har_ovx,0.0063446120445208,0.010959120267290321
5,12.04.2019,8,2019,True,har_ovx,0.0130358344643279,0.011562473070307193
5,15.04.2019,8,2019,True,har_ovx,0.0112788820183447,0.011547220764252512
5,16.04.2019,8,2019,True,har_ovx,0.0119033703086689,0.01139191286753603
5,17.04.2019,8,2019,True,har_ovx,0.0122205165640559,0.011456695475019818
5,18.04.2019,8,2019,True,har_ovx,0.0209429177820023,0.01116856194498007
5,22.04.2019,8,2019,True,har_ovx,0.0141770359638853,0.010745033920513434
5,23.04.2019,8,2019,True,har_ovx,0.0151344987740408,0.01196358487207273
5,24.04.2019,8,2019,True,har_ovx,0.0148685713659195,0.01207511170793154
5,25.04.2019,8,2019,True,har_ovx,0.015776301832351,0.011219449511741468
5,26.04.2019,8,2019,True,har_ovx,0.0114226692270953,0.01141921069280772
5,29.04.2019,8,2019,True,har_ovx,0.0121541633658147,0.015248883609471256
5,30.04.2019,8,2019,True,har_ovx,0.0116411610431414,0.013660884531250049
5,01.05.2019,8,2019,True,har_ovx,0.0134527821335908,0.013907627173510802
5,02.05.2019,8,2019,True,har_ovx,0.0105754105808305,0.01396298618496963
5,03.05.2019,8,2019,True,har_ovx,0.0107132481709064,0.014772688722593824
5,06.05.2019,8,2019,True,har_ovx,0.0102587188848214,0.014250699414748897
5,07.05.2019,8,2019,True,har_ovx,0.0074127698494249,0.014913944824471365
5,08.05.2019,8,2019,True,har_ovx,0.0074598943571671,0.017033178819757022
5,09.05.2019,8,2019,True,har_ovx,0.0078135158373697,0.01576090018530058
5,10.05.2019,8,2019,True,har_ovx,0.0095003314449814,0.015854167914843956
5,13.05.2019,8,2019,True,har_ovx,0.008955374570181,0.016069675274987937
5,14.05.2019,8,2019,True,har_ovx,0.0072599203801261,0.01720763077128428
5,15.05.2019,8,2019,True,har_ovx,0.0105205668621385,0.01578788162877188
5,16.05.2019,8,2019,True,har_ovx,0.0196013011296534,0.013936426456702603
5,17.05.2019,8,2019,True,har_ovx,0.023187981191523,0.014084256280917537
5,20.05.2019,8,2019,True,har_ovx,0.0270217917035728,0.014028742216088812
5,21.05.2019,8,2019,True,har_ovx,0.0266528068777183,0.012814389964164811
5,22.05.2019,8,2019,True,har_ovx,0.0299191758134275,0.012383194787408385
5,23.05.2019,8,2019,True,har_ovx,0.0271622431590274,0.0132904118851826
5,24.05.2019,8,2019,True,har_ovx,0.0285278579557985,0.017130863132431496
5,28.05.2019,8,2019,True,har_ovx,0.025108956796353,0.016395847350675823
5,29.05.2019,8,2019,True,har_ovx,0.0238078466000291,0.017194326321705942
5,30.05.2019,8,2019,True,har_ovx,0.0295887871672948,0.01837663014390051
5,31.05.2019,8,2019,True,har_ovx,0.0320198916324987,0.020678405517506552
5,03.06.2019,8,2019,True,har_ovx,0.0210064065021398,0.025266404599432565
5,04.06.2019,8,2019,True,har_ovx,0.0205417116202196,0.025416833737629766
5,05.06.2019,8,2019,True,har_ovx,0.0256515135608072,0.023010788676354362
5,06.06.2019,8,2019,True,har_ovx,0.0266842085154147,0.024200253099001128
5,07.06.2019,8,2019,True,har_ovx,0.0236012743315815,0.021310697203942696
5,10.06.2019,8,2019,True,har_ovx,0.0237952996756332,0.020232025388159595
5,11.06.2019,8,2019,True,har_ovx,0.0261723992848263,0.020449600883221206
5,12.06.2019,8,2019,True,har_ovx,0.0169003342306018,0.020038122664001876
5,13.06.2019,8,2019,True,har_ovx,0.0227794287203917,0.02309718375472418
5,14.06.2019,8,2019,True,har_ovx,0.022782883450143,0.022036562360009802
5,17.06.2019,8,2019,True,har_ovx,0.0195358749318943,0.02278582710833427
5,18.06.2019,8,2019,True,har_ovx,0.019450447450313,0.024873868628415972
5,19.06.2019,8,2019,True,har_ovx,0.0181951511477143,0.023212995121445888
5,20.06.2019,8,2019,True,har_ovx,0.0105397886814365,0.021498379082216173
5,21.06.2019,8,2019,True,har_ovx,0.0103935840145205,0.022424220748214208
5,24.06.2019,8,2019,True,har_ovx,0.0158083443545587,0.022372128948804984
5,25.06.2019,8,2019,True,har_ovx,0.024441783536261,0.021622900609449228
5,26.06.2019,8,2019,True,har_ovx,0.0246298502103221,0.021119838290974746
5,27.06.2019,8,2019,True,har_ovx,0.0252529960327119,0.02020275914732317
5,28.06.2019,8,2019,True,har_ovx,0.0251351870342236,0.01962684947488406
5,01.07.2019,8,2019,True,har_ovx,0.0237446064063463,0.020568022773043305
5,02.07.2019,8,2019,True,har_ovx,0.0188698644341893,0.018428303767037444
5,03.07.2019,8,2019,True,har_ovx,0.0202763743981155,0.01978431059335451
5,05.07.2019,8,2019,True,har_ovx,0.0204119792690014,0.018944751942889818
5,08.07.2019,8,2019,True,har_ovx,0.0206267796382954,0.017522830150418618
5,09.07.2019,8,2019,True,har_ovx,0.0274931027131479,0.017016818989706934
5,10.07.2019,8,2019,True,har_ovx,0.0134766094439919,0.014698872892023013
5,11.07.2019,8,2019,True,har_ovx,0.0152918072396323,0.015498710971727116
5,12.07.2019,8,2019,True,har_ovx,0.0170124691158972,0.014511775218260017
5,15.07.2019,8,2019,True,har_ovx,0.0204698469065174,0.014785108028627285
5,16.07.2019,8,2019,True,har_ovx,0.0171457558909283,0.015063072796807164
5,17.07.2019,8,2019,True,har_ovx,0.0170745722454702,0.01609194513651079
5,18.07.2019,8,2019,True,har_ovx,0.0089574681274463,0.01777590900299233
5,19.07.2019,8,2019,True,har_ovx,0.0087455251675615,0.0167915678172654
5,22.07.2019,8,2019,True,har_ovx,0.0071215939907792,0.017620829663217423
5,23.07.2019,8,2019,True,har_ovx,0.0092398655196769,0.01688017609551017
5,24.07.2019,8,2019,True,har_ovx,0.0057173096221521,0.016015928035518493
5,25.07.2019,8,2019,True,har_ovx,0.0367606804779521,0.01641144693477335
5,26.07.2019,8,2019,True,har_ovx,0.0394655698047253,0.01581092179140456
5,29.07.2019,8,2019,True,har_ovx,0.0409596939496368,0.016003513661486557
5,30.07.2019,8,2019,True,har_ovx,0.0378345825158935,0.015632568166055197
5,31.07.2019,8,2019,True,har_ovx,0.0363646729211064,0.014747077755880668
5,01.08.2019,8,2019,True,har_ovx,0.0314804852774762,0.015023089443029316
5,02.08.2019,8,2019,True,har_ovx,0.0307384201909447,0.019209807648906573
5,05.08.2019,8,2019,True,har_ovx,0.0280471886648138,0.018190137185236915
5,06.08.2019,8,2019,True,har_ovx,0.0345935169849484,0.019249826918658203
5,07.08.2019,8,2019,True,har_ovx,0.0280914476045217,0.018714119784741082
5,08.08.2019,8,2019,True,har_ovx,0.030765095800668,0.020031631394061222
5,09.08.2019,8,2019,True,har_ovx,0.029512569955925,0.018530184543476082
5,12.08.2019,8,2019,True,har_ovx,0.0306241591143409,0.01803405336117527
5,13.08.2019,8,2019,True,har_ovx,0.0205543935865663,0.017434222175254015
5,14.08.2019,8,2019,True,har_ovx,0.0145930920797547,0.017100020844203187
5,15.08.2019,8,2019,True,har_ovx,0.0088667425769444,0.018671910479763326
5,16.08.2019,8,2019,True,har_ovx,0.0111287316953794,0.018789893057000254
5,19.08.2019,8,2019,True,har_ovx,0.0076496310359353,0.017930090528128183
5,20.08.2019,8,2019,True,har_ovx,0.0105472754211265,0.01677456538401529
5,21.08.2019,8,2019,True,har_ovx,0.0132739513596735,0.016311428203325696
5,22.08.2019,8,2019,True,har_ovx,0.0131100177684739,0.01638222755695415
5,23.08.2019,8,2019,True,har_ovx,0.0133661309738835,0.016440072949858067
5,26.08.2019,8,2019,True,har_ovx,0.0223009327402245,0.018205915386213696
5,27.08.2019,8,2019,True,har_ovx,0.0292306574147807,0.018378220894621416
5,28.08.2019,8,2019,True,har_ovx,0.0284374392850045,0.017328988891337993
5,29.08.2019,8,2019,True,har_ovx,0.0284322075743836,0.016715810925132128
5,30.08.2019,8,2019,True,har_ovx,0.0281509233270529,0.01588526620064076
5,03.09.2019,8,2019,True,har_ovx,0.0170054519406337,0.01608479517387348
5,04.09.2019,8,2019,True,har_ovx,0.016250570313768,0.018491913354202725
5,05.09.2019,8,2019,True,har_ovx,0.0163767180790026,0.017819815903587055
5,06.09.2019,8,2019,True,har_ovx,0.0150884975390755,0.016707462316292297
5,09.09.2019,8,2019,True,har_ovx,0.0659707389590596,0.016566886537733628
5,10.09.2019,8,2019,True,har_ovx,0.0767449004681863,0.0166762132684899
5,11.09.2019,8,2019,True,har_ovx,0.0757637506495887,0.01680021624013384
5,12.09.2019,8,2019,True,har_ovx,0.0752297186792784,0.017814094342011373
5,13.09.2019,8,2019,True,har_ovx,0.0751898147717525,0.017991380171815466
5,16.09.2019,8,2019,True,har_ovx,0.0320645322856537,0.017868026248096754
5,17.09.2019,8,2019,True,har_ovx,0.0159400789931638,0.02759038645641728
5,18.09.2019,8,2019,True,har_ovx,0.0154434498056437,0.024711130893838532
5,19.09.2019,8,2019,True,har_ovx,0.0138423354152751,0.02146950965922752
5,20.09.2019,8,2019,True,har_ovx,0.0140930668194394,0.02189596494311173
5,23.09.2019,8,2019,True,har_ovx,0.0117244119930179,0.02045036550344878
5,24.09.2019,8,2019,True,har_ovx,0.0134197510344881,0.020855198352289262
5,25.09.2019,8,2019,True,har_ovx,0.0136279185016697,0.02096400255306335
5,26.09.2019,8,2019,True,har_ovx,0.0116382823431354,0.02060127323992894
5,27.09.2019,8,2019,True,har_ovx,0.0172998567063652,0.020025225038016587
5,30.09.2019,8,2019,True,har_ovx,0.0174523500807843,0.020958415194485387
5,01.10.2019,8,2019,True,har_ovx,0.0115360055013652,0.020935947045169722
5,02.10.2019,8,2019,True,har_ovx,0.005277352286438,0.02111862662216685
5,03.10.2019,8,2019,True,har_ovx,0.0070373235174042,0.021438221427426137
5,04.10.2019,8,2019,True,har_ovx,0.0109394799259963,0.021748149194929046
5,07.10.2019,8,2019,True,har_ovx,0.0162387657683772,0.021132778397380494
5,08.10.2019,8,2019,True,har_ovx,0.0173284267231663,0.02108650667246411
5,09.10.2019,8,2019,True,har_ovx,0.0178638931689887,0.02118743312296609
5,10.10.2019,8,2019,True,har_ovx,0.0173218055612113,0.020286701520262705
5,11.10.2019,8,2019,True,har_ovx,0.0130641859288332,0.021336780674038477
5,14.10.2019,8,2019,True,har_ovx,0.0103175583380513,0.021501103791299193
5,15.10.2019,8,2019,True,har_ovx,0.0103776162891288,0.021090812598942972
5,16.10.2019,8,2019,True,har_ovx,0.0139109367998558,0.020322964165666858
5,17.10.2019,8,2019,True,har_ovx,0.0139078638268493,0.020338796042572438
5,18.10.2019,8,2019,True,har_ovx,0.0116098018639713,0.01920800747240219
5,21.10.2019,8,2019,True,har_ovx,0.0114384274904814,0.018443062909504652
5,22.10.2019,8,2019,True,har_ovx,0.0117137662890093,0.018592974668159217
5,23.10.2019,8,2019,True,har_ovx,0.0098968167008682,0.017909712255878757
5,24.10.2019,8,2019,True,har_ovx,0.0082210439332529,0.018123712125659892
5,25.10.2019,8,2019,True,har_ovx,0.0151486894781646,0.01815574322912004
5,28.10.2019,8,2019,True,har_ovx,0.015039194046301,0.017324808409854252
5,29.10.2019,8,2019,True,har_ovx,0.0158138252276729,0.017943395604787058
5,30.10.2019,8,2019,True,har_ovx,0.0169888517750514,0.017830805194960324
5,31.10.2019,8,2019,True,har_ovx,0.0160905959845041,0.017140728473673428
5,01.11.2019,8,2019,True,har_ovx,0.0129008082612136,0.017989127905093126
5,04.11.2019,8,2019,True,har_ovx,0.0130189482499677,0.017220046734039353
5,05.11.2019,8,2019,True,har_ovx,0.0107733937509023,0.01784842147172772
5,06.11.2019,8,2019,True,har_ovx,0.0056357902461286,0.016747592568881427
5,07.11.2019,8,2019,True,har_ovx,0.0042156189682767,0.016494844767385403
5,08.11.2019,8,2019,True,har_ovx,0.0085295963152964,0.015294064018205907
5,11.11.2019,8,2019,True,har_ovx,0.0109337005763876,0.015232525173255355
5,12.11.2019,8,2019,True,har_ovx,0.0159955910507039,0.016940131424844938
5,13.11.2019,8,2019,True,har_ovx,0.0203262254408818,0.016613791102872214
5,14.11.2019,8,2019,True,har_ovx,0.0230471484084728,0.017550932273048138
5,15.11.2019,8,2019,True,har_ovx,0.0228402460028174,0.016772809895032926
5,18.11.2019,8,2019,True,har_ovx,0.0214654816850295,0.015939770471948646
5,19.11.2019,8,2019,True,har_ovx,0.0143055460064997,0.016696656743818643
5,20.11.2019,8,2019,True,har_ovx,0.0130766580889384,0.016351505658532564
5,21.11.2019,8,2019,True,har_ovx,0.0136924615972009,0.015852895389078657
5,22.11.2019,8,2019,True,har_ovx,0.0163500734161195,0.015496870484996218
5,25.11.2019,8,2019,True,har_ovx,0.0154715255404578,0.01584979599647113
5,26.11.2019,8,2019,True,har_ovx,0.024686585239586,0.015509291050475545
5,27.11.2019,8,2019,True,har_ovx,0.0251129533115537,0.015212918327297383
5,29.11.2019,8,2019,True,har_ovx,0.0219904486745185,0.014871931993221645
5,02.12.2019,8,2019,True,har_ovx,0.0155258343889469,0.01880708801229914
5,03.12.2019,8,2019,True,har_ovx,0.0149736834227063,0.017685555801037502
5,04.12.2019,8,2019,True,har_ovx,0.0094565791410001,0.017524143992330238
5,05.12.2019,8,2019,True,har_ovx,0.0096115235428199,0.016071702006431262
5,06.12.2019,8,2019,True,har_ovx,0.0096493688736199,0.014653458870874915
5,09.12.2019,8,2019,True,har_ovx,0.0093178669736796,0.014530865412490945
5,10.12.2019,8,2019,True,har_ovx,0.0098742564973966,0.014452374425474306
5,11.12.2019,8,2019,True,har_ovx,0.0062915907181347,0.01315129822305607
5,12.12.2019,8,2019,True,har_ovx,0.0063535476577686,0.013194650435739285
5,13.12.2019,8,2019,True,har_ovx,0.0064505981364874,0.01294431533049804
5,16.12.2019,8,2019,True,har_ovx,0.0064363735631864,0.01260879147558891
5,17.12.2019,8,2019,True,har_ovx,0.006621590452959,0.012313133270490327
5,18.12.2019,8,2019,True,har_ovx,0.0071770886715892,0.012277774193286656
5,19.12.2019,8,2019,True,har_ovx,0.007210126877446,0.012428327189869852
5,20.12.2019,8,2019,True,har_ovx,0.0041956261058787,0.011214967980466815
5,23.12.2019,8,2019,True,har_ovx,0.0200052027758013,0.0116479625987931
5,24.12.2019,8,2019,True,har_ovx,0.0189371834944917,0.011350230026964604
5,26.12.2019,8,2019,True,har_ovx,0.0252814036333982,0.011651630190243772
5,27.12.2019,8,2019,True,har_ovx,0.0253001040079775,0.010775801787849688
5,30.12.2019,8,2019,True,har_ovx,0.0257553704792599,0.011378465222731874
5,31.12.2019,8,2019,True,har_ovx,0.0279041890765627,0.01177060623641077
5,02.01.2019,8,2019,True,har_gpr,0.0146568743436294,0.03322953386180677
5,03.01.2019,8,2019,True,har_gpr,0.0169289054475661,0.03210128566131426
5,04.01.2019,8,2019,True,har_gpr,0.0243416709332874,0.029718375119093435
5,07.01.2019,8,2019,True,har_gpr,0.0295158377413385,0.028518704255438287
5,08.01.2019,8,2019,True,har_gpr,0.030115510898713,0.02749426863814497
5,09.01.2019,8,2019,True,har_gpr,0.0218406880192739,0.02800887714477419
5,10.01.2019,8,2019,True,har_gpr,0.0217117591099722,0.030078596058117076
5,11.01.2019,8,2019,True,har_gpr,0.0215360801042874,0.028709716060664987
5,14.01.2019,8,2019,True,har_gpr,0.0194874043530277,0.030095095883617452
5,15.01.2019,8,2019,True,har_gpr,0.0167798376616638,0.030659091690170337
5,16.01.2019,8,2019,True,har_gpr,0.0159156442482855,0.03104092020978052
5,17.01.2019,8,2019,True,har_gpr,0.0164312262229927,0.029750032558452322
5,18.01.2019,8,2019,True,har_gpr,0.0147655249557022,0.02752699849820321
5,22.01.2019,8,2019,True,har_gpr,0.0189142205268864,0.028474880228248005
5,23.01.2019,8,2019,True,har_gpr,0.018796595261729,0.026993454084973827
5,24.01.2019,8,2019,True,har_gpr,0.0187591411197631,0.02621172089229534
5,25.01.2019,8,2019,True,har_gpr,0.0184287408086276,0.022779642837978915
5,28.01.2019,8,2019,True,har_gpr,0.0089489263422891,0.019650979922750847
5,29.01.2019,8,2019,True,har_gpr,0.0070621088502857,0.018612014702584466
5,30.01.2019,8,2019,True,har_gpr,0.0081758104856016,0.01891841972248492
5,31.01.2019,8,2019,True,har_gpr,0.0122015810748262,0.017787864820683015
5,01.02.2019,8,2019,True,har_gpr,0.0127859090900586,0.017553381149725898
5,04.02.2019,8,2019,True,har_gpr,0.012143724381162,0.017261193709927496
5,05.02.2019,8,2019,True,har_gpr,0.0139199767348959,0.01637908792942995
5,06.02.2019,8,2019,True,har_gpr,0.0155686233686225,0.01631665230462003
5,07.02.2019,8,2019,True,har_gpr,0.0113049986467258,0.01617463547277234
5,08.02.2019,8,2019,True,har_gpr,0.0133288176648389,0.01510907252969995
5,11.02.2019,8,2019,True,har_gpr,0.0082464929959191,0.014846392526591864
5,12.02.2019,8,2019,True,har_gpr,0.0086903448748632,0.015421258498191575
5,13.02.2019,8,2019,True,har_gpr,0.0102614880194912,0.015106286464199585
5,14.02.2019,8,2019,True,har_gpr,0.0107053409628715,0.014949219406622428
5,15.02.2019,8,2019,True,har_gpr,0.0178635390592765,0.01456698651662522
5,19.02.2019,8,2019,True,har_gpr,0.018356273791111,0.01570244764338547
5,20.02.2019,8,2019,True,har_gpr,0.0201864319681324,0.013823934242962976
5,21.02.2019,8,2019,True,har_gpr,0.0201992951051953,0.013462290228816407
5,22.02.2019,8,2019,True,har_gpr,0.0206300660286713,0.01312368189552313
5,25.02.2019,8,2019,True,har_gpr,0.0128347653671285,0.013161245848384706
5,26.02.2019,8,2019,True,har_gpr,0.0126351554159464,0.016753126250594042
5,27.02.2019,8,2019,True,har_gpr,0.0091273411662313,0.014549738694689203
5,28.02.2019,8,2019,True,har_gpr,0.009077567036896,0.014899407723820651
5,01.03.2019,8,2019,True,har_gpr,0.0065078939403902,0.014535902208568142
5,04.03.2019,8,2019,True,har_gpr,0.007574300337263,0.015300797313184154
5,05.03.2019,8,2019,True,har_gpr,0.0075985638282831,0.01445093528354869
5,06.03.2019,8,2019,True,har_gpr,0.0089403129562344,0.014130943716472368
5,07.03.2019,8,2019,True,har_gpr,0.0098827614835812,0.013658988841830698
5,08.03.2019,8,2019,True,har_gpr,0.0081743305150077,0.013671528058458829
5,11.03.2019,8,2019,True,har_gpr,0.0068603173397963,0.013263328814030554
5,12.03.2019,8,2019,True,har_gpr,0.0068790926091644,0.0136599252114439
5,13.03.2019,8,2019,True,har_gpr,0.0068658958701584,0.013013273863096522
5,14.03.2019,8,2019,True,har_gpr,0.0083026807161802,0.013518706268534195
5,15.03.2019,8,2019,True,har_gpr,0.0105208262382089,0.013044123174590834
5,18.03.2019,8,2019,True,har_gpr,0.0101742576028712,0.012566299658178287
5,19.03.2019,8,2019,True,har_gpr,0.0116037024376697,0.012478017345624306
5,20.03.2019,8,2019,True,har_gpr,0.009462069505892,0.012300267679208448
5,21.03.2019,8,2019,True,har_gpr,0.0085041508470107,0.012865160510539085
5,22.03.2019,8,2019,True,har_gpr,0.0056404259055281,0.012996595644317622
5,25.03.2019,8,2019,True,har_gpr,0.0059687304201601,0.013514107889297194
5,26.03.2019,8,2019,True,har_gpr,0.0049926489165951,0.009934237878225718
5,27.03.2019,8,2019,True,har_gpr,0.0046411211698451,0.010489191373262097
5,28.03.2019,8,2019,True,har_gpr,0.0043280211003669,0.009458464418930829
5,29.03.2019,8,2019,True,har_gpr,0.0057852294855622,0.009220289215427994
5,01.04.2019,8,2019,True,har_gpr,0.006082010433902,0.008774856680469708
5,02.04.2019,8,2019,True,har_gpr,0.0084257257517019,0.009020661339538251
5,03.04.2019,8,2019,True,har_gpr,0.0094616915221287,0.008816747574892106
5,04.04.2019,8,2019,True,har_gpr,0.0129248978840377,0.008652959749501898
5,05.04.2019,8,2019,True,har_gpr,0.0123947287926467,0.008634335196771802
5,08.04.2019,8,2019,True,har_gpr,0.0120813269048199,0.009168812104526327
5,09.04.2019,8,2019,True,har_gpr,0.0116696563406467,0.009400933318997027
5,10.04.2019,8,2019,True,har_gpr,0.0093165765611569,0.009672628651192831
5,11.04.2019,8,2019,True,har_gpr,0.0063446120445208,0.010222845184149386
5,12.04.2019,8,2019,True,har_gpr,0.0130358344643279,0.010775146178369183
5,15.04.2019,8,2019,True,har_gpr,0.0112788820183447,0.010715864478567438
5,16.04.2019,8,2019,True,har_gpr,0.0119033703086689,0.010270754981479564
5,17.04.2019,8,2019,True,har_gpr,0.0122205165640559,0.0103668502016746
5,18.04.2019,8,2019,True,har_gpr,0.0209429177820023,0.009756191693967747
5,22.04.2019,8,2019,True,har_gpr,0.0141770359638853,0.0093551319124788
5,23.04.2019,8,2019,True,har_gpr,0.0151344987740408,0.011715641438103745
5,24.04.2019,8,2019,True,har_gpr,0.0148685713659195,0.010743583530835793
5,25.04.2019,8,2019,True,har_gpr,0.015776301832351,0.010539945047270127
5,26.04.2019,8,2019,True,har_gpr,0.0114226692270953,0.010670625703607465
5,29.04.2019,8,2019,True,har_gpr,0.0121541633658147,0.014302308726902186
5,30.04.2019,8,2019,True,har_gpr,0.0116411610431414,0.012209135539842906
5,01.05.2019,8,2019,True,har_gpr,0.0134527821335908,0.012652266331445935
5,02.05.2019,8,2019,True,har_gpr,0.0105754105808305,0.012721803977065693
5,03.05.2019,8,2019,True,har_gpr,0.0107132481709064,0.013868967141866268
5,06.05.2019,8,2019,True,har_gpr,0.0102587188848214,0.012827454229833293
5,07.05.2019,8,2019,True,har_gpr,0.0074127698494249,0.013063267274418068
5,08.05.2019,8,2019,True,har_gpr,0.0074598943571671,0.01387871323420631
5,09.05.2019,8,2019,True,har_gpr,0.0078135158373697,0.013582991739878722
5,10.05.2019,8,2019,True,har_gpr,0.0095003314449814,0.012742816283378209
5,13.05.2019,8,2019,True,har_gpr,0.008955374570181,0.012680408093757572
5,14.05.2019,8,2019,True,har_gpr,0.0072599203801261,0.012272725764263751
5,15.05.2019,8,2019,True,har_gpr,0.0105205668621385,0.012650055393200006
5,16.05.2019,8,2019,True,har_gpr,0.0196013011296534,0.012393680511076878
5,17.05.2019,8,2019,True,har_gpr,0.023187981191523,0.012760870201646178
5,20.05.2019,8,2019,True,har_gpr,0.0270217917035728,0.01268957950829054
5,21.05.2019,8,2019,True,har_gpr,0.0266528068777183,0.011535187764160893
5,22.05.2019,8,2019,True,har_gpr,0.0299191758134275,0.011318665070849193
5,23.05.2019,8,2019,True,har_gpr,0.0271622431590274,0.012411432619860871
5,24.05.2019,8,2019,True,har_gpr,0.0285278579557985,0.016708594729522564
5,28.05.2019,8,2019,True,har_gpr,0.025108956796353,0.01527277602844555
5,29.05.2019,8,2019,True,har_gpr,0.0238078466000291,0.01633833090579838
5,30.05.2019,8,2019,True,har_gpr,0.0295887871672948,0.01578673342145482
5,31.05.2019,8,2019,True,har_gpr,0.0320198916324987,0.018408453030545894
5,03.06.2019,8,2019,True,har_gpr,0.0210064065021398,0.018910754016899522
5,04.06.2019,8,2019,True,har_gpr,0.0205417116202196,0.021723754554958574
5,05.06.2019,8,2019,True,har_gpr,0.0256515135608072,0.02010994266368928
5,06.06.2019,8,2019,True,har_gpr,0.0266842085154147,0.02046491111495295
5,07.06.2019,8,2019,True,har_gpr,0.0236012743315815,0.021055813080712544
5,10.06.2019,8,2019,True,har_gpr,0.0237952996756332,0.02236638756815309
5,11.06.2019,8,2019,True,har_gpr,0.0261723992848263,0.02092221959520712
5,12.06.2019,8,2019,True,har_gpr,0.0169003342306018,0.020318187378258447
5,13.06.2019,8,2019,True,har_gpr,0.0227794287203917,0.022509325973367952
5,14.06.2019,8,2019,True,har_gpr,0.022782883450143,0.022503841986052785
5,17.06.2019,8,2019,True,har_gpr,0.0195358749318943,0.021844896839976063
5,18.06.2019,8,2019,True,har_gpr,0.019450447450313,0.021830681983458326
5,19.06.2019,8,2019,True,har_gpr,0.0181951511477143,0.02262679914908844
5,20.06.2019,8,2019,True,har_gpr,0.0105397886814365,0.021280457967483946
5,21.06.2019,8,2019,True,har_gpr,0.0103935840145205,0.024617337266124268
5,24.06.2019,8,2019,True,har_gpr,0.0158083443545587,0.022377047075746923
5,25.06.2019,8,2019,True,har_gpr,0.024441783536261,0.02142807700574416
5,26.06.2019,8,2019,True,har_gpr,0.0246298502103221,0.02095882363684435
5,27.06.2019,8,2019,True,har_gpr,0.0252529960327119,0.021980725777827198
5,28.06.2019,8,2019,True,har_gpr,0.0251351870342236,0.019615250025699985
5,01.07.2019,8,2019,True,har_gpr,0.0237446064063463,0.018517337422132036
5,02.07.2019,8,2019,True,har_gpr,0.0188698644341893,0.018219043307123414
5,03.07.2019,8,2019,True,har_gpr,0.0202763743981155,0.021167579445690563
5,05.07.2019,8,2019,True,har_gpr,0.0204119792690014,0.020379458629466177
5,08.07.2019,8,2019,True,har_gpr,0.0206267796382954,0.019661124514831943
5,09.07.2019,8,2019,True,har_gpr,0.0274931027131479,0.019093881170675075
5,10.07.2019,8,2019,True,har_gpr,0.0134766094439919,0.018691896888374127
5,11.07.2019,8,2019,True,har_gpr,0.0152918072396323,0.021295106672435286
5,12.07.2019,8,2019,True,har_gpr,0.0170124691158972,0.0186699280125552
5,15.07.2019,8,2019,True,har_gpr,0.0204698469065174,0.018253045140241706
5,16.07.2019,8,2019,True,har_gpr,0.0171457558909283,0.018365495674909003
5,17.07.2019,8,2019,True,har_gpr,0.0170745722454702,0.020735462410263708
5,18.07.2019,8,2019,True,har_gpr,0.0089574681274463,0.018684637978094307
5,19.07.2019,8,2019,True,har_gpr,0.0087455251675615,0.020093529700679357
5,22.07.2019,8,2019,True,har_gpr,0.0071215939907792,0.018051770006161726
5,23.07.2019,8,2019,True,har_gpr,0.0092398655196769,0.018657915832982683
5,24.07.2019,8,2019,True,har_gpr,0.0057173096221521,0.018337301434424295
5,25.07.2019,8,2019,True,har_gpr,0.0367606804779521,0.018438836769131065
5,26.07.2019,8,2019,True,har_gpr,0.0394655698047253,0.017042489059141224
5,29.07.2019,8,2019,True,har_gpr,0.0409596939496368,0.016944035640357163
5,30.07.2019,8,2019,True,har_gpr,0.0378345825158935,0.016924186114672272
5,31.07.2019,8,2019,True,har_gpr,0.0363646729211064,0.0173734287143456
5,01.08.2019,8,2019,True,har_gpr,0.0314804852774762,0.014956955171160575
5,02.08.2019,8,2019,True,har_gpr,0.0307384201909447,0.024464693518625086
5,05.08.2019,8,2019,True,har_gpr,0.0280471886648138,0.02316709086468107
5,06.08.2019,8,2019,True,har_gpr,0.0345935169849484,0.024745838565972067
5,07.08.2019,8,2019,True,har_gpr,0.0280914476045217,0.02383538192289424
5,08.08.2019,8,2019,True,har_gpr,0.030765095800668,0.024306614131485133
5,09.08.2019,8,2019,True,har_gpr,0.029512569955925,0.02350488926672467
5,12.08.2019,8,2019,True,har_gpr,0.0306241591143409,0.0238730414775674
5,13.08.2019,8,2019,True,har_gpr,0.0205543935865663,0.02266848581446182
5,14.08.2019,8,2019,True,har_gpr,0.0145930920797547,0.02602431798882792
5,15.08.2019,8,2019,True,har_gpr,0.0088667425769444,0.025373982644514115
5,16.08.2019,8,2019,True,har_gpr,0.0111287316953794,0.025080084072925155
5,19.08.2019,8,2019,True,har_gpr,0.0076496310359353,0.024424484116258922
5,20.08.2019,8,2019,True,har_gpr,0.0105472754211265,0.02495362043946141
5,21.08.2019,8,2019,True,har_gpr,0.0132739513596735,0.02358771608097472
5,22.08.2019,8,2019,True,har_gpr,0.0131100177684739,0.023098282140729544
5,23.08.2019,8,2019,True,har_gpr,0.0133661309738835,0.02269934924734568
5,26.08.2019,8,2019,True,har_gpr,0.0223009327402245,0.023023443256047188
5,27.08.2019,8,2019,True,har_gpr,0.0292306574147807,0.022983280804422156
5,28.08.2019,8,2019,True,har_gpr,0.0284374392850045,0.0232707091993798
5,29.08.2019,8,2019,True,har_gpr,0.0284322075743836,0.023774883962605204
5,30.08.2019,8,2019,True,har_gpr,0.0281509233270529,0.019840309996451585
5,03.09.2019,8,2019,True,har_gpr,0.0170054519406337,0.019554748208814043
5,04.09.2019,8,2019,True,har_gpr,0.016250570313768,0.021246526695799465
5,05.09.2019,8,2019,True,har_gpr,0.0163767180790026,0.023100236414981015
5,06.09.2019,8,2019,True,har_gpr,0.0150884975390755,0.019669247199772758
5,09.09.2019,8,2019,True,har_gpr,0.0659707389590596,0.0196709940446412
5,10.09.2019,8,2019,True,har_gpr,0.0767449004681863,0.020176821659405077
5,11.09.2019,8,2019,True,har_gpr,0.0757637506495887,0.01881760930720315
5,12.09.2019,8,2019,True,har_gpr,0.0752297186792784,0.018468983010535782
5,13.09.2019,8,2019,True,har_gpr,0.0751898147717525,0.016941683303362577
5,16.09.2019,8,2019,True,har_gpr,0.0320645322856537,0.016166132222797572
5,17.09.2019,8,2019,True,har_gpr,0.0159400789931638,0.03694045035040007
5,18.09.2019,8,2019,True,har_gpr,0.0154434498056437,0.037734342417487916
5,19.09.2019,8,2019,True,har_gpr,0.0138423354152751,0.03585839315189877
5,20.09.2019,8,2019,True,har_gpr,0.0140930668194394,0.035769161033741316
5,23.09.2019,8,2019,True,har_gpr,0.0117244119930179,0.03533681638283773
5,24.09.2019,8,2019,True,har_gpr,0.0134197510344881,0.03201833639548593
5,25.09.2019,8,2019,True,har_gpr,0.0136279185016697,0.03175118817943478
5,26.09.2019,8,2019,True,har_gpr,0.0116382823431354,0.031198786852544087
5,27.09.2019,8,2019,True,har_gpr,0.0172998567063652,0.030769852425655025
5,30.09.2019,8,2019,True,har_gpr,0.0174523500807843,0.0311437206174167
5,01.10.2019,8,2019,True,har_gpr,0.0115360055013652,0.031230698428981674
5,02.10.2019,8,2019,True,har_gpr,0.005277352286438,0.03170025378641948
5,03.10.2019,8,2019,True,har_gpr,0.0070373235174042,0.030659378203839283
5,04.10.2019,8,2019,True,har_gpr,0.0109394799259963,0.029726459292911823
5,07.10.2019,8,2019,True,har_gpr,0.0162387657683772,0.030609965437996895
5,08.10.2019,8,2019,True,har_gpr,0.0173284267231663,0.03004648935663872
5,09.10.2019,8,2019,True,har_gpr,0.0178638931689887,0.029636207965224756
5,10.10.2019,8,2019,True,har_gpr,0.0173218055612113,0.02888170404942273
5,11.10.2019,8,2019,True,har_gpr,0.0130641859288332,0.029558712103052113
5,14.10.2019,8,2019,True,har_gpr,0.0103175583380513,0.0305252476814103
5,15.10.2019,8,2019,True,har_gpr,0.0103776162891288,0.01884450841424208
5,16.10.2019,8,2019,True,har_gpr,0.0139109367998558,0.014707577731472781
5,17.10.2019,8,2019,True,har_gpr,0.0139078638268493,0.014946686015368353
5,18.10.2019,8,2019,True,har_gpr,0.0116098018639713,0.014636845225655904
5,21.10.2019,8,2019,True,har_gpr,0.0114384274904814,0.014318649677423169
5,22.10.2019,8,2019,True,har_gpr,0.0117137662890093,0.014058767494528474
5,23.10.2019,8,2019,True,har_gpr,0.0098968167008682,0.013941176136036489
5,24.10.2019,8,2019,True,har_gpr,0.0082210439332529,0.01539635978268018
5,25.10.2019,8,2019,True,har_gpr,0.0151486894781646,0.014836936274048187
5,28.10.2019,8,2019,True,har_gpr,0.015039194046301,0.014407037878391989
5,29.10.2019,8,2019,True,har_gpr,0.0158138252276729,0.014178143415890068
5,30.10.2019,8,2019,True,har_gpr,0.0169888517750514,0.012485002461542886
5,31.10.2019,8,2019,True,har_gpr,0.0160905959845041,0.012652071122754852
5,01.11.2019,8,2019,True,har_gpr,0.0129008082612136,0.012258400638065166
5,04.11.2019,8,2019,True,har_gpr,0.0130189482499677,0.014017387422901473
5,05.11.2019,8,2019,True,har_gpr,0.0107733937509023,0.013120468544291244
5,06.11.2019,8,2019,True,har_gpr,0.0056357902461286,0.013503592317392722
5,07.11.2019,8,2019,True,har_gpr,0.0042156189682767,0.014522478627383734
5,08.11.2019,8,2019,True,har_gpr,0.0085295963152964,0.013956418810604061
5,11.11.2019,8,2019,True,har_gpr,0.0109337005763876,0.012894551727806939
5,12.11.2019,8,2019,True,har_gpr,0.0159955910507039,0.012398801667130949
5,13.11.2019,8,2019,True,har_gpr,0.0203262254408818,0.012102733716971284
5,14.11.2019,8,2019,True,har_gpr,0.0230471484084728,0.0116972004944776
5,15.11.2019,8,2019,True,har_gpr,0.0228402460028174,0.011416449944604232
5,18.11.2019,8,2019,True,har_gpr,0.0214654816850295,0.012422111982814307
5,19.11.2019,8,2019,True,har_gpr,0.0143055460064997,0.012538419496223415
5,20.11.2019,8,2019,True,har_gpr,0.0130766580889384,0.014202401103624621
5,21.11.2019,8,2019,True,har_gpr,0.0136924615972009,0.014512172828570282
5,22.11.2019,8,2019,True,har_gpr,0.0163500734161195,0.015403839583829982
5,25.11.2019,8,2019,True,har_gpr,0.0154715255404578,0.014914804219903903
5,26.11.2019,8,2019,True,har_gpr,0.024686585239586,0.014768478936323739
5,27.11.2019,8,2019,True,har_gpr,0.0251129533115537,0.014482495954221786
5,29.11.2019,8,2019,True,har_gpr,0.0219904486745185,0.013755500472356273
5,02.12.2019,8,2019,True,har_gpr,0.0155258343889469,0.015523173357656534
5,03.12.2019,8,2019,True,har_gpr,0.0149736834227063,0.015572580885406454
5,04.12.2019,8,2019,True,har_gpr,0.0094565791410001,0.014574493955187907
5,05.12.2019,8,2019,True,har_gpr,0.0096115235428199,0.01776775239789287
5,06.12.2019,8,2019,True,har_gpr,0.0096493688736199,0.016307951518045257
5,09.12.2019,8,2019,True,har_gpr,0.0093178669736796,0.016573359221960456
5,10.12.2019,8,2019,True,har_gpr,0.0098742564973966,0.015713447106430876
5,11.12.2019,8,2019,True,har_gpr,0.0062915907181347,0.015590350623963951
5,12.12.2019,8,2019,True,har_gpr,0.0063535476577686,0.015584572230478587
5,13.12.2019,8,2019,True,har_gpr,0.0064505981364874,0.015541435111242298
5,16.12.2019,8,2019,True,har_gpr,0.0064363735631864,0.01604553723478677
5,17.12.2019,8,2019,True,har_gpr,0.006621590452959,0.015312114284878685
5,18.12.2019,8,2019,True,har_gpr,0.0071770886715892,0.01554266929500567
5,19.12.2019,8,2019,True,har_gpr,0.007210126877446,0.013967858027827348
5,20.12.2019,8,2019,True,har_gpr,0.0041956261058787,0.013639598048103826
5,23.12.2019,8,2019,True,har_gpr,0.0200052027758013,0.013116410573494537
5,24.12.2019,8,2019,True,har_gpr,0.0189371834944917,0.012845570782896153
5,26.12.2019,8,2019,True,har_gpr,0.0252814036333982,0.013292129388550516
5,27.12.2019,8,2019,True,har_gpr,0.0253001040079775,0.013300022441658588
5,30.12.2019,8,2019,True,har_gpr,0.0257553704792599,0.012985482838616615
5,31.12.2019,8,2019,True,har_gpr,0.0279041890765627,0.012269559740797875
5,02.01.2019,8,2019,True,har_x,0.0146568743436294,0.028866382313141852
5,03.01.2019,8,2019,True,har_x,0.0169289054475661,0.030745505928411566
5,04.01.2019,8,2019,True,har_x,0.0243416709332874,0.0301108588024798
5,07.01.2019,8,2019,True,har_x,0.0295158377413385,0.029034543406775498
5,08.01.2019,8,2019,True,har_x,0.030115510898713,0.02803379434402438
5,09.01.2019,8,2019,True,har_x,0.0218406880192739,0.025465048893005784
5,10.01.2019,8,2019,True,har_x,0.0217117591099722,0.024513667264401393
5,11.01.2019,8,2019,True,har_x,0.0215360801042874,0.023238888386422536
5,14.01.2019,8,2019,True,har_x,0.0194874043530277,0.02203583116067593
5,15.01.2019,8,2019,True,har_x,0.0167798376616638,0.022122558196485405
5,16.01.2019,8,2019,True,har_x,0.0159156442482855,0.0214757312197469
5,17.01.2019,8,2019,True,har_x,0.0164312262229927,0.020794889347787247
5,18.01.2019,8,2019,True,har_x,0.0147655249557022,0.019528713959115783
5,22.01.2019,8,2019,True,har_x,0.0189142205268864,0.018848905934305948
5,23.01.2019,8,2019,True,har_x,0.018796595261729,0.02032258146682923
5,24.01.2019,8,2019,True,har_x,0.0187591411197631,0.01986506776932983
5,25.01.2019,8,2019,True,har_x,0.0184287408086276,0.019095808834211365
5,28.01.2019,8,2019,True,har_x,0.0089489263422891,0.018037089697862312
5,29.01.2019,8,2019,True,har_x,0.0070621088502857,0.02023592293351045
5,30.01.2019,8,2019,True,har_x,0.0081758104856016,0.019843639656009413
5,31.01.2019,8,2019,True,har_x,0.0122015810748262,0.01868542557211008
5,01.02.2019,8,2019,True,har_x,0.0127859090900586,0.018270494203232266
5,04.02.2019,8,2019,True,har_x,0.012143724381162,0.017237492020757077
5,05.02.2019,8,2019,True,har_x,0.0139199767348959,0.019242749296487602
5,06.02.2019,8,2019,True,har_x,0.0155686233686225,0.01980769787755942
5,07.02.2019,8,2019,True,har_x,0.0113049986467258,0.018821164870312303
5,08.02.2019,8,2019,True,har_x,0.0133288176648389,0.019599100016775346
5,11.02.2019,8,2019,True,har_x,0.0082464929959191,0.018375960547524366
5,12.02.2019,8,2019,True,har_x,0.0086903448748632,0.01640730488291372
5,13.02.2019,8,2019,True,har_x,0.0102614880194912,0.0159932005814344
5,14.02.2019,8,2019,True,har_x,0.0107053409628715,0.015720518953166403
5,15.02.2019,8,2019,True,har_x,0.0178635390592765,0.015635532156458305
5,19.02.2019,8,2019,True,har_x,0.018356273791111,0.014055746539721348
5,20.02.2019,8,2019,True,har_x,0.0201864319681324,0.015707891954593284
5,21.02.2019,8,2019,True,har_x,0.0201992951051953,0.015581763863123984
5,22.02.2019,8,2019,True,har_x,0.0206300660286713,0.01509272319322695
5,25.02.2019,8,2019,True,har_x,0.0128347653671285,0.01489514131304487
5,26.02.2019,8,2019,True,har_x,0.0126351554159464,0.01714775490653462
5,27.02.2019,8,2019,True,har_x,0.0091273411662313,0.016116874034787638
5,28.02.2019,8,2019,True,har_x,0.009077567036896,0.015831729594195307
5,01.03.2019,8,2019,True,har_x,0.0065078939403902,0.015251230322903845
5,04.03.2019,8,2019,True,har_x,0.007574300337263,0.015372295948754687
5,05.03.2019,8,2019,True,har_x,0.0075985638282831,0.01428967047338916
5,06.03.2019,8,2019,True,har_x,0.0089403129562344,0.013970808157533189
5,07.03.2019,8,2019,True,har_x,0.0098827614835812,0.013931617822119227
5,08.03.2019,8,2019,True,har_x,0.0081743305150077,0.014424005469857469
5,11.03.2019,8,2019,True,har_x,0.0068603173397963,0.0140531257113857
5,12.03.2019,8,2019,True,har_x,0.0068790926091644,0.013349324213884968
5,13.03.2019,8,2019,True,har_x,0.0068658958701584,0.012841609324476269
5,14.03.2019,8,2019,True,har_x,0.0083026807161802,0.012658607510049828
5,15.03.2019,8,2019,True,har_x,0.0105208262382089,0.011982779987438946
5,18.03.2019,8,2019,True,har_x,0.0101742576028712,0.011355323898760889
5,19.03.2019,8,2019,True,har_x,0.0116037024376697,0.011111796557066662
5,20.03.2019,8,2019,True,har_x,0.009462069505892,0.012315863414416369
5,21.03.2019,8,2019,True,har_x,0.0085041508470107,0.011648527078443527
5,22.03.2019,8,2019,True,har_x,0.0056404259055281,0.011560723501350647
5,25.03.2019,8,2019,True,har_x,0.0059687304201601,0.011979297564681177
5,26.03.2019,8,2019,True,har_x,0.0049926489165951,0.013629163666595723
5,27.03.2019,8,2019,True,har_x,0.0046411211698451,0.012805917560974444
5,28.03.2019,8,2019,True,har_x,0.0043280211003669,0.012845095165293651
5,29.03.2019,8,2019,True,har_x,0.0057852294855622,0.01309534468415828
5,01.04.2019,8,2019,True,har_x,0.006082010433902,0.01205455833545273
5,02.04.2019,8,2019,True,har_x,0.0084257257517019,0.011664250410564885
5,03.04.2019,8,2019,True,har_x,0.0094616915221287,0.011672876661102798
5,04.04.2019,8,2019,True,har_x,0.0129248978840377,0.011186784759476376
5,05.04.2019,8,2019,True,har_x,0.0123947287926467,0.010971228239073804
5,08.04.2019,8,2019,True,har_x,0.0120813269048199,0.010288273781672528
5,09.04.2019,8,2019,True,har_x,0.0116696563406467,0.01040859334932907
5,10.04.2019,8,2019,True,har_x,0.0093165765611569,0.010566820274355718
5,11.04.2019,8,2019,True,har_x,0.0063446120445208,0.010654254892272121
5,12.04.2019,8,2019,True,har_x,0.0130358344643279,0.011252303395762104
5,15.04.2019,8,2019,True,har_x,0.0112788820183447,0.011238612645964251
5,16.04.2019,8,2019,True,har_x,0.0119033703086689,0.010961139767933581
5,17.04.2019,8,2019,True,har_x,0.0122205165640559,0.011027307160207505
5,18.04.2019,8,2019,True,har_x,0.0209429177820023,0.01074767470553324
5,22.04.2019,8,2019,True,har_x,0.0141770359638853,0.010329729621696032
5,23.04.2019,8,2019,True,har_x,0.0151344987740408,0.011755735388756114
5,24.04.2019,8,2019,True,har_x,0.0148685713659195,0.011885759254934321
5,25.04.2019,8,2019,True,har_x,0.015776301832351,0.011012201596892845
5,26.04.2019,8,2019,True,har_x,0.0114226692270953,0.011213763726301817
5,29.04.2019,8,2019,True,har_x,0.0121541633658147,0.015050830921532391
5,30.04.2019,8,2019,True,har_x,0.0116411610431414,0.013702791974678701
5,01.05.2019,8,2019,True,har_x,0.0134527821335908,0.01394693594743415
5,02.05.2019,8,2019,True,har_x,0.0105754105808305,0.014002759966358297
5,03.05.2019,8,2019,True,har_x,0.0107132481709064,0.014811520072108399
5,06.05.2019,8,2019,True,har_x,0.0102587188848214,0.014302858746209013
5,07.05.2019,8,2019,True,har_x,0.0074127698494249,0.01568047066984402
5,08.05.2019,8,2019,True,har_x,0.0074598943571671,0.01783643034130485
5,09.05.2019,8,2019,True,har_x,0.0078135158373697,0.01653439877485994
5,10.05.2019,8,2019,True,har_x,0.0095003314449814,0.016649308131635922
5,13.05.2019,8,2019,True,har_x,0.008955374570181,0.01687061043708173
5,14.05.2019,8,2019,True,har_x,0.0072599203801261,0.018425071279021488
5,15.05.2019,8,2019,True,har_x,0.0105205668621385,0.016977709847397257
5,16.05.2019,8,2019,True,har_x,0.0196013011296534,0.015088951199136832
5,17.05.2019,8,2019,True,har_x,0.023187981191523,0.01523402744214058
5,20.05.2019,8,2019,True,har_x,0.0270217917035728,0.015172932074647226
5,21.05.2019,8,2019,True,har_x,0.0266528068777183,0.013263525086599264
5,22.05.2019,8,2019,True,har_x,0.0299191758134275,0.012830806625625711
5,23.05.2019,8,2019,True,har_x,0.0271622431590274,0.013734243088817013
5,24.05.2019,8,2019,True,har_x,0.0285278579557985,0.01757140676312684
5,28.05.2019,8,2019,True,har_x,0.025108956796353,0.016827923683386117
5,29.05.2019,8,2019,True,har_x,0.0238078466000291,0.018428848425722684
5,30.05.2019,8,2019,True,har_x,0.0295887871672948,0.019644442845337978
5,31.05.2019,8,2019,True,har_x,0.0320198916324987,0.021951066433048616
5,03.06.2019,8,2019,True,har_x,0.0210064065021398,0.026637307456512646
5,04.06.2019,8,2019,True,har_x,0.0205417116202196,0.025986414698281175
5,05.06.2019,8,2019,True,har_x,0.0256515135608072,0.02355582001905451
5,06.06.2019,8,2019,True,har_x,0.0266842085154147,0.024770689188310803
5,07.06.2019,8,2019,True,har_x,0.0236012743315815,0.021793319891572602
5,10.06.2019,8,2019,True,har_x,0.0237952996756332,0.020665867536131498
5,11.06.2019,8,2019,True,har_x,0.0261723992848263,0.020137996208692246
5,12.06.2019,8,2019,True,har_x,0.0169003342306018,0.019725580255933402
5,13.06.2019,8,2019,True,har_x,0.0227794287203917,0.022809441545566512
5,14.06.2019,8,2019,True,har_x,0.022782883450143,0.021720505629163122
5,17.06.2019,8,2019,True,har_x,0.0195358749318943,0.0225025782771975
5,18.06.2019,8,2019,True,har_x,0.019450447450313,0.026102270863940694
5,19.06.2019,8,2019,True,har_x,0.0181951511477143,0.02438708089007709
5,20.06.2019,8,2019,True,har_x,0.0105397886814365,0.022678497470469225
5,21.06.2019,8,2019,True,har_x,0.0103935840145205,0.023562727756259054
5,24.06.2019,8,2019,True,har_x,0.0158083443545587,0.02353951171187707
5,25.06.2019,8,2019,True,har_x,0.024441783536261,0.023846061805687376
5,26.06.2019,8,2019,True,har_x,0.0246298502103221,0.02333933248899408
5,27.06.2019,8,2019,True,har_x,0.0252529960327119,0.022392957618930214
5,28.06.2019,8,2019,True,har_x,0.0251351870342236,0.02185831312022713
5,01.07.2019,8,2019,True,har_x,0.0237446064063463,0.022837329613239553
5,02.07.2019,8,2019,True,har_x,0.0188698644341893,0.01933179923165065
5,03.07.2019,8,2019,True,har_x,0.0202763743981155,0.020651326306855986
5,05.07.2019,8,2019,True,har_x,0.0204119792690014,0.019802178149596138
5,08.07.2019,8,2019,True,har_x,0.0206267796382954,0.018356383173402022
5,09.07.2019,8,2019,True,har_x,0.0274931027131479,0.016806576797718825
5,10.07.2019,8,2019,True,har_x,0.0134766094439919,0.014448323671734955
5,11.07.2019,8,2019,True,har_x,0.0152918072396323,0.015244750453784898
5,12.07.2019,8,2019,True,har_x,0.0170124691158972,0.014267797410802644
5,15.07.2019,8,2019,True,har_x,0.0204698469065174,0.014552485387808818
5,16.07.2019,8,2019,True,har_x,0.0171457558909283,0.014398148782724832
5,17.07.2019,8,2019,True,har_x,0.0170745722454702,0.015398938333714014
5,18.07.2019,8,2019,True,har_x,0.0089574681274463,0.017184670361109253
5,19.07.2019,8,2019,True,har_x,0.0087455251675615,0.016155026947350274
5,22.07.2019,8,2019,True,har_x,0.0071215939907792,0.017026522950667665
5,23.07.2019,8,2019,True,har_x,0.0092398655196769,0.01846598292520973
5,24.07.2019,8,2019,True,har_x,0.0057173096221521,0.017596222636682625
5,25.07.2019,8,2019,True,har_x,0.0367606804779521,0.017999100633761464
5,26.07.2019,8,2019,True,har_x,0.0394655698047253,0.017427725622966225
5,29.07.2019,8,2019,True,har_x,0.0409596939496368,0.017626201929683703
5,30.07.2019,8,2019,True,har_x,0.0378345825158935,0.016458052147560104
5,31.07.2019,8,2019,True,har_x,0.0363646729211064,0.01554283034937928
5,01.08.2019,8,2019,True,har_x,0.0314804852774762,0.01587056523894685
5,02.08.2019,8,2019,True,har_x,0.0307384201909447,0.019928216106822126
5,05.08.2019,8,2019,True,har_x,0.0280471886648138,0.018890819713729554
5,06.08.2019,8,2019,True,har_x,0.0345935169849484,0.01903663196558548
5,07.08.2019,8,2019,True,har_x,0.0280914476045217,0.018508498269344913
5,08.08.2019,8,2019,True,har_x,0.030765095800668,0.01985658018787226
5,09.08.2019,8,2019,True,har_x,0.029512569955925,0.0183434845165478
5,12.08.2019,8,2019,True,har_x,0.0306241591143409,0.017832721373927204
5,13.08.2019,8,2019,True,har_x,0.0205543935865663,0.018372730503246216
5,14.08.2019,8,2019,True,har_x,0.0145930920797547,0.017969084064090424
5,15.08.2019,8,2019,True,har_x,0.0088667425769444,0.019599614571571153
5,16.08.2019,8,2019,True,har_x,0.0111287316953794,0.019716185497723582
5,19.08.2019,8,2019,True,har_x,0.0076496310359353,0.018848936054323487
5,20.08.2019,8,2019,True,har_x,0.0105472754211265,0.01748852391157559
5,21.08.2019,8,2019,True,har_x,0.0132739513596735,0.017060980622895572
5,22.08.2019,8,2019,True,har_x,0.0131100177684739,0.017156639780963247
5,23.08.2019,8,2019,True,har_x,0.0133661309738835,0.017237403438209942
5,26.08.2019,8,2019,True,har_x,0.0223009327402245,0.019030953411597745
5,27.08.2019,8,2019,True,har_x,0.0292306574147807,0.01884867897380377
5,28.08.2019,8,2019,True,har_x,0.0284374392850045,0.0177651165645934
5,29.08.2019,8,2019,True,har_x,0.0284322075743836,0.017124033332138924
5,30.08.2019,8,2019,True,har_x,0.0281509233270529,0.016336713345114513
5,03.09.2019,8,2019,True,har_x,0.0170054519406337,0.01654454586707213
5,04.09.2019,8,2019,True,har_x,0.016250570313768,0.01798403273809571
5,05.09.2019,8,2019,True,har_x,0.0163767180790026,0.01725078058303392
5,06.09.2019,8,2019,True,har_x,0.0150884975390755,0.016164027550591077
5,09.09.2019,8,2019,True,har_x,0.0659707389590596,0.01602136000709614
5,10.09.2019,8,2019,True,har_x,0.0767449004681863,0.016086975997245692
5,11.09.2019,8,2019,True,har_x,0.0757637506495887,0.016262022093687552
5,12.09.2019,8,2019,True,har_x,0.0752297186792784,0.01730913444476897
5,13.09.2019,8,2019,True,har_x,0.0751898147717525,0.017510748727149413
5,16.09.2019,8,2019,True,har_x,0.0320645322856537,0.017399547630240323
5,17.09.2019,8,2019,True,har_x,0.0159400789931638,0.02888031240218535
5,18.09.2019,8,2019,True,har_x,0.0154434498056437,0.025885899176773107
5,19.09.2019,8,2019,True,har_x,0.0138423354152751,0.02259724119097419
5,20.09.2019,8,2019,True,har_x,0.0140930668194394,0.02303531909208378
5,23.09.2019,8,2019,True,har_x,0.0117244119930179,0.021563530732909307
5,24.09.2019,8,2019,True,har_x,0.0134197510344881,0.020289081198815583
5,25.09.2019,8,2019,True,har_x,0.0136279185016697,0.020450105056195402
5,26.09.2019,8,2019,True,har_x,0.0116382823431354,0.020086958350899378
5,27.09.2019,8,2019,True,har_x,0.0172998567063652,0.019508426541238032
5,30.09.2019,8,2019,True,har_x,0.0174523500807843,0.020456588715587042
5,01.10.2019,8,2019,True,har_x,0.0115360055013652,0.02111554800287547
5,02.10.2019,8,2019,True,har_x,0.005277352286438,0.021292616538332525
5,03.10.2019,8,2019,True,har_x,0.0070373235174042,0.021633032975965062
5,04.10.2019,8,2019,True,har_x,0.0109394799259963,0.02196605371122297
5,07.10.2019,8,2019,True,har_x,0.0162387657683772,0.02131049728832831
5,08.10.2019,8,2019,True,har_x,0.0173284267231663,0.02059871574274988
5,09.10.2019,8,2019,True,har_x,0.0178638931689887,0.020724119871823262
5,10.10.2019,8,2019,True,har_x,0.0173218055612113,0.019832173741282513
5,11.10.2019,8,2019,True,har_x,0.0130641859288332,0.020891738409892335
5,14.10.2019,8,2019,True,har_x,0.0103175583380513,0.02103592628029653
5,15.10.2019,8,2019,True,har_x,0.0103776162891288,0.020785841826064064
5,16.10.2019,8,2019,True,har_x,0.0139109367998558,0.021203160199423705
5,17.10.2019,8,2019,True,har_x,0.0139078638268493,0.021214368186958755
5,18.10.2019,8,2019,True,har_x,0.0116098018639713,0.020064865857454105
5,21.10.2019,8,2019,True,har_x,0.0114384274904814,0.01929960010217247
5,22.10.2019,8,2019,True,har_x,0.0117137662890093,0.01890853333004751
5,23.10.2019,8,2019,True,har_x,0.0098968167008682,0.018213011727413415
5,24.10.2019,8,2019,True,har_x,0.0082210439332529,0.018401504974459977
5,25.10.2019,8,2019,True,har_x,0.0151486894781646,0.0184402229818348
5,28.10.2019,8,2019,True,har_x,0.015039194046301,0.017603708385489816
5,29.10.2019,8,2019,True,har_x,0.0158138252276729,0.018203131829134838
5,30.10.2019,8,2019,True,har_x,0.0169888517750514,0.018112809259041917
5,31.10.2019,8,2019,True,har_x,0.0160905959845041,0.017412703740226906
5,01.11.2019,8,2019,True,har_x,0.0129008082612136,0.01828834974746808
5,04.11.2019,8,2019,True,har_x,0.0130189482499677,0.017459809221710493
5,05.11.2019,8,2019,True,har_x,0.0107733937509023,0.017885768552945054
5,06.11.2019,8,2019,True,har_x,0.0056357902461286,0.016754151126323426
5,07.11.2019,8,2019,True,har_x,0.0042156189682767,0.01647791344207467
5,08.11.2019,8,2019,True,har_x,0.0085295963152964,0.015260587348676575
5,11.11.2019,8,2019,True,har_x,0.0109337005763876,0.01522189050969514
5,12.11.2019,8,2019,True,har_x,0.0159955910507039,0.016974201495873396
5,13.11.2019,8,2019,True,har_x,0.0203262254408818,0.0168488486139998
5,14.11.2019,8,2019,True,har_x,0.0230471484084728,0.01782667945471895
5,15.11.2019,8,2019,True,har_x,0.0228402460028174,0.017039277802858018
5,18.11.2019,8,2019,True,har_x,0.0214654816850295,0.016163629992112606
5,19.11.2019,8,2019,True,har_x,0.0143055460064997,0.017473541963689807
5,20.11.2019,8,2019,True,har_x,0.0130766580889384,0.017083364432790647
5,21.11.2019,8,2019,True,har_x,0.0136924615972009,0.0165575929294339
5,22.11.2019,8,2019,True,har_x,0.0163500734161195,0.016172801510119704
5,25.11.2019,8,2019,True,har_x,0.0154715255404578,0.01653885623857732
5,26.11.2019,8,2019,True,har_x,0.024686585239586,0.014792431576927265
5,27.11.2019,8,2019,True,har_x,0.0251129533115537,0.014513972353041013
5,29.11.2019,8,2019,True,har_x,0.0219904486745185,0.014179170830524099
5,02.12.2019,8,2019,True,har_x,0.0155258343889469,0.01817386723192772
5,03.12.2019,8,2019,True,har_x,0.0149736834227063,0.017921667733301404
5,04.12.2019,8,2019,True,har_x,0.0094565791410001,0.01777080934774157
5,05.12.2019,8,2019,True,har_x,0.0096115235428199,0.016218319591131694
5,06.12.2019,8,2019,True,har_x,0.0096493688736199,0.01478621393766114
5,09.12.2019,8,2019,True,har_x,0.0093178669736796,0.014666663127524035
5,10.12.2019,8,2019,True,har_x,0.0098742564973966,0.01449063251557573
5,11.12.2019,8,2019,True,har_x,0.0062915907181347,0.013164688793389577
5,12.12.2019,8,2019,True,har_x,0.0063535476577686,0.013225031649208005
5,13.12.2019,8,2019,True,har_x,0.0064505981364874,0.012969177620676764
5,16.12.2019,8,2019,True,har_x,0.0064363735631864,0.012619807546480573
5,17.12.2019,8,2019,True,har_x,0.006621590452959,0.01246897820184876
5,18.12.2019,8,2019,True,har_x,0.0071770886715892,0.012429454543628362
5,19.12.2019,8,2019,True,har_x,0.007210126877446,0.012615639758050792
5,20.12.2019,8,2019,True,har_x,0.0041956261058787,0.011381840756609118
5,23.12.2019,8,2019,True,har_x,0.0200052027758013,0.011832248442197227
5,24.12.2019,8,2019,True,har_x,0.0189371834944917,0.010665043596026002
5,26.12.2019,8,2019,True,har_x,0.0252814036333982,0.010966898424420713
5,27.12.2019,8,2019,True,har_x,0.0253001040079775,0.010070297375607634
5,30.12.2019,8,2019,True,har_x,0.0257553704792599,0.010689608668268076
5,31.12.2019,8,2019,True,har_x,0.0279041890765627,0.011516513007147637
22,02.01.2019,8,2019,True,har,0.018378355605612,0.03343608390426159
22,03.01.2019,8,2019,True,har,0.0183888321712958,0.03244237555460902
22,04.01.2019,8,2019,True,har,0.01815102928158,0.030270192936529536
22,07.01.2019,8,2019,True,har,0.018710697440277,0.029217317898019526
22,08.01.2019,8,2019,True,har,0.0181673465514491,0.028208178147810146
22,09.01.2019,8,2019,True,har,0.0156055629813103,0.028670507267287686
22,10.01.2019,8,2019,True,har,0.0158989033076076,0.030550790028009214
22,11.01.2019,8,2019,True,har,0.0156899314835488,0.029316466049527264
22,14.01.2019,8,2019,True,har,0.014664831137727,0.03056336423360099
22,15.01.2019,8,2019,True,har,0.0145248199268212,0.031145003606757198
22,16.01.2019,8,2019,True,har,0.0144379700830991,0.03149639108656619
22,17.01.2019,8,2019,True,har,0.0144246980769025,0.030342061591337073
22,18.01.2019,8,2019,True,har,0.0137081902151916,0.028274872840292797
22,22.01.2019,8,2019,True,har,0.0127840979086089,0.029132740604702702
22,23.01.2019,8,2019,True,har,0.0152378141137124,0.027441936226624147
22,24.01.2019,8,2019,True,har,0.015244168445671,0.026738785088078316
22,25.01.2019,8,2019,True,har,0.0155295074310064,0.0235384155720139
22,28.01.2019,8,2019,True,har,0.0140169037160408,0.020599162320365294
22,29.01.2019,8,2019,True,har,0.0139414379162867,0.020089524113524153
22,30.01.2019,8,2019,True,har,0.0139997444316343,0.02036726748286652
22,31.01.2019,8,2019,True,har,0.0139979193345814,0.019333433586051864
22,01.02.2019,8,2019,True,har,0.0139818743724955,0.01911620208775579
22,04.02.2019,8,2019,True,har,0.0138921446972868,0.018848858908683545
22,05.02.2019,8,2019,True,har,0.0138909049117274,0.018348832147660366
22,06.02.2019,8,2019,True,har,0.013932660511426,0.01829994324586694
22,07.02.2019,8,2019,True,har,0.0132222672056349,0.01815907045589874
22,08.02.2019,8,2019,True,har,0.0133538490585703,0.017139578547510394
22,11.02.2019,8,2019,True,har,0.0131629199649897,0.016904159907107884
22,12.02.2019,8,2019,True,har,0.012983162039092,0.016602945354205235
22,13.02.2019,8,2019,True,har,0.0125264434063898,0.016294781360526908
22,14.02.2019,8,2019,True,har,0.0122260400975592,0.016136049024148058
22,15.02.2019,8,2019,True,har,0.0113300773481023,0.015799864771197297
22,19.02.2019,8,2019,True,har,0.0115582900798393,0.016840119251974667
22,20.02.2019,8,2019,True,har,0.0117268469360672,0.015211823856992386
22,21.02.2019,8,2019,True,har,0.0117410452499077,0.014863365553462347
22,22.02.2019,8,2019,True,har,0.0119796965363581,0.014552954573626667
22,25.02.2019,8,2019,True,har,0.0088546718158794,0.014585617951654067
22,26.02.2019,8,2019,True,har,0.0087995799301478,0.018022047692835812
22,27.02.2019,8,2019,True,har,0.0081780252932215,0.015997336440594832
22,28.02.2019,8,2019,True,har,0.0081877883494997,0.016302903217735438
22,01.03.2019,8,2019,True,har,0.0073122800067427,0.015979364587373788
22,04.03.2019,8,2019,True,har,0.0072150793214381,0.01668102448492268
22,05.03.2019,8,2019,True,har,0.0072184662457676,0.01598459279326056
22,06.03.2019,8,2019,True,har,0.0075929276787342,0.015694352988225125
22,07.03.2019,8,2019,True,har,0.0077686566365135,0.015267421056856963
22,08.03.2019,8,2019,True,har,0.0076631394501808,0.015275747924569271
22,11.03.2019,8,2019,True,har,0.0078663851120522,0.014898656802700918
22,12.03.2019,8,2019,True,har,0.0085714726576124,0.01519985927868664
22,13.03.2019,8,2019,True,har,0.0084213601129301,0.014609903639013511
22,14.03.2019,8,2019,True,har,0.0084400140993278,0.015062027760206959
22,15.03.2019,8,2019,True,har,0.0084626651003274,0.014625593714863966
22,18.03.2019,8,2019,True,har,0.0084904422648142,0.014190031084795008
22,19.03.2019,8,2019,True,har,0.0084947920832314,0.013471728347178427
22,20.03.2019,8,2019,True,har,0.0098826961588997,0.013311484737606337
22,21.03.2019,8,2019,True,har,0.0094632527398976,0.013824001526190483
22,22.03.2019,8,2019,True,har,0.0087574972110454,0.013946372330599026
22,25.03.2019,8,2019,True,har,0.0089050107816146,0.014418165666924878
22,26.03.2019,8,2019,True,har,0.011427739851181,0.011961408847276138
22,27.03.2019,8,2019,True,har,0.0114176413637232,0.012463754001725766
22,28.03.2019,8,2019,True,har,0.0115146298387829,0.011519898523791277
22,29.03.2019,8,2019,True,har,0.0117177504999847,0.011303280569425332
22,01.04.2019,8,2019,True,har,0.0125478869905457,0.010886623019789115
22,02.04.2019,8,2019,True,har,0.0125153041082776,0.01092728966298465
22,03.04.2019,8,2019,True,har,0.0125444802786175,0.010745311539684516
22,04.04.2019,8,2019,True,har,0.0132855333851044,0.010599178284382154
22,05.04.2019,8,2019,True,har,0.0130504329548585,0.01058237379210156
22,08.04.2019,8,2019,True,har,0.0128296680463817,0.0110607067850461
22,09.04.2019,8,2019,True,har,0.0127690158185314,0.010916899840042332
22,10.04.2019,8,2019,True,har,0.0123186011609623,0.011167211333510462
22,11.04.2019,8,2019,True,har,0.0124402393733659,0.011666276570751262
22,12.04.2019,8,2019,True,har,0.0123513733661443,0.01217386114268814
22,15.04.2019,8,2019,True,har,0.0125311484532772,0.012123745885020371
22,16.04.2019,8,2019,True,har,0.0125141567489697,0.012046521570083957
22,17.04.2019,8,2019,True,har,0.0125334789861669,0.012134831900942137
22,18.04.2019,8,2019,True,har,0.0125057475192078,0.011580712430377744
22,22.04.2019,8,2019,True,har,0.01128949449958,0.011212244654412363
22,23.04.2019,8,2019,True,har,0.0145985721153259,0.013115294059827075
22,24.04.2019,8,2019,True,har,0.0150616336714833,0.012241848643076682
22,25.04.2019,8,2019,True,har,0.0159221094150543,0.012056301957000526
22,26.04.2019,8,2019,True,har,0.0148029310977614,0.012174491819569318
22,29.04.2019,8,2019,True,har,0.0166854458524931,0.015502597770183195
22,30.04.2019,8,2019,True,har,0.01777375831628,0.014049595315743834
22,01.05.2019,8,2019,True,har,0.0202569336503353,0.014448597268964426
22,02.05.2019,8,2019,True,har,0.0204268076459996,0.014517219834353782
22,03.05.2019,8,2019,True,har,0.0206250842116443,0.015571663839124169
22,06.05.2019,8,2019,True,har,0.0211000878526112,0.014638571475501877
22,07.05.2019,8,2019,True,har,0.0219851240462602,0.014650330667393172
22,08.05.2019,8,2019,True,har,0.021957624264914,0.015396803660382367
22,09.05.2019,8,2019,True,har,0.021954116455309,0.015129564345759612
22,10.05.2019,8,2019,True,har,0.0229039207681401,0.014363462866864518
22,13.05.2019,8,2019,True,har,0.0237547395533535,0.014300624167435463
22,14.05.2019,8,2019,True,har,0.0236426937135979,0.014226741463583818
22,15.05.2019,8,2019,True,har,0.0235488150383417,0.01457893401509487
22,16.05.2019,8,2019,True,har,0.0239038673285146,0.014348027574756127
22,17.05.2019,8,2019,True,har,0.0239055174811881,0.01468438122829991
22,20.05.2019,8,2019,True,har,0.0260668126294439,0.014619377610730643
22,21.05.2019,8,2019,True,har,0.0262568460396797,0.013360099094365151
22,22.05.2019,8,2019,True,har,0.0261208710988791,0.013164552015271634
22,23.05.2019,8,2019,True,har,0.0243617170031403,0.014156202184723117
22,24.05.2019,8,2019,True,har,0.024673583447862,0.018101646030990053
22,28.05.2019,8,2019,True,har,0.0241930296976426,0.016788544236651704
22,29.05.2019,8,2019,True,har,0.0241450349377847,0.01784658897181579
22,30.05.2019,8,2019,True,har,0.0232693603039489,0.017346585608899664
22,31.05.2019,8,2019,True,har,0.0236893244171332,0.019748953023503962
22,03.06.2019,8,2019,True,har,0.0214462295967118,0.02023140497087329
22,04.06.2019,8,2019,True,har,0.021370926535752,0.02251340353673563
22,05.06.2019,8,2019,True,har,0.0207403423785823,0.021069563871837692
22,06.06.2019,8,2019,True,har,0.0204882181500688,0.021392431920758646
22,07.06.2019,8,2019,True,har,0.0217722298927689,0.021929628725200077
22,10.06.2019,8,2019,True,har,0.02149961832745,0.023134496626095576
22,11.06.2019,8,2019,True,har,0.0214892853590134,0.022037114317835543
22,12.06.2019,8,2019,True,har,0.0195200348878086,0.021494939482155355
22,13.06.2019,8,2019,True,har,0.0206444511400737,0.02347490348437458
22,14.06.2019,8,2019,True,har,0.0207163421001156,0.023486829824404053
22,17.06.2019,8,2019,True,har,0.0212560101794129,0.022896377049987936
22,18.06.2019,8,2019,True,har,0.0209236974550287,0.02316816090081017
22,19.06.2019,8,2019,True,har,0.0210467333979372,0.023901046895598823
22,20.06.2019,8,2019,True,har,0.0191072119323889,0.02269585705605815
22,21.06.2019,8,2019,True,har,0.0190199516825753,0.02574654260912353
22,24.06.2019,8,2019,True,har,0.0190259695897141,0.02369078918481187
22,25.06.2019,8,2019,True,har,0.0190118416359866,0.02308466705804052
22,26.06.2019,8,2019,True,har,0.018350331856282,0.02264910270523078
22,27.06.2019,8,2019,True,har,0.0187281103830239,0.023584652807157266
22,28.06.2019,8,2019,True,har,0.0188085288435424,0.021428840768673366
22,01.07.2019,8,2019,True,har,0.0241276068638128,0.02040361177538219
22,02.07.2019,8,2019,True,har,0.0231303752458811,0.019774080962899773
22,03.07.2019,8,2019,True,har,0.023613249405091,0.02247407226877843
22,05.07.2019,8,2019,True,har,0.0236427974088696,0.021761611957387884
22,08.07.2019,8,2019,True,har,0.0253589715651013,0.02110861658620562
22,09.07.2019,8,2019,True,har,0.0259383487226522,0.02047674192276793
22,10.07.2019,8,2019,True,har,0.0242687687222322,0.02010745111661425
22,11.07.2019,8,2019,True,har,0.0243102861700946,0.022504516711917145
22,12.07.2019,8,2019,True,har,0.0266255539237806,0.020091391430991784
22,15.07.2019,8,2019,True,har,0.0272084924331109,0.019706665291794948
22,16.07.2019,8,2019,True,har,0.0267668425877826,0.01974154322556028
22,17.07.2019,8,2019,True,har,0.0268381758014288,0.021894012350519278
22,18.07.2019,8,2019,True,har,0.0266905524440899,0.020057717301395852
22,19.07.2019,8,2019,True,har,0.0266323646553737,0.021346505787336295
22,22.07.2019,8,2019,True,har,0.0264799358496472,0.019455091167787705
22,23.07.2019,8,2019,True,har,0.0263738513446103,0.01985242612684384
22,24.07.2019,8,2019,True,har,0.0263673098055065,0.019569903409644915
22,25.07.2019,8,2019,True,har,0.0263824143143768,0.019663475029519137
22,26.07.2019,8,2019,True,har,0.026622673344635,0.018397309909466877
22,29.07.2019,8,2019,True,har,0.0269045042144759,0.018308951600099682
22,30.07.2019,8,2019,True,har,0.0267418671115611,0.01831897289377727
22,31.07.2019,8,2019,True,har,0.0267058438074856,0.018715543649616466
22,01.08.2019,8,2019,True,har,0.0228663921806607,0.01648020991927587
22,02.08.2019,8,2019,True,har,0.0240982005399455,0.02516661683811978
22,05.08.2019,8,2019,True,har,0.0229329753878588,0.02401089159493689
22,06.08.2019,8,2019,True,har,0.0227344373387302,0.025190432484429683
22,07.08.2019,8,2019,True,har,0.0201037920522426,0.024376501419752457
22,08.08.2019,8,2019,True,har,0.0198727582015167,0.02477998804160838
22,09.08.2019,8,2019,True,har,0.0204710750127963,0.0240840866419913
22,12.08.2019,8,2019,True,har,0.0205571561024952,0.02443180149135039
22,13.08.2019,8,2019,True,har,0.0180394458561265,0.02362481036350834
22,14.08.2019,8,2019,True,har,0.0334782657619046,0.026679613932961158
22,15.08.2019,8,2019,True,har,0.0365747278929496,0.026116374555711377
22,16.08.2019,8,2019,True,har,0.0368041464468161,0.025843087456038236
22,19.08.2019,8,2019,True,har,0.0367096330186114,0.025253414359879427
22,20.08.2019,8,2019,True,har,0.0367250569013877,0.025857118524518746
22,21.08.2019,8,2019,True,har,0.0367365781752338,0.024635870843738663
22,22.08.2019,8,2019,True,har,0.0372215876554215,0.024201159717137526
22,23.08.2019,8,2019,True,har,0.0372476725353273,0.02384731488878383
22,26.08.2019,8,2019,True,har,0.0371366169238753,0.024137378103775798
22,27.08.2019,8,2019,True,har,0.0372133816636474,0.02392527531395567
22,28.08.2019,8,2019,True,har,0.0373044783005081,0.024179348503381073
22,29.08.2019,8,2019,True,har,0.0378394011386336,0.024637119607316835
22,30.08.2019,8,2019,True,har,0.038010233870419,0.02096614443985244
22,03.09.2019,8,2019,True,har,0.0372231841682419,0.020696747543464896
22,04.09.2019,8,2019,True,har,0.0361724319235115,0.022321103241971837
22,05.09.2019,8,2019,True,har,0.0361503602376157,0.02402284124433247
22,06.09.2019,8,2019,True,har,0.0360574181398215,0.02086537118729378
22,09.09.2019,8,2019,True,har,0.035810128701943,0.020859718855480533
22,10.09.2019,8,2019,True,har,0.0359822880950648,0.02101406368185594
22,11.09.2019,8,2019,True,har,0.0360071904059839,0.01980291488636336
22,12.09.2019,8,2019,True,har,0.0362128924926831,0.01945040627643753
22,13.09.2019,8,2019,True,har,0.0362687379920925,0.018045636727137486
22,16.09.2019,8,2019,True,har,0.0197149171482064,0.017330961026491364
22,17.09.2019,8,2019,True,har,0.0146598826451485,0.03666591939005094
22,18.09.2019,8,2019,True,har,0.0144809165254845,0.037459463716059654
22,19.09.2019,8,2019,True,har,0.0140810822064652,0.03577739857995721
22,20.09.2019,8,2019,True,har,0.0145104185290833,0.03569903652688909
22,23.09.2019,8,2019,True,har,0.0155154724754435,0.03530884468087114
22,24.09.2019,8,2019,True,har,0.0147422521854018,0.032390377244990054
22,25.09.2019,8,2019,True,har,0.014622671791748,0.03217719575911662
22,26.09.2019,8,2019,True,har,0.0146344485270958,0.031681955104771044
22,27.09.2019,8,2019,True,har,0.014367862142307,0.031294380556978835
22,30.09.2019,8,2019,True,har,0.0142326699819119,0.03163292533993873
22,01.10.2019,8,2019,True,har,0.0124841882472798,0.03173793243458944
22,02.10.2019,8,2019,True,har,0.0124240671467985,0.03215329496231855
22,03.10.2019,8,2019,True,har,0.0124376909547153,0.031193432534793536
22,04.10.2019,8,2019,True,har,0.012502401568489,0.03035511638184218
22,07.10.2019,8,2019,True,har,0.0134177920994218,0.031145462759251324
22,08.10.2019,8,2019,True,har,0.0134437082692521,0.03061055480421474
22,09.10.2019,8,2019,True,har,0.0134387074015018,0.0302471994856249
22,10.10.2019,8,2019,True,har,0.0133551755468653,0.02956588400483433
22,11.10.2019,8,2019,True,har,0.0125007281879386,0.030176711063942256
22,14.10.2019,8,2019,True,har,0.0116473842820173,0.031052371506318226
22,15.10.2019,8,2019,True,har,0.0113401031943577,0.020111781873934684
22,16.10.2019,8,2019,True,har,0.0115588954757002,0.016359118352956635
22,17.10.2019,8,2019,True,har,0.0120110011559921,0.01657918597267166
22,18.10.2019,8,2019,True,har,0.0131429111131125,0.016295783325713707
22,21.10.2019,8,2019,True,har,0.0138578978532596,0.01601430971719342
22,22.10.2019,8,2019,True,har,0.0145143684969379,0.01565761534327313
22,23.10.2019,8,2019,True,har,0.0139291142044223,0.015541174838850043
22,24.10.2019,8,2019,True,har,0.013865477193288,0.01687324871614074
22,25.10.2019,8,2019,True,har,0.0139504015049045,0.01637138877893562
22,28.10.2019,8,2019,True,har,0.0138544286985189,0.01598127241026126
22,29.10.2019,8,2019,True,har,0.0150525331370444,0.01568947288520533
22,30.10.2019,8,2019,True,har,0.0155953752123728,0.01411388233489095
22,31.10.2019,8,2019,True,har,0.0155341971826202,0.01425626742410363
22,01.11.2019,8,2019,True,har,0.016501505515491,0.01390729101861764
22,04.11.2019,8,2019,True,har,0.0164860913990641,0.0155029681609295
22,05.11.2019,8,2019,True,har,0.0165786633750559,0.014935978065639127
22,06.11.2019,8,2019,True,har,0.0159530380984494,0.015283254821860099
22,07.11.2019,8,2019,True,har,0.0158749772478194,0.016223521332753076
22,08.11.2019,8,2019,True,har,0.0160424947528066,0.015711596322037266
22,11.11.2019,8,2019,True,har,0.0160403469142644,0.014737513306927692
22,12.11.2019,8,2019,True,har,0.0163040014283317,0.014271006776091277
22,13.11.2019,8,2019,True,har,0.0162927522415059,0.01379685820753013
22,14.11.2019,8,2019,True,har,0.0163931943234422,0.013432994757346228
22,15.11.2019,8,2019,True,har,0.0161132823420251,0.013180455653373765
22,18.11.2019,8,2019,True,har,0.0157387808500318,0.01408518672811411
22,19.11.2019,8,2019,True,har,0.0146355322720192,0.014394725042316894
22,20.11.2019,8,2019,True,har,0.0139081108481313,0.015917259320161227
22,21.11.2019,8,2019,True,har,0.013194629227228,0.016191423771825
22,22.11.2019,8,2019,True,har,0.0130574081525504,0.017014250102018715
22,25.11.2019,8,2019,True,har,0.0130559931155055,0.01657841803218522
22,26.11.2019,8,2019,True,har,0.0129759324201012,0.016234368310559952
22,27.11.2019,8,2019,True,har,0.0154028818363653,0.01598663636406219
22,29.11.2019,8,2019,True,har,0.0141629058302357,0.01531977009514095
22,02.12.2019,8,2019,True,har,0.0143881902540877,0.016941132783757216
22,03.12.2019,8,2019,True,har,0.0143043977071671,0.017174876090421815
22,04.12.2019,8,2019,True,har,0.0130189752612926,0.016274824515096716
22,05.12.2019,8,2019,True,har,0.0162729460569224,0.019182375035358742
22,06.12.2019,8,2019,True,har,0.0159654564840718,0.017853691806917923
22,09.12.2019,8,2019,True,har,0.016018516802522,0.01810126489718352
22,10.12.2019,8,2019,True,har,0.0162391609493349,0.017201712537804167
22,11.12.2019,8,2019,True,har,0.01612175098929,0.017089693028854568
22,12.12.2019,8,2019,True,har,0.016133513918163,0.017094276158473507
22,13.12.2019,8,2019,True,har,0.0158971843876774,0.01705621927780963
22,16.12.2019,8,2019,True,har,0.0159129792952334,0.017516684070876885
22,17.12.2019,8,2019,True,har,0.0157031794165358,0.016822055077625818
22,18.12.2019,8,2019,True,har,0.0162901850810411,0.01702273621066435
22,19.12.2019,8,2019,True,har,0.0165659723181171,0.015577170545330983
22,20.12.2019,8,2019,True,har,0.0170398161977378,0.015263908094845628
22,23.12.2019,8,2019,True,har,0.0174087851350005,0.014773555111344112
22,24.12.2019,8,2019,True,har,0.0170887398341578,0.014548174255469653
22,26.12.2019,8,2019,True,har,0.0168757456262941,0.01495412735103293
22,27.12.2019,8,2019,True,har,0.0172565206128428,0.01496134531869486
22,30.12.2019,8,2019,True,har,0.0171128529006658,0.014676433726779875
22,31.12.2019,8,2019,True,har,0.020352521233539,0.01332161757000654
22,02.01.2019,8,2019,True,har_ovx,0.018378355605612,0.028830531408319645
22,03.01.2019,8,2019,True,har_ovx,0.0183888321712958,0.03062879407508619
22,04.01.2019,8,2019,True,har_ovx,0.01815102928158,0.03005638003551551
22,07.01.2019,8,2019,True,har_ovx,0.018710697440277,0.029007162505008233
22,08.01.2019,8,2019,True,har_ovx,0.0181673465514491,0.028260429508719372
22,09.01.2019,8,2019,True,har_ovx,0.0156055629813103,0.025764562511451747
22,10.01.2019,8,2019,True,har_ovx,0.0158989033076076,0.0247863166474172
22,11.01.2019,8,2019,True,har_ovx,0.0156899314835488,0.023677281872009733
22,14.01.2019,8,2019,True,har_ovx,0.014664831137727,0.022489319485809445
22,15.01.2019,8,2019,True,har_ovx,0.0145248199268212,0.022361320894489344
22,16.01.2019,8,2019,True,har_ovx,0.0144379700830991,0.02173085030217834
22,17.01.2019,8,2019,True,har_ovx,0.0144246980769025,0.02111808554711266
22,18.01.2019,8,2019,True,har_ovx,0.0137081902151916,0.01999497491291647
22,22.01.2019,8,2019,True,har_ovx,0.0127840979086089,0.019286507058777692
22,23.01.2019,8,2019,True,har_ovx,0.0152378141137124,0.020857764199080933
22,24.01.2019,8,2019,True,har_ovx,0.015244168445671,0.020455761542282992
22,25.01.2019,8,2019,True,har_ovx,0.0155295074310064,0.019838437171043992
22,28.01.2019,8,2019,True,har_ovx,0.0140169037160408,0.018922699431559723
22,29.01.2019,8,2019,True,har_ovx,0.0139414379162867,0.0205041454145224
22,30.01.2019,8,2019,True,har_ovx,0.0139997444316343,0.020140700813221248
22,31.01.2019,8,2019,True,har_ovx,0.0139979193345814,0.01909611920464041
22,01.02.2019,8,2019,True,har_ovx,0.0139818743724955,0.018710086124149317
22,04.02.2019,8,2019,True,har_ovx,0.0138921446972868,0.017738546510081454
22,05.02.2019,8,2019,True,har_ovx,0.0138909049117274,0.0180757385490035
22,06.02.2019,8,2019,True,har_ovx,0.013932660511426,0.01861234107982166
22,07.02.2019,8,2019,True,har_ovx,0.0132222672056349,0.017676594770015944
22,08.02.2019,8,2019,True,har_ovx,0.0133538490585703,0.01845889151030128
22,11.02.2019,8,2019,True,har_ovx,0.0131629199649897,0.017315838966601653
22,12.02.2019,8,2019,True,har_ovx,0.012983162039092,0.017804499325225317
22,13.02.2019,8,2019,True,har_ovx,0.0125264434063898,0.017419278801137944
22,14.02.2019,8,2019,True,har_ovx,0.0122260400975592,0.017164496671134784
22,15.02.2019,8,2019,True,har_ovx,0.0113300773481023,0.017086960494557196
22,19.02.2019,8,2019,True,har_ovx,0.0115582900798393,0.015536811125814096
22,20.02.2019,8,2019,True,har_ovx,0.0117268469360672,0.01637711892064906
22,21.02.2019,8,2019,True,har_ovx,0.0117410452499077,0.016261841884190043
22,22.02.2019,8,2019,True,har_ovx,0.0119796965363581,0.015824038345656894
22,25.02.2019,8,2019,True,har_ovx,0.0088546718158794,0.01563517399857874
22,26.02.2019,8,2019,True,har_ovx,0.0087995799301478,0.017516306407993905
22,27.02.2019,8,2019,True,har_ovx,0.0081780252932215,0.016644883503305098
22,28.02.2019,8,2019,True,har_ovx,0.0081877883494997,0.0163534054998509
22,01.03.2019,8,2019,True,har_ovx,0.0073122800067427,0.015828257201989018
22,04.03.2019,8,2019,True,har_ovx,0.0072150793214381,0.015908104415879507
22,05.03.2019,8,2019,True,har_ovx,0.0072184662457676,0.015886186972594227
22,06.03.2019,8,2019,True,har_ovx,0.0075929276787342,0.015600231571300586
22,07.03.2019,8,2019,True,har_ovx,0.0077686566365135,0.01556789618122675
22,08.03.2019,8,2019,True,har_ovx,0.0076631394501808,0.0160331233455437
22,11.03.2019,8,2019,True,har_ovx,0.0078663851120522,0.015679524280564707
22,12.03.2019,8,2019,True,har_ovx,0.0085714726576124,0.01533787904619145
22,13.03.2019,8,2019,True,har_ovx,0.0084213601129301,0.01488990608302698
22,14.03.2019,8,2019,True,har_ovx,0.0084400140993278,0.014688100881322937
22,15.03.2019,8,2019,True,har_ovx,0.0084626651003274,0.014073424400247305
22,18.03.2019,8,2019,True,har_ovx,0.0084904422648142,0.013490139112477827
22,19.03.2019,8,2019,True,har_ovx,0.0084947920832314,0.013652511679616553
22,20.03.2019,8,2019,True,har_ovx,0.0098826961588997,0.014812054154054241
22,21.03.2019,8,2019,True,har_ovx,0.0094632527398976,0.014141806140979008
22,22.03.2019,8,2019,True,har_ovx,0.0087574972110454,0.014063366124472771
22,25.03.2019,8,2019,True,har_ovx,0.0089050107816146,0.014448962326059397
22,26.03.2019,8,2019,True,har_ovx,0.011427739851181,0.015308909634662124
22,27.03.2019,8,2019,True,har_ovx,0.0114176413637232,0.014499670998633684
22,28.03.2019,8,2019,True,har_ovx,0.0115146298387829,0.014575561931763688
22,29.03.2019,8,2019,True,har_ovx,0.0117177504999847,0.014821199109193633
22,01.04.2019,8,2019,True,har_ovx,0.0125478869905457,0.013823555848346079
22,02.04.2019,8,2019,True,har_ovx,0.0125153041082776,0.013509023486495167
22,03.04.2019,8,2019,True,har_ovx,0.0125444802786175,0.013525650911696156
22,04.04.2019,8,2019,True,har_ovx,0.0132855333851044,0.013072151238519595
22,05.04.2019,8,2019,True,har_ovx,0.0130504329548585,0.01286570023937498
22,08.04.2019,8,2019,True,har_ovx,0.0128296680463817,0.012186274873077833
22,09.04.2019,8,2019,True,har_ovx,0.0127690158185314,0.012366016319241377
22,10.04.2019,8,2019,True,har_ovx,0.0123186011609623,0.012520682205944777
22,11.04.2019,8,2019,True,har_ovx,0.0124402393733659,0.012577995568247723
22,12.04.2019,8,2019,True,har_ovx,0.0123513733661443,0.013145479769378963
22,15.04.2019,8,2019,True,har_ovx,0.0125311484532772,0.01313588018543085
22,16.04.2019,8,2019,True,har_ovx,0.0125141567489697,0.012994314441254519
22,17.04.2019,8,2019,True,har_ovx,0.0125334789861669,0.013049795976908385
22,18.04.2019,8,2019,True,har_ovx,0.0125057475192078,0.012803448678402088
22,22.04.2019,8,2019,True,har_ovx,0.01128949449958,0.012403834925439417
22,23.04.2019,8,2019,True,har_ovx,0.0145985721153259,0.013469247039689568
22,24.04.2019,8,2019,True,har_ovx,0.0150616336714833,0.013647779234352012
22,25.04.2019,8,2019,True,har_ovx,0.0159221094150543,0.012831029368090125
22,26.04.2019,8,2019,True,har_ovx,0.0148029310977614,0.013017135502828302
22,29.04.2019,8,2019,True,har_ovx,0.0166854458524931,0.01654944324801407
22,30.04.2019,8,2019,True,har_ovx,0.01777375831628,0.015107324894498002
22,01.05.2019,8,2019,True,har_ovx,0.0202569336503353,0.015317059572528807
22,02.05.2019,8,2019,True,har_ovx,0.0204268076459996,0.015369639816203321
22,03.05.2019,8,2019,True,har_ovx,0.0206250842116443,0.01609113517628976
22,06.05.2019,8,2019,True,har_ovx,0.0211000878526112,0.015650114941960187
22,07.05.2019,8,2019,True,har_ovx,0.0219851240462602,0.016290911373918082
22,08.05.2019,8,2019,True,har_ovx,0.021957624264914,0.018299639709357985
22,09.05.2019,8,2019,True,har_ovx,0.021954116455309,0.017090208594491695
22,10.05.2019,8,2019,True,har_ovx,0.0229039207681401,0.017226400022587487
22,13.05.2019,8,2019,True,har_ovx,0.0237547395533535,0.01743596483408341
22,14.05.2019,8,2019,True,har_ovx,0.0236426937135979,0.01854483480216782
22,15.05.2019,8,2019,True,har_ovx,0.0235488150383417,0.01713214172976734
22,16.05.2019,8,2019,True,har_ovx,0.0239038673285146,0.015349291675102858
22,17.05.2019,8,2019,True,har_ovx,0.0239055174811881,0.01547107068567931
22,20.05.2019,8,2019,True,har_ovx,0.0260668126294439,0.01542868939777323
22,21.05.2019,8,2019,True,har_ovx,0.0262568460396797,0.014312856697004219
22,22.05.2019,8,2019,True,har_ovx,0.0261208710988791,0.013902412769955892
22,23.05.2019,8,2019,True,har_ovx,0.0243617170031403,0.014720783296805574
22,24.05.2019,8,2019,True,har_ovx,0.024673583447862,0.018228893464441
22,28.05.2019,8,2019,True,har_ovx,0.0241930296976426,0.017621833666866912
22,29.05.2019,8,2019,True,har_ovx,0.0241450349377847,0.018339545053862902
22,30.05.2019,8,2019,True,har_ovx,0.0232693603039489,0.019529328813995613
22,31.05.2019,8,2019,True,har_ovx,0.0236893244171332,0.02161612274566884
22,03.06.2019,8,2019,True,har_ovx,0.0214462295967118,0.0260594771196018
22,04.06.2019,8,2019,True,har_ovx,0.021370926535752,0.026072648329519523
22,05.06.2019,8,2019,True,har_ovx,0.0207403423785823,0.023849129242034292
22,06.06.2019,8,2019,True,har_ovx,0.0204882181500688,0.024977341356124425
22,07.06.2019,8,2019,True,har_ovx,0.0217722298927689,0.022145505195798082
22,10.06.2019,8,2019,True,har_ovx,0.02149961832745,0.021024448326269242
22,11.06.2019,8,2019,True,har_ovx,0.0214892853590134,0.02129761965482135
22,12.06.2019,8,2019,True,har_ovx,0.0195200348878086,0.0209434255287116
22,13.06.2019,8,2019,True,har_ovx,0.0206444511400737,0.023778811844879028
22,14.06.2019,8,2019,True,har_ovx,0.0207163421001156,0.02276507324712702
22,17.06.2019,8,2019,True,har_ovx,0.0212560101794129,0.02353583495238042
22,18.06.2019,8,2019,True,har_ovx,0.0209236974550287,0.02554810591115962
22,19.06.2019,8,2019,True,har_ovx,0.0210467333979372,0.023892348062213555
22,20.06.2019,8,2019,True,har_ovx,0.0191072119323889,0.022295756512753655
22,21.06.2019,8,2019,True,har_ovx,0.0190199516825753,0.02300149665014967
22,24.06.2019,8,2019,True,har_ovx,0.0190259695897141,0.023091730223268384
22,25.06.2019,8,2019,True,har_ovx,0.0190118416359866,0.022398705965990594
22,26.06.2019,8,2019,True,har_ovx,0.018350331856282,0.021933757613778356
22,27.06.2019,8,2019,True,har_ovx,0.0187281103830239,0.02096948481135941
22,28.06.2019,8,2019,True,har_ovx,0.0188085288435424,0.02053917452715374
22,01.07.2019,8,2019,True,har_ovx,0.0241276068638128,0.021508927877747133
22,02.07.2019,8,2019,True,har_ovx,0.0231303752458811,0.01943349078959097
22,03.07.2019,8,2019,True,har_ovx,0.023613249405091,0.02059856171544589
22,05.07.2019,8,2019,True,har_ovx,0.0236427974088696,0.01984057466056923
22,08.07.2019,8,2019,True,har_ovx,0.0253589715651013,0.018508949644900862
22,09.07.2019,8,2019,True,har_ovx,0.0259383487226522,0.018053798059916595
22,10.07.2019,8,2019,True,har_ovx,0.0242687687222322,0.01581593713942483
22,11.07.2019,8,2019,True,har_ovx,0.0243102861700946,0.016418368821538302
22,12.07.2019,8,2019,True,har_ovx,0.0266255539237806,0.015624586766388135
22,15.07.2019,8,2019,True,har_ovx,0.0272084924331109,0.01591565753077836
22,16.07.2019,8,2019,True,har_ovx,0.0267668425877826,0.016183961834130844
22,17.07.2019,8,2019,True,har_ovx,0.0268381758014288,0.017045477059393147
22,18.07.2019,8,2019,True,har_ovx,0.0266905524440899,0.018796586677428267
22,19.07.2019,8,2019,True,har_ovx,0.0266323646553737,0.017753306133944404
22,22.07.2019,8,2019,True,har_ovx,0.0264799358496472,0.018680957103028813
22,23.07.2019,8,2019,True,har_ovx,0.0263738513446103,0.017936894922528507
22,24.07.2019,8,2019,True,har_ovx,0.0263673098055065,0.01711202574633397
22,25.07.2019,8,2019,True,har_ovx,0.0263824143143768,0.01749083831833053
22,26.07.2019,8,2019,True,har_ovx,0.026622673344635,0.016974013309818667
22,29.07.2019,8,2019,True,har_ovx,0.0269045042144759,0.017168591341022107
22,30.07.2019,8,2019,True,har_ovx,0.0267418671115611,0.016802483427988985
22,31.07.2019,8,2019,True,har_ovx,0.0267058438074856,0.015907106746820807
22,01.08.2019,8,2019,True,har_ovx,0.0228663921806607,0.01629828121564047
22,02.08.2019,8,2019,True,har_ovx,0.0240982005399455,0.019870129737618265
22,05.08.2019,8,2019,True,har_ovx,0.0229329753878588,0.018999795309834897
22,06.08.2019,8,2019,True,har_ovx,0.0227344373387302,0.01995868328206441
22,07.08.2019,8,2019,True,har_ovx,0.0201037920522426,0.019500095971311457
22,08.08.2019,8,2019,True,har_ovx,0.0198727582015167,0.020722652278461647
22,09.08.2019,8,2019,True,har_ovx,0.0204710750127963,0.019325330395506386
22,12.08.2019,8,2019,True,har_ovx,0.0205571561024952,0.01882451741957129
22,13.08.2019,8,2019,True,har_ovx,0.0180394458561265,0.018302949028764098
22,14.08.2019,8,2019,True,har_ovx,0.0334782657619046,0.017771824775035843
22,15.08.2019,8,2019,True,har_ovx,0.0365747278929496,0.019345794335817776
22,16.08.2019,8,2019,True,har_ovx,0.0368041464468161,0.019486924788565216
22,19.08.2019,8,2019,True,har_ovx,0.0367096330186114,0.018696062556984656
22,20.08.2019,8,2019,True,har_ovx,0.0367250569013877,0.01752683872047828
22,21.08.2019,8,2019,True,har_ovx,0.0367365781752338,0.017148526728836242
22,22.08.2019,8,2019,True,har_ovx,0.0372215876554215,0.017236452089197586
22,23.08.2019,8,2019,True,har_ovx,0.0372476725353273,0.01730515289992729
22,26.08.2019,8,2019,True,har_ovx,0.0371366169238753,0.01900717509059962
22,27.08.2019,8,2019,True,har_ovx,0.0372133816636474,0.019182328583064123
22,28.08.2019,8,2019,True,har_ovx,0.0373044783005081,0.018145976217572978
22,29.08.2019,8,2019,True,har_ovx,0.0378394011386336,0.017524032120816192
22,30.08.2019,8,2019,True,har_ovx,0.038010233870419,0.01691028272498748
22,03.09.2019,8,2019,True,har_ovx,0.0372231841682419,0.017117275847790235
22,04.09.2019,8,2019,True,har_ovx,0.0361724319235115,0.01935277843840987
22,05.09.2019,8,2019,True,har_ovx,0.0361503602376157,0.018610386079346206
22,06.09.2019,8,2019,True,har_ovx,0.0360574181398215,0.017732047880993876
22,09.09.2019,8,2019,True,har_ovx,0.035810128701943,0.01758880832515479
22,10.09.2019,8,2019,True,har_ovx,0.0359822880950648,0.017678477723391685
22,11.09.2019,8,2019,True,har_ovx,0.0360071904059839,0.01787052021579473
22,12.09.2019,8,2019,True,har_ovx,0.0362128924926831,0.01884873827049626
22,13.09.2019,8,2019,True,har_ovx,0.0362687379920925,0.019115165714337752
22,16.09.2019,8,2019,True,har_ovx,0.0197149171482064,0.019036040242490088
22,17.09.2019,8,2019,True,har_ovx,0.0146598826451485,0.027387814994127947
22,18.09.2019,8,2019,True,har_ovx,0.0144809165254845,0.024633546383072212
22,19.09.2019,8,2019,True,har_ovx,0.0140810822064652,0.02162472419308323
22,20.09.2019,8,2019,True,har_ovx,0.0145104185290833,0.022046462384008123
22,23.09.2019,8,2019,True,har_ovx,0.0155154724754435,0.02067141931046894
22,24.09.2019,8,2019,True,har_ovx,0.0147422521854018,0.02118145550102772
22,25.09.2019,8,2019,True,har_ovx,0.014622671791748,0.021266263239143324
22,26.09.2019,8,2019,True,har_ovx,0.0146344485270958,0.020955781420823442
22,27.09.2019,8,2019,True,har_ovx,0.014367862142307,0.020420504518597855
22,30.09.2019,8,2019,True,har_ovx,0.0142326699819119,0.021302835138587422
22,01.10.2019,8,2019,True,har_ovx,0.0124841882472798,0.021268039137726638
22,02.10.2019,8,2019,True,har_ovx,0.0124240671467985,0.02140995761420281
22,03.10.2019,8,2019,True,har_ovx,0.0124376909547153,0.021783449084429928
22,04.10.2019,8,2019,True,har_ovx,0.012502401568489,0.022151100067541698
22,07.10.2019,8,2019,True,har_ovx,0.0134177920994218,0.021501754471532786
22,08.10.2019,8,2019,True,har_ovx,0.0134437082692521,0.02149730829267062
22,09.10.2019,8,2019,True,har_ovx,0.0134387074015018,0.02160867856385967
22,10.10.2019,8,2019,True,har_ovx,0.0133551755468653,0.020763135683483817
22,11.10.2019,8,2019,True,har_ovx,0.0125007281879386,0.02174128789498887
22,14.10.2019,8,2019,True,har_ovx,0.0116473842820173,0.021846655353041776
22,15.10.2019,8,2019,True,har_ovx,0.0113401031943577,0.02201316685176147
22,16.10.2019,8,2019,True,har_ovx,0.0115588954757002,0.021468273214296826
22,17.10.2019,8,2019,True,har_ovx,0.0120110011559921,0.021471378352387032
22,18.10.2019,8,2019,True,har_ovx,0.0131429111131125,0.020388326855366255
22,21.10.2019,8,2019,True,har_ovx,0.0138578978532596,0.019655218003716175
22,22.10.2019,8,2019,True,har_ovx,0.0145143684969379,0.019818251457364947
22,23.10.2019,8,2019,True,har_ovx,0.0139291142044223,0.019153232837878002
22,24.10.2019,8,2019,True,har_ovx,0.013865477193288,0.019281608347216442
22,25.10.2019,8,2019,True,har_ovx,0.0139504015049045,0.019357825717667577
22,28.10.2019,8,2019,True,har_ovx,0.0138544286985189,0.01857016221609259
22,29.10.2019,8,2019,True,har_ovx,0.0150525331370444,0.01918534974163135
22,30.10.2019,8,2019,True,har_ovx,0.0155953752123728,0.01916456259243502
22,31.10.2019,8,2019,True,har_ovx,0.0155341971826202,0.018465346603491514
22,01.11.2019,8,2019,True,har_ovx,0.016501505515491,0.019319987412490122
22,04.11.2019,8,2019,True,har_ovx,0.0164860913990641,0.018472698256929855
22,05.11.2019,8,2019,True,har_ovx,0.0165786633750559,0.01913366878153926
22,06.11.2019,8,2019,True,har_ovx,0.0159530380984494,0.018037069186643235
22,07.11.2019,8,2019,True,har_ovx,0.0158749772478194,0.017736159712001945
22,08.11.2019,8,2019,True,har_ovx,0.0160424947528066,0.016605278172042638
22,11.11.2019,8,2019,True,har_ovx,0.0160403469142644,0.016599503007004954
22,12.11.2019,8,2019,True,har_ovx,0.0163040014283317,0.018284057594197874
22,13.11.2019,8,2019,True,har_ovx,0.0162927522415059,0.01799312837921061
22,14.11.2019,8,2019,True,har_ovx,0.0163931943234422,0.01891746998034978
22,15.11.2019,8,2019,True,har_ovx,0.0161132823420251,0.01817602118338295
22,18.11.2019,8,2019,True,har_ovx,0.0157387808500318,0.017303532585233417
22,19.11.2019,8,2019,True,har_ovx,0.0146355322720192,0.01802932492305775
22,20.11.2019,8,2019,True,har_ovx,0.0139081108481313,0.017605296172386063
22,21.11.2019,8,2019,True,har_ovx,0.013194629227228,0.017109174171988244
22,22.11.2019,8,2019,True,har_ovx,0.0130574081525504,0.016721365066830723
22,25.11.2019,8,2019,True,har_ovx,0.0130559931155055,0.017106039204361247
22,26.11.2019,8,2019,True,har_ovx,0.0129759324201012,0.016797197370826605
22,27.11.2019,8,2019,True,har_ovx,0.0154028818363653,0.016510168208600264
22,29.11.2019,8,2019,True,har_ovx,0.0141629058302357,0.016219092398462125
22,02.12.2019,8,2019,True,har_ovx,0.0143881902540877,0.01994172818740005
22,03.12.2019,8,2019,True,har_ovx,0.0143043977071671,0.018840849107158438
22,04.12.2019,8,2019,True,har_ovx,0.0130189752612926,0.018756465487766823
22,05.12.2019,8,2019,True,har_ovx,0.0162729460569224,0.017159124545778996
22,06.12.2019,8,2019,True,har_ovx,0.0159654564840718,0.015880964180669446
22,09.12.2019,8,2019,True,har_ovx,0.016018516802522,0.01573568576074511
22,10.12.2019,8,2019,True,har_ovx,0.0162391609493349,0.015717392283344137
22,11.12.2019,8,2019,True,har_ovx,0.01612175098929,0.014456747710975031
22,12.12.2019,8,2019,True,har_ovx,0.016133513918163,0.014485441254637969
22,13.12.2019,8,2019,True,har_ovx,0.0158971843876774,0.014246322120585518
22,16.12.2019,8,2019,True,har_ovx,0.0159129792952334,0.013886224191206706
22,17.12.2019,8,2019,True,har_ovx,0.0157031794165358,0.013650260943206073
22,18.12.2019,8,2019,True,har_ovx,0.0162901850810411,0.013594250196265015
22,19.12.2019,8,2019,True,har_ovx,0.0165659723181171,0.013825005984364643
22,20.12.2019,8,2019,True,har_ovx,0.0170398161977378,0.012654048491204843
22,23.12.2019,8,2019,True,har_ovx,0.0174087851350005,0.013100200396445189
22,24.12.2019,8,2019,True,har_ovx,0.0170887398341578,0.01282446889109068
22,26.12.2019,8,2019,True,har_ovx,0.0168757456262941,0.013087344601187868
22,27.12.2019,8,2019,True,har_ovx,0.0172565206128428,0.012236218602636515
22,30.12.2019,8,2019,True,har_ovx,0.0171128529006658,0.012846187482106412
22,31.12.2019,8,2019,True,har_ovx,0.020352521233539,0.013294604081049769
22,02.01.2019,8,2019,True,har_gpr,0.018378355605612,0.033090637041008945
22,03.01.2019,8,2019,True,har_gpr,0.0183888321712958,0.03205504567673818
22,04.01.2019,8,2019,True,har_gpr,0.01815102928158,0.029845981647206355
22,07.01.2019,8,2019,True,har_gpr,0.018710697440277,0.028728328358601108
22,08.01.2019,8,2019,True,har_gpr,0.0181673465514491,0.027934313435887887
22,09.01.2019,8,2019,True,har_gpr,0.0156055629813103,0.028384702011601252
22,10.01.2019,8,2019,True,har_gpr,0.0158989033076076,0.030275271284542542
22,11.01.2019,8,2019,True,har_gpr,0.0156899314835488,0.029063465034604403
22,14.01.2019,8,2019,True,har_gpr,0.014664831137727,0.03032767667309204
22,15.01.2019,8,2019,True,har_gpr,0.0145248199268212,0.030664498342183138
22,16.01.2019,8,2019,True,har_gpr,0.0144379700830991,0.03101480127196281
22,17.01.2019,8,2019,True,har_gpr,0.0144246980769025,0.02983879290895172
22,18.01.2019,8,2019,True,har_gpr,0.0137081902151916,0.027791513653446297
22,22.01.2019,8,2019,True,har_gpr,0.0127840979086089,0.02863960873263793
22,23.01.2019,8,2019,True,har_gpr,0.0152378141137124,0.027244600274049954
22,24.01.2019,8,2019,True,har_gpr,0.015244168445671,0.02653778219521736
22,25.01.2019,8,2019,True,har_gpr,0.0155295074310064,0.02336527700641666
22,28.01.2019,8,2019,True,har_gpr,0.0140169037160408,0.020456505034765267
22,29.01.2019,8,2019,True,har_gpr,0.0139414379162867,0.0191428131645761
22,30.01.2019,8,2019,True,har_gpr,0.0139997444316343,0.01943478245631917
22,31.01.2019,8,2019,True,har_gpr,0.0139979193345814,0.018411103490913256
22,01.02.2019,8,2019,True,har_gpr,0.0139818743724955,0.018195884857111776
22,04.02.2019,8,2019,True,har_gpr,0.0138921446972868,0.01792992430601763
22,05.02.2019,8,2019,True,har_gpr,0.0138909049117274,0.015554166330316714
22,06.02.2019,8,2019,True,har_gpr,0.013932660511426,0.015498182966509512
22,07.02.2019,8,2019,True,har_gpr,0.0132222672056349,0.015363094883825366
22,08.02.2019,8,2019,True,har_gpr,0.0133538490585703,0.014369636419127101
22,11.02.2019,8,2019,True,har_gpr,0.0131629199649897,0.014139171994311412
22,12.02.2019,8,2019,True,har_gpr,0.012983162039092,0.01684791394629901
22,13.02.2019,8,2019,True,har_gpr,0.0125264434063898,0.016549772473572148
22,14.02.2019,8,2019,True,har_gpr,0.0122260400975592,0.016399119692829103
22,15.02.2019,8,2019,True,har_gpr,0.0113300773481023,0.016049101077899627
22,19.02.2019,8,2019,True,har_gpr,0.0115582900798393,0.017087058768683046
22,20.02.2019,8,2019,True,har_gpr,0.0117268469360672,0.014537776325848855
22,21.02.2019,8,2019,True,har_gpr,0.0117410452499077,0.01419430720979861
22,22.02.2019,8,2019,True,har_gpr,0.0119796965363581,0.0138935651047889
22,25.02.2019,8,2019,True,har_gpr,0.0088546718158794,0.01392768546703881
22,26.02.2019,8,2019,True,har_gpr,0.0087995799301478,0.017146203428907426
22,27.02.2019,8,2019,True,har_gpr,0.0081780252932215,0.015144129334319377
22,28.02.2019,8,2019,True,har_gpr,0.0081877883494997,0.015453769077984934
22,01.03.2019,8,2019,True,har_gpr,0.0073122800067427,0.015133829303987243
22,04.03.2019,8,2019,True,har_gpr,0.0072150793214381,0.015830100865487976
22,05.03.2019,8,2019,True,har_gpr,0.0072184662457676,0.016164567484980196
22,06.03.2019,8,2019,True,har_gpr,0.0075929276787342,0.015876547935736302
22,07.03.2019,8,2019,True,har_gpr,0.0077686566365135,0.015439627479995607
22,08.03.2019,8,2019,True,har_gpr,0.0076631394501808,0.015447586628181603
22,11.03.2019,8,2019,True,har_gpr,0.0078663851120522,0.01506366510635911
22,12.03.2019,8,2019,True,har_gpr,0.0085714726576124,0.015769483706069655
22,13.03.2019,8,2019,True,har_gpr,0.0084213601129301,0.015185733999249603
22,14.03.2019,8,2019,True,har_gpr,0.0084400140993278,0.01563850444584204
22,15.03.2019,8,2019,True,har_gpr,0.0084626651003274,0.01521039749544382
22,18.03.2019,8,2019,True,har_gpr,0.0084904422648142,0.014772291643912657
22,19.03.2019,8,2019,True,har_gpr,0.0084947920832314,0.014807682503119896
22,20.03.2019,8,2019,True,har_gpr,0.0098826961588997,0.014649221726713029
22,21.03.2019,8,2019,True,har_gpr,0.0094632527398976,0.01515631034630274
22,22.03.2019,8,2019,True,har_gpr,0.0087574972110454,0.01528341202779431
22,25.03.2019,8,2019,True,har_gpr,0.0089050107816146,0.01575948050872033
22,26.03.2019,8,2019,True,har_gpr,0.011427739851181,0.011975840188917987
22,27.03.2019,8,2019,True,har_gpr,0.0114176413637232,0.012478797161752112
22,28.03.2019,8,2019,True,har_gpr,0.0115146298387829,0.011535774598727136
22,29.03.2019,8,2019,True,har_gpr,0.0117177504999847,0.011317456421279858
22,01.04.2019,8,2019,True,har_gpr,0.0125478869905457,0.010893026414014233
22,02.04.2019,8,2019,True,har_gpr,0.0125153041082776,0.011098642421742024
22,03.04.2019,8,2019,True,har_gpr,0.0125444802786175,0.01091461293502729
22,04.04.2019,8,2019,True,har_gpr,0.0132855333851044,0.010768619676131078
22,05.04.2019,8,2019,True,har_gpr,0.0130504329548585,0.010750699796176478
22,08.04.2019,8,2019,True,har_gpr,0.0128296680463817,0.01122987795119332
22,09.04.2019,8,2019,True,har_gpr,0.0127690158185314,0.011343633114878552
22,10.04.2019,8,2019,True,har_gpr,0.0123186011609623,0.011601098667482511
22,11.04.2019,8,2019,True,har_gpr,0.0124402393733659,0.012099209028146105
22,12.04.2019,8,2019,True,har_gpr,0.0123513733661443,0.012615942202716765
22,15.04.2019,8,2019,True,har_gpr,0.0125311484532772,0.012564251430214569
22,16.04.2019,8,2019,True,har_gpr,0.0125141567489697,0.012433424737578904
22,17.04.2019,8,2019,True,har_gpr,0.0125334789861669,0.012519135516976544
22,18.04.2019,8,2019,True,har_gpr,0.0125057475192078,0.011961099975647281
22,22.04.2019,8,2019,True,har_gpr,0.01128949449958,0.011584101523929559
22,23.04.2019,8,2019,True,har_gpr,0.0145985721153259,0.01339262757823958
22,24.04.2019,8,2019,True,har_gpr,0.0150616336714833,0.01252128747610924
22,25.04.2019,8,2019,True,har_gpr,0.0159221094150543,0.012340247523168518
22,26.04.2019,8,2019,True,har_gpr,0.0148029310977614,0.012458499602441908
22,29.04.2019,8,2019,True,har_gpr,0.0166854458524931,0.015788567923756977
22,30.04.2019,8,2019,True,har_gpr,0.01777375831628,0.01384265889608306
22,01.05.2019,8,2019,True,har_gpr,0.0202569336503353,0.01424135949463004
22,02.05.2019,8,2019,True,har_gpr,0.0204268076459996,0.014308299196867703
22,03.05.2019,8,2019,True,har_gpr,0.0206250842116443,0.015355773016620004
22,06.05.2019,8,2019,True,har_gpr,0.0211000878526112,0.01441476329174744
22,07.05.2019,8,2019,True,har_gpr,0.0219851240462602,0.013811053119299829
22,08.05.2019,8,2019,True,har_gpr,0.021957624264914,0.014547742098967479
22,09.05.2019,8,2019,True,har_gpr,0.021954116455309,0.01429081718159636
22,10.05.2019,8,2019,True,har_gpr,0.0229039207681401,0.01352076384728133
22,13.05.2019,8,2019,True,har_gpr,0.0237547395533535,0.013459001273049389
22,14.05.2019,8,2019,True,har_gpr,0.0236426937135979,0.012816031747227528
22,15.05.2019,8,2019,True,har_gpr,0.0235488150383417,0.013153012262007609
22,16.05.2019,8,2019,True,har_gpr,0.0239038673285146,0.012924763166164425
22,17.05.2019,8,2019,True,har_gpr,0.0239055174811881,0.013259130170052615
22,20.05.2019,8,2019,True,har_gpr,0.0260668126294439,0.013201770834369488
22,21.05.2019,8,2019,True,har_gpr,0.0262568460396797,0.01276641726814763
22,22.05.2019,8,2019,True,har_gpr,0.0261208710988791,0.012565936169163147
22,23.05.2019,8,2019,True,har_gpr,0.0243617170031403,0.013560668434769071
22,24.05.2019,8,2019,True,har_gpr,0.024673583447862,0.017503415054641102
22,28.05.2019,8,2019,True,har_gpr,0.0241930296976426,0.01621864748878332
22,29.05.2019,8,2019,True,har_gpr,0.0241450349377847,0.01639595836510746
22,30.05.2019,8,2019,True,har_gpr,0.0232693603039489,0.01589968367852205
22,31.05.2019,8,2019,True,har_gpr,0.0236893244171332,0.018290942233063448
22,03.06.2019,8,2019,True,har_gpr,0.0214462295967118,0.018757597738657754
22,04.06.2019,8,2019,True,har_gpr,0.021370926535752,0.021987304449505102
22,05.06.2019,8,2019,True,har_gpr,0.0207403423785823,0.020544973215741516
22,06.06.2019,8,2019,True,har_gpr,0.0204882181500688,0.02085909920475557
22,07.06.2019,8,2019,True,har_gpr,0.0217722298927689,0.021414579451606932
22,10.06.2019,8,2019,True,har_gpr,0.02149961832745,0.022617248256012027
22,11.06.2019,8,2019,True,har_gpr,0.0214892853590134,0.022204200097879663
22,12.06.2019,8,2019,True,har_gpr,0.0195200348878086,0.021665932935309634
22,13.06.2019,8,2019,True,har_gpr,0.0206444511400737,0.023646056907794432
22,14.06.2019,8,2019,True,har_gpr,0.0207163421001156,0.02366253987769796
22,17.06.2019,8,2019,True,har_gpr,0.0212560101794129,0.023065719096319947
22,18.06.2019,8,2019,True,har_gpr,0.0209236974550287,0.02165677264538171
22,19.06.2019,8,2019,True,har_gpr,0.0210467333979372,0.02239205699806259
22,20.06.2019,8,2019,True,har_gpr,0.0191072119323889,0.021161587082948637
22,21.06.2019,8,2019,True,har_gpr,0.0190199516825753,0.024205150132483103
22,24.06.2019,8,2019,True,har_gpr,0.0190259695897141,0.02217039718158674
22,25.06.2019,8,2019,True,har_gpr,0.0190118416359866,0.020327297028612305
22,26.06.2019,8,2019,True,har_gpr,0.018350331856282,0.01989570585505773
22,27.06.2019,8,2019,True,har_gpr,0.0187281103830239,0.020816465236133418
22,28.06.2019,8,2019,True,har_gpr,0.0188085288435424,0.018651384527365308
22,01.07.2019,8,2019,True,har_gpr,0.0241276068638128,0.017635587324353066
22,02.07.2019,8,2019,True,har_gpr,0.0231303752458811,0.018558429271156245
22,03.07.2019,8,2019,True,har_gpr,0.023613249405091,0.021266397402695907
22,05.07.2019,8,2019,True,har_gpr,0.0236427974088696,0.02056224765501295
22,08.07.2019,8,2019,True,har_gpr,0.0253589715651013,0.019918642937952653
22,09.07.2019,8,2019,True,har_gpr,0.0259383487226522,0.02042927963939471
22,10.07.2019,8,2019,True,har_gpr,0.0242687687222322,0.02005800212764843
22,11.07.2019,8,2019,True,har_gpr,0.0243102861700946,0.0224106534754007
22,12.07.2019,8,2019,True,har_gpr,0.0266255539237806,0.020027873486104856
22,15.07.2019,8,2019,True,har_gpr,0.0272084924331109,0.019647582330479144
22,16.07.2019,8,2019,True,har_gpr,0.0267668425877826,0.0201720398918685
22,17.07.2019,8,2019,True,har_gpr,0.0268381758014288,0.022330370341274053
22,18.07.2019,8,2019,True,har_gpr,0.0266905524440899,0.020456003693861
22,19.07.2019,8,2019,True,har_gpr,0.0266323646553737,0.02173903860990088
22,22.07.2019,8,2019,True,har_gpr,0.0264799358496472,0.01987361088646468
22,23.07.2019,8,2019,True,har_gpr,0.0263738513446103,0.018074497319392757
22,24.07.2019,8,2019,True,har_gpr,0.0263673098055065,0.017781405187034402
22,25.07.2019,8,2019,True,har_gpr,0.0263824143143768,0.01787373710691529
22,26.07.2019,8,2019,True,har_gpr,0.026622673344635,0.016587321649133447
22,29.07.2019,8,2019,True,har_gpr,0.0269045042144759,0.016499037605063098
22,30.07.2019,8,2019,True,har_gpr,0.0267418671115611,0.01730939559109145
22,31.07.2019,8,2019,True,har_gpr,0.0267058438074856,0.017710292001288583
22,01.08.2019,8,2019,True,har_gpr,0.0228663921806607,0.01548278712932472
22,02.08.2019,8,2019,True,har_gpr,0.0240982005399455,0.02420787867801495
22,05.08.2019,8,2019,True,har_gpr,0.0229329753878588,0.023075977149739094
22,06.08.2019,8,2019,True,har_gpr,0.0227344373387302,0.025343866518782985
22,07.08.2019,8,2019,True,har_gpr,0.0201037920522426,0.024525851767865363
22,08.08.2019,8,2019,True,har_gpr,0.0198727582015167,0.024918444245385103
22,09.08.2019,8,2019,True,har_gpr,0.0204710750127963,0.024210427228986767
22,12.08.2019,8,2019,True,har_gpr,0.0205571561024952,0.024551765443288603
22,13.08.2019,8,2019,True,har_gpr,0.0180394458561265,0.022416212155926003
22,14.08.2019,8,2019,True,har_gpr,0.0334782657619046,0.025466286907760816
22,15.08.2019,8,2019,True,har_gpr,0.0365747278929496,0.02488274026146975
22,16.08.2019,8,2019,True,har_gpr,0.0368041464468161,0.024623204523122624
22,19.08.2019,8,2019,True,har_gpr,0.0367096330186114,0.024034664014006193
22,20.08.2019,8,2019,True,har_gpr,0.0367250569013877,0.02474218549310505
22,21.08.2019,8,2019,True,har_gpr,0.0367365781752338,0.023492571105410913
22,22.08.2019,8,2019,True,har_gpr,0.0372215876554215,0.023038012119988786
22,23.08.2019,8,2019,True,har_gpr,0.0372476725353273,0.022664412016453864
22,26.08.2019,8,2019,True,har_gpr,0.0371366169238753,0.02296068393348651
22,27.08.2019,8,2019,True,har_gpr,0.0372133816636474,0.0232205402960972
22,28.08.2019,8,2019,True,har_gpr,0.0373044783005081,0.02348375959057465
22,29.08.2019,8,2019,True,har_gpr,0.0378394011386336,0.023948007245983144
22,30.08.2019,8,2019,True,har_gpr,0.038010233870419,0.020312364186476483
22,03.09.2019,8,2019,True,har_gpr,0.0372231841682419,0.02004659756189717
22,04.09.2019,8,2019,True,har_gpr,0.0361724319235115,0.022637055591679424
22,05.09.2019,8,2019,True,har_gpr,0.0361503602376157,0.024350075441980097
22,06.09.2019,8,2019,True,har_gpr,0.0360574181398215,0.021221340158389168
22,09.09.2019,8,2019,True,har_gpr,0.035810128701943,0.021215548140734373
22,10.09.2019,8,2019,True,har_gpr,0.0359822880950648,0.02158014994158111
22,11.09.2019,8,2019,True,har_gpr,0.0360071904059839,0.020336181957686376
22,12.09.2019,8,2019,True,har_gpr,0.0362128924926831,0.01998336268709747
22,13.09.2019,8,2019,True,har_gpr,0.0362687379920925,0.018593375678283914
22,16.09.2019,8,2019,True,har_gpr,0.0197149171482064,0.017880599402757717
22,17.09.2019,8,2019,True,har_gpr,0.0146598826451485,0.035023557025711374
22,18.09.2019,8,2019,True,har_gpr,0.0144809165254845,0.03585509971781281
22,19.09.2019,8,2019,True,har_gpr,0.0140810822064652,0.03418710495837973
22,20.09.2019,8,2019,True,har_gpr,0.0145104185290833,0.034107421289905564
22,23.09.2019,8,2019,True,har_gpr,0.0155154724754435,0.03372120625896802
22,24.09.2019,8,2019,True,har_gpr,0.0147422521854018,0.03255888085144731
22,25.09.2019,8,2019,True,har_gpr,0.014622671791748,0.032282016792252656
22,26.09.2019,8,2019,True,har_gpr,0.0146344485270958,0.03179006196526372
22,27.09.2019,8,2019,True,har_gpr,0.014367862142307,0.03139997351978084
22,30.09.2019,8,2019,True,har_gpr,0.0142326699819119,0.03173598871438213
22,01.10.2019,8,2019,True,har_gpr,0.0124841882472798,0.031118997361684227
22,02.10.2019,8,2019,True,har_gpr,0.0124240671467985,0.03153674965715308
22,03.10.2019,8,2019,True,har_gpr,0.0124376909547153,0.03058743175536858
22,04.10.2019,8,2019,True,har_gpr,0.012502401568489,0.029749881714099195
22,07.10.2019,8,2019,True,har_gpr,0.0134177920994218,0.030555062052208114
22,08.10.2019,8,2019,True,har_gpr,0.0134437082692521,0.03073253549613233
22,09.10.2019,8,2019,True,har_gpr,0.0134387074015018,0.03034875873081731
22,10.10.2019,8,2019,True,har_gpr,0.0133551755468653,0.029648802461642337
22,11.10.2019,8,2019,True,har_gpr,0.0125007281879386,0.030260414528927578
22,14.10.2019,8,2019,True,har_gpr,0.0116473842820173,0.031142988371920772
22,15.10.2019,8,2019,True,har_gpr,0.0113401031943577,0.020330606308777338
22,16.10.2019,8,2019,True,har_gpr,0.0115588954757002,0.015378475671312633
22,17.10.2019,8,2019,True,har_gpr,0.0120110011559921,0.015598525374169989
22,18.10.2019,8,2019,True,har_gpr,0.0131429111131125,0.015315797901535512
22,21.10.2019,8,2019,True,har_gpr,0.0138578978532596,0.015019858071618552
22,22.10.2019,8,2019,True,har_gpr,0.0145143684969379,0.015299040339166493
22,23.10.2019,8,2019,True,har_gpr,0.0139291142044223,0.015183829925502962
22,24.10.2019,8,2019,True,har_gpr,0.013865477193288,0.016516827912674316
22,25.10.2019,8,2019,True,har_gpr,0.0139504015049045,0.016020356708912994
22,28.10.2019,8,2019,True,har_gpr,0.0138544286985189,0.01562483215614964
22,29.10.2019,8,2019,True,har_gpr,0.0150525331370444,0.015415422658994862
22,30.10.2019,8,2019,True,har_gpr,0.0155953752123728,0.013856523413439062
22,31.10.2019,8,2019,True,har_gpr,0.0155341971826202,0.013989681954243122
22,01.11.2019,8,2019,True,har_gpr,0.016501505515491,0.013637640247112457
22,04.11.2019,8,2019,True,har_gpr,0.0164860913990641,0.015245209669722993
22,05.11.2019,8,2019,True,har_gpr,0.0165786633750559,0.01478121155234085
22,06.11.2019,8,2019,True,har_gpr,0.0159530380984494,0.015128040342743216
22,07.11.2019,8,2019,True,har_gpr,0.0158749772478194,0.016063692423799486
22,08.11.2019,8,2019,True,har_gpr,0.0160424947528066,0.015553463308439952
22,11.11.2019,8,2019,True,har_gpr,0.0160403469142644,0.01457615032924607
22,12.11.2019,8,2019,True,har_gpr,0.0163040014283317,0.014114613506390499
22,13.11.2019,8,2019,True,har_gpr,0.0162927522415059,0.013547526661414538
22,14.11.2019,8,2019,True,har_gpr,0.0163931943234422,0.013166347178093334
22,15.11.2019,8,2019,True,har_gpr,0.0161132823420251,0.012910640571603935
22,18.11.2019,8,2019,True,har_gpr,0.0157387808500318,0.013823524563662211
22,19.11.2019,8,2019,True,har_gpr,0.0146355322720192,0.013461607888351592
22,20.11.2019,8,2019,True,har_gpr,0.0139081108481313,0.014989411081303628
22,21.11.2019,8,2019,True,har_gpr,0.013194629227228,0.015278428292175409
22,22.11.2019,8,2019,True,har_gpr,0.0130574081525504,0.016104210431589976
22,25.11.2019,8,2019,True,har_gpr,0.0130559931155055,0.015672285568614434
22,26.11.2019,8,2019,True,har_gpr,0.0129759324201012,0.016899208260519213
22,27.11.2019,8,2019,True,har_gpr,0.0154028818363653,0.01662477335469039
22,29.11.2019,8,2019,True,har_gpr,0.0141629058302357,0.015959642453874292
22,02.12.2019,8,2019,True,har_gpr,0.0143881902540877,0.017566981145169434
22,03.12.2019,8,2019,True,har_gpr,0.0143043977071671,0.016768292241360172
22,04.12.2019,8,2019,True,har_gpr,0.0130189752612926,0.015874181609448618
22,05.12.2019,8,2019,True,har_gpr,0.0162729460569224,0.018789581624512927
22,06.12.2019,8,2019,True,har_gpr,0.0159654564840718,0.017476487586934195
22,09.12.2019,8,2019,True,har_gpr,0.016018516802522,0.017708727368548345
22,10.12.2019,8,2019,True,har_gpr,0.0162391609493349,0.0169966471404048
22,11.12.2019,8,2019,True,har_gpr,0.01612175098929,0.016883512167700523
22,12.12.2019,8,2019,True,har_gpr,0.016133513918163,0.01686548896411395
22,13.12.2019,8,2019,True,har_gpr,0.0158971843876774,0.016828497876748807
22,16.12.2019,8,2019,True,har_gpr,0.0159129792952334,0.017284367196836764
22,17.12.2019,8,2019,True,har_gpr,0.0157031794165358,0.016465162944757274
22,18.12.2019,8,2019,True,har_gpr,0.0162901850810411,0.016665831015076692
22,19.12.2019,8,2019,True,har_gpr,0.0165659723181171,0.015220205831357124
22,20.12.2019,8,2019,True,har_gpr,0.0170398161977378,0.014910105630789745
22,23.12.2019,8,2019,True,har_gpr,0.0174087851350005,0.01442491088381198
22,24.12.2019,8,2019,True,har_gpr,0.0170887398341578,0.015084691369057024
22,26.12.2019,8,2019,True,har_gpr,0.0168757456262941,0.015487173095806227
22,27.12.2019,8,2019,True,har_gpr,0.0172565206128428,0.015496612331316897
22,30.12.2019,8,2019,True,har_gpr,0.0171128529006658,0.015214835885453389
22,31.12.2019,8,2019,True,har_gpr,0.020352521233539,0.013824991922825795
22,02.01.2019,8,2019,True,har_x,0.018378355605612,0.02892541203784254
22,03.01.2019,8,2019,True,har_x,0.0183888321712958,0.03073926441987892
22,04.01.2019,8,2019,True,har_x,0.01815102928158,0.03017840999853448
22,07.01.2019,8,2019,True,har_x,0.018710697440277,0.029142838521493665
22,08.01.2019,8,2019,True,har_x,0.0181673465514491,0.02837572608023041
22,09.01.2019,8,2019,True,har_x,0.0156055629813103,0.02587465601499022
22,10.01.2019,8,2019,True,har_x,0.0158989033076076,0.024886482203469177
22,11.01.2019,8,2019,True,har_x,0.0156899314835488,0.023775717255126314
22,14.01.2019,8,2019,True,har_x,0.014664831137727,0.022577694561616336
22,15.01.2019,8,2019,True,har_x,0.0145248199268212,0.022464268747229208
22,16.01.2019,8,2019,True,har_x,0.0144379700830991,0.021831680206316994
22,17.01.2019,8,2019,True,har_x,0.0144246980769025,0.021225792407685084
22,18.01.2019,8,2019,True,har_x,0.0137081902151916,0.020101343733024465
22,22.01.2019,8,2019,True,har_x,0.0127840979086089,0.01939002454633876
22,23.01.2019,8,2019,True,har_x,0.0152378141137124,0.020836808337317873
22,24.01.2019,8,2019,True,har_x,0.015244168445671,0.020437147303661345
22,25.01.2019,8,2019,True,har_x,0.0155295074310064,0.019820277275699946
22,28.01.2019,8,2019,True,har_x,0.0140169037160408,0.01890237199072804
22,29.01.2019,8,2019,True,har_x,0.0139414379162867,0.020657821427269567
22,30.01.2019,8,2019,True,har_x,0.0139997444316343,0.020290290579185386
22,31.01.2019,8,2019,True,har_x,0.0139979193345814,0.01924476444925969
22,01.02.2019,8,2019,True,har_x,0.0139818743724955,0.018858056910978256
22,04.02.2019,8,2019,True,har_x,0.0138921446972868,0.017884941944757718
22,05.02.2019,8,2019,True,har_x,0.0138909049117274,0.01824276003763354
22,06.02.2019,8,2019,True,har_x,0.013932660511426,0.01878224368367417
22,07.02.2019,8,2019,True,har_x,0.0132222672056349,0.017843385661037728
22,08.02.2019,8,2019,True,har_x,0.0133538490585703,0.018623912334678507
22,11.02.2019,8,2019,True,har_x,0.0131629199649897,0.017478456428032918
22,12.02.2019,8,2019,True,har_x,0.012983162039092,0.017786127712702014
22,13.02.2019,8,2019,True,har_x,0.0125264434063898,0.017398350000182188
22,14.02.2019,8,2019,True,har_x,0.0122260400975592,0.017141419267498292
22,15.02.2019,8,2019,True,har_x,0.0113300773481023,0.017067627771455183
22,19.02.2019,8,2019,True,har_x,0.0115582900798393,0.015511526849139498
22,20.02.2019,8,2019,True,har_x,0.0117268469360672,0.016332345941459003
22,21.02.2019,8,2019,True,har_x,0.0117410452499077,0.01621616814152532
22,22.02.2019,8,2019,True,har_x,0.0119796965363581,0.015776672982948645
22,25.02.2019,8,2019,True,har_x,0.0088546718158794,0.01558697904403446
22,26.02.2019,8,2019,True,har_x,0.0087995799301478,0.017519095126196142
22,27.02.2019,8,2019,True,har_x,0.0081780252932215,0.016647463656940482
22,28.02.2019,8,2019,True,har_x,0.0081877883494997,0.016353108571198403
22,01.03.2019,8,2019,True,har_x,0.0073122800067427,0.015827581060684295
22,04.03.2019,8,2019,True,har_x,0.0072150793214381,0.015906550546154762
22,05.03.2019,8,2019,True,har_x,0.0072184662457676,0.01599529258516296
22,06.03.2019,8,2019,True,har_x,0.0075929276787342,0.0157093050488878
22,07.03.2019,8,2019,True,har_x,0.0077686566365135,0.015680027851942148
22,08.03.2019,8,2019,True,har_x,0.0076631394501808,0.01614615868731175
22,11.03.2019,8,2019,True,har_x,0.0078663851120522,0.01579384624009981
22,12.03.2019,8,2019,True,har_x,0.0085714726576124,0.01545040101938554
22,13.03.2019,8,2019,True,har_x,0.0084213601129301,0.015002208827357281
22,14.03.2019,8,2019,True,har_x,0.0084400140993278,0.014798057989375484
22,15.03.2019,8,2019,True,har_x,0.0084626651003274,0.014181816129901964
22,18.03.2019,8,2019,True,har_x,0.0084904422648142,0.01359901991697069
22,19.03.2019,8,2019,True,har_x,0.0084947920832314,0.013516927912806771
22,20.03.2019,8,2019,True,har_x,0.0098826961588997,0.014679281518960521
22,21.03.2019,8,2019,True,har_x,0.0094632527398976,0.014006783366686112
22,22.03.2019,8,2019,True,har_x,0.0087574972110454,0.013927130740606749
22,25.03.2019,8,2019,True,har_x,0.0089050107816146,0.014311409610205479
22,26.03.2019,8,2019,True,har_x,0.011427739851181,0.015492856806942101
22,27.03.2019,8,2019,True,har_x,0.0114176413637232,0.014680039096654225
22,28.03.2019,8,2019,True,har_x,0.0115146298387829,0.014758655512336015
22,29.03.2019,8,2019,True,har_x,0.0117177504999847,0.015005800663163918
22,01.04.2019,8,2019,True,har_x,0.0125478869905457,0.014008050240159851
22,02.04.2019,8,2019,True,har_x,0.0125153041082776,0.013615927882340475
22,03.04.2019,8,2019,True,har_x,0.0125444802786175,0.01363367697293609
22,04.04.2019,8,2019,True,har_x,0.0132855333851044,0.01317976382735796
22,05.04.2019,8,2019,True,har_x,0.0130504329548585,0.01297310761904099
22,08.04.2019,8,2019,True,har_x,0.0128296680463817,0.012290168090852786
22,09.04.2019,8,2019,True,har_x,0.0127690158185314,0.012317044135439761
22,10.04.2019,8,2019,True,har_x,0.0123186011609623,0.012470213934221722
22,11.04.2019,8,2019,True,har_x,0.0124402393733659,0.012526158950618807
22,12.04.2019,8,2019,True,har_x,0.0123513733661443,0.013091995742911634
22,15.04.2019,8,2019,True,har_x,0.0125311484532772,0.013082977165302939
22,16.04.2019,8,2019,True,har_x,0.0125141567489697,0.013094038068325809
22,17.04.2019,8,2019,True,har_x,0.0125334789861669,0.01314983524114775
22,18.04.2019,8,2019,True,har_x,0.0125057475192078,0.012905424892739235
22,22.04.2019,8,2019,True,har_x,0.01128949449958,0.012507353779570027
22,23.04.2019,8,2019,True,har_x,0.0145985721153259,0.013443348905174835
22,24.04.2019,8,2019,True,har_x,0.0150616336714833,0.013625204888828249
22,25.04.2019,8,2019,True,har_x,0.0159221094150543,0.012806497698386352
22,26.04.2019,8,2019,True,har_x,0.0148029310977614,0.012992592044152328
22,29.04.2019,8,2019,True,har_x,0.0166854458524931,0.016522885283697303
22,30.04.2019,8,2019,True,har_x,0.01777375831628,0.015259366393861381
22,01.05.2019,8,2019,True,har_x,0.0202569336503353,0.015468148255016195
22,02.05.2019,8,2019,True,har_x,0.0204268076459996,0.015521160174078046
22,03.05.2019,8,2019,True,har_x,0.0206250842116443,0.016242561424528158
22,06.05.2019,8,2019,True,har_x,0.0211000878526112,0.015805536496162325
22,07.05.2019,8,2019,True,har_x,0.0219851240462602,0.01630868195471171
22,08.05.2019,8,2019,True,har_x,0.021957624264914,0.018321274743895586
22,09.05.2019,8,2019,True,har_x,0.021954116455309,0.017108421398005967
22,10.05.2019,8,2019,True,har_x,0.0229039207681401,0.0172479111695487
22,13.05.2019,8,2019,True,har_x,0.0237547395533535,0.017457665561304507
22,14.05.2019,8,2019,True,har_x,0.0236426937135979,0.018674569312539958
22,15.05.2019,8,2019,True,har_x,0.0235488150383417,0.01726063027996269
22,16.05.2019,8,2019,True,har_x,0.0239038673285146,0.015474290190610805
22,17.05.2019,8,2019,True,har_x,0.0239055174811881,0.015595708914569758
22,20.05.2019,8,2019,True,har_x,0.0260668126294439,0.01555216315084928
22,21.05.2019,8,2019,True,har_x,0.0262568460396797,0.014405303381463262
22,22.05.2019,8,2019,True,har_x,0.0261208710988791,0.013995471827863397
22,23.05.2019,8,2019,True,har_x,0.0243617170031403,0.014811855345352315
22,24.05.2019,8,2019,True,har_x,0.024673583447862,0.01831728293049872
22,28.05.2019,8,2019,True,har_x,0.0241930296976426,0.01770802181010668
22,29.05.2019,8,2019,True,har_x,0.0241450349377847,0.018400850544377286
22,30.05.2019,8,2019,True,har_x,0.0232693603039489,0.019594280924591166
22,31.05.2019,8,2019,True,har_x,0.0236893244171332,0.021680683542501765
22,03.06.2019,8,2019,True,har_x,0.0214462295967118,0.02613604198066936
22,04.06.2019,8,2019,True,har_x,0.021370926535752,0.02606199286171831
22,05.06.2019,8,2019,True,har_x,0.0207403423785823,0.023839100617403502
22,06.06.2019,8,2019,True,har_x,0.0204882181500688,0.024970202147745327
22,07.06.2019,8,2019,True,har_x,0.0217722298927689,0.02212742665815361
22,10.06.2019,8,2019,True,har_x,0.02149961832745,0.021001068656604296
22,11.06.2019,8,2019,True,har_x,0.0214892853590134,0.02142919395947545
22,12.06.2019,8,2019,True,har_x,0.0195200348878086,0.021075643733015962
22,13.06.2019,8,2019,True,har_x,0.0206444511400737,0.02391028003337076
22,14.06.2019,8,2019,True,har_x,0.0207163421001156,0.02289433713829522
22,17.06.2019,8,2019,True,har_x,0.0212560101794129,0.023670138761194913
22,18.06.2019,8,2019,True,har_x,0.0209236974550287,0.0257060727525245
22,19.06.2019,8,2019,True,har_x,0.0210467333979372,0.024044390204292335
22,20.06.2019,8,2019,True,har_x,0.0191072119323889,0.02245326909161964
22,21.06.2019,8,2019,True,har_x,0.0190199516825753,0.02315277818658646
22,24.06.2019,8,2019,True,har_x,0.0190259695897141,0.02324539230607268
22,25.06.2019,8,2019,True,har_x,0.0190118416359866,0.022590101311261695
22,26.06.2019,8,2019,True,har_x,0.018350331856282,0.02212444651047104
22,27.06.2019,8,2019,True,har_x,0.0187281103830239,0.021157843472816323
22,28.06.2019,8,2019,True,har_x,0.0188085288435424,0.020734784202391814
22,01.07.2019,8,2019,True,har_x,0.0241276068638128,0.02170708007331445
22,02.07.2019,8,2019,True,har_x,0.0231303752458811,0.01958781264667014
22,03.07.2019,8,2019,True,har_x,0.023613249405091,0.02074637902155335
22,05.07.2019,8,2019,True,har_x,0.0236427974088696,0.019987828727497
22,08.07.2019,8,2019,True,har_x,0.0253589715651013,0.01865382965082029
22,09.07.2019,8,2019,True,har_x,0.0259383487226522,0.018227739652670934
22,10.07.2019,8,2019,True,har_x,0.0242687687222322,0.01598632544194995
22,11.07.2019,8,2019,True,har_x,0.0243102861700946,0.01659122884691607
22,12.07.2019,8,2019,True,har_x,0.0266255539237806,0.015797134012282107
22,15.07.2019,8,2019,True,har_x,0.0272084924331109,0.016089061911123224
22,16.07.2019,8,2019,True,har_x,0.0267668425877826,0.01635991223008709
22,17.07.2019,8,2019,True,har_x,0.0268381758014288,0.01721534176190598
22,18.07.2019,8,2019,True,har_x,0.0266905524440899,0.01898381869607059
22,19.07.2019,8,2019,True,har_x,0.0266323646553737,0.017935469543641346
22,22.07.2019,8,2019,True,har_x,0.0264799358496472,0.018865205895095685
22,23.07.2019,8,2019,True,har_x,0.0263738513446103,0.017889089479526173
22,24.07.2019,8,2019,True,har_x,0.0263673098055065,0.01706550754300222
22,25.07.2019,8,2019,True,har_x,0.0263824143143768,0.017445113372975538
22,26.07.2019,8,2019,True,har_x,0.026622673344635,0.016934736789999814
22,29.07.2019,8,2019,True,har_x,0.0269045042144759,0.017130064469847297
22,30.07.2019,8,2019,True,har_x,0.0267418671115611,0.016833713981129244
22,31.07.2019,8,2019,True,har_x,0.0267058438074856,0.01593383186044106
22,01.08.2019,8,2019,True,har_x,0.0228663921806607,0.01632988616520832
22,02.08.2019,8,2019,True,har_x,0.0240982005399455,0.019877320233294634
22,05.08.2019,8,2019,True,har_x,0.0229329753878588,0.01900596347826333
22,06.08.2019,8,2019,True,har_x,0.0227344373387302,0.019911842653896675
22,07.08.2019,8,2019,True,har_x,0.0201037920522426,0.019456194176904026
22,08.08.2019,8,2019,True,har_x,0.0198727582015167,0.020680753777436105
22,09.08.2019,8,2019,True,har_x,0.0204710750127963,0.019286191214300415
22,12.08.2019,8,2019,True,har_x,0.0205571561024952,0.01878485116845135
22,13.08.2019,8,2019,True,har_x,0.0180394458561265,0.018305893334134102
22,14.08.2019,8,2019,True,har_x,0.0334782657619046,0.017764804737017057
22,15.08.2019,8,2019,True,har_x,0.0365747278929496,0.019348718637849333
22,16.08.2019,8,2019,True,har_x,0.0368041464468161,0.01948845579402281
22,19.08.2019,8,2019,True,har_x,0.0367096330186114,0.01869786871229225
22,20.08.2019,8,2019,True,har_x,0.0367250569013877,0.01759224858550269
22,21.08.2019,8,2019,True,har_x,0.0367365781752338,0.017222712209815017
22,22.08.2019,8,2019,True,har_x,0.0372215876554215,0.0173160077945758
22,23.08.2019,8,2019,True,har_x,0.0372476725353273,0.017389695608218916
22,26.08.2019,8,2019,True,har_x,0.0371366169238753,0.019093253542246856
22,27.08.2019,8,2019,True,har_x,0.0372133816636474,0.019218163964108106
22,28.08.2019,8,2019,True,har_x,0.0373044783005081,0.01817687233783465
22,29.08.2019,8,2019,True,har_x,0.0378394011386336,0.017551001023201014
22,30.08.2019,8,2019,True,har_x,0.038010233870419,0.01693732403485809
22,03.09.2019,8,2019,True,har_x,0.0372231841682419,0.0171445626135166
22,04.09.2019,8,2019,True,har_x,0.0361724319235115,0.019494233577124157
22,05.09.2019,8,2019,True,har_x,0.0361503602376157,0.018743681451487398
22,06.09.2019,8,2019,True,har_x,0.0360574181398215,0.01786693745714579
22,09.09.2019,8,2019,True,har_x,0.035810128701943,0.01772308259144073
22,10.09.2019,8,2019,True,har_x,0.0359822880950648,0.017681639909472593
22,11.09.2019,8,2019,True,har_x,0.0360071904059839,0.01788460137752614
22,12.09.2019,8,2019,True,har_x,0.0362128924926831,0.018864444165945488
22,13.09.2019,8,2019,True,har_x,0.0362687379920925,0.01913271906321998
22,16.09.2019,8,2019,True,har_x,0.0197149171482064,0.01905493648917882
22,17.09.2019,8,2019,True,har_x,0.0146598826451485,0.027342410605091377
22,18.09.2019,8,2019,True,har_x,0.0144809165254845,0.024576685500967296
22,19.09.2019,8,2019,True,har_x,0.0140810822064652,0.021565454732877784
22,20.09.2019,8,2019,True,har_x,0.0145104185290833,0.021988715005966945
22,23.09.2019,8,2019,True,har_x,0.0155154724754435,0.02061139522971699
22,24.09.2019,8,2019,True,har_x,0.0147422521854018,0.02130774298887146
22,25.09.2019,8,2019,True,har_x,0.014622671791748,0.02140541713779386
22,26.09.2019,8,2019,True,har_x,0.0146344485270958,0.021095627535086772
22,27.09.2019,8,2019,True,har_x,0.014367862142307,0.020560954285113352
22,30.09.2019,8,2019,True,har_x,0.0142326699819119,0.02144448313376889
22,01.10.2019,8,2019,True,har_x,0.0124841882472798,0.02137114953692048
22,02.10.2019,8,2019,True,har_x,0.0124240671467985,0.02151110328354957
22,03.10.2019,8,2019,True,har_x,0.0124376909547153,0.021886083991218847
22,04.10.2019,8,2019,True,har_x,0.012502401568489,0.02225756014028919
22,07.10.2019,8,2019,True,har_x,0.0134177920994218,0.021601189681075137
22,08.10.2019,8,2019,True,har_x,0.0134437082692521,0.021636947013649793
22,09.10.2019,8,2019,True,har_x,0.0134387074015018,0.021753576937278044
22,10.10.2019,8,2019,True,har_x,0.0133551755468653,0.020911688807325125
22,11.10.2019,8,2019,True,har_x,0.0125007281879386,0.021889668394992165
22,14.10.2019,8,2019,True,har_x,0.0116473842820173,0.021991168820990375
22,15.10.2019,8,2019,True,har_x,0.0113401031943577,0.022156478734533663
22,16.10.2019,8,2019,True,har_x,0.0115588954757002,0.021574688798746817
22,17.10.2019,8,2019,True,har_x,0.0120110011559921,0.021577226997888103
22,18.10.2019,8,2019,True,har_x,0.0131429111131125,0.020492525349202845
22,21.10.2019,8,2019,True,har_x,0.0138578978532596,0.019761493872509757
22,22.10.2019,8,2019,True,har_x,0.0145143684969379,0.01991407231429508
22,23.10.2019,8,2019,True,har_x,0.0139291142044223,0.019247317616853703
22,24.10.2019,8,2019,True,har_x,0.013865477193288,0.019371989485236052
22,25.10.2019,8,2019,True,har_x,0.0139504015049045,0.01944940328580084
22,28.10.2019,8,2019,True,har_x,0.0138544286985189,0.018662202899491942
22,29.10.2019,8,2019,True,har_x,0.0150525331370444,0.019248632748771272
22,30.10.2019,8,2019,True,har_x,0.0155953752123728,0.01922834296750691
22,31.10.2019,8,2019,True,har_x,0.0155341971826202,0.018528227958079166
22,01.11.2019,8,2019,True,har_x,0.016501505515491,0.019386784294813855
22,04.11.2019,8,2019,True,har_x,0.0164860913990641,0.018530396679395687
22,05.11.2019,8,2019,True,har_x,0.0165786633750559,0.0193183035759094
22,06.11.2019,8,2019,True,har_x,0.0159530380984494,0.01821822488652322
22,07.11.2019,8,2019,True,har_x,0.0158749772478194,0.017915080097387712
22,08.11.2019,8,2019,True,har_x,0.0160424947528066,0.016783215512742086
22,11.11.2019,8,2019,True,har_x,0.0160403469142644,0.016780668785747264
22,12.11.2019,8,2019,True,har_x,0.0163040014283317,0.01846881519850451
22,13.11.2019,8,2019,True,har_x,0.0162927522415059,0.018074180137020286
22,14.11.2019,8,2019,True,har_x,0.0163931943234422,0.019004811469931108
22,15.11.2019,8,2019,True,har_x,0.0161132823420251,0.018263207945442908
22,18.11.2019,8,2019,True,har_x,0.0157387808500318,0.017384110445114044
22,19.11.2019,8,2019,True,har_x,0.0146355322720192,0.018158880570685255
22,20.11.2019,8,2019,True,har_x,0.0139081108481313,0.01772864095570341
22,21.11.2019,8,2019,True,har_x,0.013194629227228,0.01722773491185281
22,22.11.2019,8,2019,True,har_x,0.0130574081525504,0.016836533464576368
22,25.11.2019,8,2019,True,har_x,0.0130559931155055,0.017223208865703006
22,26.11.2019,8,2019,True,har_x,0.0129759324201012,0.016923154026862584
22,27.11.2019,8,2019,True,har_x,0.0154028818363653,0.01664131394897311
22,29.11.2019,8,2019,True,har_x,0.0141629058302357,0.01635116698219306
22,02.12.2019,8,2019,True,har_x,0.0143881902540877,0.020079748689120835
22,03.12.2019,8,2019,True,har_x,0.0143043977071671,0.018992993595669687
22,04.12.2019,8,2019,True,har_x,0.0130189752612926,0.01891066765235571
22,05.12.2019,8,2019,True,har_x,0.0162729460569224,0.017299441718499977
22,06.12.2019,8,2019,True,har_x,0.0159654564840718,0.016020080128011194
22,09.12.2019,8,2019,True,har_x,0.016018516802522,0.01587654020691216
22,10.12.2019,8,2019,True,har_x,0.0162391609493349,0.01581428895399517
22,11.12.2019,8,2019,True,har_x,0.01612175098929,0.014551432280373812
22,12.12.2019,8,2019,True,har_x,0.016133513918163,0.014584399807015553
22,13.12.2019,8,2019,True,har_x,0.0158971843876774,0.014344758620431327
22,16.12.2019,8,2019,True,har_x,0.0159129792952334,0.013983268264371847
22,17.12.2019,8,2019,True,har_x,0.0157031794165358,0.013725486334539143
22,18.12.2019,8,2019,True,har_x,0.0162901850810411,0.013668289183135946
22,19.12.2019,8,2019,True,har_x,0.0165659723181171,0.01390352681852269
22,20.12.2019,8,2019,True,har_x,0.0170398161977378,0.012729786237242005
22,23.12.2019,8,2019,True,har_x,0.0174087851350005,0.013176924707504247
22,24.12.2019,8,2019,True,har_x,0.0170887398341578,0.012974899059494257
22,26.12.2019,8,2019,True,har_x,0.0168757456262941,0.013237624950748388
22,27.12.2019,8,2019,True,har_x,0.0172565206128428,0.012384251234489793
22,30.12.2019,8,2019,True,har_x,0.0171128529006658,0.012995991529939898
22,31.12.2019,8,2019,True,har_x,0.020352521233539,0.013117875430729363
66,02.01.2019,8,2019,True,har,0.013892470311563,0.031725127821843904
66,03.01.2019,8,2019,True,har,0.0138296762482788,0.030883792066957953
66,04.01.2019,8,2019,True,har,0.0137678341606737,0.029020851913557362
66,07.01.2019,8,2019,True,har,0.0139083932198507,0.02811567458793159
66,08.01.2019,8,2019,True,har,0.0136933465399901,0.027267509424722877
66,09.01.2019,8,2019,True,har,0.0126662260458912,0.027640952440933078
66,10.01.2019,8,2019,True,har,0.0126816430135304,0.029229251377272666
66,11.01.2019,8,2019,True,har,0.0123917146422495,0.028220055219446843
66,14.01.2019,8,2019,True,har,0.0119075483698114,0.029271399111771436
66,15.01.2019,8,2019,True,har,0.0119323253328585,0.029764335248108648
66,16.01.2019,8,2019,True,har,0.0118965054623702,0.030062784256996315
66,17.01.2019,8,2019,True,har,0.0118816451334252,0.029091736127318333
66,18.01.2019,8,2019,True,har,0.0115932285505375,0.027327885468971178
66,22.01.2019,8,2019,True,har,0.0119733855554211,0.028037231339977306
66,23.01.2019,8,2019,True,har,0.0119389945321347,0.02659203191331656
66,24.01.2019,8,2019,True,har,0.0119719928283068,0.0260047475531393
66,25.01.2019,8,2019,True,har,0.012024088032112,0.023263422187982004
66,28.01.2019,8,2019,True,har,0.0117451576701185,0.020730196363218736
66,29.01.2019,8,2019,True,har,0.0114650871891092,0.020269298243076533
66,30.01.2019,8,2019,True,har,0.0114656185785852,0.020514129636240903
66,31.01.2019,8,2019,True,har,0.0117635025358951,0.019647996168300257
66,01.02.2019,8,2019,True,har,0.0117772352025941,0.01946331126145138
66,04.02.2019,8,2019,True,har,0.0117325356953848,0.019238137576451864
66,05.02.2019,8,2019,True,har,0.0116626125794775,0.01879661069450691
66,06.02.2019,8,2019,True,har,0.0116385350531076,0.018756782034782774
66,07.02.2019,8,2019,True,har,0.0114991472506276,0.018632354370075203
66,08.02.2019,8,2019,True,har,0.0114978320936677,0.017750283040163156
66,11.02.2019,8,2019,True,har,0.0114623916349598,0.01755970909519978
66,12.02.2019,8,2019,True,har,0.0114035110435034,0.0172987378894782
66,13.02.2019,8,2019,True,har,0.0112302076078472,0.017027941891858182
66,14.02.2019,8,2019,True,har,0.0111111138344052,0.016886575632999664
66,15.02.2019,8,2019,True,har,0.0109242326543313,0.01660267408022295
66,19.02.2019,8,2019,True,har,0.0123929232436354,0.01748269605257378
66,20.02.2019,8,2019,True,har,0.0124511504623384,0.016112392177843608
66,21.02.2019,8,2019,True,har,0.0126942973081101,0.015805425546532373
66,22.02.2019,8,2019,True,har,0.0127553743061095,0.015550277910625512
66,25.02.2019,8,2019,True,har,0.0128478988111603,0.015577597897814106
66,26.02.2019,8,2019,True,har,0.013592176402476,0.018485102135761107
66,27.02.2019,8,2019,True,har,0.0147796168342536,0.01678210081165386
66,28.02.2019,8,2019,True,har,0.014848152692679,0.017031032711039888
66,01.03.2019,8,2019,True,har,0.0149764563452362,0.016768506962747003
66,04.03.2019,8,2019,True,har,0.0150894669844205,0.017359656498203806
66,05.03.2019,8,2019,True,har,0.0154421116871993,0.01676834733445126
66,06.03.2019,8,2019,True,har,0.0155529584393816,0.01652684216816601
66,07.03.2019,8,2019,True,har,0.0155378693557431,0.016161402423523957
66,08.03.2019,8,2019,True,har,0.0161685858519286,0.0161652421215534
66,11.03.2019,8,2019,True,har,0.0163351799719026,0.015836858481660953
66,12.03.2019,8,2019,True,har,0.0164059145352709,0.016090314077192303
66,13.03.2019,8,2019,True,har,0.0164292893441097,0.01559767139559866
66,14.03.2019,8,2019,True,har,0.0166268403528675,0.01597149685160741
66,15.03.2019,8,2019,True,har,0.0166340011937202,0.015607028449774539
66,18.03.2019,8,2019,True,har,0.017435408916528,0.01523760029968857
66,19.03.2019,8,2019,True,har,0.0174997273249219,0.014615325856832378
66,20.03.2019,8,2019,True,har,0.017425323229794,0.014483372173187454
66,21.03.2019,8,2019,True,har,0.0173981604229415,0.014908686695872777
66,22.03.2019,8,2019,True,har,0.0175540041907893,0.0150182551634695
66,25.03.2019,8,2019,True,har,0.0175509967758002,0.015419752283329133
66,26.03.2019,8,2019,True,har,0.0174931729598207,0.013322385349398674
66,27.03.2019,8,2019,True,har,0.0177068528494189,0.013743224815928812
66,28.03.2019,8,2019,True,har,0.0184154767865588,0.012944101782401685
66,29.03.2019,8,2019,True,har,0.0186103114450396,0.012760459521365876
66,01.04.2019,8,2019,True,har,0.0185912734005169,0.012392711368882937
66,02.04.2019,8,2019,True,har,0.018574832308317,0.012426828470301559
66,03.04.2019,8,2019,True,har,0.0185763847213386,0.01227524803911234
66,04.04.2019,8,2019,True,har,0.0193705956622401,0.012155076175085487
66,05.04.2019,8,2019,True,har,0.0193086388609295,0.012140119128514437
66,08.04.2019,8,2019,True,har,0.019260576447215,0.012535966199560988
66,09.04.2019,8,2019,True,har,0.0192491412914236,0.012415812108462114
66,10.04.2019,8,2019,True,har,0.0195226167487621,0.012635397836355818
66,11.04.2019,8,2019,True,har,0.0195079589756425,0.01305310099132146
66,12.04.2019,8,2019,True,har,0.0197093983454094,0.013492687787315185
66,15.04.2019,8,2019,True,har,0.0197508231938422,0.013452719831427344
66,16.04.2019,8,2019,True,har,0.0197975952600303,0.013392426564297498
66,17.04.2019,8,2019,True,har,0.0198427372370741,0.013465342995012085
66,18.04.2019,8,2019,True,har,0.0198523544273471,0.012997120169365727
66,22.04.2019,8,2019,True,har,0.0194999604045137,0.012676519665051227
66,23.04.2019,8,2019,True,har,0.0194747674346812,0.014281728573997489
66,24.04.2019,8,2019,True,har,0.0194865632432494,0.013558709336521448
66,25.04.2019,8,2019,True,har,0.0196134519443691,0.013406157696639368
66,26.04.2019,8,2019,True,har,0.0193292097727786,0.013505006311047885
66,29.04.2019,8,2019,True,har,0.0213060968724697,0.016329243160518713
66,30.04.2019,8,2019,True,har,0.0214744825820396,0.015116520910457152
66,01.05.2019,8,2019,True,har,0.0218154547527133,0.01544814121100773
66,02.05.2019,8,2019,True,har,0.0217605109266602,0.015509415278481825
66,03.05.2019,8,2019,True,har,0.0224254003441217,0.01640068999901827
66,06.05.2019,8,2019,True,har,0.0225893759275885,0.015622253462089494
66,07.05.2019,8,2019,True,har,0.0226762244860814,0.01562738927986466
66,08.05.2019,8,2019,True,har,0.0226481115606835,0.016251421255320014
66,09.05.2019,8,2019,True,har,0.02341499613721,0.01603699474276323
66,10.05.2019,8,2019,True,har,0.0236571450576002,0.015387441244626706
66,13.05.2019,8,2019,True,har,0.0237658322222658,0.015329867802555307
66,14.05.2019,8,2019,True,har,0.0237020837453528,0.015263662142254353
66,15.05.2019,8,2019,True,har,0.0238168435084226,0.015555328717880823
66,16.05.2019,8,2019,True,har,0.0237669115580825,0.015365466826280778
66,17.05.2019,8,2019,True,har,0.0237814975561354,0.015648910875688087
66,20.05.2019,8,2019,True,har,0.0237855081596268,0.015600574374664247
66,21.05.2019,8,2019,True,har,0.0237898771326651,0.014522337547615512
66,22.05.2019,8,2019,True,har,0.0237494361349871,0.014354948992134782
66,23.05.2019,8,2019,True,har,0.0231960936011516,0.01518959923797401
66,24.05.2019,8,2019,True,har,0.0232264143107858,0.01854032977832567
66,28.05.2019,8,2019,True,har,0.0231043304347352,0.017453227179894802
66,29.05.2019,8,2019,True,har,0.0231109207742991,0.018353267008816055
66,30.05.2019,8,2019,True,har,0.0230808262046337,0.017937424888848565
66,31.05.2019,8,2019,True,har,0.0232806632841186,0.019965258249877577
66,03.06.2019,8,2019,True,har,0.022427508967794,0.020381372534648355
66,04.06.2019,8,2019,True,har,0.0224162359687292,0.0223223981165415
66,05.06.2019,8,2019,True,har,0.0223453428093032,0.02113141195933404
66,06.06.2019,8,2019,True,har,0.0222540631758214,0.021395579666680924
66,07.06.2019,8,2019,True,har,0.022238567014214,0.02186273884676848
66,10.06.2019,8,2019,True,har,0.0221714376538144,0.022886258280581377
66,11.06.2019,8,2019,True,har,0.0221729744938234,0.021956227574361588
66,12.06.2019,8,2019,True,har,0.0274104563910271,0.021510179704420894
66,13.06.2019,8,2019,True,har,0.0285793260242579,0.02316376068444409
66,14.06.2019,8,2019,True,har,0.0286119878152896,0.023193335450639976
66,17.06.2019,8,2019,True,har,0.0285626908924927,0.02269949722886372
66,18.06.2019,8,2019,True,har,0.0284688320351761,0.022925445993773177
66,19.06.2019,8,2019,True,har,0.0284730083483953,0.02355209502216668
66,20.06.2019,8,2019,True,har,0.028194104197776,0.022534815109607406
66,21.06.2019,8,2019,True,har,0.0281863467626297,0.02510937971563039
66,24.06.2019,8,2019,True,har,0.0281908858155209,0.023381214382533523
66,25.06.2019,8,2019,True,har,0.0282313623795551,0.02286855521835804
66,26.06.2019,8,2019,True,har,0.0281699502012123,0.022497434880572587
66,27.06.2019,8,2019,True,har,0.0284126664518087,0.02327746016572356
66,28.06.2019,8,2019,True,har,0.0285048739018006,0.02145221479777353
66,01.07.2019,8,2019,True,har,0.0283910109463806,0.02057316765284096
66,02.07.2019,8,2019,True,har,0.0279917923886973,0.020005197297806938
66,03.07.2019,8,2019,True,har,0.0278373887121292,0.022299930598673384
66,05.07.2019,8,2019,True,har,0.0278205267846382,0.021711744669525433
66,08.07.2019,8,2019,True,har,0.0278226965289243,0.021170780518228634
66,09.07.2019,8,2019,True,har,0.0278805324922263,0.020633848240778168
66,10.07.2019,8,2019,True,har,0.0274947688988495,0.020318129236509143
66,11.07.2019,8,2019,True,har,0.027573402965484,0.022323906773552303
66,12.07.2019,8,2019,True,har,0.0275870540196539,0.020296307055374514
66,15.07.2019,8,2019,True,har,0.027635632310811,0.019971311743975838
66,16.07.2019,8,2019,True,har,0.0273897454252999,0.020000523713070813
66,17.07.2019,8,2019,True,har,0.0273775795749812,0.021813180896487254
66,18.07.2019,8,2019,True,har,0.0271905692221613,0.020263122829146024
66,19.07.2019,8,2019,True,har,0.0272147824040889,0.02134911488374728
66,22.07.2019,8,2019,True,har,0.0273410718822445,0.019748376987643954
66,23.07.2019,8,2019,True,har,0.0273368381583132,0.020084791160169035
66,24.07.2019,8,2019,True,har,0.0273199540534664,0.019846591859513176
66,25.07.2019,8,2019,True,har,0.0273296279561498,0.019925378967860195
66,26.07.2019,8,2019,True,har,0.0273291186881703,0.018846724997783296
66,29.07.2019,8,2019,True,har,0.027390316433048,0.018773566740021504
66,30.07.2019,8,2019,True,har,0.0273204481600764,0.018778704081735
66,31.07.2019,8,2019,True,har,0.0274772068651877,0.019104804801575184
66,01.08.2019,8,2019,True,har,0.0259085487001791,0.017196482904647026
66,02.08.2019,8,2019,True,har,0.0258093073251935,0.024571852434926537
66,05.08.2019,8,2019,True,har,0.0255707818508733,0.02364263805010263
66,06.08.2019,8,2019,True,har,0.0255204730299841,0.02464129792534737
66,07.08.2019,8,2019,True,har,0.0248092699010238,0.02396631352133548
66,08.08.2019,8,2019,True,har,0.0247130257741506,0.024273182043702348
66,09.08.2019,8,2019,True,har,0.0246056520307801,0.02370838805920178
66,12.08.2019,8,2019,True,har,0.0246107942867736,0.024007377009369443
66,13.08.2019,8,2019,True,har,0.0239719754234861,0.023337901934053114
66,14.08.2019,8,2019,True,har,0.0237464876658724,0.025905805433655723
66,15.08.2019,8,2019,True,har,0.023655898874946,0.025440980812988966
66,16.08.2019,8,2019,True,har,0.0238560805497587,0.025217245461723735
66,19.08.2019,8,2019,True,har,0.0239307058152547,0.024728335839352474
66,20.08.2019,8,2019,True,har,0.0241105335097595,0.025232524048022856
66,21.08.2019,8,2019,True,har,0.0241380221111664,0.024200724071951823
66,22.08.2019,8,2019,True,har,0.0241250719410128,0.023827891134823618
66,23.08.2019,8,2019,True,har,0.0241117095626365,0.023521816190701428
66,26.08.2019,8,2019,True,har,0.0240714601658914,0.023766709642777512
66,27.08.2019,8,2019,True,har,0.0242489334529297,0.023583219000311944
66,28.08.2019,8,2019,True,har,0.0243649819034753,0.023797886328969696
66,29.08.2019,8,2019,True,har,0.0243362253163437,0.024187705543021264
66,30.08.2019,8,2019,True,har,0.0246813755267212,0.02104429905415916
66,03.09.2019,8,2019,True,har,0.024247179460969,0.020811819418080746
66,04.09.2019,8,2019,True,har,0.0238043318799981,0.022174888527891047
66,05.09.2019,8,2019,True,har,0.0238038433239245,0.02363045794197397
66,06.09.2019,8,2019,True,har,0.0237783921577759,0.02096479122567363
66,09.09.2019,8,2019,True,har,0.0237242028037466,0.020953208223518295
66,10.09.2019,8,2019,True,har,0.0237363083588288,0.021076830992583555
66,11.09.2019,8,2019,True,har,0.0235857762449915,0.020053462486721588
66,12.09.2019,8,2019,True,har,0.0235638676993729,0.01972386359521938
66,13.09.2019,8,2019,True,har,0.0235931049171671,0.018540304510391705
66,16.09.2019,8,2019,True,har,0.0164943962700786,0.01793216389861755
66,17.09.2019,8,2019,True,har,0.0142748728887595,0.03436860017832227
66,18.09.2019,8,2019,True,har,0.0141706290571725,0.03513458779719636
66,19.09.2019,8,2019,True,har,0.0140983458817673,0.03375406911256494
66,20.09.2019,8,2019,True,har,0.0141678554348922,0.03368962491159055
66,23.09.2019,8,2019,True,har,0.0141958673921497,0.0333676096276639
66,24.09.2019,8,2019,True,har,0.0137969252862691,0.030854644528865632
66,25.09.2019,8,2019,True,har,0.0137125496200703,0.03064885931831185
66,26.09.2019,8,2019,True,har,0.0144646591129063,0.030241738065207795
66,27.09.2019,8,2019,True,har,0.0143612596857731,0.02991596340406258
66,30.09.2019,8,2019,True,har,0.0147435839989267,0.03019719113190262
66,01.10.2019,8,2019,True,har,0.0141418951265388,0.030281090816742462
66,02.10.2019,8,2019,True,har,0.0139268769474327,0.03062164763671978
66,03.10.2019,8,2019,True,har,0.0149819010389052,0.029811028354960734
66,04.10.2019,8,2019,True,har,0.0149391631014451,0.029115986230727045
66,07.10.2019,8,2019,True,har,0.0149672347423484,0.0297811213711109
66,08.10.2019,8,2019,True,har,0.0150563629081074,0.029335351550679626
66,09.10.2019,8,2019,True,har,0.0150609735370205,0.029021462967101626
66,10.10.2019,8,2019,True,har,0.0150296645526207,0.028437114260633167
66,11.10.2019,8,2019,True,har,0.0148067750234664,0.028947005124676913
66,14.10.2019,8,2019,True,har,0.0145892547349147,0.029686253190338737
66,15.10.2019,8,2019,True,har,0.0145321178703452,0.020299119561655248
66,16.10.2019,8,2019,True,har,0.0147488998757506,0.017088522067211568
66,17.10.2019,8,2019,True,har,0.0149154026317968,0.01727601711816562
66,18.10.2019,8,2019,True,har,0.0151346719171022,0.017036731318704923
66,21.10.2019,8,2019,True,har,0.0153702634502566,0.016795038748459157
66,22.10.2019,8,2019,True,har,0.0152975552140348,0.016489325843334353
66,23.10.2019,8,2019,True,har,0.0150061895679785,0.01638363540060319
66,24.10.2019,8,2019,True,har,0.0152885013608433,0.01751280241081258
66,25.10.2019,8,2019,True,har,0.0152676230606584,0.0171016838557228
66,28.10.2019,8,2019,True,har,0.01722119121145,0.016769770352730057
66,29.10.2019,8,2019,True,har,0.0172414632231851,0.01651728502247249
66,30.10.2019,8,2019,True,har,0.0174470195946159,0.01517314409598817
66,31.10.2019,8,2019,True,har,0.0174472895480884,0.015276208406735721
66,01.11.2019,8,2019,True,har,0.0171766290229914,0.014988478042746847
66,04.11.2019,8,2019,True,har,0.0173201558479402,0.01633690608780808
66,05.11.2019,8,2019,True,har,0.0173275539225087,0.01587067717915422
66,06.11.2019,8,2019,True,har,0.0177091941328322,0.016161308250415216
66,07.11.2019,8,2019,True,har,0.0177180783553128,0.016960854815549757
66,08.11.2019,8,2019,True,har,0.0178581204314884,0.016534400457429373
66,11.11.2019,8,2019,True,har,0.0178834748520937,0.01570463645486089
66,12.11.2019,8,2019,True,har,0.0181367765479399,0.015301994832175106
66,13.11.2019,8,2019,True,har,0.0181294850924761,0.014899013863949095
66,14.11.2019,8,2019,True,har,0.0181997627237547,0.014582862390398545
66,15.11.2019,8,2019,True,har,0.0186410687127508,0.01437035599717039
66,18.11.2019,8,2019,True,har,0.0187901169512584,0.015129071266624213
66,19.11.2019,8,2019,True,har,0.0188549688911756,0.015397961079049234
66,20.11.2019,8,2019,True,har,0.0187533948569602,0.016691534576935924
66,21.11.2019,8,2019,True,har,0.0187813896515569,0.01692773403726354
66,22.11.2019,8,2019,True,har,0.0191390352627069,0.017633321847882907
66,25.11.2019,8,2019,True,har,0.0191205392815223,0.017278344656087935
66,26.11.2019,8,2019,True,har,0.0191004922347447,0.016989077123183757
66,27.11.2019,8,2019,True,har,0.0192443254175037,0.016769491940472427
66,29.11.2019,8,2019,True,har,0.0223988816552239,0.016204805847698157
66,02.12.2019,8,2019,True,har,0.0401241784354601,0.01756931116096054
66,03.12.2019,8,2019,True,har,0.0415750750698231,0.017771580212701043
66,04.12.2019,8,2019,True,har,0.0414089294469029,0.01702672171480537
66,05.12.2019,8,2019,True,har,0.0421515244438962,0.01948201340093568
66,06.12.2019,8,2019,True,har,0.04218238712395,0.0183767551946386
66,09.12.2019,8,2019,True,har,0.0442627699982039,0.018577702570126524
66,10.12.2019,8,2019,True,har,0.0444218031365557,0.017821792178612655
66,11.12.2019,8,2019,True,har,0.0472830853309683,0.01772656499340875
66,12.12.2019,8,2019,True,har,0.0506591623348271,0.017720339340795442
66,13.12.2019,8,2019,True,har,0.0507888104187526,0.017690324290828584
66,16.12.2019,8,2019,True,har,0.0507888721491509,0.018075564020482715
66,17.12.2019,8,2019,True,har,0.050742548015644,0.017496199003122385
66,18.12.2019,8,2019,True,har,0.050785611714088,0.017656635758973006
66,19.12.2019,8,2019,True,har,0.0508269148170131,0.01642839680072462
66,20.12.2019,8,2019,True,har,0.0510652452648957,0.01615396113675248
66,23.12.2019,8,2019,True,har,0.0518632046568396,0.015732448644117988
66,24.12.2019,8,2019,True,har,0.0517784794849497,0.015541712282935159
66,26.12.2019,8,2019,True,har,0.0531461950061344,0.015880039698303098
66,27.12.2019,8,2019,True,har,0.0588577291522032,0.015888033541530826
66,30.12.2019,8,2019,True,har,0.0614025776139869,0.01565212950398782
66,31.12.2019,8,2019,True,har,0.0613747934509396,0.014488305399768465
66,02.01.2019,8,2019,True,har_ovx,0.013892470311563,0.02794084921636993
66,03.01.2019,8,2019,True,har_ovx,0.0138296762482788,0.02939257559517491
66,04.01.2019,8,2019,True,har_ovx,0.0137678341606737,0.02883985076766703
66,07.01.2019,8,2019,True,har_ovx,0.0139083932198507,0.027901556076306747
66,08.01.2019,8,2019,True,har_ovx,0.0136933465399901,0.027249627057553787
66,09.01.2019,8,2019,True,har_ovx,0.0126662260458912,0.02517539118104542
66,10.01.2019,8,2019,True,har_ovx,0.0126816430135304,0.024417318166064825
66,11.01.2019,8,2019,True,har_ovx,0.0123917146422495,0.02345791149089089
66,14.01.2019,8,2019,True,har_ovx,0.0119075483698114,0.022510940241365938
66,15.01.2019,8,2019,True,har_ovx,0.0119323253328585,0.022428497798434345
66,16.01.2019,8,2019,True,har_ovx,0.0118965054623702,0.021910570425626205
66,17.01.2019,8,2019,True,har_ovx,0.0118816451334252,0.02135225772617373
66,18.01.2019,8,2019,True,har_ovx,0.0115932285505375,0.02037081242257554
66,22.01.2019,8,2019,True,har_ovx,0.0119733855554211,0.01980231361772782
66,23.01.2019,8,2019,True,har_ovx,0.0119389945321347,0.021076718930917164
66,24.01.2019,8,2019,True,har_ovx,0.0119719928283068,0.02071666908781965
66,25.01.2019,8,2019,True,har_ovx,0.012024088032112,0.020135881888946598
66,28.01.2019,8,2019,True,har_ovx,0.0117451576701185,0.01931827784509961
66,29.01.2019,8,2019,True,har_ovx,0.0114650871891092,0.020632936106412238
66,30.01.2019,8,2019,True,har_ovx,0.0114656185785852,0.020342048945933992
66,31.01.2019,8,2019,True,har_ovx,0.0117635025358951,0.01944307347972762
66,01.02.2019,8,2019,True,har_ovx,0.0117772352025941,0.019115717898802908
66,04.02.2019,8,2019,True,har_ovx,0.0117325356953848,0.018296725676893125
66,05.02.2019,8,2019,True,har_ovx,0.0116626125794775,0.018551085403218148
66,06.02.2019,8,2019,True,har_ovx,0.0116385350531076,0.01899376157757355
66,07.02.2019,8,2019,True,har_ovx,0.0114991472506276,0.01821252564207885
66,08.02.2019,8,2019,True,har_ovx,0.0114978320936677,0.018857744576621906
66,11.02.2019,8,2019,True,har_ovx,0.0114623916349598,0.0178960771881416
66,12.02.2019,8,2019,True,har_ovx,0.0114035110435034,0.01829791569491153
66,13.02.2019,8,2019,True,har_ovx,0.0112302076078472,0.017975814456390835
66,14.02.2019,8,2019,True,har_ovx,0.0111111138344052,0.017764975454612038
66,15.02.2019,8,2019,True,har_ovx,0.0109242326543313,0.017682860211160806
66,19.02.2019,8,2019,True,har_ovx,0.0123929232436354,0.016415457177352665
66,20.02.2019,8,2019,True,har_ovx,0.0124511504623384,0.017067466663119698
66,21.02.2019,8,2019,True,har_ovx,0.0126942973081101,0.016967637584570167
66,22.02.2019,8,2019,True,har_ovx,0.0127553743061095,0.016596190173082764
66,25.02.2019,8,2019,True,har_ovx,0.0128478988111603,0.016440176498723615
66,26.02.2019,8,2019,True,har_ovx,0.013592176402476,0.018105956646306327
66,27.02.2019,8,2019,True,har_ovx,0.0147796168342536,0.0173302633457949
66,28.02.2019,8,2019,True,har_ovx,0.014848152692679,0.01710035949302057
66,01.03.2019,8,2019,True,har_ovx,0.0149764563452362,0.016651082356088268
66,04.03.2019,8,2019,True,har_ovx,0.0150894669844205,0.016735328338093075
66,05.03.2019,8,2019,True,har_ovx,0.0154421116871993,0.016684353843130342
66,06.03.2019,8,2019,True,har_ovx,0.0155529584393816,0.01643724145465806
66,07.03.2019,8,2019,True,har_ovx,0.0155378693557431,0.016393874302305798
66,08.03.2019,8,2019,True,har_ovx,0.0161685858519286,0.016783639741113618
66,11.03.2019,8,2019,True,har_ovx,0.0163351799719026,0.01647644604853187
66,12.03.2019,8,2019,True,har_ovx,0.0164059145352709,0.016200513660539928
66,13.03.2019,8,2019,True,har_ovx,0.0164292893441097,0.015811052059992288
66,14.03.2019,8,2019,True,har_ovx,0.0166268403528675,0.015658053491855443
66,15.03.2019,8,2019,True,har_ovx,0.0166340011937202,0.015135283955577184
66,18.03.2019,8,2019,True,har_ovx,0.017435408916528,0.01463440340164578
66,19.03.2019,8,2019,True,har_ovx,0.0174997273249219,0.014754973827455518
66,20.03.2019,8,2019,True,har_ovx,0.017425323229794,0.01571942927260025
66,21.03.2019,8,2019,True,har_ovx,0.0173981604229415,0.015173160080274516
66,22.03.2019,8,2019,True,har_ovx,0.0175540041907893,0.01511191599168796
66,25.03.2019,8,2019,True,har_ovx,0.0175509967758002,0.015449154087043185
66,26.03.2019,8,2019,True,har_ovx,0.0174931729598207,0.016116774778070116
66,27.03.2019,8,2019,True,har_ovx,0.0177068528494189,0.015456207847671773
66,28.03.2019,8,2019,True,har_ovx,0.0184154767865588,0.015493653353758118
66,29.03.2019,8,2019,True,har_ovx,0.0186103114450396,0.015691993175829644
66,01.04.2019,8,2019,True,har_ovx,0.0185912734005169,0.014846651027792269
66,02.04.2019,8,2019,True,har_ovx,0.018574832308317,0.014585529281732035
66,03.04.2019,8,2019,True,har_ovx,0.0185763847213386,0.014592457247809994
66,04.04.2019,8,2019,True,har_ovx,0.0193705956622401,0.014208405314627814
66,05.04.2019,8,2019,True,har_ovx,0.0193086388609295,0.014034995122114053
66,08.04.2019,8,2019,True,har_ovx,0.019260576447215,0.013483737738963972
66,09.04.2019,8,2019,True,har_ovx,0.0192491412914236,0.01363094467474581
66,10.04.2019,8,2019,True,har_ovx,0.0195226167487621,0.013768943373725707
66,11.04.2019,8,2019,True,har_ovx,0.0195079589756425,0.013831707195631524
66,12.04.2019,8,2019,True,har_ovx,0.0197093983454094,0.014322379651234778
66,15.04.2019,8,2019,True,har_ovx,0.0197508231938422,0.014311356493155574
66,16.04.2019,8,2019,True,har_ovx,0.0197975952600303,0.0141891943741771
66,17.04.2019,8,2019,True,har_ovx,0.0198427372370741,0.014237133355710242
66,18.04.2019,8,2019,True,har_ovx,0.0198523544273471,0.014013288380966986
66,22.04.2019,8,2019,True,har_ovx,0.0194999604045137,0.01366679541305456
66,23.04.2019,8,2019,True,har_ovx,0.0194747674346812,0.01461655721418274
66,24.04.2019,8,2019,True,har_ovx,0.0194865632432494,0.01473762862533567
66,25.04.2019,8,2019,True,har_ovx,0.0196134519443691,0.014051035966230292
66,26.04.2019,8,2019,True,har_ovx,0.0193292097727786,0.014210269286715827
66,29.04.2019,8,2019,True,har_ovx,0.0213060968724697,0.017254685247246992
66,30.04.2019,8,2019,True,har_ovx,0.0214744825820396,0.015996840498135087
66,01.05.2019,8,2019,True,har_ovx,0.0218154547527133,0.01618494409663903
66,02.05.2019,8,2019,True,har_ovx,0.0217605109266602,0.016228943386200605
66,03.05.2019,8,2019,True,har_ovx,0.0224254003441217,0.01685800478168088
66,06.05.2019,8,2019,True,har_ovx,0.0225893759275885,0.01645551074583149
66,07.05.2019,8,2019,True,har_ovx,0.0226762244860814,0.016994281371230772
66,08.05.2019,8,2019,True,har_ovx,0.0226481115606835,0.018690811693174793
66,09.05.2019,8,2019,True,har_ovx,0.02341499613721,0.017674852326409866
66,10.05.2019,8,2019,True,har_ovx,0.0236571450576002,0.017765284689421602
66,13.05.2019,8,2019,True,har_ovx,0.0237658322222658,0.017940538599183885
66,14.05.2019,8,2019,True,har_ovx,0.0237020837453528,0.018865574437317564
66,15.05.2019,8,2019,True,har_ovx,0.0238168435084226,0.017688295803359833
66,16.05.2019,8,2019,True,har_ovx,0.0237669115580825,0.016191703256503653
66,17.05.2019,8,2019,True,har_ovx,0.0237814975561354,0.01630218445123698
66,20.05.2019,8,2019,True,har_ovx,0.0237855081596268,0.016267228673435583
66,21.05.2019,8,2019,True,har_ovx,0.0237898771326651,0.015308608026337663
66,22.05.2019,8,2019,True,har_ovx,0.0237494361349871,0.014957911669932454
66,23.05.2019,8,2019,True,har_ovx,0.0231960936011516,0.015672771815120314
66,24.05.2019,8,2019,True,har_ovx,0.0232264143107858,0.01871055131236167
66,28.05.2019,8,2019,True,har_ovx,0.0231043304347352,0.018174959697906196
66,29.05.2019,8,2019,True,har_ovx,0.0231109207742991,0.01880591673907308
66,30.05.2019,8,2019,True,har_ovx,0.0230808262046337,0.01978610328643059
66,31.05.2019,8,2019,True,har_ovx,0.0232806632841186,0.021592989740593774
66,03.06.2019,8,2019,True,har_ovx,0.022427508967794,0.025308853387178233
66,04.06.2019,8,2019,True,har_ovx,0.0224162359687292,0.025371612383024107
66,05.06.2019,8,2019,True,har_ovx,0.0223453428093032,0.023464567278148017
66,06.06.2019,8,2019,True,har_ovx,0.0222540631758214,0.024414308460244692
66,07.06.2019,8,2019,True,har_ovx,0.022238567014214,0.022069300364893515
66,10.06.2019,8,2019,True,har_ovx,0.0221714376538144,0.021163951559706334
66,11.06.2019,8,2019,True,har_ovx,0.0221729744938234,0.021343159574450325
66,12.06.2019,8,2019,True,har_ovx,0.0274104563910271,0.02103033246376924
66,13.06.2019,8,2019,True,har_ovx,0.0285793260242579,0.0234621239519991
66,14.06.2019,8,2019,True,har_ovx,0.0286119878152896,0.022612089158779637
66,17.06.2019,8,2019,True,har_ovx,0.0285626908924927,0.02323436623726319
66,18.06.2019,8,2019,True,har_ovx,0.0284688320351761,0.02492373501000774
66,19.06.2019,8,2019,True,har_ovx,0.0284730083483953,0.02356006080673056
66,20.06.2019,8,2019,True,har_ovx,0.028194104197776,0.022177056108277693
66,21.06.2019,8,2019,True,har_ovx,0.0281863467626297,0.022850792119628986
66,24.06.2019,8,2019,True,har_ovx,0.0281908858155209,0.022876660016800516
66,25.06.2019,8,2019,True,har_ovx,0.0282313623795551,0.022276461972194617
66,26.06.2019,8,2019,True,har_ovx,0.0281699502012123,0.02187859242529239
66,27.06.2019,8,2019,True,har_ovx,0.0284126664518087,0.021094264448714692
66,28.06.2019,8,2019,True,har_ovx,0.0285048739018006,0.020669112137358864
66,01.07.2019,8,2019,True,har_ovx,0.0283910109463806,0.021459297899088077
66,02.07.2019,8,2019,True,har_ovx,0.0279917923886973,0.01973261619836441
66,03.07.2019,8,2019,True,har_ovx,0.0278373887121292,0.02078377799680196
66,05.07.2019,8,2019,True,har_ovx,0.0278205267846382,0.020130575721874454
66,08.07.2019,8,2019,True,har_ovx,0.0278226965289243,0.01900115883527256
66,09.07.2019,8,2019,True,har_ovx,0.0278805324922263,0.018606890744601444
66,10.07.2019,8,2019,True,har_ovx,0.0274947688988495,0.01672613085570787
66,11.07.2019,8,2019,True,har_ovx,0.027573402965484,0.017279014759021535
66,12.07.2019,8,2019,True,har_ovx,0.0275870540196539,0.016560361445359748
66,15.07.2019,8,2019,True,har_ovx,0.027635632310811,0.01679508346353737
66,16.07.2019,8,2019,True,har_ovx,0.0273897454252999,0.01702066161681373
66,17.07.2019,8,2019,True,har_ovx,0.0273775795749812,0.017807049560110973
66,18.07.2019,8,2019,True,har_ovx,0.0271905692221613,0.0191965180245214
66,19.07.2019,8,2019,True,har_ovx,0.0272147824040889,0.01835905787905507
66,22.07.2019,8,2019,True,har_ovx,0.0273410718822445,0.019095570610676578
66,23.07.2019,8,2019,True,har_ovx,0.0273368381583132,0.01849042165804434
66,24.07.2019,8,2019,True,har_ovx,0.0273199540534664,0.017786989548681367
66,25.07.2019,8,2019,True,har_ovx,0.0273296279561498,0.018105627961878885
66,26.07.2019,8,2019,True,har_ovx,0.0273291186881703,0.017628939446267967
66,29.07.2019,8,2019,True,har_ovx,0.027390316433048,0.017788632911325694
66,30.07.2019,8,2019,True,har_ovx,0.0273204481600764,0.017480183386209224
66,31.07.2019,8,2019,True,har_ovx,0.0274772068651877,0.016748248941591486
66,01.08.2019,8,2019,True,har_ovx,0.0259085487001791,0.017021506275289
66,02.08.2019,8,2019,True,har_ovx,0.0258093073251935,0.020265225503184974
66,05.08.2019,8,2019,True,har_ovx,0.0255707818508733,0.019504294107388263
66,06.08.2019,8,2019,True,har_ovx,0.0255204730299841,0.020335459753977592
66,07.08.2019,8,2019,True,har_ovx,0.0248092699010238,0.019923001454966758
66,08.08.2019,8,2019,True,har_ovx,0.0247130257741506,0.02096013797698649
66,09.08.2019,8,2019,True,har_ovx,0.0246056520307801,0.01975900633940645
66,12.08.2019,8,2019,True,har_ovx,0.0246107942867736,0.019345323236737537
66,13.08.2019,8,2019,True,har_ovx,0.0239719754234861,0.018881462909140737
66,14.08.2019,8,2019,True,har_ovx,0.0237464876658724,0.01852595528188069
66,15.08.2019,8,2019,True,har_ovx,0.023655898874946,0.019810751007081337
66,16.08.2019,8,2019,True,har_ovx,0.0238560805497587,0.019926439007764828
66,19.08.2019,8,2019,True,har_ovx,0.0239307058152547,0.019246586582726075
66,20.08.2019,8,2019,True,har_ovx,0.0241105335097595,0.018287423016390587
66,21.08.2019,8,2019,True,har_ovx,0.0241380221111664,0.017920655216297446
66,22.08.2019,8,2019,True,har_ovx,0.0241250719410128,0.017972332683069695
66,23.08.2019,8,2019,True,har_ovx,0.0241117095626365,0.018010761197214863
66,26.08.2019,8,2019,True,har_ovx,0.0240714601658914,0.01944493828779457
66,27.08.2019,8,2019,True,har_ovx,0.0242489334529297,0.019579837307514752
66,28.08.2019,8,2019,True,har_ovx,0.0243649819034753,0.018726074396424944
66,29.08.2019,8,2019,True,har_ovx,0.0243362253163437,0.018222072487697315
66,30.08.2019,8,2019,True,har_ovx,0.0246813755267212,0.017636304756664382
66,03.09.2019,8,2019,True,har_ovx,0.024247179460969,0.01780504853833611
66,04.09.2019,8,2019,True,har_ovx,0.0238043318799981,0.019733178614459182
66,05.09.2019,8,2019,True,har_ovx,0.0238038433239245,0.019162360379825747
66,06.09.2019,8,2019,True,har_ovx,0.0237783921577759,0.018353599966657207
66,09.09.2019,8,2019,True,har_ovx,0.0237242028037466,0.0182356487415458
66,10.09.2019,8,2019,True,har_ovx,0.0237363083588288,0.018315382458906345
66,11.09.2019,8,2019,True,har_ovx,0.0235857762449915,0.018423110817799033
66,12.09.2019,8,2019,True,har_ovx,0.0235638676993729,0.019239697376953628
66,13.09.2019,8,2019,True,har_ovx,0.0235931049171671,0.019429514803753788
66,16.09.2019,8,2019,True,har_ovx,0.0164943962700786,0.019345318758263848
66,17.09.2019,8,2019,True,har_ovx,0.0142748728887595,0.026854401376892587
66,18.09.2019,8,2019,True,har_ovx,0.0141706290571725,0.024568385737970436
66,19.09.2019,8,2019,True,har_ovx,0.0140983458817673,0.022001794937959392
66,20.09.2019,8,2019,True,har_ovx,0.0141678554348922,0.02235075994302704
66,23.09.2019,8,2019,True,har_ovx,0.0141958673921497,0.021190454301776306
66,24.09.2019,8,2019,True,har_ovx,0.0137969252862691,0.021466118850226392
66,25.09.2019,8,2019,True,har_ovx,0.0137125496200703,0.021503055084031233
66,26.09.2019,8,2019,True,har_ovx,0.0144646591129063,0.021227965680503738
66,27.09.2019,8,2019,True,har_ovx,0.0143612596857731,0.02076768082479862
66,30.09.2019,8,2019,True,har_ovx,0.0147435839989267,0.0215147166726073
66,01.10.2019,8,2019,True,har_ovx,0.0141418951265388,0.021484068610462953
66,02.10.2019,8,2019,True,har_ovx,0.0139268769474327,0.02161889095328674
66,03.10.2019,8,2019,True,har_ovx,0.0149819010389052,0.0219093889939359
66,04.10.2019,8,2019,True,har_ovx,0.0149391631014451,0.02218926656684755
66,07.10.2019,8,2019,True,har_ovx,0.0149672347423484,0.021678158864137195
66,08.10.2019,8,2019,True,har_ovx,0.0150563629081074,0.021660806133107616
66,09.10.2019,8,2019,True,har_ovx,0.0150609735370205,0.021734187637722637
66,10.10.2019,8,2019,True,har_ovx,0.0150296645526207,0.021000315963953745
66,11.10.2019,8,2019,True,har_ovx,0.0148067750234664,0.021837446857364353
66,14.10.2019,8,2019,True,har_ovx,0.0145892547349147,0.021954500309236825
66,15.10.2019,8,2019,True,har_ovx,0.0145321178703452,0.0218947913809557
66,16.10.2019,8,2019,True,har_ovx,0.0147488998757506,0.02136700066279083
66,17.10.2019,8,2019,True,har_ovx,0.0149154026317968,0.02137540675391332
66,18.10.2019,8,2019,True,har_ovx,0.0151346719171022,0.020462530819448963
66,21.10.2019,8,2019,True,har_ovx,0.0153702634502566,0.019834932284650036
66,22.10.2019,8,2019,True,har_ovx,0.0152975552140348,0.01995804927044624
66,23.10.2019,8,2019,True,har_ovx,0.0150061895679785,0.01940178876789
66,24.10.2019,8,2019,True,har_ovx,0.0152885013608433,0.019546505131732245
66,25.10.2019,8,2019,True,har_ovx,0.0152676230606584,0.0195950967461771
66,28.10.2019,8,2019,True,har_ovx,0.01722119121145,0.018923378520389358
66,29.10.2019,8,2019,True,har_ovx,0.0172414632231851,0.01943208219345749
66,30.10.2019,8,2019,True,har_ovx,0.0174470195946159,0.01938282108947711
66,31.10.2019,8,2019,True,har_ovx,0.0174472895480884,0.018802464904922836
66,01.11.2019,8,2019,True,har_ovx,0.0171766290229914,0.0195029536022118
66,04.11.2019,8,2019,True,har_ovx,0.0173201558479402,0.0188469218726143
66,05.11.2019,8,2019,True,har_ovx,0.0173275539225087,0.01938248979348494
66,06.11.2019,8,2019,True,har_ovx,0.0177091941328322,0.018476522362314597
66,07.11.2019,8,2019,True,har_ovx,0.0177180783553128,0.01824781047237823
66,08.11.2019,8,2019,True,har_ovx,0.0178581204314884,0.017287278470941483
66,11.11.2019,8,2019,True,har_ovx,0.0178834748520937,0.01725485009748774
66,12.11.2019,8,2019,True,har_ovx,0.0181367765479399,0.01865459218829326
66,13.11.2019,8,2019,True,har_ovx,0.0181294850924761,0.018396211851589586
66,14.11.2019,8,2019,True,har_ovx,0.0181997627237547,0.019151250978466802
66,15.11.2019,8,2019,True,har_ovx,0.0186410687127508,0.018522396248839456
66,18.11.2019,8,2019,True,har_ovx,0.0187901169512584,0.01782525457024616
66,19.11.2019,8,2019,True,har_ovx,0.0188549688911756,0.01844224859429128
66,20.11.2019,8,2019,True,har_ovx,0.0187533948569602,0.01813213981726935
66,21.11.2019,8,2019,True,har_ovx,0.0187813896515569,0.017732261943718845
66,22.11.2019,8,2019,True,har_ovx,0.0191390352627069,0.017430239084864796
66,25.11.2019,8,2019,True,har_ovx,0.0191205392815223,0.01773756840996557
66,26.11.2019,8,2019,True,har_ovx,0.0191004922347447,0.017468098151102146
66,27.11.2019,8,2019,True,har_ovx,0.0192443254175037,0.017209333834456934
66,29.11.2019,8,2019,True,har_ovx,0.0223988816552239,0.016948384470643736
66,02.12.2019,8,2019,True,har_ovx,0.0401241784354601,0.02009947612890426
66,03.12.2019,8,2019,True,har_ovx,0.0415750750698231,0.019189450960173632
66,04.12.2019,8,2019,True,har_ovx,0.0414089294469029,0.01909198472854573
66,05.12.2019,8,2019,True,har_ovx,0.0421515244438962,0.017844755954261084
66,06.12.2019,8,2019,True,har_ovx,0.04218238712395,0.01674225523834654
66,09.12.2019,8,2019,True,har_ovx,0.0442627699982039,0.01662179956916622
66,10.12.2019,8,2019,True,har_ovx,0.0444218031365557,0.01657023150275294
66,11.12.2019,8,2019,True,har_ovx,0.0472830853309683,0.015513051125659467
66,12.12.2019,8,2019,True,har_ovx,0.0506591623348271,0.015527561570424672
66,13.12.2019,8,2019,True,har_ovx,0.0507888104187526,0.015326606487525795
66,16.12.2019,8,2019,True,har_ovx,0.0507888721491509,0.015037367129620444
66,17.12.2019,8,2019,True,har_ovx,0.050742548015644,0.014821408563540212
66,18.12.2019,8,2019,True,har_ovx,0.050785611714088,0.014782989381584559
66,19.12.2019,8,2019,True,har_ovx,0.0508269148170131,0.014936578438682003
66,20.12.2019,8,2019,True,har_ovx,0.0510652452648957,0.01395367526845925
66,23.12.2019,8,2019,True,har_ovx,0.0518632046568396,0.014317519943033874
66,24.12.2019,8,2019,True,har_ovx,0.0517784794849497,0.014081977682245391
66,26.12.2019,8,2019,True,har_ovx,0.0531461950061344,0.014312684718610988
66,27.12.2019,8,2019,True,har_ovx,0.0588577291522032,0.013602273256937322
66,30.12.2019,8,2019,True,har_ovx,0.0614025776139869,0.014104233474059516
66,31.12.2019,8,2019,True,har_ovx,0.0613747934509396,0.014446496170724963
66,02.01.2019,8,2019,True,har_gpr,0.013892470311563,0.031030961637777906
66,03.01.2019,8,2019,True,har_gpr,0.0138296762482788,0.030120952354690197
66,04.01.2019,8,2019,True,har_gpr,0.0137678341606737,0.02819972901059618
66,07.01.2019,8,2019,True,har_gpr,0.0139083932198507,0.027194798411765978
66,08.01.2019,8,2019,True,har_gpr,0.0136933465399901,0.026597094986177006
66,09.01.2019,8,2019,True,har_gpr,0.0126662260458912,0.026959888431583978
66,10.01.2019,8,2019,True,har_gpr,0.0126816430135304,0.02857313381917997
66,11.01.2019,8,2019,True,har_gpr,0.0123917146422495,0.02758187266480513
66,14.01.2019,8,2019,True,har_gpr,0.0119075483698114,0.028666532254707704
66,15.01.2019,8,2019,True,har_gpr,0.0119323253328585,0.028901473656317067
66,16.01.2019,8,2019,True,har_gpr,0.0118965054623702,0.029199432206447495
66,17.01.2019,8,2019,True,har_gpr,0.0118816451334252,0.028188120410203146
66,18.01.2019,8,2019,True,har_gpr,0.0115932285505375,0.026450586267721198
66,22.01.2019,8,2019,True,har_gpr,0.0119733855554211,0.02715396229649924
66,23.01.2019,8,2019,True,har_gpr,0.0119389945321347,0.026457899151636103
66,24.01.2019,8,2019,True,har_gpr,0.0119719928283068,0.025859416674571627
66,25.01.2019,8,2019,True,har_gpr,0.012024088032112,0.02315767765479969
66,28.01.2019,8,2019,True,har_gpr,0.0117451576701185,0.020673339969505284
66,29.01.2019,8,2019,True,har_gpr,0.0114650871891092,0.018912955790923065
66,30.01.2019,8,2019,True,har_gpr,0.0114656185785852,0.01917775033869588
66,31.01.2019,8,2019,True,har_gpr,0.0117635025358951,0.018319941248852133
66,01.02.2019,8,2019,True,har_gpr,0.0117772352025941,0.018137684277159213
66,04.02.2019,8,2019,True,har_gpr,0.0117325356953848,0.01791313364414
66,05.02.2019,8,2019,True,har_gpr,0.0116626125794775,0.015912280125794064
66,06.02.2019,8,2019,True,har_gpr,0.0116385350531076,0.0158608201754283
66,07.02.2019,8,2019,True,har_gpr,0.0114991472506276,0.015746361522567597
66,08.02.2019,8,2019,True,har_gpr,0.0114978320936677,0.014906147015266862
66,11.02.2019,8,2019,True,har_gpr,0.0114623916349598,0.014719396188057007
66,12.02.2019,8,2019,True,har_gpr,0.0114035110435034,0.017565155472569052
66,13.02.2019,8,2019,True,har_gpr,0.0112302076078472,0.017311667317936662
66,14.02.2019,8,2019,True,har_gpr,0.0111111138344052,0.017184312041075792
66,15.02.2019,8,2019,True,har_gpr,0.0109242326543313,0.016877457780313142
66,19.02.2019,8,2019,True,har_gpr,0.0123929232436354,0.017758563828787707
66,20.02.2019,8,2019,True,har_gpr,0.0124511504623384,0.01575125647039934
66,21.02.2019,8,2019,True,har_gpr,0.0126942973081101,0.015454339038754972
66,22.02.2019,8,2019,True,har_gpr,0.0127553743061095,0.015210304053833106
66,25.02.2019,8,2019,True,har_gpr,0.0128478988111603,0.015240112589319274
66,26.02.2019,8,2019,True,har_gpr,0.013592176402476,0.017767030380762376
66,27.02.2019,8,2019,True,har_gpr,0.0147796168342536,0.016086725473638486
66,28.02.2019,8,2019,True,har_gpr,0.014848152692679,0.016346360463314558
66,01.03.2019,8,2019,True,har_gpr,0.0149764563452362,0.016084345725263315
66,04.03.2019,8,2019,True,har_gpr,0.0150894669844205,0.01667109763875245
66,05.03.2019,8,2019,True,har_gpr,0.0154421116871993,0.016471825381449177
66,06.03.2019,8,2019,True,har_gpr,0.0155529584393816,0.016231154571877997
66,07.03.2019,8,2019,True,har_gpr,0.0155378693557431,0.01584981275655285
66,08.03.2019,8,2019,True,har_gpr,0.0161685858519286,0.015854153330372104
66,11.03.2019,8,2019,True,har_gpr,0.0163351799719026,0.01551659285969834
66,12.03.2019,8,2019,True,har_gpr,0.0164059145352709,0.016093477860786055
66,13.03.2019,8,2019,True,har_gpr,0.0164292893441097,0.015605699201515841
66,14.03.2019,8,2019,True,har_gpr,0.0166268403528675,0.015985310363422704
66,15.03.2019,8,2019,True,har_gpr,0.0166340011937202,0.01563019995930668
66,18.03.2019,8,2019,True,har_gpr,0.017435408916528,0.015255229156721287
66,19.03.2019,8,2019,True,har_gpr,0.0174997273249219,0.016197503203222635
66,20.03.2019,8,2019,True,har_gpr,0.017425323229794,0.016066423155883924
66,21.03.2019,8,2019,True,har_gpr,0.0173981604229415,0.016488311293379403
66,22.03.2019,8,2019,True,har_gpr,0.0175540041907893,0.016603763238263597
66,25.03.2019,8,2019,True,har_gpr,0.0175509967758002,0.01701317426232584
66,26.03.2019,8,2019,True,har_gpr,0.0174931729598207,0.012627492875384498
66,27.03.2019,8,2019,True,har_gpr,0.0177068528494189,0.013052832362820899
66,28.03.2019,8,2019,True,har_gpr,0.0184154767865588,0.012251009070507336
66,29.03.2019,8,2019,True,har_gpr,0.0186103114450396,0.01206391259760764
66,01.04.2019,8,2019,True,har_gpr,0.0185912734005169,0.011687255535663021
66,02.04.2019,8,2019,True,har_gpr,0.018574832308317,0.012153378620233034
66,03.04.2019,8,2019,True,har_gpr,0.0185763847213386,0.011997070846438841
66,04.04.2019,8,2019,True,har_gpr,0.0193705956622401,0.011875355868785482
66,05.04.2019,8,2019,True,har_gpr,0.0193086388609295,0.01185884513592719
66,08.04.2019,8,2019,True,har_gpr,0.019260576447215,0.012260948734139611
66,09.04.2019,8,2019,True,har_gpr,0.0192491412914236,0.012946472673380845
66,10.04.2019,8,2019,True,har_gpr,0.0195226167487621,0.013175667506581484
66,11.04.2019,8,2019,True,har_gpr,0.0195079589756425,0.013595560301841152
66,12.04.2019,8,2019,True,har_gpr,0.0197093983454094,0.014048212228094967
66,15.04.2019,8,2019,True,har_gpr,0.0197508231938422,0.014004815670083413
66,16.04.2019,8,2019,True,har_gpr,0.0197975952600303,0.013302685991643514
66,17.04.2019,8,2019,True,har_gpr,0.0198427372370741,0.013372568200726577
66,18.04.2019,8,2019,True,har_gpr,0.0198523544273471,0.012895680231733571
66,22.04.2019,8,2019,True,har_gpr,0.0194999604045137,0.012563166621584528
66,23.04.2019,8,2019,True,har_gpr,0.0194747674346812,0.014596049989614439
66,24.04.2019,8,2019,True,har_gpr,0.0194865632432494,0.013867286086128375
66,25.04.2019,8,2019,True,har_gpr,0.0196134519443691,0.01371942975338012
66,26.04.2019,8,2019,True,har_gpr,0.0193292097727786,0.013819264289412873
66,29.04.2019,8,2019,True,har_gpr,0.0213060968724697,0.016658486155854364
66,30.04.2019,8,2019,True,har_gpr,0.0214744825820396,0.014351372042072272
66,01.05.2019,8,2019,True,har_gpr,0.0218154547527133,0.014686204156869354
66,02.05.2019,8,2019,True,har_gpr,0.0217605109266602,0.014744156618840569
66,03.05.2019,8,2019,True,har_gpr,0.0224254003441217,0.01562962483304523
66,06.05.2019,8,2019,True,har_gpr,0.0225893759275885,0.01483134165382826
66,07.05.2019,8,2019,True,har_gpr,0.0226762244860814,0.014892770350787697
66,08.05.2019,8,2019,True,har_gpr,0.0226481115606835,0.015507452387878545
66,09.05.2019,8,2019,True,har_gpr,0.02341499613721,0.015303974348160844
66,10.05.2019,8,2019,True,har_gpr,0.0236571450576002,0.014645402190990748
66,13.05.2019,8,2019,True,har_gpr,0.0237658322222658,0.014590625171650612
66,14.05.2019,8,2019,True,har_gpr,0.0237020837453528,0.013659684378412626
66,15.05.2019,8,2019,True,har_gpr,0.0238168435084226,0.013931512711703627
66,16.05.2019,8,2019,True,har_gpr,0.0237669115580825,0.013742955837226078
66,17.05.2019,8,2019,True,har_gpr,0.0237814975561354,0.014025188848499435
66,20.05.2019,8,2019,True,har_gpr,0.0237855081596268,0.013986193668686763
66,21.05.2019,8,2019,True,har_gpr,0.0237898771326651,0.01368401995411132
66,22.05.2019,8,2019,True,har_gpr,0.0237494361349871,0.013508797245387564
66,23.05.2019,8,2019,True,har_gpr,0.0231960936011516,0.01435396423887849
66,24.05.2019,8,2019,True,har_gpr,0.0232264143107858,0.017713883188919068
66,28.05.2019,8,2019,True,har_gpr,0.0231043304347352,0.01665694082022279
66,29.05.2019,8,2019,True,har_gpr,0.0231109207742991,0.016952679105928303
66,30.05.2019,8,2019,True,har_gpr,0.0230808262046337,0.016538060376909035
66,31.05.2019,8,2019,True,har_gpr,0.0232806632841186,0.01856090463431326
66,03.06.2019,8,2019,True,har_gpr,0.022427508967794,0.018952278397394193
66,04.06.2019,8,2019,True,har_gpr,0.0224162359687292,0.02197180975254877
66,05.06.2019,8,2019,True,har_gpr,0.0223453428093032,0.020766944035452456
66,06.06.2019,8,2019,True,har_gpr,0.0222540631758214,0.021021969307364337
66,07.06.2019,8,2019,True,har_gpr,0.022238567014214,0.021515578462262333
66,10.06.2019,8,2019,True,har_gpr,0.0221714376538144,0.02253970071996745
66,11.06.2019,8,2019,True,har_gpr,0.0221729744938234,0.02155888516676417
66,12.06.2019,8,2019,True,har_gpr,0.0274104563910271,0.02111239078898974
66,13.06.2019,8,2019,True,har_gpr,0.0285793260242579,0.02278189193512498
66,14.06.2019,8,2019,True,har_gpr,0.0286119878152896,0.022812271840973317
66,17.06.2019,8,2019,True,har_gpr,0.0285626908924927,0.02230418602366754
66,18.06.2019,8,2019,True,har_gpr,0.0284688320351761,0.02111847883349545
66,19.06.2019,8,2019,True,har_gpr,0.0284730083483953,0.021749937551986474
66,20.06.2019,8,2019,True,har_gpr,0.028194104197776,0.020687654102802155
66,21.06.2019,8,2019,True,har_gpr,0.0281863467626297,0.02326680081468595
66,24.06.2019,8,2019,True,har_gpr,0.0281908858155209,0.02155832173530322
66,25.06.2019,8,2019,True,har_gpr,0.0282313623795551,0.019914260076959782
66,26.06.2019,8,2019,True,har_gpr,0.0281699502012123,0.019548172999649158
66,27.06.2019,8,2019,True,har_gpr,0.0284126664518087,0.020313252709318864
66,28.06.2019,8,2019,True,har_gpr,0.0285048739018006,0.01846464409503394
66,01.07.2019,8,2019,True,har_gpr,0.0283910109463806,0.017599336780915763
66,02.07.2019,8,2019,True,har_gpr,0.0279917923886973,0.01842489212088073
66,03.07.2019,8,2019,True,har_gpr,0.0278373887121292,0.02074048217279641
66,05.07.2019,8,2019,True,har_gpr,0.0278205267846382,0.02015725551876885
66,08.07.2019,8,2019,True,har_gpr,0.0278226965289243,0.01962416878866486
66,09.07.2019,8,2019,True,har_gpr,0.0278805324922263,0.019881174599141127
66,10.07.2019,8,2019,True,har_gpr,0.0274947688988495,0.019561820932675302
66,11.07.2019,8,2019,True,har_gpr,0.027573402965484,0.021516957351044995
66,12.07.2019,8,2019,True,har_gpr,0.0275870540196539,0.019520914543256027
66,15.07.2019,8,2019,True,har_gpr,0.027635632310811,0.019200887217498585
66,16.07.2019,8,2019,True,har_gpr,0.0273897454252999,0.019611000768251736
66,17.07.2019,8,2019,True,har_gpr,0.0273775795749812,0.021444897649708014
66,18.07.2019,8,2019,True,har_gpr,0.0271905692221613,0.01982698066821696
66,19.07.2019,8,2019,True,har_gpr,0.0272147824040889,0.020911214912318378
66,22.07.2019,8,2019,True,har_gpr,0.0273410718822445,0.019342297977632362
66,23.07.2019,8,2019,True,har_gpr,0.0273368381583132,0.01883352246987311
66,24.07.2019,8,2019,True,har_gpr,0.0273199540534664,0.018577536962254722
66,25.07.2019,8,2019,True,har_gpr,0.0273296279561498,0.01865495045137773
66,26.07.2019,8,2019,True,har_gpr,0.0273291186881703,0.017541912821432543
66,29.07.2019,8,2019,True,har_gpr,0.027390316433048,0.017467965391009633
66,30.07.2019,8,2019,True,har_gpr,0.0273204481600764,0.017833141491831635
66,31.07.2019,8,2019,True,har_gpr,0.0274772068651877,0.018170679897856947
66,01.08.2019,8,2019,True,har_gpr,0.0259085487001791,0.016270044172445725
66,02.08.2019,8,2019,True,har_gpr,0.0258093073251935,0.023734889503739046
66,05.08.2019,8,2019,True,har_gpr,0.0255707818508733,0.022821633937001713
66,06.08.2019,8,2019,True,har_gpr,0.0255204730299841,0.024892609937917632
66,07.08.2019,8,2019,True,har_gpr,0.0248092699010238,0.024203360031775572
66,08.08.2019,8,2019,True,har_gpr,0.0247130257741506,0.024506327169359503
66,09.08.2019,8,2019,True,har_gpr,0.0246056520307801,0.023912102267469464
66,12.08.2019,8,2019,True,har_gpr,0.0246107942867736,0.024201264700948476
66,13.08.2019,8,2019,True,har_gpr,0.0239719754234861,0.022309486805879023
66,14.08.2019,8,2019,True,har_gpr,0.0237464876658724,0.024888936744969555
66,15.08.2019,8,2019,True,har_gpr,0.023655898874946,0.024386598918798925
66,16.08.2019,8,2019,True,har_gpr,0.0238560805497587,0.0241804242439942
66,19.08.2019,8,2019,True,har_gpr,0.0239307058152547,0.023687446041607774
66,20.08.2019,8,2019,True,har_gpr,0.0241105335097595,0.024011545833217286
66,21.08.2019,8,2019,True,har_gpr,0.0241380221111664,0.02293021964381021
66,22.08.2019,8,2019,True,har_gpr,0.0241250719410128,0.022526531987903383
66,23.08.2019,8,2019,True,har_gpr,0.0241117095626365,0.02219063511204294
66,26.08.2019,8,2019,True,har_gpr,0.0240714601658914,0.022446533330999836
66,27.08.2019,8,2019,True,har_gpr,0.0242489334529297,0.022839146722362327
66,28.08.2019,8,2019,True,har_gpr,0.0243649819034753,0.023069110516322787
66,29.08.2019,8,2019,True,har_gpr,0.0243362253163437,0.02347011129696701
66,30.08.2019,8,2019,True,har_gpr,0.0246813755267212,0.020376972284874104
66,03.09.2019,8,2019,True,har_gpr,0.024247179460969,0.02015035686584666
66,04.09.2019,8,2019,True,har_gpr,0.0238043318799981,0.0218408968070408
66,05.09.2019,8,2019,True,har_gpr,0.0238038433239245,0.023316265642343362
66,06.09.2019,8,2019,True,har_gpr,0.0237783921577759,0.02067906239282504
66,09.09.2019,8,2019,True,har_gpr,0.0237242028037466,0.020669425334778883
66,10.09.2019,8,2019,True,har_gpr,0.0237363083588288,0.021474495173112843
66,11.09.2019,8,2019,True,har_gpr,0.0235857762449915,0.020394826338902584
66,12.09.2019,8,2019,True,har_gpr,0.0235638676993729,0.0200732723674409
66,13.09.2019,8,2019,True,har_gpr,0.0235931049171671,0.01890468020696595
66,16.09.2019,8,2019,True,har_gpr,0.0164943962700786,0.01829743012932597
66,17.09.2019,8,2019,True,har_gpr,0.0142748728887595,0.033169388336001096
66,18.09.2019,8,2019,True,har_gpr,0.0141706290571725,0.03396697098927681
66,19.09.2019,8,2019,True,har_gpr,0.0140983458817673,0.032586998102804146
66,20.09.2019,8,2019,True,har_gpr,0.0141678554348922,0.032519577284117
66,23.09.2019,8,2019,True,har_gpr,0.0141958673921497,0.03219935626918169
66,24.09.2019,8,2019,True,har_gpr,0.0137969252862691,0.030392587210406427
66,25.09.2019,8,2019,True,har_gpr,0.0137125496200703,0.030095988356075035
66,26.09.2019,8,2019,True,har_gpr,0.0144646591129063,0.02968792180110723
66,27.09.2019,8,2019,True,har_gpr,0.0143612596857731,0.029355880138147248
66,30.09.2019,8,2019,True,har_gpr,0.0147435839989267,0.02963637884417406
66,01.10.2019,8,2019,True,har_gpr,0.0141418951265388,0.02929823362335896
66,02.10.2019,8,2019,True,har_gpr,0.0139268769474327,0.029647794366676833
66,03.10.2019,8,2019,True,har_gpr,0.0149819010389052,0.02884869812379371
66,04.10.2019,8,2019,True,har_gpr,0.0149391631014451,0.028146565191396536
66,07.10.2019,8,2019,True,har_gpr,0.0149672347423484,0.028839164698311985
66,08.10.2019,8,2019,True,har_gpr,0.0150563629081074,0.028804101998966165
66,09.10.2019,8,2019,True,har_gpr,0.0150609735370205,0.02845924907576375
66,10.10.2019,8,2019,True,har_gpr,0.0150296645526207,0.02784573973116255
66,11.10.2019,8,2019,True,har_gpr,0.0148067750234664,0.02836175359947029
66,14.10.2019,8,2019,True,har_gpr,0.0145892547349147,0.029116027107361518
66,15.10.2019,8,2019,True,har_gpr,0.0145321178703452,0.019920033372773926
66,16.10.2019,8,2019,True,har_gpr,0.0147488998757506,0.015924332479958295
66,17.10.2019,8,2019,True,har_gpr,0.0149154026317968,0.016112351495443655
66,18.10.2019,8,2019,True,har_gpr,0.0151346719171022,0.015872697416491124
66,21.10.2019,8,2019,True,har_gpr,0.0153702634502566,0.015608631967057932
66,22.10.2019,8,2019,True,har_gpr,0.0152975552140348,0.015853877617916973
66,23.10.2019,8,2019,True,har_gpr,0.0150061895679785,0.01575187342973747
66,24.10.2019,8,2019,True,har_gpr,0.0152885013608433,0.016887648110318152
66,25.10.2019,8,2019,True,har_gpr,0.0152676230606584,0.016478277383917928
66,28.10.2019,8,2019,True,har_gpr,0.01722119121145,0.01613691163633291
66,29.10.2019,8,2019,True,har_gpr,0.0172414632231851,0.01607037474888463
66,30.10.2019,8,2019,True,har_gpr,0.0174470195946159,0.014748546918340422
66,31.10.2019,8,2019,True,har_gpr,0.0174472895480884,0.014843627877877796
66,01.11.2019,8,2019,True,har_gpr,0.0171766290229914,0.014547220054170914
66,04.11.2019,8,2019,True,har_gpr,0.0173201558479402,0.015921514603089937
66,05.11.2019,8,2019,True,har_gpr,0.0173275539225087,0.015047323067259866
66,06.11.2019,8,2019,True,har_gpr,0.0177091941328322,0.015339820598920143
66,07.11.2019,8,2019,True,har_gpr,0.0177180783553128,0.016135117536662247
66,08.11.2019,8,2019,True,har_gpr,0.0178581204314884,0.015706873365166702
66,11.11.2019,8,2019,True,har_gpr,0.0178834748520937,0.014869649190739832
66,12.11.2019,8,2019,True,har_gpr,0.0181367765479399,0.01447515570609589
66,13.11.2019,8,2019,True,har_gpr,0.0181294850924761,0.014406113074425792
66,14.11.2019,8,2019,True,har_gpr,0.0181997627237547,0.014064365196524528
66,15.11.2019,8,2019,True,har_gpr,0.0186410687127508,0.013845496214084646
66,18.11.2019,8,2019,True,har_gpr,0.0187901169512584,0.014622921864117726
66,19.11.2019,8,2019,True,har_gpr,0.0188549688911756,0.014169282504845164
66,20.11.2019,8,2019,True,har_gpr,0.0187533948569602,0.015475943462015692
66,21.11.2019,8,2019,True,har_gpr,0.0187813896515569,0.01573485659457383
66,22.11.2019,8,2019,True,har_gpr,0.0191390352627069,0.01644559504472102
66,25.11.2019,8,2019,True,har_gpr,0.0191205392815223,0.01609028676330026
66,26.11.2019,8,2019,True,har_gpr,0.0191004922347447,0.017014010177066177
66,27.11.2019,8,2019,True,har_gpr,0.0192443254175037,0.01675543161388978
66,29.11.2019,8,2019,True,har_gpr,0.0223988816552239,0.016190628564565088
66,02.12.2019,8,2019,True,har_gpr,0.0401241784354601,0.017543031091666834
66,03.12.2019,8,2019,True,har_gpr,0.0415750750698231,0.016857725410536574
66,04.12.2019,8,2019,True,har_gpr,0.0414089294469029,0.01611269437663097
66,05.12.2019,8,2019,True,har_gpr,0.0421515244438962,0.018594399649200226
66,06.12.2019,8,2019,True,har_gpr,0.04218238712395,0.017501209376883386
66,09.12.2019,8,2019,True,har_gpr,0.0442627699982039,0.01768237893872381
66,10.12.2019,8,2019,True,har_gpr,0.0444218031365557,0.017254467056241504
66,11.12.2019,8,2019,True,har_gpr,0.0472830853309683,0.017157173596659584
66,12.12.2019,8,2019,True,har_gpr,0.0506591623348271,0.017119411476949533
66,13.12.2019,8,2019,True,har_gpr,0.0507888104187526,0.017090167612754396
66,16.12.2019,8,2019,True,har_gpr,0.0507888721491509,0.017471759084434522
66,17.12.2019,8,2019,True,har_gpr,0.050742548015644,0.01688037585785178
66,18.12.2019,8,2019,True,har_gpr,0.050785611714088,0.01704468367005068
66,19.12.2019,8,2019,True,har_gpr,0.0508269148170131,0.015811648134434985
66,20.12.2019,8,2019,True,har_gpr,0.0510652452648957,0.015543719308613632
66,23.12.2019,8,2019,True,har_gpr,0.0518632046568396,0.015130120653057503
66,24.12.2019,8,2019,True,har_gpr,0.0517784794849497,0.015352672667312233
66,26.12.2019,8,2019,True,har_gpr,0.0531461950061344,0.01568909658712366
66,27.12.2019,8,2019,True,har_gpr,0.0588577291522032,0.015699935549813138
66,30.12.2019,8,2019,True,har_gpr,0.0614025776139869,0.015465946555181612
66,31.12.2019,8,2019,True,har_gpr,0.0613747934509396,0.015569157788107593
66,02.01.2019,8,2019,True,har_x,0.013892470311563,0.027657751315768926
66,03.01.2019,8,2019,True,har_x,0.0138296762482788,0.029069829711183395
66,04.01.2019,8,2019,True,har_x,0.0137678341606737,0.028488262296241917
66,07.01.2019,8,2019,True,har_x,0.0139083932198507,0.02751673383498455
66,08.01.2019,8,2019,True,har_x,0.0136933465399901,0.026919561109944166
66,09.01.2019,8,2019,True,har_x,0.0126662260458912,0.024859753596206884
66,10.01.2019,8,2019,True,har_x,0.0126816430135304,0.024127370056058705
66,11.01.2019,8,2019,True,har_x,0.0123917146422495,0.023172222965270495
66,14.01.2019,8,2019,True,har_x,0.0119075483698114,0.02225112062558178
66,15.01.2019,8,2019,True,har_x,0.0119323253328585,0.022130642142941314
66,16.01.2019,8,2019,True,har_x,0.0118965054623702,0.021618412495767236
66,17.01.2019,8,2019,True,har_x,0.0118816451334252,0.02104310092907907
66,18.01.2019,8,2019,True,har_x,0.0115932285505375,0.020064744337419445
66,22.01.2019,8,2019,True,har_x,0.0119733855554211,0.01950404709203329
66,23.01.2019,8,2019,True,har_x,0.0119389945321347,0.021141174052800853
66,24.01.2019,8,2019,True,har_x,0.0119719928283068,0.020775300540621572
66,25.01.2019,8,2019,True,har_x,0.012024088032112,0.02019248967666316
66,28.01.2019,8,2019,True,har_x,0.0117451576701185,0.019379602361407854
66,29.01.2019,8,2019,True,har_x,0.0114650871891092,0.02020189830394503
66,30.01.2019,8,2019,True,har_x,0.0114656185785852,0.01992132239225825
66,31.01.2019,8,2019,True,har_x,0.0117635025358951,0.019024801274848936
66,01.02.2019,8,2019,True,har_x,0.0117772352025941,0.018699230715687572
66,04.02.2019,8,2019,True,har_x,0.0117325356953848,0.01788454148985453
66,05.02.2019,8,2019,True,har_x,0.0116626125794775,0.01813529232532227
66,06.02.2019,8,2019,True,har_x,0.0116385350531076,0.01857057622383588
66,07.02.2019,8,2019,True,har_x,0.0114991472506276,0.01779745698252701
66,08.02.2019,8,2019,True,har_x,0.0114978320936677,0.018446181978986915
66,11.02.2019,8,2019,True,har_x,0.0114623916349598,0.017490937965166254
66,12.02.2019,8,2019,True,har_x,0.0114035110435034,0.018342968038847666
66,13.02.2019,8,2019,True,har_x,0.0112302076078472,0.018027249924685393
66,14.02.2019,8,2019,True,har_x,0.0111111138344052,0.017821773194328903
66,15.02.2019,8,2019,True,har_x,0.0109242326543313,0.017730384795711582
66,19.02.2019,8,2019,True,har_x,0.0123929232436354,0.01647889647596945
66,20.02.2019,8,2019,True,har_x,0.0124511504623384,0.017218358760026996
66,21.02.2019,8,2019,True,har_x,0.0126942973081101,0.017120687835225322
66,22.02.2019,8,2019,True,har_x,0.0127553743061095,0.01675348507635004
66,25.02.2019,8,2019,True,har_x,0.0128478988111603,0.016599627273983397
66,26.02.2019,8,2019,True,har_x,0.013592176402476,0.0181180911006375
66,27.02.2019,8,2019,True,har_x,0.0147796168342536,0.01734252533071346
66,28.02.2019,8,2019,True,har_x,0.014848152692679,0.017119993211869685
66,01.03.2019,8,2019,True,har_x,0.0149764563452362,0.016671780245293623
66,04.03.2019,8,2019,True,har_x,0.0150894669844205,0.016758434737719385
66,05.03.2019,8,2019,True,har_x,0.0154421116871993,0.016351482610495384
66,06.03.2019,8,2019,True,har_x,0.0155529584393816,0.016104479704308356
66,07.03.2019,8,2019,True,har_x,0.0155378693557431,0.016053469496498537
66,08.03.2019,8,2019,True,har_x,0.0161685858519286,0.01644076523336543
66,11.03.2019,8,2019,True,har_x,0.0163351799719026,0.01613048855688749
66,12.03.2019,8,2019,True,har_x,0.0164059145352709,0.01584745939500435
66,13.03.2019,8,2019,True,har_x,0.0164292893441097,0.015458525316704096
66,14.03.2019,8,2019,True,har_x,0.0166268403528675,0.015311604582012391
66,15.03.2019,8,2019,True,har_x,0.0166340011937202,0.014792826168106047
66,18.03.2019,8,2019,True,har_x,0.017435408916528,0.014290901301935137
66,19.03.2019,8,2019,True,har_x,0.0174997273249219,0.015115864063613793
66,20.03.2019,8,2019,True,har_x,0.017425323229794,0.016072686953850623
66,21.03.2019,8,2019,True,har_x,0.0173981604229415,0.015532556066113222
66,22.03.2019,8,2019,True,har_x,0.0175540041907893,0.015474363477012627
66,25.03.2019,8,2019,True,har_x,0.0175509967758002,0.015814800417377317
66,26.03.2019,8,2019,True,har_x,0.0174931729598207,0.015567277985179479
66,27.03.2019,8,2019,True,har_x,0.0177068528494189,0.014916169661392453
66,28.03.2019,8,2019,True,har_x,0.0184154767865588,0.014946495803146082
66,29.03.2019,8,2019,True,har_x,0.0186103114450396,0.01514090897625484
66,01.04.2019,8,2019,True,har_x,0.0185912734005169,0.014296268525319811
66,02.04.2019,8,2019,True,har_x,0.018574832308317,0.014260446747191792
66,03.04.2019,8,2019,True,har_x,0.0185763847213386,0.014264533653906307
66,04.04.2019,8,2019,True,har_x,0.0193705956622401,0.013881684630377807
66,05.04.2019,8,2019,True,har_x,0.0193086388609295,0.013708890975957275
66,08.04.2019,8,2019,True,har_x,0.019260576447215,0.013166860813849574
66,09.04.2019,8,2019,True,har_x,0.0192491412914236,0.013760581238349816
66,10.04.2019,8,2019,True,har_x,0.0195226167487621,0.013902241083860484
66,11.04.2019,8,2019,True,har_x,0.0195079589756425,0.013968547933219036
66,12.04.2019,8,2019,True,har_x,0.0197093983454094,0.014463117204633148
66,15.04.2019,8,2019,True,har_x,0.0197508231938422,0.014450648400090818
66,16.04.2019,8,2019,True,har_x,0.0197975952600303,0.013876974433059977
66,17.04.2019,8,2019,True,har_x,0.0198427372370741,0.013924150483362343
66,18.04.2019,8,2019,True,har_x,0.0198523544273471,0.013695465680194899
66,22.04.2019,8,2019,True,har_x,0.0194999604045137,0.013345291368330904
66,23.04.2019,8,2019,True,har_x,0.0194747674346812,0.0146798830166861
66,24.04.2019,8,2019,True,har_x,0.0194865632432494,0.014792295458775705
66,25.04.2019,8,2019,True,har_x,0.0196134519443691,0.014110877855428512
66,26.04.2019,8,2019,True,har_x,0.0193292097727786,0.014270086040164177
66,29.04.2019,8,2019,True,har_x,0.0213060968724697,0.017318790423932556
66,30.04.2019,8,2019,True,har_x,0.0214744825820396,0.01554712026979015
66,01.05.2019,8,2019,True,har_x,0.0218154547527133,0.015737622516688386
66,02.05.2019,8,2019,True,har_x,0.0217605109266602,0.01578055440565278
66,03.05.2019,8,2019,True,har_x,0.0224254003441217,0.016409880035464113
66,06.05.2019,8,2019,True,har_x,0.0225893759275885,0.015997426920312936
66,07.05.2019,8,2019,True,har_x,0.0226762244860814,0.01696289975865582
66,08.05.2019,8,2019,True,har_x,0.0226481115606835,0.018649142315393906
66,09.05.2019,8,2019,True,har_x,0.02341499613721,0.017642118860260236
66,10.05.2019,8,2019,True,har_x,0.0236571450576002,0.01772407127951763
66,13.05.2019,8,2019,True,har_x,0.0237658322222658,0.017898725255732533
66,14.05.2019,8,2019,True,har_x,0.0237020837453528,0.018520238444422042
66,15.05.2019,8,2019,True,har_x,0.0238168435084226,0.0173469924205839
66,16.05.2019,8,2019,True,har_x,0.0237669115580825,0.015859864302234735
66,17.05.2019,8,2019,True,har_x,0.0237814975561354,0.01597130363811213
66,20.05.2019,8,2019,True,har_x,0.0237855081596268,0.015939179538149648
66,21.05.2019,8,2019,True,har_x,0.0237898771326651,0.015048332006441624
66,22.05.2019,8,2019,True,har_x,0.0237494361349871,0.014696294231683353
66,23.05.2019,8,2019,True,har_x,0.0231960936011516,0.015415982901677132
66,24.05.2019,8,2019,True,har_x,0.0232264143107858,0.01845995188811833
66,28.05.2019,8,2019,True,har_x,0.0231043304347352,0.017929481845601662
66,29.05.2019,8,2019,True,har_x,0.0231109207742991,0.01865894733840532
66,30.05.2019,8,2019,True,har_x,0.0230808262046337,0.019629283425841287
66,31.05.2019,8,2019,True,har_x,0.0232806632841186,0.021436957553380837
66,03.06.2019,8,2019,True,har_x,0.022427508967794,0.025121036458856747
66,04.06.2019,8,2019,True,har_x,0.0224162359687292,0.025414310240309212
66,05.06.2019,8,2019,True,har_x,0.0223453428093032,0.023506315861785632
66,06.06.2019,8,2019,True,har_x,0.0222540631758214,0.024448489605203228
66,07.06.2019,8,2019,True,har_x,0.022238567014214,0.022132106200145947
66,10.06.2019,8,2019,True,har_x,0.0221714376538144,0.021240889877069725
66,11.06.2019,8,2019,True,har_x,0.0221729744938234,0.02094401618634544
66,12.06.2019,8,2019,True,har_x,0.0274104563910271,0.020629551671470642
66,13.06.2019,8,2019,True,har_x,0.0285793260242579,0.023062444716689355
66,14.06.2019,8,2019,True,har_x,0.0286119878152896,0.022218346657319383
66,17.06.2019,8,2019,True,har_x,0.0285626908924927,0.02282756694460405
66,18.06.2019,8,2019,True,har_x,0.0284688320351761,0.024496528357373624
66,19.06.2019,8,2019,True,har_x,0.0284730083483953,0.023148615598709493
66,20.06.2019,8,2019,True,har_x,0.028194104197776,0.021752611644240118
66,21.06.2019,8,2019,True,har_x,0.0281863467626297,0.02244251705216898
66,24.06.2019,8,2019,True,har_x,0.0281908858155209,0.022461599424554297
66,25.06.2019,8,2019,True,har_x,0.0282313623795551,0.02178623356702377
66,26.06.2019,8,2019,True,har_x,0.0281699502012123,0.021390184927625074
66,27.06.2019,8,2019,True,har_x,0.0284126664518087,0.02061254885675861
66,28.06.2019,8,2019,True,har_x,0.0285048739018006,0.020168970131724
66,01.07.2019,8,2019,True,har_x,0.0283910109463806,0.020951965148507397
66,02.07.2019,8,2019,True,har_x,0.0279917923886973,0.019306715364594964
66,03.07.2019,8,2019,True,har_x,0.0278373887121292,0.020374257797436148
66,05.07.2019,8,2019,True,har_x,0.0278205267846382,0.01972253063505889
66,08.07.2019,8,2019,True,har_x,0.0278226965289243,0.018599389103972963
66,09.07.2019,8,2019,True,har_x,0.0278805324922263,0.018085453482917888
66,10.07.2019,8,2019,True,har_x,0.0274947688988495,0.016214540114406137
66,11.07.2019,8,2019,True,har_x,0.027573402965484,0.016762098002625007
66,12.07.2019,8,2019,True,har_x,0.0275870540196539,0.01604360727393956
66,15.07.2019,8,2019,True,har_x,0.027635632310811,0.016275897280687988
66,16.07.2019,8,2019,True,har_x,0.0273897454252999,0.016479714789139937
66,17.07.2019,8,2019,True,har_x,0.0273775795749812,0.017281450769083048
66,18.07.2019,8,2019,True,har_x,0.0271905692221613,0.01862657513803579
66,19.07.2019,8,2019,True,har_x,0.0272147824040889,0.01780269159657477
66,22.07.2019,8,2019,True,har_x,0.0273410718822445,0.018532760439084188
66,23.07.2019,8,2019,True,har_x,0.0273368381583132,0.01867905283962292
66,24.07.2019,8,2019,True,har_x,0.0273199540534664,0.017972820397929985
66,25.07.2019,8,2019,True,har_x,0.0273296279561498,0.018289337913814426
66,26.07.2019,8,2019,True,har_x,0.0273291186881703,0.017796632682674847
66,29.07.2019,8,2019,True,har_x,0.027390316433048,0.017954335759671914
66,30.07.2019,8,2019,True,har_x,0.0273204481600764,0.017415666216458518
66,31.07.2019,8,2019,True,har_x,0.0274772068651877,0.01669547874873833
66,01.08.2019,8,2019,True,har_x,0.0259085487001791,0.01695565426713792
66,02.08.2019,8,2019,True,har_x,0.0258093073251935,0.020260739496293315
66,05.08.2019,8,2019,True,har_x,0.0255707818508733,0.019502193035171214
66,06.08.2019,8,2019,True,har_x,0.0255204730299841,0.020458782801632533
66,07.08.2019,8,2019,True,har_x,0.0248092699010238,0.02003900714913994
66,08.08.2019,8,2019,True,har_x,0.0247130257741506,0.021070795681184508
66,09.08.2019,8,2019,True,har_x,0.0246056520307801,0.019863349485441932
66,12.08.2019,8,2019,True,har_x,0.0246107942867736,0.019451380625903132
66,13.08.2019,8,2019,True,har_x,0.0239719754234861,0.01890079993084012
66,14.08.2019,8,2019,True,har_x,0.0237464876658724,0.018571349358536934
66,15.08.2019,8,2019,True,har_x,0.023655898874946,0.019830605901114205
66,16.08.2019,8,2019,True,har_x,0.0238560805497587,0.019949489906734008
66,19.08.2019,8,2019,True,har_x,0.0239307058152547,0.019269142101443575
66,20.08.2019,8,2019,True,har_x,0.0241105335097595,0.018116748675633194
66,21.08.2019,8,2019,True,har_x,0.0241380221111664,0.017728178303393856
66,22.08.2019,8,2019,True,har_x,0.0241250719410128,0.01776647821801222
66,23.08.2019,8,2019,True,har_x,0.0241117095626365,0.01779251784612094
66,26.08.2019,8,2019,True,har_x,0.0240714601658914,0.019222076423642015
66,27.08.2019,8,2019,True,har_x,0.0242489334529297,0.01949361809673429
66,28.08.2019,8,2019,True,har_x,0.0243649819034753,0.01865266114905769
66,29.08.2019,8,2019,True,har_x,0.0243362253163437,0.018158825899252017
66,30.08.2019,8,2019,True,har_x,0.0246813755267212,0.017571779166980737
66,03.09.2019,8,2019,True,har_x,0.024247179460969,0.017739700426835616
66,04.09.2019,8,2019,True,har_x,0.0238043318799981,0.019298297407671396
66,05.09.2019,8,2019,True,har_x,0.0238038433239245,0.018748575897397316
66,06.09.2019,8,2019,True,har_x,0.0237783921577759,0.01793506179086234
66,09.09.2019,8,2019,True,har_x,0.0237242028037466,0.017818716435630363
66,10.09.2019,8,2019,True,har_x,0.0237363083588288,0.018281608319591677
66,11.09.2019,8,2019,True,har_x,0.0235857762449915,0.01836195921664408
66,12.09.2019,8,2019,True,har_x,0.0235638676993729,0.01917393694627467
66,13.09.2019,8,2019,True,har_x,0.0235931049171671,0.01935846595435417
66,16.09.2019,8,2019,True,har_x,0.0164943962700786,0.01927073199298017
66,17.09.2019,8,2019,True,har_x,0.0142748728887595,0.027018885001114958
66,18.09.2019,8,2019,True,har_x,0.0141706290571725,0.024762604110528205
66,19.09.2019,8,2019,True,har_x,0.0140983458817673,0.022202819346426532
66,20.09.2019,8,2019,True,har_x,0.0141678554348922,0.022547774301765203
66,23.09.2019,8,2019,True,har_x,0.0141958673921497,0.021393651103221563
66,24.09.2019,8,2019,True,har_x,0.0137969252862691,0.02107900227899814
66,25.09.2019,8,2019,True,har_x,0.0137125496200703,0.02108434717959242
66,26.09.2019,8,2019,True,har_x,0.0144646591129063,0.020807498830752565
66,27.09.2019,8,2019,True,har_x,0.0143612596857731,0.020345873424467052
66,30.09.2019,8,2019,True,har_x,0.0147435839989267,0.021089623037453244
66,01.10.2019,8,2019,True,har_x,0.0141418951265388,0.02119505514992178
66,02.10.2019,8,2019,True,har_x,0.0139268769474327,0.02133481439513398
66,03.10.2019,8,2019,True,har_x,0.0149819010389052,0.0216210379145338
66,04.10.2019,8,2019,True,har_x,0.0149391631014451,0.021890938867855342
66,07.10.2019,8,2019,True,har_x,0.0149672347423484,0.021397759688328473
66,08.10.2019,8,2019,True,har_x,0.0150563629081074,0.021240520299796155
66,09.10.2019,8,2019,True,har_x,0.0150609735370205,0.021300815728724783
66,10.10.2019,8,2019,True,har_x,0.0150296645526207,0.02055821011634126
66,11.10.2019,8,2019,True,har_x,0.0148067750234664,0.021395477972244076
66,14.10.2019,8,2019,True,har_x,0.0145892547349147,0.02152231993146111
66,15.10.2019,8,2019,True,har_x,0.0145321178703452,0.0214611726444616
66,16.10.2019,8,2019,True,har_x,0.0147488998757506,0.021077557677972005
66,17.10.2019,8,2019,True,har_x,0.0149154026317968,0.021087440675399298
66,18.10.2019,8,2019,True,har_x,0.0151346719171022,0.020179109833764326
66,21.10.2019,8,2019,True,har_x,0.0153702634502566,0.019546734653501038
66,22.10.2019,8,2019,True,har_x,0.0152975552140348,0.0196833684610256
66,23.10.2019,8,2019,True,har_x,0.0150061895679785,0.019131714171455275
66,24.10.2019,8,2019,True,har_x,0.0152885013608433,0.01928598886279399
66,25.10.2019,8,2019,True,har_x,0.0152676230606584,0.01933135637573342
66,28.10.2019,8,2019,True,har_x,0.01722119121145,0.018658796970989596
66,29.10.2019,8,2019,True,har_x,0.0172414632231851,0.019250858361261072
66,30.10.2019,8,2019,True,har_x,0.0174470195946159,0.019199752661925886
66,31.10.2019,8,2019,True,har_x,0.0174472895480884,0.018622109044526807
66,01.11.2019,8,2019,True,har_x,0.0171766290229914,0.019312344715715756
66,04.11.2019,8,2019,True,har_x,0.0173201558479402,0.018679771750597724
66,05.11.2019,8,2019,True,har_x,0.0173275539225087,0.018836263505284712
66,06.11.2019,8,2019,True,har_x,0.0177091941328322,0.017939606889214487
66,07.11.2019,8,2019,True,har_x,0.0177180783553128,0.017716932319270316
66,08.11.2019,8,2019,True,har_x,0.0178581204314884,0.016759225126868497
66,11.11.2019,8,2019,True,har_x,0.0178834748520937,0.01671849312218849
66,12.11.2019,8,2019,True,har_x,0.0181367765479399,0.018108288961029697
66,13.11.2019,8,2019,True,har_x,0.0181294850924761,0.018161235480231026
66,14.11.2019,8,2019,True,har_x,0.0181997627237547,0.01890020136239245
66,15.11.2019,8,2019,True,har_x,0.0186410687127508,0.018272042662618504
66,18.11.2019,8,2019,True,har_x,0.0187901169512584,0.017591996139969403
66,19.11.2019,8,2019,True,har_x,0.0188549688911756,0.01808280312672117
66,20.11.2019,8,2019,True,har_x,0.0187533948569602,0.01778878516572381
66,21.11.2019,8,2019,True,har_x,0.0187813896515569,0.017401018057667573
66,22.11.2019,8,2019,True,har_x,0.0191390352627069,0.01710785275645425
66,25.11.2019,8,2019,True,har_x,0.0191205392815223,0.01740983580627814
66,26.11.2019,8,2019,True,har_x,0.0191004922347447,0.01706891470236616
66,27.11.2019,8,2019,True,har_x,0.0192443254175037,0.016797525229304958
66,29.11.2019,8,2019,True,har_x,0.0223988816552239,0.01653418659379164
66,02.12.2019,8,2019,True,har_x,0.0401241784354601,0.01966927404526836
66,03.12.2019,8,2019,True,har_x,0.0415750750698231,0.01874594473744153
66,04.12.2019,8,2019,True,har_x,0.0414089294469029,0.01864305968901924
66,05.12.2019,8,2019,True,har_x,0.0421515244438962,0.017432012479999964
66,06.12.2019,8,2019,True,har_x,0.04218238712395,0.016332576692474676
66,09.12.2019,8,2019,True,har_x,0.0442627699982039,0.016208073599500016
66,10.12.2019,8,2019,True,har_x,0.0444218031365557,0.016284031398111173
66,11.12.2019,8,2019,True,har_x,0.0472830853309683,0.015232950315524083
66,12.12.2019,8,2019,True,har_x,0.0506591623348271,0.015237002844050636
66,13.12.2019,8,2019,True,har_x,0.0507888104187526,0.015037442444837871
66,16.12.2019,8,2019,True,har_x,0.0507888721491509,0.014752028695592428
66,17.12.2019,8,2019,True,har_x,0.050742548015644,0.014604852131347563
66,18.12.2019,8,2019,True,har_x,0.050785611714088,0.014569482011623256
66,19.12.2019,8,2019,True,har_x,0.0508269148170131,0.014711359467024204
66,20.12.2019,8,2019,True,har_x,0.0510652452648957,0.013735841537762916
66,23.12.2019,8,2019,True,har_x,0.0518632046568396,0.014096822265287075
66,24.12.2019,8,2019,True,har_x,0.0517784794849497,0.013616535312060548
66,26.12.2019,8,2019,True,har_x,0.0531461950061344,0.013847643886551547
66,27.12.2019,8,2019,True,har_x,0.0588577291522032,0.013143227291315328
66,30.12.2019,8,2019,True,har_x,0.0614025776139869,0.013640361736935993
66,31.12.2019,8,2019,True,har_x,0.0613747934509396,0.014954528636451117
126,02.01.2019,8,2019,True,har,0.016865246360979,0.02992094882709314
126,03.01.2019,8,2019,True,har,0.0167980508080535,0.029289806254070457
126,04.01.2019,8,2019,True,har,0.0167171400734202,0.027798847128065178
126,07.01.2019,8,2019,True,har,0.0167136671411858,0.027143472908875647
126,08.01.2019,8,2019,True,har,0.0170165788083586,0.026440812496693313
126,09.01.2019,8,2019,True,har,0.0165619681885923,0.026758979697942734
126,10.01.2019,8,2019,True,har,0.016560745465286,0.028051639969598106
126,11.01.2019,8,2019,True,har,0.0164650471390834,0.02720101120344568
126,14.01.2019,8,2019,True,har,0.0165738090916502,0.028040163617623022
126,15.01.2019,8,2019,True,har,0.016427504837841,0.028424279659317035
126,16.01.2019,8,2019,True,har,0.0165856752723467,0.028672369035692966
126,17.01.2019,8,2019,True,har,0.0166019392468415,0.027906748336218375
126,18.01.2019,8,2019,True,har,0.0164952193576408,0.026416971447735207
126,22.01.2019,8,2019,True,har,0.0164215031877503,0.02700928268816604
126,23.01.2019,8,2019,True,har,0.0164392079802365,0.025799466583601077
126,24.01.2019,8,2019,True,har,0.0164411668616704,0.02532410805655244
126,25.01.2019,8,2019,True,har,0.0164229113826575,0.023008922063029985
126,28.01.2019,8,2019,True,har,0.0162271329349644,0.020855947680398293
126,29.01.2019,8,2019,True,har,0.0161600055000157,0.020467097680135257
126,30.01.2019,8,2019,True,har,0.0161644222129085,0.0206517900933959
126,31.01.2019,8,2019,True,har,0.0174803062782358,0.019926352426128884
126,01.02.2019,8,2019,True,har,0.0175988886956035,0.019770751501510798
126,04.02.2019,8,2019,True,har,0.0178353344418164,0.01958352416730858
126,05.02.2019,8,2019,True,har,0.0178661692976055,0.01926224826606352
126,06.02.2019,8,2019,True,har,0.0183110929006283,0.019240661449867122
126,07.02.2019,8,2019,True,har,0.0183487169658662,0.019127262348381625
126,08.02.2019,8,2019,True,har,0.0184245872877697,0.018353158092886717
126,11.02.2019,8,2019,True,har,0.0184068022972013,0.01819230996884947
126,12.02.2019,8,2019,True,har,0.0188101067472644,0.017974219535601625
126,13.02.2019,8,2019,True,har,0.0189200655001035,0.017731820671407477
126,14.02.2019,8,2019,True,har,0.0189576037800997,0.017600263948145987
126,15.02.2019,8,2019,True,har,0.0188212500347477,0.0173871526548364
126,19.02.2019,8,2019,True,har,0.0188985656952048,0.01811586285004315
126,20.02.2019,8,2019,True,har,0.0188829981176363,0.016995445028474908
126,21.02.2019,8,2019,True,har,0.0188889536466782,0.016729875047995803
126,22.02.2019,8,2019,True,har,0.0188946867464054,0.016508290385653806
126,25.02.2019,8,2019,True,har,0.0186507069210778,0.0165284992782517
126,26.02.2019,8,2019,True,har,0.0186598156673283,0.018933381458438647
126,27.02.2019,8,2019,True,har,0.0186295656579612,0.017500171626954195
126,28.02.2019,8,2019,True,har,0.01868772039841,0.017695220867979724
126,01.03.2019,8,2019,True,har,0.0186682083405282,0.017478189420323472
126,04.03.2019,8,2019,True,har,0.018669733391073,0.017972414568333747
126,05.03.2019,8,2019,True,har,0.0189387310059044,0.01752083461201303
126,06.03.2019,8,2019,True,har,0.0193034207941268,0.01732017597615188
126,07.03.2019,8,2019,True,har,0.0193022106631377,0.017032113106316568
126,08.03.2019,8,2019,True,har,0.0193110040129075,0.017034477440901145
126,11.03.2019,8,2019,True,har,0.0193377679099839,0.01677008807480144
126,12.03.2019,8,2019,True,har,0.0193387343640404,0.016976552634916042
126,13.03.2019,8,2019,True,har,0.0194264891647512,0.01656398000435542
126,14.03.2019,8,2019,True,har,0.0194313991040954,0.016867462273028207
126,15.03.2019,8,2019,True,har,0.0194320548595738,0.01655664255763073
126,18.03.2019,8,2019,True,har,0.0229542423325098,0.016255569307412725
126,19.03.2019,8,2019,True,har,0.0237201865191683,0.015734252454672422
126,20.03.2019,8,2019,True,har,0.0237239142443463,0.015624357836578293
126,21.03.2019,8,2019,True,har,0.0237391047226086,0.015979514505120855
126,22.03.2019,8,2019,True,har,0.0237154757051132,0.016065297948045905
126,25.03.2019,8,2019,True,har,0.0237245062610255,0.016390812364135324
126,26.03.2019,8,2019,True,har,0.0238125040408925,0.01462010613257933
126,27.03.2019,8,2019,True,har,0.0238313429695261,0.014964293906505336
126,28.03.2019,8,2019,True,har,0.0238378261815173,0.014304169213167552
126,29.03.2019,8,2019,True,har,0.023850705372405,0.014155192896798768
126,01.04.2019,8,2019,True,har,0.0238856537651834,0.013857286461658165
126,02.04.2019,8,2019,True,har,0.0240335553576121,0.013883925253113924
126,03.04.2019,8,2019,True,har,0.0240948473234417,0.013763058569916355
126,04.04.2019,8,2019,True,har,0.0240941265814274,0.01366526205514239
126,05.04.2019,8,2019,True,har,0.0240845257856604,0.0136542886617592
126,08.04.2019,8,2019,True,har,0.0240597359486857,0.013975560109025181
126,09.04.2019,8,2019,True,har,0.0240549656354486,0.013873154118639614
126,10.04.2019,8,2019,True,har,0.0240064724051278,0.014046741959325613
126,11.04.2019,8,2019,True,har,0.024022609664325,0.014390532223957905
126,12.04.2019,8,2019,True,har,0.0241042061130941,0.014743450155119374
126,15.04.2019,8,2019,True,har,0.0241553464353252,0.0147138851629205
126,16.04.2019,8,2019,True,har,0.0241545949086663,0.014666850425822848
126,17.04.2019,8,2019,True,har,0.0241827479971597,0.01473007307359975
126,18.04.2019,8,2019,True,har,0.0241915933761079,0.014350258996435963
126,22.04.2019,8,2019,True,har,0.0240500234950578,0.014095028752165516
126,23.04.2019,8,2019,True,har,0.0240449581092207,0.015404413116396384
126,24.04.2019,8,2019,True,har,0.0240777399864813,0.014812074153017746
126,25.04.2019,8,2019,True,har,0.0241893462969879,0.014681475899531313
126,26.04.2019,8,2019,True,har,0.0240684565412743,0.01476237180578339
126,29.04.2019,8,2019,True,har,0.024076298017084,0.017090759981910925
126,30.04.2019,8,2019,True,har,0.0240593674557792,0.016116566479836763
126,01.05.2019,8,2019,True,har,0.024051042556729,0.01638783146055152
126,02.05.2019,8,2019,True,har,0.0240288671107404,0.016442200732346188
126,03.05.2019,8,2019,True,har,0.0240318931183478,0.017186847611789312
126,06.05.2019,8,2019,True,har,0.0241296329037579,0.016561715320305447
126,07.05.2019,8,2019,True,har,0.0240854536445594,0.016559868948607982
126,08.05.2019,8,2019,True,har,0.0241084759751512,0.017085641595337965
126,09.05.2019,8,2019,True,har,0.0241655864458409,0.016898421904660267
126,10.05.2019,8,2019,True,har,0.0241787311612871,0.01636837306962667
126,13.05.2019,8,2019,True,har,0.0241785933987517,0.016317457716483543
126,14.05.2019,8,2019,True,har,0.0241429845778933,0.016263109200814436
126,15.05.2019,8,2019,True,har,0.0241310403902985,0.016523563022122573
126,16.05.2019,8,2019,True,har,0.0241095094353387,0.016365424260046845
126,17.05.2019,8,2019,True,har,0.024106203299094,0.016601531353613967
126,20.05.2019,8,2019,True,har,0.0241552263171202,0.01655308085002949
126,21.05.2019,8,2019,True,har,0.0241788351812288,0.015643844069319773
126,22.05.2019,8,2019,True,har,0.0242316750345193,0.015512430795127964
126,23.05.2019,8,2019,True,har,0.0239907657961173,0.01619392374246921
126,24.05.2019,8,2019,True,har,0.0240649005023604,0.018964973754689536
126,28.05.2019,8,2019,True,har,0.02400230819022,0.018036709201243454
126,29.05.2019,8,2019,True,har,0.023993558981236,0.018773160484098113
126,30.05.2019,8,2019,True,har,0.0237773139849452,0.018427879617799934
126,31.05.2019,8,2019,True,har,0.0235592119465047,0.020113839540554807
126,03.06.2019,8,2019,True,har,0.0232266567903451,0.020483732249370515
126,04.06.2019,8,2019,True,har,0.0233082373019011,0.02211355668495364
126,05.06.2019,8,2019,True,har,0.0232269317343753,0.021142562849763964
126,06.06.2019,8,2019,True,har,0.023389513317289,0.021369558217263517
126,07.06.2019,8,2019,True,har,0.0232814075059479,0.02173262066795354
126,10.06.2019,8,2019,True,har,0.0232784237901664,0.022581235288541307
126,11.06.2019,8,2019,True,har,0.0232794282334691,0.021864067953388543
126,12.06.2019,8,2019,True,har,0.0230253933476295,0.021495928560847803
126,13.06.2019,8,2019,True,har,0.022961528450952,0.02284949479538568
126,14.06.2019,8,2019,True,har,0.0229492741924129,0.022875269261764523
126,17.06.2019,8,2019,True,har,0.0229350651492032,0.022480161916010835
126,18.06.2019,8,2019,True,har,0.0228721364557857,0.022667777402264576
126,19.06.2019,8,2019,True,har,0.0228881372845607,0.02318345643887537
126,20.06.2019,8,2019,True,har,0.0225882711016209,0.022383761294263255
126,21.06.2019,8,2019,True,har,0.0225704592330597,0.024513636841681438
126,24.06.2019,8,2019,True,har,0.0225721027930522,0.02306259366054632
126,25.06.2019,8,2019,True,har,0.0225730612040327,0.022650600599896008
126,26.06.2019,8,2019,True,har,0.0225145190815595,0.02233768973893457
126,27.06.2019,8,2019,True,har,0.0225341182731795,0.022997835355381968
126,28.06.2019,8,2019,True,har,0.0225361068193984,0.021506748719201926
126,01.07.2019,8,2019,True,har,0.0224450901782146,0.020763245410909882
126,02.07.2019,8,2019,True,har,0.0223684470819528,0.020239450751431055
126,03.07.2019,8,2019,True,har,0.0222827823059665,0.022123244639554254
126,05.07.2019,8,2019,True,har,0.0224883971297818,0.02163219318197468
126,08.07.2019,8,2019,True,har,0.0224901481694807,0.021177148771205318
126,09.07.2019,8,2019,True,har,0.022507435357702,0.02072492461193149
126,10.07.2019,8,2019,True,har,0.0224949193429866,0.020466293851012708
126,11.07.2019,8,2019,True,har,0.0224859070605752,0.022176413483631315
126,12.07.2019,8,2019,True,har,0.0224901165347547,0.020465850351571516
126,15.07.2019,8,2019,True,har,0.0225130003660408,0.020191577017592353
126,16.07.2019,8,2019,True,har,0.0223291569335561,0.02021476813134184
126,17.07.2019,8,2019,True,har,0.0223187224502892,0.02169645868460139
126,18.07.2019,8,2019,True,har,0.0221964680997692,0.02047724023457678
126,19.07.2019,8,2019,True,har,0.0221857436408359,0.021379062278371042
126,22.07.2019,8,2019,True,har,0.0221615484643832,0.02002071013211975
126,23.07.2019,8,2019,True,har,0.0222315860422308,0.02028318517658682
126,24.07.2019,8,2019,True,har,0.0222751603506435,0.020102993291608348
126,25.07.2019,8,2019,True,har,0.0223577188038895,0.020169621454873738
126,26.07.2019,8,2019,True,har,0.0224468197654893,0.01930771057320008
126,29.07.2019,8,2019,True,har,0.0224457464891179,0.019247974947600055
126,30.07.2019,8,2019,True,har,0.0224039001064484,0.019260883645897037
126,31.07.2019,8,2019,True,har,0.0225045973807333,0.019519231913484654
126,01.08.2019,8,2019,True,har,0.0215164583287161,0.0179274903592049
126,02.08.2019,8,2019,True,har,0.02219562321572,0.023959565035262947
126,05.08.2019,8,2019,True,har,0.0220072477309497,0.023178583946090132
126,06.08.2019,8,2019,True,har,0.0220836092753576,0.02401067129768463
126,07.08.2019,8,2019,True,har,0.0216912519005329,0.023466189296814238
126,08.08.2019,8,2019,True,har,0.0216254459120437,0.023720853747462384
126,09.08.2019,8,2019,True,har,0.0216353597296185,0.023283534951332466
126,12.08.2019,8,2019,True,har,0.0216737984746822,0.02354150766124061
126,13.08.2019,8,2019,True,har,0.0214805736724674,0.0229989134466664
126,14.08.2019,8,2019,True,har,0.0213376240220817,0.025115453031102318
126,15.08.2019,8,2019,True,har,0.0213127983103376,0.02476759634023116
126,16.08.2019,8,2019,True,har,0.0213140632821207,0.02456580682749952
126,19.08.2019,8,2019,True,har,0.0213525586899308,0.0241653581761547
126,20.08.2019,8,2019,True,har,0.021350039573628,0.024580764517688848
126,21.08.2019,8,2019,True,har,0.0213805231778585,0.023773317858443534
126,22.08.2019,8,2019,True,har,0.0216419428035955,0.023493542941463358
126,23.08.2019,8,2019,True,har,0.0217301837176858,0.02326795342179795
126,26.08.2019,8,2019,True,har,0.0218487626139111,0.02346030700035412
126,27.08.2019,8,2019,True,har,0.0219046580480567,0.023325337826086815
126,28.08.2019,8,2019,True,har,0.0220245069411103,0.02348848646387991
126,29.08.2019,8,2019,True,har,0.0221474803877526,0.02380116665911923
126,30.08.2019,8,2019,True,har,0.0221314027010438,0.021141780028085068
126,03.09.2019,8,2019,True,har,0.0219342405197062,0.020942830244186597
126,04.09.2019,8,2019,True,har,0.0216887400721731,0.02203248065599775
126,05.09.2019,8,2019,True,har,0.023360945128286,0.02322197516068087
126,06.09.2019,8,2019,True,har,0.0337246681138718,0.020984420244325296
126,09.09.2019,8,2019,True,har,0.034505306728194,0.020972218801564045
126,10.09.2019,8,2019,True,har,0.0346462058588445,0.021075465194196757
126,11.09.2019,8,2019,True,har,0.0351563888961954,0.02028156930824486
126,12.09.2019,8,2019,True,har,0.0352184186364884,0.01999717421447505
126,13.09.2019,8,2019,True,har,0.0366646662612253,0.01900168928499557
126,16.09.2019,8,2019,True,har,0.0345474611583297,0.01849615280266118
126,17.09.2019,8,2019,True,har,0.0362537109387926,0.03205659204434606
126,18.09.2019,8,2019,True,har,0.0384005720614201,0.03267100976632504
126,19.09.2019,8,2019,True,har,0.0385931297887378,0.03153010363495205
126,20.09.2019,8,2019,True,har,0.0385984326076301,0.031479742739482036
126,23.09.2019,8,2019,True,har,0.0385899714622324,0.031211811309184802
126,24.09.2019,8,2019,True,har,0.0385762246138793,0.029340280676093834
126,25.09.2019,8,2019,True,har,0.0386824541666925,0.029255066844821365
126,26.09.2019,8,2019,True,har,0.0389027825385979,0.028919610222266016
126,27.09.2019,8,2019,True,har,0.0396088094967065,0.028655757945030776
126,30.09.2019,8,2019,True,har,0.0396025103263228,0.02888913551331908
126,01.10.2019,8,2019,True,har,0.0403836203140781,0.02897227148994512
126,02.10.2019,8,2019,True,har,0.0440345783594204,0.029244818011424527
126,03.10.2019,8,2019,True,har,0.0456598732510126,0.02856157712846833
126,04.10.2019,8,2019,True,har,0.045703150964548,0.02799356256867755
126,07.10.2019,8,2019,True,har,0.0457893862003255,0.028518127413361034
126,08.10.2019,8,2019,True,har,0.0458935057068374,0.028144355931047516
126,09.10.2019,8,2019,True,har,0.0460131683353167,0.027913419174019807
126,10.10.2019,8,2019,True,har,0.0459993798826556,0.02745629897407984
126,11.10.2019,8,2019,True,har,0.0462876934361386,0.027872475232870234
126,14.10.2019,8,2019,True,har,0.0465908382520479,0.028470765882291537
126,15.10.2019,8,2019,True,har,0.0465990036628722,0.02048732259937426
126,16.10.2019,8,2019,True,har,0.0465928083777478,0.017764497096230736
126,17.10.2019,8,2019,True,har,0.0472243725718263,0.017919607942617842
126,18.10.2019,8,2019,True,har,0.0531196079977874,0.01772158478695719
126,21.10.2019,8,2019,True,har,0.0533997291390417,0.01754248848231706
126,22.10.2019,8,2019,True,har,0.0535883602388676,0.01730023001256762
126,23.10.2019,8,2019,True,har,0.0535225209652922,0.017208261542339297
126,24.10.2019,8,2019,True,har,0.0537825729563737,0.01813845567542679
126,25.10.2019,8,2019,True,har,0.0538435221922939,0.017797239027087877
126,28.10.2019,8,2019,True,har,0.0546595391118483,0.01753097002487715
126,29.10.2019,8,2019,True,har,0.0557310548878919,0.017317372516501867
126,30.10.2019,8,2019,True,har,0.0559193728167961,0.016179924176602342
126,31.10.2019,8,2019,True,har,0.0560058597489461,0.016271322210266784
126,01.11.2019,8,2019,True,har,0.057243596176357,0.016041918163115804
126,04.11.2019,8,2019,True,har,0.0573204042960387,0.017134865538878837
126,05.11.2019,8,2019,True,har,0.0572952110636509,0.016747887136038045
126,06.11.2019,8,2019,True,har,0.057498409885371,0.016986755068428817
126,07.11.2019,8,2019,True,har,0.0575869632095542,0.017654332573155018
126,08.11.2019,8,2019,True,har,0.0576023710389404,0.017303119240050138
126,11.11.2019,8,2019,True,har,0.0576323436215929,0.01662167406637036
126,12.11.2019,8,2019,True,har,0.0579712486312683,0.016279045778100125
126,13.11.2019,8,2019,True,har,0.0581253003150971,0.015952633003532266
126,14.11.2019,8,2019,True,har,0.0584956718114887,0.015714422064989953
126,15.11.2019,8,2019,True,har,0.0584656672836194,0.015544489858443582
126,18.11.2019,8,2019,True,har,0.0585479374517584,0.016154815432125977
126,19.11.2019,8,2019,True,har,0.0585305967023824,0.01636925807971773
126,20.11.2019,8,2019,True,har,0.058507358736457,0.017429843931761904
126,21.11.2019,8,2019,True,har,0.0585260186129619,0.017604126419234086
126,22.11.2019,8,2019,True,har,0.0586116492490775,0.01818523224580517
126,25.11.2019,8,2019,True,har,0.0586348337463248,0.017892617089479965
126,26.11.2019,8,2019,True,har,0.0586230028713464,0.017658021064721852
126,27.11.2019,8,2019,True,har,0.0591213792910344,0.017512707822420714
126,29.11.2019,8,2019,True,har,0.0591762584798297,0.017044496966641173
126,02.12.2019,8,2019,True,har,0.0591520164751219,0.018187016118195554
126,03.12.2019,8,2019,True,har,0.0591565533341607,0.018342925840335287
126,04.12.2019,8,2019,True,har,0.0592949660675824,0.017727141537519916
126,05.12.2019,8,2019,True,har,0.059361308136978,0.019737123047766772
126,06.12.2019,8,2019,True,har,0.0593475599943627,0.018810833308661012
126,09.12.2019,8,2019,True,har,0.0593663601086512,0.018995768507051446
126,10.12.2019,8,2019,True,har,0.0597476185845296,0.01840021045313957
126,11.12.2019,8,2019,True,har,0.0597504913976667,0.018323198960828603
126,12.12.2019,8,2019,True,har,0.0597985670506117,0.01834757259194366
126,13.12.2019,8,2019,True,har,0.0598526519065456,0.01832216162109308
126,16.12.2019,8,2019,True,har,0.059850969291645,0.018644713906918395
126,17.12.2019,8,2019,True,har,0.059871268628506,0.018161940386178285
126,18.12.2019,8,2019,True,har,0.0598962003138823,0.01829025591945087
126,19.12.2019,8,2019,True,har,0.0599303922139217,0.01727583028158002
126,20.12.2019,8,2019,True,har,0.0599332551631505,0.01704095989532159
126,23.12.2019,8,2019,True,har,0.0601113484675199,0.01668304584486395
126,24.12.2019,8,2019,True,har,0.060126757802455,0.01652251710895848
126,26.12.2019,8,2019,True,har,0.0601132401422326,0.01680439176206142
126,27.12.2019,8,2019,True,har,0.0601378373513459,0.01680845774437989
126,30.12.2019,8,2019,True,har,0.0601395739047602,0.016611509606245002
126,31.12.2019,8,2019,True,har,0.0601108107717703,0.015643380993980646
126,02.01.2019,8,2019,True,har_ovx,0.016865246360979,0.02704292584576572
126,03.01.2019,8,2019,True,har_ovx,0.0167980508080535,0.028109979982308308
126,04.01.2019,8,2019,True,har_ovx,0.0167171400734202,0.02758375541556251
126,07.01.2019,8,2019,True,har_ovx,0.0167136671411858,0.026868739535341343
126,08.01.2019,8,2019,True,har_ovx,0.0170165788083586,0.02630619348943421
126,09.01.2019,8,2019,True,har_ovx,0.0165619681885923,0.024786456041765347
126,10.01.2019,8,2019,True,har_ovx,0.016560745465286,0.024331602863582553
126,11.01.2019,8,2019,True,har_ovx,0.0164650471390834,0.023504297677444417
126,14.01.2019,8,2019,True,har_ovx,0.0165738090916502,0.022858000623605046
126,15.01.2019,8,2019,True,har_ovx,0.016427504837841,0.02282040598496808
126,16.01.2019,8,2019,True,har_ovx,0.0165856752723467,0.0224548642382082
126,17.01.2019,8,2019,True,har_ovx,0.0166019392468415,0.021977721802729687
126,18.01.2019,8,2019,True,har_ovx,0.0164952193576408,0.021081048901624433
126,22.01.2019,8,2019,True,har_ovx,0.0164215031877503,0.020719867635890003
126,23.01.2019,8,2019,True,har_ovx,0.0164392079802365,0.021558624861679525
126,24.01.2019,8,2019,True,har_ovx,0.0164411668616704,0.021243753528960692
126,25.01.2019,8,2019,True,har_ovx,0.0164229113826575,0.020565513423401263
126,28.01.2019,8,2019,True,har_ovx,0.0162271329349644,0.019724020460870566
126,29.01.2019,8,2019,True,har_ovx,0.0161600055000157,0.020682685346643866
126,30.01.2019,8,2019,True,har_ovx,0.0161644222129085,0.02046844726190937
126,31.01.2019,8,2019,True,har_ovx,0.0174803062782358,0.019712229377769064
126,01.02.2019,8,2019,True,har_ovx,0.0175988886956035,0.01944918463738426
126,04.02.2019,8,2019,True,har_ovx,0.0178353344418164,0.018813057128557444
126,05.02.2019,8,2019,True,har_ovx,0.0178661692976055,0.01900370971812616
126,06.02.2019,8,2019,True,har_ovx,0.0183110929006283,0.019340651830405415
126,07.02.2019,8,2019,True,har_ovx,0.0183487169658662,0.018737282068559513
126,08.02.2019,8,2019,True,har_ovx,0.0184245872877697,0.019130213102833533
126,11.02.2019,8,2019,True,har_ovx,0.0184068022972013,0.018385253663534756
126,12.02.2019,8,2019,True,har_ovx,0.0188101067472644,0.018667541844732665
126,13.02.2019,8,2019,True,har_ovx,0.0189200655001035,0.01839478004180739
126,14.02.2019,8,2019,True,har_ovx,0.0189576037800997,0.01821766571533834
126,15.02.2019,8,2019,True,har_ovx,0.0188212500347477,0.018146550494970683
126,19.02.2019,8,2019,True,har_ovx,0.0188985656952048,0.01726381957020056
126,20.02.2019,8,2019,True,har_ovx,0.0188829981176363,0.017649547231738855
126,21.02.2019,8,2019,True,har_ovx,0.0188889536466782,0.0175463533698811
126,22.02.2019,8,2019,True,har_ovx,0.0188946867464054,0.017236424882666742
126,25.02.2019,8,2019,True,har_ovx,0.0186507069210778,0.01711970739361283
126,26.02.2019,8,2019,True,har_ovx,0.0186598156673283,0.01861007209563429
126,27.02.2019,8,2019,True,har_ovx,0.0186295656579612,0.01786834053803122
126,28.02.2019,8,2019,True,har_ovx,0.01868772039841,0.017711842380013706
126,01.03.2019,8,2019,True,har_ovx,0.0186682083405282,0.017348192171850442
126,04.03.2019,8,2019,True,har_ovx,0.018669733391073,0.01746385135017235
126,05.03.2019,8,2019,True,har_ovx,0.0189387310059044,0.017402357421254115
126,06.03.2019,8,2019,True,har_ovx,0.0193034207941268,0.01719461023479394
126,07.03.2019,8,2019,True,har_ovx,0.0193022106631377,0.01714296386232812
126,08.03.2019,8,2019,True,har_ovx,0.0193110040129075,0.017437486613074274
126,11.03.2019,8,2019,True,har_ovx,0.0193377679099839,0.017187487018106913
126,12.03.2019,8,2019,True,har_ovx,0.0193387343640404,0.01699865407242507
126,13.03.2019,8,2019,True,har_ovx,0.0194264891647512,0.01665975869696574
126,14.03.2019,8,2019,True,har_ovx,0.0194313991040954,0.016574282203971055
126,15.03.2019,8,2019,True,har_ovx,0.0194320548595738,0.016143247117359493
126,18.03.2019,8,2019,True,har_ovx,0.0229542423325098,0.01573924120810971
126,19.03.2019,8,2019,True,har_ovx,0.0237201865191683,0.015780603729124012
126,20.03.2019,8,2019,True,har_ovx,0.0237239142443463,0.016494564272506833
126,21.03.2019,8,2019,True,har_ovx,0.0237391047226086,0.01612273603627999
126,22.03.2019,8,2019,True,har_ovx,0.0237154757051132,0.0160802041849763
126,25.03.2019,8,2019,True,har_ovx,0.0237245062610255,0.016361703427876413
126,26.03.2019,8,2019,True,har_ovx,0.0238125040408925,0.016678256210316704
126,27.03.2019,8,2019,True,har_ovx,0.0238313429695261,0.01621382002491891
126,28.03.2019,8,2019,True,har_ovx,0.0238378261815173,0.016177994710641446
126,29.03.2019,8,2019,True,har_ovx,0.023850705372405,0.01631450876547005
126,01.04.2019,8,2019,True,har_ovx,0.0238856537651834,0.015657481412496975
126,02.04.2019,8,2019,True,har_ovx,0.0240335553576121,0.01546265506295421
126,03.04.2019,8,2019,True,har_ovx,0.0240948473234417,0.015457622556077187
126,04.04.2019,8,2019,True,har_ovx,0.0240941265814274,0.015158386019231862
126,05.04.2019,8,2019,True,har_ovx,0.0240845257856604,0.01502772190402539
126,08.04.2019,8,2019,True,har_ovx,0.0240597359486857,0.014643836839931468
126,09.04.2019,8,2019,True,har_ovx,0.0240549656354486,0.014742488553949707
126,10.04.2019,8,2019,True,har_ovx,0.0240064724051278,0.01485625941981288
126,11.04.2019,8,2019,True,har_ovx,0.024022609664325,0.014937934931651266
126,12.04.2019,8,2019,True,har_ovx,0.0241042061130941,0.015332645564139366
126,15.04.2019,8,2019,True,har_ovx,0.0241553464353252,0.015322469842468042
126,16.04.2019,8,2019,True,har_ovx,0.0241545949086663,0.015225571839146124
126,17.04.2019,8,2019,True,har_ovx,0.0241827479971597,0.015270108746226902
126,18.04.2019,8,2019,True,har_ovx,0.0241915933761079,0.015068127964528121
126,22.04.2019,8,2019,True,har_ovx,0.0240500234950578,0.014790730340827535
126,23.04.2019,8,2019,True,har_ovx,0.0240449581092207,0.015626223779927634
126,24.04.2019,8,2019,True,har_ovx,0.0240777399864813,0.015656708315232325
126,25.04.2019,8,2019,True,har_ovx,0.0241893462969879,0.015122754828809133
126,26.04.2019,8,2019,True,har_ovx,0.0240684565412743,0.015250563300870129
126,29.04.2019,8,2019,True,har_ovx,0.024076298017084,0.017764678503859186
126,30.04.2019,8,2019,True,har_ovx,0.0240593674557792,0.01673150397692752
126,01.05.2019,8,2019,True,har_ovx,0.024051042556729,0.01690027199427206
126,02.05.2019,8,2019,True,har_ovx,0.0240288671107404,0.01693959004695844
126,03.05.2019,8,2019,True,har_ovx,0.0240318931183478,0.01749074908299063
126,06.05.2019,8,2019,True,har_ovx,0.0241296329037579,0.01713254162465605
126,07.05.2019,8,2019,True,har_ovx,0.0240854536445594,0.017536589829298444
126,08.05.2019,8,2019,True,har_ovx,0.0241084759751512,0.018873920570928585
126,09.05.2019,8,2019,True,har_ovx,0.0241655864458409,0.018080763235310493
126,10.05.2019,8,2019,True,har_ovx,0.0241787311612871,0.01810135448167417
126,13.05.2019,8,2019,True,har_ovx,0.0241785933987517,0.01822816375665572
126,14.05.2019,8,2019,True,har_ovx,0.0241429845778933,0.018921145908058927
126,15.05.2019,8,2019,True,har_ovx,0.0241310403902985,0.018072648758904932
126,16.05.2019,8,2019,True,har_ovx,0.0241095094353387,0.016927312053704867
126,17.05.2019,8,2019,True,har_ovx,0.024106203299094,0.017034980692909124
126,20.05.2019,8,2019,True,har_ovx,0.0241552263171202,0.016996895607584436
126,21.05.2019,8,2019,True,har_ovx,0.0241788351812288,0.016180882851062735
126,22.05.2019,8,2019,True,har_ovx,0.0242316750345193,0.015908382445433814
126,23.05.2019,8,2019,True,har_ovx,0.0239907657961173,0.01651035810459537
126,24.05.2019,8,2019,True,har_ovx,0.0240649005023604,0.01906525883019386
126,28.05.2019,8,2019,True,har_ovx,0.02400230819022,0.018546443224600882
126,29.05.2019,8,2019,True,har_ovx,0.023993558981236,0.01908776356547265
126,30.05.2019,8,2019,True,har_ovx,0.0237773139849452,0.01978890575422416
126,31.05.2019,8,2019,True,har_ovx,0.0235592119465047,0.021321542157585496
126,03.06.2019,8,2019,True,har_ovx,0.0232266567903451,0.024167781387267547
126,04.06.2019,8,2019,True,har_ovx,0.0233082373019011,0.024384318383014962
126,05.06.2019,8,2019,True,har_ovx,0.0232269317343753,0.02284939093900293
126,06.06.2019,8,2019,True,har_ovx,0.023389513317289,0.023594862524150693
126,07.06.2019,8,2019,True,har_ovx,0.0232814075059479,0.021846887199167317
126,10.06.2019,8,2019,True,har_ovx,0.0232784237901664,0.021247752127677988
126,11.06.2019,8,2019,True,har_ovx,0.0232794282334691,0.021341355711951948
126,12.06.2019,8,2019,True,har_ovx,0.0230253933476295,0.021065522039808954
126,13.06.2019,8,2019,True,har_ovx,0.022961528450952,0.02302992182133055
126,14.06.2019,8,2019,True,har_ovx,0.0229492741924129,0.022385883248771138
126,17.06.2019,8,2019,True,har_ovx,0.0229350651492032,0.02282107858685454
126,18.06.2019,8,2019,True,har_ovx,0.0228721364557857,0.024113763379136528
126,19.06.2019,8,2019,True,har_ovx,0.0228881372845607,0.023133352929424943
126,20.06.2019,8,2019,True,har_ovx,0.0225882711016209,0.02203511754794057
126,21.06.2019,8,2019,True,har_ovx,0.0225704592330597,0.022753878516266063
126,24.06.2019,8,2019,True,har_ovx,0.0225721027930522,0.02261537471225257
126,25.06.2019,8,2019,True,har_ovx,0.0225730612040327,0.022129412026351075
126,26.06.2019,8,2019,True,har_ovx,0.0225145190815595,0.021796765457730932
126,27.06.2019,8,2019,True,har_ovx,0.0225341182731795,0.021282981292301714
126,28.06.2019,8,2019,True,har_ovx,0.0225361068193984,0.02082721312739736
126,01.07.2019,8,2019,True,har_ovx,0.0224450901782146,0.021344785922810607
126,02.07.2019,8,2019,True,har_ovx,0.0223684470819528,0.01997622880812251
126,03.07.2019,8,2019,True,har_ovx,0.0222827823059665,0.020941119717110497
126,05.07.2019,8,2019,True,har_ovx,0.0224883971297818,0.020393258284673324
126,08.07.2019,8,2019,True,har_ovx,0.0224901481694807,0.01948968500493095
126,09.07.2019,8,2019,True,har_ovx,0.022507435357702,0.01914481886989329
126,10.07.2019,8,2019,True,har_ovx,0.0224949193429866,0.01770539535944879
126,11.07.2019,8,2019,True,har_ovx,0.0224859070605752,0.018325261730456097
126,12.07.2019,8,2019,True,har_ovx,0.0224901165347547,0.017593036610943445
126,15.07.2019,8,2019,True,har_ovx,0.0225130003660408,0.01773979924458562
126,16.07.2019,8,2019,True,har_ovx,0.0223291569335561,0.01791156020876053
126,17.07.2019,8,2019,True,har_ovx,0.0223187224502892,0.01864256443024035
126,18.07.2019,8,2019,True,har_ovx,0.0221964680997692,0.019602573598569775
126,19.07.2019,8,2019,True,har_ovx,0.0221857436408359,0.01906369504275469
126,22.07.2019,8,2019,True,har_ovx,0.0221615484643832,0.019466814297150543
126,23.07.2019,8,2019,True,har_ovx,0.0222315860422308,0.01902805473977216
126,24.07.2019,8,2019,True,har_ovx,0.0222751603506435,0.018489414253492858
126,25.07.2019,8,2019,True,har_ovx,0.0223577188038895,0.018736880209492764
126,26.07.2019,8,2019,True,har_ovx,0.0224468197654893,0.018312494178950405
126,29.07.2019,8,2019,True,har_ovx,0.0224457464891179,0.0184267699567294
126,30.07.2019,8,2019,True,har_ovx,0.0224039001064484,0.018201620409636323
126,31.07.2019,8,2019,True,har_ovx,0.0225045973807333,0.017672837051912783
126,01.08.2019,8,2019,True,har_ovx,0.0215164583287161,0.017721569625455638
126,02.08.2019,8,2019,True,har_ovx,0.02219562321572,0.020709404545601273
126,05.08.2019,8,2019,True,har_ovx,0.0220072477309497,0.020035464666835236
126,06.08.2019,8,2019,True,har_ovx,0.0220836092753576,0.020746113994779474
126,07.08.2019,8,2019,True,har_ovx,0.0216912519005329,0.020384680999592435
126,08.08.2019,8,2019,True,har_ovx,0.0216254459120437,0.021203716712487664
126,09.08.2019,8,2019,True,har_ovx,0.0216353597296185,0.020263740441881582
126,12.08.2019,8,2019,True,har_ovx,0.0216737984746822,0.019981506717247174
126,13.08.2019,8,2019,True,har_ovx,0.0214805736724674,0.019580220077640337
126,14.08.2019,8,2019,True,har_ovx,0.0213376240220817,0.019521825454745814
126,15.08.2019,8,2019,True,har_ovx,0.0213127983103376,0.020471166566081868
126,16.08.2019,8,2019,True,har_ovx,0.0213140632821207,0.020526729737462803
126,19.08.2019,8,2019,True,har_ovx,0.0213525586899308,0.01997395321108702
126,20.08.2019,8,2019,True,har_ovx,0.021350039573628,0.01929369538598422
126,21.08.2019,8,2019,True,har_ovx,0.0213805231778585,0.01896280111549134
126,22.08.2019,8,2019,True,har_ovx,0.0216419428035955,0.018991685056054766
126,23.08.2019,8,2019,True,har_ovx,0.0217301837176858,0.019015936504263694
126,26.08.2019,8,2019,True,har_ovx,0.0218487626139111,0.020109670015048115
126,27.08.2019,8,2019,True,har_ovx,0.0219046580480567,0.020208646240463684
126,28.08.2019,8,2019,True,har_ovx,0.0220245069411103,0.019573833111227547
126,29.08.2019,8,2019,True,har_ovx,0.0221474803877526,0.01921864339680229
126,30.08.2019,8,2019,True,har_ovx,0.0221314027010438,0.018498003069488463
126,03.09.2019,8,2019,True,har_ovx,0.0219342405197062,0.01860362213786393
126,04.09.2019,8,2019,True,har_ovx,0.0216887400721731,0.02014620630215489
126,05.09.2019,8,2019,True,har_ovx,0.023360945128286,0.019819284878956657
126,06.09.2019,8,2019,True,har_ovx,0.0337246681138718,0.01897095189340864
126,09.09.2019,8,2019,True,har_ovx,0.034505306728194,0.018881936604895753
126,10.09.2019,8,2019,True,har_ovx,0.0346462058588445,0.01895516100275641
126,11.09.2019,8,2019,True,har_ovx,0.0351563888961954,0.018986612609305994
126,12.09.2019,8,2019,True,har_ovx,0.0352184186364884,0.01957869388331379
126,13.09.2019,8,2019,True,har_ovx,0.0366646662612253,0.01961332263559715
126,16.09.2019,8,2019,True,har_ovx,0.0345474611583297,0.019500238011429673
126,17.09.2019,8,2019,True,har_ovx,0.0362537109387926,0.02643835126019177
126,18.09.2019,8,2019,True,har_ovx,0.0384005720614201,0.02473220912034445
126,19.09.2019,8,2019,True,har_ovx,0.0385931297887378,0.02267236650514104
126,20.09.2019,8,2019,True,har_ovx,0.0385984326076301,0.022931210362278815
126,23.09.2019,8,2019,True,har_ovx,0.0385899714622324,0.022027205914120922
126,24.09.2019,8,2019,True,har_ovx,0.0385762246138793,0.022179813347948045
126,25.09.2019,8,2019,True,har_ovx,0.0386824541666925,0.022254683960001513
126,26.09.2019,8,2019,True,har_ovx,0.0389027825385979,0.02201102411474063
126,27.09.2019,8,2019,True,har_ovx,0.0396088094967065,0.021640750129596528
126,30.09.2019,8,2019,True,har_ovx,0.0396025103263228,0.022228593601610443
126,01.10.2019,8,2019,True,har_ovx,0.0403836203140781,0.022222912862026753
126,02.10.2019,8,2019,True,har_ovx,0.0440345783594204,0.02235011649310051
126,03.10.2019,8,2019,True,har_ovx,0.0456598732510126,0.022494488583088695
126,04.10.2019,8,2019,True,har_ovx,0.045703150964548,0.02264824498304989
126,07.10.2019,8,2019,True,har_ovx,0.0457893862003255,0.022302036304314
126,08.10.2019,8,2019,True,har_ovx,0.0458935057068374,0.022247131894640195
126,09.10.2019,8,2019,True,har_ovx,0.0460131683353167,0.022297709632986593
126,10.10.2019,8,2019,True,har_ovx,0.0459993798826556,0.021717255186065737
126,11.10.2019,8,2019,True,har_ovx,0.0462876934361386,0.022388042388551903
126,14.10.2019,8,2019,True,har_ovx,0.0465908382520479,0.02252826567579403
126,15.10.2019,8,2019,True,har_ovx,0.0465990036628722,0.021628744468540132
126,16.10.2019,8,2019,True,har_ovx,0.0465928083777478,0.02094058534156301
126,17.10.2019,8,2019,True,har_ovx,0.0472243725718263,0.02096166453970485
126,18.10.2019,8,2019,True,har_ovx,0.0531196079977874,0.02025443013657116
126,21.10.2019,8,2019,True,har_ovx,0.0533997291390417,0.01977676219739272
126,22.10.2019,8,2019,True,har_ovx,0.0535883602388676,0.01985293785677153
126,23.10.2019,8,2019,True,har_ovx,0.0535225209652922,0.019425048237225188
126,24.10.2019,8,2019,True,har_ovx,0.0537825729563737,0.019622389648665046
126,25.10.2019,8,2019,True,har_ovx,0.0538435221922939,0.019620055092832614
126,28.10.2019,8,2019,True,har_ovx,0.0546595391118483,0.019093173133783864
126,29.10.2019,8,2019,True,har_ovx,0.0557310548878919,0.019454832665111686
126,30.10.2019,8,2019,True,har_ovx,0.0559193728167961,0.019296279189841597
126,31.10.2019,8,2019,True,har_ovx,0.0560058597489461,0.01887771652001452
126,01.11.2019,8,2019,True,har_ovx,0.057243596176357,0.019384814873030974
126,04.11.2019,8,2019,True,har_ovx,0.0573204042960387,0.018986203199080037
126,05.11.2019,8,2019,True,har_ovx,0.0572952110636509,0.019346087927431442
126,06.11.2019,8,2019,True,har_ovx,0.057498409885371,0.01868742802087036
126,07.11.2019,8,2019,True,har_ovx,0.0575869632095542,0.018582536753164028
126,08.11.2019,8,2019,True,har_ovx,0.0576023710389404,0.017823051759355463
126,11.11.2019,8,2019,True,har_ovx,0.0576323436215929,0.01773652062589855
126,12.11.2019,8,2019,True,har_ovx,0.0579712486312683,0.01875489486048384
126,13.11.2019,8,2019,True,har_ovx,0.0581253003150971,0.01853270034562809
126,14.11.2019,8,2019,True,har_ovx,0.0584956718114887,0.0190937223835429
126,15.11.2019,8,2019,True,har_ovx,0.0584656672836194,0.018606162987192244
126,18.11.2019,8,2019,True,har_ovx,0.0585479374517584,0.018133934043796145
126,19.11.2019,8,2019,True,har_ovx,0.0585305967023824,0.01861282697493855
126,20.11.2019,8,2019,True,har_ovx,0.058507358736457,0.018476146000845867
126,21.11.2019,8,2019,True,har_ovx,0.0585260186129619,0.01817903303856502
126,22.11.2019,8,2019,True,har_ovx,0.0586116492490775,0.018003738077351186
126,25.11.2019,8,2019,True,har_ovx,0.0586348337463248,0.0182021306892228
126,26.11.2019,8,2019,True,har_ovx,0.0586230028713464,0.017978051933169203
126,27.11.2019,8,2019,True,har_ovx,0.0591213792910344,0.01779225876584121
126,29.11.2019,8,2019,True,har_ovx,0.0591762584798297,0.017549368945710516
126,02.12.2019,8,2019,True,har_ovx,0.0591520164751219,0.020044980089854135
126,03.12.2019,8,2019,True,har_ovx,0.0591565533341607,0.019366991233744094
126,04.12.2019,8,2019,True,har_ovx,0.0592949660675824,0.01922740187941893
126,05.12.2019,8,2019,True,har_ovx,0.059361308136978,0.01847529333770425
126,06.12.2019,8,2019,True,har_ovx,0.0593475599943627,0.0175407014287045
126,09.12.2019,8,2019,True,har_ovx,0.0593663601086512,0.017481352192492177
126,10.12.2019,8,2019,True,har_ovx,0.0597476185845296,0.017398427525918508
126,11.12.2019,8,2019,True,har_ovx,0.0597504913976667,0.01659570995237798
126,12.12.2019,8,2019,True,har_ovx,0.0597985670506117,0.01662873012924922
126,13.12.2019,8,2019,True,har_ovx,0.0598526519065456,0.01647377229711226
126,16.12.2019,8,2019,True,har_ovx,0.059850969291645,0.01629121536963644
126,17.12.2019,8,2019,True,har_ovx,0.059871268628506,0.016076295694692468
126,18.12.2019,8,2019,True,har_ovx,0.0598962003138823,0.016060915194707166
126,19.12.2019,8,2019,True,har_ovx,0.0599303922139217,0.016079862289020443
126,20.12.2019,8,2019,True,har_ovx,0.0599332551631505,0.01531560209811628
126,23.12.2019,8,2019,True,har_ovx,0.0601113484675199,0.01555192792622714
126,24.12.2019,8,2019,True,har_ovx,0.060126757802455,0.01535729403804775
126,26.12.2019,8,2019,True,har_ovx,0.0601132401422326,0.015561648196456015
126,27.12.2019,8,2019,True,har_ovx,0.0601378373513459,0.015024887501780684
126,30.12.2019,8,2019,True,har_ovx,0.0601395739047602,0.015380823015885916
126,31.12.2019,8,2019,True,har_ovx,0.0601108107717703,0.01554707422011666
126,02.01.2019,8,2019,True,har_gpr,0.016865246360979,0.029563656739524675
126,03.01.2019,8,2019,True,har_gpr,0.0167980508080535,0.02889304278234713
126,04.01.2019,8,2019,True,har_gpr,0.0167171400734202,0.027368778845311005
126,07.01.2019,8,2019,True,har_gpr,0.0167136671411858,0.026658299216004742
126,08.01.2019,8,2019,True,har_gpr,0.0170165788083586,0.02606991153129585
126,09.01.2019,8,2019,True,har_gpr,0.0165619681885923,0.02638506862424973
126,10.01.2019,8,2019,True,har_gpr,0.016560745465286,0.0276952517972242
126,11.01.2019,8,2019,True,har_gpr,0.0164650471390834,0.02684824609120014
126,14.01.2019,8,2019,True,har_gpr,0.0165738090916502,0.027708427259001796
126,15.01.2019,8,2019,True,har_gpr,0.016427504837841,0.02797857431031628
126,16.01.2019,8,2019,True,har_gpr,0.0165856752723467,0.02822693400268637
126,17.01.2019,8,2019,True,har_gpr,0.0166019392468415,0.02743643275914943
126,18.01.2019,8,2019,True,har_gpr,0.0164952193576408,0.025958804694906006
126,22.01.2019,8,2019,True,har_gpr,0.0164215031877503,0.02655128367920029
126,23.01.2019,8,2019,True,har_gpr,0.0164392079802365,0.02574210925839225
126,24.01.2019,8,2019,True,har_gpr,0.0164411668616704,0.02525843733705856
126,25.01.2019,8,2019,True,har_gpr,0.0164229113826575,0.02296259134630081
126,28.01.2019,8,2019,True,har_gpr,0.0162271329349644,0.020835964970261786
126,29.01.2019,8,2019,True,har_gpr,0.0161600055000157,0.019797673483681406
126,30.01.2019,8,2019,True,har_gpr,0.0161644222129085,0.019992753442763713
126,31.01.2019,8,2019,True,har_gpr,0.0174803062782358,0.019268976876421953
126,01.02.2019,8,2019,True,har_gpr,0.0175988886956035,0.019114393694919782
126,04.02.2019,8,2019,True,har_gpr,0.0178353344418164,0.018926889144082415
126,05.02.2019,8,2019,True,har_gpr,0.0178661692976055,0.0179637012255361
126,06.02.2019,8,2019,True,har_gpr,0.0183110929006283,0.0179354753355154
126,07.02.2019,8,2019,True,har_gpr,0.0183487169658662,0.01782785245947559
126,08.02.2019,8,2019,True,har_gpr,0.0184245872877697,0.017076915289422786
126,11.02.2019,8,2019,True,har_gpr,0.0184068022972013,0.01691676871106854
126,12.02.2019,8,2019,True,har_gpr,0.0188101067472644,0.01808691116067728
126,13.02.2019,8,2019,True,har_gpr,0.0189200655001035,0.01785452727247157
126,14.02.2019,8,2019,True,har_gpr,0.0189576037800997,0.01773113053747882
126,15.02.2019,8,2019,True,har_gpr,0.0188212500347477,0.01750473853991211
126,19.02.2019,8,2019,True,har_gpr,0.0188985656952048,0.018236026508993926
126,20.02.2019,8,2019,True,har_gpr,0.0188829981176363,0.016874367475292168
126,21.02.2019,8,2019,True,har_gpr,0.0188889536466782,0.016614985351267385
126,22.02.2019,8,2019,True,har_gpr,0.0188946867464054,0.016398080811632035
126,25.02.2019,8,2019,True,har_gpr,0.0186507069210778,0.016419750821379725
126,26.02.2019,8,2019,True,har_gpr,0.0186598156673283,0.018636502363476228
126,27.02.2019,8,2019,True,har_gpr,0.0186295656579612,0.017210792032122755
126,28.02.2019,8,2019,True,har_gpr,0.01868772039841,0.01741334656217745
126,01.03.2019,8,2019,True,har_gpr,0.0186682083405282,0.01719474671992082
126,04.03.2019,8,2019,True,har_gpr,0.018669733391073,0.017688166541502445
126,05.03.2019,8,2019,True,har_gpr,0.0189387310059044,0.017307824824933194
126,06.03.2019,8,2019,True,har_gpr,0.0193034207941268,0.017106626365963322
126,07.03.2019,8,2019,True,har_gpr,0.0193022106631377,0.016809501010610055
126,08.03.2019,8,2019,True,har_gpr,0.0193110040129075,0.01681250896989577
126,11.03.2019,8,2019,True,har_gpr,0.0193377679099839,0.016543402339785487
126,12.03.2019,8,2019,True,har_gpr,0.0193387343640404,0.016880960154888994
126,13.03.2019,8,2019,True,har_gpr,0.0194264891647512,0.01646921982380078
126,14.03.2019,8,2019,True,har_gpr,0.0194313991040954,0.01677769031676094
126,15.03.2019,8,2019,True,har_gpr,0.0194320548595738,0.016470646937918748
126,18.03.2019,8,2019,True,har_gpr,0.0229542423325098,0.016165809620828468
126,19.03.2019,8,2019,True,har_gpr,0.0237201865191683,0.016462068440632718
126,20.03.2019,8,2019,True,har_gpr,0.0237239142443463,0.016351949798289377
126,21.03.2019,8,2019,True,har_gpr,0.0237391047226086,0.01670711502124438
126,22.03.2019,8,2019,True,har_gpr,0.0237154757051132,0.016795691305833433
126,25.03.2019,8,2019,True,har_gpr,0.0237245062610255,0.01712618263399912
126,26.03.2019,8,2019,True,har_gpr,0.0238125040408925,0.01419441521436061
126,27.03.2019,8,2019,True,har_gpr,0.0238313429695261,0.014542483013024975
126,28.03.2019,8,2019,True,har_gpr,0.0238378261815173,0.013879150006544536
126,29.03.2019,8,2019,True,har_gpr,0.023850705372405,0.013727909799140348
126,01.04.2019,8,2019,True,har_gpr,0.0238856537651834,0.013426006887509154
126,02.04.2019,8,2019,True,har_gpr,0.0240335553576121,0.013685179546321315
126,03.04.2019,8,2019,True,har_gpr,0.0240948473234417,0.013561113100242292
126,04.04.2019,8,2019,True,har_gpr,0.0240941265814274,0.01346181148151854
126,05.04.2019,8,2019,True,har_gpr,0.0240845257856604,0.01345003583407165
126,08.04.2019,8,2019,True,har_gpr,0.0240597359486857,0.01377662017849356
126,09.04.2019,8,2019,True,har_gpr,0.0240549656354486,0.014115164234881485
126,10.04.2019,8,2019,True,har_gpr,0.0240064724051278,0.014293635032393878
126,11.04.2019,8,2019,True,har_gpr,0.024022609664325,0.014640072163186111
126,12.04.2019,8,2019,True,har_gpr,0.0241042061130941,0.014999998822905352
126,15.04.2019,8,2019,True,har_gpr,0.0241553464353252,0.014968190874896946
126,16.04.2019,8,2019,True,har_gpr,0.0241545949086663,0.014545593223695865
126,17.04.2019,8,2019,True,har_gpr,0.0241827479971597,0.014607518011488128
126,18.04.2019,8,2019,True,har_gpr,0.0241915933761079,0.01422183644189992
126,22.04.2019,8,2019,True,har_gpr,0.0240500234950578,0.013960351329324992
126,23.04.2019,8,2019,True,har_gpr,0.0240449581092207,0.015544044999348937
126,24.04.2019,8,2019,True,har_gpr,0.0240777399864813,0.014945140242220711
126,25.04.2019,8,2019,True,har_gpr,0.0241893462969879,0.01481627609672842
126,26.04.2019,8,2019,True,har_gpr,0.0240684565412743,0.014898063121727662
126,29.04.2019,8,2019,True,har_gpr,0.024076298017084,0.01724004694159979
126,30.04.2019,8,2019,True,har_gpr,0.0240593674557792,0.015683853141210374
126,01.05.2019,8,2019,True,har_gpr,0.024051042556729,0.015958292503986872
126,02.05.2019,8,2019,True,har_gpr,0.0240288671107404,0.016010616421662086
126,03.05.2019,8,2019,True,har_gpr,0.0240318931183478,0.016754172882364055
126,06.05.2019,8,2019,True,har_gpr,0.0241296329037579,0.01611517547123669
126,07.05.2019,8,2019,True,har_gpr,0.0240854536445594,0.016243104178863918
126,08.05.2019,8,2019,True,har_gpr,0.0241084759751512,0.016765995707226186
126,09.05.2019,8,2019,True,har_gpr,0.0241655864458409,0.016582985699077374
126,10.05.2019,8,2019,True,har_gpr,0.0241787311612871,0.016046691834272275
126,13.05.2019,8,2019,True,har_gpr,0.0241785933987517,0.015997676301029082
126,14.05.2019,8,2019,True,har_gpr,0.0241429845778933,0.015515397810254274
126,15.05.2019,8,2019,True,har_gpr,0.0241310403902985,0.01576633777647362
126,16.05.2019,8,2019,True,har_gpr,0.0241095094353387,0.015607870687769376
126,17.05.2019,8,2019,True,har_gpr,0.024106203299094,0.015844076343694984
126,20.05.2019,8,2019,True,har_gpr,0.0241552263171202,0.01579989034277805
126,21.05.2019,8,2019,True,har_gpr,0.0241788351812288,0.015226142213929737
126,22.05.2019,8,2019,True,har_gpr,0.0242316750345193,0.01509027693685491
126,23.05.2019,8,2019,True,har_gpr,0.0239907657961173,0.015779895569781786
126,24.05.2019,8,2019,True,har_gpr,0.0240649005023604,0.018562072219544788
126,28.05.2019,8,2019,True,har_gpr,0.02400230819022,0.01764522456969784
126,29.05.2019,8,2019,True,har_gpr,0.023993558981236,0.018159179456086978
126,30.05.2019,8,2019,True,har_gpr,0.0237773139849452,0.017812828727882042
126,31.05.2019,8,2019,True,har_gpr,0.0235592119465047,0.019501128685273934
126,03.06.2019,8,2019,True,har_gpr,0.0232266567903451,0.019857497504005048
126,04.06.2019,8,2019,True,har_gpr,0.0233082373019011,0.021985780444918293
126,05.06.2019,8,2019,True,har_gpr,0.0232269317343753,0.021001067675338117
126,06.06.2019,8,2019,True,har_gpr,0.023389513317289,0.02122465421305874
126,07.06.2019,8,2019,True,har_gpr,0.0232814075059479,0.0216018427480257
126,10.06.2019,8,2019,True,har_gpr,0.0232784237901664,0.022452617936947326
126,11.06.2019,8,2019,True,har_gpr,0.0232794282334691,0.021594598972856444
126,12.06.2019,8,2019,True,har_gpr,0.0230253933476295,0.021223790970027287
126,13.06.2019,8,2019,True,har_gpr,0.022961528450952,0.02259221982564181
126,14.06.2019,8,2019,True,har_gpr,0.0229492741924129,0.022616311293048825
126,17.06.2019,8,2019,True,har_gpr,0.0229350651492032,0.02221164204333576
126,18.06.2019,8,2019,True,har_gpr,0.0228721364557857,0.021817736228800358
126,19.06.2019,8,2019,True,har_gpr,0.0228881372845607,0.022336716808546916
126,20.06.2019,8,2019,True,har_gpr,0.0225882711016209,0.02150979857219712
126,21.06.2019,8,2019,True,har_gpr,0.0225704592330597,0.023648688133195185
126,24.06.2019,8,2019,True,har_gpr,0.0225721027930522,0.022203313985059606
126,25.06.2019,8,2019,True,har_gpr,0.0225730612040327,0.021306040483060694
126,26.06.2019,8,2019,True,har_gpr,0.0225145190815595,0.02099535049754852
126,27.06.2019,8,2019,True,har_gpr,0.0225341182731795,0.021650343836186484
126,28.06.2019,8,2019,True,har_gpr,0.0225361068193984,0.020142502087815123
126,01.07.2019,8,2019,True,har_gpr,0.0224450901782146,0.019405870678585492
126,02.07.2019,8,2019,True,har_gpr,0.0223684470819528,0.019477818906958794
126,03.07.2019,8,2019,True,har_gpr,0.0222827823059665,0.02137702514058211
126,05.07.2019,8,2019,True,har_gpr,0.0224883971297818,0.020885732968642465
126,08.07.2019,8,2019,True,har_gpr,0.0224901481694807,0.02043250100476913
126,09.07.2019,8,2019,True,har_gpr,0.022507435357702,0.02027673857835297
126,10.07.2019,8,2019,True,har_gpr,0.0224949193429866,0.020015775707232522
126,11.07.2019,8,2019,True,har_gpr,0.0224859070605752,0.021705131038846855
126,12.07.2019,8,2019,True,har_gpr,0.0224901165347547,0.020005745544111702
126,15.07.2019,8,2019,True,har_gpr,0.0225130003660408,0.019733410692915194
126,16.07.2019,8,2019,True,har_gpr,0.0223291569335561,0.01990822381195511
126,17.07.2019,8,2019,True,har_gpr,0.0223187224502892,0.02140657430582957
126,18.07.2019,8,2019,True,har_gpr,0.0221964680997692,0.02014627511849711
126,19.07.2019,8,2019,True,har_gpr,0.0221857436408359,0.02105006245226035
126,22.07.2019,8,2019,True,har_gpr,0.0221615484643832,0.01970562400243568
126,23.07.2019,8,2019,True,har_gpr,0.0222315860422308,0.0198055866284005
126,24.07.2019,8,2019,True,har_gpr,0.0222751603506435,0.01961501532449219
126,25.07.2019,8,2019,True,har_gpr,0.0223577188038895,0.019681109692762808
126,26.07.2019,8,2019,True,har_gpr,0.0224468197654893,0.01879876110650617
126,29.07.2019,8,2019,True,har_gpr,0.0224457464891179,0.018738249106918604
126,30.07.2019,8,2019,True,har_gpr,0.0224039001064484,0.018841783713618946
126,31.07.2019,8,2019,True,har_gpr,0.0225045973807333,0.01910819345532292
126,01.08.2019,8,2019,True,har_gpr,0.0215164583287161,0.01751831064503761
126,02.08.2019,8,2019,True,har_gpr,0.02219562321572,0.02361303612677443
126,05.08.2019,8,2019,True,har_gpr,0.0220072477309497,0.02283325794624811
126,06.08.2019,8,2019,True,har_gpr,0.0220836092753576,0.024138257121911706
126,07.08.2019,8,2019,True,har_gpr,0.0216912519005329,0.023582905748323064
126,08.08.2019,8,2019,True,har_gpr,0.0216254459120437,0.02383999862393809
126,09.08.2019,8,2019,True,har_gpr,0.0216353597296185,0.023382580963114342
126,12.08.2019,8,2019,True,har_gpr,0.0216737984746822,0.023635296282374037
126,13.08.2019,8,2019,True,har_gpr,0.0214805736724674,0.022566140969581174
126,14.08.2019,8,2019,True,har_gpr,0.0213376240220817,0.024696638773891444
126,15.08.2019,8,2019,True,har_gpr,0.0213127983103376,0.024325855553752843
126,16.08.2019,8,2019,True,har_gpr,0.0213140632821207,0.02413235157974142
126,19.08.2019,8,2019,True,har_gpr,0.0213525586899308,0.023727453113083493
126,20.08.2019,8,2019,True,har_gpr,0.021350039573628,0.024020720621274756
126,21.08.2019,8,2019,True,har_gpr,0.0213805231778585,0.02318364363100052
126,22.08.2019,8,2019,True,har_gpr,0.0216419428035955,0.022886682556466052
126,23.08.2019,8,2019,True,har_gpr,0.0217301837176858,0.022644809400363987
126,26.08.2019,8,2019,True,har_gpr,0.0218487626139111,0.022843803872888313
126,27.08.2019,8,2019,True,har_gpr,0.0219046580480567,0.022978681656946044
126,28.08.2019,8,2019,True,har_gpr,0.0220245069411103,0.02315073137752922
126,29.08.2019,8,2019,True,har_gpr,0.0221474803877526,0.0234701330409915
126,30.08.2019,8,2019,True,har_gpr,0.0221314027010438,0.02083548225443618
126,03.09.2019,8,2019,True,har_gpr,0.0219342405197062,0.020639738626052267
126,04.09.2019,8,2019,True,har_gpr,0.0216887400721731,0.021780411456236017
126,05.09.2019,8,2019,True,har_gpr,0.023360945128286,0.02298224833581657
126,06.09.2019,8,2019,True,har_gpr,0.0337246681138718,0.02075367865950223
126,09.09.2019,8,2019,True,har_gpr,0.034505306728194,0.02074328284109791
126,10.09.2019,8,2019,True,har_gpr,0.0346462058588445,0.021221496499528057
126,11.09.2019,8,2019,True,har_gpr,0.0351563888961954,0.0203942877041439
126,12.09.2019,8,2019,True,har_gpr,0.0352184186364884,0.020117090195508863
126,13.09.2019,8,2019,True,har_gpr,0.0366646662612253,0.019126600706646166
126,16.09.2019,8,2019,True,har_gpr,0.0345474611583297,0.018620580818399526
126,17.09.2019,8,2019,True,har_gpr,0.0362537109387926,0.03161306653573174
126,18.09.2019,8,2019,True,har_gpr,0.0384005720614201,0.03223588782186546
126,19.09.2019,8,2019,True,har_gpr,0.0385931297887378,0.031087395608765278
126,20.09.2019,8,2019,True,har_gpr,0.0385984326076301,0.03103504967072456
126,23.09.2019,8,2019,True,har_gpr,0.0385899714622324,0.03076646829473563
126,24.09.2019,8,2019,True,har_gpr,0.0385762246138793,0.029031750283019006
126,25.09.2019,8,2019,True,har_gpr,0.0386824541666925,0.028899141437197743
126,26.09.2019,8,2019,True,har_gpr,0.0389027825385979,0.028560917961372174
126,27.09.2019,8,2019,True,har_gpr,0.0396088094967065,0.028292659086053
126,30.09.2019,8,2019,True,har_gpr,0.0396025103263228,0.028526852162420107
126,01.10.2019,8,2019,True,har_gpr,0.0403836203140781,0.028469762568719383
126,02.10.2019,8,2019,True,har_gpr,0.0440345783594204,0.028749230797594526
126,03.10.2019,8,2019,True,har_gpr,0.0456598732510126,0.028070324172686997
126,04.10.2019,8,2019,True,har_gpr,0.045703150964548,0.02749526458679115
126,07.10.2019,8,2019,True,har_gpr,0.0457893862003255,0.028036777352877566
126,08.10.2019,8,2019,True,har_gpr,0.0458935057068374,0.027796689366855195
126,09.10.2019,8,2019,True,har_gpr,0.0460131683353167,0.027548798915373637
126,10.10.2019,8,2019,True,har_gpr,0.0459993798826556,0.02707527038005038
126,11.10.2019,8,2019,True,har_gpr,0.0462876934361386,0.027496723178791385
126,14.10.2019,8,2019,True,har_gpr,0.0465908382520479,0.028105090538398284
126,15.10.2019,8,2019,True,har_gpr,0.0465990036628722,0.020220104615386286
126,16.10.2019,8,2019,True,har_gpr,0.0465928083777478,0.017214908710381147
126,17.10.2019,8,2019,True,har_gpr,0.0472243725718263,0.017370580433497002
126,18.10.2019,8,2019,True,har_gpr,0.0531196079977874,0.01717176390464899
126,21.10.2019,8,2019,True,har_gpr,0.0533997291390417,0.01698025810496421
126,22.10.2019,8,2019,True,har_gpr,0.0535883602388676,0.016967505317380213
126,23.10.2019,8,2019,True,har_gpr,0.0535225209652922,0.016878127764424898
126,24.10.2019,8,2019,True,har_gpr,0.0537825729563737,0.017814233869786533
126,25.10.2019,8,2019,True,har_gpr,0.0538435221922939,0.01747153778122773
126,28.10.2019,8,2019,True,har_gpr,0.0546595391118483,0.017199550421438718
126,29.10.2019,8,2019,True,har_gpr,0.0557310548878919,0.017084410245379586
126,30.10.2019,8,2019,True,har_gpr,0.0559193728167961,0.01595743058750163
126,31.10.2019,8,2019,True,har_gpr,0.0560058597489461,0.016046639087499568
126,01.11.2019,8,2019,True,har_gpr,0.057243596176357,0.01581098629915265
126,04.11.2019,8,2019,True,har_gpr,0.0573204042960387,0.016921319617100958
126,05.11.2019,8,2019,True,har_gpr,0.0572952110636509,0.0162729914432619
126,06.11.2019,8,2019,True,har_gpr,0.057498409885371,0.016513892409150435
126,07.11.2019,8,2019,True,har_gpr,0.0575869632095542,0.0171804796139758
126,08.11.2019,8,2019,True,har_gpr,0.0576023710389404,0.016826579649573306
126,11.11.2019,8,2019,True,har_gpr,0.0576323436215929,0.016139817353897218
126,12.11.2019,8,2019,True,har_gpr,0.0579712486312683,0.015801647802289702
126,13.11.2019,8,2019,True,har_gpr,0.0581253003150971,0.01568807449680944
126,14.11.2019,8,2019,True,har_gpr,0.0584956718114887,0.015436054053765667
126,15.11.2019,8,2019,True,har_gpr,0.0584656672836194,0.015262026904605593
126,18.11.2019,8,2019,True,har_gpr,0.0585479374517584,0.01588506983367968
126,19.11.2019,8,2019,True,har_gpr,0.0585305967023824,0.01577264416489583
126,20.11.2019,8,2019,True,har_gpr,0.058507358736457,0.016842696135591997
126,21.11.2019,8,2019,True,har_gpr,0.0585260186129619,0.017029484978270497
126,22.11.2019,8,2019,True,har_gpr,0.0586116492490775,0.017613936480535507
126,25.11.2019,8,2019,True,har_gpr,0.0586348337463248,0.017318796646707733
126,26.11.2019,8,2019,True,har_gpr,0.0586230028713464,0.017563880295104486
126,27.11.2019,8,2019,True,har_gpr,0.0591213792910344,0.017397818401972694
126,29.11.2019,8,2019,True,har_gpr,0.0591762584798297,0.016928331297075584
126,02.12.2019,8,2019,True,har_gpr,0.0591520164751219,0.018068090095916752
126,03.12.2019,8,2019,True,har_gpr,0.0591565533341607,0.017854822634775232
126,04.12.2019,8,2019,True,har_gpr,0.0592949660675824,0.017235403250387103
126,05.12.2019,8,2019,True,har_gpr,0.059361308136978,0.019265895813956754
126,06.12.2019,8,2019,True,har_gpr,0.0593475599943627,0.01834162162723236
126,09.12.2019,8,2019,True,har_gpr,0.0593663601086512,0.018517120655028543
126,10.12.2019,8,2019,True,har_gpr,0.0597476185845296,0.0180849762995787
126,11.12.2019,8,2019,True,har_gpr,0.0597504913976667,0.01800666925429367
126,12.12.2019,8,2019,True,har_gpr,0.0597985670506117,0.018014873859071363
126,13.12.2019,8,2019,True,har_gpr,0.0598526519065456,0.017989572951602067
126,16.12.2019,8,2019,True,har_gpr,0.059850969291645,0.01831147658036315
126,17.12.2019,8,2019,True,har_gpr,0.059871268628506,0.017839364982783414
126,18.12.2019,8,2019,True,har_gpr,0.0598962003138823,0.01797121404158091
126,19.12.2019,8,2019,True,har_gpr,0.0599303922139217,0.016951990405633208
126,20.12.2019,8,2019,True,har_gpr,0.0599332551631505,0.016721129010671684
126,23.12.2019,8,2019,True,har_gpr,0.0601113484675199,0.01636735624195799
126,24.12.2019,8,2019,True,har_gpr,0.060126757802455,0.016316100903091272
126,26.12.2019,8,2019,True,har_gpr,0.0601132401422326,0.01659826743870417
126,27.12.2019,8,2019,True,har_gpr,0.0601378373513459,0.016603699114661825
126,30.12.2019,8,2019,True,har_gpr,0.0601395739047602,0.01640669332687165
126,31.12.2019,8,2019,True,har_gpr,0.0601108107717703,0.016200011857131387
126,02.01.2019,8,2019,True,har_x,0.016865246360979,0.026959430823076138
126,03.01.2019,8,2019,True,har_x,0.0167980508080535,0.02802592020876587
126,04.01.2019,8,2019,True,har_x,0.0167171400734202,0.027498576481141592
126,07.01.2019,8,2019,True,har_x,0.0167136671411858,0.026779847177235375
126,08.01.2019,8,2019,True,har_x,0.0170165788083586,0.026208005411713975
126,09.01.2019,8,2019,True,har_x,0.0165619681885923,0.02468578274900755
126,10.01.2019,8,2019,True,har_x,0.016560745465286,0.02422991238928542
126,11.01.2019,8,2019,True,har_x,0.0164650471390834,0.023403248701571067
126,14.01.2019,8,2019,True,har_x,0.0165738090916502,0.022756501687670606
126,15.01.2019,8,2019,True,har_x,0.016427504837841,0.022739451606155564
126,16.01.2019,8,2019,True,har_x,0.0165856752723467,0.02237320720056087
126,17.01.2019,8,2019,True,har_x,0.0166019392468415,0.021894898546401944
126,18.01.2019,8,2019,True,har_x,0.0164952193576408,0.020999728781320132
126,22.01.2019,8,2019,True,har_x,0.0164215031877503,0.02063726673569424
126,23.01.2019,8,2019,True,har_x,0.0164392079802365,0.021601489962244216
126,24.01.2019,8,2019,True,har_x,0.0164411668616704,0.021286372830835603
126,25.01.2019,8,2019,True,har_x,0.0164229113826575,0.020611232704733376
126,28.01.2019,8,2019,True,har_x,0.0162271329349644,0.01977280026584249
126,29.01.2019,8,2019,True,har_x,0.0161600055000157,0.020648891633623774
126,30.01.2019,8,2019,True,har_x,0.0161644222129085,0.020434935546786225
126,31.01.2019,8,2019,True,har_x,0.0174803062782358,0.01967893621915451
126,01.02.2019,8,2019,True,har_x,0.0175988886956035,0.019415843153210877
126,04.02.2019,8,2019,True,har_x,0.0178353344418164,0.018779210040665302
126,05.02.2019,8,2019,True,har_x,0.0178661692976055,0.01928088787065194
126,06.02.2019,8,2019,True,har_x,0.0183110929006283,0.019617823482817914
126,07.02.2019,8,2019,True,har_x,0.0183487169658662,0.019014236302744902
126,08.02.2019,8,2019,True,har_x,0.0184245872877697,0.019409935567475278
126,11.02.2019,8,2019,True,har_x,0.0184068022972013,0.018664439304180585
126,12.02.2019,8,2019,True,har_x,0.0188101067472644,0.018654250276466534
126,13.02.2019,8,2019,True,har_x,0.0189200655001035,0.018382048255199394
126,14.02.2019,8,2019,True,har_x,0.0189576037800997,0.0182053687499534
126,15.02.2019,8,2019,True,har_x,0.0188212500347477,0.018133576829619927
126,19.02.2019,8,2019,True,har_x,0.0188985656952048,0.01724908862566595
126,20.02.2019,8,2019,True,har_x,0.0188829981176363,0.017835983821716753
126,21.02.2019,8,2019,True,har_x,0.0188889536466782,0.01773330655841852
126,22.02.2019,8,2019,True,har_x,0.0188946867464054,0.017423666630577428
126,25.02.2019,8,2019,True,har_x,0.0186507069210778,0.017306882571889507
126,26.02.2019,8,2019,True,har_x,0.0186598156673283,0.018759995777245245
126,27.02.2019,8,2019,True,har_x,0.0186295656579612,0.018019777576295026
126,28.02.2019,8,2019,True,har_x,0.01868772039841,0.017863265777435976
126,01.03.2019,8,2019,True,har_x,0.0186682083405282,0.017499460197211835
126,04.03.2019,8,2019,True,har_x,0.018669733391073,0.01761456077251226
126,05.03.2019,8,2019,True,har_x,0.0189387310059044,0.017225293131283296
126,06.03.2019,8,2019,True,har_x,0.0193034207941268,0.017017556865274095
126,07.03.2019,8,2019,True,har_x,0.0193022106631377,0.016965585524771277
126,08.03.2019,8,2019,True,har_x,0.0193110040129075,0.01726045877530292
126,11.03.2019,8,2019,True,har_x,0.0193377679099839,0.017010117952500115
126,12.03.2019,8,2019,True,har_x,0.0193387343640404,0.016748798380854028
126,13.03.2019,8,2019,True,har_x,0.0194264891647512,0.01641013813923676
126,14.03.2019,8,2019,True,har_x,0.0194313991040954,0.01632443719206622
126,15.03.2019,8,2019,True,har_x,0.0194320548595738,0.015893581999613875
126,18.03.2019,8,2019,True,har_x,0.0229542423325098,0.015489235929349088
126,19.03.2019,8,2019,True,har_x,0.0237201865191683,0.015725584170520533
126,20.03.2019,8,2019,True,har_x,0.0237239142443463,0.01644051699356673
126,21.03.2019,8,2019,True,har_x,0.0237391047226086,0.016067749552268154
126,22.03.2019,8,2019,True,har_x,0.0237154757051132,0.01602529369723059
126,25.03.2019,8,2019,True,har_x,0.0237245062610255,0.016307052738999163
126,26.03.2019,8,2019,True,har_x,0.0238125040408925,0.016442673919317388
126,27.03.2019,8,2019,True,har_x,0.0238313429695261,0.015977492625918407
126,28.03.2019,8,2019,True,har_x,0.0238378261815173,0.015942237960706342
126,29.03.2019,8,2019,True,har_x,0.023850705372405,0.01607894433600884
126,01.04.2019,8,2019,True,har_x,0.0238856537651834,0.015421148744531356
126,02.04.2019,8,2019,True,har_x,0.0240335553576121,0.015299168363825243
126,03.04.2019,8,2019,True,har_x,0.0240948473234417,0.015294092346923279
126,04.04.2019,8,2019,True,har_x,0.0240941265814274,0.014994565242152421
126,05.04.2019,8,2019,True,har_x,0.0240845257856604,0.014863706445619396
126,08.04.2019,8,2019,True,har_x,0.0240597359486857,0.01447925209044871
126,09.04.2019,8,2019,True,har_x,0.0240549656354486,0.014737420738327093
126,10.04.2019,8,2019,True,har_x,0.0240064724051278,0.014851488141511259
126,11.04.2019,8,2019,True,har_x,0.024022609664325,0.014932962428914969
126,12.04.2019,8,2019,True,har_x,0.0241042061130941,0.015328225684093876
126,15.04.2019,8,2019,True,har_x,0.0241553464353252,0.015317949148057156
126,16.04.2019,8,2019,True,har_x,0.0241545949086663,0.015026838719026572
126,17.04.2019,8,2019,True,har_x,0.0241827479971597,0.015071248131138292
126,18.04.2019,8,2019,True,har_x,0.0241915933761079,0.014869132901908515
126,22.04.2019,8,2019,True,har_x,0.0240500234950578,0.014591254918784416
126,23.04.2019,8,2019,True,har_x,0.0240449581092207,0.015611378329084921
126,24.04.2019,8,2019,True,har_x,0.0240777399864813,0.015642342826288184
126,25.04.2019,8,2019,True,har_x,0.0241893462969879,0.01510808963548357
126,26.04.2019,8,2019,True,har_x,0.0240684565412743,0.01523599222527023
126,29.04.2019,8,2019,True,har_x,0.024076298017084,0.01775103734633792
126,30.04.2019,8,2019,True,har_x,0.0240593674557792,0.016569847516634578
126,01.05.2019,8,2019,True,har_x,0.024051042556729,0.016738627590705938
126,02.05.2019,8,2019,True,har_x,0.0240288671107404,0.016777816021494304
126,03.05.2019,8,2019,True,har_x,0.0240318931183478,0.017328598140889318
126,06.05.2019,8,2019,True,har_x,0.0241296329037579,0.01696994854566844
126,07.05.2019,8,2019,True,har_x,0.0240854536445594,0.017669583224683823
126,08.05.2019,8,2019,True,har_x,0.0241084759751512,0.019007541023240405
126,09.05.2019,8,2019,True,har_x,0.0241655864458409,0.018214078715508585
126,10.05.2019,8,2019,True,har_x,0.0241787311612871,0.018234937847731315
126,13.05.2019,8,2019,True,har_x,0.0241785933987517,0.018362043725017003
126,14.05.2019,8,2019,True,har_x,0.0241429845778933,0.019016436183108783
126,15.05.2019,8,2019,True,har_x,0.0241310403902985,0.018165966772810974
126,16.05.2019,8,2019,True,har_x,0.0241095094353387,0.017019537449558603
126,17.05.2019,8,2019,True,har_x,0.024106203299094,0.0171270314087635
126,20.05.2019,8,2019,True,har_x,0.0241552263171202,0.017089296459705864
126,21.05.2019,8,2019,True,har_x,0.0241788351812288,0.016168035449138494
126,22.05.2019,8,2019,True,har_x,0.0242316750345193,0.015895080239278395
126,23.05.2019,8,2019,True,har_x,0.0239907657961173,0.016497388305481083
126,24.05.2019,8,2019,True,har_x,0.0240649005023604,0.019052585789370125
126,28.05.2019,8,2019,True,har_x,0.02400230819022,0.018535277856679404
126,29.05.2019,8,2019,True,har_x,0.023993558981236,0.019264976082004403
126,30.05.2019,8,2019,True,har_x,0.0237773139849452,0.01996734464981951
126,31.05.2019,8,2019,True,har_x,0.0235592119465047,0.021499744942292644
126,03.06.2019,8,2019,True,har_x,0.0232266567903451,0.0243479720634609
126,04.06.2019,8,2019,True,har_x,0.0233082373019011,0.024503315872692385
126,05.06.2019,8,2019,True,har_x,0.0232269317343753,0.022967199960400954
126,06.06.2019,8,2019,True,har_x,0.023389513317289,0.023712946423192178
126,07.06.2019,8,2019,True,har_x,0.0232814075059479,0.02196353677166109
126,10.06.2019,8,2019,True,har_x,0.0232784237901664,0.021362827726944568
126,11.06.2019,8,2019,True,har_x,0.0232794282334691,0.02113458880380775
126,12.06.2019,8,2019,True,har_x,0.0230253933476295,0.020858829874078187
126,13.06.2019,8,2019,True,har_x,0.022961528450952,0.022824581671410063
126,14.06.2019,8,2019,True,har_x,0.0229492741924129,0.022179823303507307
126,17.06.2019,8,2019,True,har_x,0.0229350651492032,0.02261543616761888
126,18.06.2019,8,2019,True,har_x,0.0228721364557857,0.024182364879097487
126,19.06.2019,8,2019,True,har_x,0.0228881372845607,0.023200454005615018
126,20.06.2019,8,2019,True,har_x,0.0225882711016209,0.022100202907685874
126,21.06.2019,8,2019,True,har_x,0.0225704592330597,0.02281765884278766
126,24.06.2019,8,2019,True,har_x,0.0225721027930522,0.022681272790244532
126,25.06.2019,8,2019,True,har_x,0.0225730612040327,0.022366068285769012
126,26.06.2019,8,2019,True,har_x,0.0225145190815595,0.022033554533202954
126,27.06.2019,8,2019,True,har_x,0.0225341182731795,0.021517923724972143
126,28.06.2019,8,2019,True,har_x,0.0225361068193984,0.021062394099875533
126,01.07.2019,8,2019,True,har_x,0.0224450901782146,0.021581842561930405
126,02.07.2019,8,2019,True,har_x,0.0223684470819528,0.019986864776800572
126,03.07.2019,8,2019,True,har_x,0.0222827823059665,0.02095159794289179
126,05.07.2019,8,2019,True,har_x,0.0224883971297818,0.020403827105940842
126,08.07.2019,8,2019,True,har_x,0.0224901481694807,0.019499999422120252
126,09.07.2019,8,2019,True,har_x,0.022507435357702,0.01891319880606076
126,10.07.2019,8,2019,True,har_x,0.0224949193429866,0.017472267487360114
126,11.07.2019,8,2019,True,har_x,0.0224859070605752,0.018089167777195922
126,12.07.2019,8,2019,True,har_x,0.0224901165347547,0.01735908699558008
126,15.07.2019,8,2019,True,har_x,0.0225130003660408,0.01750649172119228
126,16.07.2019,8,2019,True,har_x,0.0223291569335561,0.01758828672201511
126,17.07.2019,8,2019,True,har_x,0.0223187224502892,0.01831929301398065
126,18.07.2019,8,2019,True,har_x,0.0221964680997692,0.01927927959321237
126,19.07.2019,8,2019,True,har_x,0.0221857436408359,0.018738746297763283
126,22.07.2019,8,2019,True,har_x,0.0221615484643832,0.019144930454153032
126,23.07.2019,8,2019,True,har_x,0.0222315860422308,0.01940316048573418
126,24.07.2019,8,2019,True,har_x,0.0222751603506435,0.01886345721605243
126,25.07.2019,8,2019,True,har_x,0.0223577188038895,0.01911108590566482
126,26.07.2019,8,2019,True,har_x,0.0224468197654893,0.018685896800445776
126,29.07.2019,8,2019,True,har_x,0.0224457464891179,0.0188003410612227
126,30.07.2019,8,2019,True,har_x,0.0224039001064484,0.018337952947995197
126,31.07.2019,8,2019,True,har_x,0.0225045973807333,0.017808687202129237
126,01.08.2019,8,2019,True,har_x,0.0215164583287161,0.01785944620572339
126,02.08.2019,8,2019,True,har_x,0.02219562321572,0.020847467684349565
126,05.08.2019,8,2019,True,har_x,0.0220072477309497,0.020174212064949543
126,06.08.2019,8,2019,True,har_x,0.0220836092753576,0.020760104328876722
126,07.08.2019,8,2019,True,har_x,0.0216912519005329,0.02039834179067936
126,08.08.2019,8,2019,True,har_x,0.0216254459120437,0.02121787158900011
126,09.08.2019,8,2019,True,har_x,0.0216353597296185,0.02027625143694189
126,12.08.2019,8,2019,True,har_x,0.0216737984746822,0.019993068058016945
126,13.08.2019,8,2019,True,har_x,0.0214805736724674,0.019774400125040323
126,14.08.2019,8,2019,True,har_x,0.0213376240220817,0.019714063561353763
126,15.08.2019,8,2019,True,har_x,0.0213127983103376,0.020663531314553008
126,16.08.2019,8,2019,True,har_x,0.0213140632821207,0.020720012907060527
126,19.08.2019,8,2019,True,har_x,0.0213525586899308,0.02016689536791954
126,20.08.2019,8,2019,True,har_x,0.021350039573628,0.019375943623124205
126,21.08.2019,8,2019,True,har_x,0.0213805231778585,0.01904375932541367
126,22.08.2019,8,2019,True,har_x,0.0216419428035955,0.019071863900819906
126,23.08.2019,8,2019,True,har_x,0.0217301837176858,0.019095308000343415
126,26.08.2019,8,2019,True,har_x,0.0218487626139111,0.02019048500186059
126,27.08.2019,8,2019,True,har_x,0.0219046580480567,0.020274271290650594
126,28.08.2019,8,2019,True,har_x,0.0220245069411103,0.019639103502281565
126,29.08.2019,8,2019,True,har_x,0.0221474803877526,0.019283574187779335
126,30.08.2019,8,2019,True,har_x,0.0221314027010438,0.018566735073772492
126,03.09.2019,8,2019,True,har_x,0.0219342405197062,0.01867289555796748
126,04.09.2019,8,2019,True,har_x,0.0216887400721731,0.01989005628515099
126,05.09.2019,8,2019,True,har_x,0.023360945128286,0.019562207544951065
126,06.09.2019,8,2019,True,har_x,0.0337246681138718,0.01871633301196547
126,09.09.2019,8,2019,True,har_x,0.034505306728194,0.01862729223543364
126,10.09.2019,8,2019,True,har_x,0.0346462058588445,0.01883754861961765
126,11.09.2019,8,2019,True,har_x,0.0351563888961954,0.01886786805585721
126,12.09.2019,8,2019,True,har_x,0.0352184186364884,0.019461194244532007
126,13.09.2019,8,2019,True,har_x,0.0366646662612253,0.019497474680444937
126,16.09.2019,8,2019,True,har_x,0.0345474611583297,0.01938483220569202
126,17.09.2019,8,2019,True,har_x,0.0362537109387926,0.026749005790219778
126,18.09.2019,8,2019,True,har_x,0.0384005720614201,0.02504146846893915
126,19.09.2019,8,2019,True,har_x,0.0385931297887378,0.022980546915377025
126,20.09.2019,8,2019,True,har_x,0.0385984326076301,0.02323963676524671
126,23.09.2019,8,2019,True,har_x,0.0385899714622324,0.02233495466623867
126,24.09.2019,8,2019,True,har_x,0.0385762246138793,0.02194423474673953
126,25.09.2019,8,2019,True,har_x,0.0386824541666925,0.022015996744044385
126,26.09.2019,8,2019,True,har_x,0.0389027825385979,0.021772394802715665
126,27.09.2019,8,2019,True,har_x,0.0396088094967065,0.02140175620194788
126,30.09.2019,8,2019,True,har_x,0.0396025103263228,0.021989992562995882
126,01.10.2019,8,2019,True,har_x,0.0403836203140781,0.022164233075435337
126,02.10.2019,8,2019,True,har_x,0.0440345783594204,0.022291603186190504
126,03.10.2019,8,2019,True,har_x,0.0456598732510126,0.022437290451519345
126,04.10.2019,8,2019,True,har_x,0.045703150964548,0.022591592175493034
126,07.10.2019,8,2019,True,har_x,0.0457893862003255,0.022245405832976115
126,08.10.2019,8,2019,True,har_x,0.0458935057068374,0.02201213260884171
126,09.10.2019,8,2019,True,har_x,0.0460131683353167,0.022061898136519764
126,10.10.2019,8,2019,True,har_x,0.0459993798826556,0.021480213700985542
126,11.10.2019,8,2019,True,har_x,0.0462876934361386,0.02215153714011996
126,14.10.2019,8,2019,True,har_x,0.0465908382520479,0.022291816782908362
126,15.10.2019,8,2019,True,har_x,0.0465990036628722,0.021406586003214437
126,16.10.2019,8,2019,True,har_x,0.0465928083777478,0.020992367638152667
126,17.10.2019,8,2019,True,har_x,0.0472243725718263,0.02101332440348235
126,18.10.2019,8,2019,True,har_x,0.0531196079977874,0.02030547828266464
126,21.10.2019,8,2019,True,har_x,0.0533997291390417,0.019826647507068935
126,22.10.2019,8,2019,True,har_x,0.0535883602388676,0.01980563075581807
126,23.10.2019,8,2019,True,har_x,0.0535225209652922,0.019377474589799465
126,24.10.2019,8,2019,True,har_x,0.0537825729563737,0.019574282393705116
126,25.10.2019,8,2019,True,har_x,0.0538435221922939,0.019572387151456407
126,28.10.2019,8,2019,True,har_x,0.0546595391118483,0.019044845283992144
126,29.10.2019,8,2019,True,har_x,0.0557310548878919,0.019433335084222153
126,30.10.2019,8,2019,True,har_x,0.0559193728167961,0.019276613048103675
126,31.10.2019,8,2019,True,har_x,0.0560058597489461,0.01885716875627922
126,01.11.2019,8,2019,True,har_x,0.057243596176357,0.01936479089910724
126,04.11.2019,8,2019,True,har_x,0.0573204042960387,0.01896547509586089
126,05.11.2019,8,2019,True,har_x,0.0572952110636509,0.019142807062415314
126,06.11.2019,8,2019,True,har_x,0.057498409885371,0.018483198608482326
126,07.11.2019,8,2019,True,har_x,0.0575869632095542,0.018377320733758966
126,08.11.2019,8,2019,True,har_x,0.0576023710389404,0.01761728334205267
126,11.11.2019,8,2019,True,har_x,0.0576323436215929,0.01753111185049047
126,12.11.2019,8,2019,True,har_x,0.0579712486312683,0.018551308367319587
126,13.11.2019,8,2019,True,har_x,0.0581253003150971,0.018485364567495024
126,14.11.2019,8,2019,True,har_x,0.0584956718114887,0.019046359196606584
126,15.11.2019,8,2019,True,har_x,0.0584656672836194,0.018558195308489678
126,18.11.2019,8,2019,True,har_x,0.0585479374517584,0.018085434454549118
126,19.11.2019,8,2019,True,har_x,0.0585305967023824,0.018620054734772414
126,20.11.2019,8,2019,True,har_x,0.058507358736457,0.018482552504389165
126,21.11.2019,8,2019,True,har_x,0.0585260186129619,0.01818573119385689
126,22.11.2019,8,2019,True,har_x,0.0586116492490775,0.018009804467311586
126,25.11.2019,8,2019,True,har_x,0.0586348337463248,0.01820874012798995
126,26.11.2019,8,2019,True,har_x,0.0586230028713464,0.01769322723587149
126,27.11.2019,8,2019,True,har_x,0.0591213792910344,0.017505966845618316
126,29.11.2019,8,2019,True,har_x,0.0591762584798297,0.01726329669421955
126,02.12.2019,8,2019,True,har_x,0.0591520164751219,0.019760102958639662
126,03.12.2019,8,2019,True,har_x,0.0591565533341607,0.019242276956483405
126,04.12.2019,8,2019,True,har_x,0.0592949660675824,0.019103198356221894
126,05.12.2019,8,2019,True,har_x,0.059361308136978,0.018349011420464138
126,06.12.2019,8,2019,True,har_x,0.0593475599943627,0.017414793273598638
126,09.12.2019,8,2019,True,har_x,0.0593663601086512,0.017354458769375424
126,10.12.2019,8,2019,True,har_x,0.0597476185845296,0.01730176671387385
126,11.12.2019,8,2019,True,har_x,0.0597504913976667,0.01649813593016301
126,12.12.2019,8,2019,True,har_x,0.0597985670506117,0.016530025474680906
126,13.12.2019,8,2019,True,har_x,0.0598526519065456,0.01637494683512227
126,16.12.2019,8,2019,True,har_x,0.059850969291645,0.016191698693633867
126,17.12.2019,8,2019,True,har_x,0.059871268628506,0.01603055348303891
126,18.12.2019,8,2019,True,har_x,0.0598962003138823,0.016015147804790433
126,19.12.2019,8,2019,True,har_x,0.0599303922139217,0.016035029473011882
126,20.12.2019,8,2019,True,har_x,0.0599332551631505,0.01527036947419652
126,23.12.2019,8,2019,True,har_x,0.0601113484675199,0.015507629222992158
126,24.12.2019,8,2019,True,har_x,0.060126757802455,0.015056489657512459
126,26.12.2019,8,2019,True,har_x,0.0601132401422326,0.015260702322324324
126,27.12.2019,8,2019,True,har_x,0.0601378373513459,0.014723425167013495
126,30.12.2019,8,2019,True,har_x,0.0601395739047602,0.015080054415244029
126,31.12.2019,8,2019,True,har_x,0.0601108107717703,0.015695344382074955
5,02.01.2020,9,2020,True,har,0.0277497124968973,0.015538018537135052
5,03.01.2020,9,2020,True,har,0.0183639120767787,0.014174874534769935
5,06.01.2020,9,2020,True,har,0.0162770908007995,0.015868035182495892
5,07.01.2020,9,2020,True,har,0.0183480483447382,0.014717536490667031
5,08.01.2020,9,2020,True,har,0.0063690449800377,0.014963475639248472
5,09.01.2020,9,2020,True,har,0.0090339246369451,0.018557669606508058
5,10.01.2020,9,2020,True,har,0.009070458640898,0.01698758440246656
5,13.01.2020,9,2020,True,har,0.0069436706990947,0.01630095869355014
5,14.01.2020,9,2020,True,har,0.0118946626461309,0.0164605315284773
5,15.01.2020,9,2020,True,har,0.0136355528854091,0.01611640873475567
5,16.01.2020,9,2020,True,har,0.0116284598079368,0.015243840227882631
5,17.01.2020,9,2020,True,har,0.007875983230138,0.015503596200098842
5,21.01.2020,9,2020,True,har,0.0110570796812306,0.015293707388833367
5,22.01.2020,9,2020,True,har,0.0139510059825109,0.015088616047725071
5,23.01.2020,9,2020,True,har,0.0152154816139622,0.016552184410827498
5,24.01.2020,9,2020,True,har,0.0146786739780681,0.01679487482159712
5,27.01.2020,9,2020,True,har,0.0299177861131571,0.01679341318413944
5,28.01.2020,9,2020,True,har,0.0282953477530544,0.016511991832690295
5,29.01.2020,9,2020,True,har,0.0333075485191993,0.016036952747734867
5,30.01.2020,9,2020,True,har,0.0329808525022141,0.01637546320572809
5,31.01.2020,9,2020,True,har,0.0326433845920162,0.016757059484651168
5,03.02.2020,9,2020,True,har,0.0171546607854485,0.015735142874898838
5,04.02.2020,9,2020,True,har,0.0185847399843258,0.02071030842291853
5,05.02.2020,9,2020,True,har,0.0214020252376977,0.01818114003392733
5,06.02.2020,9,2020,True,har,0.0210741294010147,0.020298549621572855
5,07.02.2020,9,2020,True,har,0.0200712798054514,0.018669221487093664
5,10.02.2020,9,2020,True,har,0.0098374700457725,0.018661664501768635
5,11.02.2020,9,2020,True,har,0.0102000829065403,0.017989729843872683
5,12.02.2020,9,2020,True,har,0.0080747561562223,0.018258598395963336
5,13.02.2020,9,2020,True,har,0.0143113600759342,0.020429339996546017
5,14.02.2020,9,2020,True,har,0.0235044771396884,0.01976267310099376
5,18.02.2020,9,2020,True,har,0.0240495512940362,0.020188284745141668
5,19.02.2020,9,2020,True,har,0.0157839996273603,0.01900663977613706
5,20.02.2020,9,2020,True,har,0.0088598984734815,0.020249963767449853
5,21.02.2020,9,2020,True,har,0.0061088215438361,0.019105037941867256
5,24.02.2020,9,2020,True,har,0.0244103841254618,0.01994378221810252
5,25.02.2020,9,2020,True,har,0.0247460391250058,0.022303844885927286
5,26.02.2020,9,2020,True,har,0.023163908043327,0.021859678569342414
5,27.02.2020,9,2020,True,har,0.0229881681897431,0.02163559528352142
5,28.02.2020,9,2020,True,har,0.047076352222003,0.02100227822698235
5,02.03.2020,9,2020,True,har,0.1146366351543925,0.021292219729522468
5,03.03.2020,9,2020,True,har,0.1332028167517063,0.02339431239084474
5,04.03.2020,9,2020,True,har,0.1312094473903915,0.019724000708900548
5,05.03.2020,9,2020,True,har,0.1284065344170164,0.020167004179813826
5,06.03.2020,9,2020,True,har,0.1350647607407708,0.020125243341391957
5,09.03.2020,9,2020,True,har,0.0781335067286872,0.03065721325528381
5,10.03.2020,9,2020,True,har,0.0505748949609335,0.06655994966905109
5,11.03.2020,9,2020,True,har,0.0639566968117431,0.06322530604260604
5,12.03.2020,9,2020,True,har,0.1125349100159635,0.06134624329462416
5,13.03.2020,9,2020,True,har,0.1091596307692711,0.06232831083077435
5,16.03.2020,9,2020,True,har,0.1019013134840709,0.06096605715246448
5,17.03.2020,9,2020,True,har,0.1014161579055846,0.061271009594135936
5,18.03.2020,9,2020,True,har,0.0694801779061883,0.055733495556869524
5,19.03.2020,9,2020,True,har,0.0287606068756823,0.06224720705688551
5,20.03.2020,9,2020,True,har,0.0291820486063726,0.07215822706694389
5,23.03.2020,9,2020,True,har,0.041929357625014,0.06874104754208102
5,24.03.2020,9,2020,True,har,0.0407513053187065,0.06646583164204196
5,25.03.2020,9,2020,True,har,0.0668650804057273,0.06681807445605736
5,26.03.2020,9,2020,True,har,0.1135111624103916,0.0645940389284507
5,27.03.2020,9,2020,True,har,0.1108362200506252,0.062220467945850635
5,30.03.2020,9,2020,True,har,0.0917503352532335,0.06293845284167487
5,31.03.2020,9,2020,True,har,0.1000440260941304,0.06511020021908334
5,01.04.2020,9,2020,True,har,0.1007119440642178,0.06159725285188895
5,02.04.2020,9,2020,True,har,0.0733245287809705,0.06979418971853095
5,03.04.2020,9,2020,True,har,0.0317673665705126,0.08640050174764316
5,06.04.2020,9,2020,True,har,0.0403696839852427,0.08649385712586984
5,07.04.2020,9,2020,True,har,0.0450663831652034,0.06885982267285586
5,08.04.2020,9,2020,True,har,0.0377366197671217,0.06855622190195443
5,09.04.2020,9,2020,True,har,0.0414887472186739,0.06841140056129903
5,13.04.2020,9,2020,True,har,0.0470464079968862,0.06582469351335202
5,14.04.2020,9,2020,True,har,0.1175556351976704,0.06089160073886011
5,15.04.2020,9,2020,True,har,0.1332652334262758,0.06212444882445633
5,16.04.2020,9,2020,True,har,0.1395305272528271,0.06289602645094022
5,17.04.2020,9,2020,True,har,0.1390770144539133,0.05541417531185746
5,20.04.2020,9,2020,True,har,0.1377878359178443,0.05186096825085378
5,21.04.2020,9,2020,True,har,0.0492231055173554,0.05689973152524393
5,22.04.2020,9,2020,True,har,0.0610646679811303,0.08473827527447592
5,23.04.2020,9,2020,True,har,0.0744455027305507,0.07823929625266864
5,24.04.2020,9,2020,True,har,0.0727130463661653,0.07907006895916632
5,27.04.2020,9,2020,True,har,0.041428612158639,0.07739854835733086
5,28.04.2020,9,2020,True,har,0.0440875349937062,0.0800112551560979
5,29.04.2020,9,2020,True,har,0.0692357725505724,0.06959222845252006
5,30.04.2020,9,2020,True,har,0.0647445220510094,0.07512117283259499
5,01.05.2020,9,2020,True,har,0.0650443002525205,0.07794602446194572
5,04.05.2020,9,2020,True,har,0.0735078901443996,0.06895694933506988
5,05.05.2020,9,2020,True,har,0.0392311911595938,0.062152777452807915
5,06.05.2020,9,2020,True,har,0.0364639147916588,0.06972993643674494
5,07.05.2020,9,2020,True,har,0.0470062243047447,0.06860821972426115
5,08.05.2020,9,2020,True,har,0.0456553457772644,0.0667777448098867
5,11.05.2020,9,2020,True,har,0.0399040423111877,0.06860188277987217
5,12.05.2020,9,2020,True,har,0.0425819890766942,0.06942283939433437
5,13.05.2020,9,2020,True,har,0.0295322198273737,0.06440174535524498
5,14.05.2020,9,2020,True,har,0.028808262135334,0.06399557783000298
5,15.05.2020,9,2020,True,har,0.0362594387532142,0.06701409304656787
5,18.05.2020,9,2020,True,har,0.0240446825989578,0.06634404723549994
5,19.05.2020,9,2020,True,har,0.0324459216867486,0.06534359310626213
5,20.05.2020,9,2020,True,har,0.0293631209089166,0.04145372886005999
5,21.05.2020,9,2020,True,har,0.0288331318996803,0.04116112334325064
5,22.05.2020,9,2020,True,har,0.0442020705952252,0.04023999620935336
5,26.05.2020,9,2020,True,har,0.0444159591518459,0.04225155759978125
5,27.05.2020,9,2020,True,har,0.0324991495206402,0.03823154599830032
5,28.05.2020,9,2020,True,har,0.0337671525670354,0.040933238658124156
5,29.05.2020,9,2020,True,har,0.0329993829973498,0.0380058370974827
5,01.06.2020,9,2020,True,har,0.0344854316771205,0.03427446701409672
5,02.06.2020,9,2020,True,har,0.0327145427462115,0.03985650888699729
5,03.06.2020,9,2020,True,har,0.0327533178099638,0.038048952940849826
5,04.06.2020,9,2020,True,har,0.0518002117226817,0.030810429472730324
5,05.06.2020,9,2020,True,har,0.0397340486218412,0.029549621834710844
5,08.06.2020,9,2020,True,har,0.0420107891160099,0.031856896290911464
5,09.06.2020,9,2020,True,har,0.0448801067995189,0.031934827979796604
5,10.06.2020,9,2020,True,har,0.0441633604866178,0.029140751729482613
5,11.06.2020,9,2020,True,har,0.0152104583660033,0.029289319787050787
5,12.06.2020,9,2020,True,har,0.0141236721515789,0.03665542309719147
5,15.06.2020,9,2020,True,har,0.0136217869928301,0.03165807727394759
5,16.06.2020,9,2020,True,har,0.0150572483344212,0.032256204865036726
5,17.06.2020,9,2020,True,har,0.0327897416160418,0.03128559083467817
5,18.06.2020,9,2020,True,har,0.0325865712790456,0.030312584917512403
5,19.06.2020,9,2020,True,har,0.0310269930359965,0.028126574205882205
5,22.06.2020,9,2020,True,har,0.0301763850485832,0.027946644323050964
5,23.06.2020,9,2020,True,har,0.0303071316847125,0.027545679253334465
5,24.06.2020,9,2020,True,har,0.0149245753857576,0.027271919100882325
5,25.06.2020,9,2020,True,har,0.0165491843407437,0.03136120613326341
5,26.06.2020,9,2020,True,har,0.0165810575601741,0.029938045050303824
5,29.06.2020,9,2020,True,har,0.016599037963366,0.029156603543143478
5,30.06.2020,9,2020,True,har,0.0126282498156642,0.026877841303482676
5,01.07.2020,9,2020,True,har,0.0171366056429799,0.02646171380576206
5,02.07.2020,9,2020,True,har,0.0153145337794932,0.02561469183637311
5,06.07.2020,9,2020,True,har,0.0163481480588302,0.02621909899788085
5,07.07.2020,9,2020,True,har,0.016573246332527,0.02366072489911505
5,08.07.2020,9,2020,True,har,0.0191950793210288,0.022788600097396295
5,09.07.2020,9,2020,True,har,0.0157942367368147,0.022589142953343227
5,10.07.2020,9,2020,True,har,0.0132832110350435,0.02387864442927338
5,13.07.2020,9,2020,True,har,0.0115870790480586,0.01918378538397483
5,14.07.2020,9,2020,True,har,0.0150419799598781,0.01918684089010579
5,15.07.2020,9,2020,True,har,0.0129438953238256,0.01855730411836519
5,16.07.2020,9,2020,True,har,0.0166083425069661,0.019027862372329285
5,17.07.2020,9,2020,True,har,0.0163680964029341,0.018388804296231846
5,20.07.2020,9,2020,True,har,0.0163267038795973,0.01782058349819706
5,21.07.2020,9,2020,True,har,0.0099638035377657,0.017415111185593246
5,22.07.2020,9,2020,True,har,0.0126633005594764,0.018590779938321055
5,23.07.2020,9,2020,True,har,0.0112404510444913,0.017415869723696735
5,24.07.2020,9,2020,True,har,0.0121363822115993,0.015826350834621253
5,27.07.2020,9,2020,True,har,0.0150625111470241,0.014739672816503822
5,28.07.2020,9,2020,True,har,0.0144300639628016,0.014758550800395818
5,29.07.2020,9,2020,True,har,0.0150468604274389,0.014130311094277717
5,30.07.2020,9,2020,True,har,0.0084586359376126,0.01447216742000064
5,31.07.2020,9,2020,True,har,0.0141935144893736,0.014673371217552043
5,03.08.2020,9,2020,True,har,0.0128158399827519,0.013643524779873946
5,04.08.2020,9,2020,True,har,0.014208191533272,0.014746750727026348
5,05.08.2020,9,2020,True,har,0.0154624913453838,0.014221826099583466
5,06.08.2020,9,2020,True,har,0.0163269965105309,0.014905793371871857
5,07.08.2020,9,2020,True,har,0.0143767696927511,0.013067452591543025
5,10.08.2020,9,2020,True,har,0.0142678712908808,0.014034557997356662
5,11.08.2020,9,2020,True,har,0.0124632239501106,0.013740643035832964
5,12.08.2020,9,2020,True,har,0.0084883535826891,0.013991372004084377
5,13.08.2020,9,2020,True,har,0.0084924562795072,0.01447436077115384
5,14.08.2020,9,2020,True,har,0.0100952963471557,0.014182615461117102
5,17.08.2020,9,2020,True,har,0.0119010229003448,0.013728692197502643
5,18.08.2020,9,2020,True,har,0.0142334363794184,0.014199270780295117
5,19.08.2020,9,2020,True,har,0.0144729752887634,0.013022484017895627
5,20.08.2020,9,2020,True,har,0.0148315472867288,0.012689367912158049
5,21.08.2020,9,2020,True,har,0.0130699530016985,0.012415359644711948
5,24.08.2020,9,2020,True,har,0.0106314455855669,0.012894264865175182
5,25.08.2020,9,2020,True,har,0.0076312486220193,0.013586066491468086
5,26.08.2020,9,2020,True,har,0.0134716352609708,0.013915839992272042
5,27.08.2020,9,2020,True,har,0.0130845497369607,0.01346055079447192
5,28.08.2020,9,2020,True,har,0.0176906795216621,0.013458076391352807
5,31.08.2020,9,2020,True,har,0.0289471441416324,0.012843369720706859
5,01.09.2020,9,2020,True,har,0.0347320732685499,0.012362884347244911
5,02.09.2020,9,2020,True,har,0.0347132111560699,0.012166073868270075
5,03.09.2020,9,2020,True,har,0.0349440089164813,0.013941652232610399
5,04.09.2020,9,2020,True,har,0.0346543880837693,0.013317447533917719
5,08.09.2020,9,2020,True,har,0.0192094398167883,0.015599336188555551
5,09.09.2020,9,2020,True,har,0.024230884553498,0.021920468565665457
5,10.09.2020,9,2020,True,har,0.0205433394211951,0.021438037182629405
5,11.09.2020,9,2020,True,har,0.0199673819217693,0.020761986095834933
5,14.09.2020,9,2020,True,har,0.0319107297140752,0.020302474880979204
5,15.09.2020,9,2020,True,har,0.0309508441185,0.02026429847052075
5,16.09.2020,9,2020,True,har,0.0240255835249037,0.01998411231349903
5,17.09.2020,9,2020,True,har,0.0194081115265197,0.022603481965563266
5,18.09.2020,9,2020,True,har,0.0195659192540635,0.022251479117372408
5,21.09.2020,9,2020,True,har,0.0049563461252023,0.021332753799626514
5,22.09.2020,9,2020,True,har,0.0175678336947625,0.024644860353156616
5,23.09.2020,9,2020,True,har,0.0174205100279541,0.02306828266366099
5,24.09.2020,9,2020,True,har,0.0170103833802477,0.022009072875093818
5,25.09.2020,9,2020,True,har,0.0231155608543598,0.021768151612596244
5,28.09.2020,9,2020,True,har,0.0360956315724055,0.02160953415100151
5,29.09.2020,9,2020,True,har,0.0353004412433084,0.020945150582189674
5,30.09.2020,9,2020,True,har,0.0367355842432106,0.02335750586444543
5,01.10.2020,9,2020,True,har,0.0383088951171676,0.022068108487464197
5,02.10.2020,9,2020,True,har,0.0292307263564261,0.02170802386398967
5,05.10.2020,9,2020,True,har,0.0279143878368944,0.024621191104400447
5,06.10.2020,9,2020,True,har,0.024416098718897,0.0273113277501811
5,07.10.2020,9,2020,True,har,0.024304740459389,0.024068360212518673
5,08.10.2020,9,2020,True,har,0.0197876964140615,0.02343180435673825
5,09.10.2020,9,2020,True,har,0.0191588400274081,0.024447207096697753
5,12.10.2020,9,2020,True,har,0.0133803629145164,0.022991404733213663
5,13.10.2020,9,2020,True,har,0.0123474901338673,0.02398917080791068
5,14.10.2020,9,2020,True,har,0.0166500648772249,0.023205881986080847
5,15.10.2020,9,2020,True,har,0.0201379329101197,0.02252614515397869
5,16.10.2020,9,2020,True,har,0.0210085567977049,0.021104667147833298
5,19.10.2020,9,2020,True,har,0.0241729820431713,0.021123587285585763
5,20.10.2020,9,2020,True,har,0.0255749363565713,0.019529170173610264
5,21.10.2020,9,2020,True,har,0.0306694242572155,0.019713487224034508
5,22.10.2020,9,2020,True,har,0.0267951294495262,0.02174582014932605
5,23.10.2020,9,2020,True,har,0.0280537511962274,0.021621502136044315
5,26.10.2020,9,2020,True,har,0.0380292090260585,0.02185048484324123
5,27.10.2020,9,2020,True,har,0.0381459151862041,0.023219797933718336
5,28.10.2020,9,2020,True,har,0.0326617796561471,0.02235841432074505
5,29.10.2020,9,2020,True,har,0.0224165807013664,0.025745380290553076
5,30.10.2020,9,2020,True,har,0.0324054105516275,0.025641863197348503
5,02.11.2020,9,2020,True,har,0.0416888522884129,0.02361087368435787
5,03.11.2020,9,2020,True,har,0.0420048268775454,0.025129932926566213
5,04.11.2020,9,2020,True,har,0.0408949399194969,0.023840684986627787
5,05.11.2020,9,2020,True,har,0.0407650695510085,0.02499239849614748
5,06.11.2020,9,2020,True,har,0.0354895395795364,0.022258843170477015
5,09.11.2020,9,2020,True,har,0.0194348191995986,0.02491346475485442
5,10.11.2020,9,2020,True,har,0.0153022197825163,0.02986351011548169
5,11.11.2020,9,2020,True,har,0.0163493117884701,0.028480416551316723
5,12.11.2020,9,2020,True,har,0.0160025989567923,0.027290092353323095
5,13.11.2020,9,2020,True,har,0.0118903494146356,0.027362941666421843
5,16.11.2020,9,2020,True,har,0.0119354791461219,0.02748137173734131
5,17.11.2020,9,2020,True,har,0.0151785535600522,0.026610473527452497
5,18.11.2020,9,2020,True,har,0.015046714752727,0.025339890849815357
5,19.11.2020,9,2020,True,har,0.0171645054891629,0.02526519497079177
5,20.11.2020,9,2020,True,har,0.0216796378722,0.02474537201427826
5,23.11.2020,9,2020,True,har,0.0211280684720198,0.024823630278123756
5,24.11.2020,9,2020,True,har,0.0139037670215996,0.024534069618695673
5,25.11.2020,9,2020,True,har,0.0125881067546155,0.025832645213902994
5,27.11.2020,9,2020,True,har,0.0120498360850156,0.022790241489016243
5,30.11.2020,9,2020,True,har,0.0110623669284003,0.021367952233784057
5,01.12.2020,9,2020,True,har,0.0103399647956127,0.022091354856884224
5,02.12.2020,9,2020,True,har,0.0082050564278907,0.02129735244188466
5,03.12.2020,9,2020,True,har,0.0141769514023949,0.02117965633868212
5,04.12.2020,9,2020,True,har,0.0147076063922804,0.020195910911204047
5,07.12.2020,9,2020,True,har,0.0130065919255669,0.02002402523136712
5,08.12.2020,9,2020,True,har,0.012729864785064,0.018492797160266295
5,09.12.2020,9,2020,True,har,0.0121450336768197,0.014444598998444583
5,10.12.2020,9,2020,True,har,0.0060063394301973,0.013739424454891794
5,11.12.2020,9,2020,True,har,0.0034234057882748,0.01583258581248612
5,14.12.2020,9,2020,True,har,0.0162989853051166,0.01501212293031548
5,15.12.2020,9,2020,True,har,0.0176063734716719,0.014186955929675303
5,16.12.2020,9,2020,True,har,0.0207660618998341,0.013953625821757135
5,17.12.2020,9,2020,True,har,0.020363622341642,0.013687012483451897
5,18.12.2020,9,2020,True,har,0.0185124921693322,0.013189202299165982
5,21.12.2020,9,2020,True,har,0.0145878618681269,0.013112577543029823
5,22.12.2020,9,2020,True,har,0.0109983943827489,0.015873223770705897
5,23.12.2020,9,2020,True,har,0.006530112750621,0.015737281209025455
5,24.12.2020,9,2020,True,har,0.0097731323928142,0.015230844001537056
5,28.12.2020,9,2020,True,har,0.0227142422971224,0.014234440615997388
5,29.12.2020,9,2020,True,har,0.0224710179594641,0.014313803841878288
5,30.12.2020,9,2020,True,har,0.0227974601982803,0.013526389878396994
5,31.12.2020,9,2020,True,har,0.023991795945337,0.013162867382163681
5,02.01.2020,9,2020,True,har_ovx,0.0277497124968973,0.013479210268244602
5,03.01.2020,9,2020,True,har_ovx,0.0183639120767787,0.013583164478546645
5,06.01.2020,9,2020,True,har_ovx,0.0162770908007995,0.015726679165943
5,07.01.2020,9,2020,True,har_ovx,0.0183480483447382,0.01580494925812307
5,08.01.2020,9,2020,True,har_ovx,0.0063690449800377,0.015500726145793252
5,09.01.2020,9,2020,True,har_ovx,0.0090339246369451,0.016239148196449643
5,10.01.2020,9,2020,True,har_ovx,0.009070458640898,0.016395292889297114
5,13.01.2020,9,2020,True,har_ovx,0.0069436706990947,0.014686936120814655
5,14.01.2020,9,2020,True,har_ovx,0.0118946626461309,0.017191635174722344
5,15.01.2020,9,2020,True,har_ovx,0.0136355528854091,0.016728384588976755
5,16.01.2020,9,2020,True,har_ovx,0.0116284598079368,0.016677872236506918
5,17.01.2020,9,2020,True,har_ovx,0.007875983230138,0.014394991022143764
5,21.01.2020,9,2020,True,har_ovx,0.0110570796812306,0.013605995960308329
5,22.01.2020,9,2020,True,har_ovx,0.0139510059825109,0.01302663284038352
5,23.01.2020,9,2020,True,har_ovx,0.0152154816139622,0.015029940726151929
5,24.01.2020,9,2020,True,har_ovx,0.0146786739780681,0.01579851955695458
5,27.01.2020,9,2020,True,har_ovx,0.0299177861131571,0.017480251866139614
5,28.01.2020,9,2020,True,har_ovx,0.0282953477530544,0.019519960533132423
5,29.01.2020,9,2020,True,har_ovx,0.0333075485191993,0.018560885013136883
5,30.01.2020,9,2020,True,har_ovx,0.0329808525022141,0.018114778890559777
5,31.01.2020,9,2020,True,har_ovx,0.0326433845920162,0.019327549908370958
5,03.02.2020,9,2020,True,har_ovx,0.0171546607854485,0.021005816432436892
5,04.02.2020,9,2020,True,har_ovx,0.0185847399843258,0.022225668571745176
5,05.02.2020,9,2020,True,har_ovx,0.0214020252376977,0.02040092444622335
5,06.02.2020,9,2020,True,har_ovx,0.0210741294010147,0.01949391506286629
5,07.02.2020,9,2020,True,har_ovx,0.0200712798054514,0.01845690622975664
5,10.02.2020,9,2020,True,har_ovx,0.0098374700457725,0.01914768377416985
5,11.02.2020,9,2020,True,har_ovx,0.0102000829065403,0.02028842520527492
5,12.02.2020,9,2020,True,har_ovx,0.0080747561562223,0.01929756984408931
5,13.02.2020,9,2020,True,har_ovx,0.0143113600759342,0.018187912448378928
5,14.02.2020,9,2020,True,har_ovx,0.0235044771396884,0.01823016633016576
5,18.02.2020,9,2020,True,har_ovx,0.0240495512940362,0.018342949628133542
5,19.02.2020,9,2020,True,har_ovx,0.0157839996273603,0.016800033764738292
5,20.02.2020,9,2020,True,har_ovx,0.0088598984734815,0.0161449454914883
5,21.02.2020,9,2020,True,har_ovx,0.0061088215438361,0.016601805326526716
5,24.02.2020,9,2020,True,har_ovx,0.0244103841254618,0.018334405254412964
5,25.02.2020,9,2020,True,har_ovx,0.0247460391250058,0.02074864310438595
5,26.02.2020,9,2020,True,har_ovx,0.023163908043327,0.022546933397201072
5,27.02.2020,9,2020,True,har_ovx,0.0229881681897431,0.0232049219999707
5,28.02.2020,9,2020,True,har_ovx,0.047076352222003,0.027045517302979525
5,02.03.2020,9,2020,True,har_ovx,0.1146366351543925,0.028279198056483722
5,03.03.2020,9,2020,True,har_ovx,0.1332028167517063,0.026290633253998674
5,04.03.2020,9,2020,True,har_ovx,0.1312094473903915,0.027632412146198833
5,05.03.2020,9,2020,True,har_ovx,0.1284065344170164,0.027589393993420322
5,06.03.2020,9,2020,True,har_ovx,0.1350647607407708,0.02889102010208019
5,09.03.2020,9,2020,True,har_ovx,0.0781335067286872,0.0371940083803433
5,10.03.2020,9,2020,True,har_ovx,0.0505748949609335,0.07060784098431011
5,11.03.2020,9,2020,True,har_ovx,0.0639566968117431,0.05484664711777997
5,12.03.2020,9,2020,True,har_ovx,0.1125349100159635,0.06242806875785106
5,13.03.2020,9,2020,True,har_ovx,0.1091596307692711,0.07418132570214553
5,16.03.2020,9,2020,True,har_ovx,0.1019013134840709,0.07066919159881307
5,17.03.2020,9,2020,True,har_ovx,0.1014161579055846,0.07802579080237944
5,18.03.2020,9,2020,True,har_ovx,0.0694801779061883,0.08083318030034398
5,19.03.2020,9,2020,True,har_ovx,0.0287606068756823,0.1025630171842019
5,20.03.2020,9,2020,True,har_ovx,0.0291820486063726,0.1006033047114727
5,23.03.2020,9,2020,True,har_ovx,0.041929357625014,0.1166463845724437
5,24.03.2020,9,2020,True,har_ovx,0.0407513053187065,0.11361701768653408
5,25.03.2020,9,2020,True,har_ovx,0.0668650804057273,0.10425163629999466
5,26.03.2020,9,2020,True,har_ovx,0.1135111624103916,0.08750430427764803
5,27.03.2020,9,2020,True,har_ovx,0.1108362200506252,0.09178025494586917
5,30.03.2020,9,2020,True,har_ovx,0.0917503352532335,0.1082330936752537
5,31.03.2020,9,2020,True,har_ovx,0.1000440260941304,0.1072936932689871
5,01.04.2020,9,2020,True,har_ovx,0.1007119440642178,0.10445620053598458
5,02.04.2020,9,2020,True,har_ovx,0.0733245287809705,0.09749780971462821
5,03.04.2020,9,2020,True,har_ovx,0.0317673665705126,0.10033783520751659
5,06.04.2020,9,2020,True,har_ovx,0.0403696839852427,0.08678725509497313
5,07.04.2020,9,2020,True,har_ovx,0.0450663831652034,0.0876220708186639
5,08.04.2020,9,2020,True,har_ovx,0.0377366197671217,0.08435500772163952
5,09.04.2020,9,2020,True,har_ovx,0.0414887472186739,0.08579115832597131
5,13.04.2020,9,2020,True,har_ovx,0.0470464079968862,0.07869470932902242
5,14.04.2020,9,2020,True,har_ovx,0.1175556351976704,0.06899870037119636
5,15.04.2020,9,2020,True,har_ovx,0.1332652334262758,0.06990589613209289
5,16.04.2020,9,2020,True,har_ovx,0.1395305272528271,0.07297329114194871
5,17.04.2020,9,2020,True,har_ovx,0.1390770144539133,0.06920362359242627
5,20.04.2020,9,2020,True,har_ovx,0.1377878359178443,0.05693894675973861
5,21.04.2020,9,2020,True,har_ovx,0.0492231055173554,0.13994140137073266
5,22.04.2020,9,2020,True,har_ovx,0.0610646679811303,0.20365821512668447
5,23.04.2020,9,2020,True,har_ovx,0.0744455027305507,0.14627214408537068
5,24.04.2020,9,2020,True,har_ovx,0.0727130463661653,0.1298569404229701
5,27.04.2020,9,2020,True,har_ovx,0.041428612158639,0.105877675727717
5,28.04.2020,9,2020,True,har_ovx,0.0440875349937062,0.11383386172791647
5,29.04.2020,9,2020,True,har_ovx,0.0692357725505724,0.12257580210727986
5,30.04.2020,9,2020,True,har_ovx,0.0647445220510094,0.12094802878558364
5,01.05.2020,9,2020,True,har_ovx,0.0650443002525205,0.06356438211918643
5,04.05.2020,9,2020,True,har_ovx,0.0735078901443996,0.06631195212721867
5,05.05.2020,9,2020,True,har_ovx,0.0392311911595938,0.05825412226785854
5,06.05.2020,9,2020,True,har_ovx,0.0364639147916588,0.05881667511702521
5,07.05.2020,9,2020,True,har_ovx,0.0470062243047447,0.06961671535718134
5,08.05.2020,9,2020,True,har_ovx,0.0456553457772644,0.0664324515054883
5,11.05.2020,9,2020,True,har_ovx,0.0399040423111877,0.05912055011241433
5,12.05.2020,9,2020,True,har_ovx,0.0425819890766942,0.06602035649281776
5,13.05.2020,9,2020,True,har_ovx,0.0295322198273737,0.05156126165977711
5,14.05.2020,9,2020,True,har_ovx,0.028808262135334,0.049093802028129165
5,15.05.2020,9,2020,True,har_ovx,0.0362594387532142,0.047494335931708646
5,18.05.2020,9,2020,True,har_ovx,0.0240446825989578,0.04506817034183001
5,19.05.2020,9,2020,True,har_ovx,0.0324459216867486,0.04505876523939243
5,20.05.2020,9,2020,True,har_ovx,0.0293631209089166,0.042258441461039124
5,21.05.2020,9,2020,True,har_ovx,0.0288331318996803,0.04275085851907787
5,22.05.2020,9,2020,True,har_ovx,0.0442020705952252,0.052409516985230505
5,26.05.2020,9,2020,True,har_ovx,0.0444159591518459,0.04989195082062914
5,27.05.2020,9,2020,True,har_ovx,0.0324991495206402,0.04388737940854425
5,28.05.2020,9,2020,True,har_ovx,0.0337671525670354,0.042932952319861196
5,29.05.2020,9,2020,True,har_ovx,0.0329993829973498,0.04219069978424593
5,01.06.2020,9,2020,True,har_ovx,0.0344854316771205,0.039652771920743346
5,02.06.2020,9,2020,True,har_ovx,0.0327145427462115,0.036967174821368125
5,03.06.2020,9,2020,True,har_ovx,0.0327533178099638,0.03689235849244213
5,04.06.2020,9,2020,True,har_ovx,0.0518002117226817,0.03733278123894569
5,05.06.2020,9,2020,True,har_ovx,0.0397340486218412,0.03690579255452474
5,08.06.2020,9,2020,True,har_ovx,0.0420107891160099,0.036627983707098535
5,09.06.2020,9,2020,True,har_ovx,0.0448801067995189,0.03844690839953804
5,10.06.2020,9,2020,True,har_ovx,0.0441633604866178,0.03859177450705849
5,11.06.2020,9,2020,True,har_ovx,0.0152104583660033,0.035636056813015606
5,12.06.2020,9,2020,True,har_ovx,0.0141236721515789,0.040341472918804244
5,15.06.2020,9,2020,True,har_ovx,0.0136217869928301,0.040129784679781524
5,16.06.2020,9,2020,True,har_ovx,0.0150572483344212,0.03888592436010498
5,17.06.2020,9,2020,True,har_ovx,0.0327897416160418,0.03792306717837282
5,18.06.2020,9,2020,True,har_ovx,0.0325865712790456,0.034504076469574194
5,19.06.2020,9,2020,True,har_ovx,0.0310269930359965,0.03471194728441489
5,22.06.2020,9,2020,True,har_ovx,0.0301763850485832,0.03304156270601674
5,23.06.2020,9,2020,True,har_ovx,0.0303071316847125,0.03180952293547891
5,24.06.2020,9,2020,True,har_ovx,0.0149245753857576,0.03305142943700311
5,25.06.2020,9,2020,True,har_ovx,0.0165491843407437,0.03709770527142093
5,26.06.2020,9,2020,True,har_ovx,0.0165810575601741,0.03544348049966786
5,29.06.2020,9,2020,True,har_ovx,0.016599037963366,0.03598759392779351
5,30.06.2020,9,2020,True,har_ovx,0.0126282498156642,0.033699669472989476
5,01.07.2020,9,2020,True,har_ovx,0.0171366056429799,0.032164372320392966
5,02.07.2020,9,2020,True,har_ovx,0.0153145337794932,0.029638783677942072
5,06.07.2020,9,2020,True,har_ovx,0.0163481480588302,0.028307015958094945
5,07.07.2020,9,2020,True,har_ovx,0.016573246332527,0.02776527098844147
5,08.07.2020,9,2020,True,har_ovx,0.0191950793210288,0.0281585263156567
5,09.07.2020,9,2020,True,har_ovx,0.0157942367368147,0.02660105019565466
5,10.07.2020,9,2020,True,har_ovx,0.0132832110350435,0.029792880406436854
5,13.07.2020,9,2020,True,har_ovx,0.0115870790480586,0.02710954313862085
5,14.07.2020,9,2020,True,har_ovx,0.0150419799598781,0.029403219880807744
5,15.07.2020,9,2020,True,har_ovx,0.0129438953238256,0.029112615193695415
5,16.07.2020,9,2020,True,har_ovx,0.0166083425069661,0.02538323547119472
5,17.07.2020,9,2020,True,har_ovx,0.0163680964029341,0.02475622121573698
5,20.07.2020,9,2020,True,har_ovx,0.0163267038795973,0.02100496037370942
5,21.07.2020,9,2020,True,har_ovx,0.0099638035377657,0.02250182559098924
5,22.07.2020,9,2020,True,har_ovx,0.0126633005594764,0.021654705020267128
5,23.07.2020,9,2020,True,har_ovx,0.0112404510444913,0.021659747078205116
5,24.07.2020,9,2020,True,har_ovx,0.0121363822115993,0.02329220990873805
5,27.07.2020,9,2020,True,har_ovx,0.0150625111470241,0.022224623363889154
5,28.07.2020,9,2020,True,har_ovx,0.0144300639628016,0.02160888405629357
5,29.07.2020,9,2020,True,har_ovx,0.0150468604274389,0.021486472051773328
5,30.07.2020,9,2020,True,har_ovx,0.0084586359376126,0.020551174087807766
5,31.07.2020,9,2020,True,har_ovx,0.0141935144893736,0.02217201551849246
5,03.08.2020,9,2020,True,har_ovx,0.0128158399827519,0.02358952860665795
5,04.08.2020,9,2020,True,har_ovx,0.014208191533272,0.02182581548382797
5,05.08.2020,9,2020,True,har_ovx,0.0154624913453838,0.020944083314973612
5,06.08.2020,9,2020,True,har_ovx,0.0163269965105309,0.019002513847891745
5,07.08.2020,9,2020,True,har_ovx,0.0143767696927511,0.019242239969622134
5,10.08.2020,9,2020,True,har_ovx,0.0142678712908808,0.019178916598248337
5,11.08.2020,9,2020,True,har_ovx,0.0124632239501106,0.018102307348064506
5,12.08.2020,9,2020,True,har_ovx,0.0084883535826891,0.019200632050838752
5,13.08.2020,9,2020,True,har_ovx,0.0084924562795072,0.017499298235416065
5,14.08.2020,9,2020,True,har_ovx,0.0100952963471557,0.01751702057589376
5,17.08.2020,9,2020,True,har_ovx,0.0119010229003448,0.017636088998161388
5,18.08.2020,9,2020,True,har_ovx,0.0142334363794184,0.01600076619472069
5,19.08.2020,9,2020,True,har_ovx,0.0144729752887634,0.015473123909856962
5,20.08.2020,9,2020,True,har_ovx,0.0148315472867288,0.016229485185709557
5,21.08.2020,9,2020,True,har_ovx,0.0130699530016985,0.01625002371772434
5,24.08.2020,9,2020,True,har_ovx,0.0106314455855669,0.01679559820567545
5,25.08.2020,9,2020,True,har_ovx,0.0076312486220193,0.015915328790077402
5,26.08.2020,9,2020,True,har_ovx,0.0134716352609708,0.016390233896798667
5,27.08.2020,9,2020,True,har_ovx,0.0130845497369607,0.016804084128201297
5,28.08.2020,9,2020,True,har_ovx,0.0176906795216621,0.016804071366322792
5,31.08.2020,9,2020,True,har_ovx,0.0289471441416324,0.015685842019775804
5,01.09.2020,9,2020,True,har_ovx,0.0347320732685499,0.016051608183956734
5,02.09.2020,9,2020,True,har_ovx,0.0347132111560699,0.015542466376651166
5,03.09.2020,9,2020,True,har_ovx,0.0349440089164813,0.018002226783026917
5,04.09.2020,9,2020,True,har_ovx,0.0346543880837693,0.021575290081062536
5,08.09.2020,9,2020,True,har_ovx,0.0192094398167883,0.02344539038469482
5,09.09.2020,9,2020,True,har_ovx,0.024230884553498,0.031213615701596458
5,10.09.2020,9,2020,True,har_ovx,0.0205433394211951,0.026827548642069883
5,11.09.2020,9,2020,True,har_ovx,0.0199673819217693,0.028512948953969462
5,14.09.2020,9,2020,True,har_ovx,0.0319107297140752,0.027153687156434944
5,15.09.2020,9,2020,True,har_ovx,0.0309508441185,0.026698033845821582
5,16.09.2020,9,2020,True,har_ovx,0.0240255835249037,0.024240833450224368
5,17.09.2020,9,2020,True,har_ovx,0.0194081115265197,0.021775742347738655
5,18.09.2020,9,2020,True,har_ovx,0.0195659192540635,0.02020477984699219
5,21.09.2020,9,2020,True,har_ovx,0.0049563461252023,0.020297418829946713
5,22.09.2020,9,2020,True,har_ovx,0.0175678336947625,0.02287189658844779
5,23.09.2020,9,2020,True,har_ovx,0.0174205100279541,0.021658288173273966
5,24.09.2020,9,2020,True,har_ovx,0.0170103833802477,0.02379670595303509
5,25.09.2020,9,2020,True,har_ovx,0.0231155608543598,0.02273098787588827
5,28.09.2020,9,2020,True,har_ovx,0.0360956315724055,0.021776761452427462
5,29.09.2020,9,2020,True,har_ovx,0.0353004412433084,0.021460431263480448
5,30.09.2020,9,2020,True,har_ovx,0.0367355842432106,0.0249895632548288
5,01.10.2020,9,2020,True,har_ovx,0.0383088951171676,0.023456521528660346
5,02.10.2020,9,2020,True,har_ovx,0.0292307263564261,0.026834167115637745
5,05.10.2020,9,2020,True,har_ovx,0.0279143878368944,0.030953279013149353
5,06.10.2020,9,2020,True,har_ovx,0.024416098718897,0.027100013284885455
5,07.10.2020,9,2020,True,har_ovx,0.024304740459389,0.025138610479411183
5,08.10.2020,9,2020,True,har_ovx,0.0197876964140615,0.02433152486350718
5,09.10.2020,9,2020,True,har_ovx,0.0191588400274081,0.021663735910155395
5,12.10.2020,9,2020,True,har_ovx,0.0133803629145164,0.02239122955344383
5,13.10.2020,9,2020,True,har_ovx,0.0123474901338673,0.02355448727404709
5,14.10.2020,9,2020,True,har_ovx,0.0166500648772249,0.024807605455668034
5,15.10.2020,9,2020,True,har_ovx,0.0201379329101197,0.023195512120720848
5,16.10.2020,9,2020,True,har_ovx,0.0210085567977049,0.023310611144799098
5,19.10.2020,9,2020,True,har_ovx,0.0241729820431713,0.0234704469344384
5,20.10.2020,9,2020,True,har_ovx,0.0255749363565713,0.02304102554644762
5,21.10.2020,9,2020,True,har_ovx,0.0306694242572155,0.023397634798733795
5,22.10.2020,9,2020,True,har_ovx,0.0267951294495262,0.025875701885265688
5,23.10.2020,9,2020,True,har_ovx,0.0280537511962274,0.025147744020294925
5,26.10.2020,9,2020,True,har_ovx,0.0380292090260585,0.02495738157822664
5,27.10.2020,9,2020,True,har_ovx,0.0381459151862041,0.02930280832738
5,28.10.2020,9,2020,True,har_ovx,0.0326617796561471,0.027408613822092708
5,29.10.2020,9,2020,True,har_ovx,0.0224165807013664,0.033561419298488826
5,30.10.2020,9,2020,True,har_ovx,0.0324054105516275,0.03591846105727857
5,02.11.2020,9,2020,True,har_ovx,0.0416888522884129,0.03915522871165053
5,03.11.2020,9,2020,True,har_ovx,0.0420048268775454,0.03793142807545028
5,04.11.2020,9,2020,True,har_ovx,0.0408949399194969,0.03583342876798569
5,05.11.2020,9,2020,True,har_ovx,0.0407650695510085,0.03023644723465374
5,06.11.2020,9,2020,True,har_ovx,0.0354895395795364,0.029581953852472608
5,09.11.2020,9,2020,True,har_ovx,0.0194348191995986,0.031006329971172315
5,10.11.2020,9,2020,True,har_ovx,0.0153022197825163,0.028969174497378097
5,11.11.2020,9,2020,True,har_ovx,0.0163493117884701,0.027097771868750162
5,12.11.2020,9,2020,True,har_ovx,0.0160025989567923,0.02670973230497703
5,13.11.2020,9,2020,True,har_ovx,0.0118903494146356,0.027773514954125913
5,16.11.2020,9,2020,True,har_ovx,0.0119354791461219,0.0261926605747779
5,17.11.2020,9,2020,True,har_ovx,0.0151785535600522,0.02549280843487268
5,18.11.2020,9,2020,True,har_ovx,0.015046714752727,0.024243310209431615
5,19.11.2020,9,2020,True,har_ovx,0.0171645054891629,0.024909291922938472
5,20.11.2020,9,2020,True,har_ovx,0.0216796378722,0.025027448589620423
5,23.11.2020,9,2020,True,har_ovx,0.0211280684720198,0.02361257371558609
5,24.11.2020,9,2020,True,har_ovx,0.0139037670215996,0.022910005679754063
5,25.11.2020,9,2020,True,har_ovx,0.0125881067546155,0.023013535171805204
5,27.11.2020,9,2020,True,har_ovx,0.0120498360850156,0.023283127302041223
5,30.11.2020,9,2020,True,har_ovx,0.0110623669284003,0.024874347159970486
5,01.12.2020,9,2020,True,har_ovx,0.0103399647956127,0.025603434299129608
5,02.12.2020,9,2020,True,har_ovx,0.0082050564278907,0.02582488010700024
5,03.12.2020,9,2020,True,har_ovx,0.0141769514023949,0.02460386679761818
5,04.12.2020,9,2020,True,har_ovx,0.0147076063922804,0.02155539858426852
5,07.12.2020,9,2020,True,har_ovx,0.0130065919255669,0.019909277492343332
5,08.12.2020,9,2020,True,har_ovx,0.012729864785064,0.01945252089841729
5,09.12.2020,9,2020,True,har_ovx,0.0121450336768197,0.01932688949616817
5,10.12.2020,9,2020,True,har_ovx,0.0060063394301973,0.020478460864036475
5,11.12.2020,9,2020,True,har_ovx,0.0034234057882748,0.020724570580604056
5,14.12.2020,9,2020,True,har_ovx,0.0162989853051166,0.020470574267929913
5,15.12.2020,9,2020,True,har_ovx,0.0176063734716719,0.02075367575007014
5,16.12.2020,9,2020,True,har_ovx,0.0207660618998341,0.02037123510590865
5,17.12.2020,9,2020,True,har_ovx,0.020363622341642,0.019936984516870163
5,18.12.2020,9,2020,True,har_ovx,0.0185124921693322,0.018835869924597345
5,21.12.2020,9,2020,True,har_ovx,0.0145878618681269,0.019072127879985155
5,22.12.2020,9,2020,True,har_ovx,0.0109983943827489,0.021875938290641925
5,23.12.2020,9,2020,True,har_ovx,0.006530112750621,0.022130755798585217
5,24.12.2020,9,2020,True,har_ovx,0.0097731323928142,0.020740891540769617
5,28.12.2020,9,2020,True,har_ovx,0.0227142422971224,0.020317138352690427
5,29.12.2020,9,2020,True,har_ovx,0.0224710179594641,0.020532718648658067
5,30.12.2020,9,2020,True,har_ovx,0.0227974601982803,0.019876714074457714
5,31.12.2020,9,2020,True,har_ovx,0.023991795945337,0.019502574076825065
5,02.01.2020,9,2020,True,har_gpr,0.0277497124968973,0.016389869385118182
5,03.01.2020,9,2020,True,har_gpr,0.0183639120767787,0.015040653595813573
5,06.01.2020,9,2020,True,har_gpr,0.0162770908007995,0.016731291604567898
5,07.01.2020,9,2020,True,har_gpr,0.0183480483447382,0.013582648493332052
5,08.01.2020,9,2020,True,har_gpr,0.0063690449800377,0.013827000640270957
5,09.01.2020,9,2020,True,har_gpr,0.0090339246369451,0.01739727488576186
5,10.01.2020,9,2020,True,har_gpr,0.009070458640898,0.015846895393866283
5,13.01.2020,9,2020,True,har_gpr,0.0069436706990947,0.015139897154132213
5,14.01.2020,9,2020,True,har_gpr,0.0118946626461309,0.01659749319764068
5,15.01.2020,9,2020,True,har_gpr,0.0136355528854091,0.016262415213708494
5,16.01.2020,9,2020,True,har_gpr,0.0116284598079368,0.01536468650625927
5,17.01.2020,9,2020,True,har_gpr,0.007875983230138,0.01562893122460846
5,21.01.2020,9,2020,True,har_gpr,0.0110570796812306,0.015421972400321981
5,22.01.2020,9,2020,True,har_gpr,0.0139510059825109,0.014471372682349933
5,23.01.2020,9,2020,True,har_gpr,0.0152154816139622,0.015934001368940447
5,24.01.2020,9,2020,True,har_gpr,0.0146786739780681,0.016180372546612504
5,27.01.2020,9,2020,True,har_gpr,0.0299177861131571,0.016173120249969673
5,28.01.2020,9,2020,True,har_gpr,0.0282953477530544,0.016034868982914265
5,29.01.2020,9,2020,True,har_gpr,0.0333075485191993,0.015575614136702184
5,30.01.2020,9,2020,True,har_gpr,0.0329808525022141,0.0159187806308938
5,31.01.2020,9,2020,True,har_gpr,0.0326433845920162,0.016295654441851028
5,03.02.2020,9,2020,True,har_gpr,0.0171546607854485,0.015284584097879143
5,04.02.2020,9,2020,True,har_gpr,0.0185847399843258,0.020983571091406278
5,05.02.2020,9,2020,True,har_gpr,0.0214020252376977,0.01848017199336892
5,06.02.2020,9,2020,True,har_gpr,0.0210741294010147,0.020593800485434022
5,07.02.2020,9,2020,True,har_gpr,0.0200712798054514,0.01897767438030766
5,10.02.2020,9,2020,True,har_gpr,0.0098374700457725,0.018968774240778266
5,11.02.2020,9,2020,True,har_gpr,0.0102000829065403,0.017716809966808477
5,12.02.2020,9,2020,True,har_gpr,0.0080747561562223,0.017989978367132346
5,13.02.2020,9,2020,True,har_gpr,0.0143113600759342,0.020150333315889783
5,14.02.2020,9,2020,True,har_gpr,0.0235044771396884,0.019492787876792657
5,18.02.2020,9,2020,True,har_gpr,0.0240495512940362,0.019911538222039584
5,19.02.2020,9,2020,True,har_gpr,0.0157839996273603,0.018443068661798047
5,20.02.2020,9,2020,True,har_gpr,0.0088598984734815,0.019675944275949906
5,21.02.2020,9,2020,True,har_gpr,0.0061088215438361,0.018537787026153028
5,24.02.2020,9,2020,True,har_gpr,0.0244103841254618,0.019384148766934575
5,25.02.2020,9,2020,True,har_gpr,0.0247460391250058,0.02231598386003049
5,26.02.2020,9,2020,True,har_gpr,0.023163908043327,0.021879480173738478
5,27.02.2020,9,2020,True,har_gpr,0.0229881681897431,0.021635474343887247
5,28.02.2020,9,2020,True,har_gpr,0.047076352222003,0.020990027564900093
5,02.03.2020,9,2020,True,har_gpr,0.1146366351543925,0.021269272698569906
5,03.03.2020,9,2020,True,har_gpr,0.1332028167517063,0.02344500080826426
5,04.03.2020,9,2020,True,har_gpr,0.1312094473903915,0.019803221818868972
5,05.03.2020,9,2020,True,har_gpr,0.1284065344170164,0.020236221378071705
5,06.03.2020,9,2020,True,har_gpr,0.1350647607407708,0.020191975563781446
5,09.03.2020,9,2020,True,har_gpr,0.0781335067286872,0.030702707204773447
5,10.03.2020,9,2020,True,har_gpr,0.0505748949609335,0.06599250592301706
5,11.03.2020,9,2020,True,har_gpr,0.0639566968117431,0.06277534990007572
5,12.03.2020,9,2020,True,har_gpr,0.1125349100159635,0.06091310734968521
5,13.03.2020,9,2020,True,har_gpr,0.1091596307692711,0.06187317654411406
5,16.03.2020,9,2020,True,har_gpr,0.1019013134840709,0.06055002429005926
5,17.03.2020,9,2020,True,har_gpr,0.1014161579055846,0.06066975604848859
5,18.03.2020,9,2020,True,har_gpr,0.0694801779061883,0.05511637875433186
5,19.03.2020,9,2020,True,har_gpr,0.0287606068756823,0.06159915300866374
5,20.03.2020,9,2020,True,har_gpr,0.0291820486063726,0.07157554643095827
5,23.03.2020,9,2020,True,har_gpr,0.041929357625014,0.06819144617397226
5,24.03.2020,9,2020,True,har_gpr,0.0407513053187065,0.06571915059680697
5,25.03.2020,9,2020,True,har_gpr,0.0668650804057273,0.06606753330990174
5,26.03.2020,9,2020,True,har_gpr,0.1135111624103916,0.06377692816597189
5,27.03.2020,9,2020,True,har_gpr,0.1108362200506252,0.0613091286850519
5,30.03.2020,9,2020,True,har_gpr,0.0917503352532335,0.062019762486498334
5,31.03.2020,9,2020,True,har_gpr,0.1000440260941304,0.06431539636608884
5,01.04.2020,9,2020,True,har_gpr,0.1007119440642178,0.06084392431897712
5,02.04.2020,9,2020,True,har_gpr,0.0733245287809705,0.06903577778086385
5,03.04.2020,9,2020,True,har_gpr,0.0317673665705126,0.08563364435890271
5,06.04.2020,9,2020,True,har_gpr,0.0403696839852427,0.0857364775026104
5,07.04.2020,9,2020,True,har_gpr,0.0450663831652034,0.06890308637540078
5,08.04.2020,9,2020,True,har_gpr,0.0377366197671217,0.06862008746214328
5,09.04.2020,9,2020,True,har_gpr,0.0414887472186739,0.0684794487342679
5,13.04.2020,9,2020,True,har_gpr,0.0470464079968862,0.06583711493535185
5,14.04.2020,9,2020,True,har_gpr,0.1175556351976704,0.060600685562463834
5,15.04.2020,9,2020,True,har_gpr,0.1332652334262758,0.06183074643919477
5,16.04.2020,9,2020,True,har_gpr,0.1395305272528271,0.06261029751714355
5,17.04.2020,9,2020,True,har_gpr,0.1390770144539133,0.05516944763695792
5,20.04.2020,9,2020,True,har_gpr,0.1377878359178443,0.05164401750416866
5,21.04.2020,9,2020,True,har_gpr,0.0492231055173554,0.05618017842726676
5,22.04.2020,9,2020,True,har_gpr,0.0610646679811303,0.08398374380157791
5,23.04.2020,9,2020,True,har_gpr,0.0744455027305507,0.07762164422500976
5,24.04.2020,9,2020,True,har_gpr,0.0727130463661653,0.0784647716656685
5,27.04.2020,9,2020,True,har_gpr,0.041428612158639,0.07681269781698448
5,28.04.2020,9,2020,True,har_gpr,0.0440875349937062,0.0794933227684038
5,29.04.2020,9,2020,True,har_gpr,0.0692357725505724,0.0689296086381587
5,30.04.2020,9,2020,True,har_gpr,0.0647445220510094,0.07443631946916032
5,01.05.2020,9,2020,True,har_gpr,0.0650443002525205,0.07727317212567165
5,04.05.2020,9,2020,True,har_gpr,0.0735078901443996,0.06834910675759454
5,05.05.2020,9,2020,True,har_gpr,0.0392311911595938,0.06157564933674677
5,06.05.2020,9,2020,True,har_gpr,0.0364639147916588,0.0690890990043115
5,07.05.2020,9,2020,True,har_gpr,0.0470062243047447,0.06805919068113082
5,08.05.2020,9,2020,True,har_gpr,0.0456553457772644,0.06623688839410748
5,11.05.2020,9,2020,True,har_gpr,0.0399040423111877,0.0680402706485219
5,12.05.2020,9,2020,True,har_gpr,0.0425819890766942,0.06914828220462223
5,13.05.2020,9,2020,True,har_gpr,0.0295322198273737,0.06408066140313488
5,14.05.2020,9,2020,True,har_gpr,0.028808262135334,0.06366593118012658
5,15.05.2020,9,2020,True,har_gpr,0.0362594387532142,0.06668293673527374
5,18.05.2020,9,2020,True,har_gpr,0.0240446825989578,0.06601917230981869
5,19.05.2020,9,2020,True,har_gpr,0.0324459216867486,0.06541857555073798
5,20.05.2020,9,2020,True,har_gpr,0.0293631209089166,0.04168653784320451
5,21.05.2020,9,2020,True,har_gpr,0.0288331318996803,0.041356478671598286
5,22.05.2020,9,2020,True,har_gpr,0.0442020705952252,0.040444933543730834
5,26.05.2020,9,2020,True,har_gpr,0.0444159591518459,0.04245860283837248
5,27.05.2020,9,2020,True,har_gpr,0.0324991495206402,0.037629489669881805
5,28.05.2020,9,2020,True,har_gpr,0.0337671525670354,0.04033347318469133
5,29.05.2020,9,2020,True,har_gpr,0.0329993829973498,0.03742169000243247
5,01.06.2020,9,2020,True,har_gpr,0.0344854316771205,0.03371391030839462
5,02.06.2020,9,2020,True,har_gpr,0.0327145427462115,0.03929676312476328
5,03.06.2020,9,2020,True,har_gpr,0.0327533178099638,0.03751329454885379
5,04.06.2020,9,2020,True,har_gpr,0.0518002117226817,0.030293528401910925
5,05.06.2020,9,2020,True,har_gpr,0.0397340486218412,0.029043016097422398
5,08.06.2020,9,2020,True,har_gpr,0.0420107891160099,0.031321506952320416
5,09.06.2020,9,2020,True,har_gpr,0.0448801067995189,0.03161059895904712
5,10.06.2020,9,2020,True,har_gpr,0.0441633604866178,0.02883519463064409
5,11.06.2020,9,2020,True,har_gpr,0.0152104583660033,0.028981931717508517
5,12.06.2020,9,2020,True,har_gpr,0.0141236721515789,0.03633514816410343
5,15.06.2020,9,2020,True,har_gpr,0.0136217869928301,0.031356792366299895
5,16.06.2020,9,2020,True,har_gpr,0.0150572483344212,0.031834242913862665
5,17.06.2020,9,2020,True,har_gpr,0.0327897416160418,0.03087455148933524
5,18.06.2020,9,2020,True,har_gpr,0.0325865712790456,0.02991198294135411
5,19.06.2020,9,2020,True,har_gpr,0.0310269930359965,0.027664006055515385
5,22.06.2020,9,2020,True,har_gpr,0.0301763850485832,0.027483313941026002
5,23.06.2020,9,2020,True,har_gpr,0.0303071316847125,0.027036162278838864
5,24.06.2020,9,2020,True,har_gpr,0.0149245753857576,0.026770271839345113
5,25.06.2020,9,2020,True,har_gpr,0.0165491843407437,0.030867437075507403
5,26.06.2020,9,2020,True,har_gpr,0.0165810575601741,0.029462083019615753
5,29.06.2020,9,2020,True,har_gpr,0.016599037963366,0.028685993637278938
5,30.06.2020,9,2020,True,har_gpr,0.0126282498156642,0.026736117126769463
5,01.07.2020,9,2020,True,har_gpr,0.0171366056429799,0.02632350412765691
5,02.07.2020,9,2020,True,har_gpr,0.0153145337794932,0.025441647131290254
5,06.07.2020,9,2020,True,har_gpr,0.0163481480588302,0.02604528635217032
5,07.07.2020,9,2020,True,har_gpr,0.016573246332527,0.02317077886684091
5,08.07.2020,9,2020,True,har_gpr,0.0191950793210288,0.022303708304440145
5,09.07.2020,9,2020,True,har_gpr,0.0157942367368147,0.022094487837829652
5,10.07.2020,9,2020,True,har_gpr,0.0132832110350435,0.023383079491057963
5,13.07.2020,9,2020,True,har_gpr,0.0115870790480586,0.018710385779331307
5,14.07.2020,9,2020,True,har_gpr,0.0150419799598781,0.018853773577831114
5,15.07.2020,9,2020,True,har_gpr,0.0129438953238256,0.01823047034638682
5,16.07.2020,9,2020,True,har_gpr,0.0166083425069661,0.018700315483033712
5,17.07.2020,9,2020,True,har_gpr,0.0163680964029341,0.01805952920920008
5,20.07.2020,9,2020,True,har_gpr,0.0163267038795973,0.017489552914070963
5,21.07.2020,9,2020,True,har_gpr,0.0099638035377657,0.0166784814041643
5,22.07.2020,9,2020,True,har_gpr,0.0126633005594764,0.017850376195451934
5,23.07.2020,9,2020,True,har_gpr,0.0112404510444913,0.01668324342394307
5,24.07.2020,9,2020,True,har_gpr,0.0121363822115993,0.015105618940062756
5,27.07.2020,9,2020,True,har_gpr,0.0150625111470241,0.014030372782337668
5,28.07.2020,9,2020,True,har_gpr,0.0144300639628016,0.014120994590787174
5,29.07.2020,9,2020,True,har_gpr,0.0150468604274389,0.013480007943869485
5,30.07.2020,9,2020,True,har_gpr,0.0084586359376126,0.013824394101362169
5,31.07.2020,9,2020,True,har_gpr,0.0141935144893736,0.014019225510006735
5,03.08.2020,9,2020,True,har_gpr,0.0128158399827519,0.013000157901282042
5,04.08.2020,9,2020,True,har_gpr,0.014208191533272,0.014476308887541265
5,05.08.2020,9,2020,True,har_gpr,0.0154624913453838,0.013956371501708512
5,06.08.2020,9,2020,True,har_gpr,0.0163269965105309,0.01463522229708012
5,07.08.2020,9,2020,True,har_gpr,0.0143767696927511,0.012795154473707554
5,10.08.2020,9,2020,True,har_gpr,0.0142678712908808,0.013767086121724708
5,11.08.2020,9,2020,True,har_gpr,0.0124632239501106,0.013375393162940494
5,12.08.2020,9,2020,True,har_gpr,0.0084883535826891,0.013628726778713431
5,13.08.2020,9,2020,True,har_gpr,0.0084924562795072,0.014109404958574795
5,14.08.2020,9,2020,True,har_gpr,0.0100952963471557,0.01382421374595652
5,17.08.2020,9,2020,True,har_gpr,0.0119010229003448,0.013369949482700904
5,18.08.2020,9,2020,True,har_gpr,0.0142334363794184,0.013652435527986515
5,19.08.2020,9,2020,True,har_gpr,0.0144729752887634,0.012480757301043106
5,20.08.2020,9,2020,True,har_gpr,0.0148315472867288,0.012139819832018381
5,21.08.2020,9,2020,True,har_gpr,0.0130699530016985,0.011865049094548327
5,24.08.2020,9,2020,True,har_gpr,0.0106314455855669,0.012344655624753495
5,25.08.2020,9,2020,True,har_gpr,0.0076312486220193,0.012715368291798416
5,26.08.2020,9,2020,True,har_gpr,0.0134716352609708,0.013049359121778709
5,27.08.2020,9,2020,True,har_gpr,0.0130845497369607,0.012600277587254793
5,28.08.2020,9,2020,True,har_gpr,0.0176906795216621,0.012596689465568505
5,31.08.2020,9,2020,True,har_gpr,0.0289471441416324,0.011984206194744065
5,01.09.2020,9,2020,True,har_gpr,0.0347320732685499,0.012139366589568603
5,02.09.2020,9,2020,True,har_gpr,0.0347132111560699,0.011935933287291155
5,03.09.2020,9,2020,True,har_gpr,0.0349440089164813,0.013710617232653583
5,04.09.2020,9,2020,True,har_gpr,0.0346543880837693,0.013093730135659844
5,08.09.2020,9,2020,True,har_gpr,0.0192094398167883,0.015367395344841947
5,09.09.2020,9,2020,True,har_gpr,0.024230884553498,0.021358739010435175
5,10.09.2020,9,2020,True,har_gpr,0.0205433394211951,0.020905370644173017
5,11.09.2020,9,2020,True,har_gpr,0.0199673819217693,0.020234978257258254
5,14.09.2020,9,2020,True,har_gpr,0.0319107297140752,0.01978196799009507
5,15.09.2020,9,2020,True,har_gpr,0.0309508441185,0.020108364308006145
5,16.09.2020,9,2020,True,har_gpr,0.0240255835249037,0.01978734145599743
5,17.09.2020,9,2020,True,har_gpr,0.0194081115265197,0.022399385917529963
5,18.09.2020,9,2020,True,har_gpr,0.0195659192540635,0.02204463386181757
5,21.09.2020,9,2020,True,har_gpr,0.0049563461252023,0.021135610655502946
5,22.09.2020,9,2020,True,har_gpr,0.0175678336947625,0.024180309301086757
5,23.09.2020,9,2020,True,har_gpr,0.0174205100279541,0.02261944127565784
5,24.09.2020,9,2020,True,har_gpr,0.0170103833802477,0.021550800652623235
5,25.09.2020,9,2020,True,har_gpr,0.0231155608543598,0.02129919221969344
5,28.09.2020,9,2020,True,har_gpr,0.0360956315724055,0.021142828261952323
5,29.09.2020,9,2020,True,har_gpr,0.0353004412433084,0.020433669050538672
5,30.09.2020,9,2020,True,har_gpr,0.0367355842432106,0.022857378795251477
5,01.10.2020,9,2020,True,har_gpr,0.0383088951171676,0.021583488285545894
5,02.10.2020,9,2020,True,har_gpr,0.0292307263564261,0.021224820834581184
5,05.10.2020,9,2020,True,har_gpr,0.0279143878368944,0.02412535979475426
5,06.10.2020,9,2020,True,har_gpr,0.024416098718897,0.02644508664241811
5,07.10.2020,9,2020,True,har_gpr,0.024304740459389,0.023223197679719598
5,08.10.2020,9,2020,True,har_gpr,0.0197876964140615,0.022598303170052927
5,09.10.2020,9,2020,True,har_gpr,0.0191588400274081,0.023607463321486045
5,12.10.2020,9,2020,True,har_gpr,0.0133803629145164,0.022143236453184327
5,13.10.2020,9,2020,True,har_gpr,0.0123474901338673,0.02312800658092107
5,14.10.2020,9,2020,True,har_gpr,0.0166500648772249,0.022649564431102907
5,15.10.2020,9,2020,True,har_gpr,0.0201379329101197,0.02197255780156858
5,16.10.2020,9,2020,True,har_gpr,0.0210085567977049,0.020552569764836756
5,19.10.2020,9,2020,True,har_gpr,0.0241729820431713,0.020569401936787655
5,20.10.2020,9,2020,True,har_gpr,0.0255749363565713,0.019428104223197372
5,21.10.2020,9,2020,True,har_gpr,0.0306694242572155,0.01960741018801823
5,22.10.2020,9,2020,True,har_gpr,0.0267951294495262,0.021633074335908643
5,23.10.2020,9,2020,True,har_gpr,0.0280537511962274,0.02152242607028285
5,26.10.2020,9,2020,True,har_gpr,0.0380292090260585,0.02175251038553563
5,27.10.2020,9,2020,True,har_gpr,0.0381459151862041,0.022600179168070035
5,28.10.2020,9,2020,True,har_gpr,0.0326617796561471,0.021750794750564278
5,29.10.2020,9,2020,True,har_gpr,0.0224165807013664,0.025121995458746833
5,30.10.2020,9,2020,True,har_gpr,0.0324054105516275,0.025013310951399352
5,02.11.2020,9,2020,True,har_gpr,0.0416888522884129,0.023005856176337686
5,03.11.2020,9,2020,True,har_gpr,0.0420048268775454,0.025010834014582168
5,04.11.2020,9,2020,True,har_gpr,0.0408949399194969,0.023734755294544437
5,05.11.2020,9,2020,True,har_gpr,0.0407650695510085,0.02486152436803202
5,06.11.2020,9,2020,True,har_gpr,0.0354895395795364,0.022126587628262463
5,09.11.2020,9,2020,True,har_gpr,0.0194348191995986,0.024782608646010687
5,10.11.2020,9,2020,True,har_gpr,0.0153022197825163,0.02968345564996326
5,11.11.2020,9,2020,True,har_gpr,0.0163493117884701,0.028320908588926545
5,12.11.2020,9,2020,True,har_gpr,0.0160025989567923,0.02714105402949479
5,13.11.2020,9,2020,True,har_gpr,0.0118903494146356,0.027212676555351763
5,16.11.2020,9,2020,True,har_gpr,0.0119354791461219,0.027314523868914593
5,17.11.2020,9,2020,True,har_gpr,0.0151785535600522,0.026589362331381157
5,18.11.2020,9,2020,True,har_gpr,0.015046714752727,0.025321957625772128
5,19.11.2020,9,2020,True,har_gpr,0.0171645054891629,0.025247004201180586
5,20.11.2020,9,2020,True,har_gpr,0.0216796378722,0.024732046877010576
5,23.11.2020,9,2020,True,har_gpr,0.0211280684720198,0.024796046312390116
5,24.11.2020,9,2020,True,har_gpr,0.0139037670215996,0.024104516729950225
5,25.11.2020,9,2020,True,har_gpr,0.0125881067546155,0.02539984905317776
5,27.11.2020,9,2020,True,har_gpr,0.0120498360850156,0.022380394518751734
5,30.11.2020,9,2020,True,har_gpr,0.0110623669284003,0.020973053798247997
5,01.12.2020,9,2020,True,har_gpr,0.0103399647956127,0.02151928753242006
5,02.12.2020,9,2020,True,har_gpr,0.0082050564278907,0.02073077904062067
5,03.12.2020,9,2020,True,har_gpr,0.0141769514023949,0.020592368227461185
5,04.12.2020,9,2020,True,har_gpr,0.0147076063922804,0.019613076527578623
5,07.12.2020,9,2020,True,har_gpr,0.0130065919255669,0.019440421200581738
5,08.12.2020,9,2020,True,har_gpr,0.012729864785064,0.017712211084568948
5,09.12.2020,9,2020,True,har_gpr,0.0121450336768197,0.013687208058258711
5,10.12.2020,9,2020,True,har_gpr,0.0060063394301973,0.012980947716047983
5,11.12.2020,9,2020,True,har_gpr,0.0034234057882748,0.01506937882573394
5,14.12.2020,9,2020,True,har_gpr,0.0162989853051166,0.0142609494000776
5,15.12.2020,9,2020,True,har_gpr,0.0176063734716719,0.013893842734574021
5,16.12.2020,9,2020,True,har_gpr,0.0207660618998341,0.013660346210289586
5,17.12.2020,9,2020,True,har_gpr,0.020363622341642,0.013394626262992594
5,18.12.2020,9,2020,True,har_gpr,0.0185124921693322,0.012884122738454457
5,21.12.2020,9,2020,True,har_gpr,0.0145878618681269,0.012799864880651978
5,22.12.2020,9,2020,True,har_gpr,0.0109983943827489,0.015595231316339804
5,23.12.2020,9,2020,True,har_gpr,0.006530112750621,0.015465899307211125
5,24.12.2020,9,2020,True,har_gpr,0.0097731323928142,0.014968444006682076
5,28.12.2020,9,2020,True,har_gpr,0.0227142422971224,0.013982210178177664
5,29.12.2020,9,2020,True,har_gpr,0.0224710179594641,0.013902988626473985
5,30.12.2020,9,2020,True,har_gpr,0.0227974601982803,0.0131114885802248
5,31.12.2020,9,2020,True,har_gpr,0.023991795945337,0.01274115314619908
5,02.01.2020,9,2020,True,har_x,0.0277497124968973,0.013447229661976048
5,03.01.2020,9,2020,True,har_x,0.0183639120767787,0.013560873110112986
5,06.01.2020,9,2020,True,har_x,0.0162770908007995,0.015710098866923136
5,07.01.2020,9,2020,True,har_x,0.0183480483447382,0.01796972628367859
5,08.01.2020,9,2020,True,har_x,0.0063690449800377,0.01765908502271629
5,09.01.2020,9,2020,True,har_x,0.0090339246369451,0.01837382154041987
5,10.01.2020,9,2020,True,har_x,0.009070458640898,0.018538392197017764
5,13.01.2020,9,2020,True,har_x,0.0069436706990947,0.01683517010838288
5,14.01.2020,9,2020,True,har_x,0.0118946626461309,0.01774470080766177
5,15.01.2020,9,2020,True,har_x,0.0136355528854091,0.017272505849122117
5,16.01.2020,9,2020,True,har_x,0.0116284598079368,0.0172564688229476
5,17.01.2020,9,2020,True,har_x,0.007875983230138,0.01493494568466022
5,21.01.2020,9,2020,True,har_x,0.0110570796812306,0.014135880670444781
5,22.01.2020,9,2020,True,har_x,0.0139510059825109,0.013569658907690376
5,23.01.2020,9,2020,True,har_x,0.0152154816139622,0.015578734253863502
5,24.01.2020,9,2020,True,har_x,0.0146786739780681,0.016350756955047067
5,27.01.2020,9,2020,True,har_x,0.0299177861131571,0.018060276158717997
5,28.01.2020,9,2020,True,har_x,0.0282953477530544,0.019415963701072236
5,29.01.2020,9,2020,True,har_x,0.0333075485191993,0.018437244932625402
5,30.01.2020,9,2020,True,har_x,0.0329808525022141,0.017975942611503506
5,31.01.2020,9,2020,True,har_x,0.0326433845920162,0.019203634813263048
5,03.02.2020,9,2020,True,har_x,0.0171546607854485,0.02091042899392523
5,04.02.2020,9,2020,True,har_x,0.0185847399843258,0.022213247456715556
5,05.02.2020,9,2020,True,har_x,0.0214020252376977,0.020379354817315096
5,06.02.2020,9,2020,True,har_x,0.0210741294010147,0.019431282389522568
5,07.02.2020,9,2020,True,har_x,0.0200712798054514,0.018393448403134317
5,10.02.2020,9,2020,True,har_x,0.0098374700457725,0.01909485767420236
5,11.02.2020,9,2020,True,har_x,0.0102000829065403,0.01954414747331142
5,12.02.2020,9,2020,True,har_x,0.0080747561562223,0.018531974833925408
5,13.02.2020,9,2020,True,har_x,0.0143113600759342,0.017383477019217906
5,14.02.2020,9,2020,True,har_x,0.0235044771396884,0.017428261861866936
5,18.02.2020,9,2020,True,har_x,0.0240495512940362,0.01754212141358012
5,19.02.2020,9,2020,True,har_x,0.0157839996273603,0.016853766092351424
5,20.02.2020,9,2020,True,har_x,0.0088598984734815,0.01618013845781374
5,21.02.2020,9,2020,True,har_x,0.0061088215438361,0.016654492543249393
5,24.02.2020,9,2020,True,har_x,0.0244103841254618,0.018391226357933155
5,25.02.2020,9,2020,True,har_x,0.0247460391250058,0.020491469798798068
5,26.02.2020,9,2020,True,har_x,0.023163908043327,0.022313980818929824
5,27.02.2020,9,2020,True,har_x,0.0229881681897431,0.023001586295144694
5,28.02.2020,9,2020,True,har_x,0.047076352222003,0.026914139618417134
5,02.03.2020,9,2020,True,har_x,0.1146366351543925,0.028169437150030202
5,03.03.2020,9,2020,True,har_x,0.1332028167517063,0.02636906032374899
5,04.03.2020,9,2020,True,har_x,0.1312094473903915,0.02775986032030966
5,05.03.2020,9,2020,True,har_x,0.1284065344170164,0.02771835371906393
5,06.03.2020,9,2020,True,har_x,0.1350647607407708,0.029040453512093684
5,09.03.2020,9,2020,True,har_x,0.0781335067286872,0.03731430153456397
5,10.03.2020,9,2020,True,har_x,0.0505748949609335,0.07052030760497867
5,11.03.2020,9,2020,True,har_x,0.0639566968117431,0.05449277119334552
5,12.03.2020,9,2020,True,har_x,0.1125349100159635,0.06219007266227315
5,13.03.2020,9,2020,True,har_x,0.1091596307692711,0.07410654489790372
5,16.03.2020,9,2020,True,har_x,0.1019013134840709,0.07053314509990895
5,17.03.2020,9,2020,True,har_x,0.1014161579055846,0.07769595368455713
5,18.03.2020,9,2020,True,har_x,0.0694801779061883,0.08063846192023404
5,19.03.2020,9,2020,True,har_x,0.0287606068756823,0.10259040785741103
5,20.03.2020,9,2020,True,har_x,0.0291820486063726,0.10039627854513987
5,23.03.2020,9,2020,True,har_x,0.041929357625014,0.11667829271401377
5,24.03.2020,9,2020,True,har_x,0.0407513053187065,0.11471065029226082
5,25.03.2020,9,2020,True,har_x,0.0668650804057273,0.10521685298671085
5,26.03.2020,9,2020,True,har_x,0.1135111624103916,0.08833512655866917
5,27.03.2020,9,2020,True,har_x,0.1108362200506252,0.09278707441737098
5,30.03.2020,9,2020,True,har_x,0.0917503352532335,0.10945764142069028
5,31.03.2020,9,2020,True,har_x,0.1000440260941304,0.10821839664718015
5,01.04.2020,9,2020,True,har_x,0.1007119440642178,0.10535903204494508
5,02.04.2020,9,2020,True,har_x,0.0733245287809705,0.09818719853479907
5,03.04.2020,9,2020,True,har_x,0.0317673665705126,0.1008209942650865
5,06.04.2020,9,2020,True,har_x,0.0403696839852427,0.08707704648216137
5,07.04.2020,9,2020,True,har_x,0.0450663831652034,0.08780324390749868
5,08.04.2020,9,2020,True,har_x,0.0377366197671217,0.08447892005461553
5,09.04.2020,9,2020,True,har_x,0.0414887472186739,0.08593295582465947
5,13.04.2020,9,2020,True,har_x,0.0470464079968862,0.07882854453728359
5,14.04.2020,9,2020,True,har_x,0.1175556351976704,0.06910032267033424
5,15.04.2020,9,2020,True,har_x,0.1332652334262758,0.07000420141103404
5,16.04.2020,9,2020,True,har_x,0.1395305272528271,0.07309428135331045
5,17.04.2020,9,2020,True,har_x,0.1390770144539133,0.06935149065937213
5,20.04.2020,9,2020,True,har_x,0.1377878359178443,0.056951444743724114
5,21.04.2020,9,2020,True,har_x,0.0492231055173554,0.14048106828317705
5,22.04.2020,9,2020,True,har_x,0.0610646679811303,0.20466614946727846
5,23.04.2020,9,2020,True,har_x,0.0744455027305507,0.14648288410952415
5,24.04.2020,9,2020,True,har_x,0.0727130463661653,0.12982262733685607
5,27.04.2020,9,2020,True,har_x,0.041428612158639,0.10552776283883478
5,28.04.2020,9,2020,True,har_x,0.0440875349937062,0.11381073610012023
5,29.04.2020,9,2020,True,har_x,0.0692357725505724,0.12295438136293638
5,30.04.2020,9,2020,True,har_x,0.0647445220510094,0.12124055212476374
5,01.05.2020,9,2020,True,har_x,0.0650443002525205,0.06302903093301497
5,04.05.2020,9,2020,True,har_x,0.0735078901443996,0.06589354370739275
5,05.05.2020,9,2020,True,har_x,0.0392311911595938,0.05795750302465303
5,06.05.2020,9,2020,True,har_x,0.0364639147916588,0.05846864231847546
5,07.05.2020,9,2020,True,har_x,0.0470062243047447,0.06935082698098083
5,08.05.2020,9,2020,True,har_x,0.0456553457772644,0.06614398322086748
5,11.05.2020,9,2020,True,har_x,0.0399040423111877,0.05872409444385865
5,12.05.2020,9,2020,True,har_x,0.0425819890766942,0.06533830625035265
5,13.05.2020,9,2020,True,har_x,0.0295322198273737,0.05080050756822521
5,14.05.2020,9,2020,True,har_x,0.028808262135334,0.048313557480887566
5,15.05.2020,9,2020,True,har_x,0.0362594387532142,0.04664826921941405
5,18.05.2020,9,2020,True,har_x,0.0240446825989578,0.04419384439703271
5,19.05.2020,9,2020,True,har_x,0.0324459216867486,0.04517710618306069
5,20.05.2020,9,2020,True,har_x,0.0293631209089166,0.04256576357457059
5,21.05.2020,9,2020,True,har_x,0.0288331318996803,0.04310210816805844
5,22.05.2020,9,2020,True,har_x,0.0442020705952252,0.052896591252343854
5,26.05.2020,9,2020,True,har_x,0.0444159591518459,0.050312764027980454
5,27.05.2020,9,2020,True,har_x,0.0324991495206402,0.04460237816164055
5,28.05.2020,9,2020,True,har_x,0.0337671525670354,0.043592019650579884
5,29.05.2020,9,2020,True,har_x,0.0329993829973498,0.042870536346072595
5,01.06.2020,9,2020,True,har_x,0.0344854316771205,0.040334628208016136
5,02.06.2020,9,2020,True,har_x,0.0327145427462115,0.03659433703218974
5,03.06.2020,9,2020,True,har_x,0.0327533178099638,0.03652454824808495
5,04.06.2020,9,2020,True,har_x,0.0518002117226817,0.03706472188724296
5,05.06.2020,9,2020,True,har_x,0.0397340486218412,0.0366422725150293
5,08.06.2020,9,2020,True,har_x,0.0420107891160099,0.03635115009165454
5,09.06.2020,9,2020,True,har_x,0.0448801067995189,0.038244982289392625
5,10.06.2020,9,2020,True,har_x,0.0441633604866178,0.038417883060969917
5,11.06.2020,9,2020,True,har_x,0.0152104583660033,0.035421640532821534
5,12.06.2020,9,2020,True,har_x,0.0141236721515789,0.04009026539354578
5,15.06.2020,9,2020,True,har_x,0.0136217869928301,0.03993449034178794
5,16.06.2020,9,2020,True,har_x,0.0150572483344212,0.03914083697603955
5,17.06.2020,9,2020,True,har_x,0.0327897416160418,0.038170396189774775
5,18.06.2020,9,2020,True,har_x,0.0325865712790456,0.03471071895371132
5,19.06.2020,9,2020,True,har_x,0.0310269930359965,0.035008623480447656
5,22.06.2020,9,2020,True,har_x,0.0301763850485832,0.03331905260905634
5,23.06.2020,9,2020,True,har_x,0.0303071316847125,0.03242321179478755
5,24.06.2020,9,2020,True,har_x,0.0149245753857576,0.033679099084265744
5,25.06.2020,9,2020,True,har_x,0.0165491843407437,0.03771139954839023
5,26.06.2020,9,2020,True,har_x,0.0165810575601741,0.03604061395777464
5,29.06.2020,9,2020,True,har_x,0.016599037963366,0.03659911965328052
5,30.06.2020,9,2020,True,har_x,0.0126282498156642,0.03322752937326722
5,01.07.2020,9,2020,True,har_x,0.0171366056429799,0.03167476673295604
5,02.07.2020,9,2020,True,har_x,0.0153145337794932,0.02915829820712433
5,06.07.2020,9,2020,True,har_x,0.0163481480588302,0.027800064726516856
5,07.07.2020,9,2020,True,har_x,0.016573246332527,0.027674347133247783
5,08.07.2020,9,2020,True,har_x,0.0191950793210288,0.028081828170896366
5,09.07.2020,9,2020,True,har_x,0.0157942367368147,0.026514890762048646
5,10.07.2020,9,2020,True,har_x,0.0132832110350435,0.029731155036081328
5,13.07.2020,9,2020,True,har_x,0.0115870790480586,0.027063987280768188
5,14.07.2020,9,2020,True,har_x,0.0150419799598781,0.029572114044251634
5,15.07.2020,9,2020,True,har_x,0.0129438953238256,0.029281681299729977
5,16.07.2020,9,2020,True,har_x,0.0166083425069661,0.02549561834540241
5,17.07.2020,9,2020,True,har_x,0.0163680964029341,0.024871239733334258
5,20.07.2020,9,2020,True,har_x,0.0163267038795973,0.02107947198492099
5,21.07.2020,9,2020,True,har_x,0.0099638035377657,0.022691438364777352
5,22.07.2020,9,2020,True,har_x,0.0126633005594764,0.021818494826330276
5,23.07.2020,9,2020,True,har_x,0.0112404510444913,0.021834477094839842
5,24.07.2020,9,2020,True,har_x,0.0121363822115993,0.023503206779837728
5,27.07.2020,9,2020,True,har_x,0.0150625111470241,0.022427586731633687
5,28.07.2020,9,2020,True,har_x,0.0144300639628016,0.02235263610734398
5,29.07.2020,9,2020,True,har_x,0.0150468604274389,0.022249239290932664
5,30.07.2020,9,2020,True,har_x,0.0084586359376126,0.021294013416128205
5,31.07.2020,9,2020,True,har_x,0.0141935144893736,0.022939275181821855
5,03.08.2020,9,2020,True,har_x,0.0128158399827519,0.02438215242650022
5,04.08.2020,9,2020,True,har_x,0.014208191533272,0.021344569132342308
5,05.08.2020,9,2020,True,har_x,0.0154624913453838,0.02045444342361161
5,06.08.2020,9,2020,True,har_x,0.0163269965105309,0.018480802583093956
5,07.08.2020,9,2020,True,har_x,0.0143767696927511,0.018753105868828484
5,10.08.2020,9,2020,True,har_x,0.0142678712908808,0.018670176001628704
5,11.08.2020,9,2020,True,har_x,0.0124632239501106,0.017602437813749608
5,12.08.2020,9,2020,True,har_x,0.0084883535826891,0.018709476518014752
5,13.08.2020,9,2020,True,har_x,0.0084924562795072,0.016979942101834247
5,14.08.2020,9,2020,True,har_x,0.0100952963471557,0.016996535787977548
5,17.08.2020,9,2020,True,har_x,0.0119010229003448,0.017124339456942195
5,18.08.2020,9,2020,True,har_x,0.0142334363794184,0.01582066126966885
5,19.08.2020,9,2020,True,har_x,0.0144729752887634,0.015299276861525171
5,20.08.2020,9,2020,True,har_x,0.0148315472867288,0.016077707967920008
5,21.08.2020,9,2020,True,har_x,0.0130699530016985,0.01610347763421176
5,24.08.2020,9,2020,True,har_x,0.0106314455855669,0.016648529357352546
5,25.08.2020,9,2020,True,har_x,0.0076312486220193,0.01593233835344303
5,26.08.2020,9,2020,True,har_x,0.0134716352609708,0.016404950150231887
5,27.08.2020,9,2020,True,har_x,0.0130845497369607,0.016825801198278718
5,28.08.2020,9,2020,True,har_x,0.0176906795216621,0.016826889506027065
5,31.08.2020,9,2020,True,har_x,0.0289471441416324,0.015700864267011023
5,01.09.2020,9,2020,True,har_x,0.0347320732685499,0.016043060374043336
5,02.09.2020,9,2020,True,har_x,0.0347132111560699,0.01553580781372665
5,03.09.2020,9,2020,True,har_x,0.0349440089164813,0.018002717018465765
5,04.09.2020,9,2020,True,har_x,0.0346543880837693,0.02162695884741988
5,08.09.2020,9,2020,True,har_x,0.0192094398167883,0.023494949397934277
5,09.09.2020,9,2020,True,har_x,0.024230884553498,0.031477018678311354
5,10.09.2020,9,2020,True,har_x,0.0205433394211951,0.02701331395341707
5,11.09.2020,9,2020,True,har_x,0.0199673819217693,0.028726779720496202
5,14.09.2020,9,2020,True,har_x,0.0319107297140752,0.02735037955567022
5,15.09.2020,9,2020,True,har_x,0.0309508441185,0.026434728923067082
5,16.09.2020,9,2020,True,har_x,0.0240255835249037,0.02398425785463628
5,17.09.2020,9,2020,True,har_x,0.0194081115265197,0.021452522812779293
5,18.09.2020,9,2020,True,har_x,0.0195659192540635,0.019867896572136723
5,21.09.2020,9,2020,True,har_x,0.0049563461252023,0.019967099521084167
5,22.09.2020,9,2020,True,har_x,0.0175678336947625,0.022460578729246363
5,23.09.2020,9,2020,True,har_x,0.0174205100279541,0.021240569900443193
5,24.09.2020,9,2020,True,har_x,0.0170103833802477,0.023432110265793154
5,25.09.2020,9,2020,True,har_x,0.0231155608543598,0.022364981634117743
5,28.09.2020,9,2020,True,har_x,0.0360956315724055,0.02139829261321064
5,29.09.2020,9,2020,True,har_x,0.0353004412433084,0.021715205211947097
5,30.09.2020,9,2020,True,har_x,0.0367355842432106,0.02524562614480716
5,01.10.2020,9,2020,True,har_x,0.0383088951171676,0.023697695258897464
5,02.10.2020,9,2020,True,har_x,0.0292307263564261,0.027125180451556402
5,05.10.2020,9,2020,True,har_x,0.0279143878368944,0.03126695173519916
5,06.10.2020,9,2020,True,har_x,0.024416098718897,0.027020862188328526
5,07.10.2020,9,2020,True,har_x,0.024304740459389,0.025063945502610232
5,08.10.2020,9,2020,True,har_x,0.0197876964140615,0.024245343170074565
5,09.10.2020,9,2020,True,har_x,0.0191588400274081,0.021531678428437923
5,12.10.2020,9,2020,True,har_x,0.0133803629145164,0.02229822823991764
5,13.10.2020,9,2020,True,har_x,0.0123474901338673,0.023473437670642222
5,14.10.2020,9,2020,True,har_x,0.0166500648772249,0.0246509157400858
5,15.10.2020,9,2020,True,har_x,0.0201379329101197,0.02302510316574226
5,16.10.2020,9,2020,True,har_x,0.0210085567977049,0.023161925340937233
5,19.10.2020,9,2020,True,har_x,0.0241729820431713,0.023325461726398804
5,20.10.2020,9,2020,True,har_x,0.0255749363565713,0.023064215216950228
5,21.10.2020,9,2020,True,har_x,0.0306694242572155,0.023427241309416518
5,22.10.2020,9,2020,True,har_x,0.0267951294495262,0.025913820939696748
5,23.10.2020,9,2020,True,har_x,0.0280537511962274,0.02516586629643601
5,26.10.2020,9,2020,True,har_x,0.0380292090260585,0.02496847362663887
5,27.10.2020,9,2020,True,har_x,0.0381459151862041,0.029488735205068044
5,28.10.2020,9,2020,True,har_x,0.0326617796561471,0.02757152722752377
5,29.10.2020,9,2020,True,har_x,0.0224165807013664,0.03376983876500046
5,30.10.2020,9,2020,True,har_x,0.0324054105516275,0.03616457398869756
5,02.11.2020,9,2020,True,har_x,0.0416888522884129,0.039455172941987526
5,03.11.2020,9,2020,True,har_x,0.0420048268775454,0.037623017660833646
5,04.11.2020,9,2020,True,har_x,0.0408949399194969,0.035504672869127576
5,05.11.2020,9,2020,True,har_x,0.0407650695510085,0.029836439368280135
5,06.11.2020,9,2020,True,har_x,0.0354895395795364,0.029215599957130245
5,09.11.2020,9,2020,True,har_x,0.0194348191995986,0.03061789330049174
5,10.11.2020,9,2020,True,har_x,0.0153022197825163,0.029065806502872205
5,11.11.2020,9,2020,True,har_x,0.0163493117884701,0.027171842607940592
5,12.11.2020,9,2020,True,har_x,0.0160025989567923,0.0267873293240603
5,13.11.2020,9,2020,True,har_x,0.0118903494146356,0.02786544850277464
5,16.11.2020,9,2020,True,har_x,0.0119354791461219,0.026275969464665056
5,17.11.2020,9,2020,True,har_x,0.0151785535600522,0.025142153337086307
5,18.11.2020,9,2020,True,har_x,0.015046714752727,0.023892114568241783
5,19.11.2020,9,2020,True,har_x,0.0171645054891629,0.024568607483066978
5,20.11.2020,9,2020,True,har_x,0.0216796378722,0.024691934385438527
5,23.11.2020,9,2020,True,har_x,0.0211280684720198,0.023269310323536234
5,24.11.2020,9,2020,True,har_x,0.0139037670215996,0.022322801122763455
5,25.11.2020,9,2020,True,har_x,0.0125881067546155,0.02241092041584995
5,27.11.2020,9,2020,True,har_x,0.0120498360850156,0.02271036647680027
5,30.11.2020,9,2020,True,har_x,0.0110623669284003,0.024331717521826172
5,01.12.2020,9,2020,True,har_x,0.0103399647956127,0.025238902382373602
5,02.12.2020,9,2020,True,har_x,0.0082050564278907,0.02547057065209026
5,03.12.2020,9,2020,True,har_x,0.0141769514023949,0.024253007637402308
5,04.12.2020,9,2020,True,har_x,0.0147076063922804,0.021174429212007666
5,07.12.2020,9,2020,True,har_x,0.0130065919255669,0.019509396883462475
5,08.12.2020,9,2020,True,har_x,0.012729864785064,0.01923537446525201
5,09.12.2020,9,2020,True,har_x,0.0121450336768197,0.019149585267531462
5,10.12.2020,9,2020,True,har_x,0.0060063394301973,0.020328391279623936
5,11.12.2020,9,2020,True,har_x,0.0034234057882748,0.020550364455654398
5,14.12.2020,9,2020,True,har_x,0.0162989853051166,0.020294724464205122
5,15.12.2020,9,2020,True,har_x,0.0176063734716719,0.020131481287714064
5,16.12.2020,9,2020,True,har_x,0.0207660618998341,0.019747620829436725
5,17.12.2020,9,2020,True,har_x,0.020363622341642,0.01931076050676804
5,18.12.2020,9,2020,True,har_x,0.0185124921693322,0.018213401931483363
5,21.12.2020,9,2020,True,har_x,0.0145878618681269,0.01846071995204096
5,22.12.2020,9,2020,True,har_x,0.0109983943827489,0.02194759602359763
5,23.12.2020,9,2020,True,har_x,0.006530112750621,0.022202067213900133
5,24.12.2020,9,2020,True,har_x,0.0097731323928142,0.020793458835070517
5,28.12.2020,9,2020,True,har_x,0.0227142422971224,0.02037009785690928
5,29.12.2020,9,2020,True,har_x,0.0224710179594641,0.020077547942568795
5,30.12.2020,9,2020,True,har_x,0.0227974601982803,0.019428188092883037
5,31.12.2020,9,2020,True,har_x,0.023991795945337,0.019060452209593865
22,02.01.2020,9,2020,True,har,0.0201594484825342,0.016790724272955262
22,03.01.2020,9,2020,True,har,0.0191472655862914,0.015586940059166922
22,06.01.2020,9,2020,True,har,0.0188988326609054,0.017110306808417124
22,07.01.2020,9,2020,True,har,0.0189021181824596,0.01610196878713443
22,08.01.2020,9,2020,True,har,0.0177287431209665,0.016321799956687873
22,09.01.2020,9,2020,True,har,0.0183324944513361,0.019605378983958886
22,10.01.2020,9,2020,True,har,0.0203221564471006,0.0182286780172183
22,13.01.2020,9,2020,True,har,0.0205921996353541,0.017562484920942617
22,14.01.2020,9,2020,True,har,0.0210732734223961,0.017694820870390135
22,15.01.2020,9,2020,True,har,0.0212410863348049,0.01739358848842626
22,16.01.2020,9,2020,True,har,0.0218783680883313,0.016553455437171082
22,17.01.2020,9,2020,True,har,0.0218727996891886,0.016795837023724877
22,21.01.2020,9,2020,True,har,0.0219701486269142,0.01661309730539483
22,22.01.2020,9,2020,True,har,0.0228618698994837,0.016417372745376857
22,23.01.2020,9,2020,True,har,0.0230483488210118,0.017752743292534998
22,24.01.2020,9,2020,True,har,0.0232892690085738,0.01798798475416058
22,27.01.2020,9,2020,True,har,0.023319232640432,0.017976225408702855
22,28.01.2020,9,2020,True,har,0.0238875674823554,0.017705820993080778
22,29.01.2020,9,2020,True,har,0.0248696165462137,0.017309820753536504
22,30.01.2020,9,2020,True,har,0.0245143913905472,0.017626364502334756
22,31.01.2020,9,2020,True,har,0.0245751070890277,0.017940633822092794
22,03.02.2020,9,2020,True,har,0.021008733059868,0.017036807935023976
22,04.02.2020,9,2020,True,har,0.0292393565154729,0.021565229174029574
22,05.02.2020,9,2020,True,har,0.0634455238632774,0.019325075402037165
22,06.02.2020,9,2020,True,har,0.0670026585473258,0.021274965340685126
22,07.02.2020,9,2020,True,har,0.0671206989281014,0.019793545055117184
22,10.02.2020,9,2020,True,har,0.0681548768772577,0.019781606016548388
22,11.02.2020,9,2020,True,har,0.0682860149113869,0.01909986606318875
22,12.02.2020,9,2020,True,har,0.070228170732519,0.01937065428793863
22,13.02.2020,9,2020,True,har,0.0697884124720703,0.021359135590379507
22,14.02.2020,9,2020,True,har,0.0729114575490464,0.020784822790950494
22,18.02.2020,9,2020,True,har,0.0812614619739943,0.021164099453430243
22,19.02.2020,9,2020,True,har,0.0804088027404394,0.02006600393029886
22,20.02.2020,9,2020,True,har,0.0803780798644355,0.02119166671720621
22,21.02.2020,9,2020,True,har,0.0807074893615169,0.020163630264569583
22,24.02.2020,9,2020,True,har,0.0812357075456992,0.02093374135240038
22,25.02.2020,9,2020,True,har,0.0812234806912673,0.023097056119984166
22,26.02.2020,9,2020,True,har,0.0813419133114324,0.02271361548911343
22,27.02.2020,9,2020,True,har,0.0821736274857786,0.022482728986155845
22,28.02.2020,9,2020,True,har,0.0825444831201837,0.021889926168287673
22,02.03.2020,9,2020,True,har,0.0854893343102728,0.022137224487408964
22,03.03.2020,9,2020,True,har,0.0978591731123543,0.024138629174318534
22,04.03.2020,9,2020,True,har,0.103320292871182,0.020774042648959674
22,05.03.2020,9,2020,True,har,0.1033554369777209,0.021156002196499678
22,06.03.2020,9,2020,True,har,0.1018866234050266,0.021099214806863408
22,09.03.2020,9,2020,True,har,0.0840535435821956,0.030793601486848517
22,10.03.2020,9,2020,True,har,0.0823983277188791,0.06399385524075607
22,11.03.2020,9,2020,True,har,0.0821530474590281,0.06132927611841507
22,12.03.2020,9,2020,True,har,0.081970332051463,0.05966048325066506
22,13.03.2020,9,2020,True,har,0.0827990372560091,0.06049663287956106
22,16.03.2020,9,2020,True,har,0.0790948190052127,0.05935561111487765
22,17.03.2020,9,2020,True,har,0.0785859872467007,0.05933185189164529
22,18.03.2020,9,2020,True,har,0.0748802095918047,0.05428031950861005
22,19.03.2020,9,2020,True,har,0.0902553436882754,0.06016518652514556
22,20.03.2020,9,2020,True,har,0.0910645340726575,0.0695027851509841
22,23.03.2020,9,2020,True,har,0.0918864357389213,0.06648285967227795
22,24.03.2020,9,2020,True,har,0.0918921855803592,0.06445926737703636
22,25.03.2020,9,2020,True,har,0.0926281279749701,0.06478125648383605
22,26.03.2020,9,2020,True,har,0.0927873807205363,0.06264500915364804
22,27.03.2020,9,2020,True,har,0.0950152171231996,0.060299990911829734
22,30.03.2020,9,2020,True,har,0.0961960321188808,0.06093632100000593
22,31.03.2020,9,2020,True,har,0.0965695773953749,0.06290616564421837
22,01.04.2020,9,2020,True,har,0.0951593153950062,0.059819979872420534
22,02.04.2020,9,2020,True,har,0.0902302561677582,0.06732773245098242
22,03.04.2020,9,2020,True,har,0.0858723169050989,0.08265832700525283
22,06.04.2020,9,2020,True,har,0.0856897779210983,0.08286747419189015
22,07.04.2020,9,2020,True,har,0.0861720271995115,0.06661031531278491
22,08.04.2020,9,2020,True,har,0.0863414805394598,0.06633155432704324
22,09.04.2020,9,2020,True,har,0.0859882310024772,0.06621112763512926
22,13.04.2020,9,2020,True,har,0.0861085881792664,0.06372804639979462
22,14.04.2020,9,2020,True,har,0.0859622620871104,0.059131639289525896
22,15.04.2020,9,2020,True,har,0.0849466641518058,0.06016591466751253
22,16.04.2020,9,2020,True,har,0.0859429115578256,0.060899438590803046
22,17.04.2020,9,2020,True,har,0.0860008845248732,0.05404525467579305
22,20.04.2020,9,2020,True,har,0.082931956792749,0.05073099399359776
22,21.04.2020,9,2020,True,har,0.0505555030378954,0.05525876064730709
22,22.04.2020,9,2020,True,har,0.0515385865872432,0.08092955274450454
22,23.04.2020,9,2020,True,har,0.0513319659438573,0.07537770068327443
22,24.04.2020,9,2020,True,har,0.0530160271972805,0.07617589731571699
22,27.04.2020,9,2020,True,har,0.048927542162479,0.07470341056153315
22,28.04.2020,9,2020,True,har,0.0492095776104898,0.07699961871639051
22,29.04.2020,9,2020,True,har,0.048226493449899,0.06723750544095132
22,30.04.2020,9,2020,True,har,0.0438944268749371,0.07225536532915858
22,01.05.2020,9,2020,True,har,0.0436385863413856,0.07487379964582826
22,04.05.2020,9,2020,True,har,0.0436735055766186,0.06663950789384095
22,05.05.2020,9,2020,True,har,0.0369644575803636,0.06028115643618735
22,06.05.2020,9,2020,True,har,0.0366154248773252,0.06713336732461034
22,07.05.2020,9,2020,True,har,0.036271617464148,0.0663171253501111
22,08.05.2020,9,2020,True,har,0.0354309408040679,0.06467177916278195
22,11.05.2020,9,2020,True,har,0.0387806276301856,0.06628560484706096
22,12.05.2020,9,2020,True,har,0.0388119365853471,0.06707715730183995
22,13.05.2020,9,2020,True,har,0.0379383682531359,0.062407887380260374
22,14.05.2020,9,2020,True,har,0.0364626629144614,0.06199326988785327
22,15.05.2020,9,2020,True,har,0.0360025502664081,0.06474504614702659
22,18.05.2020,9,2020,True,har,0.0336517039038013,0.06416302639285247
22,19.05.2020,9,2020,True,har,0.0335732756309889,0.06316720498211591
22,20.05.2020,9,2020,True,har,0.0333169299399149,0.04104493644165015
22,21.05.2020,9,2020,True,har,0.0335615166240089,0.04069401926619016
22,22.05.2020,9,2020,True,har,0.035534008438189,0.039881921509892025
22,26.05.2020,9,2020,True,har,0.0352728152281083,0.0417323852059546
22,27.05.2020,9,2020,True,har,0.0337878252545693,0.03795912108523594
22,28.05.2020,9,2020,True,har,0.0337996460829025,0.04046758464287564
22,29.05.2020,9,2020,True,har,0.0340762481172458,0.037786165402209845
22,01.06.2020,9,2020,True,har,0.0300013458524025,0.03433884622210488
22,02.06.2020,9,2020,True,har,0.0297608268359092,0.039398521377611635
22,03.06.2020,9,2020,True,har,0.0297760548563926,0.03781769493043713
22,04.06.2020,9,2020,True,har,0.0297868525887349,0.03110796362811545
22,05.06.2020,9,2020,True,har,0.0273685927577875,0.02993638796946369
22,08.06.2020,9,2020,True,har,0.0266094744911702,0.03197771401090519
22,09.06.2020,9,2020,True,har,0.0268778823069317,0.032094965735108505
22,10.06.2020,9,2020,True,har,0.0269253833779353,0.02954465417505779
22,11.06.2020,9,2020,True,har,0.0200769538104773,0.02967477136848457
22,12.06.2020,9,2020,True,har,0.0203527679227376,0.0364327994217921
22,15.06.2020,9,2020,True,har,0.0201054199178402,0.0319120675786381
22,16.06.2020,9,2020,True,har,0.0192738746934107,0.032430116158913995
22,17.06.2020,9,2020,True,har,0.0191808746197163,0.031519032440637626
22,18.06.2020,9,2020,True,har,0.0193790211820398,0.03066280346934723
22,19.06.2020,9,2020,True,har,0.0191618112391574,0.028548271780959377
22,22.06.2020,9,2020,True,har,0.0193729101605313,0.02838548920861296
22,23.06.2020,9,2020,True,har,0.0192237523462262,0.02800128733305892
22,24.06.2020,9,2020,True,har,0.0144662588313296,0.027770422470130673
22,25.06.2020,9,2020,True,har,0.014162235479758,0.03151587364381506
22,26.06.2020,9,2020,True,har,0.0142959843726751,0.030268653535898124
22,29.06.2020,9,2020,True,har,0.014659897015872,0.02957446200815215
22,30.06.2020,9,2020,True,har,0.0143438337809187,0.02741610751003133
22,01.07.2020,9,2020,True,har,0.0142405836997366,0.027035212463891914
22,02.07.2020,9,2020,True,har,0.0132553076829205,0.02620356750726731
22,06.07.2020,9,2020,True,har,0.0136297858095206,0.026759252197018163
22,07.07.2020,9,2020,True,har,0.0136445028647248,0.02442810215539143
22,08.07.2020,9,2020,True,har,0.0141238887701333,0.023616433448070878
22,09.07.2020,9,2020,True,har,0.0133530764813423,0.02341454572949851
22,10.07.2020,9,2020,True,har,0.0130210480425253,0.02458798479282866
22,13.07.2020,9,2020,True,har,0.0132870816795932,0.020212479408933816
22,14.07.2020,9,2020,True,har,0.0135750314533766,0.020235353874023
22,15.07.2020,9,2020,True,har,0.0129786339879405,0.01966568703766314
22,16.07.2020,9,2020,True,har,0.012975349878644,0.02007437999017915
22,17.07.2020,9,2020,True,har,0.0128709173993267,0.01949593720134808
22,20.07.2020,9,2020,True,har,0.0129024306810692,0.018971222982715384
22,21.07.2020,9,2020,True,har,0.0122161664872756,0.018594849355250877
22,22.07.2020,9,2020,True,har,0.0125223244539369,0.019653245126010917
22,23.07.2020,9,2020,True,har,0.0119907731507607,0.018603257328845286
22,24.07.2020,9,2020,True,har,0.0123600297110652,0.017082821634320747
22,27.07.2020,9,2020,True,har,0.0124591157750428,0.01611532247833539
22,28.07.2020,9,2020,True,har,0.0127617130899857,0.01613090871602876
22,29.07.2020,9,2020,True,har,0.0125639335291377,0.015528788118570912
22,30.07.2020,9,2020,True,har,0.01175664283759,0.015835583907087898
22,31.07.2020,9,2020,True,har,0.0117205082176177,0.016006994543819066
22,03.08.2020,9,2020,True,har,0.012493323858637,0.015070586435962192
22,04.08.2020,9,2020,True,har,0.0125409342995381,0.016080332550899353
22,05.08.2020,9,2020,True,har,0.0137004594735606,0.01561764454445841
22,06.08.2020,9,2020,True,har,0.0198317225718463,0.016234640079406098
22,07.08.2020,9,2020,True,har,0.0207442354601808,0.014541294823145135
22,10.08.2020,9,2020,True,har,0.0205903789630055,0.015423639075097133
22,11.08.2020,9,2020,True,har,0.0205519467135959,0.015152062850973712
22,12.08.2020,9,2020,True,har,0.0197331665837234,0.015392804329791943
22,13.08.2020,9,2020,True,har,0.0206577319461093,0.015824586361131387
22,14.08.2020,9,2020,True,har,0.0228315844665511,0.015575794231116737
22,17.08.2020,9,2020,True,har,0.0233868580027824,0.015163822740638782
22,18.08.2020,9,2020,True,har,0.0233701747453286,0.015583081738041724
22,19.08.2020,9,2020,True,har,0.0247377450943457,0.014505805334293801
22,20.08.2020,9,2020,True,har,0.0248000218692013,0.014188595887735573
22,21.08.2020,9,2020,True,har,0.024734187355445,0.013915576171615351
22,24.08.2020,9,2020,True,har,0.0243769218510581,0.014360564387341311
22,25.08.2020,9,2020,True,har,0.0240031231336252,0.014997571721749235
22,26.08.2020,9,2020,True,har,0.0242480200169169,0.015311770339798001
22,27.08.2020,9,2020,True,har,0.025036274530892,0.014911514490425304
22,28.08.2020,9,2020,True,har,0.0250304174222648,0.014894467913068383
22,31.08.2020,9,2020,True,har,0.0249584747478878,0.014342236059654598
22,01.09.2020,9,2020,True,har,0.0260095592006178,0.01388150643739908
22,02.09.2020,9,2020,True,har,0.0283132656831922,0.013689806578873975
22,03.09.2020,9,2020,True,har,0.0292883123633055,0.015314562256310867
22,04.09.2020,9,2020,True,har,0.0286498686282079,0.014768807674940442
22,08.09.2020,9,2020,True,har,0.0249096360460226,0.01685184635725562
22,09.09.2020,9,2020,True,har,0.024644644865245,0.022682873328017106
22,10.09.2020,9,2020,True,har,0.0250504641200112,0.022337313584231997
22,11.09.2020,9,2020,True,har,0.025200374312987,0.02172203863851061
22,14.09.2020,9,2020,True,har,0.0253895822670982,0.021320065700162257
22,15.09.2020,9,2020,True,har,0.0250793379566294,0.021284456057924797
22,16.09.2020,9,2020,True,har,0.0236393161960064,0.020960373001357613
22,17.09.2020,9,2020,True,har,0.0230433797590657,0.02337222192373435
22,18.09.2020,9,2020,True,har,0.0232059212985284,0.023070634306922397
22,21.09.2020,9,2020,True,har,0.0226850244390429,0.02225928547288808
22,22.09.2020,9,2020,True,har,0.0229392353716612,0.025288454918277463
22,23.09.2020,9,2020,True,har,0.0232291198048029,0.023888448009449836
22,24.09.2020,9,2020,True,har,0.0241735976079917,0.02290121429405881
22,25.09.2020,9,2020,True,har,0.0245385146638412,0.022662804049424015
22,28.09.2020,9,2020,True,har,0.0266334570415214,0.02252279345196398
22,29.09.2020,9,2020,True,har,0.0269048388024666,0.021854320180965513
22,30.09.2020,9,2020,True,har,0.0269022376258024,0.024078764175040235
22,01.10.2020,9,2020,True,har,0.0284613641117596,0.022943340636804213
22,02.10.2020,9,2020,True,har,0.0273900688834601,0.022610172012469322
22,05.10.2020,9,2020,True,har,0.0264170707411559,0.025249320454238642
22,06.10.2020,9,2020,True,har,0.0254308491287791,0.027759902340195992
22,07.10.2020,9,2020,True,har,0.0263624018151651,0.024773907303175434
22,08.10.2020,9,2020,True,har,0.0300386455566696,0.02421848694261933
22,09.10.2020,9,2020,True,har,0.0305653067688914,0.025133676809896536
22,12.10.2020,9,2020,True,har,0.0299444933623889,0.023804135966081358
22,13.10.2020,9,2020,True,har,0.0297980304881338,0.024699403725625468
22,14.10.2020,9,2020,True,har,0.0297276394578989,0.02398321061546101
22,15.10.2020,9,2020,True,har,0.030172770956109,0.023343446997634743
22,16.10.2020,9,2020,True,har,0.0301476685849904,0.022045956884909
22,19.10.2020,9,2020,True,har,0.0302045112737609,0.02205906263197726
22,20.10.2020,9,2020,True,har,0.0301230969841301,0.02055945155800078
22,21.10.2020,9,2020,True,har,0.0292639219976414,0.020718221107383125
22,22.10.2020,9,2020,True,har,0.0294545934455092,0.02257507835114748
22,23.10.2020,9,2020,True,har,0.0299835258060425,0.02249952501872752
22,26.10.2020,9,2020,True,har,0.028798846055828,0.02271639892137361
22,27.10.2020,9,2020,True,har,0.0289373259836218,0.02396528847575253
22,28.10.2020,9,2020,True,har,0.0262045451634434,0.02319386390135927
22,29.10.2020,9,2020,True,har,0.0241942954424764,0.02628796672044422
22,30.10.2020,9,2020,True,har,0.0239794116438117,0.02621322041774197
22,02.11.2020,9,2020,True,har,0.0231492151953477,0.02439260878326791
22,03.11.2020,9,2020,True,har,0.023069730664565,0.025752855736380906
22,04.11.2020,9,2020,True,har,0.0225433549724771,0.02459515935136629
22,05.11.2020,9,2020,True,har,0.022349364857263,0.02561961661283261
22,06.11.2020,9,2020,True,har,0.020085504103455,0.023118390203960573
22,09.11.2020,9,2020,True,har,0.0151611282475672,0.02554716544224058
22,10.11.2020,9,2020,True,har,0.01469632068663,0.030101592361869108
22,11.11.2020,9,2020,True,har,0.0146905868696061,0.02890562878579027
22,12.11.2020,9,2020,True,har,0.0144336883862283,0.027844485162427615
22,13.11.2020,9,2020,True,har,0.0133744321748284,0.027908292095056547
22,16.11.2020,9,2020,True,har,0.0128920462036583,0.02798612113451886
22,17.11.2020,9,2020,True,har,0.0128207642748103,0.027133182084872934
22,18.11.2020,9,2020,True,har,0.0146799349313773,0.025989203503924658
22,19.11.2020,9,2020,True,har,0.0153443722188269,0.025896630105607804
22,20.11.2020,9,2020,True,har,0.0155598178303611,0.025433129020526368
22,23.11.2020,9,2020,True,har,0.0150318405082056,0.025469869518985874
22,24.11.2020,9,2020,True,har,0.0132811120779733,0.02518517358123019
22,25.11.2020,9,2020,True,har,0.0129801911579029,0.026371046911128557
22,27.11.2020,9,2020,True,har,0.0127469566851751,0.023583643508101403
22,30.11.2020,9,2020,True,har,0.0123380046207246,0.022275922112645747
22,01.12.2020,9,2020,True,har,0.0128145226149662,0.02295052476457624
22,02.12.2020,9,2020,True,har,0.0157321940590263,0.022228055899938738
22,03.12.2020,9,2020,True,har,0.0157993082660899,0.022077111661836204
22,04.12.2020,9,2020,True,har,0.0157552648305419,0.02117468104545621
22,07.12.2020,9,2020,True,har,0.0162730810864969,0.02101036650309948
22,08.12.2020,9,2020,True,har,0.0164455435837981,0.019585276185305554
22,09.12.2020,9,2020,True,har,0.0165423111824849,0.015829351985416136
22,10.12.2020,9,2020,True,har,0.0161525658777745,0.015169886113840837
22,11.12.2020,9,2020,True,har,0.0159806198398432,0.017072557081468313
22,14.12.2020,9,2020,True,har,0.0171455322837324,0.01635608341021595
22,15.12.2020,9,2020,True,har,0.0172529700119986,0.015582586657775642
22,16.12.2020,9,2020,True,har,0.0172492835974105,0.015358562284699902
22,17.12.2020,9,2020,True,har,0.0172448331607481,0.01511545751566927
22,18.12.2020,9,2020,True,har,0.0174036336238393,0.014637081397756792
22,21.12.2020,9,2020,True,har,0.0161957089587381,0.014547699526653048
22,22.12.2020,9,2020,True,har,0.0155557067513527,0.017118001159733817
22,23.12.2020,9,2020,True,har,0.0151326684631604,0.017013994767420774
22,24.12.2020,9,2020,True,har,0.0152475706412007,0.016535565350218308
22,28.12.2020,9,2020,True,har,0.0150156570368784,0.015649135684884494
22,29.12.2020,9,2020,True,har,0.0150410893731853,0.015705936232504512
22,30.12.2020,9,2020,True,har,0.0153802540716252,0.014973684851007751
22,31.12.2020,9,2020,True,har,0.015579661377009,0.0146280259785902
22,02.01.2020,9,2020,True,har_ovx,0.0201594484825342,0.014859301111528557
22,03.01.2020,9,2020,True,har_ovx,0.0191472655862914,0.015025277835952339
22,06.01.2020,9,2020,True,har_ovx,0.0188988326609054,0.016977342296699144
22,07.01.2020,9,2020,True,har_ovx,0.0189021181824596,0.017116218959041613
22,08.01.2020,9,2020,True,har_ovx,0.0177287431209665,0.016821445860221967
22,09.01.2020,9,2020,True,har_ovx,0.0183324944513361,0.017433838372979075
22,10.01.2020,9,2020,True,har_ovx,0.0203221564471006,0.017668893121231773
22,13.01.2020,9,2020,True,har_ovx,0.0205921996353541,0.016042150826081528
22,14.01.2020,9,2020,True,har_ovx,0.0210732734223961,0.01837136212944121
22,15.01.2020,9,2020,True,har_ovx,0.0212410863348049,0.01795853182122888
22,16.01.2020,9,2020,True,har_ovx,0.0218783680883313,0.017883802638556552
22,17.01.2020,9,2020,True,har_ovx,0.0218727996891886,0.015745548240700437
22,21.01.2020,9,2020,True,har_ovx,0.0219701486269142,0.015019487714759167
22,22.01.2020,9,2020,True,har_ovx,0.0228618698994837,0.014472297003628176
22,23.01.2020,9,2020,True,har_ovx,0.0230483488210118,0.016317562500865468
22,24.01.2020,9,2020,True,har_ovx,0.0232892690085738,0.017045751294373943
22,27.01.2020,9,2020,True,har_ovx,0.023319232640432,0.018610439257959105
22,28.01.2020,9,2020,True,har_ovx,0.0238875674823554,0.020513075391931042
22,29.01.2020,9,2020,True,har_ovx,0.0248696165462137,0.01966240747943636
22,30.01.2020,9,2020,True,har_ovx,0.0245143913905472,0.019245353989088054
22,31.01.2020,9,2020,True,har_ovx,0.0245751070890277,0.02034178746194009
22,03.02.2020,9,2020,True,har_ovx,0.021008733059868,0.0219643585453899
22,04.02.2020,9,2020,True,har_ovx,0.0292393565154729,0.022988885111084198
22,05.02.2020,9,2020,True,har_ovx,0.0634455238632774,0.021400657805240433
22,06.02.2020,9,2020,True,har_ovx,0.0670026585473258,0.020520738350475156
22,07.02.2020,9,2020,True,har_ovx,0.0671206989281014,0.019592191564048858
22,10.02.2020,9,2020,True,har_ovx,0.0681548768772577,0.0202346349653064
22,11.02.2020,9,2020,True,har_ovx,0.0682860149113869,0.021246214831630986
22,12.02.2020,9,2020,True,har_ovx,0.070228170732519,0.02033612471598336
22,13.02.2020,9,2020,True,har_ovx,0.0697884124720703,0.019254450163695955
22,14.02.2020,9,2020,True,har_ovx,0.0729114575490464,0.019341093826016613
22,18.02.2020,9,2020,True,har_ovx,0.0812614619739943,0.01942773376899046
22,19.02.2020,9,2020,True,har_ovx,0.0804088027404394,0.01798549690917852
22,20.02.2020,9,2020,True,har_ovx,0.0803780798644355,0.017334599609388504
22,21.02.2020,9,2020,True,har_ovx,0.0807074893615169,0.017803728931470027
22,24.02.2020,9,2020,True,har_ovx,0.0812357075456992,0.019415334885462196
22,25.02.2020,9,2020,True,har_ovx,0.0812234806912673,0.021636251724775644
22,26.02.2020,9,2020,True,har_ovx,0.0813419133114324,0.023352026570686333
22,27.02.2020,9,2020,True,har_ovx,0.0821736274857786,0.023944304349508623
22,28.02.2020,9,2020,True,har_ovx,0.0825444831201837,0.02753927646557286
22,02.03.2020,9,2020,True,har_ovx,0.0854893343102728,0.028670574856879263
22,03.03.2020,9,2020,True,har_ovx,0.0978591731123543,0.026846453183392814
22,04.03.2020,9,2020,True,har_ovx,0.103320292871182,0.028175399483420942
22,05.03.2020,9,2020,True,har_ovx,0.1033554369777209,0.02810307172321531
22,06.03.2020,9,2020,True,har_ovx,0.1018866234050266,0.029306007687163606
22,09.03.2020,9,2020,True,har_ovx,0.0840535435821956,0.03692992954268094
22,10.03.2020,9,2020,True,har_ovx,0.0823983277188791,0.06783963118789565
22,11.03.2020,9,2020,True,har_ovx,0.0821530474590281,0.05351452123137821
22,12.03.2020,9,2020,True,har_ovx,0.081970332051463,0.06070264707662451
22,13.03.2020,9,2020,True,har_ovx,0.0827990372560091,0.07163321292279383
22,16.03.2020,9,2020,True,har_ovx,0.0790948190052127,0.06847357584533494
22,17.03.2020,9,2020,True,har_ovx,0.0785859872467007,0.07504421250342308
22,18.03.2020,9,2020,True,har_ovx,0.0748802095918047,0.07778926462462499
22,19.03.2020,9,2020,True,har_ovx,0.0902553436882754,0.0979472024115823
22,20.03.2020,9,2020,True,har_ovx,0.0910645340726575,0.09618054580799035
22,23.03.2020,9,2020,True,har_ovx,0.0918864357389213,0.11137989569567526
22,24.03.2020,9,2020,True,har_ovx,0.0918921855803592,0.10863975291517401
22,25.03.2020,9,2020,True,har_ovx,0.0926281279749701,0.09985781423769177
22,26.03.2020,9,2020,True,har_ovx,0.0927873807205363,0.08410221199589346
22,27.03.2020,9,2020,True,har_ovx,0.0950152171231996,0.08797331338863265
22,30.03.2020,9,2020,True,har_ovx,0.0961960321188808,0.10335300637548464
22,31.03.2020,9,2020,True,har_ovx,0.0965695773953749,0.10241847818703037
22,01.04.2020,9,2020,True,har_ovx,0.0951593153950062,0.0999528093141889
22,02.04.2020,9,2020,True,har_ovx,0.0902302561677582,0.0932831259295734
22,03.04.2020,9,2020,True,har_ovx,0.0858723169050989,0.09574673813827919
22,06.04.2020,9,2020,True,har_ovx,0.0856897779210983,0.08316338439543855
22,07.04.2020,9,2020,True,har_ovx,0.0861720271995115,0.0841932787734124
22,08.04.2020,9,2020,True,har_ovx,0.0863414805394598,0.08114293521923217
22,09.04.2020,9,2020,True,har_ovx,0.0859882310024772,0.08250307178101525
22,13.04.2020,9,2020,True,har_ovx,0.0861085881792664,0.07578526628201133
22,14.04.2020,9,2020,True,har_ovx,0.0859622620871104,0.06670454137497772
22,15.04.2020,9,2020,True,har_ovx,0.0849466641518058,0.0674462984539983
22,16.04.2020,9,2020,True,har_ovx,0.0859429115578256,0.07033203156348808
22,17.04.2020,9,2020,True,har_ovx,0.0860008845248732,0.0669464360585748
22,20.04.2020,9,2020,True,har_ovx,0.082931956792749,0.05547494338143571
22,21.04.2020,9,2020,True,har_ovx,0.0505555030378954,0.13305546283052427
22,22.04.2020,9,2020,True,har_ovx,0.0515385865872432,0.1923863576447428
22,23.04.2020,9,2020,True,har_ovx,0.0513319659438573,0.13913781134266087
22,24.04.2020,9,2020,True,har_ovx,0.0530160271972805,0.1237807847614168
22,27.04.2020,9,2020,True,har_ovx,0.048927542162479,0.10140387452574519
22,28.04.2020,9,2020,True,har_ovx,0.0492095776104898,0.10871389753645444
22,29.04.2020,9,2020,True,har_ovx,0.048226493449899,0.11685913738730601
22,30.04.2020,9,2020,True,har_ovx,0.0438944268749371,0.11518613089739727
22,01.05.2020,9,2020,True,har_ovx,0.0436385863413856,0.06140600184809944
22,04.05.2020,9,2020,True,har_ovx,0.0436735055766186,0.06416025426313704
22,05.05.2020,9,2020,True,har_ovx,0.0369644575803636,0.05661342423979295
22,06.05.2020,9,2020,True,har_ovx,0.0366154248773252,0.05690679500307856
22,07.05.2020,9,2020,True,har_ovx,0.036271617464148,0.06725856685006885
22,08.05.2020,9,2020,True,har_ovx,0.0354309408040679,0.06433887525448177
22,11.05.2020,9,2020,True,har_ovx,0.0387806276301856,0.057399033526134735
22,12.05.2020,9,2020,True,har_ovx,0.0388119365853471,0.06388826058932957
22,13.05.2020,9,2020,True,har_ovx,0.0379383682531359,0.05035851563224337
22,14.05.2020,9,2020,True,har_ovx,0.0364626629144614,0.04801389224762096
22,15.05.2020,9,2020,True,har_ovx,0.0360025502664081,0.04644843845009711
22,18.05.2020,9,2020,True,har_ovx,0.0336517039038013,0.04421773235697832
22,19.05.2020,9,2020,True,har_ovx,0.0335732756309889,0.044151932598786525
22,20.05.2020,9,2020,True,har_ovx,0.0333169299399149,0.04179010710172721
22,21.05.2020,9,2020,True,har_ovx,0.0335615166240089,0.04217261312797789
22,22.05.2020,9,2020,True,har_ovx,0.035534008438189,0.05126888657864591
22,26.05.2020,9,2020,True,har_ovx,0.0352728152281083,0.048881399598592216
22,27.05.2020,9,2020,True,har_ovx,0.0337878252545693,0.043245501561394
22,28.05.2020,9,2020,True,har_ovx,0.0337996460829025,0.04233307745255553
22,29.05.2020,9,2020,True,har_ovx,0.0340762481172458,0.041695069738090874
22,01.06.2020,9,2020,True,har_ovx,0.0300013458524025,0.03936513778064522
22,02.06.2020,9,2020,True,har_ovx,0.0297608268359092,0.036695774750907496
22,03.06.2020,9,2020,True,har_ovx,0.0297760548563926,0.03673191890728113
22,04.06.2020,9,2020,True,har_ovx,0.0297868525887349,0.037210015337046015
22,05.06.2020,9,2020,True,har_ovx,0.0273685927577875,0.03682069547962989
22,08.06.2020,9,2020,True,har_ovx,0.0266094744911702,0.03644634311202523
22,09.06.2020,9,2020,True,har_ovx,0.0268778823069317,0.03819232841869085
22,10.06.2020,9,2020,True,har_ovx,0.0269253833779353,0.038391842524055135
22,11.06.2020,9,2020,True,har_ovx,0.0200769538104773,0.03561426237166966
22,12.06.2020,9,2020,True,har_ovx,0.0203527679227376,0.039894912672457004
22,15.06.2020,9,2020,True,har_ovx,0.0201054199178402,0.039843226433865966
22,16.06.2020,9,2020,True,har_ovx,0.0192738746934107,0.03863945058538701
22,17.06.2020,9,2020,True,har_ovx,0.0191808746197163,0.03773823703353056
22,18.06.2020,9,2020,True,har_ovx,0.0193790211820398,0.034586965852452876
22,19.06.2020,9,2020,True,har_ovx,0.0191618112391574,0.03470457906897383
22,22.06.2020,9,2020,True,har_ovx,0.0193729101605313,0.033144569024967464
22,23.06.2020,9,2020,True,har_ovx,0.0192237523462262,0.03198241296888113
22,24.06.2020,9,2020,True,har_ovx,0.0144662588313296,0.03317075645804052
22,25.06.2020,9,2020,True,har_ovx,0.014162235479758,0.036889046216696794
22,26.06.2020,9,2020,True,har_ovx,0.0142959843726751,0.03542032598733573
22,29.06.2020,9,2020,True,har_ovx,0.014659897015872,0.03596502246480758
22,30.06.2020,9,2020,True,har_ovx,0.0143438337809187,0.033801098210447876
22,01.07.2020,9,2020,True,har_ovx,0.0142405836997366,0.032371497870281034
22,02.07.2020,9,2020,True,har_ovx,0.0132553076829205,0.029961623957324043
22,06.07.2020,9,2020,True,har_ovx,0.0136297858095206,0.028704617637908277
22,07.07.2020,9,2020,True,har_ovx,0.0136445028647248,0.02826021259314174
22,08.07.2020,9,2020,True,har_ovx,0.0141238887701333,0.02863435245665401
22,09.07.2020,9,2020,True,har_ovx,0.0133530764813423,0.027159096288498174
22,10.07.2020,9,2020,True,har_ovx,0.0130210480425253,0.03011876785060113
22,13.07.2020,9,2020,True,har_ovx,0.0132870816795932,0.027628890900277637
22,14.07.2020,9,2020,True,har_ovx,0.0135750314533766,0.02979691964096851
22,15.07.2020,9,2020,True,har_ovx,0.0129786339879405,0.029544007112680383
22,16.07.2020,9,2020,True,har_ovx,0.012975349878644,0.02602142952563234
22,17.07.2020,9,2020,True,har_ovx,0.0128709173993267,0.025451361823122846
22,20.07.2020,9,2020,True,har_ovx,0.0129024306810692,0.021943076908189432
22,21.07.2020,9,2020,True,har_ovx,0.0122161664872756,0.023347987617440405
22,22.07.2020,9,2020,True,har_ovx,0.0125223244539369,0.02251544903597003
22,23.07.2020,9,2020,True,har_ovx,0.0119907731507607,0.022567041484175297
22,24.07.2020,9,2020,True,har_ovx,0.0123600297110652,0.024070765175567076
22,27.07.2020,9,2020,True,har_ovx,0.0124591157750428,0.023118331105074195
22,28.07.2020,9,2020,True,har_ovx,0.0127617130899857,0.022539486816509077
22,29.07.2020,9,2020,True,har_ovx,0.0125639335291377,0.022408974239752664
22,30.07.2020,9,2020,True,har_ovx,0.01175664283759,0.02152153202740492
22,31.07.2020,9,2020,True,har_ovx,0.0117205082176177,0.023023128960144735
22,03.08.2020,9,2020,True,har_ovx,0.012493323858637,0.024378883911958093
22,04.08.2020,9,2020,True,har_ovx,0.0125409342995381,0.02270524989648264
22,05.08.2020,9,2020,True,har_ovx,0.0137004594735606,0.021906292691142894
22,06.08.2020,9,2020,True,har_ovx,0.0198317225718463,0.020065046089348757
22,07.08.2020,9,2020,True,har_ovx,0.0207442354601808,0.020314114948398937
22,10.08.2020,9,2020,True,har_ovx,0.0205903789630055,0.020235361306739703
22,11.08.2020,9,2020,True,har_ovx,0.0205519467135959,0.019229683632610878
22,12.08.2020,9,2020,True,har_ovx,0.0197331665837234,0.020264694401063803
22,13.08.2020,9,2020,True,har_ovx,0.0206577319461093,0.0186519062037753
22,14.08.2020,9,2020,True,har_ovx,0.0228315844665511,0.018692054201793974
22,17.08.2020,9,2020,True,har_ovx,0.0233868580027824,0.01881517374884032
22,18.08.2020,9,2020,True,har_ovx,0.0233701747453286,0.017262602633759207
22,19.08.2020,9,2020,True,har_ovx,0.0247377450943457,0.016791595658115353
22,20.08.2020,9,2020,True,har_ovx,0.0248000218692013,0.017493354277129513
22,21.08.2020,9,2020,True,har_ovx,0.024734187355445,0.017497655881629045
22,24.08.2020,9,2020,True,har_ovx,0.0243769218510581,0.018005914509679338
22,25.08.2020,9,2020,True,har_ovx,0.0240031231336252,0.017171414455296775
22,26.08.2020,9,2020,True,har_ovx,0.0242480200169169,0.017622311979716025
22,27.08.2020,9,2020,True,har_ovx,0.025036274530892,0.018034964802239224
22,28.08.2020,9,2020,True,har_ovx,0.0250304174222648,0.01802147595263955
22,31.08.2020,9,2020,True,har_ovx,0.0249584747478878,0.01699531740783878
22,01.09.2020,9,2020,True,har_ovx,0.0260095592006178,0.017327099252345487
22,02.09.2020,9,2020,True,har_ovx,0.0283132656831922,0.0168417046984254
22,03.09.2020,9,2020,True,har_ovx,0.0292883123633055,0.019112150619877668
22,04.09.2020,9,2020,True,har_ovx,0.0286498686282079,0.022496119605528588
22,08.09.2020,9,2020,True,har_ovx,0.0249096360460226,0.02419808617850707
22,09.09.2020,9,2020,True,har_ovx,0.024644644865245,0.03139269782547797
22,10.09.2020,9,2020,True,har_ovx,0.0250504641200112,0.027386323808392347
22,11.09.2020,9,2020,True,har_ovx,0.025200374312987,0.028982630528557957
22,14.09.2020,9,2020,True,har_ovx,0.0253895822670982,0.02773622868099119
22,15.09.2020,9,2020,True,har_ovx,0.0250793379566294,0.02730935712019833
22,16.09.2020,9,2020,True,har_ovx,0.0236393161960064,0.024941233310154173
22,17.09.2020,9,2020,True,har_ovx,0.0230433797590657,0.02259351213143671
22,18.09.2020,9,2020,True,har_ovx,0.0232059212985284,0.021146076941586114
22,21.09.2020,9,2020,True,har_ovx,0.0226850244390429,0.02127915030782333
22,22.09.2020,9,2020,True,har_ovx,0.0229392353716612,0.023626803181621185
22,23.09.2020,9,2020,True,har_ovx,0.0232291198048029,0.022562132453604833
22,24.09.2020,9,2020,True,har_ovx,0.0241735976079917,0.02456701540169207
22,25.09.2020,9,2020,True,har_ovx,0.0245385146638412,0.023554273503803597
22,28.09.2020,9,2020,True,har_ovx,0.0266334570415214,0.022668515941871806
22,29.09.2020,9,2020,True,har_ovx,0.0269048388024666,0.022321310423401543
22,30.09.2020,9,2020,True,har_ovx,0.0269022376258024,0.025599962825937853
22,01.10.2020,9,2020,True,har_ovx,0.0284613641117596,0.02423213025040904
22,02.10.2020,9,2020,True,har_ovx,0.0273900688834601,0.02740039800951445
22,05.10.2020,9,2020,True,har_ovx,0.0264170707411559,0.03117689826916709
22,06.10.2020,9,2020,True,har_ovx,0.0254308491287791,0.02756344232537058
22,07.10.2020,9,2020,True,har_ovx,0.0263624018151651,0.02577657226159448
22,08.10.2020,9,2020,True,har_ovx,0.0300386455566696,0.025059867887191035
22,09.10.2020,9,2020,True,har_ovx,0.0305653067688914,0.02252711613741132
22,12.10.2020,9,2020,True,har_ovx,0.0299444933623889,0.02323641410861581
22,13.10.2020,9,2020,True,har_ovx,0.0297980304881338,0.024287919344816992
22,14.10.2020,9,2020,True,har_ovx,0.0297276394578989,0.025476863990207103
22,15.10.2020,9,2020,True,har_ovx,0.030172770956109,0.023964322330114977
22,16.10.2020,9,2020,True,har_ovx,0.0301476685849904,0.02410245710014563
22,19.10.2020,9,2020,True,har_ovx,0.0302045112737609,0.024247519605168417
22,20.10.2020,9,2020,True,har_ovx,0.0301230969841301,0.023837645810756675
22,21.10.2020,9,2020,True,har_ovx,0.0292639219976414,0.0241580496710591
22,22.10.2020,9,2020,True,har_ovx,0.0294545934455092,0.02643668944765092
22,23.10.2020,9,2020,True,har_ovx,0.0299835258060425,0.02579488605881167
22,26.10.2020,9,2020,True,har_ovx,0.028798846055828,0.025619057665848936
22,27.10.2020,9,2020,True,har_ovx,0.0289373259836218,0.029659247713603454
22,28.10.2020,9,2020,True,har_ovx,0.0262045451634434,0.02791925695540509
22,29.10.2020,9,2020,True,har_ovx,0.0241942954424764,0.03361033158570492
22,30.10.2020,9,2020,True,har_ovx,0.0239794116438117,0.035836988353462294
22,02.11.2020,9,2020,True,har_ovx,0.0231492151953477,0.038948060084421046
22,03.11.2020,9,2020,True,har_ovx,0.023069730664565,0.037747732834379565
22,04.11.2020,9,2020,True,har_ovx,0.0225433549724771,0.03582994469085061
22,05.11.2020,9,2020,True,har_ovx,0.022349364857263,0.030531592669046557
22,06.11.2020,9,2020,True,har_ovx,0.020085504103455,0.029970119183743447
22,09.11.2020,9,2020,True,har_ovx,0.0151611282475672,0.03125415997240431
22,10.11.2020,9,2020,True,har_ovx,0.01469632068663,0.02926993442186561
22,11.11.2020,9,2020,True,har_ovx,0.0146905868696061,0.02761077659521288
22,12.11.2020,9,2020,True,har_ovx,0.0144336883862283,0.027297758874409658
22,13.11.2020,9,2020,True,har_ovx,0.0133744321748284,0.028290095497448146
22,16.11.2020,9,2020,True,har_ovx,0.0128920462036583,0.02677509235009982
22,17.11.2020,9,2020,True,har_ovx,0.0128207642748103,0.026076275507915834
22,18.11.2020,9,2020,True,har_ovx,0.0146799349313773,0.02494738490090335
22,19.11.2020,9,2020,True,har_ovx,0.0153443722188269,0.02555098265522559
22,20.11.2020,9,2020,True,har_ovx,0.0155598178303611,0.02568373332047765
22,23.11.2020,9,2020,True,har_ovx,0.0150318405082056,0.02432173424223352
22,24.11.2020,9,2020,True,har_ovx,0.0132811120779733,0.023651322848351686
22,25.11.2020,9,2020,True,har_ovx,0.0129801911579029,0.02372063557126848
22,27.11.2020,9,2020,True,har_ovx,0.0127469566851751,0.024034031635567672
22,30.11.2020,9,2020,True,har_ovx,0.0123380046207246,0.02555016460292458
22,01.12.2020,9,2020,True,har_ovx,0.0128145226149662,0.026232378774924466
22,02.12.2020,9,2020,True,har_ovx,0.0157321940590263,0.026460042966971808
22,03.12.2020,9,2020,True,har_ovx,0.0157993082660899,0.025274175439949316
22,04.12.2020,9,2020,True,har_ovx,0.0157552648305419,0.022436091529345253
22,07.12.2020,9,2020,True,har_ovx,0.0162730810864969,0.020890700040205195
22,08.12.2020,9,2020,True,har_ovx,0.0164455435837981,0.020472225764679948
22,09.12.2020,9,2020,True,har_ovx,0.0165423111824849,0.020391435055870242
22,10.12.2020,9,2020,True,har_ovx,0.0161525658777745,0.021470690696335046
22,11.12.2020,9,2020,True,har_ovx,0.0159806198398432,0.021648876568794828
22,14.12.2020,9,2020,True,har_ovx,0.0171455322837324,0.02146039640909682
22,15.12.2020,9,2020,True,har_ovx,0.0172529700119986,0.021724879834466186
22,16.12.2020,9,2020,True,har_ovx,0.0172492835974105,0.021361572056964095
22,17.12.2020,9,2020,True,har_ovx,0.0172448331607481,0.02096081976176249
22,18.12.2020,9,2020,True,har_ovx,0.0174036336238393,0.019914881524898013
22,21.12.2020,9,2020,True,har_ovx,0.0161957089587381,0.020118406673469553
22,22.12.2020,9,2020,True,har_ovx,0.0155557067513527,0.022735598854254236
22,23.12.2020,9,2020,True,har_ovx,0.0151326684631604,0.022996907684498368
22,24.12.2020,9,2020,True,har_ovx,0.0152475706412007,0.02169339441249479
22,28.12.2020,9,2020,True,har_ovx,0.0150156570368784,0.02134070740642203
22,29.12.2020,9,2020,True,har_ovx,0.0150410893731853,0.021525206554216147
22,30.12.2020,9,2020,True,har_ovx,0.0153802540716252,0.020914015448320486
22,31.12.2020,9,2020,True,har_ovx,0.015579661377009,0.020556953714653114
22,02.01.2020,9,2020,True,har_gpr,0.0201594484825342,0.017331165695309042
22,03.01.2020,9,2020,True,har_gpr,0.0191472655862914,0.016145081293830518
22,06.01.2020,9,2020,True,har_gpr,0.0188988326609054,0.01766778149004461
22,07.01.2020,9,2020,True,har_gpr,0.0189021181824596,0.013375184165675392
22,08.01.2020,9,2020,True,har_gpr,0.0177287431209665,0.013593155714263044
22,09.01.2020,9,2020,True,har_gpr,0.0183324944513361,0.016848346614289206
22,10.01.2020,9,2020,True,har_gpr,0.0203221564471006,0.015497310431315702
22,13.01.2020,9,2020,True,har_gpr,0.0205921996353541,0.014800539355680011
22,14.01.2020,9,2020,True,har_gpr,0.0210732734223961,0.017272285897785802
22,15.01.2020,9,2020,True,har_gpr,0.0212410863348049,0.016983515214320476
22,16.01.2020,9,2020,True,har_gpr,0.0218783680883313,0.016105564214124173
22,17.01.2020,9,2020,True,har_gpr,0.0218727996891886,0.016354878758625103
22,21.01.2020,9,2020,True,har_gpr,0.0219701486269142,0.01617599487977478
22,22.01.2020,9,2020,True,har_gpr,0.0228618698994837,0.015492992576307098
22,23.01.2020,9,2020,True,har_gpr,0.0230483488210118,0.016829540662119166
22,24.01.2020,9,2020,True,har_gpr,0.0232892690085738,0.017070497490786343
22,27.01.2020,9,2020,True,har_gpr,0.023319232640432,0.017050380560963665
22,28.01.2020,9,2020,True,har_gpr,0.0238875674823554,0.017538882182989504
22,29.01.2020,9,2020,True,har_gpr,0.0248696165462137,0.01716481247984376
22,30.01.2020,9,2020,True,har_gpr,0.0245143913905472,0.017488662579738534
22,31.01.2020,9,2020,True,har_gpr,0.0245751070890277,0.017796836678315966
22,03.02.2020,9,2020,True,har_gpr,0.021008733059868,0.016906868451916458
22,04.02.2020,9,2020,True,har_gpr,0.0292393565154729,0.02176817132584355
22,05.02.2020,9,2020,True,har_gpr,0.0634455238632774,0.01956076697879374
22,06.02.2020,9,2020,True,har_gpr,0.0670026585473258,0.021508816341073052
22,07.02.2020,9,2020,True,har_gpr,0.0671206989281014,0.020043661846022076
22,10.02.2020,9,2020,True,har_gpr,0.0681548768772577,0.02002977763813321
22,11.02.2020,9,2020,True,har_gpr,0.0682860149113869,0.019651361136272808
22,12.02.2020,9,2020,True,har_gpr,0.070228170732519,0.019928779648683826
22,13.02.2020,9,2020,True,har_gpr,0.0697884124720703,0.021905977904996352
22,14.02.2020,9,2020,True,har_gpr,0.0729114575490464,0.021343630894826476
22,18.02.2020,9,2020,True,har_gpr,0.0812614619739943,0.02171373813570403
22,19.02.2020,9,2020,True,har_gpr,0.0804088027404394,0.019631134365908458
22,20.02.2020,9,2020,True,har_gpr,0.0803780798644355,0.02074385446666141
22,21.02.2020,9,2020,True,har_gpr,0.0807074893615169,0.01972358935443702
22,24.02.2020,9,2020,True,har_gpr,0.0812357075456992,0.020506165249693724
22,25.02.2020,9,2020,True,har_gpr,0.0812234806912673,0.0233248331056851
22,26.02.2020,9,2020,True,har_gpr,0.0813419133114324,0.02295166048726557
22,27.02.2020,9,2020,True,har_gpr,0.0821736274857786,0.022691619082147934
22,28.02.2020,9,2020,True,har_gpr,0.0825444831201837,0.02208020155984297
22,02.03.2020,9,2020,True,har_gpr,0.0854893343102728,0.022312564730944066
22,03.03.2020,9,2020,True,har_gpr,0.0978591731123543,0.02413305702274409
22,04.03.2020,9,2020,True,har_gpr,0.103320292871182,0.020803427130355774
22,05.03.2020,9,2020,True,har_gpr,0.1033554369777209,0.021171730003786672
22,06.03.2020,9,2020,True,har_gpr,0.1018866234050266,0.021111316707580104
22,09.03.2020,9,2020,True,har_gpr,0.0840535435821956,0.030793040522760363
22,10.03.2020,9,2020,True,har_gpr,0.0823983277188791,0.06377355593900569
22,11.03.2020,9,2020,True,har_gpr,0.0821530474590281,0.061272338991395836
22,12.03.2020,9,2020,True,har_gpr,0.081970332051463,0.059624523117828634
22,13.03.2020,9,2020,True,har_gpr,0.0827990372560091,0.06043068049388515
22,16.03.2020,9,2020,True,har_gpr,0.0790948190052127,0.05934364387869558
22,17.03.2020,9,2020,True,har_gpr,0.0785859872467007,0.05947410203341396
22,18.03.2020,9,2020,True,har_gpr,0.0748802095918047,0.054390015574138854
22,19.03.2020,9,2020,True,har_gpr,0.0902553436882754,0.06024154238980935
22,20.03.2020,9,2020,True,har_gpr,0.0910645340726575,0.06969024837689697
22,23.03.2020,9,2020,True,har_gpr,0.0918864357389213,0.06671204125329495
22,24.03.2020,9,2020,True,har_gpr,0.0918921855803592,0.06356131865158705
22,25.03.2020,9,2020,True,har_gpr,0.0926281279749701,0.06387833187306906
22,26.03.2020,9,2020,True,har_gpr,0.0927873807205363,0.06164215030354625
22,27.03.2020,9,2020,True,har_gpr,0.0950152171231996,0.05915708163101871
22,30.03.2020,9,2020,True,har_gpr,0.0961960321188808,0.05978406227572776
22,31.03.2020,9,2020,True,har_gpr,0.0965695773953749,0.062073793416467356
22,01.04.2020,9,2020,True,har_gpr,0.0951593153950062,0.05904126073474203
22,02.04.2020,9,2020,True,har_gpr,0.0902302561677582,0.06655580312916591
22,03.04.2020,9,2020,True,har_gpr,0.0858723169050989,0.08190256371502518
22,06.04.2020,9,2020,True,har_gpr,0.0856897779210983,0.08212530748838182
22,07.04.2020,9,2020,True,har_gpr,0.0861720271995115,0.06670570946129538
22,08.04.2020,9,2020,True,har_gpr,0.0863414805394598,0.06645623485005483
22,09.04.2020,9,2020,True,har_gpr,0.0859882310024772,0.06634158259536836
22,13.04.2020,9,2020,True,har_gpr,0.0861085881792664,0.06377380739734116
22,14.04.2020,9,2020,True,har_gpr,0.0859622620871104,0.058955012465329665
22,15.04.2020,9,2020,True,har_gpr,0.0849466641518058,0.059987595795917316
22,16.04.2020,9,2020,True,har_gpr,0.0859429115578256,0.06073392766876456
22,17.04.2020,9,2020,True,har_gpr,0.0860008845248732,0.05392616043807366
22,20.04.2020,9,2020,True,har_gpr,0.082931956792749,0.05064609289797401
22,21.04.2020,9,2020,True,har_gpr,0.0505555030378954,0.05534923107605741
22,22.04.2020,9,2020,True,har_gpr,0.0515385865872432,0.08101706398743017
22,23.04.2020,9,2020,True,har_gpr,0.0513319659438573,0.07565114682128929
22,24.04.2020,9,2020,True,har_gpr,0.0530160271972805,0.07646856931765388
22,27.04.2020,9,2020,True,har_gpr,0.048927542162479,0.07502120408902882
22,28.04.2020,9,2020,True,har_gpr,0.0492095776104898,0.07712326968611612
22,29.04.2020,9,2020,True,har_gpr,0.048226493449899,0.0671343216697433
22,30.04.2020,9,2020,True,har_gpr,0.0438944268749371,0.07212965677457216
22,01.05.2020,9,2020,True,har_gpr,0.0436385863413856,0.07477026013631771
22,04.05.2020,9,2020,True,har_gpr,0.0436735055766186,0.06661452105507878
22,05.05.2020,9,2020,True,har_gpr,0.0369644575803636,0.06014518114817391
22,06.05.2020,9,2020,True,har_gpr,0.0366154248773252,0.06691848423415787
22,07.05.2020,9,2020,True,har_gpr,0.036271617464148,0.06623266920737497
22,08.05.2020,9,2020,True,har_gpr,0.0354309408040679,0.06459591904519639
22,11.05.2020,9,2020,True,har_gpr,0.0387806276301856,0.06618298914396444
22,12.05.2020,9,2020,True,har_gpr,0.0388119365853471,0.06749926486102066
22,13.05.2020,9,2020,True,har_gpr,0.0379383682531359,0.06275416903457953
22,14.05.2020,9,2020,True,har_gpr,0.0364626629144614,0.062326557043995964
22,15.05.2020,9,2020,True,har_gpr,0.0360025502664081,0.06508138695060063
22,18.05.2020,9,2020,True,har_gpr,0.0336517039038013,0.06450722823326815
22,19.05.2020,9,2020,True,har_gpr,0.0335732756309889,0.06284862618765485
22,20.05.2020,9,2020,True,har_gpr,0.0333169299399149,0.04091403247473576
22,21.05.2020,9,2020,True,har_gpr,0.0335615166240089,0.0405086051623305
22,22.05.2020,9,2020,True,har_gpr,0.035534008438189,0.03970871106069284
22,26.05.2020,9,2020,True,har_gpr,0.0352728152281083,0.04156567786014608
22,27.05.2020,9,2020,True,har_gpr,0.0337878252545693,0.03698188964132909
22,28.05.2020,9,2020,True,har_gpr,0.0337996460829025,0.039498253743243214
22,29.05.2020,9,2020,True,har_gpr,0.0340762481172458,0.0368343813551504
22,01.06.2020,9,2020,True,har_gpr,0.0300013458524025,0.03341482268957461
22,02.06.2020,9,2020,True,har_gpr,0.0297608268359092,0.039358003680852814
22,03.06.2020,9,2020,True,har_gpr,0.0297760548563926,0.03780874196424077
22,04.06.2020,9,2020,True,har_gpr,0.0297868525887349,0.031113838805328402
22,05.06.2020,9,2020,True,har_gpr,0.0273685927577875,0.02995502141434855
22,08.06.2020,9,2020,True,har_gpr,0.0266094744911702,0.03195884381937315
22,09.06.2020,9,2020,True,har_gpr,0.0268778823069317,0.032160947766694925
22,10.06.2020,9,2020,True,har_gpr,0.0269253833779353,0.0296328110823558
22,11.06.2020,9,2020,True,har_gpr,0.0200769538104773,0.02976054881978439
22,12.06.2020,9,2020,True,har_gpr,0.0203527679227376,0.03651261688767423
22,15.06.2020,9,2020,True,har_gpr,0.0201054199178402,0.03201061115739572
22,16.06.2020,9,2020,True,har_gpr,0.0192738746934107,0.032008852534367284
22,17.06.2020,9,2020,True,har_gpr,0.0191808746197163,0.031111947367684356
22,18.06.2020,9,2020,True,har_gpr,0.0193790211820398,0.030269062539707924
22,19.06.2020,9,2020,True,har_gpr,0.0191618112391574,0.028061352395306438
22,22.06.2020,9,2020,True,har_gpr,0.0193729101605313,0.027897151921477154
22,23.06.2020,9,2020,True,har_gpr,0.0192237523462262,0.027159151615160252
22,24.06.2020,9,2020,True,har_gpr,0.0144662588313296,0.02693915632347067
22,25.06.2020,9,2020,True,har_gpr,0.014162235479758,0.03070306311324374
22,26.06.2020,9,2020,True,har_gpr,0.0142959843726751,0.0294790255669232
22,29.06.2020,9,2020,True,har_gpr,0.014659897015872,0.0287911810950376
22,30.06.2020,9,2020,True,har_gpr,0.0143438337809187,0.02785325569560493
22,01.07.2020,9,2020,True,har_gpr,0.0142405836997366,0.027476727124453496
22,02.07.2020,9,2020,True,har_gpr,0.0132553076829205,0.026593343346226806
22,06.07.2020,9,2020,True,har_gpr,0.0136297858095206,0.027148955187922753
22,07.07.2020,9,2020,True,har_gpr,0.0136445028647248,0.024254553319186366
22,08.07.2020,9,2020,True,har_gpr,0.0141238887701333,0.023448721517392194
22,09.07.2020,9,2020,True,har_gpr,0.0133530764813423,0.02323240624653222
22,10.07.2020,9,2020,True,har_gpr,0.0130210480425253,0.024406771284565188
22,13.07.2020,9,2020,True,har_gpr,0.0132870816795932,0.020055404582873516
22,14.07.2020,9,2020,True,har_gpr,0.0135750314533766,0.0199951321316343
22,15.07.2020,9,2020,True,har_gpr,0.0129786339879405,0.019433382628173942
22,16.07.2020,9,2020,True,har_gpr,0.012975349878644,0.019841905905657882
22,17.07.2020,9,2020,True,har_gpr,0.0128709173993267,0.019259844339367928
22,20.07.2020,9,2020,True,har_gpr,0.0129024306810692,0.018731619146567284
22,21.07.2020,9,2020,True,har_gpr,0.0122161664872756,0.018015762742765073
22,22.07.2020,9,2020,True,har_gpr,0.0125223244539369,0.019070768172210047
22,23.07.2020,9,2020,True,har_gpr,0.0119907731507607,0.018029947312189147
22,24.07.2020,9,2020,True,har_gpr,0.0123600297110652,0.01652412372379213
22,27.07.2020,9,2020,True,har_gpr,0.0124591157750428,0.015571227558702938
22,28.07.2020,9,2020,True,har_gpr,0.0127617130899857,0.015118609461819164
22,29.07.2020,9,2020,True,har_gpr,0.0125639335291377,0.014497021260793296
22,30.07.2020,9,2020,True,har_gpr,0.01175664283759,0.014808081570824898
22,31.07.2020,9,2020,True,har_gpr,0.0117205082176177,0.014970648167308663
22,03.08.2020,9,2020,True,har_gpr,0.012493323858637,0.014048043359709224
22,04.08.2020,9,2020,True,har_gpr,0.0125409342995381,0.01644773825841302
22,05.08.2020,9,2020,True,har_gpr,0.0137004594735606,0.01599131975961819
22,06.08.2020,9,2020,True,har_gpr,0.0198317225718463,0.016602113838397506
22,07.08.2020,9,2020,True,har_gpr,0.0207442354601808,0.014903118918141545
22,10.08.2020,9,2020,True,har_gpr,0.0205903789630055,0.015794122865587498
22,11.08.2020,9,2020,True,har_gpr,0.0205519467135959,0.015442648734976175
22,12.08.2020,9,2020,True,har_gpr,0.0197331665837234,0.015687566605904077
22,13.08.2020,9,2020,True,har_gpr,0.0206577319461093,0.016116862739789902
22,14.08.2020,9,2020,True,har_gpr,0.0228315844665511,0.0158770088547703
22,17.08.2020,9,2020,True,har_gpr,0.0233868580027824,0.015463752155180735
22,18.08.2020,9,2020,True,har_gpr,0.0233701747453286,0.015427960122703657
22,19.08.2020,9,2020,True,har_gpr,0.0247377450943457,0.014356043248100456
22,20.08.2020,9,2020,True,har_gpr,0.0248000218692013,0.014026969460266082
22,21.08.2020,9,2020,True,har_gpr,0.024734187355445,0.013752423239959233
22,24.08.2020,9,2020,True,har_gpr,0.0243769218510581,0.014199238329742389
22,25.08.2020,9,2020,True,har_gpr,0.0240031231336252,0.014460622069834467
22,26.08.2020,9,2020,True,har_gpr,0.0242480200169169,0.01478146448578185
22,27.08.2020,9,2020,True,har_gpr,0.025036274530892,0.01438936716286155
22,28.08.2020,9,2020,True,har_gpr,0.0250304174222648,0.014370738095466205
22,31.08.2020,9,2020,True,har_gpr,0.0249584747478878,0.013820638255849976
22,01.09.2020,9,2020,True,har_gpr,0.0260095592006178,0.013793602061864222
22,02.09.2020,9,2020,True,har_gpr,0.0283132656831922,0.013592005746106032
22,03.09.2020,9,2020,True,har_gpr,0.0292883123633055,0.015218534753585448
22,04.09.2020,9,2020,True,har_gpr,0.0286498686282079,0.014682232468826288
22,08.09.2020,9,2020,True,har_gpr,0.0249096360460226,0.01675732611907698
22,09.09.2020,9,2020,True,har_gpr,0.024644644865245,0.022199513253425788
22,10.09.2020,9,2020,True,har_gpr,0.0250504641200112,0.021894955729168178
22,11.09.2020,9,2020,True,har_gpr,0.025200374312987,0.021286692867324642
22,14.09.2020,9,2020,True,har_gpr,0.0253895822670982,0.020893290690273653
22,15.09.2020,9,2020,True,har_gpr,0.0250793379566294,0.02151232420899558
22,16.09.2020,9,2020,True,har_gpr,0.0236393161960064,0.021128822801049458
22,17.09.2020,9,2020,True,har_gpr,0.0230433797590657,0.0235345644642089
22,18.09.2020,9,2020,True,har_gpr,0.0232059212985284,0.02322834481451319
22,21.09.2020,9,2020,True,har_gpr,0.0226850244390429,0.022429380820407435
22,22.09.2020,9,2020,True,har_gpr,0.0229392353716612,0.025357033764727317
22,23.09.2020,9,2020,True,har_gpr,0.0232291198048029,0.02397693758171371
22,24.09.2020,9,2020,True,har_gpr,0.0241735976079917,0.02297426900060693
22,25.09.2020,9,2020,True,har_gpr,0.0245385146638412,0.022720019669516263
22,28.09.2020,9,2020,True,har_gpr,0.0266334570415214,0.0225829840959524
22,29.09.2020,9,2020,True,har_gpr,0.0269048388024666,0.021298788212280078
22,30.09.2020,9,2020,True,har_gpr,0.0269022376258024,0.023543790270049502
22,01.10.2020,9,2020,True,har_gpr,0.0284613641117596,0.022428476121783128
22,02.10.2020,9,2020,True,har_gpr,0.0273900688834601,0.022096744170382217
22,05.10.2020,9,2020,True,har_gpr,0.0264170707411559,0.024722713249859887
22,06.10.2020,9,2020,True,har_gpr,0.0254308491287791,0.027284573468896664
22,07.10.2020,9,2020,True,har_gpr,0.0263624018151651,0.024323515991858863
22,08.10.2020,9,2020,True,har_gpr,0.0300386455566696,0.0237838078581037
22,09.10.2020,9,2020,True,har_gpr,0.0305653067688914,0.02469175091988895
22,12.10.2020,9,2020,True,har_gpr,0.0299444933623889,0.023347499829611113
22,13.10.2020,9,2020,True,har_gpr,0.0297980304881338,0.024225727412475136
22,14.10.2020,9,2020,True,har_gpr,0.0297276394578989,0.02379802277240148
22,15.10.2020,9,2020,True,har_gpr,0.030172770956109,0.023161075093384335
22,16.10.2020,9,2020,True,har_gpr,0.0301476685849904,0.021863277799228042
22,19.10.2020,9,2020,True,har_gpr,0.0302045112737609,0.02187340461846685
22,20.10.2020,9,2020,True,har_gpr,0.0301230969841301,0.02051706403743753
22,21.10.2020,9,2020,True,har_gpr,0.0292639219976414,0.020668923719599806
22,22.10.2020,9,2020,True,har_gpr,0.0294545934455092,0.022519649354547137
22,23.10.2020,9,2020,True,har_gpr,0.0299835258060425,0.022463574095970024
22,26.10.2020,9,2020,True,har_gpr,0.028798846055828,0.022682420999097657
22,27.10.2020,9,2020,True,har_gpr,0.0289373259836218,0.023476699018040337
22,28.10.2020,9,2020,True,har_gpr,0.0262045451634434,0.02272111018222701
22,29.10.2020,9,2020,True,har_gpr,0.0241942954424764,0.025798265187661637
22,30.10.2020,9,2020,True,har_gpr,0.0239794116438117,0.025715818447060022
22,02.11.2020,9,2020,True,har_gpr,0.0231492151953477,0.02392566533752362
22,03.11.2020,9,2020,True,har_gpr,0.023069730664565,0.026127103149210976
22,04.11.2020,9,2020,True,har_gpr,0.0225433549724771,0.02498618443986643
22,05.11.2020,9,2020,True,har_gpr,0.022349364857263,0.025976605515348302
22,06.11.2020,9,2020,True,har_gpr,0.020085504103455,0.023468657598978836
22,09.11.2020,9,2020,True,har_gpr,0.0151611282475672,0.02590404455161168
22,10.11.2020,9,2020,True,har_gpr,0.01469632068663,0.029886621195939468
22,11.11.2020,9,2020,True,har_gpr,0.0146905868696061,0.028717840344921728
22,12.11.2020,9,2020,True,har_gpr,0.0144336883862283,0.027669725728874044
22,13.11.2020,9,2020,True,har_gpr,0.0133744321748284,0.027731889896074762
22,16.11.2020,9,2020,True,har_gpr,0.0128920462036583,0.02778599864714738
22,17.11.2020,9,2020,True,har_gpr,0.0128207642748103,0.027432679071259933
22,18.11.2020,9,2020,True,har_gpr,0.0146799349313773,0.026291061673959986
22,19.11.2020,9,2020,True,har_gpr,0.0153443722188269,0.026198041023777558
22,20.11.2020,9,2020,True,har_gpr,0.0155598178303611,0.02574065462191032
22,23.11.2020,9,2020,True,har_gpr,0.0150318405082056,0.025756977642691286
22,24.11.2020,9,2020,True,har_gpr,0.0132811120779733,0.02544163098935108
22,25.11.2020,9,2020,True,har_gpr,0.0129801911579029,0.026625060429566784
22,27.11.2020,9,2020,True,har_gpr,0.0127469566851751,0.023865613809989993
22,30.11.2020,9,2020,True,har_gpr,0.0123380046207246,0.022577078294779902
22,01.12.2020,9,2020,True,har_gpr,0.0128145226149662,0.022973646902086874
22,02.12.2020,9,2020,True,har_gpr,0.0157321940590263,0.02225774627673375
22,03.12.2020,9,2020,True,har_gpr,0.0157993082660899,0.022076723867688053
22,04.12.2020,9,2020,True,har_gpr,0.0157552648305419,0.021179042877612762
22,07.12.2020,9,2020,True,har_gpr,0.0162730810864969,0.021013333585616908
22,08.12.2020,9,2020,True,har_gpr,0.0164455435837981,0.01930668911617403
22,09.12.2020,9,2020,True,har_gpr,0.0165423111824849,0.015577448191436277
22,10.12.2020,9,2020,True,har_gpr,0.0161525658777745,0.014915224924207608
22,11.12.2020,9,2020,True,har_gpr,0.0159806198398432,0.01681469634923259
22,14.12.2020,9,2020,True,har_gpr,0.0171455322837324,0.01611413934264287
22,15.12.2020,9,2020,True,har_gpr,0.0172529700119986,0.016060734239411546
22,16.12.2020,9,2020,True,har_gpr,0.0172492835974105,0.015836089609102898
22,17.12.2020,9,2020,True,har_gpr,0.0172448331607481,0.01559381495028871
22,18.12.2020,9,2020,True,har_gpr,0.0174036336238393,0.015096264236852971
22,21.12.2020,9,2020,True,har_gpr,0.0161957089587381,0.014995748983167112
22,22.12.2020,9,2020,True,har_gpr,0.0155557067513527,0.01695040905899312
22,23.12.2020,9,2020,True,har_gpr,0.0151326684631604,0.016855686775905286
22,24.12.2020,9,2020,True,har_gpr,0.0152475706412007,0.016389412059577453
22,28.12.2020,9,2020,True,har_gpr,0.0150156570368784,0.015515918374825867
22,29.12.2020,9,2020,True,har_gpr,0.0150410893731853,0.015949430940056505
22,30.12.2020,9,2020,True,har_gpr,0.0153802540716252,0.015209933442681216
22,31.12.2020,9,2020,True,har_gpr,0.015579661377009,0.014853818192241039
22,02.01.2020,9,2020,True,har_x,0.0201594484825342,0.014602168251313075
22,03.01.2020,9,2020,True,har_x,0.0191472655862914,0.014772166916518626
22,06.01.2020,9,2020,True,har_x,0.0188988326609054,0.016727283069786117
22,07.01.2020,9,2020,True,har_x,0.0189021181824596,0.017437780226326693
22,08.01.2020,9,2020,True,har_x,0.0177287431209665,0.017140486814200107
22,09.01.2020,9,2020,True,har_x,0.0183324944513361,0.017744185474197084
22,10.01.2020,9,2020,True,har_x,0.0203221564471006,0.017983038012402256
22,13.01.2020,9,2020,True,har_x,0.0205921996353541,0.016356575195031604
22,14.01.2020,9,2020,True,har_x,0.0210732734223961,0.01833282407779788
22,15.01.2020,9,2020,True,har_x,0.0212410863348049,0.01791681146451504
22,16.01.2020,9,2020,True,har_x,0.0218783680883313,0.017853633827363307
22,17.01.2020,9,2020,True,har_x,0.0218727996891886,0.015700434176763756
22,21.01.2020,9,2020,True,har_x,0.0219701486269142,0.014970445678706253
22,22.01.2020,9,2020,True,har_x,0.0228618698994837,0.014637147985626254
22,23.01.2020,9,2020,True,har_x,0.0230483488210118,0.016485525282119162
22,24.01.2020,9,2020,True,har_x,0.0232892690085738,0.017215499665388722
22,27.01.2020,9,2020,True,har_x,0.023319232640432,0.018790868381366028
22,28.01.2020,9,2020,True,har_x,0.0238875674823554,0.020669144215826614
22,29.01.2020,9,2020,True,har_x,0.0248696165462137,0.019811448031755875
22,30.01.2020,9,2020,True,har_x,0.0245143913905472,0.01938885010867236
22,31.01.2020,9,2020,True,har_x,0.0245751070890277,0.020491044968956443
22,03.02.2020,9,2020,True,har_x,0.021008733059868,0.022125116674178442
22,04.02.2020,9,2020,True,har_x,0.0292393565154729,0.022918597798599713
22,05.02.2020,9,2020,True,har_x,0.0634455238632774,0.021327002785235423
22,06.02.2020,9,2020,True,har_x,0.0670026585473258,0.020431836545280184
22,07.02.2020,9,2020,True,har_x,0.0671206989281014,0.01950279349966729
22,10.02.2020,9,2020,True,har_x,0.0681548768772577,0.020149367134249932
22,11.02.2020,9,2020,True,har_x,0.0682860149113869,0.021343374980361502
22,12.02.2020,9,2020,True,har_x,0.070228170732519,0.0204253072486777
22,13.02.2020,9,2020,True,har_x,0.0697884124720703,0.019328873369128786
22,14.02.2020,9,2020,True,har_x,0.0729114575490464,0.01941679587986773
22,18.02.2020,9,2020,True,har_x,0.0812614619739943,0.019503677038362345
22,19.02.2020,9,2020,True,har_x,0.0804088027404394,0.01813705687233559
22,20.02.2020,9,2020,True,har_x,0.0803780798644355,0.01747886559554627
22,21.02.2020,9,2020,True,har_x,0.0807074893615169,0.017954742587091458
22,24.02.2020,9,2020,True,har_x,0.0812357075456992,0.019568963371932063
22,25.02.2020,9,2020,True,har_x,0.0812234806912673,0.021626433125670995
22,26.02.2020,9,2020,True,har_x,0.0813419133114324,0.023352123532344393
22,27.02.2020,9,2020,True,har_x,0.0821736274857786,0.023954780572684492
22,28.02.2020,9,2020,True,har_x,0.0825444831201837,0.02757725227859121
22,02.03.2020,9,2020,True,har_x,0.0854893343102728,0.028716631758062917
22,03.03.2020,9,2020,True,har_x,0.0978591731123543,0.026847587963349694
22,04.03.2020,9,2020,True,har_x,0.103320292871182,0.02819550084893198
22,05.03.2020,9,2020,True,har_x,0.1033554369777209,0.02812336231191731
22,06.03.2020,9,2020,True,har_x,0.1018866234050266,0.02933420815970849
22,09.03.2020,9,2020,True,har_x,0.0840535435821956,0.03695185468291371
22,10.03.2020,9,2020,True,har_x,0.0823983277188791,0.06802554221830313
22,11.03.2020,9,2020,True,har_x,0.0821530474590281,0.053600777726264745
22,12.03.2020,9,2020,True,har_x,0.081970332051463,0.06083509325849068
22,13.03.2020,9,2020,True,har_x,0.0827990372560091,0.07182970279382385
22,16.03.2020,9,2020,True,har_x,0.0790948190052127,0.06864756023098767
22,17.03.2020,9,2020,True,har_x,0.0785859872467007,0.07531130630980061
22,18.03.2020,9,2020,True,har_x,0.0748802095918047,0.07810592615493592
22,19.03.2020,9,2020,True,har_x,0.0902553436882754,0.09835412578017343
22,20.03.2020,9,2020,True,har_x,0.0910645340726575,0.09650500889911681
22,23.03.2020,9,2020,True,har_x,0.0918864357389213,0.1117997891904733
22,24.03.2020,9,2020,True,har_x,0.0918921855803592,0.1091058913124726
22,25.03.2020,9,2020,True,har_x,0.0926281279749701,0.1002728042859831
22,26.03.2020,9,2020,True,har_x,0.0927873807205363,0.08445801963967214
22,27.03.2020,9,2020,True,har_x,0.0950152171231996,0.08839152796068817
22,30.03.2020,9,2020,True,har_x,0.0961960321188808,0.10385783520901158
22,31.03.2020,9,2020,True,har_x,0.0965695773953749,0.1028722505435909
22,01.04.2020,9,2020,True,har_x,0.0951593153950062,0.10039868654706374
22,02.04.2020,9,2020,True,har_x,0.0902302561677582,0.09364870169596505
22,03.04.2020,9,2020,True,har_x,0.0858723169050989,0.09604025212488737
22,06.04.2020,9,2020,True,har_x,0.0856897779210983,0.08338098674453523
22,07.04.2020,9,2020,True,har_x,0.0861720271995115,0.08428121101166455
22,08.04.2020,9,2020,True,har_x,0.0863414805394598,0.08120910187034204
22,09.04.2020,9,2020,True,har_x,0.0859882310024772,0.08257656536939142
22,13.04.2020,9,2020,True,har_x,0.0861085881792664,0.07585029214890912
22,14.04.2020,9,2020,True,har_x,0.0859622620871104,0.06683178737095716
22,15.04.2020,9,2020,True,har_x,0.0849466641518058,0.06757245299319364
22,16.04.2020,9,2020,True,har_x,0.0859429115578256,0.07046826102899606
22,17.04.2020,9,2020,True,har_x,0.0860008845248732,0.06709124087346804
22,20.04.2020,9,2020,True,har_x,0.082931956792749,0.05556510927374553
22,21.04.2020,9,2020,True,har_x,0.0505555030378954,0.13371340564001288
22,22.04.2020,9,2020,True,har_x,0.0515385865872432,0.19324625970125017
22,23.04.2020,9,2020,True,har_x,0.0513319659438573,0.1396859551378764
22,24.04.2020,9,2020,True,har_x,0.0530160271972805,0.12423273297690675
22,27.04.2020,9,2020,True,har_x,0.048927542162479,0.101730515204969
22,28.04.2020,9,2020,True,har_x,0.0492095776104898,0.1090477056664028
22,29.04.2020,9,2020,True,har_x,0.048226493449899,0.11733715715348676
22,30.04.2020,9,2020,True,har_x,0.0438944268749371,0.11563175811974583
22,01.05.2020,9,2020,True,har_x,0.0436385863413856,0.06152454015594511
22,04.05.2020,9,2020,True,har_x,0.0436735055766186,0.0643237372322864
22,05.05.2020,9,2020,True,har_x,0.0369644575803636,0.05676055208013844
22,06.05.2020,9,2020,True,har_x,0.0366154248773252,0.057033955300610506
22,07.05.2020,9,2020,True,har_x,0.036271617464148,0.06742398520828422
22,08.05.2020,9,2020,True,har_x,0.0354309408040679,0.06449479082125552
22,11.05.2020,9,2020,True,har_x,0.0387806276301856,0.057511617792881824
22,12.05.2020,9,2020,True,har_x,0.0388119365853471,0.06395273379131021
22,13.05.2020,9,2020,True,har_x,0.0379383682531359,0.05038557541040797
22,14.05.2020,9,2020,True,har_x,0.0364626629144614,0.0480322773059648
22,15.05.2020,9,2020,True,har_x,0.0360025502664081,0.04644231333949308
22,18.05.2020,9,2020,True,har_x,0.0336517039038013,0.04420043867020842
22,19.05.2020,9,2020,True,har_x,0.0335732756309889,0.04401770365871621
22,20.05.2020,9,2020,True,har_x,0.0333169299399149,0.04172504478440821
22,21.05.2020,9,2020,True,har_x,0.0335615166240089,0.04212233279795966
22,22.05.2020,9,2020,True,har_x,0.035534008438189,0.05127281352358755
22,26.05.2020,9,2020,True,har_x,0.0352728152281083,0.04886032206526562
22,27.05.2020,9,2020,True,har_x,0.0337878252545693,0.04344621801761102
22,28.05.2020,9,2020,True,har_x,0.0337996460829025,0.04251343003400296
22,29.05.2020,9,2020,True,har_x,0.0340762481172458,0.041882836443000046
22,01.06.2020,9,2020,True,har_x,0.0300013458524025,0.03955272600296111
22,02.06.2020,9,2020,True,har_x,0.0297608268359092,0.036844515483413505
22,03.06.2020,9,2020,True,har_x,0.0297760548563926,0.036883269657223446
22,04.06.2020,9,2020,True,har_x,0.0297868525887349,0.03739749351579485
22,05.06.2020,9,2020,True,har_x,0.0273685927577875,0.03700976154481569
22,08.06.2020,9,2020,True,har_x,0.0266094744911702,0.036629535995741924
22,09.06.2020,9,2020,True,har_x,0.0268778823069317,0.0383233982698877
22,10.06.2020,9,2020,True,har_x,0.0269253833779353,0.038533515166558036
22,11.06.2020,9,2020,True,har_x,0.0200769538104773,0.035739758747164826
22,12.06.2020,9,2020,True,har_x,0.0203527679227376,0.04000951913045005
22,15.06.2020,9,2020,True,har_x,0.0201054199178402,0.03997839290772356
22,16.06.2020,9,2020,True,har_x,0.0192738746934107,0.03879654104046067
22,17.06.2020,9,2020,True,har_x,0.0191808746197163,0.03789228224436973
22,18.06.2020,9,2020,True,har_x,0.0193790211820398,0.03472496863840378
22,19.06.2020,9,2020,True,har_x,0.0191618112391574,0.034873006999476666
22,22.06.2020,9,2020,True,har_x,0.0193729101605313,0.033305210462965244
22,23.06.2020,9,2020,True,har_x,0.0192237523462262,0.03214971505958373
22,24.06.2020,9,2020,True,har_x,0.0144662588313296,0.03334399968739287
22,25.06.2020,9,2020,True,har_x,0.014162235479758,0.037059679435549865
22,26.06.2020,9,2020,True,har_x,0.0142959843726751,0.03558476576422505
22,29.06.2020,9,2020,True,har_x,0.014659897015872,0.036135115400472664
22,30.06.2020,9,2020,True,har_x,0.0143438337809187,0.03388292885954049
22,01.07.2020,9,2020,True,har_x,0.0142405836997366,0.032446330382446084
22,02.07.2020,9,2020,True,har_x,0.0132553076829205,0.030037298524458623
22,06.07.2020,9,2020,True,har_x,0.0136297858095206,0.028770084324491945
22,07.07.2020,9,2020,True,har_x,0.0136445028647248,0.02842572926050182
22,08.07.2020,9,2020,True,har_x,0.0141238887701333,0.02880525423997777
22,09.07.2020,9,2020,True,har_x,0.0133530764813423,0.027325458882088687
22,10.07.2020,9,2020,True,har_x,0.0130210480425253,0.030295561250688524
22,13.07.2020,9,2020,True,har_x,0.0132870816795932,0.027810298079236694
22,14.07.2020,9,2020,True,har_x,0.0135750314533766,0.02994880154299525
22,15.07.2020,9,2020,True,har_x,0.0129786339879405,0.029695970006264383
22,16.07.2020,9,2020,True,har_x,0.012975349878644,0.026150983291135382
22,17.07.2020,9,2020,True,har_x,0.0128709173993267,0.02558149960715177
22,20.07.2020,9,2020,True,har_x,0.0129024306810692,0.022056620327141743
22,21.07.2020,9,2020,True,har_x,0.0122161664872756,0.023588716406394736
22,22.07.2020,9,2020,True,har_x,0.0125223244539369,0.022746318363359365
22,23.07.2020,9,2020,True,har_x,0.0119907731507607,0.022802111061399115
22,24.07.2020,9,2020,True,har_x,0.0123600297110652,0.024319771466306674
22,27.07.2020,9,2020,True,har_x,0.0124591157750428,0.023364259442593537
22,28.07.2020,9,2020,True,har_x,0.0127617130899857,0.02275764127663666
22,29.07.2020,9,2020,True,har_x,0.0125639335291377,0.022633462206861264
22,30.07.2020,9,2020,True,har_x,0.01175664283759,0.021738419549617277
22,31.07.2020,9,2020,True,har_x,0.0117205082176177,0.023249436377444352
22,03.08.2020,9,2020,True,har_x,0.012493323858637,0.024615328693649477
22,04.08.2020,9,2020,True,har_x,0.0125409342995381,0.022826203405106292
22,05.08.2020,9,2020,True,har_x,0.0137004594735606,0.02202394823551568
22,06.08.2020,9,2020,True,har_x,0.0198317225718463,0.020170009100973458
22,07.08.2020,9,2020,True,har_x,0.0207442354601808,0.020430792697158754
22,10.08.2020,9,2020,True,har_x,0.0205903789630055,0.020345093815600488
22,11.08.2020,9,2020,True,har_x,0.0205519467135959,0.019363426371980907
22,12.08.2020,9,2020,True,har_x,0.0197331665837234,0.020402255265807526
22,13.08.2020,9,2020,True,har_x,0.0206577319461093,0.018778355583513116
22,14.08.2020,9,2020,True,har_x,0.0228315844665511,0.018818334213665848
22,17.08.2020,9,2020,True,har_x,0.0233868580027824,0.018944649711453928
22,18.08.2020,9,2020,True,har_x,0.0233701747453286,0.01743288760310218
22,19.08.2020,9,2020,True,har_x,0.0247377450943457,0.016963961401464334
22,20.08.2020,9,2020,True,har_x,0.0248000218692013,0.0176737959840281
22,21.08.2020,9,2020,True,har_x,0.024734187355445,0.017679886008738262
22,24.08.2020,9,2020,True,har_x,0.0243769218510581,0.01818829316683978
22,25.08.2020,9,2020,True,har_x,0.0240031231336252,0.01743715031326597
22,26.08.2020,9,2020,True,har_x,0.0242480200169169,0.017887630821047024
22,27.08.2020,9,2020,True,har_x,0.025036274530892,0.01830322491125815
22,28.08.2020,9,2020,True,har_x,0.0250304174222648,0.018290051597996997
22,31.08.2020,9,2020,True,har_x,0.0249584747478878,0.017260587226533106
22,01.09.2020,9,2020,True,har_x,0.0260095592006178,0.017412959185935342
22,02.09.2020,9,2020,True,har_x,0.0283132656831922,0.01692776173568735
22,03.09.2020,9,2020,True,har_x,0.0292883123633055,0.0192020754657896
22,04.09.2020,9,2020,True,har_x,0.0286498686282079,0.02260657352752058
22,08.09.2020,9,2020,True,har_x,0.0249096360460226,0.02430857454931449
22,09.09.2020,9,2020,True,har_x,0.024644644865245,0.0316050057139995
22,10.09.2020,9,2020,True,har_x,0.0250504641200112,0.027569508653969493
22,11.09.2020,9,2020,True,har_x,0.025200374312987,0.0291769291148156
22,14.09.2020,9,2020,True,har_x,0.0253895822670982,0.02792387989348608
22,15.09.2020,9,2020,True,har_x,0.0250793379566294,0.027392079045444225
22,16.09.2020,9,2020,True,har_x,0.0236393161960064,0.02502379090998547
22,17.09.2020,9,2020,True,har_x,0.0230433797590657,0.022650740913371388
22,18.09.2020,9,2020,True,har_x,0.0232059212985284,0.021197566099642663
22,21.09.2020,9,2020,True,har_x,0.0226850244390429,0.02133338211429178
22,22.09.2020,9,2020,True,har_x,0.0229392353716612,0.02375486331004794
22,23.09.2020,9,2020,True,har_x,0.0232291198048029,0.02268778111041727
22,24.09.2020,9,2020,True,har_x,0.0241735976079917,0.024712548555238845
22,25.09.2020,9,2020,True,har_x,0.0245385146638412,0.023698398496055196
22,28.09.2020,9,2020,True,har_x,0.0266334570415214,0.022807735524175705
22,29.09.2020,9,2020,True,har_x,0.0269048388024666,0.022471253548609328
22,30.09.2020,9,2020,True,har_x,0.0269022376258024,0.025752615593035037
22,01.10.2020,9,2020,True,har_x,0.0284613641117596,0.024379160056974426
22,02.10.2020,9,2020,True,har_x,0.0273900688834601,0.02756712484931728
22,05.10.2020,9,2020,True,har_x,0.0264170707411559,0.03135356207974657
22,06.10.2020,9,2020,True,har_x,0.0254308491287791,0.02781417175059417
22,07.10.2020,9,2020,True,har_x,0.0263624018151651,0.026028305844699243
22,08.10.2020,9,2020,True,har_x,0.0300386455566696,0.025307423288995812
22,09.10.2020,9,2020,True,har_x,0.0305653067688914,0.022756597237019217
22,12.10.2020,9,2020,True,har_x,0.0299444933623889,0.023480075692035765
22,13.10.2020,9,2020,True,har_x,0.0297980304881338,0.02453610666769395
22,14.10.2020,9,2020,True,har_x,0.0297276394578989,0.02564836953700148
22,15.10.2020,9,2020,True,har_x,0.030172770956109,0.024130049281700736
22,16.10.2020,9,2020,True,har_x,0.0301476685849904,0.024276073913175017
22,19.10.2020,9,2020,True,har_x,0.0302045112737609,0.024422481809608855
22,20.10.2020,9,2020,True,har_x,0.0301230969841301,0.023886615988650942
22,21.10.2020,9,2020,True,har_x,0.0292639219976414,0.02420935228861196
22,22.10.2020,9,2020,True,har_x,0.0294545934455092,0.026492205301388877
22,23.10.2020,9,2020,True,har_x,0.0299835258060425,0.02584331794497324
22,26.10.2020,9,2020,True,har_x,0.028798846055828,0.025664921673815816
22,27.10.2020,9,2020,True,har_x,0.0289373259836218,0.02987131832078001
22,28.10.2020,9,2020,True,har_x,0.0262045451634434,0.02812241722073579
22,29.10.2020,9,2020,True,har_x,0.0241942954424764,0.03383270658524794
22,30.10.2020,9,2020,True,har_x,0.0239794116438117,0.036074077651166526
22,02.11.2020,9,2020,True,har_x,0.0231492151953477,0.039206891338167175
22,03.11.2020,9,2020,True,har_x,0.023069730664565,0.03785463919931553
22,04.11.2020,9,2020,True,har_x,0.0225433549724771,0.03592883314284961
22,05.11.2020,9,2020,True,har_x,0.022349364857263,0.03060121874912625
22,06.11.2020,9,2020,True,har_x,0.020085504103455,0.030051409842734654
22,09.11.2020,9,2020,True,har_x,0.0151611282475672,0.03132834583430148
22,10.11.2020,9,2020,True,har_x,0.01469632068663,0.029316842658364883
22,11.11.2020,9,2020,True,har_x,0.0146905868696061,0.027649343471843363
22,12.11.2020,9,2020,True,har_x,0.0144336883862283,0.027337735294697928
22,13.11.2020,9,2020,True,har_x,0.0133744321748284,0.028335740970654485
22,16.11.2020,9,2020,True,har_x,0.0128920462036583,0.026816278044190005
22,17.11.2020,9,2020,True,har_x,0.0128207642748103,0.026078965493573948
22,18.11.2020,9,2020,True,har_x,0.0146799349313773,0.02494934916888594
22,19.11.2020,9,2020,True,har_x,0.0153443722188269,0.025556980992394087
22,20.11.2020,9,2020,True,har_x,0.0155598178303611,0.025691809737861605
22,23.11.2020,9,2020,True,har_x,0.0150318405082056,0.024325796701967144
22,24.11.2020,9,2020,True,har_x,0.0132811120779733,0.023771187255322828
22,25.11.2020,9,2020,True,har_x,0.0129801911579029,0.023834948618539218
22,27.11.2020,9,2020,True,har_x,0.0127469566851751,0.024159738215193412
22,30.11.2020,9,2020,True,har_x,0.0123380046207246,0.025687870629243468
22,01.12.2020,9,2020,True,har_x,0.0128145226149662,0.02642027521932608
22,02.12.2020,9,2020,True,har_x,0.0157321940590263,0.026651870225460592
22,03.12.2020,9,2020,True,har_x,0.0157993082660899,0.025465915422335034
22,04.12.2020,9,2020,True,har_x,0.0157552648305419,0.022615502845772763
22,07.12.2020,9,2020,True,har_x,0.0162730810864969,0.021062405506270896
22,08.12.2020,9,2020,True,har_x,0.0164455435837981,0.020705742737820842
22,09.12.2020,9,2020,True,har_x,0.0165423111824849,0.02063954820716426
22,10.12.2020,9,2020,True,har_x,0.0161525658777745,0.02172910367395253
22,11.12.2020,9,2020,True,har_x,0.0159806198398432,0.021898617717216178
22,14.12.2020,9,2020,True,har_x,0.0171455322837324,0.021709828390620006
22,15.12.2020,9,2020,True,har_x,0.0172529700119986,0.021850559679574836
22,16.12.2020,9,2020,True,har_x,0.0172492835974105,0.021486496147021004
22,17.12.2020,9,2020,True,har_x,0.0172448331607481,0.021084599592154557
22,18.12.2020,9,2020,True,har_x,0.0174036336238393,0.020039017666340166
22,21.12.2020,9,2020,True,har_x,0.0161957089587381,0.02024637562124165
22,22.12.2020,9,2020,True,har_x,0.0155557067513527,0.022849218336861665
22,23.12.2020,9,2020,True,har_x,0.0151326684631604,0.023110775228120918
22,24.12.2020,9,2020,True,har_x,0.0152475706412007,0.021799968363609243
22,28.12.2020,9,2020,True,har_x,0.0150156570368784,0.021447532317255293
22,29.12.2020,9,2020,True,har_x,0.0150410893731853,0.021682011260239897
22,30.12.2020,9,2020,True,har_x,0.0153802540716252,0.02107270331699945
22,31.12.2020,9,2020,True,har_x,0.015579661377009,0.020717518955321996
66,02.01.2020,9,2020,True,har,0.0614301491885623,0.017591090114143206
66,03.01.2020,9,2020,True,har,0.0613769643515749,0.016639173467511998
66,06.01.2020,9,2020,True,har,0.0614634500978824,0.017802295120916536
66,07.01.2020,9,2020,True,har,0.0615125803418403,0.01699974903104851
66,08.01.2020,9,2020,True,har,0.0618158620631677,0.017172551087349396
66,09.01.2020,9,2020,True,har,0.0621639323726679,0.01988479851039546
66,10.01.2020,9,2020,True,har,0.0621963553174464,0.018790937670506956
66,13.01.2020,9,2020,True,har,0.06225610636954,0.018327408281758304
66,14.01.2020,9,2020,True,har,0.0630104819304353,0.01845407407254432
66,15.01.2020,9,2020,True,har,0.0709851922383865,0.018186325508894978
66,16.01.2020,9,2020,True,har,0.0714364080159666,0.0176093819870927
66,17.01.2020,9,2020,True,har,0.07181952851382,0.017779895071364134
66,21.01.2020,9,2020,True,har,0.0718535525265318,0.017635170483677277
66,22.01.2020,9,2020,True,har,0.0721509030210253,0.017493181634838845
66,23.01.2020,9,2020,True,har,0.0723241451292607,0.01853864382712865
66,24.01.2020,9,2020,True,har,0.0736594204968317,0.01872372160398353
66,27.01.2020,9,2020,True,har,0.075350679719208,0.018731780275159128
66,28.01.2020,9,2020,True,har,0.0756663962676665,0.018545160335740465
66,29.01.2020,9,2020,True,har,0.0758027669292677,0.018206090961200308
66,30.01.2020,9,2020,True,har,0.077759706312453,0.018437438802451606
66,31.01.2020,9,2020,True,har,0.0778509205637459,0.018650613435490265
66,03.02.2020,9,2020,True,har,0.0775385774917079,0.01793093345855272
66,04.02.2020,9,2020,True,har,0.0778813441407286,0.021487337283610734
66,05.02.2020,9,2020,True,har,0.0778962201401932,0.019704484345432774
66,06.02.2020,9,2020,True,har,0.0779391200627794,0.02127816981400721
66,07.02.2020,9,2020,True,har,0.0779688841534411,0.020052276802309667
66,10.02.2020,9,2020,True,har,0.0784770884365244,0.020042267385791054
66,11.02.2020,9,2020,True,har,0.0786854053132372,0.019622648113023954
66,12.02.2020,9,2020,True,har,0.0790950602658326,0.019852467934820178
66,13.02.2020,9,2020,True,har,0.0790674123841995,0.021479103894607502
66,14.02.2020,9,2020,True,har,0.0791532420491289,0.021036302614195583
66,18.02.2020,9,2020,True,har,0.0791566692832073,0.021357893974285266
66,19.02.2020,9,2020,True,har,0.0790972020383773,0.02056424651222251
66,20.02.2020,9,2020,True,har,0.0792177215686351,0.021489705233779403
66,21.02.2020,9,2020,True,har,0.0793175705432557,0.02067713612174902
66,24.02.2020,9,2020,True,har,0.0792774614706685,0.021238132436408104
66,25.02.2020,9,2020,True,har,0.0792543654885675,0.022924968495812964
66,26.02.2020,9,2020,True,har,0.0799400104759713,0.022618051714630827
66,27.02.2020,9,2020,True,har,0.0800346985745376,0.022514441134110712
66,28.02.2020,9,2020,True,har,0.0799655897365119,0.022101312200592582
66,02.03.2020,9,2020,True,har,0.0798821322028896,0.022329246513609798
66,03.03.2020,9,2020,True,har,0.0802236080348784,0.02382431618689544
66,04.03.2020,9,2020,True,har,0.0803155976846941,0.020999680515221858
66,05.03.2020,9,2020,True,har,0.0802945037602314,0.021319207916717133
66,06.03.2020,9,2020,True,har,0.0794090837491899,0.021256908437954115
66,09.03.2020,9,2020,True,har,0.0723262874739039,0.029088309400216637
66,10.03.2020,9,2020,True,har,0.0716644744455546,0.05625415159539266
66,11.03.2020,9,2020,True,har,0.0715529364539419,0.05412881421348485
66,12.03.2020,9,2020,True,har,0.0710016917538774,0.05280719290510982
66,13.03.2020,9,2020,True,har,0.0709836214664264,0.05348718744102001
66,16.03.2020,9,2020,True,har,0.0693539306018623,0.05253910993943704
66,17.03.2020,9,2020,True,har,0.0690861783479528,0.053020169966639254
66,18.03.2020,9,2020,True,har,0.0665228618920835,0.04918739971247113
66,19.03.2020,9,2020,True,har,0.0646510103080767,0.053856310650381524
66,20.03.2020,9,2020,True,har,0.0646829668735281,0.06124897619482813
66,23.03.2020,9,2020,True,har,0.0646977884241614,0.05886831684435638
66,24.03.2020,9,2020,True,har,0.0647032399948918,0.05732932159778957
66,25.03.2020,9,2020,True,har,0.0647152839933818,0.057605012141000944
66,26.03.2020,9,2020,True,har,0.0645151556790268,0.05616276103869022
66,27.03.2020,9,2020,True,har,0.0640728501761457,0.054599794985040605
66,30.03.2020,9,2020,True,har,0.0629005139198384,0.05510714145300637
66,31.03.2020,9,2020,True,har,0.0629006396244139,0.05656375537027343
66,01.04.2020,9,2020,True,har,0.0622154729406025,0.05411731180126675
66,02.04.2020,9,2020,True,har,0.0578897636726532,0.06004553970189842
66,03.04.2020,9,2020,True,har,0.0558375727561676,0.07235401550724292
66,06.04.2020,9,2020,True,har,0.0557066861542537,0.07268032108483093
66,07.04.2020,9,2020,True,har,0.0555155415123692,0.05923130456948547
66,08.04.2020,9,2020,True,har,0.0554236765534597,0.05888339620099021
66,09.04.2020,9,2020,True,har,0.0551543500781047,0.0587846974381574
66,13.04.2020,9,2020,True,har,0.0551821043506164,0.056976015731547786
66,14.04.2020,9,2020,True,har,0.0544075652841384,0.053625350495301635
66,15.04.2020,9,2020,True,har,0.0536513859829138,0.05428546157508143
66,16.04.2020,9,2020,True,har,0.0536912903608951,0.05486003960992234
66,17.04.2020,9,2020,True,har,0.0536989176066117,0.04921994170501219
66,20.04.2020,9,2020,True,har,0.0523455818116527,0.0463378455350173
66,21.04.2020,9,2020,True,har,0.0380622355889709,0.049972072311202174
66,22.04.2020,9,2020,True,har,0.0377497118481508,0.07065991195564233
66,23.04.2020,9,2020,True,har,0.0375487510188869,0.06616629088168516
66,24.04.2020,9,2020,True,har,0.0375427264380049,0.06678316871035804
66,27.04.2020,9,2020,True,har,0.0363552360444536,0.06561054054742882
66,28.04.2020,9,2020,True,har,0.0363279874541337,0.06746135961254536
66,29.04.2020,9,2020,True,har,0.0347414574063427,0.06029987604365355
66,30.04.2020,9,2020,True,har,0.0322122832238631,0.06429629716101144
66,01.05.2020,9,2020,True,har,0.0319011379062547,0.0663339708410096
66,04.05.2020,9,2020,True,har,0.03182267097372,0.05946175149219163
66,05.05.2020,9,2020,True,har,0.0280434752343,0.05445008465833756
66,06.05.2020,9,2020,True,har,0.0274441090490987,0.060070013212020795
66,07.05.2020,9,2020,True,har,0.0274636774506127,0.059236781744498805
66,08.05.2020,9,2020,True,har,0.0269783269051664,0.057949591256390154
66,11.05.2020,9,2020,True,har,0.0263265036654858,0.059244119399786736
66,12.05.2020,9,2020,True,har,0.0263453989012888,0.059827429378613586
66,13.05.2020,9,2020,True,har,0.0260353412751133,0.05632297549582766
66,14.05.2020,9,2020,True,har,0.0250223329918874,0.055974343462424046
66,15.05.2020,9,2020,True,har,0.0245992044513767,0.058121870907996025
66,18.05.2020,9,2020,True,har,0.0233472587102093,0.05768238939656432
66,19.05.2020,9,2020,True,har,0.0234095495850209,0.056853899003113356
66,20.05.2020,9,2020,True,har,0.0232207320265854,0.03806970304291339
66,21.05.2020,9,2020,True,har,0.0232636793247593,0.03787824303781832
66,22.05.2020,9,2020,True,har,0.0229903414730147,0.037237398138633415
66,26.05.2020,9,2020,True,har,0.0228552877477837,0.03869205409192928
66,27.05.2020,9,2020,True,har,0.0222019368004042,0.03561567704197776
66,28.05.2020,9,2020,True,har,0.022153755400467,0.03763224428428336
66,29.05.2020,9,2020,True,har,0.0221539455646089,0.03542910973056617
66,01.06.2020,9,2020,True,har,0.0202319484663571,0.03252226377897144
66,02.06.2020,9,2020,True,har,0.0199222476040863,0.03649896694765481
66,03.06.2020,9,2020,True,har,0.0203534792664721,0.035241507853547877
66,04.06.2020,9,2020,True,har,0.0221396819803117,0.02971274624786925
66,05.06.2020,9,2020,True,har,0.0212371677555492,0.028698780356370746
66,08.06.2020,9,2020,True,har,0.0208856263263956,0.03035203577943256
66,09.06.2020,9,2020,True,har,0.0208618389693214,0.03047228249551296
66,10.06.2020,9,2020,True,har,0.0207991703035758,0.0283692474692072
66,11.06.2020,9,2020,True,har,0.0185501063458089,0.028472153509386734
66,12.06.2020,9,2020,True,har,0.0191910619125721,0.03388001799234046
66,15.06.2020,9,2020,True,har,0.0191914104181737,0.03031242118254467
66,16.06.2020,9,2020,True,har,0.01884304585595,0.030687385313921064
66,17.06.2020,9,2020,True,har,0.0194986485315646,0.029864654849808013
66,18.06.2020,9,2020,True,har,0.0193684350892848,0.029189891339926055
66,19.06.2020,9,2020,True,har,0.019263411315683,0.027712736791339225
66,22.06.2020,9,2020,True,har,0.0190914626735767,0.02759321670640244
66,23.06.2020,9,2020,True,har,0.0190497504497602,0.02726270069301887
66,24.06.2020,9,2020,True,har,0.0177882309396747,0.02706807965902405
66,25.06.2020,9,2020,True,har,0.0181455682485604,0.02996094112324648
66,26.06.2020,9,2020,True,har,0.0181469391145638,0.028971458973472145
66,29.06.2020,9,2020,True,har,0.0180264184415729,0.02843152560899436
66,30.06.2020,9,2020,True,har,0.018657060471202,0.02656998320939196
66,01.07.2020,9,2020,True,har,0.0195023386174721,0.026249468793587246
66,02.07.2020,9,2020,True,har,0.0196491157815082,0.02571255155256885
66,06.07.2020,9,2020,True,har,0.0197405221742276,0.02615749812319062
66,07.07.2020,9,2020,True,har,0.0201305954824548,0.02421626675841724
66,08.07.2020,9,2020,True,har,0.0201705280592576,0.02352444602345926
66,09.07.2020,9,2020,True,har,0.0202582240265231,0.02339212711434392
66,10.07.2020,9,2020,True,har,0.0202075079979758,0.024305756297512346
66,13.07.2020,9,2020,True,har,0.0203090448628157,0.020597110555526633
66,14.07.2020,9,2020,True,har,0.0203084415772527,0.020620660286914352
66,15.07.2020,9,2020,True,har,0.0201569397288424,0.020146977589906197
66,16.07.2020,9,2020,True,har,0.0201420474137785,0.02043256598561565
66,17.07.2020,9,2020,True,har,0.0201934833600245,0.020001257693328507
66,20.07.2020,9,2020,True,har,0.0206099747329304,0.01959240070810115
66,21.07.2020,9,2020,True,har,0.0205086569713906,0.01929590161700779
66,22.07.2020,9,2020,True,har,0.0205999102714001,0.02011767871341974
66,23.07.2020,9,2020,True,har,0.0207844785003196,0.019291456910592697
66,24.07.2020,9,2020,True,har,0.0209170580418487,0.017908237046951873
66,27.07.2020,9,2020,True,har,0.0218367751911586,0.017127135433483275
66,28.07.2020,9,2020,True,har,0.0222980698230532,0.017139177071414054
66,29.07.2020,9,2020,True,har,0.0222291148155841,0.01669761167443312
66,30.07.2020,9,2020,True,har,0.0227202381958099,0.01691160539536621
66,31.07.2020,9,2020,True,har,0.0228260452731703,0.017062750149643084
66,03.08.2020,9,2020,True,har,0.0231856910024567,0.016272681668550667
66,04.08.2020,9,2020,True,har,0.023179817939022,0.017077367018864486
66,05.08.2020,9,2020,True,har,0.0234791347965604,0.016715368853769265
66,06.08.2020,9,2020,True,har,0.0251916688371314,0.017214788122202163
66,07.08.2020,9,2020,True,har,0.0253761556883761,0.015878427248252433
66,10.08.2020,9,2020,True,har,0.0253271934733163,0.016535351368381752
66,11.08.2020,9,2020,True,har,0.025303442989039,0.016324658939278196
66,12.08.2020,9,2020,True,har,0.0252507572451184,0.01651740241123893
66,13.08.2020,9,2020,True,har,0.025406716029938,0.016851931249601777
66,14.08.2020,9,2020,True,har,0.0254040872667225,0.016648790054619503
66,17.08.2020,9,2020,True,har,0.0254101819097744,0.01633409782681938
66,18.08.2020,9,2020,True,har,0.0254108154837159,0.01667578293913399
66,19.08.2020,9,2020,True,har,0.025500697515226,0.01579901266342662
66,20.08.2020,9,2020,True,har,0.0256412499735268,0.015576755825554345
66,21.08.2020,9,2020,True,har,0.0260104780735939,0.015327672205820207
66,24.08.2020,9,2020,True,har,0.0259933524265822,0.015684162159418445
66,25.08.2020,9,2020,True,har,0.0259543114588378,0.016195900218236657
66,26.08.2020,9,2020,True,har,0.0259954964553537,0.016438229256977122
66,27.08.2020,9,2020,True,har,0.0259522204771373,0.016115291123127016
66,28.08.2020,9,2020,True,har,0.0260313605409337,0.016082412747988672
66,31.08.2020,9,2020,True,har,0.0260475089416532,0.015654166791337576
66,01.09.2020,9,2020,True,har,0.026067542673,0.01528273494995719
66,02.09.2020,9,2020,True,har,0.025887843243083,0.015152810299463597
66,03.09.2020,9,2020,True,har,0.0258603745179025,0.016431723615488846
66,04.09.2020,9,2020,True,har,0.0255081099476174,0.016004082356882915
66,08.09.2020,9,2020,True,har,0.0240660099146181,0.017678634736407958
66,09.09.2020,9,2020,True,har,0.0239395562313489,0.022445079141846815
66,10.09.2020,9,2020,True,har,0.0237962151951121,0.022165463681857907
66,11.09.2020,9,2020,True,har,0.0237788019584822,0.021654158051111136
66,14.09.2020,9,2020,True,har,0.0237528496926212,0.0213318922918069
66,15.09.2020,9,2020,True,har,0.0236393584665932,0.02130545460493124
66,16.09.2020,9,2020,True,har,0.023220943276629,0.0211836539615829
66,17.09.2020,9,2020,True,har,0.0233330976529488,0.023146078061448777
66,18.09.2020,9,2020,True,har,0.0234381019801691,0.02296343273891073
66,21.09.2020,9,2020,True,har,0.0229447243238565,0.02231984017844925
66,22.09.2020,9,2020,True,har,0.0229411245159888,0.02468826937866401
66,23.09.2020,9,2020,True,har,0.0229840795385121,0.02356987956670035
66,24.09.2020,9,2020,True,har,0.0229844714947273,0.022822462033128734
66,25.09.2020,9,2020,True,har,0.0229814996765325,0.02266978499743585
66,28.09.2020,9,2020,True,har,0.0229656517957668,0.02255525832308649
66,29.09.2020,9,2020,True,har,0.022607612519526,0.022140558377792822
66,30.09.2020,9,2020,True,har,0.0232540272249896,0.02384390693916748
66,01.10.2020,9,2020,True,har,0.0232723922661007,0.022937348259876478
66,02.10.2020,9,2020,True,har,0.0225651837974329,0.022660886120514593
66,05.10.2020,9,2020,True,har,0.0220603410348388,0.024760074676194354
66,06.10.2020,9,2020,True,har,0.0218205740029284,0.026727319958387057
66,07.10.2020,9,2020,True,har,0.0217329512709225,0.02422335573868189
66,08.10.2020,9,2020,True,har,0.0215295320378597,0.023764131131702334
66,09.10.2020,9,2020,True,har,0.0214465930467598,0.024495141074273315
66,12.10.2020,9,2020,True,har,0.0213821711845794,0.023510027163481502
66,13.10.2020,9,2020,True,har,0.0213575037443446,0.024260533681683905
66,14.10.2020,9,2020,True,har,0.021262471288079,0.0237099896130371
66,15.10.2020,9,2020,True,har,0.0212459854134967,0.02315990372091424
66,16.10.2020,9,2020,True,har,0.0213109622924301,0.022139583037120512
66,19.10.2020,9,2020,True,har,0.0212725682718079,0.022155279931681843
66,20.10.2020,9,2020,True,har,0.0212503213724063,0.0209425533744564
66,21.10.2020,9,2020,True,har,0.0207381947559888,0.021080375566029833
66,22.10.2020,9,2020,True,har,0.0207062937669872,0.022571913788692485
66,23.10.2020,9,2020,True,har,0.0205492699712568,0.022496235236714155
66,26.10.2020,9,2020,True,har,0.0200472894247045,0.02267249857396579
66,27.10.2020,9,2020,True,har,0.0200619088454254,0.023669930230534285
66,28.10.2020,9,2020,True,har,0.0188135850683552,0.02302095708394552
66,29.10.2020,9,2020,True,har,0.0179770585464309,0.025534412691625458
66,30.10.2020,9,2020,True,har,0.0179171795257202,0.02554358264942865
66,02.11.2020,9,2020,True,har,0.0175327042446664,0.024038468755656246
66,03.11.2020,9,2020,True,har,0.0174691564362754,0.025011768595755247
66,04.11.2020,9,2020,True,har,0.0170330316743717,0.024062190445135093
66,05.11.2020,9,2020,True,har,0.0170115004704579,0.02496715100925783
66,06.11.2020,9,2020,True,har,0.0162375405310011,0.023015671099715744
66,09.11.2020,9,2020,True,har,0.0140880757760186,0.02490985988035743
66,10.11.2020,9,2020,True,har,0.0138679374351693,0.028615166755331985
66,11.11.2020,9,2020,True,har,0.0139491206958006,0.027674954560241702
66,12.11.2020,9,2020,True,har,0.0141312409268854,0.0268285681731768
66,13.11.2020,9,2020,True,har,0.0143349929048212,0.026881079781542326
66,16.11.2020,9,2020,True,har,0.0141738397297982,0.0269903023888041
66,17.11.2020,9,2020,True,har,0.0143345299675883,0.026445313236095773
66,18.11.2020,9,2020,True,har,0.0143488218560663,0.025562425914909676
66,19.11.2020,9,2020,True,har,0.0144648220774554,0.025448172026929654
66,20.11.2020,9,2020,True,har,0.0153646201838776,0.025076492469296555
66,23.11.2020,9,2020,True,har,0.0153933916500757,0.025131365283994834
66,24.11.2020,9,2020,True,har,0.0149624237512532,0.02487431897358197
66,25.11.2020,9,2020,True,har,0.015563197748196,0.025819545669885008
66,27.11.2020,9,2020,True,har,0.0160088308208904,0.023486552799564242
66,30.11.2020,9,2020,True,har,0.0160839359071546,0.022357803673804025
66,01.12.2020,9,2020,True,har,0.0161677554786164,0.022871838422263598
66,02.12.2020,9,2020,True,har,0.0160981594403125,0.022278863234694482
66,03.12.2020,9,2020,True,har,0.0162773106167343,0.02221169988923142
66,04.12.2020,9,2020,True,har,0.0163208714063688,0.02147280721618279
66,07.12.2020,9,2020,True,har,0.0162688887950943,0.021336236152527173
66,08.12.2020,9,2020,True,har,0.0163322256911529,0.02013555092620439
66,09.12.2020,9,2020,True,har,0.0163766701464354,0.0169558854960969
66,10.12.2020,9,2020,True,har,0.0186757849621394,0.016420408909917604
66,11.12.2020,9,2020,True,har,0.0187440827835339,0.017918229848888103
66,14.12.2020,9,2020,True,har,0.0187438696176152,0.01734340359350363
66,15.12.2020,9,2020,True,har,0.0203594297948577,0.01670266532579963
66,16.12.2020,9,2020,True,har,0.0214574005176649,0.016509328743888357
66,17.12.2020,9,2020,True,har,0.0220747614048219,0.016314801482088796
66,18.12.2020,9,2020,True,har,0.0225370247013168,0.015977740280266623
66,21.12.2020,9,2020,True,har,0.0222383610853404,0.015920578879509227
66,22.12.2020,9,2020,True,har,0.0221945919770243,0.017934765213924495
66,23.12.2020,9,2020,True,har,0.0221322605361087,0.017848710238837683
66,24.12.2020,9,2020,True,har,0.0222332684815111,0.017391228603154098
66,28.12.2020,9,2020,True,har,0.0229069458568117,0.01667874285938123
66,29.12.2020,9,2020,True,har,0.0229198896364863,0.016737006979656972
66,30.12.2020,9,2020,True,har,0.0229230754185998,0.016167501271832068
66,31.12.2020,9,2020,True,har,0.0229136191902946,0.015915576480658153
66,02.01.2020,9,2020,True,har_ovx,0.0614301491885623,0.01607777162176401
66,03.01.2020,9,2020,True,har_ovx,0.0613769643515749,0.016283503235002054
66,06.01.2020,9,2020,True,har_ovx,0.0614634500978824,0.01789323153460741
66,07.01.2020,9,2020,True,har_ovx,0.0615125803418403,0.01807106778225988
66,08.01.2020,9,2020,True,har_ovx,0.0618158620631677,0.017809611432988016
66,09.01.2020,9,2020,True,har_ovx,0.0621639323726679,0.018202060839968816
66,10.01.2020,9,2020,True,har_ovx,0.0621963553174464,0.01848290979083156
66,13.01.2020,9,2020,True,har_ovx,0.06225610636954,0.01708178870422931
66,14.01.2020,9,2020,True,har_ovx,0.0630104819304353,0.01905307049541483
66,15.01.2020,9,2020,True,har_ovx,0.0709851922383865,0.018724019265674182
66,16.01.2020,9,2020,True,har_ovx,0.0714364080159666,0.018646135438389295
66,17.01.2020,9,2020,True,har_ovx,0.07181952851382,0.01682038018272067
66,21.01.2020,9,2020,True,har_ovx,0.0718535525265318,0.01621212869710582
66,22.01.2020,9,2020,True,har_ovx,0.0721509030210253,0.015744284411725585
66,23.01.2020,9,2020,True,har_ovx,0.0723241451292607,0.01727597315216605
66,24.01.2020,9,2020,True,har_ovx,0.0736594204968317,0.017897767660771828
66,27.01.2020,9,2020,True,har_ovx,0.075350679719208,0.019224024840238746
66,28.01.2020,9,2020,True,har_ovx,0.0756663962676665,0.020843649656807347
66,29.01.2020,9,2020,True,har_ovx,0.0758027669292677,0.020157980137321424
66,30.01.2020,9,2020,True,har_ovx,0.077759706312453,0.01979951306609696
66,31.01.2020,9,2020,True,har_ovx,0.0778509205637459,0.020711353668086848
66,03.02.2020,9,2020,True,har_ovx,0.0775385774917079,0.022144254494424434
66,04.02.2020,9,2020,True,har_ovx,0.0778813441407286,0.02286409064638606
66,05.02.2020,9,2020,True,har_ovx,0.0778962201401932,0.021626100771867475
66,06.02.2020,9,2020,True,har_ovx,0.0779391200627794,0.020813983493304825
66,07.02.2020,9,2020,True,har_ovx,0.0779688841534411,0.02008489071883446
66,10.02.2020,9,2020,True,har_ovx,0.0784770884365244,0.020630686002461974
66,11.02.2020,9,2020,True,har_ovx,0.0786854053132372,0.021453917022736125
66,12.02.2020,9,2020,True,har_ovx,0.0790950602658326,0.020680137345790904
66,13.02.2020,9,2020,True,har_ovx,0.0790674123841995,0.019684371212846222
66,14.02.2020,9,2020,True,har_ovx,0.0791532420491289,0.01979549849023382
66,18.02.2020,9,2020,True,har_ovx,0.0791566692832073,0.019847216104157146
66,19.02.2020,9,2020,True,har_ovx,0.0790972020383773,0.018627568266292346
66,20.02.2020,9,2020,True,har_ovx,0.0792177215686351,0.018022306812038903
66,21.02.2020,9,2020,True,har_ovx,0.0793175705432557,0.018467011378702363
66,24.02.2020,9,2020,True,har_ovx,0.0792774614706685,0.019828301689528226
66,25.02.2020,9,2020,True,har_ovx,0.0792543654885675,0.021661045029651115
66,26.02.2020,9,2020,True,har_ovx,0.0799400104759713,0.023151725427707513
66,27.02.2020,9,2020,True,har_ovx,0.0800346985745376,0.023634443071618973
66,28.02.2020,9,2020,True,har_ovx,0.0799655897365119,0.026702984974535243
66,02.03.2020,9,2020,True,har_ovx,0.0798821322028896,0.02764380160336401
66,03.03.2020,9,2020,True,har_ovx,0.0802236080348784,0.026085311895665705
66,04.03.2020,9,2020,True,har_ovx,0.0803155976846941,0.02735466369972778
66,05.03.2020,9,2020,True,har_ovx,0.0802945037602314,0.027263668154428725
66,06.03.2020,9,2020,True,har_ovx,0.0794090837491899,0.028284456993141877
66,09.03.2020,9,2020,True,har_ovx,0.0723262874739039,0.034482356673527136
66,10.03.2020,9,2020,True,har_ovx,0.0716644744455546,0.05982816479654343
66,11.03.2020,9,2020,True,har_ovx,0.0715529364539419,0.04791893723758789
66,12.03.2020,9,2020,True,har_ovx,0.0710016917538774,0.05413668626216299
66,13.03.2020,9,2020,True,har_ovx,0.0709836214664264,0.06339768786182444
66,16.03.2020,9,2020,True,har_ovx,0.0693539306018623,0.060808386350045616
66,17.03.2020,9,2020,True,har_ovx,0.0690861783479528,0.06614413927393467
66,18.03.2020,9,2020,True,har_ovx,0.0665228618920835,0.06862693563765238
66,19.03.2020,9,2020,True,har_ovx,0.0646510103080767,0.08559381110456268
66,20.03.2020,9,2020,True,har_ovx,0.0646829668735281,0.0839430093233134
66,23.03.2020,9,2020,True,har_ovx,0.0646977884241614,0.09707192824756035
66,24.03.2020,9,2020,True,har_ovx,0.0647032399948918,0.09482094296421377
66,25.03.2020,9,2020,True,har_ovx,0.0647152839933818,0.08731207078474701
66,26.03.2020,9,2020,True,har_ovx,0.0645151556790268,0.07382875028205406
66,27.03.2020,9,2020,True,har_ovx,0.0640728501761457,0.07705065534398776
66,30.03.2020,9,2020,True,har_ovx,0.0629005139198384,0.09014217813110377
66,31.03.2020,9,2020,True,har_ovx,0.0629006396244139,0.08929053512339619
66,01.04.2020,9,2020,True,har_ovx,0.0622154729406025,0.08736158110448942
66,02.04.2020,9,2020,True,har_ovx,0.0578897636726532,0.0814352207904386
66,03.04.2020,9,2020,True,har_ovx,0.0558375727561676,0.08309078564497449
66,06.04.2020,9,2020,True,har_ovx,0.0557066861542537,0.07238770840761982
66,07.04.2020,9,2020,True,har_ovx,0.0555155415123692,0.07382851869310393
66,08.04.2020,9,2020,True,har_ovx,0.0554236765534597,0.07125792179069437
66,09.04.2020,9,2020,True,har_ovx,0.0551543500781047,0.07243024672831663
66,13.04.2020,9,2020,True,har_ovx,0.0551821043506164,0.06667943617753808
66,14.04.2020,9,2020,True,har_ovx,0.0544075652841384,0.05897511901188097
66,15.04.2020,9,2020,True,har_ovx,0.0536513859829138,0.059549866354444
66,16.04.2020,9,2020,True,har_ovx,0.0536912903608951,0.062006181105450434
66,17.04.2020,9,2020,True,har_ovx,0.0536989176066117,0.05937346986457877
66,20.04.2020,9,2020,True,har_ovx,0.0523455818116527,0.049702605220492885
66,21.04.2020,9,2020,True,har_ovx,0.0380622355889709,0.11570485410654369
66,22.04.2020,9,2020,True,har_ovx,0.0377497118481508,0.1655570847749566
66,23.04.2020,9,2020,True,har_ovx,0.0375487510188869,0.12054458710243048
66,24.04.2020,9,2020,True,har_ovx,0.0375427264380049,0.10743856743645419
66,27.04.2020,9,2020,True,har_ovx,0.0363552360444536,0.08842460052699307
66,28.04.2020,9,2020,True,har_ovx,0.0363279874541337,0.09452725564058595
66,29.04.2020,9,2020,True,har_ovx,0.0347414574063427,0.10155128289317619
66,30.04.2020,9,2020,True,har_ovx,0.0322122832238631,0.0999332303528536
66,01.05.2020,9,2020,True,har_ovx,0.0319011379062547,0.0539801409310388
66,04.05.2020,9,2020,True,har_ovx,0.03182267097372,0.056657406175930555
66,05.05.2020,9,2020,True,har_ovx,0.0280434752343,0.05034001868798205
66,06.05.2020,9,2020,True,har_ovx,0.0274441090490987,0.05028515802965459
66,07.05.2020,9,2020,True,har_ovx,0.0274636774506127,0.0593041833148339
66,08.05.2020,9,2020,True,har_ovx,0.0269783269051664,0.05687998595404123
66,11.05.2020,9,2020,True,har_ovx,0.0263265036654858,0.050870015323479935
66,12.05.2020,9,2020,True,har_ovx,0.0263453989012888,0.05641421303875762
66,13.05.2020,9,2020,True,har_ovx,0.0260353412751133,0.04493821729854902
66,14.05.2020,9,2020,True,har_ovx,0.0250223329918874,0.04292937000518886
66,15.05.2020,9,2020,True,har_ovx,0.0245992044513767,0.04150467673681732
66,18.05.2020,9,2020,True,har_ovx,0.0233472587102093,0.039633968579836566
66,19.05.2020,9,2020,True,har_ovx,0.0234095495850209,0.039570349100816124
66,20.05.2020,9,2020,True,har_ovx,0.0232207320265854,0.038354095706453116
66,21.05.2020,9,2020,True,har_ovx,0.0232636793247593,0.03862668041227432
66,22.05.2020,9,2020,True,har_ovx,0.0229903414730147,0.04643310456132837
66,26.05.2020,9,2020,True,har_ovx,0.0228552877477837,0.04434378401878116
66,27.05.2020,9,2020,True,har_ovx,0.0222019368004042,0.03961698274481536
66,28.05.2020,9,2020,True,har_ovx,0.022153755400467,0.03877304963435012
66,29.05.2020,9,2020,True,har_ovx,0.0221539455646089,0.038328533483409546
66,01.06.2020,9,2020,True,har_ovx,0.0202319484663571,0.03646552999415526
66,02.06.2020,9,2020,True,har_ovx,0.0199222476040863,0.03400189297214976
66,03.06.2020,9,2020,True,har_ovx,0.0203534792664721,0.034127668595391444
66,04.06.2020,9,2020,True,har_ovx,0.0221396819803117,0.03474223453002145
66,05.06.2020,9,2020,True,har_ovx,0.0212371677555492,0.03445360766643347
66,08.06.2020,9,2020,True,har_ovx,0.0208856263263956,0.0340203647896905
66,09.06.2020,9,2020,True,har_ovx,0.0208618389693214,0.035528334437605065
66,10.06.2020,9,2020,True,har_ovx,0.0207991703035758,0.0358003684010579
66,11.06.2020,9,2020,True,har_ovx,0.0185501063458089,0.033422435044596424
66,12.06.2020,9,2020,True,har_ovx,0.0191910619125721,0.03685737065256067
66,15.06.2020,9,2020,True,har_ovx,0.0191914104181737,0.036987180882811416
66,16.06.2020,9,2020,True,har_ovx,0.01884304585595,0.03593271864281353
66,17.06.2020,9,2020,True,har_ovx,0.0194986485315646,0.035198742870096125
66,18.06.2020,9,2020,True,har_ovx,0.0193684350892848,0.032556480726891664
66,19.06.2020,9,2020,True,har_ovx,0.019263411315683,0.03262062842770818
66,22.06.2020,9,2020,True,har_ovx,0.0190914626735767,0.031293899312085365
66,23.06.2020,9,2020,True,har_ovx,0.0190497504497602,0.030309348411355276
66,24.06.2020,9,2020,True,har_ovx,0.0177882309396747,0.03134465769060642
66,25.06.2020,9,2020,True,har_ovx,0.0181455682485604,0.03441300955959954
66,26.06.2020,9,2020,True,har_ovx,0.0181469391145638,0.03323244955856103
66,29.06.2020,9,2020,True,har_ovx,0.0180264184415729,0.033730041892162686
66,30.06.2020,9,2020,True,har_ovx,0.018657060471202,0.031938903157035625
66,01.07.2020,9,2020,True,har_ovx,0.0195023386174721,0.030734689734296012
66,02.07.2020,9,2020,True,har_ovx,0.0196491157815082,0.028648712707970182
66,06.07.2020,9,2020,True,har_ovx,0.0197405221742276,0.02755870026760389
66,07.07.2020,9,2020,True,har_ovx,0.0201305954824548,0.027278427678134674
66,08.07.2020,9,2020,True,har_ovx,0.0201705280592576,0.0276251772028644
66,09.07.2020,9,2020,True,har_ovx,0.0202582240265231,0.026356139377077138
66,10.07.2020,9,2020,True,har_ovx,0.0202075079979758,0.028843192170452912
66,13.07.2020,9,2020,True,har_ovx,0.0203090448628157,0.026858966312625604
66,14.07.2020,9,2020,True,har_ovx,0.0203084415772527,0.02871913775159785
66,15.07.2020,9,2020,True,har_ovx,0.0201569397288424,0.028529690938256233
66,16.07.2020,9,2020,True,har_ovx,0.0201420474137785,0.025504774775573967
66,17.07.2020,9,2020,True,har_ovx,0.0201934833600245,0.025035572230315453
66,20.07.2020,9,2020,True,har_ovx,0.0206099747329304,0.022054510356788914
66,21.07.2020,9,2020,True,har_ovx,0.0205086569713906,0.02326214257355445
66,22.07.2020,9,2020,True,har_ovx,0.0205999102714001,0.022510448638863836
66,23.07.2020,9,2020,True,har_ovx,0.0207844785003196,0.02260205131574213
66,24.07.2020,9,2020,True,har_ovx,0.0209170580418487,0.02392959189966249
66,27.07.2020,9,2020,True,har_ovx,0.0218367751911586,0.023166569711768056
66,28.07.2020,9,2020,True,har_ovx,0.0222980698230532,0.02267115728892509
66,29.07.2020,9,2020,True,har_ovx,0.0222291148155841,0.02255652706325078
66,30.07.2020,9,2020,True,har_ovx,0.0227202381958099,0.021791264797452276
66,31.07.2020,9,2020,True,har_ovx,0.0228260452731703,0.02305681301899101
66,03.08.2020,9,2020,True,har_ovx,0.0231856910024567,0.02425666283716768
66,04.08.2020,9,2020,True,har_ovx,0.023179817939022,0.022795041878965177
66,05.08.2020,9,2020,True,har_ovx,0.0234791347965604,0.02213765021887628
66,06.08.2020,9,2020,True,har_ovx,0.0251916688371314,0.02053921905155347
66,07.08.2020,9,2020,True,har_ovx,0.0253761556883761,0.0207989284668863
66,10.08.2020,9,2020,True,har_ovx,0.0253271934733163,0.020709674095405438
66,11.08.2020,9,2020,True,har_ovx,0.025303442989039,0.019857827505656955
66,12.08.2020,9,2020,True,har_ovx,0.0252507572451184,0.02073956657873115
66,13.08.2020,9,2020,True,har_ovx,0.025406716029938,0.019344753439879896
66,14.08.2020,9,2020,True,har_ovx,0.0254040872667225,0.019398849950355394
66,17.08.2020,9,2020,True,har_ovx,0.0254101819097744,0.01951699777574188
66,18.08.2020,9,2020,True,har_ovx,0.0254108154837159,0.018170057187892778
66,19.08.2020,9,2020,True,har_ovx,0.025500697515226,0.017807047662570623
66,20.08.2020,9,2020,True,har_ovx,0.0256412499735268,0.0184033916995309
66,21.08.2020,9,2020,True,har_ovx,0.0260104780735939,0.018409021553404833
66,24.08.2020,9,2020,True,har_ovx,0.0259933524265822,0.01883160918749491
66,25.08.2020,9,2020,True,har_ovx,0.0259543114588378,0.018099875923592017
66,26.08.2020,9,2020,True,har_ovx,0.0259954964553537,0.018483061604491376
66,27.08.2020,9,2020,True,har_ovx,0.0259522204771373,0.018858839202121086
66,28.08.2020,9,2020,True,har_ovx,0.0260313605409337,0.018842880260623578
66,31.08.2020,9,2020,True,har_ovx,0.0260475089416532,0.017989268057896635
66,01.09.2020,9,2020,True,har_ovx,0.026067542673,0.01827615146452344
66,02.09.2020,9,2020,True,har_ovx,0.025887843243083,0.01785714787985061
66,03.09.2020,9,2020,True,har_ovx,0.0258603745179025,0.019743815028950906
66,04.09.2020,9,2020,True,har_ovx,0.0255081099476174,0.022663284317237048
66,08.09.2020,9,2020,True,har_ovx,0.0240660099146181,0.024040905602853952
66,09.09.2020,9,2020,True,har_ovx,0.0239395562313489,0.029992016921520953
66,10.09.2020,9,2020,True,har_ovx,0.0237962151951121,0.02664153995564989
66,11.09.2020,9,2020,True,har_ovx,0.0237788019584822,0.028030158943694726
66,14.09.2020,9,2020,True,har_ovx,0.0237528496926212,0.026991052890759124
66,15.09.2020,9,2020,True,har_ovx,0.0236393584665932,0.026627184413025265
66,16.09.2020,9,2020,True,har_ovx,0.023220943276629,0.024551457246142504
66,17.09.2020,9,2020,True,har_ovx,0.0233330976529488,0.022469056565895224
66,18.09.2020,9,2020,True,har_ovx,0.0234381019801691,0.02124494216338864
66,21.09.2020,9,2020,True,har_ovx,0.0229447243238565,0.021402063556157785
66,22.09.2020,9,2020,True,har_ovx,0.0229411245159888,0.02331270955059139
66,23.09.2020,9,2020,True,har_ovx,0.0229840795385121,0.022476110247459487
66,24.09.2020,9,2020,True,har_ovx,0.0229844714947273,0.024201797341714012
66,25.09.2020,9,2020,True,har_ovx,0.0229814996765325,0.023327849138351498
66,28.09.2020,9,2020,True,har_ovx,0.0229656517957668,0.022580171556071532
66,29.09.2020,9,2020,True,har_ovx,0.022607612519526,0.02224819431836996
66,30.09.2020,9,2020,True,har_ovx,0.0232540272249896,0.024995454116752417
66,01.10.2020,9,2020,True,har_ovx,0.0232723922661007,0.023892230615053387
66,02.10.2020,9,2020,True,har_ovx,0.0225651837974329,0.026606960349379608
66,05.10.2020,9,2020,True,har_ovx,0.0220603410348388,0.02972738364997636
66,06.10.2020,9,2020,True,har_ovx,0.0218205740029284,0.026595468716784282
66,07.10.2020,9,2020,True,har_ovx,0.0217329512709225,0.025182371491455868
66,08.10.2020,9,2020,True,har_ovx,0.0215295320378597,0.024608192102287218
66,09.10.2020,9,2020,True,har_ovx,0.0214465930467598,0.022407908655944903
66,12.10.2020,9,2020,True,har_ovx,0.0213821711845794,0.023044749942970115
66,13.10.2020,9,2020,True,har_ovx,0.0213575037443446,0.02389495795265194
66,14.10.2020,9,2020,True,har_ovx,0.021262471288079,0.02492984894328506
66,15.10.2020,9,2020,True,har_ovx,0.0212459854134967,0.023657502206866972
66,16.10.2020,9,2020,True,har_ovx,0.0213109622924301,0.02381774493234718
66,19.10.2020,9,2020,True,har_ovx,0.0212725682718079,0.023937641680887595
66,20.10.2020,9,2020,True,har_ovx,0.0212503213724063,0.023617136398930698
66,21.10.2020,9,2020,True,har_ovx,0.0207381947559888,0.023877355598786485
66,22.10.2020,9,2020,True,har_ovx,0.0207062937669872,0.025756406061357696
66,23.10.2020,9,2020,True,har_ovx,0.0205492699712568,0.025236543408690797
66,26.10.2020,9,2020,True,har_ovx,0.0200472894247045,0.025082953543839593
66,27.10.2020,9,2020,True,har_ovx,0.0200619088454254,0.028486533800237447
66,28.10.2020,9,2020,True,har_ovx,0.0188135850683552,0.02704357548905799
66,29.10.2020,9,2020,True,har_ovx,0.0179770585464309,0.03178552704125739
66,30.10.2020,9,2020,True,har_ovx,0.0179171795257202,0.03368689465216839
66,02.11.2020,9,2020,True,har_ovx,0.0175327042446664,0.036434721982234755
66,03.11.2020,9,2020,True,har_ovx,0.0174691564362754,0.0353687617048948
66,04.11.2020,9,2020,True,har_ovx,0.0170330316743717,0.03378859931584551
66,05.11.2020,9,2020,True,har_ovx,0.0170115004704579,0.02919903837033545
66,06.11.2020,9,2020,True,har_ovx,0.0162375405310011,0.028795031936789946
66,09.11.2020,9,2020,True,har_ovx,0.0140880757760186,0.029817855457243247
66,10.11.2020,9,2020,True,har_ovx,0.0138679374351693,0.027973648547053077
66,11.11.2020,9,2020,True,har_ovx,0.0139491206958006,0.026635833089548627
66,12.11.2020,9,2020,True,har_ovx,0.0141312409268854,0.026420518579352723
66,13.11.2020,9,2020,True,har_ovx,0.0143349929048212,0.027263257916941105
66,16.11.2020,9,2020,True,har_ovx,0.0141738397297982,0.02594094037245758
66,17.11.2020,9,2020,True,har_ovx,0.0143345299675883,0.025314499547829345
66,18.11.2020,9,2020,True,har_ovx,0.0143488218560663,0.02439457873840256
66,19.11.2020,9,2020,True,har_ovx,0.0144648220774554,0.024906216591700805
66,20.11.2020,9,2020,True,har_ovx,0.0153646201838776,0.025042454667848487
66,23.11.2020,9,2020,True,har_ovx,0.0153933916500757,0.023853626832152492
66,24.11.2020,9,2020,True,har_ovx,0.0149624237512532,0.02328509812683866
66,25.11.2020,9,2020,True,har_ovx,0.015563197748196,0.02330346211190681
66,27.11.2020,9,2020,True,har_ovx,0.0160088308208904,0.023682537928820212
66,30.11.2020,9,2020,True,har_ovx,0.0160839359071546,0.025032518510089558
66,01.12.2020,9,2020,True,har_ovx,0.0161677554786164,0.025604210510086715
66,02.12.2020,9,2020,True,har_ovx,0.0160981594403125,0.025828128270600444
66,03.12.2020,9,2020,True,har_ovx,0.0162773106167343,0.02478570701290382
66,04.12.2020,9,2020,True,har_ovx,0.0163208714063688,0.022396090196762645
66,07.12.2020,9,2020,True,har_ovx,0.0162688887950943,0.021079671433338203
66,08.12.2020,9,2020,True,har_ovx,0.0163322256911529,0.02076811828446159
66,09.12.2020,9,2020,True,har_ovx,0.0163766701464354,0.020828871865776966
66,10.12.2020,9,2020,True,har_ovx,0.0186757849621394,0.02176533338525738
66,11.12.2020,9,2020,True,har_ovx,0.0187440827835339,0.02185031980074063
66,14.12.2020,9,2020,True,har_ovx,0.0187438696176152,0.021734089089273576
66,15.12.2020,9,2020,True,har_ovx,0.0203594297948577,0.021979264574363135
66,16.12.2020,9,2020,True,har_ovx,0.0214574005176649,0.021673295760419643
66,17.12.2020,9,2020,True,har_ovx,0.0220747614048219,0.021340021131076515
66,18.12.2020,9,2020,True,har_ovx,0.0225370247013168,0.020441535378611556
66,21.12.2020,9,2020,True,har_ovx,0.0222383610853404,0.020604222194630567
66,22.12.2020,9,2020,True,har_ovx,0.0221945919770243,0.02278477649718604
66,23.12.2020,9,2020,True,har_ovx,0.0221322605361087,0.023023782068653784
66,24.12.2020,9,2020,True,har_ovx,0.0222332684815111,0.02193289469765375
66,28.12.2020,9,2020,True,har_ovx,0.0229069458568117,0.021677336792130374
66,29.12.2020,9,2020,True,har_ovx,0.0229198896364863,0.021821159691822294
66,30.12.2020,9,2020,True,har_ovx,0.0229230754185998,0.021314338740622187
66,31.12.2020,9,2020,True,har_ovx,0.0229136191902946,0.02100900370547447
66,02.01.2020,9,2020,True,har_gpr,0.0614301491885623,0.018423493798854655
66,03.01.2020,9,2020,True,har_gpr,0.0613769643515749,0.01748780967184911
66,06.01.2020,9,2020,True,har_gpr,0.0614634500978824,0.01865234902818679
66,07.01.2020,9,2020,True,har_gpr,0.0615125803418403,0.015208483593101264
66,08.01.2020,9,2020,True,har_gpr,0.0618158620631677,0.015379662597917312
66,09.01.2020,9,2020,True,har_gpr,0.0621639323726679,0.018063305195478954
66,10.01.2020,9,2020,True,har_gpr,0.0621963553174464,0.016993339444363622
66,13.01.2020,9,2020,True,har_gpr,0.06225610636954,0.016498396294557637
66,14.01.2020,9,2020,True,har_gpr,0.0630104819304353,0.018408777342457282
66,15.01.2020,9,2020,True,har_gpr,0.0709851922383865,0.01815361641405829
66,16.01.2020,9,2020,True,har_gpr,0.0714364080159666,0.01753754854417366
66,17.01.2020,9,2020,True,har_gpr,0.07181952851382,0.017715431698361424
66,21.01.2020,9,2020,True,har_gpr,0.0718535525265318,0.017574294443796105
66,22.01.2020,9,2020,True,har_gpr,0.0721509030210253,0.016693283406957034
66,23.01.2020,9,2020,True,har_gpr,0.0723241451292607,0.017740926170280162
66,24.01.2020,9,2020,True,har_gpr,0.0736594204968317,0.01793162444756749
66,27.01.2020,9,2020,True,har_gpr,0.075350679719208,0.017931191300808124
66,28.01.2020,9,2020,True,har_gpr,0.0756663962676665,0.018107365709456265
66,29.01.2020,9,2020,True,har_gpr,0.0758027669292677,0.017789773212623643
66,30.01.2020,9,2020,True,har_gpr,0.077759706312453,0.018028826612126174
66,31.01.2020,9,2020,True,har_gpr,0.0778509205637459,0.018237372817727145
66,03.02.2020,9,2020,True,har_gpr,0.0775385774917079,0.017530566428050558
66,04.02.2020,9,2020,True,har_gpr,0.0778813441407286,0.02176384274986046
66,05.02.2020,9,2020,True,har_gpr,0.0778962201401932,0.020011345691712992
66,06.02.2020,9,2020,True,har_gpr,0.0779391200627794,0.021583456580859015
66,07.02.2020,9,2020,True,har_gpr,0.0779688841534411,0.02037383740736845
66,10.02.2020,9,2020,True,har_gpr,0.0784770884365244,0.020361979140452204
66,11.02.2020,9,2020,True,har_gpr,0.0786854053132372,0.019588142399262726
66,12.02.2020,9,2020,True,har_gpr,0.0790950602658326,0.019823997778145464
66,13.02.2020,9,2020,True,har_gpr,0.0790674123841995,0.021439412958658016
66,14.02.2020,9,2020,True,har_gpr,0.0791532420491289,0.021007393622900893
66,18.02.2020,9,2020,True,har_gpr,0.0791566692832073,0.02131981369177999
66,19.02.2020,9,2020,True,har_gpr,0.0790972020383773,0.019968797285054563
66,20.02.2020,9,2020,True,har_gpr,0.0792177215686351,0.020881507199191345
66,21.02.2020,9,2020,True,har_gpr,0.0793175705432557,0.020075772915956983
66,24.02.2020,9,2020,True,har_gpr,0.0792774614706685,0.020650495013623142
66,25.02.2020,9,2020,True,har_gpr,0.0792543654885675,0.02300246446078304
66,26.02.2020,9,2020,True,har_gpr,0.0799400104759713,0.02270524868243916
66,27.02.2020,9,2020,True,har_gpr,0.0800346985745376,0.022571377381157127
66,28.02.2020,9,2020,True,har_gpr,0.0799655897365119,0.022138526175470567
66,02.03.2020,9,2020,True,har_gpr,0.0798821322028896,0.022351397543377886
66,03.03.2020,9,2020,True,har_gpr,0.0802236080348784,0.02385259976628363
66,04.03.2020,9,2020,True,har_gpr,0.0803155976846941,0.021064191295941545
66,05.03.2020,9,2020,True,har_gpr,0.0802945037602314,0.021370382186915712
66,06.03.2020,9,2020,True,har_gpr,0.0794090837491899,0.02130508741363
66,09.03.2020,9,2020,True,har_gpr,0.0723262874739039,0.029125090932378417
66,10.03.2020,9,2020,True,har_gpr,0.0716644744455546,0.055764725051093665
66,11.03.2020,9,2020,True,har_gpr,0.0715529364539419,0.05379449464617177
66,12.03.2020,9,2020,True,har_gpr,0.0710016917538774,0.05249203219158655
66,13.03.2020,9,2020,True,har_gpr,0.0709836214664264,0.05314330092575103
66,16.03.2020,9,2020,True,har_gpr,0.0693539306018623,0.0522474789030505
66,17.03.2020,9,2020,True,har_gpr,0.0690861783479528,0.052602724533050184
66,18.03.2020,9,2020,True,har_gpr,0.0665228618920835,0.04873134134397003
66,19.03.2020,9,2020,True,har_gpr,0.0646510103080767,0.05337127340598903
66,20.03.2020,9,2020,True,har_gpr,0.0646829668735281,0.060875106523290805
66,23.03.2020,9,2020,True,har_gpr,0.0646977884241614,0.05853239079576656
66,24.03.2020,9,2020,True,har_gpr,0.0647032399948918,0.05645902854435295
66,25.03.2020,9,2020,True,har_gpr,0.0647152839933818,0.05672953944656797
66,26.03.2020,9,2020,True,har_gpr,0.0645151556790268,0.055183486788833065
66,27.03.2020,9,2020,True,har_gpr,0.0640728501761457,0.0534769945695762
66,30.03.2020,9,2020,True,har_gpr,0.0629005139198384,0.05397564720337593
66,31.03.2020,9,2020,True,har_gpr,0.0629006396244139,0.05564257148302906
66,01.04.2020,9,2020,True,har_gpr,0.0622154729406025,0.05324582276372697
66,02.04.2020,9,2020,True,har_gpr,0.0578897636726532,0.0591850201995285
66,03.04.2020,9,2020,True,har_gpr,0.0558375727561676,0.07151224021668423
66,06.04.2020,9,2020,True,har_gpr,0.0557066861542537,0.07184701890041471
66,07.04.2020,9,2020,True,har_gpr,0.0555155415123692,0.05929509120398383
66,08.04.2020,9,2020,True,har_gpr,0.0554236765534597,0.058978679138725794
66,09.04.2020,9,2020,True,har_gpr,0.0551543500781047,0.058885529547931255
66,13.04.2020,9,2020,True,har_gpr,0.0551821043506164,0.05699006690512171
66,14.04.2020,9,2020,True,har_gpr,0.0544075652841384,0.053307023671853505
66,15.04.2020,9,2020,True,har_gpr,0.0536513859829138,0.053970645773257366
66,16.04.2020,9,2020,True,har_gpr,0.0536912903608951,0.054558032137230504
66,17.04.2020,9,2020,True,har_gpr,0.0536989176066117,0.048964756642886145
66,20.04.2020,9,2020,True,har_gpr,0.0523455818116527,0.046120988217121524
66,21.04.2020,9,2020,True,har_gpr,0.0380622355889709,0.04942866370809395
66,22.04.2020,9,2020,True,har_gpr,0.0377497118481508,0.07011696601693097
66,23.04.2020,9,2020,True,har_gpr,0.0375487510188869,0.06580084306245756
66,24.04.2020,9,2020,True,har_gpr,0.0375427264380049,0.06643695230512561
66,27.04.2020,9,2020,True,har_gpr,0.0363552360444536,0.06528773326018374
66,28.04.2020,9,2020,True,har_gpr,0.0363279874541337,0.06712442829567336
66,29.04.2020,9,2020,True,har_gpr,0.0347414574063427,0.059724637426195444
66,30.04.2020,9,2020,True,har_gpr,0.0322122832238631,0.06370154664793165
66,01.05.2020,9,2020,True,har_gpr,0.0319011379062547,0.06576282550443648
66,04.05.2020,9,2020,True,har_gpr,0.03182267097372,0.05897140980703207
66,05.05.2020,9,2020,True,har_gpr,0.0280434752343,0.053930755174931816
66,06.05.2020,9,2020,True,har_gpr,0.0274441090490987,0.05947335294740525
66,07.05.2020,9,2020,True,har_gpr,0.0274636774506127,0.05876968560235636
66,08.05.2020,9,2020,True,har_gpr,0.0269783269051664,0.057489380172558655
66,11.05.2020,9,2020,True,har_gpr,0.0263265036654858,0.05875872571760028
66,12.05.2020,9,2020,True,har_gpr,0.0263453989012888,0.05974399264005404
66,13.05.2020,9,2020,True,har_gpr,0.0260353412751133,0.05615904768716375
66,14.05.2020,9,2020,True,har_gpr,0.0250223329918874,0.055798364625621426
66,15.05.2020,9,2020,True,har_gpr,0.0245992044513767,0.057951181727809456
66,18.05.2020,9,2020,True,har_gpr,0.0233472587102093,0.05751828477831712
66,19.05.2020,9,2020,True,har_gpr,0.0234095495850209,0.056773058862723595
66,20.05.2020,9,2020,True,har_gpr,0.0232207320265854,0.0381928812108708
66,21.05.2020,9,2020,True,har_gpr,0.0232636793247593,0.037946663822182564
66,22.05.2020,9,2020,True,har_gpr,0.0229903414730147,0.03731698245563213
66,26.05.2020,9,2020,True,har_gpr,0.0228552877477837,0.03877914363892333
66,27.05.2020,9,2020,True,har_gpr,0.0222019368004042,0.03480282320285673
66,28.05.2020,9,2020,True,har_gpr,0.022153755400467,0.03682740385784328
66,29.05.2020,9,2020,True,har_gpr,0.0221539455646089,0.034641906411527666
66,01.06.2020,9,2020,True,har_gpr,0.0202319484663571,0.03176484916117828
66,02.06.2020,9,2020,True,har_gpr,0.0199222476040863,0.03604632345698787
66,03.06.2020,9,2020,True,har_gpr,0.0203534792664721,0.0348183442834094
66,04.06.2020,9,2020,True,har_gpr,0.0221396819803117,0.029306388875294916
66,05.06.2020,9,2020,True,har_gpr,0.0212371677555492,0.028306473436306857
66,08.06.2020,9,2020,True,har_gpr,0.0208856263263956,0.029923922615566104
66,09.06.2020,9,2020,True,har_gpr,0.0208618389693214,0.030235693780606736
66,10.06.2020,9,2020,True,har_gpr,0.0207991703035758,0.028154894597336836
66,11.06.2020,9,2020,True,har_gpr,0.0185501063458089,0.028255600177132016
66,12.06.2020,9,2020,True,har_gpr,0.0191910619125721,0.0336597415056381
66,15.06.2020,9,2020,True,har_gpr,0.0191914104181737,0.030107278733591054
66,16.06.2020,9,2020,True,har_gpr,0.01884304585595,0.030216357948517035
66,17.06.2020,9,2020,True,har_gpr,0.0194986485315646,0.029409606786751273
66,18.06.2020,9,2020,True,har_gpr,0.0193684350892848,0.028747043397982702
66,19.06.2020,9,2020,True,har_gpr,0.019263411315683,0.02717405440749434
66,22.06.2020,9,2020,True,har_gpr,0.0190914626735767,0.027052822715719647
66,23.06.2020,9,2020,True,har_gpr,0.0190497504497602,0.02656809801550087
66,24.06.2020,9,2020,True,har_gpr,0.0177882309396747,0.026384079474287774
66,25.06.2020,9,2020,True,har_gpr,0.0181455682485604,0.029298671194312426
66,26.06.2020,9,2020,True,har_gpr,0.0181469391145638,0.02833072820971755
66,29.06.2020,9,2020,True,har_gpr,0.0180264184415729,0.02779620812704473
66,30.06.2020,9,2020,True,har_gpr,0.018657060471202,0.026599329570877805
66,01.07.2020,9,2020,True,har_gpr,0.0195023386174721,0.026283328715698006
66,02.07.2020,9,2020,True,har_gpr,0.0196491157815082,0.02569303167712719
66,06.07.2020,9,2020,True,har_gpr,0.0197405221742276,0.026138062661069644
66,07.07.2020,9,2020,True,har_gpr,0.0201305954824548,0.02376571032583863
66,08.07.2020,9,2020,True,har_gpr,0.0201705280592576,0.023080448535002566
66,09.07.2020,9,2020,True,har_gpr,0.0202582240265231,0.022933443926166405
66,10.07.2020,9,2020,True,har_gpr,0.0202075079979758,0.023849031001273488
66,13.07.2020,9,2020,True,har_gpr,0.0203090448628157,0.02016814388715519
66,14.07.2020,9,2020,True,har_gpr,0.0203084415772527,0.020272331850165276
66,15.07.2020,9,2020,True,har_gpr,0.0201569397288424,0.019806561082276436
66,16.07.2020,9,2020,True,har_gpr,0.0201420474137785,0.020093300704600546
66,17.07.2020,9,2020,True,har_gpr,0.0201934833600245,0.019657456750483242
66,20.07.2020,9,2020,True,har_gpr,0.0206099747329304,0.019244774551507637
66,21.07.2020,9,2020,True,har_gpr,0.0205086569713906,0.018521066902606777
66,22.07.2020,9,2020,True,har_gpr,0.0205999102714001,0.019340638385507543
66,23.07.2020,9,2020,True,har_gpr,0.0207844785003196,0.018522465695359574
66,24.07.2020,9,2020,True,har_gpr,0.0209170580418487,0.017157560995399817
66,27.07.2020,9,2020,True,har_gpr,0.0218367751911586,0.01639032810467073
66,28.07.2020,9,2020,True,har_gpr,0.0222980698230532,0.016300468180287186
66,29.07.2020,9,2020,True,har_gpr,0.0222291148155841,0.01583896727065087
66,30.07.2020,9,2020,True,har_gpr,0.0227202381958099,0.016058032629342866
66,31.07.2020,9,2020,True,har_gpr,0.0228260452731703,0.016200374721340987
66,03.08.2020,9,2020,True,har_gpr,0.0231856910024567,0.015424394976426909
66,04.08.2020,9,2020,True,har_gpr,0.023179817939022,0.01698416877762536
66,05.08.2020,9,2020,True,har_gpr,0.0234791347965604,0.01662778810819751
66,06.08.2020,9,2020,True,har_gpr,0.0251916688371314,0.01712129828284391
66,07.08.2020,9,2020,True,har_gpr,0.0253761556883761,0.015778507545285814
66,10.08.2020,9,2020,True,har_gpr,0.0253271934733163,0.016445378408310413
66,11.08.2020,9,2020,True,har_gpr,0.025303442989039,0.016131830690723457
66,12.08.2020,9,2020,True,har_gpr,0.0252507572451184,0.016328631828951508
66,13.08.2020,9,2020,True,har_gpr,0.025406716029938,0.01666122804195375
66,14.08.2020,9,2020,True,har_gpr,0.0254040872667225,0.016466671030684103
66,17.08.2020,9,2020,True,har_gpr,0.0254101819097744,0.016150199374863047
66,18.08.2020,9,2020,True,har_gpr,0.0254108154837159,0.016194048572436844
66,19.08.2020,9,2020,True,har_gpr,0.025500697515226,0.015322508789253885
66,20.08.2020,9,2020,True,har_gpr,0.0256412499735268,0.015087914083993209
66,21.08.2020,9,2020,True,har_gpr,0.0260104780735939,0.014838174104201095
66,24.08.2020,9,2020,True,har_gpr,0.0259933524265822,0.01519652767586977
66,25.08.2020,9,2020,True,har_gpr,0.0259543114588378,0.015335613058222218
66,26.08.2020,9,2020,True,har_gpr,0.0259954964553537,0.015584643550293218
66,27.08.2020,9,2020,True,har_gpr,0.0259522204771373,0.015269459932490107
66,28.08.2020,9,2020,True,har_gpr,0.0260313605409337,0.015235618778222356
66,31.08.2020,9,2020,True,har_gpr,0.0260475089416532,0.014808855329092702
66,01.09.2020,9,2020,True,har_gpr,0.026067542673,0.015071523684232646
66,02.09.2020,9,2020,True,har_gpr,0.025887843243083,0.014931411371709863
66,03.09.2020,9,2020,True,har_gpr,0.0258603745179025,0.016213104719801277
66,04.09.2020,9,2020,True,har_gpr,0.0255081099476174,0.015794073843371965
66,08.09.2020,9,2020,True,har_gpr,0.0240660099146181,0.01746142167459419
66,09.09.2020,9,2020,True,har_gpr,0.0239395562313489,0.02184653421140016
66,10.09.2020,9,2020,True,har_gpr,0.0237962151951121,0.021606082256792357
66,11.09.2020,9,2020,True,har_gpr,0.0237788019584822,0.021101842797133327
66,14.09.2020,9,2020,True,har_gpr,0.0237528496926212,0.020787665968464764
66,15.09.2020,9,2020,True,har_gpr,0.0236393584665932,0.02126161466922832
66,16.09.2020,9,2020,True,har_gpr,0.023220943276629,0.021078986874101688
66,17.09.2020,9,2020,True,har_gpr,0.0233330976529488,0.023035345156399677
66,18.09.2020,9,2020,True,har_gpr,0.0234381019801691,0.022846495592525863
66,21.09.2020,9,2020,True,har_gpr,0.0229447243238565,0.02221433630969636
66,22.09.2020,9,2020,True,har_gpr,0.0229411245159888,0.0243487991730562
66,23.09.2020,9,2020,True,har_gpr,0.0229840795385121,0.02324896935403839
66,24.09.2020,9,2020,True,har_gpr,0.0229844714947273,0.022485290167437385
66,25.09.2020,9,2020,True,har_gpr,0.0229814996765325,0.022316312693222977
66,28.09.2020,9,2020,True,har_gpr,0.0229656517957668,0.022204659317290522
66,29.09.2020,9,2020,True,har_gpr,0.022607612519526,0.021540089130474158
66,30.09.2020,9,2020,True,har_gpr,0.0232540272249896,0.0232659374809209
66,01.10.2020,9,2020,True,har_gpr,0.0232723922661007,0.022378202672416973
66,02.10.2020,9,2020,True,har_gpr,0.0225651837974329,0.022103299929121082
66,05.10.2020,9,2020,True,har_gpr,0.0220603410348388,0.024191031859143057
66,06.10.2020,9,2020,True,har_gpr,0.0218205740029284,0.025896704108763095
66,07.10.2020,9,2020,True,har_gpr,0.0217329512709225,0.023418994513295835
66,08.10.2020,9,2020,True,har_gpr,0.0215295320378597,0.022975045460284935
66,09.10.2020,9,2020,True,har_gpr,0.0214465930467598,0.02369943698630731
66,12.10.2020,9,2020,True,har_gpr,0.0213821711845794,0.022697610458378613
66,13.10.2020,9,2020,True,har_gpr,0.0213575037443446,0.023431114900231934
66,14.10.2020,9,2020,True,har_gpr,0.021262471288079,0.023210322324956508
66,15.10.2020,9,2020,True,har_gpr,0.0212459854134967,0.022663838924813093
66,16.10.2020,9,2020,True,har_gpr,0.0213109622924301,0.021642329250977272
66,19.10.2020,9,2020,True,har_gpr,0.0212725682718079,0.021655033711944858
66,20.10.2020,9,2020,True,har_gpr,0.0212503213724063,0.020836989384241517
66,21.10.2020,9,2020,True,har_gpr,0.0207381947559888,0.02096794559619422
66,22.10.2020,9,2020,True,har_gpr,0.0207062937669872,0.022454004124176388
66,23.10.2020,9,2020,True,har_gpr,0.0205492699712568,0.02239735210334101
66,26.10.2020,9,2020,True,har_gpr,0.0200472894247045,0.022575485490283338
66,27.10.2020,9,2020,True,har_gpr,0.0200619088454254,0.023019875484041524
66,28.10.2020,9,2020,True,har_gpr,0.0188135850683552,0.02238671969961955
66,29.10.2020,9,2020,True,har_gpr,0.0179770585464309,0.024883804574688518
66,30.10.2020,9,2020,True,har_gpr,0.0179171795257202,0.02488360824960413
66,02.11.2020,9,2020,True,har_gpr,0.0175327042446664,0.023408454126971717
66,03.11.2020,9,2020,True,har_gpr,0.0174691564362754,0.02504457842807136
66,04.11.2020,9,2020,True,har_gpr,0.0170330316743717,0.02411136022325757
66,05.11.2020,9,2020,True,har_gpr,0.0170115004704579,0.02498164642246925
66,06.11.2020,9,2020,True,har_gpr,0.0162375405310011,0.023021573586848077
66,09.11.2020,9,2020,True,har_gpr,0.0140880757760186,0.024924209519120426
66,10.11.2020,9,2020,True,har_gpr,0.0138679374351693,0.02840266219385887
66,11.11.2020,9,2020,True,har_gpr,0.0139491206958006,0.027487588268255737
66,12.11.2020,9,2020,True,har_gpr,0.0141312409268854,0.0266532614340688
66,13.11.2020,9,2020,True,har_gpr,0.0143349929048212,0.026704180249722875
66,16.11.2020,9,2020,True,har_gpr,0.0141738397297982,0.026789409971681624
66,17.11.2020,9,2020,True,har_gpr,0.0143345299675883,0.02651474415437134
66,18.11.2020,9,2020,True,har_gpr,0.0143488218560663,0.02563284175538436
66,19.11.2020,9,2020,True,har_gpr,0.0144648220774554,0.025519290863009376
66,20.11.2020,9,2020,True,har_gpr,0.0153646201838776,0.02515334078459436
66,23.11.2020,9,2020,True,har_gpr,0.0153933916500757,0.025187982852817762
66,24.11.2020,9,2020,True,har_gpr,0.0149624237512532,0.024611463879234595
66,25.11.2020,9,2020,True,har_gpr,0.015563197748196,0.025554808798550807
66,27.11.2020,9,2020,True,har_gpr,0.0160088308208904,0.023250665883989864
66,30.11.2020,9,2020,True,har_gpr,0.0160839359071546,0.022142236860627683
66,01.12.2020,9,2020,True,har_gpr,0.0161677554786164,0.022428938249382198
66,02.12.2020,9,2020,True,har_gpr,0.0160981594403125,0.02184245554743896
66,03.12.2020,9,2020,True,har_gpr,0.0162773106167343,0.02174496553632536
66,04.12.2020,9,2020,True,har_gpr,0.0163208714063688,0.02101083029106409
66,07.12.2020,9,2020,True,har_gpr,0.0162688887950943,0.0208730251620388
66,08.12.2020,9,2020,True,har_gpr,0.0163322256911529,0.01942665826227366
66,09.12.2020,9,2020,True,har_gpr,0.0163766701464354,0.01627640749609797
66,10.12.2020,9,2020,True,har_gpr,0.0186757849621394,0.015738327653768827
66,11.12.2020,9,2020,True,har_gpr,0.0187440827835339,0.01723435876684606
66,14.12.2020,9,2020,True,har_gpr,0.0187438696176152,0.01667457399639736
66,15.12.2020,9,2020,True,har_gpr,0.0203594297948577,0.0166279425626828
66,16.12.2020,9,2020,True,har_gpr,0.0214574005176649,0.016434353305532147
66,17.12.2020,9,2020,True,har_gpr,0.0220747614048219,0.016240548010298138
66,18.12.2020,9,2020,True,har_gpr,0.0225370247013168,0.01588370941844172
66,21.12.2020,9,2020,True,har_gpr,0.0222383610853404,0.01581547090709945
66,22.12.2020,9,2020,True,har_gpr,0.0221945919770243,0.01765625611579083
66,23.12.2020,9,2020,True,har_gpr,0.0221322605361087,0.017579122671588725
66,24.12.2020,9,2020,True,har_gpr,0.0222332684815111,0.017135264591193255
66,28.12.2020,9,2020,True,har_gpr,0.0229069458568117,0.016434970665601192
66,29.12.2020,9,2020,True,har_gpr,0.0229198896364863,0.016496413665281446
66,30.12.2020,9,2020,True,har_gpr,0.0229230754185998,0.01591929721702165
66,31.12.2020,9,2020,True,har_gpr,0.0229136191902946,0.01565657031862009
66,02.01.2020,9,2020,True,har_x,0.0614301491885623,0.016241799516577202
66,03.01.2020,9,2020,True,har_x,0.0613769643515749,0.016449199084874695
66,06.01.2020,9,2020,True,har_x,0.0614634500978824,0.018063029439520782
66,07.01.2020,9,2020,True,har_x,0.0615125803418403,0.018981882710854745
66,08.01.2020,9,2020,True,har_x,0.0618158620631677,0.01871886633047323
66,09.01.2020,9,2020,True,har_x,0.0621639323726679,0.01910383391516248
66,10.01.2020,9,2020,True,har_x,0.0621963553174464,0.01938600622701253
66,13.01.2020,9,2020,True,har_x,0.06225610636954,0.01798386293509678
66,14.01.2020,9,2020,True,har_x,0.0630104819304353,0.01936795517749791
66,15.01.2020,9,2020,True,har_x,0.0709851922383865,0.019037087996913376
66,16.01.2020,9,2020,True,har_x,0.0714364080159666,0.018965409332559077
66,17.01.2020,9,2020,True,har_x,0.07181952851382,0.017129818947600232
66,21.01.2020,9,2020,True,har_x,0.0718535525265318,0.01651863609262164
66,22.01.2020,9,2020,True,har_x,0.0721509030210253,0.015907337968181667
66,23.01.2020,9,2020,True,har_x,0.0723241451292607,0.017442014479546644
66,24.01.2020,9,2020,True,har_x,0.0736594204968317,0.018064962939304027
66,27.01.2020,9,2020,True,har_x,0.075350679719208,0.019398363802451475
66,28.01.2020,9,2020,True,har_x,0.0756663962676665,0.020677001246121027
66,29.01.2020,9,2020,True,har_x,0.0758027669292677,0.0199863453932639
66,30.01.2020,9,2020,True,har_x,0.077759706312453,0.019624509957226883
66,31.01.2020,9,2020,True,har_x,0.0778509205637459,0.02054185124916419
66,03.02.2020,9,2020,True,har_x,0.0775385774917079,0.021982030383982217
66,04.02.2020,9,2020,True,har_x,0.0778813441407286,0.022911186896593654
66,05.02.2020,9,2020,True,har_x,0.0778962201401932,0.02166915123387959
66,06.02.2020,9,2020,True,har_x,0.0779391200627794,0.02084625365491932
66,07.02.2020,9,2020,True,har_x,0.0779688841534411,0.020117417308707534
66,10.02.2020,9,2020,True,har_x,0.0784770884365244,0.020666163298023052
66,11.02.2020,9,2020,True,har_x,0.0786854053132372,0.020995984387927283
66,12.02.2020,9,2020,True,har_x,0.0790950602658326,0.020216020949829185
66,13.02.2020,9,2020,True,har_x,0.0790674123841995,0.01920943909811088
66,14.02.2020,9,2020,True,har_x,0.0791532420491289,0.019320418141129742
66,18.02.2020,9,2020,True,har_x,0.0791566692832073,0.0193720791369291
66,19.02.2020,9,2020,True,har_x,0.0790972020383773,0.01854246955351526
66,20.02.2020,9,2020,True,har_x,0.0792177215686351,0.017931909648784546
66,21.02.2020,9,2020,True,har_x,0.0793175705432557,0.018380593541340133
66,24.02.2020,9,2020,True,har_x,0.0792774614706685,0.01974511695624427
66,25.02.2020,9,2020,True,har_x,0.0792543654885675,0.021531277003793262
66,26.02.2020,9,2020,True,har_x,0.0799400104759713,0.0230284316459054
66,27.02.2020,9,2020,True,har_x,0.0800346985745376,0.023516741493807353
66,28.02.2020,9,2020,True,har_x,0.0799655897365119,0.02660298938395803
66,02.03.2020,9,2020,True,har_x,0.0798821322028896,0.027548997276036272
66,03.03.2020,9,2020,True,har_x,0.0802236080348784,0.02612423968093876
66,04.03.2020,9,2020,True,har_x,0.0803155976846941,0.027409510138359558
66,05.03.2020,9,2020,True,har_x,0.0802945037602314,0.02731872387166784
66,06.03.2020,9,2020,True,har_x,0.0794090837491899,0.0283456800683509
66,09.03.2020,9,2020,True,har_x,0.0723262874739039,0.03453811027235426
66,10.03.2020,9,2020,True,har_x,0.0716644744455546,0.05967057979067084
66,11.03.2020,9,2020,True,har_x,0.0715529364539419,0.04768578193391071
66,12.03.2020,9,2020,True,har_x,0.0710016917538774,0.0539342183794117
66,13.03.2020,9,2020,True,har_x,0.0709836214664264,0.06324046817996914
66,16.03.2020,9,2020,True,har_x,0.0693539306018623,0.060634625643888586
66,17.03.2020,9,2020,True,har_x,0.0690861783479528,0.06578887866613531
66,18.03.2020,9,2020,True,har_x,0.0665228618920835,0.06829996563138357
66,19.03.2020,9,2020,True,har_x,0.0646510103080767,0.08533251193253932
66,20.03.2020,9,2020,True,har_x,0.0646829668735281,0.08362383941543358
66,23.03.2020,9,2020,True,har_x,0.0646977884241614,0.09681601176744896
66,24.03.2020,9,2020,True,har_x,0.0647032399948918,0.09508348221310728
66,25.03.2020,9,2020,True,har_x,0.0647152839933818,0.08753874066887056
66,26.03.2020,9,2020,True,har_x,0.0645151556790268,0.07400908213077918
66,27.03.2020,9,2020,True,har_x,0.0640728501761457,0.07726894513379874
66,30.03.2020,9,2020,True,har_x,0.0629005139198384,0.09042102216598702
66,31.03.2020,9,2020,True,har_x,0.0629006396244139,0.08945252965981457
66,01.04.2020,9,2020,True,har_x,0.0622154729406025,0.08751511268117644
66,02.04.2020,9,2020,True,har_x,0.0578897636726532,0.08153603911541633
66,03.04.2020,9,2020,True,har_x,0.0558375727561676,0.08314100473145104
66,06.04.2020,9,2020,True,har_x,0.0557066861542537,0.072379577614549
66,07.04.2020,9,2020,True,har_x,0.0555155415123692,0.073861785346089
66,08.04.2020,9,2020,True,har_x,0.0554236765534597,0.07127907651700902
66,09.04.2020,9,2020,True,har_x,0.0551543500781047,0.07245634009782263
66,13.04.2020,9,2020,True,har_x,0.0551821043506164,0.06669670099737983
66,14.04.2020,9,2020,True,har_x,0.0544075652841384,0.05891474639830839
66,15.04.2020,9,2020,True,har_x,0.0536513859829138,0.05949436856475395
66,16.04.2020,9,2020,True,har_x,0.0536912903608951,0.061957674680073495
66,17.04.2020,9,2020,True,har_x,0.0536989176066117,0.059333705830790145
66,20.04.2020,9,2020,True,har_x,0.0523455818116527,0.04963091859826377
66,21.04.2020,9,2020,True,har_x,0.0380622355889709,0.11554848574049953
66,22.04.2020,9,2020,True,har_x,0.0377497118481508,0.16553840229556327
66,23.04.2020,9,2020,True,har_x,0.0375487510188869,0.12030398531782695
66,24.04.2020,9,2020,True,har_x,0.0375427264380049,0.10713130189023852
66,27.04.2020,9,2020,True,har_x,0.0363552360444536,0.0880291599384268
66,28.04.2020,9,2020,True,har_x,0.0363279874541337,0.09430107482397972
66,29.04.2020,9,2020,True,har_x,0.0347414574063427,0.10141133380228343
66,30.04.2020,9,2020,True,har_x,0.0322122832238631,0.09977268179437658
66,01.05.2020,9,2020,True,har_x,0.0319011379062547,0.05359394437904073
66,04.05.2020,9,2020,True,har_x,0.03182267097372,0.05630807244892336
66,05.05.2020,9,2020,True,har_x,0.0280434752343,0.05005651008228739
66,06.05.2020,9,2020,True,har_x,0.0274441090490987,0.04998679795454915
66,07.05.2020,9,2020,True,har_x,0.0274636774506127,0.05903342287816175
66,08.05.2020,9,2020,True,har_x,0.0269783269051664,0.05660121274527875
66,11.05.2020,9,2020,True,har_x,0.0263265036654858,0.05056219173782791
66,12.05.2020,9,2020,True,har_x,0.0263453989012888,0.055995800564256765
66,13.05.2020,9,2020,True,har_x,0.0260353412751133,0.04448862447127142
66,14.05.2020,9,2020,True,har_x,0.0250223329918874,0.04247474856151492
66,15.05.2020,9,2020,True,har_x,0.0245992044513767,0.04103495744709045
66,18.05.2020,9,2020,True,har_x,0.0233472587102093,0.03915530340589086
66,19.05.2020,9,2020,True,har_x,0.0234095495850209,0.039692715352868176
66,20.05.2020,9,2020,True,har_x,0.0232207320265854,0.03855107262768285
66,21.05.2020,9,2020,True,har_x,0.0232636793247593,0.03883295223739143
66,22.05.2020,9,2020,True,har_x,0.0229903414730147,0.04667617717336732
66,26.05.2020,9,2020,True,har_x,0.0228552877477837,0.044570283732823374
66,27.05.2020,9,2020,True,har_x,0.0222019368004042,0.03983959843767357
66,28.05.2020,9,2020,True,har_x,0.022153755400467,0.03898116083642361
66,29.05.2020,9,2020,True,har_x,0.0221539455646089,0.03854279500134554
66,01.06.2020,9,2020,True,har_x,0.0202319484663571,0.03668320592276059
66,02.06.2020,9,2020,True,har_x,0.0199222476040863,0.03369821638643218
66,03.06.2020,9,2020,True,har_x,0.0203534792664721,0.033824266332643425
66,04.06.2020,9,2020,True,har_x,0.0221396819803117,0.03446799763816859
66,05.06.2020,9,2020,True,har_x,0.0212371677555492,0.03418240648292408
66,08.06.2020,9,2020,True,har_x,0.0208856263263956,0.03374598883031851
66,09.06.2020,9,2020,True,har_x,0.0208618389693214,0.035329754754006515
66,10.06.2020,9,2020,True,har_x,0.0207991703035758,0.035610151197150997
66,11.06.2020,9,2020,True,har_x,0.0185501063458089,0.033221131947251584
66,12.06.2020,9,2020,True,har_x,0.0191910619125721,0.036649312988865874
66,15.06.2020,9,2020,True,har_x,0.0191914104181737,0.036790679743074775
66,16.06.2020,9,2020,True,har_x,0.01884304585595,0.03595716886244325
66,17.06.2020,9,2020,True,har_x,0.0194986485315646,0.03522354788085485
66,18.06.2020,9,2020,True,har_x,0.0193684350892848,0.03256925286013118
66,19.06.2020,9,2020,True,har_x,0.019263411315683,0.03265070185096708
66,22.06.2020,9,2020,True,har_x,0.0190914626735767,0.03131825646377222
66,23.06.2020,9,2020,True,har_x,0.0190497504497602,0.03050485510661161
66,24.06.2020,9,2020,True,har_x,0.0177882309396747,0.03154419272044601
66,25.06.2020,9,2020,True,har_x,0.0181455682485604,0.03461379493649193
66,26.06.2020,9,2020,True,har_x,0.0181469391145638,0.03342770272949475
66,29.06.2020,9,2020,True,har_x,0.0180264184415729,0.033928416275403925
66,30.06.2020,9,2020,True,har_x,0.018657060471202,0.03163443769625911
66,01.07.2020,9,2020,True,har_x,0.0195023386174721,0.030425690394322295
66,02.07.2020,9,2020,True,har_x,0.0196491157815082,0.02833790992811663
66,06.07.2020,9,2020,True,har_x,0.0197405221742276,0.027240856263101357
66,07.07.2020,9,2020,True,har_x,0.0201305954824548,0.02710960845484397
66,08.07.2020,9,2020,True,har_x,0.0201705280592576,0.027461195355256873
66,09.07.2020,9,2020,True,har_x,0.0202582240265231,0.02618856137188389
66,10.07.2020,9,2020,True,har_x,0.0202075079979758,0.02868374913273515
66,13.07.2020,9,2020,True,har_x,0.0203090448628157,0.026708246976623353
66,14.07.2020,9,2020,True,har_x,0.0203084415772527,0.028702121206628052
66,15.07.2020,9,2020,True,har_x,0.0201569397288424,0.02851297533467473
66,16.07.2020,9,2020,True,har_x,0.0201420474137785,0.025473908368146555
66,17.07.2020,9,2020,True,har_x,0.0201934833600245,0.025004160494419423
66,20.07.2020,9,2020,True,har_x,0.0206099747329304,0.02201130692469735
66,21.07.2020,9,2020,True,har_x,0.0205086569713906,0.023190552567118057
66,22.07.2020,9,2020,True,har_x,0.0205999102714001,0.022433056287215446
66,23.07.2020,9,2020,True,har_x,0.0207844785003196,0.022526689855604413
66,24.07.2020,9,2020,True,har_x,0.0209170580418487,0.023868683943671386
66,27.07.2020,9,2020,True,har_x,0.0218367751911586,0.02310313455823177
66,28.07.2020,9,2020,True,har_x,0.0222980698230532,0.022909688242471953
66,29.07.2020,9,2020,True,har_x,0.0222291148155841,0.022798794752180464
66,30.07.2020,9,2020,True,har_x,0.0227202381958099,0.022029160441537625
66,31.07.2020,9,2020,True,har_x,0.0228260452731703,0.02330112524608436
66,03.08.2020,9,2020,True,har_x,0.0231856910024567,0.02450875650885324
66,04.08.2020,9,2020,True,har_x,0.023179817939022,0.022461439385334934
66,05.08.2020,9,2020,True,har_x,0.0234791347965604,0.02180122044313581
66,06.08.2020,9,2020,True,har_x,0.0251916688371314,0.020194076306985134
66,07.08.2020,9,2020,True,har_x,0.0253761556883761,0.020461363147668336
66,10.08.2020,9,2020,True,har_x,0.0253271934733163,0.020368657261410694
66,11.08.2020,9,2020,True,har_x,0.025303442989039,0.019503867311932828
66,12.08.2020,9,2020,True,har_x,0.0252507572451184,0.020388120514054697
66,13.08.2020,9,2020,True,har_x,0.025406716029938,0.01898608535471509
66,14.08.2020,9,2020,True,har_x,0.0254040872667225,0.01903984888464943
66,17.08.2020,9,2020,True,har_x,0.0254101819097744,0.019159735740530003
66,18.08.2020,9,2020,True,har_x,0.0254108154837159,0.017956921330959098
66,19.08.2020,9,2020,True,har_x,0.025500697515226,0.01759554822934106
66,20.08.2020,9,2020,True,har_x,0.0256412499735268,0.018196868775202008
66,21.08.2020,9,2020,True,har_x,0.0260104780735939,0.018204773161830765
66,24.08.2020,9,2020,True,har_x,0.0259933524265822,0.018627422288499854
66,25.08.2020,9,2020,True,har_x,0.0259543114588378,0.017923086032637706
66,26.08.2020,9,2020,True,har_x,0.0259954964553537,0.018306064336066706
66,27.08.2020,9,2020,True,har_x,0.0259522204771373,0.018683636659667196
66,28.08.2020,9,2020,True,har_x,0.0260313605409337,0.018668582390152393
66,31.08.2020,9,2020,True,har_x,0.0260475089416532,0.017812104034684823
66,01.09.2020,9,2020,True,har_x,0.026067542673,0.018211977366994994
66,02.09.2020,9,2020,True,har_x,0.025887843243083,0.01779268757509738
66,03.09.2020,9,2020,True,har_x,0.0258603745179025,0.01968280871847044
66,04.09.2020,9,2020,True,har_x,0.0255081099476174,0.022615832468318383
66,08.09.2020,9,2020,True,har_x,0.0240660099146181,0.023993696701389598
66,09.09.2020,9,2020,True,har_x,0.0239395562313489,0.029988121490679472
66,10.09.2020,9,2020,True,har_x,0.0237962151951121,0.026616010654737933
66,11.09.2020,9,2020,True,har_x,0.0237788019584822,0.028012651623054503
66,14.09.2020,9,2020,True,har_x,0.0237528496926212,0.02696860508649501
66,15.09.2020,9,2020,True,har_x,0.0236393584665932,0.026437223540291193
66,16.09.2020,9,2020,True,har_x,0.023220943276629,0.024359026020250387
66,17.09.2020,9,2020,True,har_x,0.0233330976529488,0.022258421466541164
66,18.09.2020,9,2020,True,har_x,0.0234381019801691,0.02102854777018084
66,21.09.2020,9,2020,True,har_x,0.0229447243238565,0.021186864340310904
66,22.09.2020,9,2020,True,har_x,0.0229411245159888,0.023007731351512666
66,23.09.2020,9,2020,True,har_x,0.0229840795385121,0.022168547738594096
66,24.09.2020,9,2020,True,har_x,0.0229844714947273,0.02390711733383575
66,25.09.2020,9,2020,True,har_x,0.0229814996765325,0.02303150373435357
66,28.09.2020,9,2020,True,har_x,0.0229656517957668,0.022280383153801084
66,29.09.2020,9,2020,True,har_x,0.022607612519526,0.022267348764650523
66,30.09.2020,9,2020,True,har_x,0.0232540272249896,0.025018438217967037
66,01.10.2020,9,2020,True,har_x,0.0232723922661007,0.0239104141809617
66,02.10.2020,9,2020,True,har_x,0.0225651837974329,0.026639051822335433
66,05.10.2020,9,2020,True,har_x,0.0220603410348388,0.02976749464244338
66,06.10.2020,9,2020,True,har_x,0.0218205740029284,0.026379432113387138
66,07.10.2020,9,2020,True,har_x,0.0217329512709225,0.02496960953568484
66,08.10.2020,9,2020,True,har_x,0.0215295320378597,0.024392392217058568
66,09.10.2020,9,2020,True,har_x,0.0214465930467598,0.022179955574262285
66,12.10.2020,9,2020,True,har_x,0.0213821711845794,0.022824480546914723
66,13.10.2020,9,2020,True,har_x,0.0213575037443446,0.02367741305437755
66,14.10.2020,9,2020,True,har_x,0.021262471288079,0.024725829192481754
66,15.10.2020,9,2020,True,har_x,0.0212459854134967,0.023450562606349548
66,16.10.2020,9,2020,True,har_x,0.0213109622924301,0.023615591665381522
66,19.10.2020,9,2020,True,har_x,0.0212725682718079,0.023736361462394436
66,20.10.2020,9,2020,True,har_x,0.0212503213724063,0.023591249163544117
66,21.10.2020,9,2020,True,har_x,0.0207381947559888,0.023853000489981457
66,22.10.2020,9,2020,True,har_x,0.0207062937669872,0.025735173650172343
66,23.10.2020,9,2020,True,har_x,0.0205492699712568,0.025210175443071473
66,26.10.2020,9,2020,True,har_x,0.0200472894247045,0.02505466157242811
66,27.10.2020,9,2020,True,har_x,0.0200619088454254,0.028435931941067197
66,28.10.2020,9,2020,True,har_x,0.0188135850683552,0.026987182018945923
66,29.10.2020,9,2020,True,har_x,0.0179770585464309,0.031742124853157805
66,30.10.2020,9,2020,True,har_x,0.0179171795257202,0.03365171999210822
66,02.11.2020,9,2020,True,har_x,0.0175327042446664,0.03641494076806426
66,03.11.2020,9,2020,True,har_x,0.0174691564362754,0.03514069393912996
66,04.11.2020,9,2020,True,har_x,0.0170330316743717,0.03355501344962478
66,05.11.2020,9,2020,True,har_x,0.0170115004704579,0.028943694483706175
66,06.11.2020,9,2020,True,har_x,0.0162375405310011,0.02854617414769727
66,09.11.2020,9,2020,True,har_x,0.0140880757760186,0.029565650695809992
66,10.11.2020,9,2020,True,har_x,0.0138679374351693,0.027993299488530635
66,11.11.2020,9,2020,True,har_x,0.0139491206958006,0.026648049714469754
66,12.11.2020,9,2020,True,har_x,0.0141312409268854,0.026433055332785976
66,13.11.2020,9,2020,True,har_x,0.0143349929048212,0.02727974614518064
66,16.11.2020,9,2020,True,har_x,0.0141738397297982,0.025953671920577737
66,17.11.2020,9,2020,True,har_x,0.0143345299675883,0.025121679128716223
66,18.11.2020,9,2020,True,har_x,0.0143488218560663,0.02420000513181544
66,19.11.2020,9,2020,True,har_x,0.0144648220774554,0.024715764756746302
66,20.11.2020,9,2020,True,har_x,0.0153646201838776,0.024853206742437926
66,23.11.2020,9,2020,True,har_x,0.0153933916500757,0.023661509745150536
66,24.11.2020,9,2020,True,har_x,0.0149624237512532,0.022884931252231785
66,25.11.2020,9,2020,True,har_x,0.015563197748196,0.02289975702379572
66,27.11.2020,9,2020,True,har_x,0.0160088308208904,0.023288828519928015
66,30.11.2020,9,2020,True,har_x,0.0160839359071546,0.024649013181612247
66,01.12.2020,9,2020,True,har_x,0.0161677554786164,0.025280279602670507
66,02.12.2020,9,2020,True,har_x,0.0160981594403125,0.025507108043458956
66,03.12.2020,9,2020,True,har_x,0.0162773106167343,0.024463957936065803
66,04.12.2020,9,2020,True,har_x,0.0163208714063688,0.022066083610839504
66,07.12.2020,9,2020,True,har_x,0.0162688887950943,0.020744521291023662
66,08.12.2020,9,2020,True,har_x,0.0163322256911529,0.02048642236365141
66,09.12.2020,9,2020,True,har_x,0.0163766701464354,0.020561700781240044
66,10.12.2020,9,2020,True,har_x,0.0186757849621394,0.021505606599171265
66,11.12.2020,9,2020,True,har_x,0.0187440827835339,0.021585666126155967
66,14.12.2020,9,2020,True,har_x,0.0187438696176152,0.02146862628672529
66,15.12.2020,9,2020,True,har_x,0.0203594297948577,0.021567286152627905
66,16.12.2020,9,2020,True,har_x,0.0214574005176649,0.02126125657829983
66,17.12.2020,9,2020,True,har_x,0.0220747614048219,0.02092713640551426
66,18.12.2020,9,2020,True,har_x,0.0225370247013168,0.020028060751652046
66,21.12.2020,9,2020,True,har_x,0.0222383610853404,0.02019333616021628
66,22.12.2020,9,2020,True,har_x,0.0221945919770243,0.022745032680929096
66,23.12.2020,9,2020,True,har_x,0.0221322605361087,0.022983954632834397
66,24.12.2020,9,2020,True,har_x,0.0222332684815111,0.02188996297443636
66,28.12.2020,9,2020,True,har_x,0.0229069458568117,0.0216341330867013
66,29.12.2020,9,2020,True,har_x,0.0229198896364863,0.02147690471168549
66,30.12.2020,9,2020,True,har_x,0.0229230754185998,0.02097105370759924
66,31.12.2020,9,2020,True,har_x,0.0229136191902946,0.020666566222671785
126,02.01.2020,9,2020,True,har,0.0601654111227235,0.018315816034759853
126,03.01.2020,9,2020,True,har,0.060067735261944,0.01754780053701475
126,06.01.2020,9,2020,True,har,0.060063939610465,0.018512765459173807
126,07.01.2020,9,2020,True,har,0.0600666574951492,0.01787103570982764
126,08.01.2020,9,2020,True,har,0.0599889367216574,0.01801226686796463
126,09.01.2020,9,2020,True,har,0.0600275081957901,0.020237995904901364
126,10.01.2020,9,2020,True,har,0.0600321833276722,0.01936252351171252
126,13.01.2020,9,2020,True,har,0.0600307256823087,0.01893803965226131
126,14.01.2020,9,2020,True,har,0.0600641547301579,0.019029916434061885
126,15.01.2020,9,2020,True,har,0.0600656414572276,0.018822490379587185
126,16.01.2020,9,2020,True,har,0.0600550629102772,0.018294998721278537
126,17.01.2020,9,2020,True,har,0.0600547876139236,0.018445298162318463
126,21.01.2020,9,2020,True,har,0.0601027109577142,0.01833013332468928
126,22.01.2020,9,2020,True,har,0.0600797868533381,0.018203877809144522
126,23.01.2020,9,2020,True,har,0.060088484098374,0.01907529467485567
126,24.01.2020,9,2020,True,har,0.0600646364616671,0.019237244055721827
126,27.01.2020,9,2020,True,har,0.0600384719676801,0.019233416445606836
126,28.01.2020,9,2020,True,har,0.0600365376570527,0.01906341389607634
126,29.01.2020,9,2020,True,har,0.060047144151272,0.01880994114976492
126,30.01.2020,9,2020,True,har,0.0600285682866787,0.019011537815679304
126,31.01.2020,9,2020,True,har,0.0600362416941848,0.019178460198929888
126,03.02.2020,9,2020,True,har,0.0597942373749183,0.01859817770560448
126,04.02.2020,9,2020,True,har,0.0597947394854565,0.0215533024230283
126,05.02.2020,9,2020,True,har,0.0597723045408413,0.020113641381807663
126,06.02.2020,9,2020,True,har,0.0597707863655234,0.021423190028058606
126,07.02.2020,9,2020,True,har,0.0597804710722858,0.020421825239430903
126,10.02.2020,9,2020,True,har,0.0597659580153842,0.020410763353111094
126,11.02.2020,9,2020,True,har,0.0597564790946027,0.019991447108100843
126,12.02.2020,9,2020,True,har,0.0597122300666349,0.020192910591303345
126,13.02.2020,9,2020,True,har,0.0597083964340035,0.02153480825375198
126,14.02.2020,9,2020,True,har,0.0596840973406928,0.021183401514628792
126,18.02.2020,9,2020,True,har,0.0596924069019545,0.021439744026440038
126,19.02.2020,9,2020,True,har,0.0596500654548041,0.020749314789478578
126,20.02.2020,9,2020,True,har,0.0596481724855963,0.02150400690788646
126,21.02.2020,9,2020,True,har,0.0596437093141127,0.020838277081053666
126,24.02.2020,9,2020,True,har,0.059562264169219,0.02131973480276452
126,25.02.2020,9,2020,True,har,0.0595527960496972,0.022733278800873738
126,26.02.2020,9,2020,True,har,0.0595254508255035,0.02249175161357518
126,27.02.2020,9,2020,True,har,0.0594922208906821,0.022369834478530488
126,28.02.2020,9,2020,True,har,0.0594344693007615,0.022003426007692697
126,02.03.2020,9,2020,True,har,0.0593818245563386,0.02217444780814313
126,03.03.2020,9,2020,True,har,0.0593844003325534,0.02348747949759016
126,04.03.2020,9,2020,True,har,0.0593765840068874,0.021174383831816163
126,05.03.2020,9,2020,True,har,0.0593859492197312,0.02142254176328657
126,06.03.2020,9,2020,True,har,0.0587313069986041,0.02136460925221329
126,09.03.2020,9,2020,True,har,0.0533534258552843,0.02787712324581887
126,10.03.2020,9,2020,True,har,0.0532656052083726,0.05046413877763875
126,11.03.2020,9,2020,True,har,0.0531899414006425,0.048919844845682764
126,12.03.2020,9,2020,True,har,0.0527846314838682,0.047848446437116346
126,13.03.2020,9,2020,True,har,0.0527655596960374,0.04837416768861578
126,16.03.2020,9,2020,True,har,0.0516512579259068,0.047656866790076385
126,17.03.2020,9,2020,True,har,0.0515097415534538,0.047752514972780116
126,18.03.2020,9,2020,True,har,0.0499075115945311,0.044526084517486984
126,19.03.2020,9,2020,True,har,0.0485501556841431,0.04836799320895857
126,20.03.2020,9,2020,True,har,0.0482831147522444,0.05467729341725268
126,23.03.2020,9,2020,True,har,0.048442959203062,0.052753469808774815
126,24.03.2020,9,2020,True,har,0.0484437893792722,0.051488739067209556
126,25.03.2020,9,2020,True,har,0.0484417553441031,0.051712638949493794
126,26.03.2020,9,2020,True,har,0.0482916277409362,0.05038824172848631
126,27.03.2020,9,2020,True,har,0.0480047705427901,0.04891043204541147
126,30.03.2020,9,2020,True,har,0.0472419133643857,0.049320129409221314
126,31.03.2020,9,2020,True,har,0.0473636421140481,0.050550171777706314
126,01.04.2020,9,2020,True,har,0.0468240331240188,0.04858730817906383
126,02.04.2020,9,2020,True,har,0.0437178522390999,0.05353182812054301
126,03.04.2020,9,2020,True,har,0.0423543112493724,0.06381293572691478
126,06.04.2020,9,2020,True,har,0.0424753638907237,0.06411307710497618
126,07.04.2020,9,2020,True,har,0.0424233427279567,0.052997412651788034
126,08.04.2020,9,2020,True,har,0.0423798161870125,0.05274068806846233
126,09.04.2020,9,2020,True,har,0.0422740361312964,0.05266630565929807
126,13.04.2020,9,2020,True,har,0.0422889864358194,0.05105242149607291
126,14.04.2020,9,2020,True,har,0.041872813472749,0.04813931066811418
126,15.04.2020,9,2020,True,har,0.0414250379781865,0.048677103798247516
126,16.04.2020,9,2020,True,har,0.0414522483332587,0.04917289065053427
126,17.04.2020,9,2020,True,har,0.0414539097837072,0.04452826029872586
126,20.04.2020,9,2020,True,har,0.0405363565860483,0.04216044275220683
126,21.04.2020,9,2020,True,har,0.031541063508861,0.045126063368237684
126,22.04.2020,9,2020,True,har,0.0312735256013391,0.062369180716908196
126,23.04.2020,9,2020,True,har,0.0312625892660942,0.05887930591771681
126,24.04.2020,9,2020,True,har,0.0312809020264661,0.059418670369404715
126,27.04.2020,9,2020,True,har,0.0306035257341944,0.05847668553276847
126,28.04.2020,9,2020,True,har,0.0307464120977587,0.059955063090751645
126,29.04.2020,9,2020,True,har,0.0296546399841604,0.05371188715720199
126,30.04.2020,9,2020,True,har,0.02841258037658,0.057009670770734426
126,01.05.2020,9,2020,True,har,0.0284045127674609,0.05873490322144004
126,04.05.2020,9,2020,True,har,0.0283200378274347,0.053100534023727
126,05.05.2020,9,2020,True,har,0.0261320032274214,0.04884594469483586
126,06.05.2020,9,2020,True,har,0.0258873345870945,0.05342766308672229
126,07.05.2020,9,2020,True,har,0.0260572897563127,0.05290335929512997
126,08.05.2020,9,2020,True,har,0.0257227024087858,0.05184442889912956
126,11.05.2020,9,2020,True,har,0.0256240407662803,0.05288624685568417
126,12.05.2020,9,2020,True,har,0.0263565217794068,0.05340645545842313
126,13.05.2020,9,2020,True,har,0.0263190133697726,0.05039499084197962
126,14.05.2020,9,2020,True,har,0.0257400224327318,0.050085489050107145
126,15.05.2020,9,2020,True,har,0.0254950440817442,0.05187596832503457
126,18.05.2020,9,2020,True,har,0.0248478914577701,0.05152220361988265
126,19.05.2020,9,2020,True,har,0.024921115461981,0.050796932892565455
126,20.05.2020,9,2020,True,har,0.0247826477395759,0.035340535532766074
126,21.05.2020,9,2020,True,har,0.0247970815973588,0.035110780435204256
126,22.05.2020,9,2020,True,har,0.0246754383064213,0.034594219475529694
126,26.05.2020,9,2020,True,har,0.0245914118515249,0.035813805648519485
126,27.05.2020,9,2020,True,har,0.0243792552345061,0.03322143820657221
126,28.05.2020,9,2020,True,har,0.0245619205529889,0.03491327821124074
126,29.05.2020,9,2020,True,har,0.0245894476322413,0.03309837484573732
126,01.06.2020,9,2020,True,har,0.0235713792484008,0.030705860635231466
126,02.06.2020,9,2020,True,har,0.0234467014038928,0.0339972683482112
126,03.06.2020,9,2020,True,har,0.0234480884106901,0.03299363143334336
126,04.06.2020,9,2020,True,har,0.0234890592742561,0.028397767598059682
126,05.06.2020,9,2020,True,har,0.0229826284236271,0.027566005751547835
126,08.06.2020,9,2020,True,har,0.0227543311113699,0.028892837875648822
126,09.06.2020,9,2020,True,har,0.0227640128880577,0.02901202210405797
126,10.06.2020,9,2020,True,har,0.0227388338693555,0.02728665441683272
126,11.06.2020,9,2020,True,har,0.0215591884937771,0.027369035262981185
126,12.06.2020,9,2020,True,har,0.0216836645440714,0.031867000268726416
126,15.06.2020,9,2020,True,har,0.0215938300210002,0.028923117706387936
126,16.06.2020,9,2020,True,har,0.0214413562034454,0.029227865939659897
126,17.06.2020,9,2020,True,har,0.0214407818381355,0.028556403706674907
126,18.06.2020,9,2020,True,har,0.0213857780178534,0.028013241686164328
126,19.06.2020,9,2020,True,har,0.0213537806846833,0.026666024050615182
126,22.06.2020,9,2020,True,har,0.0213159476769203,0.026565103008092533
126,23.06.2020,9,2020,True,har,0.0214321270248569,0.02628693377164689
126,24.06.2020,9,2020,True,har,0.020867599313176,0.026139232858234586
126,25.06.2020,9,2020,True,har,0.020895303852147,0.02856916356132251
126,26.06.2020,9,2020,True,har,0.0208941126596097,0.027777274078101228
126,29.06.2020,9,2020,True,har,0.0208704832155065,0.027337075888984125
126,30.06.2020,9,2020,True,har,0.0208279517191128,0.02578539914503212
126,01.07.2020,9,2020,True,har,0.0207567523436227,0.025523441589464936
126,02.07.2020,9,2020,True,har,0.0206509172467309,0.02501198707102994
126,06.07.2020,9,2020,True,har,0.020694585153248,0.025382664141886557
126,07.07.2020,9,2020,True,har,0.0211061834615145,0.023797103104495204
126,08.07.2020,9,2020,True,har,0.0211281658651707,0.023226209253065476
126,09.07.2020,9,2020,True,har,0.0210202817490388,0.02309769747947464
126,10.07.2020,9,2020,True,har,0.0210934029085374,0.02385877981707634
126,13.07.2020,9,2020,True,har,0.0210673845009169,0.02078963677950979
126,14.07.2020,9,2020,True,har,0.0211050785529054,0.020819299204627315
126,15.07.2020,9,2020,True,har,0.021064739352467,0.02043450442241762
126,16.07.2020,9,2020,True,har,0.0210425415176593,0.020669788781954086
126,17.07.2020,9,2020,True,har,0.0211574529156044,0.020307247611071902
126,20.07.2020,9,2020,True,har,0.0211863386889341,0.019962347994767857
126,21.07.2020,9,2020,True,har,0.0210967576133832,0.019712012421819337
126,22.07.2020,9,2020,True,har,0.0210959610799295,0.02039059051400433
126,23.07.2020,9,2020,True,har,0.0210226803333913,0.019715648989935344
126,24.07.2020,9,2020,True,har,0.0210303016129278,0.01857343416810982
126,27.07.2020,9,2020,True,har,0.0210306856911825,0.017942383540372434
126,28.07.2020,9,2020,True,har,0.021025641356458,0.017951523170808777
126,29.07.2020,9,2020,True,har,0.0210150347067914,0.01755899631812223
126,30.07.2020,9,2020,True,har,0.0209370003282711,0.01774135346800533
126,31.07.2020,9,2020,True,har,0.0209370645585909,0.017855875136967687
126,03.08.2020,9,2020,True,har,0.0209375061041464,0.01721424183189591
126,04.08.2020,9,2020,True,har,0.0209777879103466,0.017883034432895108
126,05.08.2020,9,2020,True,har,0.0209419210824678,0.017590564148848735
126,06.08.2020,9,2020,True,har,0.0209466340385442,0.01799846295878925
126,07.08.2020,9,2020,True,har,0.0209485946044869,0.01687819094980208
126,10.08.2020,9,2020,True,har,0.0209340040852933,0.017434673982440235
126,11.08.2020,9,2020,True,har,0.020902052056674,0.01725659413717475
126,12.08.2020,9,2020,True,har,0.0208502117815155,0.017422992614907717
126,13.08.2020,9,2020,True,har,0.0208832957361097,0.017697652321944972
126,14.08.2020,9,2020,True,har,0.0209031808608981,0.017540521390247865
126,17.08.2020,9,2020,True,har,0.0209155765239139,0.0172774031958156
126,18.08.2020,9,2020,True,har,0.0209314092196863,0.017552856705482435
126,19.08.2020,9,2020,True,har,0.0209942816571666,0.016828821463487038
126,20.08.2020,9,2020,True,har,0.0211752828254514,0.016629056126382026
126,21.08.2020,9,2020,True,har,0.0211309439377497,0.016417575766688387
126,24.08.2020,9,2020,True,har,0.0211846216944762,0.016717183195514806
126,25.08.2020,9,2020,True,har,0.0211584246472364,0.017143615220615194
126,26.08.2020,9,2020,True,har,0.0211853406779412,0.01735420544086161
126,27.08.2020,9,2020,True,har,0.0214501280842067,0.017096254312801942
126,28.08.2020,9,2020,True,har,0.021510447825274,0.017065527160497876
126,31.08.2020,9,2020,True,har,0.0215758790582085,0.01671244337482009
126,01.09.2020,9,2020,True,har,0.0218385514280316,0.016392869385596632
126,02.09.2020,9,2020,True,har,0.0219134042290661,0.016272288147306007
126,03.09.2020,9,2020,True,har,0.0219600621942513,0.01733916983277609
126,04.09.2020,9,2020,True,har,0.0217586359251065,0.016996458661887523
126,08.09.2020,9,2020,True,har,0.020732589409802,0.018381265056930732
126,09.09.2020,9,2020,True,har,0.0207332875064523,0.022337471377271642
126,10.09.2020,9,2020,True,har,0.0206568312305012,0.022161086946850463
126,11.09.2020,9,2020,True,har,0.0206537032874056,0.021743621447221008
126,14.09.2020,9,2020,True,har,0.0206603226412005,0.02148692271196636
126,15.09.2020,9,2020,True,har,0.0206113987880139,0.02146405949787667
126,16.09.2020,9,2020,True,har,0.0214355700543344,0.021288402788530673
126,17.09.2020,9,2020,True,har,0.0213946598203762,0.0229170951327791
126,18.09.2020,9,2020,True,har,0.0213869760621499,0.022761959310432116
126,21.09.2020,9,2020,True,har,0.0217995220778328,0.022243161686681064
126,22.09.2020,9,2020,True,har,0.0223376532059226,0.024222242574645114
126,23.09.2020,9,2020,True,har,0.0226539616683322,0.02331801267977357
126,24.09.2020,9,2020,True,har,0.022909340848091,0.02267635118853744
126,25.09.2020,9,2020,True,har,0.0229080921035552,0.02252944519493004
126,28.09.2020,9,2020,True,har,0.0229417186375412,0.022437986951467252
126,29.09.2020,9,2020,True,har,0.0227314474145315,0.022027874714482358
126,30.09.2020,9,2020,True,har,0.022776915840527,0.023471164671132812
126,01.10.2020,9,2020,True,har,0.0231454032037641,0.022743729237562973
126,02.10.2020,9,2020,True,har,0.022800203840767,0.02251476784690464
126,05.10.2020,9,2020,True,har,0.022417513839762,0.024244955622685763
126,06.10.2020,9,2020,True,har,0.0222665070045878,0.02591642343104571
126,07.10.2020,9,2020,True,har,0.0222123317490734,0.023857704852870025
126,08.10.2020,9,2020,True,har,0.0220660220514221,0.02349593568146098
126,09.10.2020,9,2020,True,har,0.0220298837108447,0.024094948513615495
126,12.10.2020,9,2020,True,har,0.0221735212306471,0.023258368831830897
126,13.10.2020,9,2020,True,har,0.0221402569647922,0.023862159672089434
126,14.10.2020,9,2020,True,har,0.0220960949173032,0.02339971318597551
126,15.10.2020,9,2020,True,har,0.0220868928135393,0.022942985507124203
126,16.10.2020,9,2020,True,har,0.0220933966322006,0.022093417893307057
126,19.10.2020,9,2020,True,har,0.0221633950666308,0.02210267971851728
126,20.10.2020,9,2020,True,har,0.0221487690905847,0.0210763340538413
126,21.10.2020,9,2020,True,har,0.0219076411768709,0.021182243731654126
126,22.10.2020,9,2020,True,har,0.0218932038821131,0.02241694188014998
126,23.10.2020,9,2020,True,har,0.0218323338847756,0.022379960429137157
126,26.10.2020,9,2020,True,har,0.0216117954122628,0.022529729445949366
126,27.10.2020,9,2020,True,har,0.0216164738647109,0.023355635072373038
126,28.10.2020,9,2020,True,har,0.021133153758083,0.02283492474581368
126,29.10.2020,9,2020,True,har,0.0207840203756282,0.024908061054104116
126,30.10.2020,9,2020,True,har,0.0208066321940948,0.0249091184946157
126,02.11.2020,9,2020,True,har,0.0205744113342053,0.023694284586053712
126,03.11.2020,9,2020,True,har,0.0205909108554352,0.02451499694299609
126,04.11.2020,9,2020,True,har,0.0203731270712391,0.023745608453215234
126,05.11.2020,9,2020,True,har,0.0203502120993034,0.02445758220632737
126,06.11.2020,9,2020,True,har,0.0200163202456371,0.02282512013268702
126,09.11.2020,9,2020,True,har,0.019081079511366,0.02440973160556502
126,10.11.2020,9,2020,True,har,0.0192410281717181,0.027483066043699766
126,11.11.2020,9,2020,True,har,0.0193320124730787,0.026738261145629764
126,12.11.2020,9,2020,True,har,0.0193228102606551,0.02605120152290634
126,13.11.2020,9,2020,True,har,0.019274533855855,0.02609276844081798
126,16.11.2020,9,2020,True,har,0.01942452588727,0.026153702569579183
126,17.11.2020,9,2020,True,har,0.019566745558304,0.025633528693867525
126,18.11.2020,9,2020,True,har,0.019604734080012,0.024903040076004752
126,19.11.2020,9,2020,True,har,0.0197401031452333,0.024804838307316474
126,20.11.2020,9,2020,True,har,0.0197024924098208,0.02450355186505318
126,23.11.2020,9,2020,True,har,0.0196136473160117,0.024522502063861692
126,24.11.2020,9,2020,True,har,0.0193645737943464,0.02430551538899188
126,25.11.2020,9,2020,True,har,0.0193315603548621,0.025089540436690316
126,27.11.2020,9,2020,True,har,0.0193100055262916,0.02317818302996899
126,30.11.2020,9,2020,True,har,0.019292735135221,0.02225933329629296
126,01.12.2020,9,2020,True,har,0.0192861069606565,0.022699879120256186
126,02.12.2020,9,2020,True,har,0.0192495211045138,0.022213989049450426
126,03.12.2020,9,2020,True,har,0.0192567236782598,0.02211953454971576
126,04.12.2020,9,2020,True,har,0.0192540083725423,0.02150942348758756
126,07.12.2020,9,2020,True,har,0.0192236993259236,0.021393389831497363
126,08.12.2020,9,2020,True,har,0.019222997639507,0.020398995137386543
126,09.12.2020,9,2020,True,har,0.0192215746976213,0.01777612497653663
126,10.12.2020,9,2020,True,har,0.0190911683654965,0.01732564861904411
126,11.12.2020,9,2020,True,har,0.0191075937274062,0.018567845456354638
126,14.12.2020,9,2020,True,har,0.0191064408086537,0.018110817562425625
126,15.12.2020,9,2020,True,har,0.019188234008032,0.017574218713610194
126,16.12.2020,9,2020,True,har,0.0191876793247282,0.017411424988106224
126,17.12.2020,9,2020,True,har,0.0192339121474345,0.01725048125178647
126,18.12.2020,9,2020,True,har,0.0192087513912748,0.01694576510601982
126,21.12.2020,9,2020,True,har,0.0190319951851155,0.016883562756894628
126,22.12.2020,9,2020,True,har,0.0189515718735262,0.018591460736160175
126,23.12.2020,9,2020,True,har,0.0188811753899635,0.018532446116637995
126,24.12.2020,9,2020,True,har,0.0189921105024417,0.01816365850251378
126,28.12.2020,9,2020,True,har,0.0189653345896064,0.01758769599700897
126,29.12.2020,9,2020,True,har,0.0189656331015873,0.01762365800593011
126,30.12.2020,9,2020,True,har,0.0189733898428466,0.01714004170023454
126,31.12.2020,9,2020,True,har,0.0189665309293492,0.01691709663579021
126,02.01.2020,9,2020,True,har_ovx,0.0601654111227235,0.017166554609540117
126,03.01.2020,9,2020,True,har_ovx,0.060067735261944,0.017197692147488307
126,06.01.2020,9,2020,True,har_ovx,0.060063939610465,0.018478933587000576
126,07.01.2020,9,2020,True,har_ovx,0.0600666574951492,0.018501816625927297
126,08.01.2020,9,2020,True,har_ovx,0.0599889367216574,0.01833159456380051
126,09.01.2020,9,2020,True,har_ovx,0.0600275081957901,0.01891196800349366
126,10.01.2020,9,2020,True,har_ovx,0.0600321833276722,0.018971973007211068
126,13.01.2020,9,2020,True,har_ovx,0.0600307256823087,0.017955960268115613
126,14.01.2020,9,2020,True,har_ovx,0.0600641547301579,0.01941307837078985
126,15.01.2020,9,2020,True,har_ovx,0.0600656414572276,0.019131216064943266
126,16.01.2020,9,2020,True,har_ovx,0.0600550629102772,0.019073956458793454
126,17.01.2020,9,2020,True,har_ovx,0.0600547876139236,0.017756531837249213
126,21.01.2020,9,2020,True,har_ovx,0.0601027109577142,0.017295690410106413
126,22.01.2020,9,2020,True,har_ovx,0.0600797868533381,0.016952112513189593
126,23.01.2020,9,2020,True,har_ovx,0.060088484098374,0.018161016542696924
126,24.01.2020,9,2020,True,har_ovx,0.0600646364616671,0.018620688330647863
126,27.01.2020,9,2020,True,har_ovx,0.0600384719676801,0.019595289767570488
126,28.01.2020,9,2020,True,har_ovx,0.0600365376570527,0.020768847211457497
126,29.01.2020,9,2020,True,har_ovx,0.060047144151272,0.020206661223944808
126,30.01.2020,9,2020,True,har_ovx,0.0600285682866787,0.019958371036453076
126,31.01.2020,9,2020,True,har_ovx,0.0600362416941848,0.0206512979271018
126,03.02.2020,9,2020,True,har_ovx,0.0597942373749183,0.02160068653189958
126,04.02.2020,9,2020,True,har_ovx,0.0597947394854565,0.02246708763145895
126,05.02.2020,9,2020,True,har_ovx,0.0597723045408413,0.02134945833858968
126,06.02.2020,9,2020,True,har_ovx,0.0597707863655234,0.020911301285865325
126,07.02.2020,9,2020,True,har_ovx,0.0597804710722858,0.020243663035113622
126,10.02.2020,9,2020,True,har_ovx,0.0597659580153842,0.020641569033892932
126,11.02.2020,9,2020,True,har_ovx,0.0597564790946027,0.021278770485540367
126,12.02.2020,9,2020,True,har_ovx,0.0597122300666349,0.020728323881402364
126,13.02.2020,9,2020,True,har_ovx,0.0597083964340035,0.020175493171245836
126,14.02.2020,9,2020,True,har_ovx,0.0596840973406928,0.020194740435114863
126,18.02.2020,9,2020,True,har_ovx,0.0596924069019545,0.020275911686077928
126,19.02.2020,9,2020,True,har_ovx,0.0596500654548041,0.019350259897191687
126,20.02.2020,9,2020,True,har_ovx,0.0596481724855963,0.019017551419713775
126,21.02.2020,9,2020,True,har_ovx,0.0596437093141127,0.019250665011887453
126,24.02.2020,9,2020,True,har_ovx,0.059562264169219,0.020274410230295796
126,25.02.2020,9,2020,True,har_ovx,0.0595527960496972,0.02175330482574489
126,26.02.2020,9,2020,True,har_ovx,0.0595254508255035,0.022789359896848438
126,27.02.2020,9,2020,True,har_ovx,0.0594922208906821,0.023170627919833785
126,28.02.2020,9,2020,True,har_ovx,0.0594344693007615,0.025382525855187174
126,02.03.2020,9,2020,True,har_ovx,0.0593818245563386,0.026107937004784778
126,03.03.2020,9,2020,True,har_ovx,0.0593844003325534,0.025042085590689853
126,04.03.2020,9,2020,True,har_ovx,0.0593765840068874,0.02564854307080429
126,05.03.2020,9,2020,True,har_ovx,0.0593859492197312,0.02563323440971308
126,06.03.2020,9,2020,True,har_ovx,0.0587313069986041,0.026374155268993824
126,09.03.2020,9,2020,True,har_ovx,0.0533534258552843,0.031624138996246845
126,10.03.2020,9,2020,True,har_ovx,0.0532656052083726,0.05263338637961601
126,11.03.2020,9,2020,True,har_ovx,0.0531899414006425,0.04354177035265426
126,12.03.2020,9,2020,True,har_ovx,0.0527846314838682,0.047892564461115714
126,13.03.2020,9,2020,True,har_ovx,0.0527655596960374,0.054718769294175525
126,16.03.2020,9,2020,True,har_ovx,0.0516512579259068,0.05266940444896767
126,17.03.2020,9,2020,True,har_ovx,0.0515097415534538,0.0569333893892724
126,18.03.2020,9,2020,True,har_ovx,0.0499075115945311,0.058411252455834284
126,19.03.2020,9,2020,True,har_ovx,0.0485501556841431,0.07121031247819645
126,20.03.2020,9,2020,True,har_ovx,0.0482831147522444,0.07054280262713561
126,23.03.2020,9,2020,True,har_ovx,0.048442959203062,0.07977196234425657
126,24.03.2020,9,2020,True,har_ovx,0.0484437893792722,0.07797540808191346
126,25.03.2020,9,2020,True,har_ovx,0.0484417553441031,0.07256292522813475
126,26.03.2020,9,2020,True,har_ovx,0.0482916277409362,0.06278996905145467
126,27.03.2020,9,2020,True,har_ovx,0.0480047705427901,0.06517984897822018
126,30.03.2020,9,2020,True,har_ovx,0.0472419133643857,0.07473613847686801
126,31.03.2020,9,2020,True,har_ovx,0.0473636421140481,0.0742363024540537
126,01.04.2020,9,2020,True,har_ovx,0.0468240331240188,0.07252168049693108
126,02.04.2020,9,2020,True,har_ovx,0.0437178522390999,0.06877761484555371
126,03.04.2020,9,2020,True,har_ovx,0.0423543112493724,0.07111335585269303
126,06.04.2020,9,2020,True,har_ovx,0.0424753638907237,0.0633528014132498
126,07.04.2020,9,2020,True,har_ovx,0.0424233427279567,0.06301961102459905
126,08.04.2020,9,2020,True,har_ovx,0.0423798161870125,0.06108375296172477
126,09.04.2020,9,2020,True,har_ovx,0.0422740361312964,0.06191572046751941
126,13.04.2020,9,2020,True,har_ovx,0.0422889864358194,0.05769669620084332
126,14.04.2020,9,2020,True,har_ovx,0.041872813472749,0.051933384743958644
126,15.04.2020,9,2020,True,har_ovx,0.0414250379781865,0.052424169115423726
126,16.04.2020,9,2020,True,har_ovx,0.0414522483332587,0.05424044923462459
126,17.04.2020,9,2020,True,har_ovx,0.0414539097837072,0.05173470108571016
126,20.04.2020,9,2020,True,har_ovx,0.0405363565860483,0.04440853651645451
126,21.04.2020,9,2020,True,har_ovx,0.031541063508861,0.09268591004302588
126,22.04.2020,9,2020,True,har_ovx,0.0312735256013391,0.13078848150809053
126,23.04.2020,9,2020,True,har_ovx,0.0312625892660942,0.09743531075981415
126,24.04.2020,9,2020,True,har_ovx,0.0312809020264661,0.08796059672799787
126,27.04.2020,9,2020,True,har_ovx,0.0306035257341944,0.0740218838100629
126,28.04.2020,9,2020,True,har_ovx,0.0307464120977587,0.07869411510721933
126,29.04.2020,9,2020,True,har_ovx,0.0296546399841604,0.08342937077231691
126,30.04.2020,9,2020,True,har_ovx,0.02841258037658,0.08266950303134862
126,01.05.2020,9,2020,True,har_ovx,0.0284045127674609,0.049506246835818085
126,04.05.2020,9,2020,True,har_ovx,0.0283200378274347,0.050691695471456195
126,05.05.2020,9,2020,True,har_ovx,0.0261320032274214,0.045726260801999326
126,06.05.2020,9,2020,True,har_ovx,0.0258873345870945,0.04633267826039891
126,07.05.2020,9,2020,True,har_ovx,0.0260572897563127,0.0526011705156803
126,08.05.2020,9,2020,True,har_ovx,0.0257227024087858,0.05070665956695321
126,11.05.2020,9,2020,True,har_ovx,0.0256240407662803,0.046512065616546534
126,12.05.2020,9,2020,True,har_ovx,0.0263565217794068,0.05054870806866575
126,13.05.2020,9,2020,True,har_ovx,0.0263190133697726,0.042001044002703
126,14.05.2020,9,2020,True,har_ovx,0.0257400224327318,0.040532462050111726
126,15.05.2020,9,2020,True,har_ovx,0.0254950440817442,0.03970030800285339
126,18.05.2020,9,2020,True,har_ovx,0.0248478914577701,0.03828855510781397
126,19.05.2020,9,2020,True,har_ovx,0.024921115461981,0.038202984996899086
126,20.05.2020,9,2020,True,har_ovx,0.0247826477395759,0.03531305290799262
126,21.05.2020,9,2020,True,har_ovx,0.0247970815973588,0.035572646999703854
126,22.05.2020,9,2020,True,har_ovx,0.0246754383064213,0.041153721802825935
126,26.05.2020,9,2020,True,har_ovx,0.0245914118515249,0.03976726022062837
126,27.05.2020,9,2020,True,har_ovx,0.0243792552345061,0.03608066704987278
126,28.05.2020,9,2020,True,har_ovx,0.0245619205529889,0.035646331298109846
126,29.05.2020,9,2020,True,har_ovx,0.0245894476322413,0.035091685571346815
126,01.06.2020,9,2020,True,har_ovx,0.0235713792484008,0.03343091026037443
126,02.06.2020,9,2020,True,har_ovx,0.0234467014038928,0.03204400974372706
126,03.06.2020,9,2020,True,har_ovx,0.0234480884106901,0.03196694141971681
126,04.06.2020,9,2020,True,har_ovx,0.0234890592742561,0.03187594868288994
126,05.06.2020,9,2020,True,har_ovx,0.0229826284236271,0.03155513805301187
126,08.06.2020,9,2020,True,har_ovx,0.0227543311113699,0.03145439047791586
126,09.06.2020,9,2020,True,har_ovx,0.0227640128880577,0.0325383083875513
126,10.06.2020,9,2020,True,har_ovx,0.0227388338693555,0.032505803913517095
126,11.06.2020,9,2020,True,har_ovx,0.0215591884937771,0.030794857942070628
126,12.06.2020,9,2020,True,har_ovx,0.0216836645440714,0.03380583811812388
126,15.06.2020,9,2020,True,har_ovx,0.0215938300210002,0.03353120368115935
126,16.06.2020,9,2020,True,har_ovx,0.0214413562034454,0.0328100867338924
126,17.06.2020,9,2020,True,har_ovx,0.0214407818381355,0.032183095138865934
126,18.06.2020,9,2020,True,har_ovx,0.0213857780178534,0.03018192607091385
126,19.06.2020,9,2020,True,har_ovx,0.0213537806846833,0.03022234353163454
126,22.06.2020,9,2020,True,har_ovx,0.0213159476769203,0.029250564560319575
126,23.06.2020,9,2020,True,har_ovx,0.0214321270248569,0.028508177289436692
126,24.06.2020,9,2020,True,har_ovx,0.020867599313176,0.029224202793043566
126,25.06.2020,9,2020,True,har_ovx,0.020895303852147,0.03169943155639899
126,26.06.2020,9,2020,True,har_ovx,0.0208941126596097,0.030713329241242735
126,29.06.2020,9,2020,True,har_ovx,0.0208704832155065,0.031012466446199517
126,30.06.2020,9,2020,True,har_ovx,0.0208279517191128,0.029536611734195757
126,01.07.2020,9,2020,True,har_ovx,0.0207567523436227,0.0286271189483141
126,02.07.2020,9,2020,True,har_ovx,0.0206509172467309,0.02713727948995051
126,06.07.2020,9,2020,True,har_ovx,0.020694585153248,0.0263889451026602
126,07.07.2020,9,2020,True,har_ovx,0.0211061834615145,0.025965433962129494
126,08.07.2020,9,2020,True,har_ovx,0.0211281658651707,0.02614474421402422
126,09.07.2020,9,2020,True,har_ovx,0.0210202817490388,0.025232839363370736
126,10.07.2020,9,2020,True,har_ovx,0.0210934029085374,0.027122616791494546
126,13.07.2020,9,2020,True,har_ovx,0.0210673845009169,0.025307016752194354
126,14.07.2020,9,2020,True,har_ovx,0.0211050785529054,0.026646992704224066
126,15.07.2020,9,2020,True,har_ovx,0.021064739352467,0.02645351224417397
126,16.07.2020,9,2020,True,har_ovx,0.0210425415176593,0.02428936636019586
126,17.07.2020,9,2020,True,har_ovx,0.0211574529156044,0.023912306047555412
126,20.07.2020,9,2020,True,har_ovx,0.0211863386889341,0.02171675017824654
126,21.07.2020,9,2020,True,har_ovx,0.0210967576133832,0.022568232686283482
126,22.07.2020,9,2020,True,har_ovx,0.0210959610799295,0.02210736107931805
126,23.07.2020,9,2020,True,har_ovx,0.0210226803333913,0.022080740579031755
126,24.07.2020,9,2020,True,har_ovx,0.0210303016129278,0.022899030412550803
126,27.07.2020,9,2020,True,har_ovx,0.0210306856911825,0.02224957930556698
126,28.07.2020,9,2020,True,har_ovx,0.021025641356458,0.021892451890770857
126,29.07.2020,9,2020,True,har_ovx,0.0210150347067914,0.021795742864780518
126,30.07.2020,9,2020,True,har_ovx,0.0209370003282711,0.02125605983557426
126,31.07.2020,9,2020,True,har_ovx,0.0209370645585909,0.022201094828377184
126,03.08.2020,9,2020,True,har_ovx,0.0209375061041464,0.02297729926764461
126,04.08.2020,9,2020,True,har_ovx,0.0209777879103466,0.021995259115633266
126,05.08.2020,9,2020,True,har_ovx,0.0209419210824678,0.021474143276325488
126,06.08.2020,9,2020,True,har_ovx,0.0209466340385442,0.020371502088623095
126,07.08.2020,9,2020,True,har_ovx,0.0209485946044869,0.02044140866085392
126,10.08.2020,9,2020,True,har_ovx,0.0209340040852933,0.02042789737694931
126,11.08.2020,9,2020,True,har_ovx,0.020902052056674,0.01979316490311656
126,12.08.2020,9,2020,True,har_ovx,0.0208502117815155,0.020444286427883412
126,13.08.2020,9,2020,True,har_ovx,0.0208832957361097,0.019468848093009333
126,14.08.2020,9,2020,True,har_ovx,0.0209031808608981,0.019475203360886893
126,17.08.2020,9,2020,True,har_ovx,0.0209155765239139,0.01953235448986427
126,18.08.2020,9,2020,True,har_ovx,0.0209314092196863,0.018598332669707136
126,19.08.2020,9,2020,True,har_ovx,0.0209942816571666,0.018244729730237812
126,20.08.2020,9,2020,True,har_ovx,0.0211752828254514,0.01867295635034059
126,21.08.2020,9,2020,True,har_ovx,0.0211309439377497,0.018657535094591476
126,24.08.2020,9,2020,True,har_ovx,0.0211846216944762,0.01899479303825109
126,25.08.2020,9,2020,True,har_ovx,0.0211584246472364,0.018512494255599872
126,26.08.2020,9,2020,True,har_ovx,0.0211853406779412,0.018803413133759585
126,27.08.2020,9,2020,True,har_ovx,0.0214501280842067,0.019032868494505598
126,28.08.2020,9,2020,True,har_ovx,0.021510447825274,0.01902168686457402
126,31.08.2020,9,2020,True,har_ovx,0.0215758790582085,0.018358165177174483
126,01.09.2020,9,2020,True,har_ovx,0.0218385514280316,0.018542403376919665
126,02.09.2020,9,2020,True,har_ovx,0.0219134042290661,0.018240413542461503
126,03.09.2020,9,2020,True,har_ovx,0.0219600621942513,0.019727761864967275
126,04.09.2020,9,2020,True,har_ovx,0.0217586359251065,0.021789322109615414
126,08.09.2020,9,2020,True,har_ovx,0.020732589409802,0.02295845195312544
126,09.09.2020,9,2020,True,har_ovx,0.0207332875064523,0.027742988115654454
126,10.09.2020,9,2020,True,har_ovx,0.0206568312305012,0.025223249844846682
126,11.09.2020,9,2020,True,har_ovx,0.0206537032874056,0.026172068685343393
126,14.09.2020,9,2020,True,har_ovx,0.0206603226412005,0.025374789090589746
126,15.09.2020,9,2020,True,har_ovx,0.0206113987880139,0.025109383807520404
126,16.09.2020,9,2020,True,har_ovx,0.0214355700543344,0.023677650169342306
126,17.09.2020,9,2020,True,har_ovx,0.0213946598203762,0.02236063515251671
126,18.09.2020,9,2020,True,har_ovx,0.0213869760621499,0.021459730299779135
126,21.09.2020,9,2020,True,har_ovx,0.0217995220778328,0.02149331315245201
126,22.09.2020,9,2020,True,har_ovx,0.0223376532059226,0.023095645640810344
126,23.09.2020,9,2020,True,har_ovx,0.0226539616683322,0.02235225009248045
126,24.09.2020,9,2020,True,har_ovx,0.022909340848091,0.02355481866532304
126,25.09.2020,9,2020,True,har_ovx,0.0229080921035552,0.022929221805076297
126,28.09.2020,9,2020,True,har_ovx,0.0229417186375412,0.02237170854296421
126,29.09.2020,9,2020,True,har_ovx,0.0227314474145315,0.022165833058989087
126,30.09.2020,9,2020,True,har_ovx,0.022776915840527,0.02429110951516337
126,01.10.2020,9,2020,True,har_ovx,0.0231454032037641,0.023374055031398062
126,02.10.2020,9,2020,True,har_ovx,0.022800203840767,0.025314909838715868
126,05.10.2020,9,2020,True,har_ovx,0.022417513839762,0.02779723192646403
126,06.10.2020,9,2020,True,har_ovx,0.0222665070045878,0.025675108442878226
126,07.10.2020,9,2020,True,har_ovx,0.0222123317490734,0.024381225951277428
126,08.10.2020,9,2020,True,har_ovx,0.0220660220514221,0.023897818108373246
126,09.10.2020,9,2020,True,har_ovx,0.0220298837108447,0.02238260241948522
126,12.10.2020,9,2020,True,har_ovx,0.0221735212306471,0.0227700352154417
126,13.10.2020,9,2020,True,har_ovx,0.0221402569647922,0.023482150898151213
126,14.10.2020,9,2020,True,har_ovx,0.0220960949173032,0.024185072393218966
126,15.10.2020,9,2020,True,har_ovx,0.0220868928135393,0.02320810655327473
126,16.10.2020,9,2020,True,har_ovx,0.0220933966322006,0.023227457928771865
126,19.10.2020,9,2020,True,har_ovx,0.0221633950666308,0.023320241873994278
126,20.10.2020,9,2020,True,har_ovx,0.0221487690905847,0.022990881391056497
126,21.10.2020,9,2020,True,har_ovx,0.0219076411768709,0.0232027756186561
126,22.10.2020,9,2020,True,har_ovx,0.0218932038821131,0.024715534618765727
126,23.10.2020,9,2020,True,har_ovx,0.0218323338847756,0.02430190617498647
126,26.10.2020,9,2020,True,har_ovx,0.0216117954122628,0.024203957384327384
126,27.10.2020,9,2020,True,har_ovx,0.0216164738647109,0.026772219473177518
126,28.10.2020,9,2020,True,har_ovx,0.021133153758083,0.025641585030143653
126,29.10.2020,9,2020,True,har_ovx,0.0207840203756282,0.029342098044695716
126,30.10.2020,9,2020,True,har_ovx,0.0208066321940948,0.030730070684345006
126,02.11.2020,9,2020,True,har_ovx,0.0205744113342053,0.03253579558270605
126,03.11.2020,9,2020,True,har_ovx,0.0205909108554352,0.031842361299422826
126,04.11.2020,9,2020,True,har_ovx,0.0203731270712391,0.030581915406286384
126,05.11.2020,9,2020,True,har_ovx,0.0203502120993034,0.027387496731705846
126,06.11.2020,9,2020,True,har_ovx,0.0200163202456371,0.026917973954214774
126,09.11.2020,9,2020,True,har_ovx,0.019081079511366,0.0278309742383129
126,10.11.2020,9,2020,True,har_ovx,0.0192410281717181,0.02686025881315114
126,11.11.2020,9,2020,True,har_ovx,0.0193320124730787,0.02575810366380671
126,12.11.2020,9,2020,True,har_ovx,0.0193228102606551,0.025501603731982975
126,13.11.2020,9,2020,True,har_ovx,0.019274533855855,0.026120179785028817
126,16.11.2020,9,2020,True,har_ovx,0.01942452588727,0.02520595595651835
126,17.11.2020,9,2020,True,har_ovx,0.019566745558304,0.02477613506147858
126,18.11.2020,9,2020,True,har_ovx,0.019604734080012,0.02402021599409997
126,19.11.2020,9,2020,True,har_ovx,0.0197401031452333,0.024383311830640797
126,20.11.2020,9,2020,True,har_ovx,0.0197024924098208,0.02443753356452115
126,23.11.2020,9,2020,True,har_ovx,0.0196136473160117,0.02361099688021661
126,24.11.2020,9,2020,True,har_ovx,0.0193645737943464,0.023177204240758947
126,25.11.2020,9,2020,True,har_ovx,0.0193315603548621,0.023283797944382203
126,27.11.2020,9,2020,True,har_ovx,0.0193100055262916,0.023300367560099206
126,30.11.2020,9,2020,True,har_ovx,0.019292735135221,0.024147316935604665
126,01.12.2020,9,2020,True,har_ovx,0.0192861069606565,0.02459639845014893
126,02.12.2020,9,2020,True,har_ovx,0.0192495211045138,0.024693353995109406
126,03.12.2020,9,2020,True,har_ovx,0.0192567236782598,0.023974979064068064
126,04.12.2020,9,2020,True,har_ovx,0.0192540083725423,0.022165799176786103
126,07.12.2020,9,2020,True,har_ovx,0.0192236993259236,0.02120070177057631
126,08.12.2020,9,2020,True,har_ovx,0.019222997639507,0.02085374832530396
126,09.12.2020,9,2020,True,har_ovx,0.0192215746976213,0.020565345859224524
126,10.12.2020,9,2020,True,har_ovx,0.0190911683654965,0.0211985835806861
126,11.12.2020,9,2020,True,har_ovx,0.0191075937274062,0.021407986450850226
126,14.12.2020,9,2020,True,har_ovx,0.0191064408086537,0.02124472408238991
126,15.12.2020,9,2020,True,har_ovx,0.019188234008032,0.021364749742100418
126,16.12.2020,9,2020,True,har_ovx,0.0191876793247282,0.021126328562023684
126,17.12.2020,9,2020,True,har_ovx,0.0192339121474345,0.02086497957441142
126,18.12.2020,9,2020,True,har_ovx,0.0192087513912748,0.02020895264020031
126,21.12.2020,9,2020,True,har_ovx,0.0190319951851155,0.02033808060594834
126,22.12.2020,9,2020,True,har_ovx,0.0189515718735262,0.02207589790647671
126,23.12.2020,9,2020,True,har_ovx,0.0188811753899635,0.022226800105663785
126,24.12.2020,9,2020,True,har_ovx,0.0189921105024417,0.021377604717329246
126,28.12.2020,9,2020,True,har_ovx,0.0189653345896064,0.02110503002434309
126,29.12.2020,9,2020,True,har_ovx,0.0189656331015873,0.021229132172289823
126,30.12.2020,9,2020,True,har_ovx,0.0189733898428466,0.020818196008060154
126,31.12.2020,9,2020,True,har_ovx,0.0189665309293492,0.0205879205312694
126,02.01.2020,9,2020,True,har_gpr,0.0601654111227235,0.01869627793941868
126,03.01.2020,9,2020,True,har_gpr,0.060067735261944,0.017932050663334396
126,06.01.2020,9,2020,True,har_gpr,0.060063939610465,0.018899149611510388
126,07.01.2020,9,2020,True,har_gpr,0.0600666574951492,0.017544500120468053
126,08.01.2020,9,2020,True,har_gpr,0.0599889367216574,0.017685422684961715
126,09.01.2020,9,2020,True,har_gpr,0.0600275081957901,0.019901896466342214
126,10.01.2020,9,2020,True,har_gpr,0.0600321833276722,0.019032308668632845
126,13.01.2020,9,2020,True,har_gpr,0.0600307256823087,0.01859752482951083
126,14.01.2020,9,2020,True,har_gpr,0.0600641547301579,0.01913191927192968
126,15.01.2020,9,2020,True,har_gpr,0.0600656414572276,0.018928488144079453
126,16.01.2020,9,2020,True,har_gpr,0.0600550629102772,0.018387935021822142
126,17.01.2020,9,2020,True,har_gpr,0.0600547876139236,0.01854085578710051
126,21.01.2020,9,2020,True,har_gpr,0.0601027109577142,0.018426569706768547
126,22.01.2020,9,2020,True,har_gpr,0.0600797868533381,0.017965030900438814
126,23.01.2020,9,2020,True,har_gpr,0.060088484098374,0.018837878533540117
126,24.01.2020,9,2020,True,har_gpr,0.0600646364616671,0.019001444441113752
126,27.01.2020,9,2020,True,har_gpr,0.0600384719676801,0.018994898014508634
126,28.01.2020,9,2020,True,har_gpr,0.0600365376570527,0.018825667625982083
126,29.01.2020,9,2020,True,har_gpr,0.060047144151272,0.018578410173980223
126,30.01.2020,9,2020,True,har_gpr,0.0600285682866787,0.01878269068845344
126,31.01.2020,9,2020,True,har_gpr,0.0600362416941848,0.01894946082731267
126,03.02.2020,9,2020,True,har_gpr,0.0597942373749183,0.018372336508245202
126,04.02.2020,9,2020,True,har_gpr,0.0597947394854565,0.021672033912696353
126,05.02.2020,9,2020,True,har_gpr,0.0597723045408413,0.02023976531018606
126,06.02.2020,9,2020,True,har_gpr,0.0597707863655234,0.02154888756315518
126,07.02.2020,9,2020,True,har_gpr,0.0597804710722858,0.020552651119062945
126,10.02.2020,9,2020,True,har_gpr,0.0597659580153842,0.020541108943000697
126,11.02.2020,9,2020,True,har_gpr,0.0597564790946027,0.019792976915174707
126,12.02.2020,9,2020,True,har_gpr,0.0597122300666349,0.01999573967927283
126,13.02.2020,9,2020,True,har_gpr,0.0597083964340035,0.021334072543979912
126,14.02.2020,9,2020,True,har_gpr,0.0596840973406928,0.020984976701253828
126,18.02.2020,9,2020,True,har_gpr,0.0596924069019545,0.021238473204282442
126,19.02.2020,9,2020,True,har_gpr,0.0596500654548041,0.020490173987129167
126,20.02.2020,9,2020,True,har_gpr,0.0596481724855963,0.02124102845931339
126,21.02.2020,9,2020,True,har_gpr,0.0596437093141127,0.020576660221507084
126,24.02.2020,9,2020,True,har_gpr,0.059562264169219,0.02106336500019967
126,25.02.2020,9,2020,True,har_gpr,0.0595527960496972,0.02271065466380554
126,26.02.2020,9,2020,True,har_gpr,0.0595254508255035,0.022471634097365207
126,27.02.2020,9,2020,True,har_gpr,0.0594922208906821,0.022339491989131804
126,28.02.2020,9,2020,True,har_gpr,0.0594344693007615,0.021966118591342572
126,02.03.2020,9,2020,True,har_gpr,0.0593818245563386,0.022132390467888008
126,03.03.2020,9,2020,True,har_gpr,0.0593844003325534,0.02350500933508429
126,04.03.2020,9,2020,True,har_gpr,0.0593765840068874,0.021204441490022128
126,05.03.2020,9,2020,True,har_gpr,0.0593859492197312,0.021448761369103685
126,06.03.2020,9,2020,True,har_gpr,0.0587313069986041,0.021390472993795023
126,09.03.2020,9,2020,True,har_gpr,0.0533534258552843,0.027899723361764796
126,10.03.2020,9,2020,True,har_gpr,0.0532656052083726,0.050204559285628995
126,11.03.2020,9,2020,True,har_gpr,0.0531899414006425,0.04870074066360119
126,12.03.2020,9,2020,True,har_gpr,0.0527846314838682,0.047633759951943015
126,13.03.2020,9,2020,True,har_gpr,0.0527655596960374,0.04815172217969131
126,16.03.2020,9,2020,True,har_gpr,0.0516512579259068,0.04744900767280508
126,17.03.2020,9,2020,True,har_gpr,0.0515097415534538,0.0474203603634141
126,18.03.2020,9,2020,True,har_gpr,0.0499075115945311,0.04417721711440741
126,19.03.2020,9,2020,True,har_gpr,0.0485501556841431,0.04801355763961462
126,20.03.2020,9,2020,True,har_gpr,0.0482831147522444,0.05435611057769404
126,23.03.2020,9,2020,True,har_gpr,0.048442959203062,0.052440856453977065
126,24.03.2020,9,2020,True,har_gpr,0.0484437893792722,0.05117640516005338
126,25.03.2020,9,2020,True,har_gpr,0.0484417553441031,0.051398508943070575
126,26.03.2020,9,2020,True,har_gpr,0.0482916277409362,0.050039095462182916
126,27.03.2020,9,2020,True,har_gpr,0.0480047705427901,0.048514464775089375
126,30.03.2020,9,2020,True,har_gpr,0.0472419133643857,0.04892201906438782
126,31.03.2020,9,2020,True,har_gpr,0.0473636421140481,0.05019114202382138
126,01.04.2020,9,2020,True,har_gpr,0.0468240331240188,0.048240291973362034
126,02.04.2020,9,2020,True,har_gpr,0.0437178522390999,0.053191172707784964
126,03.04.2020,9,2020,True,har_gpr,0.0423543112493724,0.06347889223204946
126,06.04.2020,9,2020,True,har_gpr,0.0424753638907237,0.06377708858445222
126,07.04.2020,9,2020,True,har_gpr,0.0424233427279567,0.052991196396538494
126,08.04.2020,9,2020,True,har_gpr,0.0423798161870125,0.0527460964222793
126,09.04.2020,9,2020,True,har_gpr,0.0422740361312964,0.052673226219096765
126,13.04.2020,9,2020,True,har_gpr,0.0422889864358194,0.05103114296715883
126,14.04.2020,9,2020,True,har_gpr,0.041872813472749,0.047969361905837005
126,15.04.2020,9,2020,True,har_gpr,0.0414250379781865,0.048512727582854936
126,16.04.2020,9,2020,True,har_gpr,0.0414522483332587,0.049012371293478435
126,17.04.2020,9,2020,True,har_gpr,0.0414539097837072,0.04438307126321468
126,20.04.2020,9,2020,True,har_gpr,0.0405363565860483,0.04203094796877276
126,21.04.2020,9,2020,True,har_gpr,0.031541063508861,0.04472793053933442
126,22.04.2020,9,2020,True,har_gpr,0.0312735256013391,0.0619718558524316
126,23.04.2020,9,2020,True,har_gpr,0.0312625892660942,0.058529420264277925
126,24.04.2020,9,2020,True,har_gpr,0.0312809020264661,0.05907460789197936
126,27.04.2020,9,2020,True,har_gpr,0.0306035257341944,0.058138418114848246
126,28.04.2020,9,2020,True,har_gpr,0.0307464120977587,0.05967167509178797
126,29.04.2020,9,2020,True,har_gpr,0.0296546399841604,0.05334626507701906
126,30.04.2020,9,2020,True,har_gpr,0.02841258037658,0.05664027016702803
126,01.05.2020,9,2020,True,har_gpr,0.0284045127674609,0.05837376129961898
126,04.05.2020,9,2020,True,har_gpr,0.0283200378274347,0.05276688742780551
126,05.05.2020,9,2020,True,har_gpr,0.0261320032274214,0.04853041425478637
126,06.05.2020,9,2020,True,har_gpr,0.0258873345870945,0.05308920620416929
126,07.05.2020,9,2020,True,har_gpr,0.0260572897563127,0.05260390719781959
126,08.05.2020,9,2020,True,har_gpr,0.0257227024087858,0.05154572690748807
126,11.05.2020,9,2020,True,har_gpr,0.0256240407662803,0.05258107050736738
126,12.05.2020,9,2020,True,har_gpr,0.0263565217794068,0.0532008014448515
126,13.05.2020,9,2020,True,har_gpr,0.0263190133697726,0.05016098975838817
126,14.05.2020,9,2020,True,har_gpr,0.0257400224327318,0.049848666826976376
126,15.05.2020,9,2020,True,har_gpr,0.0254950440817442,0.05164248758287898
126,18.05.2020,9,2020,True,har_gpr,0.0248478914577701,0.051289666883155775
126,19.05.2020,9,2020,True,har_gpr,0.024921115461981,0.050830850500849144
126,20.05.2020,9,2020,True,har_gpr,0.0247826477395759,0.03545340489397549
126,21.05.2020,9,2020,True,har_gpr,0.0247970815973588,0.03520668908485445
126,22.05.2020,9,2020,True,har_gpr,0.0246754383064213,0.034692704557869804
126,26.05.2020,9,2020,True,har_gpr,0.0245914118515249,0.03591530465909969
126,27.05.2020,9,2020,True,har_gpr,0.0243792552345061,0.032984839379660826
126,28.05.2020,9,2020,True,har_gpr,0.0245619205529889,0.034679003880089466
126,29.05.2020,9,2020,True,har_gpr,0.0245894476322413,0.032869829060676134
126,01.06.2020,9,2020,True,har_gpr,0.0235713792484008,0.03048854645936946
126,02.06.2020,9,2020,True,har_gpr,0.0234467014038928,0.03370489443373327
126,03.06.2020,9,2020,True,har_gpr,0.0234480884106901,0.03270859362452363
126,04.06.2020,9,2020,True,har_gpr,0.0234890592742561,0.028120239133765695
126,05.06.2020,9,2020,True,har_gpr,0.0229826284236271,0.02729402936992777
126,08.06.2020,9,2020,True,har_gpr,0.0227543311113699,0.028611203224482896
126,09.06.2020,9,2020,True,har_gpr,0.0227640128880577,0.028829220391487383
126,10.06.2020,9,2020,True,har_gpr,0.0227388338693555,0.027110952185835587
126,11.06.2020,9,2020,True,har_gpr,0.0215591884937771,0.02719280496717778
126,12.06.2020,9,2020,True,har_gpr,0.0216836645440714,0.03169098383377001
126,15.06.2020,9,2020,True,har_gpr,0.0215938300210002,0.028748981936823337
126,16.06.2020,9,2020,True,har_gpr,0.0214413562034454,0.02904275132606356
126,17.06.2020,9,2020,True,har_gpr,0.0214407818381355,0.028377857004655293
126,18.06.2020,9,2020,True,har_gpr,0.0213857780178534,0.02783750132385795
126,19.06.2020,9,2020,True,har_gpr,0.0213537806846833,0.026458775145294513
126,22.06.2020,9,2020,True,har_gpr,0.0213159476769203,0.02635708548461842
126,23.06.2020,9,2020,True,har_gpr,0.0214321270248569,0.026088958209248565
126,24.06.2020,9,2020,True,har_gpr,0.020867599313176,0.025944290789228785
126,25.06.2020,9,2020,True,har_gpr,0.020895303852147,0.02838342498224737
126,26.06.2020,9,2020,True,har_gpr,0.0208941126596097,0.027596797956628623
126,29.06.2020,9,2020,True,har_gpr,0.0208704832155065,0.027157497679443386
126,30.06.2020,9,2020,True,har_gpr,0.0208279517191128,0.02566198047347735
126,01.07.2020,9,2020,True,har_gpr,0.0207567523436227,0.0254015703549247
126,02.07.2020,9,2020,True,har_gpr,0.0206509172467309,0.024872391230290815
126,06.07.2020,9,2020,True,har_gpr,0.020694585153248,0.025243181998855876
126,07.07.2020,9,2020,True,har_gpr,0.0211061834615145,0.02354940194435675
126,08.07.2020,9,2020,True,har_gpr,0.0211281658651707,0.022981229024117922
126,09.07.2020,9,2020,True,har_gpr,0.0210202817490388,0.022848009041203057
126,10.07.2020,9,2020,True,har_gpr,0.0210934029085374,0.02361049426730291
126,13.07.2020,9,2020,True,har_gpr,0.0210673845009169,0.02055345078621132
126,14.07.2020,9,2020,True,har_gpr,0.0211050785529054,0.02066225716511884
126,15.07.2020,9,2020,True,har_gpr,0.021064739352467,0.020279933628486447
126,16.07.2020,9,2020,True,har_gpr,0.0210425415176593,0.020516698906358537
126,17.07.2020,9,2020,True,har_gpr,0.0211574529156044,0.02015201212489141
126,20.07.2020,9,2020,True,har_gpr,0.0211863386889341,0.019805711457795194
126,21.07.2020,9,2020,True,har_gpr,0.0210967576133832,0.019379788493094085
126,22.07.2020,9,2020,True,har_gpr,0.0210959610799295,0.020058639407295187
126,23.07.2020,9,2020,True,har_gpr,0.0210226803333913,0.019385273464086118
126,24.07.2020,9,2020,True,har_gpr,0.0210303016129278,0.018252076817351356
126,27.07.2020,9,2020,True,har_gpr,0.0210306856911825,0.01762471551405294
126,28.07.2020,9,2020,True,har_gpr,0.021025641356458,0.01771433583140094
126,29.07.2020,9,2020,True,har_gpr,0.0210150347067914,0.017315344089222202
126,30.07.2020,9,2020,True,har_gpr,0.0209370003282711,0.017499939077278558
126,31.07.2020,9,2020,True,har_gpr,0.0209370645585909,0.017611784889996963
126,03.08.2020,9,2020,True,har_gpr,0.0209375061041464,0.016974805363290803
126,04.08.2020,9,2020,True,har_gpr,0.0209777879103466,0.01770470266766028
126,05.08.2020,9,2020,True,har_gpr,0.0209419210824678,0.017413420289672042
126,06.08.2020,9,2020,True,har_gpr,0.0209466340385442,0.01781971031995252
126,07.08.2020,9,2020,True,har_gpr,0.0209485946044869,0.016696935265201048
126,10.08.2020,9,2020,True,har_gpr,0.0209340040852933,0.01725752038109795
126,11.08.2020,9,2020,True,har_gpr,0.020902052056674,0.01703658511777723
126,12.08.2020,9,2020,True,har_gpr,0.0208502117815155,0.017204099794371673
126,13.08.2020,9,2020,True,har_gpr,0.0208832957361097,0.017478616133476312
126,14.08.2020,9,2020,True,har_gpr,0.0209031808608981,0.01732382527495402
126,17.08.2020,9,2020,True,har_gpr,0.0209155765239139,0.017059763576071092
126,18.08.2020,9,2020,True,har_gpr,0.0209314092196863,0.017282117238624464
126,19.08.2020,9,2020,True,har_gpr,0.0209942816571666,0.016559669227683184
126,20.08.2020,9,2020,True,har_gpr,0.0211752828254514,0.016355735427698064
126,21.08.2020,9,2020,True,har_gpr,0.0211309439377497,0.016144846941945384
126,24.08.2020,9,2020,True,har_gpr,0.0211846216944762,0.01644501691082757
126,25.08.2020,9,2020,True,har_gpr,0.0211584246472364,0.016743352593406518
126,26.08.2020,9,2020,True,har_gpr,0.0211853406779412,0.01695601784947091
126,27.08.2020,9,2020,True,har_gpr,0.0214501280842067,0.01670012243547486
126,28.08.2020,9,2020,True,har_gpr,0.021510447825274,0.016669648807157843
126,31.08.2020,9,2020,True,har_gpr,0.0215758790582085,0.016316496612987456
126,01.09.2020,9,2020,True,har_gpr,0.0218385514280316,0.016280289044088153
126,02.09.2020,9,2020,True,har_gpr,0.0219134042290661,0.01615634744305763
126,03.09.2020,9,2020,True,har_gpr,0.0219600621942513,0.017224820244674855
126,04.09.2020,9,2020,True,har_gpr,0.0217586359251065,0.01688405386169482
126,08.09.2020,9,2020,True,har_gpr,0.020732589409802,0.01826711568117723
126,09.09.2020,9,2020,True,har_gpr,0.0207332875064523,0.022093461189073064
126,10.09.2020,9,2020,True,har_gpr,0.0206568312305012,0.021927483317332443
126,11.09.2020,9,2020,True,har_gpr,0.0206537032874056,0.021512286652231306
126,14.09.2020,9,2020,True,har_gpr,0.0206603226412005,0.02125767755736701
126,15.09.2020,9,2020,True,har_gpr,0.0206113987880139,0.021359374832867636
126,16.09.2020,9,2020,True,har_gpr,0.0214355700543344,0.02116387041581215
126,17.09.2020,9,2020,True,har_gpr,0.0213946598203762,0.022790519967734478
126,18.09.2020,9,2020,True,har_gpr,0.0213869760621499,0.02263212365604491
126,21.09.2020,9,2020,True,har_gpr,0.0217995220778328,0.02211606318683096
126,22.09.2020,9,2020,True,har_gpr,0.0223376532059226,0.02397290514906896
126,23.09.2020,9,2020,True,har_gpr,0.0226539616683322,0.02307329734350589
126,24.09.2020,9,2020,True,har_gpr,0.022909340848091,0.022426015026987198
126,25.09.2020,9,2020,True,har_gpr,0.0229080921035552,0.022273730173216273
126,28.09.2020,9,2020,True,har_gpr,0.0229417186375412,0.02218307521469836
126,29.09.2020,9,2020,True,har_gpr,0.0227314474145315,0.021803429000316708
126,30.09.2020,9,2020,True,har_gpr,0.022776915840527,0.023255121325233174
126,01.10.2020,9,2020,True,har_gpr,0.0231454032037641,0.022532422112757845
126,02.10.2020,9,2020,True,har_gpr,0.022800203840767,0.02230407728761785
126,05.10.2020,9,2020,True,har_gpr,0.022417513839762,0.024032033749042152
126,06.10.2020,9,2020,True,har_gpr,0.0222665070045878,0.025513284694472914
126,07.10.2020,9,2020,True,har_gpr,0.0222123317490734,0.02346404520389256
126,08.10.2020,9,2020,True,har_gpr,0.0220660220514221,0.023106621184831283
126,09.10.2020,9,2020,True,har_gpr,0.0220298837108447,0.02370407714822126
126,12.10.2020,9,2020,True,har_gpr,0.0221735212306471,0.022860732404253504
126,13.10.2020,9,2020,True,har_gpr,0.0221402569647922,0.023459266274633846
126,14.10.2020,9,2020,True,har_gpr,0.0220960949173032,0.023123891327533785
126,15.10.2020,9,2020,True,har_gpr,0.0220868928135393,0.022669020057738177
126,16.10.2020,9,2020,True,har_gpr,0.0220933966322006,0.021818428951831104
126,19.10.2020,9,2020,True,har_gpr,0.0221633950666308,0.02182676093739943
126,20.10.2020,9,2020,True,har_gpr,0.0221487690905847,0.021017308065938933
126,21.10.2020,9,2020,True,har_gpr,0.0219076411768709,0.021121138555587768
126,22.10.2020,9,2020,True,har_gpr,0.0218932038821131,0.02235456310314614
126,23.10.2020,9,2020,True,har_gpr,0.0218323338847756,0.022323018780917178
126,26.10.2020,9,2020,True,har_gpr,0.0216117954122628,0.022473249939773288
126,27.10.2020,9,2020,True,har_gpr,0.0216164738647109,0.02307688348258221
126,28.10.2020,9,2020,True,har_gpr,0.021133153758083,0.022561073246062283
126,29.10.2020,9,2020,True,har_gpr,0.0207840203756282,0.024629420054144827
126,30.10.2020,9,2020,True,har_gpr,0.0208066321940948,0.024626144894219222
126,02.11.2020,9,2020,True,har_gpr,0.0205744113342053,0.023420215794670664
126,03.11.2020,9,2020,True,har_gpr,0.0205909108554352,0.024415189608747834
126,04.11.2020,9,2020,True,har_gpr,0.0203731270712391,0.023650550406677
126,05.11.2020,9,2020,True,har_gpr,0.0203502120993034,0.024351244689866408
126,06.11.2020,9,2020,True,har_gpr,0.0200163202456371,0.0227147279783073
126,09.11.2020,9,2020,True,har_gpr,0.019081079511366,0.024303324320315643
126,10.11.2020,9,2020,True,har_gpr,0.0192410281717181,0.02740726451188237
126,11.11.2020,9,2020,True,har_gpr,0.0193320124730787,0.026668466001152497
126,12.11.2020,9,2020,True,har_gpr,0.0193228102606551,0.025984342501807846
126,13.11.2020,9,2020,True,har_gpr,0.019274533855855,0.02602545972619779
126,16.11.2020,9,2020,True,har_gpr,0.01942452588727,0.026078796032343494
126,17.11.2020,9,2020,True,har_gpr,0.019566745558304,0.025581053019048543
126,18.11.2020,9,2020,True,har_gpr,0.019604734080012,0.02484975644093889
126,19.11.2020,9,2020,True,har_gpr,0.0197401031452333,0.024752793630261345
126,20.11.2020,9,2020,True,har_gpr,0.0197024924098208,0.02445296493637009
126,23.11.2020,9,2020,True,har_gpr,0.0196136473160117,0.024465878958626265
126,24.11.2020,9,2020,True,har_gpr,0.0193645737943464,0.024047490185096814
126,25.11.2020,9,2020,True,har_gpr,0.0193315603548621,0.02483132610576368
126,27.11.2020,9,2020,True,har_gpr,0.0193100055262916,0.022929850556369417
126,30.11.2020,9,2020,True,har_gpr,0.019292735135221,0.022018346663271342
126,01.12.2020,9,2020,True,har_gpr,0.0192861069606565,0.02239598861541497
126,02.12.2020,9,2020,True,har_gpr,0.0192495211045138,0.021912086874542356
126,03.12.2020,9,2020,True,har_gpr,0.0192567236782598,0.021808136471596563
126,04.12.2020,9,2020,True,har_gpr,0.0192540083725423,0.02119957245030857
126,07.12.2020,9,2020,True,har_gpr,0.0192236993259236,0.02108331761501298
126,08.12.2020,9,2020,True,har_gpr,0.019222997639507,0.020015560535545113
126,09.12.2020,9,2020,True,har_gpr,0.0192215746976213,0.01740445627988329
126,10.12.2020,9,2020,True,har_gpr,0.0190911683654965,0.0169533789192366
126,11.12.2020,9,2020,True,har_gpr,0.0191075937274062,0.018196097102734277
126,14.12.2020,9,2020,True,har_gpr,0.0191064408086537,0.01774297043217464
126,15.12.2020,9,2020,True,har_gpr,0.019188234008032,0.017372655164389603
126,16.12.2020,9,2020,True,har_gpr,0.0191876793247282,0.017210128969104732
126,17.12.2020,9,2020,True,har_gpr,0.0192339121474345,0.01704933325454927
126,18.12.2020,9,2020,True,har_gpr,0.0192087513912748,0.016738070275622626
126,21.12.2020,9,2020,True,har_gpr,0.0190319951851155,0.016672532357665658
126,22.12.2020,9,2020,True,har_gpr,0.0189515718735262,0.01845943157596168
126,23.12.2020,9,2020,True,har_gpr,0.0188811753899635,0.018402839583457745
126,24.12.2020,9,2020,True,har_gpr,0.0189921105024417,0.01803956563693662
126,28.12.2020,9,2020,True,har_gpr,0.0189653345896064,0.01746676257884503
126,29.12.2020,9,2020,True,har_gpr,0.0189656331015873,0.017386239735646986
126,30.12.2020,9,2020,True,har_gpr,0.0189733898428466,0.016900037261899797
126,31.12.2020,9,2020,True,har_gpr,0.0189665309293492,0.016673509599090437
126,02.01.2020,9,2020,True,har_x,0.0601654111227235,0.017116280662221036
126,03.01.2020,9,2020,True,har_x,0.060067735261944,0.017153211529324492
126,06.01.2020,9,2020,True,har_x,0.060063939610465,0.01844284837833729
126,07.01.2020,9,2020,True,har_x,0.0600666574951492,0.019933222705983616
126,08.01.2020,9,2020,True,har_x,0.0599889367216574,0.019759114285776612
126,09.01.2020,9,2020,True,har_x,0.0600275081957901,0.020323414575337977
126,10.01.2020,9,2020,True,har_x,0.0600321833276722,0.020389132332476793
126,13.01.2020,9,2020,True,har_x,0.0600307256823087,0.019369197772235554
126,14.01.2020,9,2020,True,har_x,0.0600641547301579,0.01975959908836008
126,15.01.2020,9,2020,True,har_x,0.0600656414572276,0.019473814166524127
126,16.01.2020,9,2020,True,har_x,0.0600550629102772,0.01942962244227967
126,17.01.2020,9,2020,True,har_x,0.0600547876139236,0.01808915529322426
126,21.01.2020,9,2020,True,har_x,0.0601027109577142,0.01762182800959309
126,22.01.2020,9,2020,True,har_x,0.0600797868533381,0.01731715931006758
126,23.01.2020,9,2020,True,har_x,0.060088484098374,0.018533150926575273
126,24.01.2020,9,2020,True,har_x,0.0600646364616671,0.018996245905463522
126,27.01.2020,9,2020,True,har_x,0.0600384719676801,0.01998729319089599
126,28.01.2020,9,2020,True,har_x,0.0600365376570527,0.020719448163907882
126,29.01.2020,9,2020,True,har_x,0.060047144151272,0.02014712730518759
126,30.01.2020,9,2020,True,har_x,0.0600285682866787,0.019891162272694808
126,31.01.2020,9,2020,True,har_x,0.0600362416941848,0.020595081735691384
126,03.02.2020,9,2020,True,har_x,0.0597942373749183,0.021562895135390815
126,04.02.2020,9,2020,True,har_x,0.0597947394854565,0.02245909622352812
126,05.02.2020,9,2020,True,har_x,0.0597723045408413,0.021334973359558345
126,06.02.2020,9,2020,True,har_x,0.0597707863655234,0.02087280736201195
126,07.02.2020,9,2020,True,har_x,0.0597804710722858,0.02020541163472262
126,10.02.2020,9,2020,True,har_x,0.0597659580153842,0.02061000727549298
126,11.02.2020,9,2020,True,har_x,0.0597564790946027,0.02082227187209234
126,12.02.2020,9,2020,True,har_x,0.0597122300666349,0.02025869886337822
126,13.02.2020,9,2020,True,har_x,0.0597083964340035,0.019681468052937016
126,14.02.2020,9,2020,True,har_x,0.0596840973406928,0.019702096437141915
126,18.02.2020,9,2020,True,har_x,0.0596924069019545,0.01978290703807816
126,19.02.2020,9,2020,True,har_x,0.0596500654548041,0.019401781879023562
126,20.02.2020,9,2020,True,har_x,0.0596481724855963,0.019056581164615796
126,21.02.2020,9,2020,True,har_x,0.0596437093141127,0.019299786448158163
126,24.02.2020,9,2020,True,har_x,0.059562264169219,0.020331059505478182
126,25.02.2020,9,2020,True,har_x,0.0595527960496972,0.02159283545271293
126,26.02.2020,9,2020,True,har_x,0.0595254508255035,0.02264515092802997
126,27.02.2020,9,2020,True,har_x,0.0594922208906821,0.023038913306550873
126,28.02.2020,9,2020,True,har_x,0.0594344693007615,0.025292163431535133
126,02.03.2020,9,2020,True,har_x,0.0593818245563386,0.026029238254967207
126,03.03.2020,9,2020,True,har_x,0.0593844003325534,0.025092646555698372
126,04.03.2020,9,2020,True,har_x,0.0593765840068874,0.02573404565515397
126,05.03.2020,9,2020,True,har_x,0.0593859492197312,0.025718309048999573
126,06.03.2020,9,2020,True,har_x,0.0587313069986041,0.026472664661018556
126,09.03.2020,9,2020,True,har_x,0.0533534258552843,0.03171644706305108
126,10.03.2020,9,2020,True,har_x,0.0532656052083726,0.05264553925444368
126,11.03.2020,9,2020,True,har_x,0.0531899414006425,0.04339441694053755
126,12.03.2020,9,2020,True,har_x,0.0527846314838682,0.047819550168197146
126,13.03.2020,9,2020,True,har_x,0.0527655596960374,0.05474955197807961
126,16.03.2020,9,2020,True,har_x,0.0516512579259068,0.05266581646879588
126,17.03.2020,9,2020,True,har_x,0.0515097415534538,0.05676598254340326
126,18.03.2020,9,2020,True,har_x,0.0499075115945311,0.05831134061889759
126,19.03.2020,9,2020,True,har_x,0.0485501556841431,0.07126287114391545
126,20.03.2020,9,2020,True,har_x,0.0482831147522444,0.07047488082302848
126,23.03.2020,9,2020,True,har_x,0.048442959203062,0.0798576008575659
126,24.03.2020,9,2020,True,har_x,0.0484437893792722,0.07873575342363359
126,25.03.2020,9,2020,True,har_x,0.0484417553441031,0.07323905893917307
126,26.03.2020,9,2020,True,har_x,0.0482916277409362,0.06335353005465669
126,27.03.2020,9,2020,True,har_x,0.0480047705427901,0.06582605826042226
126,30.03.2020,9,2020,True,har_x,0.0472419133643857,0.0755240901637444
126,31.03.2020,9,2020,True,har_x,0.0473636421140481,0.07483851824893904
126,01.04.2020,9,2020,True,har_x,0.0468240331240188,0.07310953250253423
126,02.04.2020,9,2020,True,har_x,0.0437178522390999,0.06924351588657462
126,03.04.2020,9,2020,True,har_x,0.0423543112493724,0.07147225599115649
126,06.04.2020,9,2020,True,har_x,0.0424753638907237,0.06358189287372072
126,07.04.2020,9,2020,True,har_x,0.0424233427279567,0.063150096814785
126,08.04.2020,9,2020,True,har_x,0.0423798161870125,0.06118452047544803
126,09.04.2020,9,2020,True,har_x,0.0422740361312964,0.062028658179399655
126,13.04.2020,9,2020,True,har_x,0.0422889864358194,0.05778376258793279
126,14.04.2020,9,2020,True,har_x,0.041872813472749,0.051978584804602865
126,15.04.2020,9,2020,True,har_x,0.0414250379781865,0.052475095405410614
126,16.04.2020,9,2020,True,har_x,0.0414522483332587,0.054309342210542205
126,17.04.2020,9,2020,True,har_x,0.0414539097837072,0.05182019677286693
126,20.04.2020,9,2020,True,har_x,0.0405363565860483,0.044412688825254745
126,21.04.2020,9,2020,True,har_x,0.031541063508861,0.09306539526877498
126,22.04.2020,9,2020,True,har_x,0.0312735256013391,0.13151169180107683
126,23.04.2020,9,2020,True,har_x,0.0312625892660942,0.09765339765918493
126,24.04.2020,9,2020,True,har_x,0.0312809020264661,0.08802369213901962
126,27.04.2020,9,2020,True,har_x,0.0306035257341944,0.07387976931725071
126,28.04.2020,9,2020,True,har_x,0.0307464120977587,0.07875415283086591
126,29.04.2020,9,2020,True,har_x,0.0296546399841604,0.08368338413298654
126,30.04.2020,9,2020,True,har_x,0.02841258037658,0.08287445355385571
126,01.05.2020,9,2020,True,har_x,0.0284045127674609,0.049181952106284704
126,04.05.2020,9,2020,True,har_x,0.0283200378274347,0.05044862525393018
126,05.05.2020,9,2020,True,har_x,0.0261320032274214,0.04553702218274099
126,06.05.2020,9,2020,True,har_x,0.0258873345870945,0.04610785618845784
126,07.05.2020,9,2020,True,har_x,0.0260572897563127,0.05244999143359131
126,08.05.2020,9,2020,True,har_x,0.0257227024087858,0.050537794635612275
126,11.05.2020,9,2020,True,har_x,0.0256240407662803,0.04627260708969239
126,12.05.2020,9,2020,True,har_x,0.0263565217794068,0.050124408691627355
126,13.05.2020,9,2020,True,har_x,0.0263190133697726,0.04150003838569368
126,14.05.2020,9,2020,True,har_x,0.0257400224327318,0.04001719854774023
126,15.05.2020,9,2020,True,har_x,0.0254950440817442,0.03914943040602794
126,18.05.2020,9,2020,True,har_x,0.0248478914577701,0.03771819285119039
126,19.05.2020,9,2020,True,har_x,0.024921115461981,0.038239610706215905
126,20.05.2020,9,2020,True,har_x,0.0247826477395759,0.03549580793031204
126,21.05.2020,9,2020,True,har_x,0.0247970815973588,0.035773791484721436
126,22.05.2020,9,2020,True,har_x,0.0246754383064213,0.04144285386587918
126,26.05.2020,9,2020,True,har_x,0.0245914118515249,0.04001824837151412
126,27.05.2020,9,2020,True,har_x,0.0243792552345061,0.03654573346592024
126,28.05.2020,9,2020,True,har_x,0.0245619205529889,0.03607996071732447
126,29.05.2020,9,2020,True,har_x,0.0245894476322413,0.03553828641693599
126,01.06.2020,9,2020,True,har_x,0.0235713792484008,0.03388151117413909
126,02.06.2020,9,2020,True,har_x,0.0234467014038928,0.031834996405930176
126,03.06.2020,9,2020,True,har_x,0.0234480884106901,0.0317617566626595
126,04.06.2020,9,2020,True,har_x,0.0234890592742561,0.031731572692388355
126,05.06.2020,9,2020,True,har_x,0.0229826284236271,0.03141598282042042
126,08.06.2020,9,2020,True,har_x,0.0227543311113699,0.03130512271254326
126,09.06.2020,9,2020,True,har_x,0.0227640128880577,0.03242854616490856
126,10.06.2020,9,2020,True,har_x,0.0227388338693555,0.032414677414395035
126,11.06.2020,9,2020,True,har_x,0.0215591884937771,0.03067737213838153
126,12.06.2020,9,2020,True,har_x,0.0216836645440714,0.03367556402144643
126,15.06.2020,9,2020,True,har_x,0.0215938300210002,0.03342966066965497
126,16.06.2020,9,2020,True,har_x,0.0214413562034454,0.032999910275872284
126,17.06.2020,9,2020,True,har_x,0.0214407818381355,0.032371515768824376
126,18.06.2020,9,2020,True,har_x,0.0213857780178534,0.030343518199620372
126,19.06.2020,9,2020,True,har_x,0.0213537806846833,0.030420114665884467
126,22.06.2020,9,2020,True,har_x,0.0213159476769203,0.029435006752996165
126,23.06.2020,9,2020,True,har_x,0.0214321270248569,0.028907136217900673
126,24.06.2020,9,2020,True,har_x,0.020867599313176,0.029633463478732372
126,25.06.2020,9,2020,True,har_x,0.020895303852147,0.03211216554201283
126,26.06.2020,9,2020,True,har_x,0.0208941126596097,0.031115436867052967
126,29.06.2020,9,2020,True,har_x,0.0208704832155065,0.03142286405730918
126,30.06.2020,9,2020,True,har_x,0.0208279517191128,0.029249464397261234
126,01.07.2020,9,2020,True,har_x,0.0207567523436227,0.02832903107998767
126,02.07.2020,9,2020,True,har_x,0.0206509172467309,0.02683294749444838
126,06.07.2020,9,2020,True,har_x,0.020694585153248,0.026068351143785064
126,07.07.2020,9,2020,True,har_x,0.0211061834615145,0.025924627089968937
126,08.07.2020,9,2020,True,har_x,0.0211281658651707,0.026114020537597246
126,09.07.2020,9,2020,True,har_x,0.0210202817490388,0.025192865999521686
126,10.07.2020,9,2020,True,har_x,0.0210934029085374,0.027101645486710266
126,13.07.2020,9,2020,True,har_x,0.0210673845009169,0.025299421051585103
126,14.07.2020,9,2020,True,har_x,0.0211050785529054,0.026770261156003256
126,15.07.2020,9,2020,True,har_x,0.021064739352467,0.02657746731119348
126,16.07.2020,9,2020,True,har_x,0.0210425415176593,0.024378696654279747
126,17.07.2020,9,2020,True,har_x,0.0211574529156044,0.024000744163231506
126,20.07.2020,9,2020,True,har_x,0.0211863386889341,0.021777107623209332
126,21.07.2020,9,2020,True,har_x,0.0210967576133832,0.022718333948815627
126,22.07.2020,9,2020,True,har_x,0.0210959610799295,0.022243071028375742
126,23.07.2020,9,2020,True,har_x,0.0210226803333913,0.022222253595684534
126,24.07.2020,9,2020,True,har_x,0.0210303016129278,0.023069374156987517
126,27.07.2020,9,2020,True,har_x,0.0210306856911825,0.022414930966983247
126,28.07.2020,9,2020,True,har_x,0.021025641356458,0.02239650818216399
126,29.07.2020,9,2020,True,har_x,0.0210150347067914,0.022307384250143242
126,30.07.2020,9,2020,True,har_x,0.0209370003282711,0.02175694131856114
126,31.07.2020,9,2020,True,har_x,0.0209370645585909,0.022716627724992177
126,03.08.2020,9,2020,True,har_x,0.0209375061041464,0.023510793858135676
126,04.08.2020,9,2020,True,har_x,0.0209777879103466,0.021707860866944092
126,05.08.2020,9,2020,True,har_x,0.0209419210824678,0.021180883248038174
126,06.08.2020,9,2020,True,har_x,0.0209466340385442,0.020057538402609414
126,07.08.2020,9,2020,True,har_x,0.0209485946044869,0.020144328695573397
126,10.08.2020,9,2020,True,har_x,0.0209340040852933,0.020122435388692548
126,11.08.2020,9,2020,True,har_x,0.020902052056674,0.019496389305870238
126,12.08.2020,9,2020,True,har_x,0.0208502117815155,0.02015407379958277
126,13.08.2020,9,2020,True,har_x,0.0208832957361097,0.01916117412910201
126,14.08.2020,9,2020,True,har_x,0.0209031808608981,0.019167532802939778
126,17.08.2020,9,2020,True,har_x,0.0209155765239139,0.0192289382101844
126,18.08.2020,9,2020,True,har_x,0.0209314092196863,0.01851187466985073
126,19.08.2020,9,2020,True,har_x,0.0209942816571666,0.018161620430638476
126,20.08.2020,9,2020,True,har_x,0.0211752828254514,0.01860111109783148
126,21.08.2020,9,2020,True,har_x,0.0211309439377497,0.018589585623951604
126,24.08.2020,9,2020,True,har_x,0.0211846216944762,0.01892747571389276
126,25.08.2020,9,2020,True,har_x,0.0211584246472364,0.018563512477994756
126,26.08.2020,9,2020,True,har_x,0.0211853406779412,0.018854588751942545
126,27.08.2020,9,2020,True,har_x,0.0214501280842067,0.019088928860265534
126,28.08.2020,9,2020,True,har_x,0.021510447825274,0.01907897252532736
126,31.08.2020,9,2020,True,har_x,0.0215758790582085,0.018409146165068835
126,01.09.2020,9,2020,True,har_x,0.0218385514280316,0.01854941886817833
126,02.09.2020,9,2020,True,har_x,0.0219134042290661,0.018246313573233513
126,03.09.2020,9,2020,True,har_x,0.0219600621942513,0.019742152045308353
126,04.09.2020,9,2020,True,har_x,0.0217586359251065,0.021836788266127876
126,08.09.2020,9,2020,True,har_x,0.020732589409802,0.023006995541047286
126,09.09.2020,9,2020,True,har_x,0.0207332875064523,0.027945446139430088
126,10.09.2020,9,2020,True,har_x,0.0206568312305012,0.025379401808888955
126,11.09.2020,9,2020,True,har_x,0.0206537032874056,0.026346910357885653
126,14.09.2020,9,2020,True,har_x,0.0206603226412005,0.025538780992473684
126,15.09.2020,9,2020,True,har_x,0.0206113987880139,0.024966269794538254
126,16.09.2020,9,2020,True,har_x,0.0214355700543344,0.023526412399603146
126,17.09.2020,9,2020,True,har_x,0.0213946598203762,0.022168355860212863
126,18.09.2020,9,2020,True,har_x,0.0213869760621499,0.021255310473202223
126,21.09.2020,9,2020,True,har_x,0.0217995220778328,0.021292946677039373
126,22.09.2020,9,2020,True,har_x,0.0223376532059226,0.022863522025261564
126,23.09.2020,9,2020,True,har_x,0.0226539616683322,0.022115716732872156
126,24.09.2020,9,2020,True,har_x,0.022909340848091,0.023347756669480763
126,25.09.2020,9,2020,True,har_x,0.0229080921035552,0.022717590036692784
126,28.09.2020,9,2020,True,har_x,0.0229417186375412,0.022152158119536757
126,29.09.2020,9,2020,True,har_x,0.0227314474145315,0.022336274997003337
126,30.09.2020,9,2020,True,har_x,0.022776915840527,0.02447149955885139
126,01.10.2020,9,2020,True,har_x,0.0231454032037641,0.0235449951754872
126,02.10.2020,9,2020,True,har_x,0.022800203840767,0.025518219567168442
126,05.10.2020,9,2020,True,har_x,0.022417513839762,0.028018867995551013
126,06.10.2020,9,2020,True,har_x,0.0222665070045878,0.02567194486210066
126,07.10.2020,9,2020,True,har_x,0.0222123317490734,0.024382889777620535
126,08.10.2020,9,2020,True,har_x,0.0220660220514221,0.02389336641823077
126,09.10.2020,9,2020,True,har_x,0.0220298837108447,0.022349132842075483
126,12.10.2020,9,2020,True,har_x,0.0221735212306471,0.022755015802866842
126,13.10.2020,9,2020,True,har_x,0.0221402569647922,0.02347324965546144
126,14.10.2020,9,2020,True,har_x,0.0220960949173032,0.024113040471836256
126,15.10.2020,9,2020,True,har_x,0.0220868928135393,0.023127779676878308
126,16.10.2020,9,2020,True,har_x,0.0220933966322006,0.023158284725288813
126,19.10.2020,9,2020,True,har_x,0.0221633950666308,0.02325296352384421
126,20.10.2020,9,2020,True,har_x,0.0221487690905847,0.023007049064718565
126,21.10.2020,9,2020,True,har_x,0.0219076411768709,0.023222202636668746
126,22.10.2020,9,2020,True,har_x,0.0218932038821131,0.024742835690759097
126,23.10.2020,9,2020,True,har_x,0.0218323338847756,0.02431886233755229
126,26.10.2020,9,2020,True,har_x,0.0216117954122628,0.024216843728681242
126,27.10.2020,9,2020,True,har_x,0.0216164738647109,0.0269207651803397
126,28.10.2020,9,2020,True,har_x,0.021133153758083,0.02577680519584673
126,29.10.2020,9,2020,True,har_x,0.0207840203756282,0.02950899305062284
126,30.10.2020,9,2020,True,har_x,0.0208066321940948,0.03091789321569547
126,02.11.2020,9,2020,True,har_x,0.0205744113342053,0.03276073324905639
126,03.11.2020,9,2020,True,har_x,0.0205909108554352,0.031668940460272105
126,04.11.2020,9,2020,True,har_x,0.0203731270712391,0.03039601844672461
126,05.11.2020,9,2020,True,har_x,0.0203502120993034,0.027149969071870037
126,06.11.2020,9,2020,True,har_x,0.0200163202456371,0.026695321281886633
126,09.11.2020,9,2020,True,har_x,0.019081079511366,0.02760080845881664
126,10.11.2020,9,2020,True,har_x,0.0192410281717181,0.026940979523198426
126,11.11.2020,9,2020,True,har_x,0.0193320124730787,0.025824532766876164
126,12.11.2020,9,2020,True,har_x,0.0193228102606551,0.02556985542891694
126,13.11.2020,9,2020,True,har_x,0.019274533855855,0.026197626723414726
126,16.11.2020,9,2020,True,har_x,0.01942452588727,0.025273462638590573
126,17.11.2020,9,2020,True,har_x,0.019566745558304,0.02454915489764745
126,18.11.2020,9,2020,True,har_x,0.019604734080012,0.023789935000556924
126,19.11.2020,9,2020,True,har_x,0.0197401031452333,0.024161158101955953
126,20.11.2020,9,2020,True,har_x,0.0197024924098208,0.024218659760294303
126,23.11.2020,9,2020,True,har_x,0.0196136473160117,0.023383860982059815
126,24.11.2020,9,2020,True,har_x,0.0193645737943464,0.022813677770957465
126,25.11.2020,9,2020,True,har_x,0.0193315603548621,0.02291218252791417
126,27.11.2020,9,2020,True,har_x,0.0193100055262916,0.02295032221135114
126,30.11.2020,9,2020,True,har_x,0.019292735135221,0.023819853884196118
126,01.12.2020,9,2020,True,har_x,0.0192861069606565,0.024392701457625454
126,02.12.2020,9,2020,True,har_x,0.0192495211045138,0.02449634823201071
126,03.12.2020,9,2020,True,har_x,0.0192567236782598,0.023774510910996638
126,04.12.2020,9,2020,True,har_x,0.0192540083725423,0.021945335444045175
126,07.12.2020,9,2020,True,har_x,0.0192236993259236,0.020967680016756654
126,08.12.2020,9,2020,True,har_x,0.019222997639507,0.020745915346161978
126,09.12.2020,9,2020,True,har_x,0.0192215746976213,0.020486420480029015
126,10.12.2020,9,2020,True,har_x,0.0190911683654965,0.02113619530774184
126,11.12.2020,9,2020,True,har_x,0.0191075937274062,0.021333786296353602
126,14.12.2020,9,2020,True,har_x,0.0191064408086537,0.021170075534877014
126,15.12.2020,9,2020,True,har_x,0.019188234008032,0.02098754458422333
126,16.12.2020,9,2020,True,har_x,0.0191876793247282,0.020748263350678597
126,17.12.2020,9,2020,True,har_x,0.0192339121474345,0.020484885946324395
126,18.12.2020,9,2020,True,har_x,0.0192087513912748,0.019826563219637595
126,21.12.2020,9,2020,True,har_x,0.0190319951851155,0.019960919792649415
126,22.12.2020,9,2020,True,har_x,0.0189515718735262,0.02213824661333045
126,23.12.2020,9,2020,True,har_x,0.0188811753899635,0.02228990806787551
126,24.12.2020,9,2020,True,har_x,0.0189921105024417,0.021431863816715038
126,28.12.2020,9,2020,True,har_x,0.0189653345896064,0.021159589157814435
126,29.12.2020,9,2020,True,har_x,0.0189656331015873,0.020967584074975253
126,30.12.2020,9,2020,True,har_x,0.0189733898428466,0.020558245583718243
126,31.12.2020,9,2020,True,har_x,0.0189665309293492,0.02032941323027794
5,04.01.2021,10,2021,True,har,0.0217310826718622,0.013243634436039516
5,05.01.2021,10,2021,True,har,0.0136014667427073,0.01384656284682306
5,06.01.2021,10,2021,True,har,0.0161159561590192,0.017458604327293913
5,07.01.2021,10,2021,True,har,0.0158898952143997,0.016729774202779994
5,08.01.2021,10,2021,True,har,0.0153218216912191,0.016557700402572147
5,11.01.2021,10,2021,True,har,0.0170258640068359,0.017600231433921087
5,12.01.2021,10,2021,True,har,0.0149084049406235,0.01672367585931906
5,13.01.2021,10,2021,True,har,0.0143141235419288,0.016373515805672742
5,14.01.2021,10,2021,True,har,0.0147190654340528,0.01664566954756763
5,15.01.2021,10,2021,True,har,0.0100402751403374,0.0165703537013762
5,19.01.2021,10,2021,True,har,0.0076688512081884,0.017594601256691426
5,20.01.2021,10,2021,True,har,0.0074743294980826,0.01763610976948282
5,21.01.2021,10,2021,True,har,0.0076228763198572,0.01720891965879042
5,22.01.2021,10,2021,True,har,0.0055978345047754,0.016229474074936336
5,25.01.2021,10,2021,True,har,0.00557651364242,0.016289106707888003
5,26.01.2021,10,2021,True,har,0.0096058589377971,0.015624855887509444
5,27.01.2021,10,2021,True,har,0.0097817967286899,0.015354615081592232
5,28.01.2021,10,2021,True,har,0.0063120602771798,0.01522555619578516
5,29.01.2021,10,2021,True,har,0.005917931711061,0.015384486430720217
5,01.02.2021,10,2021,True,har,0.0064737989768371,0.01528210089089983
5,02.02.2021,10,2021,True,har,0.0061405140997611,0.015309893963832904
5,03.02.2021,10,2021,True,har,0.0058733369121587,0.015586854582061906
5,04.02.2021,10,2021,True,har,0.0091523432587378,0.01349865919549538
5,05.02.2021,10,2021,True,har,0.0109329304569948,0.013004050286984217
5,08.02.2021,10,2021,True,har,0.0098437282602893,0.013026990687070496
5,09.02.2021,10,2021,True,har,0.0102531836460715,0.012732237582937098
5,10.02.2021,10,2021,True,har,0.0127702303842934,0.012393226026233647
5,11.02.2021,10,2021,True,har,0.0160240098745024,0.012118389375829899
5,12.02.2021,10,2021,True,har,0.0205483633651149,0.012170148130851691
5,16.02.2021,10,2021,True,har,0.0204298864782995,0.012938114312617932
5,17.02.2021,10,2021,True,har,0.0219345203107329,0.011424375851355544
5,18.02.2021,10,2021,True,har,0.0213325189201765,0.011496546278184788
5,19.02.2021,10,2021,True,har,0.0199841198324042,0.011794424082881255
5,22.02.2021,10,2021,True,har,0.0227538362206239,0.012919714462811916
5,23.02.2021,10,2021,True,har,0.0228047913916097,0.014268850277674128
5,24.02.2021,10,2021,True,har,0.021495555101191,0.013748309799088969
5,25.02.2021,10,2021,True,har,0.0313019493147776,0.014525609358844623
5,26.02.2021,10,2021,True,har,0.034716071898277,0.014131312831781612
5,01.03.2021,10,2021,True,har,0.0281735728280797,0.014475741208424188
5,02.03.2021,10,2021,True,har,0.0269134281014145,0.017427459926707932
5,03.03.2021,10,2021,True,har,0.0268537098173628,0.0175323629674822
5,04.03.2021,10,2021,True,har,0.0232665479889825,0.017610296642099676
5,05.03.2021,10,2021,True,har,0.0164018622766415,0.01955350055123968
5,08.03.2021,10,2021,True,har,0.0143064458154707,0.020565122496664933
5,09.03.2021,10,2021,True,har,0.0136180199459472,0.020258900438213306
5,10.03.2021,10,2021,True,har,0.0139226388641995,0.020153778900778487
5,11.03.2021,10,2021,True,har,0.0295341219838458,0.020059096657739073
5,12.03.2021,10,2021,True,har,0.0342096767443177,0.020454374745553575
5,15.03.2021,10,2021,True,har,0.0347427115484147,0.019717372867473083
5,16.03.2021,10,2021,True,har,0.0404661335542318,0.019471128136356042
5,17.03.2021,10,2021,True,har,0.0548868681725371,0.019485889171443435
5,18.03.2021,10,2021,True,har,0.0471425866566698,0.019427907137401973
5,19.03.2021,10,2021,True,har,0.0507765575358197,0.025198991661366257
5,22.03.2021,10,2021,True,har,0.0508553372090415,0.024693932207741014
5,23.03.2021,10,2021,True,har,0.0394080250126673,0.023601622782698256
5,24.03.2021,10,2021,True,har,0.0295505446375563,0.027080165939085882
5,25.03.2021,10,2021,True,har,0.0224435243624791,0.029546511564083583
5,26.03.2021,10,2021,True,har,0.0237183443971847,0.02943451746154131
5,29.03.2021,10,2021,True,har,0.0242133951315475,0.030643957854778553
5,30.03.2021,10,2021,True,har,0.0245920987931925,0.029384480035376453
5,31.03.2021,10,2021,True,har,0.0243557473382353,0.0287335036101862
5,01.04.2021,10,2021,True,har,0.021170830976517,0.027871491019079847
5,05.04.2021,10,2021,True,har,0.0052986339401212,0.02693371593919275
5,06.04.2021,10,2021,True,har,0.0045390536041263,0.027257095758656074
5,07.04.2021,10,2021,True,har,0.0195083986548605,0.026782573991609875
5,08.04.2021,10,2021,True,har,0.0190136012229933,0.02679423119449072
5,09.04.2021,10,2021,True,har,0.0187333317609769,0.026645129882875873
5,12.04.2021,10,2021,True,har,0.0188301843221343,0.026027703507316875
5,13.04.2021,10,2021,True,har,0.0206468626966526,0.02510620975278862
5,14.04.2021,10,2021,True,har,0.0098867310571015,0.025131976255533962
5,15.04.2021,10,2021,True,har,0.0090564489948124,0.027883343994616425
5,16.04.2021,10,2021,True,har,0.0114761277492282,0.027217952045992023
5,19.04.2021,10,2021,True,har,0.0110536488592637,0.024213966698363554
5,20.04.2021,10,2021,True,har,0.0128560817639739,0.024069797746194183
5,21.04.2021,10,2021,True,har,0.0085359756189675,0.024280680439583636
5,22.04.2021,10,2021,True,har,0.0097275289074543,0.021487819867714975
5,23.04.2021,10,2021,True,har,0.0159762169872383,0.01883846164729794
5,26.04.2021,10,2021,True,har,0.0148940096035356,0.017788088867511334
5,27.04.2021,10,2021,True,har,0.0160135900964834,0.01630119896085293
5,28.04.2021,10,2021,True,har,0.0158648875394427,0.01657743512086109
5,29.04.2021,10,2021,True,har,0.0151726234170118,0.016225621537510438
5,30.04.2021,10,2021,True,har,0.0113980922441099,0.016501153260819912
5,03.05.2021,10,2021,True,har,0.0114021657652119,0.01707072343528514
5,04.05.2021,10,2021,True,har,0.0066583555713298,0.014464991765221324
5,05.05.2021,10,2021,True,har,0.0086594857858582,0.015020067811242502
5,06.05.2021,10,2021,True,har,0.0173589766408704,0.014720559140933065
5,07.05.2021,10,2021,True,har,0.0214194388480604,0.015186561768709275
5,10.05.2021,10,2021,True,har,0.0218277200484082,0.014715960772516745
5,11.05.2021,10,2021,True,har,0.0227268811091886,0.014691497909433072
5,12.05.2021,10,2021,True,har,0.0252666648984108,0.014432737545337177
5,13.05.2021,10,2021,True,har,0.0230889001873392,0.01243383044005653
5,14.05.2021,10,2021,True,har,0.0217362731869463,0.014960612910940427
5,17.05.2021,10,2021,True,har,0.0267053159731781,0.015741023541025065
5,18.05.2021,10,2021,True,har,0.0263838178120694,0.015635858506059974
5,19.05.2021,10,2021,True,har,0.0203997400146152,0.015783158087448824
5,20.05.2021,10,2021,True,har,0.011833053835539,0.01691555204296171
5,21.05.2021,10,2021,True,har,0.0117668059103821,0.01726642816858487
5,24.05.2021,10,2021,True,har,0.0032406518569917,0.01742062563829312
5,25.05.2021,10,2021,True,har,0.0052758621634046,0.01862303299312784
5,26.05.2021,10,2021,True,har,0.0062572360458716,0.018068341621226794
5,27.05.2021,10,2021,True,har,0.0062332358850444,0.01758241634764412
5,28.05.2021,10,2021,True,har,0.008337551936402,0.01687473956076347
5,01.06.2021,10,2021,True,har,0.0084956134243612,0.016358545835574206
5,02.06.2021,10,2021,True,har,0.0065365201568301,0.015970425410096606
5,03.06.2021,10,2021,True,har,0.006335010075024,0.016088085674489563
5,04.06.2021,10,2021,True,har,0.0057558476159011,0.015908955012513416
5,07.06.2021,10,2021,True,har,0.0038494425081364,0.015840530852133126
5,08.06.2021,10,2021,True,har,0.0060771275414214,0.015998255340682128
5,09.06.2021,10,2021,True,har,0.0054489200782354,0.016138695412922552
5,10.06.2021,10,2021,True,har,0.0120487294132094,0.015855967115915713
5,11.06.2021,10,2021,True,har,0.0122095342645503,0.015836419730444022
5,14.06.2021,10,2021,True,har,0.0142688245788546,0.01431276854493815
5,15.06.2021,10,2021,True,har,0.0132966158067802,0.013658367095905719
5,16.06.2021,10,2021,True,har,0.013277929043682,0.014126437652734657
5,17.06.2021,10,2021,True,har,0.0073108515605781,0.013665402765623292
5,18.06.2021,10,2021,True,har,0.007319861333845,0.013323425484403387
5,21.06.2021,10,2021,True,har,0.0113108583290224,0.011829615858861477
5,22.06.2021,10,2021,True,har,0.0113256780150569,0.012100136754917879
5,23.06.2021,10,2021,True,har,0.0113109120367151,0.01065527754071583
5,24.06.2021,10,2021,True,har,0.0119740704907457,0.01071190372971539
5,25.06.2021,10,2021,True,har,0.0114925742851441,0.010330814575888789
5,28.06.2021,10,2021,True,har,0.0123064001175607,0.010379227124256575
5,29.06.2021,10,2021,True,har,0.0138030764437992,0.011920978375579521
5,30.06.2021,10,2021,True,har,0.0146031674363989,0.011567575200281836
5,01.07.2021,10,2021,True,har,0.0170543614732303,0.011346339377164524
5,02.07.2021,10,2021,True,har,0.0168718586375801,0.011519838187996394
5,06.07.2021,10,2021,True,har,0.0147769252136064,0.011361712529678207
5,07.07.2021,10,2021,True,har,0.0176494869094436,0.012598311195631515
5,08.07.2021,10,2021,True,har,0.0194321327234795,0.012879123125901804
5,09.07.2021,10,2021,True,har,0.0160098369238374,0.012942120549945105
5,12.07.2021,10,2021,True,har,0.0330480308409115,0.013694880340660808
5,13.07.2021,10,2021,True,har,0.0312646404439862,0.013524999946948935
5,14.07.2021,10,2021,True,har,0.0410051541859606,0.013929314932108437
5,15.07.2021,10,2021,True,har,0.0421680555600957,0.014723076100302778
5,16.07.2021,10,2021,True,har,0.0421951703399953,0.015085183691038062
5,19.07.2021,10,2021,True,har,0.0151565283359845,0.014225344911452274
5,20.07.2021,10,2021,True,har,0.0168838434001457,0.02107849979376731
5,21.07.2021,10,2021,True,har,0.0083960350138457,0.0197426219062285
5,22.07.2021,10,2021,True,har,0.0066833365986866,0.02236079392297298
5,23.07.2021,10,2021,True,har,0.0067228505770883,0.022472909940462384
5,26.07.2021,10,2021,True,har,0.0242833735626651,0.022187011607848167
5,27.07.2021,10,2021,True,har,0.0241809882372518,0.02047683803560683
5,28.07.2021,10,2021,True,har,0.0253557033119335,0.02022323524308314
5,29.07.2021,10,2021,True,har,0.0240925065284032,0.019751767507870895
5,30.07.2021,10,2021,True,har,0.0225762580379343,0.020075090381120115
5,02.08.2021,10,2021,True,har,0.0162933933039115,0.019800771329716593
5,03.08.2021,10,2021,True,har,0.0223702779404918,0.023036377866935336
5,04.08.2021,10,2021,True,har,0.0187241819364536,0.022124085107820594
5,05.08.2021,10,2021,True,har,0.0179257539197496,0.022925336426296617
5,06.08.2021,10,2021,True,har,0.0181575059255994,0.022652381061746194
5,09.08.2021,10,2021,True,har,0.015678444037859,0.022182787575511502
5,10.08.2021,10,2021,True,har,0.0102108771354403,0.02231257052491998
5,11.08.2021,10,2021,True,har,0.0051282007075968,0.022848477089417406
5,12.08.2021,10,2021,True,har,0.0075313031225608,0.022313041708909107
5,13.08.2021,10,2021,True,har,0.0074366601579938,0.021942496976306156
5,16.08.2021,10,2021,True,har,0.0319153095888423,0.022133232265018524
5,17.08.2021,10,2021,True,har,0.0352384881469415,0.01858462172943663
5,18.08.2021,10,2021,True,har,0.0339946656628634,0.01805300022269336
5,19.08.2021,10,2021,True,har,0.031411778901792,0.01625692608903619
5,20.08.2021,10,2021,True,har,0.0255332094423784,0.016506424209082854
5,23.08.2021,10,2021,True,har,0.0185941843243885,0.016464396693722457
5,24.08.2021,10,2021,True,har,0.0161873227051571,0.0214733803708829
5,25.08.2021,10,2021,True,har,0.0178254345367381,0.02233169428813362
5,26.08.2021,10,2021,True,har,0.0177851613266688,0.022223676533281545
5,27.08.2021,10,2021,True,har,0.0152645520753741,0.02190938756703754
5,30.08.2021,10,2021,True,har,0.0149000941480291,0.022082923246172954
5,31.08.2021,10,2021,True,har,0.0167400244927532,0.02000747931138902
5,01.09.2021,10,2021,True,har,0.0158567883101973,0.01978216713597174
5,02.09.2021,10,2021,True,har,0.0160015107877255,0.019755725668117924
5,03.09.2021,10,2021,True,har,0.0160153976657562,0.019935447258527146
5,07.09.2021,10,2021,True,har,0.0137563674109556,0.019511573475368478
5,08.09.2021,10,2021,True,har,0.0162821234940552,0.019250961902302646
5,09.09.2021,10,2021,True,har,0.0106442548973352,0.01909528899891308
5,10.09.2021,10,2021,True,har,0.0112134732891264,0.019229695102076
5,13.09.2021,10,2021,True,har,0.0158672406158831,0.019625801481360422
5,14.09.2021,10,2021,True,har,0.0160146899064107,0.01934785783056551
5,15.09.2021,10,2021,True,har,0.0157848143860491,0.018834303503645372
5,16.09.2021,10,2021,True,har,0.0166804277912045,0.019661410498747305
5,17.09.2021,10,2021,True,har,0.0161180287374377,0.018725886438184042
5,20.09.2021,10,2021,True,har,0.0070326335587606,0.017998172667409242
5,21.09.2021,10,2021,True,har,0.0112138968399596,0.018518776696938164
5,22.09.2021,10,2021,True,har,0.0112331327162752,0.016084217942499823
5,23.09.2021,10,2021,True,har,0.0107625796371122,0.01590611889943428
5,24.09.2021,10,2021,True,har,0.0105662968551273,0.015712505622989884
5,27.09.2021,10,2021,True,har,0.0129841094596846,0.015199429566081408
5,28.09.2021,10,2021,True,har,0.0124432574904402,0.014586106081505006
5,29.09.2021,10,2021,True,har,0.0165530010211956,0.014713231174852365
5,30.09.2021,10,2021,True,har,0.0160367135186192,0.01471631826468816
5,01.10.2021,10,2021,True,har,0.0160786541648462,0.013978722770224484
5,04.10.2021,10,2021,True,har,0.0139999281117341,0.013822800776428256
5,05.10.2021,10,2021,True,har,0.013098196316943,0.014579906564133606
5,06.10.2021,10,2021,True,har,0.0080319521815469,0.014049786434615704
5,07.10.2021,10,2021,True,har,0.0078906547327857,0.015042483021214574
5,08.10.2021,10,2021,True,har,0.0082419042039125,0.014299062560171636
5,11.10.2021,10,2021,True,har,0.0077783870235882,0.013962673221149479
5,12.10.2021,10,2021,True,har,0.0078786389511308,0.01409408052245241
5,13.10.2021,10,2021,True,har,0.0070246881537845,0.01390807799729854
5,14.10.2021,10,2021,True,har,0.0110403934850578,0.013184058246278826
5,15.10.2021,10,2021,True,har,0.0111676420687038,0.01331292613507292
5,18.10.2021,10,2021,True,har,0.0103047937427557,0.013233664839168813
5,19.10.2021,10,2021,True,har,0.0099696378487521,0.012439136801822457
5,20.10.2021,10,2021,True,har,0.0139720757853104,0.012494424742148444
5,21.10.2021,10,2021,True,har,0.0125372752840074,0.011937301620339033
5,22.10.2021,10,2021,True,har,0.0109314884237654,0.012761396238735168
5,25.10.2021,10,2021,True,har,0.0106784811710107,0.012713850796317507
5,26.10.2021,10,2021,True,har,0.0100172003958942,0.012264916569964625
5,27.10.2021,10,2021,True,har,0.015038609552832,0.012082656896357718
5,28.10.2021,10,2021,True,har,0.0157024765797578,0.013442773145985985
5,29.10.2021,10,2021,True,har,0.0226699077295531,0.013080465264581162
5,01.11.2021,10,2021,True,har,0.0231306876164804,0.012893496133252094
5,02.11.2021,10,2021,True,har,0.0247185242052967,0.012188585730765525
5,03.11.2021,10,2021,True,har,0.0224299384004554,0.011757001078882626
5,04.11.2021,10,2021,True,har,0.0196948749535034,0.01380459628253013
5,05.11.2021,10,2021,True,har,0.0162046708189219,0.013876271652400005
5,08.11.2021,10,2021,True,har,0.0153089031230863,0.015390923419837386
5,09.11.2021,10,2021,True,har,0.0122346337030502,0.014912979367374738
5,10.11.2021,10,2021,True,har,0.0125873781829785,0.0154348192242778
5,11.11.2021,10,2021,True,har,0.0146314100916174,0.016216856258158857
5,12.11.2021,10,2021,True,har,0.0186615393499789,0.01556311368594853
5,15.11.2021,10,2021,True,har,0.0203606019170312,0.01535232739655747
5,16.11.2021,10,2021,True,har,0.0266629628109993,0.015154676878204515
5,17.11.2021,10,2021,True,har,0.0225198693135408,0.01493302199926522
5,18.11.2021,10,2021,True,har,0.0606527836327621,0.015823233948257822
5,19.11.2021,10,2021,True,har,0.0620091398520129,0.015800548048372984
5,22.11.2021,10,2021,True,har,0.0610936838478903,0.01687334814834164
5,23.11.2021,10,2021,True,har,0.0526552548670942,0.01678336060523697
5,24.11.2021,10,2021,True,har,0.0549284741982478,0.01869619847478436
5,26.11.2021,10,2021,True,har,0.0229446094077413,0.017567452405671393
5,29.11.2021,10,2021,True,har,0.0328867332401437,0.03149814392306021
5,30.11.2021,10,2021,True,har,0.0267459067108334,0.029843477197145522
5,01.12.2021,10,2021,True,har,0.0182622052253155,0.030726119590326614
5,02.12.2021,10,2021,True,har,0.0251327867716783,0.030002005342472576
5,03.12.2021,10,2021,True,har,0.0246252568200627,0.02987315772175713
5,06.12.2021,10,2021,True,har,0.0194822046103971,0.027729609646134468
5,07.12.2021,10,2021,True,har,0.0117168545967751,0.029797248847923036
5,08.12.2021,10,2021,True,har,0.011229188885444,0.029783713667003706
5,09.12.2021,10,2021,True,har,0.011324463496345,0.028644055424629805
5,10.12.2021,10,2021,True,har,0.0136229622872018,0.029186720697945152
5,13.12.2021,10,2021,True,har,0.0172211589540512,0.02908592805508251
5,14.12.2021,10,2021,True,har,0.0252477473254478,0.02877683139917444
5,15.12.2021,10,2021,True,har,0.0263786344353582,0.028277160294536224
5,16.12.2021,10,2021,True,har,0.0270404753253843,0.02811481102027239
5,17.12.2021,10,2021,True,har,0.0237020078869204,0.028286428508032608
5,20.12.2021,10,2021,True,har,0.0105966071758254,0.02850974596604535
5,21.12.2021,10,2021,True,har,0.0090502888233804,0.02881627079139162
5,22.12.2021,10,2021,True,har,0.0102121551713269,0.030018291824401414
5,23.12.2021,10,2021,True,har,0.0149649879037841,0.029416547732321496
5,27.12.2021,10,2021,True,har,0.0127231791383968,0.02978749184782589
5,28.12.2021,10,2021,True,har,0.0138077265827376,0.02099994249035868
5,29.12.2021,10,2021,True,har,0.0142017222923507,0.019850686864850423
5,30.12.2021,10,2021,True,har,0.014807167400085,0.018148101218730825
5,31.12.2021,10,2021,True,har,0.0074963697322761,0.017367950038361866
5,04.01.2021,10,2021,True,har_ovx,0.0217310826718622,0.01743512069378191
5,05.01.2021,10,2021,True,har_ovx,0.0136014667427073,0.019034033192020596
5,06.01.2021,10,2021,True,har_ovx,0.0161159561590192,0.01880144745953409
5,07.01.2021,10,2021,True,har_ovx,0.0158898952143997,0.018776620903961858
5,08.01.2021,10,2021,True,har_ovx,0.0153218216912191,0.01773790265951774
5,11.01.2021,10,2021,True,har_ovx,0.0170258640068359,0.017810485999880943
5,12.01.2021,10,2021,True,har_ovx,0.0149084049406235,0.017478994526773366
5,13.01.2021,10,2021,True,har_ovx,0.0143141235419288,0.016853597731536156
5,14.01.2021,10,2021,True,har_ovx,0.0147190654340528,0.018078381247180055
5,15.01.2021,10,2021,True,har_ovx,0.0100402751403374,0.018526150169924305
5,19.01.2021,10,2021,True,har_ovx,0.0076688512081884,0.0194973771526247
5,20.01.2021,10,2021,True,har_ovx,0.0074743294980826,0.017821977524642665
5,21.01.2021,10,2021,True,har_ovx,0.0076228763198572,0.018029952894627457
5,22.01.2021,10,2021,True,har_ovx,0.0055978345047754,0.01750332771091588
5,25.01.2021,10,2021,True,har_ovx,0.00557651364242,0.017729939762778826
5,26.01.2021,10,2021,True,har_ovx,0.0096058589377971,0.018317551152848815
5,27.01.2021,10,2021,True,har_ovx,0.0097817967286899,0.018102795266742567
5,28.01.2021,10,2021,True,har_ovx,0.0063120602771798,0.019148286745820906
5,29.01.2021,10,2021,True,har_ovx,0.005917931711061,0.019232283672400936
5,01.02.2021,10,2021,True,har_ovx,0.0064737989768371,0.01913640909190829
5,02.02.2021,10,2021,True,har_ovx,0.0061405140997611,0.018734186007562853
5,03.02.2021,10,2021,True,har_ovx,0.0058733369121587,0.018331149943985527
5,04.02.2021,10,2021,True,har_ovx,0.0091523432587378,0.017030990213672374
5,05.02.2021,10,2021,True,har_ovx,0.0109329304569948,0.016506676301361194
5,08.02.2021,10,2021,True,har_ovx,0.0098437282602893,0.01633508061597998
5,09.02.2021,10,2021,True,har_ovx,0.0102531836460715,0.01582643443784309
5,10.02.2021,10,2021,True,har_ovx,0.0127702303842934,0.015578928906305158
5,11.02.2021,10,2021,True,har_ovx,0.0160240098745024,0.015610760387549459
5,12.02.2021,10,2021,True,har_ovx,0.0205483633651149,0.01575685277699439
5,16.02.2021,10,2021,True,har_ovx,0.0204298864782995,0.01568876961222177
5,17.02.2021,10,2021,True,har_ovx,0.0219345203107329,0.01557633613873496
5,18.02.2021,10,2021,True,har_ovx,0.0213325189201765,0.016215358276035107
5,19.02.2021,10,2021,True,har_ovx,0.0199841198324042,0.016784974910007678
5,22.02.2021,10,2021,True,har_ovx,0.0227538362206239,0.016895233071630218
5,23.02.2021,10,2021,True,har_ovx,0.0228047913916097,0.017206049554230232
5,24.02.2021,10,2021,True,har_ovx,0.021495555101191,0.01806142524054282
5,25.02.2021,10,2021,True,har_ovx,0.0313019493147776,0.017831678245664846
5,26.02.2021,10,2021,True,har_ovx,0.034716071898277,0.018473980664764595
5,01.03.2021,10,2021,True,har_ovx,0.0281735728280797,0.01916993528373946
5,02.03.2021,10,2021,True,har_ovx,0.0269134281014145,0.019759796896105353
5,03.03.2021,10,2021,True,har_ovx,0.0268537098173628,0.01961825462139779
5,04.03.2021,10,2021,True,har_ovx,0.0232665479889825,0.01916815693048981
5,05.03.2021,10,2021,True,har_ovx,0.0164018622766415,0.018361258604701638
5,08.03.2021,10,2021,True,har_ovx,0.0143064458154707,0.018454176924466933
5,09.03.2021,10,2021,True,har_ovx,0.0136180199459472,0.019744745685279563
5,10.03.2021,10,2021,True,har_ovx,0.0139226388641995,0.01951047783202379
5,11.03.2021,10,2021,True,har_ovx,0.0295341219838458,0.01941883793952549
5,12.03.2021,10,2021,True,har_ovx,0.0342096767443177,0.019421404752243063
5,15.03.2021,10,2021,True,har_ovx,0.0347427115484147,0.019554439628259597
5,16.03.2021,10,2021,True,har_ovx,0.0404661335542318,0.020211766068532713
5,17.03.2021,10,2021,True,har_ovx,0.0548868681725371,0.02009511774359762
5,18.03.2021,10,2021,True,har_ovx,0.0471425866566698,0.019476874178015587
5,19.03.2021,10,2021,True,har_ovx,0.0507765575358197,0.02401659591500544
5,22.03.2021,10,2021,True,har_ovx,0.0508553372090415,0.02318054328994866
5,23.03.2021,10,2021,True,har_ovx,0.0394080250126673,0.0216015233957235
5,24.03.2021,10,2021,True,har_ovx,0.0295505446375563,0.024689136771421143
5,25.03.2021,10,2021,True,har_ovx,0.0224435243624791,0.031164579269054093
5,26.03.2021,10,2021,True,har_ovx,0.0237183443971847,0.026253446345083763
5,29.03.2021,10,2021,True,har_ovx,0.0242133951315475,0.02477963312722117
5,30.03.2021,10,2021,True,har_ovx,0.0245920987931925,0.024658729079487983
5,31.03.2021,10,2021,True,har_ovx,0.0243557473382353,0.02363225959672729
5,01.04.2021,10,2021,True,har_ovx,0.021170830976517,0.025155641834857627
5,05.04.2021,10,2021,True,har_ovx,0.0052986339401212,0.022808800179303493
5,06.04.2021,10,2021,True,har_ovx,0.0045390536041263,0.02316280485492489
5,07.04.2021,10,2021,True,har_ovx,0.0195083986548605,0.023719983213611063
5,08.04.2021,10,2021,True,har_ovx,0.0190136012229933,0.023352804926063734
5,09.04.2021,10,2021,True,har_ovx,0.0187333317609769,0.023206601589703828
5,12.04.2021,10,2021,True,har_ovx,0.0188301843221343,0.022455141034651713
5,13.04.2021,10,2021,True,har_ovx,0.0206468626966526,0.02174504985126122
5,14.04.2021,10,2021,True,har_ovx,0.0098867310571015,0.021095007889211242
5,15.04.2021,10,2021,True,har_ovx,0.0090564489948124,0.02120575042875187
5,16.04.2021,10,2021,True,har_ovx,0.0114761277492282,0.021138512862710523
5,19.04.2021,10,2021,True,har_ovx,0.0110536488592637,0.01955090493646391
5,20.04.2021,10,2021,True,har_ovx,0.0128560817639739,0.02028682126439222
5,21.04.2021,10,2021,True,har_ovx,0.0085359756189675,0.020482367073346903
5,22.04.2021,10,2021,True,har_ovx,0.0097275289074543,0.021947841722287767
5,23.04.2021,10,2021,True,har_ovx,0.0159762169872383,0.020187664353762794
5,26.04.2021,10,2021,True,har_ovx,0.0148940096035356,0.019300285657469225
5,27.04.2021,10,2021,True,har_ovx,0.0160135900964834,0.019731041391465885
5,28.04.2021,10,2021,True,har_ovx,0.0158648875394427,0.018694049382972526
5,29.04.2021,10,2021,True,har_ovx,0.0151726234170118,0.01793170795348957
5,30.04.2021,10,2021,True,har_ovx,0.0113980922441099,0.017871305239062503
5,03.05.2021,10,2021,True,har_ovx,0.0114021657652119,0.018638389577237145
5,04.05.2021,10,2021,True,har_ovx,0.0066583555713298,0.01858279682242678
5,05.05.2021,10,2021,True,har_ovx,0.0086594857858582,0.01741183323891115
5,06.05.2021,10,2021,True,har_ovx,0.0173589766408704,0.018058232728927644
5,07.05.2021,10,2021,True,har_ovx,0.0214194388480604,0.017831734938013526
5,10.05.2021,10,2021,True,har_ovx,0.0218277200484082,0.017897605982876246
5,11.05.2021,10,2021,True,har_ovx,0.0227268811091886,0.018058081508471907
5,12.05.2021,10,2021,True,har_ovx,0.0252666648984108,0.018018977911995426
5,13.05.2021,10,2021,True,har_ovx,0.0230889001873392,0.01670750653699479
5,14.05.2021,10,2021,True,har_ovx,0.0217362731869463,0.017384459108834988
5,17.05.2021,10,2021,True,har_ovx,0.0267053159731781,0.017194128554903203
5,18.05.2021,10,2021,True,har_ovx,0.0263838178120694,0.01737519692284127
5,19.05.2021,10,2021,True,har_ovx,0.0203997400146152,0.01761915294518275
5,20.05.2021,10,2021,True,har_ovx,0.011833053835539,0.01827900690398731
5,21.05.2021,10,2021,True,har_ovx,0.0117668059103821,0.018814852114804933
5,24.05.2021,10,2021,True,har_ovx,0.0032406518569917,0.018938058459366535
5,25.05.2021,10,2021,True,har_ovx,0.0052758621634046,0.01770840165028067
5,26.05.2021,10,2021,True,har_ovx,0.0062572360458716,0.01824904280553659
5,27.05.2021,10,2021,True,har_ovx,0.0062332358850444,0.017377686112203344
5,28.05.2021,10,2021,True,har_ovx,0.008337551936402,0.017155475232561494
5,01.06.2021,10,2021,True,har_ovx,0.0084956134243612,0.017039616592262052
5,02.06.2021,10,2021,True,har_ovx,0.0065365201568301,0.01697173531674117
5,03.06.2021,10,2021,True,har_ovx,0.006335010075024,0.016600922909841716
5,04.06.2021,10,2021,True,har_ovx,0.0057558476159011,0.017181824577268974
5,07.06.2021,10,2021,True,har_ovx,0.0038494425081364,0.016250999372989367
5,08.06.2021,10,2021,True,har_ovx,0.0060771275414214,0.016276740514414786
5,09.06.2021,10,2021,True,har_ovx,0.0054489200782354,0.0163327733999105
5,10.06.2021,10,2021,True,har_ovx,0.0120487294132094,0.01640620223643872
5,11.06.2021,10,2021,True,har_ovx,0.0122095342645503,0.016776773607080454
5,14.06.2021,10,2021,True,har_ovx,0.0142688245788546,0.016074968189274313
5,15.06.2021,10,2021,True,har_ovx,0.0132966158067802,0.01608911366430827
5,16.06.2021,10,2021,True,har_ovx,0.013277929043682,0.015401541471578893
5,17.06.2021,10,2021,True,har_ovx,0.0073108515605781,0.016244899052564408
5,18.06.2021,10,2021,True,har_ovx,0.007319861333845,0.016795281177752808
5,21.06.2021,10,2021,True,har_ovx,0.0113108583290224,0.015397537446152566
5,22.06.2021,10,2021,True,har_ovx,0.0113256780150569,0.015592505275714236
5,23.06.2021,10,2021,True,har_ovx,0.0113109120367151,0.015126335004941491
5,24.06.2021,10,2021,True,har_ovx,0.0119740704907457,0.01522261138935803
5,25.06.2021,10,2021,True,har_ovx,0.0114925742851441,0.014296451929114155
5,28.06.2021,10,2021,True,har_ovx,0.0123064001175607,0.013984651861021664
5,29.06.2021,10,2021,True,har_ovx,0.0138030764437992,0.014448315005871317
5,30.06.2021,10,2021,True,har_ovx,0.0146031674363989,0.014702147854330855
5,01.07.2021,10,2021,True,har_ovx,0.0170543614732303,0.014819349152896209
5,02.07.2021,10,2021,True,har_ovx,0.0168718586375801,0.014688280056997693
5,06.07.2021,10,2021,True,har_ovx,0.0147769252136064,0.01487787403556511
5,07.07.2021,10,2021,True,har_ovx,0.0176494869094436,0.016711656698096433
5,08.07.2021,10,2021,True,har_ovx,0.0194321327234795,0.018497236139068736
5,09.07.2021,10,2021,True,har_ovx,0.0160098369238374,0.017440381834523934
5,12.07.2021,10,2021,True,har_ovx,0.0330480308409115,0.016838497522137535
5,13.07.2021,10,2021,True,har_ovx,0.0312646404439862,0.01764908383049018
5,14.07.2021,10,2021,True,har_ovx,0.0410051541859606,0.016433855560735088
5,15.07.2021,10,2021,True,har_ovx,0.0421680555600957,0.017569215542769908
5,16.07.2021,10,2021,True,har_ovx,0.0421951703399953,0.01769866577635567
5,19.07.2021,10,2021,True,har_ovx,0.0151565283359845,0.017432146634955716
5,20.07.2021,10,2021,True,har_ovx,0.0168838434001457,0.021644287577354076
5,21.07.2021,10,2021,True,har_ovx,0.0083960350138457,0.024393164745385956
5,22.07.2021,10,2021,True,har_ovx,0.0066833365986866,0.02119535046791144
5,23.07.2021,10,2021,True,har_ovx,0.0067228505770883,0.019220715875584164
5,26.07.2021,10,2021,True,har_ovx,0.0242833735626651,0.018560423095470964
5,27.07.2021,10,2021,True,har_ovx,0.0241809882372518,0.019192959852163058
5,28.07.2021,10,2021,True,har_ovx,0.0253557033119335,0.018979540738886386
5,29.07.2021,10,2021,True,har_ovx,0.0240925065284032,0.018789135717862063
5,30.07.2021,10,2021,True,har_ovx,0.0225762580379343,0.018252189990420574
5,02.08.2021,10,2021,True,har_ovx,0.0162933933039115,0.01821152944222372
5,03.08.2021,10,2021,True,har_ovx,0.0223702779404918,0.019403182520253283
5,04.08.2021,10,2021,True,har_ovx,0.0187241819364536,0.02025327203406009
5,05.08.2021,10,2021,True,har_ovx,0.0179257539197496,0.021832296629928374
5,06.08.2021,10,2021,True,har_ovx,0.0181575059255994,0.020898579324936918
5,09.08.2021,10,2021,True,har_ovx,0.015678444037859,0.02092418979941611
5,10.08.2021,10,2021,True,har_ovx,0.0102108771354403,0.02229959408536845
5,11.08.2021,10,2021,True,har_ovx,0.0051282007075968,0.020909057389795233
5,12.08.2021,10,2021,True,har_ovx,0.0075313031225608,0.020655585148871544
5,13.08.2021,10,2021,True,har_ovx,0.0074366601579938,0.020064874246158482
5,16.08.2021,10,2021,True,har_ovx,0.0319153095888423,0.01976678012677266
5,17.08.2021,10,2021,True,har_ovx,0.0352384881469415,0.0194528400439927
5,18.08.2021,10,2021,True,har_ovx,0.0339946656628634,0.019794476226054368
5,19.08.2021,10,2021,True,har_ovx,0.031411778901792,0.0196594714324973
5,20.08.2021,10,2021,True,har_ovx,0.0255332094423784,0.019463012297207816
5,23.08.2021,10,2021,True,har_ovx,0.0185941843243885,0.019467236616453176
5,24.08.2021,10,2021,True,har_ovx,0.0161873227051571,0.019350424461365
5,25.08.2021,10,2021,True,har_ovx,0.0178254345367381,0.019275528561543458
5,26.08.2021,10,2021,True,har_ovx,0.0177851613266688,0.019132410360707657
5,27.08.2021,10,2021,True,har_ovx,0.0152645520753741,0.01935322261566053
5,30.08.2021,10,2021,True,har_ovx,0.0149000941480291,0.0189632602442808
5,31.08.2021,10,2021,True,har_ovx,0.0167400244927532,0.018726154394902453
5,01.09.2021,10,2021,True,har_ovx,0.0158567883101973,0.018422058837640885
5,02.09.2021,10,2021,True,har_ovx,0.0160015107877255,0.018787456516941484
5,03.09.2021,10,2021,True,har_ovx,0.0160153976657562,0.01712134454723695
5,07.09.2021,10,2021,True,har_ovx,0.0137563674109556,0.01929378595794712
5,08.09.2021,10,2021,True,har_ovx,0.0162821234940552,0.017634639693486633
5,09.09.2021,10,2021,True,har_ovx,0.0106442548973352,0.01716642812459812
5,10.09.2021,10,2021,True,har_ovx,0.0112134732891264,0.017888387524635188
5,13.09.2021,10,2021,True,har_ovx,0.0158672406158831,0.017835591265275442
5,14.09.2021,10,2021,True,har_ovx,0.0160146899064107,0.017664306996240886
5,15.09.2021,10,2021,True,har_ovx,0.0157848143860491,0.017977283924337
5,16.09.2021,10,2021,True,har_ovx,0.0166804277912045,0.017339345502174447
5,17.09.2021,10,2021,True,har_ovx,0.0161180287374377,0.017824234855337438
5,20.09.2021,10,2021,True,har_ovx,0.0070326335587606,0.017200765550341647
5,21.09.2021,10,2021,True,har_ovx,0.0112138968399596,0.018054165848135167
5,22.09.2021,10,2021,True,har_ovx,0.0112331327162752,0.017083638664855964
5,23.09.2021,10,2021,True,har_ovx,0.0107625796371122,0.01596012434414186
5,24.09.2021,10,2021,True,har_ovx,0.0105662968551273,0.016005455104573185
5,27.09.2021,10,2021,True,har_ovx,0.0129841094596846,0.016498262774783452
5,28.09.2021,10,2021,True,har_ovx,0.0124432574904402,0.016731527717097617
5,29.09.2021,10,2021,True,har_ovx,0.0165530010211956,0.017299316103145078
5,30.09.2021,10,2021,True,har_ovx,0.0160367135186192,0.016993884865893982
5,01.10.2021,10,2021,True,har_ovx,0.0160786541648462,0.018037682859814767
5,04.10.2021,10,2021,True,har_ovx,0.0139999281117341,0.017400288171103367
5,05.10.2021,10,2021,True,har_ovx,0.013098196316943,0.017275553678906694
5,06.10.2021,10,2021,True,har_ovx,0.0080319521815469,0.017223892782747434
5,07.10.2021,10,2021,True,har_ovx,0.0078906547327857,0.018825207587742594
5,08.10.2021,10,2021,True,har_ovx,0.0082419042039125,0.020544000607168586
5,11.10.2021,10,2021,True,har_ovx,0.0077783870235882,0.017570036996534377
5,12.10.2021,10,2021,True,har_ovx,0.0078786389511308,0.017683152758673028
5,13.10.2021,10,2021,True,har_ovx,0.0070246881537845,0.017353914837544167
5,14.10.2021,10,2021,True,har_ovx,0.0110403934850578,0.016838106938815517
5,15.10.2021,10,2021,True,har_ovx,0.0111676420687038,0.017100874077990658
5,18.10.2021,10,2021,True,har_ovx,0.0103047937427557,0.015996725892983846
5,19.10.2021,10,2021,True,har_ovx,0.0099696378487521,0.016129738515799224
5,20.10.2021,10,2021,True,har_ovx,0.0139720757853104,0.016144280904450747
5,21.10.2021,10,2021,True,har_ovx,0.0125372752840074,0.015967521429653457
5,22.10.2021,10,2021,True,har_ovx,0.0109314884237654,0.01657018982398048
5,25.10.2021,10,2021,True,har_ovx,0.0106784811710107,0.016725552913374787
5,26.10.2021,10,2021,True,har_ovx,0.0100172003958942,0.01638936481592461
5,27.10.2021,10,2021,True,har_ovx,0.015038609552832,0.01613482795233972
5,28.10.2021,10,2021,True,har_ovx,0.0157024765797578,0.017008688562050903
5,29.10.2021,10,2021,True,har_ovx,0.0226699077295531,0.017096875592572475
5,01.11.2021,10,2021,True,har_ovx,0.0231306876164804,0.01736234733023557
5,02.11.2021,10,2021,True,har_ovx,0.0247185242052967,0.016618461474370006
5,03.11.2021,10,2021,True,har_ovx,0.0224299384004554,0.01611591421866231
5,04.11.2021,10,2021,True,har_ovx,0.0196948749535034,0.01756176806309087
5,05.11.2021,10,2021,True,har_ovx,0.0162046708189219,0.017523357004500202
5,08.11.2021,10,2021,True,har_ovx,0.0153089031230863,0.017479896188616475
5,09.11.2021,10,2021,True,har_ovx,0.0122346337030502,0.01757727863983482
5,10.11.2021,10,2021,True,har_ovx,0.0125873781829785,0.017092559872597734
5,11.11.2021,10,2021,True,har_ovx,0.0146314100916174,0.01755379205521301
5,12.11.2021,10,2021,True,har_ovx,0.0186615393499789,0.017473552845966238
5,15.11.2021,10,2021,True,har_ovx,0.0203606019170312,0.017350488948966764
5,16.11.2021,10,2021,True,har_ovx,0.0266629628109993,0.01754316150929676
5,17.11.2021,10,2021,True,har_ovx,0.0225198693135408,0.01686228143029858
5,18.11.2021,10,2021,True,har_ovx,0.0606527836327621,0.01645503756048395
5,19.11.2021,10,2021,True,har_ovx,0.0620091398520129,0.018072294713138343
5,22.11.2021,10,2021,True,har_ovx,0.0610936838478903,0.017852258003192047
5,23.11.2021,10,2021,True,har_ovx,0.0526552548670942,0.017930628205500385
5,24.11.2021,10,2021,True,har_ovx,0.0549284741982478,0.017537253939197476
5,26.11.2021,10,2021,True,har_ovx,0.0229446094077413,0.017683168417974505
5,29.11.2021,10,2021,True,har_ovx,0.0328867332401437,0.030853017164378976
5,30.11.2021,10,2021,True,har_ovx,0.0267459067108334,0.0313840985695459
5,01.12.2021,10,2021,True,har_ovx,0.0182622052253155,0.03549131552951994
5,02.12.2021,10,2021,True,har_ovx,0.0251327867716783,0.03679537423094722
5,03.12.2021,10,2021,True,har_ovx,0.0246252568200627,0.029368964463598757
5,06.12.2021,10,2021,True,har_ovx,0.0194822046103971,0.03222213765062684
5,07.12.2021,10,2021,True,har_ovx,0.0117168545967751,0.02896334442859723
5,08.12.2021,10,2021,True,har_ovx,0.011229188885444,0.026453968185149293
5,09.12.2021,10,2021,True,har_ovx,0.011324463496345,0.02568395429439456
5,10.12.2021,10,2021,True,har_ovx,0.0136229622872018,0.026250801029616255
5,13.12.2021,10,2021,True,har_ovx,0.0172211589540512,0.025954427775193453
5,14.12.2021,10,2021,True,har_ovx,0.0252477473254478,0.025845609724504656
5,15.12.2021,10,2021,True,har_ovx,0.0263786344353582,0.029091242193492003
5,16.12.2021,10,2021,True,har_ovx,0.0270404753253843,0.029806837986508482
5,17.12.2021,10,2021,True,har_ovx,0.0237020078869204,0.027267906763418545
5,20.12.2021,10,2021,True,har_ovx,0.0105966071758254,0.026601313744798648
5,21.12.2021,10,2021,True,har_ovx,0.0090502888233804,0.03079048112827578
5,22.12.2021,10,2021,True,har_ovx,0.0102121551713269,0.02804886530959512
5,23.12.2021,10,2021,True,har_ovx,0.0149649879037841,0.025806995031745696
5,27.12.2021,10,2021,True,har_ovx,0.0127231791383968,0.025049074563638286
5,28.12.2021,10,2021,True,har_ovx,0.0138077265827376,0.021728684238882537
5,29.12.2021,10,2021,True,har_ovx,0.0142017222923507,0.021136729596941656
5,30.12.2021,10,2021,True,har_ovx,0.014807167400085,0.0201888045538043
5,31.12.2021,10,2021,True,har_ovx,0.0074963697322761,0.019892650359832335
5,04.01.2021,10,2021,True,har_gpr,0.0217310826718622,0.012626236811762073
5,05.01.2021,10,2021,True,har_gpr,0.0136014667427073,0.013731409259462292
5,06.01.2021,10,2021,True,har_gpr,0.0161159561590192,0.01735671808039111
5,07.01.2021,10,2021,True,har_gpr,0.0158898952143997,0.01663051510941384
5,08.01.2021,10,2021,True,har_gpr,0.0153218216912191,0.016459775911571325
5,11.01.2021,10,2021,True,har_gpr,0.0170258640068359,0.017501809905389857
5,12.01.2021,10,2021,True,har_gpr,0.0149084049406235,0.01620909753863456
5,13.01.2021,10,2021,True,har_gpr,0.0143141235419288,0.01584977336692169
5,14.01.2021,10,2021,True,har_gpr,0.0147190654340528,0.016125428397226894
5,15.01.2021,10,2021,True,har_gpr,0.0100402751403374,0.01605011159617202
5,19.01.2021,10,2021,True,har_gpr,0.0076688512081884,0.01707336707135105
5,20.01.2021,10,2021,True,har_gpr,0.0074743294980826,0.017080033460395473
5,21.01.2021,10,2021,True,har_gpr,0.0076228763198572,0.016651527113331
5,22.01.2021,10,2021,True,har_gpr,0.0055978345047754,0.01567046402219378
5,25.01.2021,10,2021,True,har_gpr,0.00557651364242,0.015729220815287707
5,26.01.2021,10,2021,True,har_gpr,0.0096058589377971,0.015177167769991957
5,27.01.2021,10,2021,True,har_gpr,0.0097817967286899,0.014905233212493443
5,28.01.2021,10,2021,True,har_gpr,0.0063120602771798,0.014775672972804816
5,29.01.2021,10,2021,True,har_gpr,0.005917931711061,0.014934605694981031
5,01.02.2021,10,2021,True,har_gpr,0.0064737989768371,0.014830066658910297
5,02.02.2021,10,2021,True,har_gpr,0.0061405140997611,0.014663793221519814
5,03.02.2021,10,2021,True,har_gpr,0.0058733369121587,0.014943630096836084
5,04.02.2021,10,2021,True,har_gpr,0.0091523432587378,0.012852891932800755
5,05.02.2021,10,2021,True,har_gpr,0.0109329304569948,0.012355575779310244
5,08.02.2021,10,2021,True,har_gpr,0.0098437282602893,0.012377964741472576
5,09.02.2021,10,2021,True,har_gpr,0.0102531836460715,0.01264272103475238
5,10.02.2021,10,2021,True,har_gpr,0.0127702303842934,0.012304213712744358
5,11.02.2021,10,2021,True,har_gpr,0.0160240098745024,0.012029020324375682
5,12.02.2021,10,2021,True,har_gpr,0.0205483633651149,0.012083970235160328
5,16.02.2021,10,2021,True,har_gpr,0.0204298864782995,0.012852947015807005
5,17.02.2021,10,2021,True,har_gpr,0.0219345203107329,0.010680550111292434
5,18.02.2021,10,2021,True,har_gpr,0.0213325189201765,0.010753103262659134
5,19.02.2021,10,2021,True,har_gpr,0.0199841198324042,0.011054737899155518
5,22.02.2021,10,2021,True,har_gpr,0.0227538362206239,0.012183549000560552
5,23.02.2021,10,2021,True,har_gpr,0.0228047913916097,0.013302286399948184
5,24.02.2021,10,2021,True,har_gpr,0.021495555101191,0.012784715510034855
5,25.02.2021,10,2021,True,har_gpr,0.0313019493147776,0.013561925181827696
5,26.02.2021,10,2021,True,har_gpr,0.034716071898277,0.01316904960393106
5,01.03.2021,10,2021,True,har_gpr,0.0281735728280797,0.013511734105751539
5,02.03.2021,10,2021,True,har_gpr,0.0269134281014145,0.01744533140626096
5,03.03.2021,10,2021,True,har_gpr,0.0268537098173628,0.017552863933136462
5,04.03.2021,10,2021,True,har_gpr,0.0232665479889825,0.01762903897460318
5,05.03.2021,10,2021,True,har_gpr,0.0164018622766415,0.019581913404172986
5,08.03.2021,10,2021,True,har_gpr,0.0143064458154707,0.020598376628788835
5,09.03.2021,10,2021,True,har_gpr,0.0136180199459472,0.020664717500158535
5,10.03.2021,10,2021,True,har_gpr,0.0139226388641995,0.02055891346232356
5,11.03.2021,10,2021,True,har_gpr,0.0295341219838458,0.020464596489119535
5,12.03.2021,10,2021,True,har_gpr,0.0342096767443177,0.0208549527777532
5,15.03.2021,10,2021,True,har_gpr,0.0347427115484147,0.02011270762911094
5,16.03.2021,10,2021,True,har_gpr,0.0404661335542318,0.0184807312553513
5,17.03.2021,10,2021,True,har_gpr,0.0548868681725371,0.018494631769867223
5,18.03.2021,10,2021,True,har_gpr,0.0471425866566698,0.01843700654162084
5,19.03.2021,10,2021,True,har_gpr,0.0507765575358197,0.024223320623628666
5,22.03.2021,10,2021,True,har_gpr,0.0508553372090415,0.023727676372370582
5,23.03.2021,10,2021,True,har_gpr,0.0394080250126673,0.022863931374864747
5,24.03.2021,10,2021,True,har_gpr,0.0295505446375563,0.026346054279284457
5,25.03.2021,10,2021,True,har_gpr,0.0224435243624791,0.028829564519874576
5,26.03.2021,10,2021,True,har_gpr,0.0237183443971847,0.028712360642967234
5,29.03.2021,10,2021,True,har_gpr,0.0242133951315475,0.02992659209754637
5,30.03.2021,10,2021,True,har_gpr,0.0245920987931925,0.030053748662978146
5,31.03.2021,10,2021,True,har_gpr,0.0243557473382353,0.02939054144113129
5,01.04.2021,10,2021,True,har_gpr,0.021170830976517,0.028518609724370373
5,05.04.2021,10,2021,True,har_gpr,0.0052986339401212,0.027571707422052602
5,06.04.2021,10,2021,True,har_gpr,0.0045390536041263,0.02689705493817234
5,07.04.2021,10,2021,True,har_gpr,0.0195083986548605,0.026426007191980405
5,08.04.2021,10,2021,True,har_gpr,0.0190136012229933,0.026438338671299036
5,09.04.2021,10,2021,True,har_gpr,0.0187333317609769,0.0262894784306693
5,12.04.2021,10,2021,True,har_gpr,0.0188301843221343,0.02566786835792251
5,13.04.2021,10,2021,True,har_gpr,0.0206468626966526,0.024585721402724532
5,14.04.2021,10,2021,True,har_gpr,0.0098867310571015,0.024610721515114328
5,15.04.2021,10,2021,True,har_gpr,0.0090564489948124,0.027375523943499916
5,16.04.2021,10,2021,True,har_gpr,0.0114761277492282,0.02671309542884705
5,19.04.2021,10,2021,True,har_gpr,0.0110536488592637,0.023704916291007322
5,20.04.2021,10,2021,True,har_gpr,0.0128560817639739,0.024365649999190334
5,21.04.2021,10,2021,True,har_gpr,0.0085359756189675,0.024578175291260267
5,22.04.2021,10,2021,True,har_gpr,0.0097275289074543,0.02177012214908874
5,23.04.2021,10,2021,True,har_gpr,0.0159762169872383,0.01911821610168374
5,26.04.2021,10,2021,True,har_gpr,0.0148940096035356,0.018067527955068018
5,27.04.2021,10,2021,True,har_gpr,0.0160135900964834,0.015961391804121337
5,28.04.2021,10,2021,True,har_gpr,0.0158648875394427,0.01623916361411299
5,29.04.2021,10,2021,True,har_gpr,0.0151726234170118,0.01588274675374982
5,30.04.2021,10,2021,True,har_gpr,0.0113980922441099,0.016159071520177076
5,03.05.2021,10,2021,True,har_gpr,0.0114021657652119,0.01673518340594332
5,04.05.2021,10,2021,True,har_gpr,0.0066583555713298,0.014604940236711344
5,05.05.2021,10,2021,True,har_gpr,0.0086594857858582,0.015160198162171405
5,06.05.2021,10,2021,True,har_gpr,0.0173589766408704,0.014862147217295153
5,07.05.2021,10,2021,True,har_gpr,0.0214194388480604,0.015326889885656024
5,10.05.2021,10,2021,True,har_gpr,0.0218277200484082,0.014853238251954776
5,11.05.2021,10,2021,True,har_gpr,0.0227268811091886,0.013954001624072183
5,12.05.2021,10,2021,True,har_gpr,0.0252666648984108,0.013690187647436399
5,13.05.2021,10,2021,True,har_gpr,0.0230889001873392,0.011689432248555013
5,14.05.2021,10,2021,True,har_gpr,0.0217362731869463,0.014225366128460686
5,17.05.2021,10,2021,True,har_gpr,0.0267053159731781,0.015011610791904672
5,18.05.2021,10,2021,True,har_gpr,0.0263838178120694,0.015018828155528519
5,19.05.2021,10,2021,True,har_gpr,0.0203997400146152,0.015167166283629617
5,20.05.2021,10,2021,True,har_gpr,0.011833053835539,0.01630135051325901
5,21.05.2021,10,2021,True,har_gpr,0.0117668059103821,0.016651463367747532
5,24.05.2021,10,2021,True,har_gpr,0.0032406518569917,0.01680499727746747
5,25.05.2021,10,2021,True,har_gpr,0.0052758621634046,0.018292431573268046
5,26.05.2021,10,2021,True,har_gpr,0.0062572360458716,0.01773967508196331
5,27.05.2021,10,2021,True,har_gpr,0.0062332358850444,0.017247490248761828
5,28.05.2021,10,2021,True,har_gpr,0.008337551936402,0.016530311692393374
5,01.06.2021,10,2021,True,har_gpr,0.0084956134243612,0.01601400177551914
5,02.06.2021,10,2021,True,har_gpr,0.0065365201568301,0.015316552557642901
5,03.06.2021,10,2021,True,har_gpr,0.006335010075024,0.015435517619275307
5,04.06.2021,10,2021,True,har_gpr,0.0057558476159011,0.015258701707175807
5,07.06.2021,10,2021,True,har_gpr,0.0038494425081364,0.015189321672185537
5,08.06.2021,10,2021,True,har_gpr,0.0060771275414214,0.015098651604722993
5,09.06.2021,10,2021,True,har_gpr,0.0054489200782354,0.015238928010007992
5,10.06.2021,10,2021,True,har_gpr,0.0120487294132094,0.014955118647874197
5,11.06.2021,10,2021,True,har_gpr,0.0122095342645503,0.014934897462238776
5,14.06.2021,10,2021,True,har_gpr,0.0142688245788546,0.013408755497702301
5,15.06.2021,10,2021,True,har_gpr,0.0132966158067802,0.012995738449277311
5,16.06.2021,10,2021,True,har_gpr,0.013277929043682,0.013465079035465476
5,17.06.2021,10,2021,True,har_gpr,0.0073108515605781,0.013003921513517414
5,18.06.2021,10,2021,True,har_gpr,0.007319861333845,0.01266617946031024
5,21.06.2021,10,2021,True,har_gpr,0.0113108583290224,0.011171725037524617
5,22.06.2021,10,2021,True,har_gpr,0.0113256780150569,0.012008141305565108
5,23.06.2021,10,2021,True,har_gpr,0.0113109120367151,0.010562285501698316
5,24.06.2021,10,2021,True,har_gpr,0.0119740704907457,0.010618545654947851
5,25.06.2021,10,2021,True,har_gpr,0.0114925742851441,0.010231426049330304
5,28.06.2021,10,2021,True,har_gpr,0.0123064001175607,0.010279553230342563
5,29.06.2021,10,2021,True,har_gpr,0.0138030764437992,0.011746797892979485
5,30.06.2021,10,2021,True,har_gpr,0.0146031674363989,0.011394996721247701
5,01.07.2021,10,2021,True,har_gpr,0.0170543614732303,0.011173005037654917
5,02.07.2021,10,2021,True,har_gpr,0.0168718586375801,0.011346865566159069
5,06.07.2021,10,2021,True,har_gpr,0.0147769252136064,0.011188633700045083
5,07.07.2021,10,2021,True,har_gpr,0.0176494869094436,0.012084827618684431
5,08.07.2021,10,2021,True,har_gpr,0.0194321327234795,0.012368184167333048
5,09.07.2021,10,2021,True,har_gpr,0.0160098369238374,0.012432621648740799
5,12.07.2021,10,2021,True,har_gpr,0.0330480308409115,0.013187626740993979
5,13.07.2021,10,2021,True,har_gpr,0.0312646404439862,0.013826449941449064
5,14.07.2021,10,2021,True,har_gpr,0.0410051541859606,0.014228030657936023
5,15.07.2021,10,2021,True,har_gpr,0.0421680555600957,0.015024974770773409
5,16.07.2021,10,2021,True,har_gpr,0.0421951703399953,0.015389847790298096
5,19.07.2021,10,2021,True,har_gpr,0.0151565283359845,0.014527383578850838
5,20.07.2021,10,2021,True,har_gpr,0.0168838434001457,0.02021765199970864
5,21.07.2021,10,2021,True,har_gpr,0.0083960350138457,0.01888482390382802
5,22.07.2021,10,2021,True,har_gpr,0.0066833365986866,0.021512351693470804
5,23.07.2021,10,2021,True,har_gpr,0.0067228505770883,0.021627844546318914
5,26.07.2021,10,2021,True,har_gpr,0.0242833735626651,0.021343473014247983
5,27.07.2021,10,2021,True,har_gpr,0.0241809882372518,0.02012444859684316
5,28.07.2021,10,2021,True,har_gpr,0.0253557033119335,0.01987264926838303
5,29.07.2021,10,2021,True,har_gpr,0.0240925065284032,0.019392321570712953
5,30.07.2021,10,2021,True,har_gpr,0.0225762580379343,0.019712979079202667
5,02.08.2021,10,2021,True,har_gpr,0.0162933933039115,0.01943982897989047
5,03.08.2021,10,2021,True,har_gpr,0.0223702779404918,0.022341207417997527
5,04.08.2021,10,2021,True,har_gpr,0.0187241819364536,0.021431914168893625
5,05.08.2021,10,2021,True,har_gpr,0.0179257539197496,0.022232961079010943
5,06.08.2021,10,2021,True,har_gpr,0.0181575059255994,0.02196018349389847
5,09.08.2021,10,2021,True,har_gpr,0.015678444037859,0.02148902918020034
5,10.08.2021,10,2021,True,har_gpr,0.0102108771354403,0.02222688872221542
5,11.08.2021,10,2021,True,har_gpr,0.0051282007075968,0.022769273700201594
5,12.08.2021,10,2021,True,har_gpr,0.0075313031225608,0.022230976116745065
5,13.08.2021,10,2021,True,har_gpr,0.0074366601579938,0.02186023339318375
5,16.08.2021,10,2021,True,har_gpr,0.0319153095888423,0.02205052834968399
5,17.08.2021,10,2021,True,har_gpr,0.0352384881469415,0.017831489031329754
5,18.08.2021,10,2021,True,har_gpr,0.0339946656628634,0.01729500978809594
5,19.08.2021,10,2021,True,har_gpr,0.031411778901792,0.015491176884466022
5,20.08.2021,10,2021,True,har_gpr,0.0255332094423784,0.015741606321559642
5,23.08.2021,10,2021,True,har_gpr,0.0185941843243885,0.015700224190781004
5,24.08.2021,10,2021,True,har_gpr,0.0161873227051571,0.020334723587216066
5,25.08.2021,10,2021,True,har_gpr,0.0178254345367381,0.021199586262139886
5,26.08.2021,10,2021,True,har_gpr,0.0177851613266688,0.021092060903263245
5,27.08.2021,10,2021,True,har_gpr,0.0152645520753741,0.020774973921514138
5,30.08.2021,10,2021,True,har_gpr,0.0149000941480291,0.02094263907507899
5,31.08.2021,10,2021,True,har_gpr,0.0167400244927532,0.020332228418709908
5,01.09.2021,10,2021,True,har_gpr,0.0158567883101973,0.02010481729619891
5,02.09.2021,10,2021,True,har_gpr,0.0160015107877255,0.02007833789641842
5,03.09.2021,10,2021,True,har_gpr,0.0160153976657562,0.02025821584345451
5,07.09.2021,10,2021,True,har_gpr,0.0137563674109556,0.019832985491479965
5,08.09.2021,10,2021,True,har_gpr,0.0162821234940552,0.019380351678132193
5,09.09.2021,10,2021,True,har_gpr,0.0106442548973352,0.019226172330720305
5,10.09.2021,10,2021,True,har_gpr,0.0112134732891264,0.019359581053873046
5,13.09.2021,10,2021,True,har_gpr,0.0158672406158831,0.01975589346309159
5,14.09.2021,10,2021,True,har_gpr,0.0160146899064107,0.019651020927674897
5,15.09.2021,10,2021,True,har_gpr,0.0157848143860491,0.019135412972183994
5,16.09.2021,10,2021,True,har_gpr,0.0166804277912045,0.019963387866372573
5,17.09.2021,10,2021,True,har_gpr,0.0161180287374377,0.019023796789741344
5,20.09.2021,10,2021,True,har_gpr,0.0070326335587606,0.018295401969540843
5,21.09.2021,10,2021,True,har_gpr,0.0112138968399596,0.018307562201810314
5,22.09.2021,10,2021,True,har_gpr,0.0112331327162752,0.015871147352159134
5,23.09.2021,10,2021,True,har_gpr,0.0107625796371122,0.015690544258578052
5,24.09.2021,10,2021,True,har_gpr,0.0105662968551273,0.015498648717894326
5,27.09.2021,10,2021,True,har_gpr,0.0129841094596846,0.014984660509357985
5,28.09.2021,10,2021,True,har_gpr,0.0124432574904402,0.014339400932966453
5,29.09.2021,10,2021,True,har_gpr,0.0165530010211956,0.014471978322363691
5,30.09.2021,10,2021,True,har_gpr,0.0160367135186192,0.014475069998228337
5,01.10.2021,10,2021,True,har_gpr,0.0160786541648462,0.01373646005440864
5,04.10.2021,10,2021,True,har_gpr,0.0139999281117341,0.01357923653444146
5,05.10.2021,10,2021,True,har_gpr,0.013098196316943,0.013754977893468254
5,06.10.2021,10,2021,True,har_gpr,0.0080319521815469,0.013224584604348699
5,07.10.2021,10,2021,True,har_gpr,0.0078906547327857,0.014222233963840876
5,08.10.2021,10,2021,True,har_gpr,0.0082419042039125,0.01347810790245645
5,11.10.2021,10,2021,True,har_gpr,0.0077783870235882,0.01314187149657696
5,12.10.2021,10,2021,True,har_gpr,0.0078786389511308,0.01327045548610542
5,13.10.2021,10,2021,True,har_gpr,0.0070246881537845,0.013168191689364415
5,14.10.2021,10,2021,True,har_gpr,0.0110403934850578,0.012438456069546341
5,15.10.2021,10,2021,True,har_gpr,0.0111676420687038,0.012566606841891311
5,18.10.2021,10,2021,True,har_gpr,0.0103047937427557,0.01248751588293099
5,19.10.2021,10,2021,True,har_gpr,0.0099696378487521,0.011607680544528447
5,20.10.2021,10,2021,True,har_gpr,0.0139720757853104,0.011662851896845907
5,21.10.2021,10,2021,True,har_gpr,0.0125372752840074,0.011104173530524881
5,22.10.2021,10,2021,True,har_gpr,0.0109314884237654,0.011932526776196543
5,25.10.2021,10,2021,True,har_gpr,0.0106784811710107,0.011885407224325316
5,26.10.2021,10,2021,True,har_gpr,0.0100172003958942,0.01140344870647416
5,27.10.2021,10,2021,True,har_gpr,0.015038609552832,0.011220689070141515
5,28.10.2021,10,2021,True,har_gpr,0.0157024765797578,0.012584590064699343
5,29.10.2021,10,2021,True,har_gpr,0.0226699077295531,0.012222466191562007
5,01.11.2021,10,2021,True,har_gpr,0.0231306876164804,0.012034012809783105
5,02.11.2021,10,2021,True,har_gpr,0.0247185242052967,0.01111260051673899
5,03.11.2021,10,2021,True,har_gpr,0.0224299384004554,0.010680214731350062
5,04.11.2021,10,2021,True,har_gpr,0.0196948749535034,0.01273172093714958
5,05.11.2021,10,2021,True,har_gpr,0.0162046708189219,0.012805765668856887
5,08.11.2021,10,2021,True,har_gpr,0.0153089031230863,0.01432798248020235
5,09.11.2021,10,2021,True,har_gpr,0.0122346337030502,0.014784342795432519
5,10.11.2021,10,2021,True,har_gpr,0.0125873781829785,0.015307527168552501
5,11.11.2021,10,2021,True,har_gpr,0.0146314100916174,0.01608750218162399
5,12.11.2021,10,2021,True,har_gpr,0.0186615393499789,0.015432838647712409
5,15.11.2021,10,2021,True,har_gpr,0.0203606019170312,0.015217898910056355
5,16.11.2021,10,2021,True,har_gpr,0.0266629628109993,0.014288183826793904
5,17.11.2021,10,2021,True,har_gpr,0.0225198693135408,0.014063026509700908
5,18.11.2021,10,2021,True,har_gpr,0.0606527836327621,0.014952403351329656
5,19.11.2021,10,2021,True,har_gpr,0.0620091398520129,0.014933186401373302
5,22.11.2021,10,2021,True,har_gpr,0.0610936838478903,0.01600928664319725
5,23.11.2021,10,2021,True,har_gpr,0.0526552548670942,0.016158380081060093
5,24.11.2021,10,2021,True,har_gpr,0.0549284741982478,0.01807730048228232
5,26.11.2021,10,2021,True,har_gpr,0.0229446094077413,0.016946627819975107
5,29.11.2021,10,2021,True,har_gpr,0.0328867332401437,0.030918650170940164
5,30.11.2021,10,2021,True,har_gpr,0.0267459067108334,0.02898494608092402
5,01.12.2021,10,2021,True,har_gpr,0.0182622052253155,0.02986466139329237
5,02.12.2021,10,2021,True,har_gpr,0.0251327867716783,0.029133450317611866
5,03.12.2021,10,2021,True,har_gpr,0.0246252568200627,0.029007943581798135
5,06.12.2021,10,2021,True,har_gpr,0.0194822046103971,0.026832782993791687
5,07.12.2021,10,2021,True,har_gpr,0.0117168545967751,0.02892479970758865
5,08.12.2021,10,2021,True,har_gpr,0.011229188885444,0.028907018396953144
5,09.12.2021,10,2021,True,har_gpr,0.011324463496345,0.027760885375036373
5,10.12.2021,10,2021,True,har_gpr,0.0136229622872018,0.02830915043178939
5,13.12.2021,10,2021,True,har_gpr,0.0172211589540512,0.028208731789759457
5,14.12.2021,10,2021,True,har_gpr,0.0252477473254478,0.027814058894409355
5,15.12.2021,10,2021,True,har_gpr,0.0263786344353582,0.027306605743828545
5,16.12.2021,10,2021,True,har_gpr,0.0270404753253843,0.027144340082824757
5,17.12.2021,10,2021,True,har_gpr,0.0237020078869204,0.02731485954579752
5,20.12.2021,10,2021,True,har_gpr,0.0105966071758254,0.027540072793890077
5,21.12.2021,10,2021,True,har_gpr,0.0090502888233804,0.02794575779091706
5,22.12.2021,10,2021,True,har_gpr,0.0102121551713269,0.029156197595728527
5,23.12.2021,10,2021,True,har_gpr,0.0149649879037841,0.028556451257901422
5,27.12.2021,10,2021,True,har_gpr,0.0127231791383968,0.028928203284178607
5,28.12.2021,10,2021,True,har_gpr,0.0138077265827376,0.020015050142227316
5,29.12.2021,10,2021,True,har_gpr,0.0142017222923507,0.018854089548431447
5,30.12.2021,10,2021,True,har_gpr,0.014807167400085,0.017147738910846172
5,31.12.2021,10,2021,True,har_gpr,0.0074963697322761,0.016367837248067178
5,04.01.2021,10,2021,True,har_x,0.0217310826718622,0.016463025424056275
5,05.01.2021,10,2021,True,har_x,0.0136014667427073,0.018995126017277535
5,06.01.2021,10,2021,True,har_x,0.0161159561590192,0.018743727254593008
5,07.01.2021,10,2021,True,har_x,0.0158898952143997,0.01871235024188143
5,08.01.2021,10,2021,True,har_x,0.0153218216912191,0.017660747301563754
5,11.01.2021,10,2021,True,har_x,0.0170258640068359,0.017736027905336477
5,12.01.2021,10,2021,True,har_x,0.0149084049406235,0.01696975005627683
5,13.01.2021,10,2021,True,har_x,0.0143141235419288,0.016348004548078873
5,14.01.2021,10,2021,True,har_x,0.0147190654340528,0.01757981176578012
5,15.01.2021,10,2021,True,har_x,0.0100402751403374,0.018031683505676053
5,19.01.2021,10,2021,True,har_x,0.0076688512081884,0.019012563417398966
5,20.01.2021,10,2021,True,har_x,0.0074743294980826,0.017025415115497197
5,21.01.2021,10,2021,True,har_x,0.0076228763198572,0.01723565561143657
5,22.01.2021,10,2021,True,har_x,0.0055978345047754,0.01670843364454835
5,25.01.2021,10,2021,True,har_x,0.00557651364242,0.01694023079918642
5,26.01.2021,10,2021,True,har_x,0.0096058589377971,0.01845597267865098
5,27.01.2021,10,2021,True,har_x,0.0097817967286899,0.018239628963063106
5,28.01.2021,10,2021,True,har_x,0.0063120602771798,0.01929655324470426
5,29.01.2021,10,2021,True,har_x,0.005917931711061,0.019381411656635296
5,01.02.2021,10,2021,True,har_x,0.0064737989768371,0.01928671759390676
5,02.02.2021,10,2021,True,har_x,0.0061405140997611,0.01793386350874822
5,03.02.2021,10,2021,True,har_x,0.0058733369121587,0.017526239309231542
5,04.02.2021,10,2021,True,har_x,0.0091523432587378,0.016223308724718305
5,05.02.2021,10,2021,True,har_x,0.0109329304569948,0.015695350706063562
5,08.02.2021,10,2021,True,har_x,0.0098437282602893,0.015522767065755508
5,09.02.2021,10,2021,True,har_x,0.0102531836460715,0.015516274794526162
5,10.02.2021,10,2021,True,har_x,0.0127702303842934,0.015264889050560724
5,11.02.2021,10,2021,True,har_x,0.0160240098745024,0.015297880929525555
5,12.02.2021,10,2021,True,har_x,0.0205483633651149,0.015442914296668211
5,16.02.2021,10,2021,True,har_x,0.0204298864782995,0.0153736416957283
5,17.02.2021,10,2021,True,har_x,0.0219345203107329,0.014835957806889762
5,18.02.2021,10,2021,True,har_x,0.0213325189201765,0.015480899963151192
5,19.02.2021,10,2021,True,har_x,0.0199841198324042,0.016050392025195596
5,22.02.2021,10,2021,True,har_x,0.0227538362206239,0.01615678054442705
5,23.02.2021,10,2021,True,har_x,0.0228047913916097,0.016290476879942062
5,24.02.2021,10,2021,True,har_x,0.021495555101191,0.01714698545602874
5,25.02.2021,10,2021,True,har_x,0.0313019493147776,0.01691683822346078
5,26.02.2021,10,2021,True,har_x,0.034716071898277,0.017561189736744746
5,01.03.2021,10,2021,True,har_x,0.0281735728280797,0.01826562460287405
5,02.03.2021,10,2021,True,har_x,0.0269134281014145,0.019756582629550698
5,03.03.2021,10,2021,True,har_x,0.0268537098173628,0.019606671897388576
5,04.03.2021,10,2021,True,har_x,0.0232665479889825,0.019154276779078834
5,05.03.2021,10,2021,True,har_x,0.0164018622766415,0.018329070576959396
5,08.03.2021,10,2021,True,har_x,0.0143064458154707,0.018414930057706846
5,09.03.2021,10,2021,True,har_x,0.0136180199459472,0.01960212981425318
5,10.03.2021,10,2021,True,har_x,0.0139226388641995,0.019365208806709104
5,11.03.2021,10,2021,True,har_x,0.0295341219838458,0.019271734064125433
5,12.03.2021,10,2021,True,har_x,0.0342096767443177,0.01928017042430737
5,15.03.2021,10,2021,True,har_x,0.0347427115484147,0.019416861516614436
5,16.03.2021,10,2021,True,har_x,0.0404661335542318,0.01968460363783395
5,17.03.2021,10,2021,True,har_x,0.0548868681725371,0.01956779650407234
5,18.03.2021,10,2021,True,har_x,0.0471425866566698,0.018943172244852258
5,19.03.2021,10,2021,True,har_x,0.0507765575358197,0.023507612141468993
5,22.03.2021,10,2021,True,har_x,0.0508553372090415,0.022647811537169573
5,23.03.2021,10,2021,True,har_x,0.0394080250126673,0.021281425282790742
5,24.03.2021,10,2021,True,har_x,0.0295505446375563,0.024395408916670032
5,25.03.2021,10,2021,True,har_x,0.0224435243624791,0.030912103037130385
5,26.03.2021,10,2021,True,har_x,0.0237183443971847,0.02595242651863213
5,29.03.2021,10,2021,True,har_x,0.0242133951315475,0.02445639364418193
5,30.03.2021,10,2021,True,har_x,0.0245920987931925,0.025292098107914544
5,31.03.2021,10,2021,True,har_x,0.0243557473382353,0.024267791670454952
5,01.04.2021,10,2021,True,har_x,0.021170830976517,0.025815533255741405
5,05.04.2021,10,2021,True,har_x,0.0052986339401212,0.023458024420411384
5,06.04.2021,10,2021,True,har_x,0.0045390536041263,0.022661356584010795
5,07.04.2021,10,2021,True,har_x,0.0195083986548605,0.023216459559495823
5,08.04.2021,10,2021,True,har_x,0.0190136012229933,0.022844569290440608
5,09.04.2021,10,2021,True,har_x,0.0187333317609769,0.022696077725038382
5,12.04.2021,10,2021,True,har_x,0.0188301843221343,0.021943319401502827
5,13.04.2021,10,2021,True,har_x,0.0206468626966526,0.021407752672409776
5,14.04.2021,10,2021,True,har_x,0.0098867310571015,0.020751912824329054
5,15.04.2021,10,2021,True,har_x,0.0090564489948124,0.020851713074825657
5,16.04.2021,10,2021,True,har_x,0.0114761277492282,0.020776073479478657
5,19.04.2021,10,2021,True,har_x,0.0110536488592637,0.01918769834120952
5,20.04.2021,10,2021,True,har_x,0.0128560817639739,0.020569310104240766
5,21.04.2021,10,2021,True,har_x,0.0085359756189675,0.020765464029299182
5,22.04.2021,10,2021,True,har_x,0.0097275289074543,0.02226973741752743
5,23.04.2021,10,2021,True,har_x,0.0159762169872383,0.020501252453430905
5,26.04.2021,10,2021,True,har_x,0.0148940096035356,0.019611896811702386
5,27.04.2021,10,2021,True,har_x,0.0160135900964834,0.019074043389894803
5,28.04.2021,10,2021,True,har_x,0.0158648875394427,0.018025698850682694
5,29.04.2021,10,2021,True,har_x,0.0151726234170118,0.017260605842994988
5,30.04.2021,10,2021,True,har_x,0.0113980922441099,0.017199297105550092
5,03.05.2021,10,2021,True,har_x,0.0114021657652119,0.017967280245418004
5,04.05.2021,10,2021,True,har_x,0.0066583555713298,0.018676270672434814
5,05.05.2021,10,2021,True,har_x,0.0086594857858582,0.01749455319703381
5,06.05.2021,10,2021,True,har_x,0.0173589766408704,0.018143634843765927
5,07.05.2021,10,2021,True,har_x,0.0214194388480604,0.01791629234516507
5,10.05.2021,10,2021,True,har_x,0.0218277200484082,0.01798463730863318
5,11.05.2021,10,2021,True,har_x,0.0227268811091886,0.017071774971848006
5,12.05.2021,10,2021,True,har_x,0.0252666648984108,0.01703731172633254
5,13.05.2021,10,2021,True,har_x,0.0230889001873392,0.015724328208611957
5,14.05.2021,10,2021,True,har_x,0.0217362731869463,0.0163960755490721
5,17.05.2021,10,2021,True,har_x,0.0267053159731781,0.016194798915509373
5,18.05.2021,10,2021,True,har_x,0.0263838178120694,0.016886755599894363
5,19.05.2021,10,2021,True,har_x,0.0203997400146152,0.01713180483818424
5,20.05.2021,10,2021,True,har_x,0.011833053835539,0.017796436089266978
5,21.05.2021,10,2021,True,har_x,0.0117668059103821,0.018335086410976826
5,24.05.2021,10,2021,True,har_x,0.0032406518569917,0.018458563779805696
5,25.05.2021,10,2021,True,har_x,0.0052758621634046,0.01786714308957331
5,26.05.2021,10,2021,True,har_x,0.0062572360458716,0.018408223292805836
5,27.05.2021,10,2021,True,har_x,0.0062332358850444,0.017534561686525497
5,28.05.2021,10,2021,True,har_x,0.008337551936402,0.017320573985344027
5,01.06.2021,10,2021,True,har_x,0.0084956134243612,0.01720450382319151
5,02.06.2021,10,2021,True,har_x,0.0065365201568301,0.01696200313259838
5,03.06.2021,10,2021,True,har_x,0.006335010075024,0.016587649833186068
5,04.06.2021,10,2021,True,har_x,0.0057558476159011,0.0171702204824375
5,07.06.2021,10,2021,True,har_x,0.0038494425081364,0.01623281029361263
5,08.06.2021,10,2021,True,har_x,0.0060771275414214,0.015216736272204422
5,09.06.2021,10,2021,True,har_x,0.0054489200782354,0.015273836722197577
5,10.06.2021,10,2021,True,har_x,0.0120487294132094,0.0153476693122856
5,11.06.2021,10,2021,True,har_x,0.0122095342645503,0.015723319002664476
5,14.06.2021,10,2021,True,har_x,0.0142688245788546,0.015022302325315153
5,15.06.2021,10,2021,True,har_x,0.0132966158067802,0.014949413155209324
5,16.06.2021,10,2021,True,har_x,0.013277929043682,0.01425512257608372
5,17.06.2021,10,2021,True,har_x,0.0073108515605781,0.015106616145871802
5,18.06.2021,10,2021,True,har_x,0.007319861333845,0.01566378598757005
5,21.06.2021,10,2021,True,har_x,0.0113108583290224,0.014256434956506954
5,22.06.2021,10,2021,True,har_x,0.0113256780150569,0.01549301049982935
5,23.06.2021,10,2021,True,har_x,0.0113109120367151,0.015025185616075923
5,24.06.2021,10,2021,True,har_x,0.0119740704907457,0.015123256377838935
5,25.06.2021,10,2021,True,har_x,0.0114925742851441,0.014193530316692684
5,28.06.2021,10,2021,True,har_x,0.0123064001175607,0.013879361240099726
5,29.06.2021,10,2021,True,har_x,0.0138030764437992,0.014316466404161692
5,30.06.2021,10,2021,True,har_x,0.0146031674363989,0.014569116439560352
5,01.07.2021,10,2021,True,har_x,0.0170543614732303,0.014689750620647006
5,02.07.2021,10,2021,True,har_x,0.0168718586375801,0.014557399394762525
5,06.07.2021,10,2021,True,har_x,0.0147769252136064,0.014748487722287618
5,07.07.2021,10,2021,True,har_x,0.0176494869094436,0.016185474287803984
5,08.07.2021,10,2021,True,har_x,0.0194321327234795,0.017984242867531117
5,09.07.2021,10,2021,True,har_x,0.0160098369238374,0.016914572741613586
5,12.07.2021,10,2021,True,har_x,0.0330480308409115,0.016304244319867732
5,13.07.2021,10,2021,True,har_x,0.0312646404439862,0.017562400039511865
5,14.07.2021,10,2021,True,har_x,0.0410051541859606,0.016338014828439138
5,15.07.2021,10,2021,True,har_x,0.0421680555600957,0.01748025829868784
5,16.07.2021,10,2021,True,har_x,0.0421951703399953,0.017606432734547674
5,19.07.2021,10,2021,True,har_x,0.0151565283359845,0.017339201761403782
5,20.07.2021,10,2021,True,har_x,0.0168838434001457,0.02058723183682062
5,21.07.2021,10,2021,True,har_x,0.0083960350138457,0.02335379334520253
5,22.07.2021,10,2021,True,har_x,0.0066833365986866,0.02011389311815059
5,23.07.2021,10,2021,True,har_x,0.0067228505770883,0.018112910998833158
5,26.07.2021,10,2021,True,har_x,0.0242833735626651,0.017442568082741198
5,27.07.2021,10,2021,True,har_x,0.0241809882372518,0.018538929110711876
5,28.07.2021,10,2021,True,har_x,0.0253557033119335,0.01832217840436171
5,29.07.2021,10,2021,True,har_x,0.0240925065284032,0.018138424509749642
5,30.07.2021,10,2021,True,har_x,0.0225762580379343,0.01759962450436901
5,02.08.2021,10,2021,True,har_x,0.0162933933039115,0.017555955339893518
5,03.08.2021,10,2021,True,har_x,0.0223702779404918,0.019048892130337187
5,04.08.2021,10,2021,True,har_x,0.0187241819364536,0.01990057698796412
5,05.08.2021,10,2021,True,har_x,0.0179257539197496,0.02149665630701687
5,06.08.2021,10,2021,True,har_x,0.0181575059255994,0.020551379342935962
5,09.08.2021,10,2021,True,har_x,0.015678444037859,0.0205792614053338
5,10.08.2021,10,2021,True,har_x,0.0102108771354403,0.02167906942718273
5,11.08.2021,10,2021,True,har_x,0.0051282007075968,0.02026811327309188
5,12.08.2021,10,2021,True,har_x,0.0075313031225608,0.020013805769756032
5,13.08.2021,10,2021,True,har_x,0.0074366601579938,0.01941688465260493
5,16.08.2021,10,2021,True,har_x,0.0319153095888423,0.019117165053177947
5,17.08.2021,10,2021,True,har_x,0.0352384881469415,0.01924225243361765
5,18.08.2021,10,2021,True,har_x,0.0339946656628634,0.01959083216017889
5,19.08.2021,10,2021,True,har_x,0.031411778901792,0.01946823707037415
5,20.08.2021,10,2021,True,har_x,0.0255332094423784,0.01927141502557486
5,23.08.2021,10,2021,True,har_x,0.0185941843243885,0.019273870908270648
5,24.08.2021,10,2021,True,har_x,0.0161873227051571,0.019497477596330463
5,25.08.2021,10,2021,True,har_x,0.0178254345367381,0.019409434929554832
5,26.08.2021,10,2021,True,har_x,0.0177851613266688,0.019261502757121768
5,27.08.2021,10,2021,True,har_x,0.0152645520753741,0.019487594436255418
5,30.08.2021,10,2021,True,har_x,0.0149000941480291,0.019098281195053295
5,31.08.2021,10,2021,True,har_x,0.0167400244927532,0.01901266201674905
5,01.09.2021,10,2021,True,har_x,0.0158567883101973,0.018707036817824915
5,02.09.2021,10,2021,True,har_x,0.0160015107877255,0.019079150841123528
5,03.09.2021,10,2021,True,har_x,0.0160153976657562,0.017395909224024255
5,07.09.2021,10,2021,True,har_x,0.0137563674109556,0.019589303051990102
5,08.09.2021,10,2021,True,har_x,0.0162821234940552,0.017698380876687063
5,09.09.2021,10,2021,True,har_x,0.0106442548973352,0.017225211452855337
5,10.09.2021,10,2021,True,har_x,0.0112134732891264,0.017955092665731566
5,13.09.2021,10,2021,True,har_x,0.0158672406158831,0.017900928669496306
5,14.09.2021,10,2021,True,har_x,0.0160146899064107,0.01790359389423686
5,15.09.2021,10,2021,True,har_x,0.0157848143860491,0.01822167508431053
5,16.09.2021,10,2021,True,har_x,0.0166804277912045,0.017578590794780413
5,17.09.2021,10,2021,True,har_x,0.0161180287374377,0.018070023209735053
5,20.09.2021,10,2021,True,har_x,0.0070326335587606,0.01744429850810609
5,21.09.2021,10,2021,True,har_x,0.0112138968399596,0.01750700489700094
5,22.09.2021,10,2021,True,har_x,0.0112331327162752,0.016535588727232958
5,23.09.2021,10,2021,True,har_x,0.0107625796371122,0.01540745034545713
5,24.09.2021,10,2021,True,har_x,0.0105662968551273,0.015450618087433294
5,27.09.2021,10,2021,True,har_x,0.0129841094596846,0.01595038613889775
5,28.09.2021,10,2021,True,har_x,0.0124432574904402,0.016152510993463015
5,29.09.2021,10,2021,True,har_x,0.0165530010211956,0.016718974144146033
5,30.09.2021,10,2021,True,har_x,0.0160367135186192,0.016410557530458194
5,01.10.2021,10,2021,True,har_x,0.0160786541648462,0.017467494546719853
5,04.10.2021,10,2021,True,har_x,0.0139999281117341,0.016827122201046766
5,05.10.2021,10,2021,True,har_x,0.013098196316943,0.016402103868340664
5,06.10.2021,10,2021,True,har_x,0.0080319521815469,0.01635043109123398
5,07.10.2021,10,2021,True,har_x,0.0078906547327857,0.017960523525667356
5,08.10.2021,10,2021,True,har_x,0.0082419042039125,0.01969820660628133
5,11.10.2021,10,2021,True,har_x,0.0077783870235882,0.01669515226921162
5,12.10.2021,10,2021,True,har_x,0.0078786389511308,0.016812831957286018
5,13.10.2021,10,2021,True,har_x,0.0070246881537845,0.016380958561761194
5,14.10.2021,10,2021,True,har_x,0.0110403934850578,0.015866927179145254
5,15.10.2021,10,2021,True,har_x,0.0111676420687038,0.01613372244948508
5,18.10.2021,10,2021,True,har_x,0.0103047937427557,0.015019020894901489
5,19.10.2021,10,2021,True,har_x,0.0099696378487521,0.015873204996164722
5,20.10.2021,10,2021,True,har_x,0.0139720757853104,0.01588830024856722
5,21.10.2021,10,2021,True,har_x,0.0125372752840074,0.01571314011604613
5,22.10.2021,10,2021,True,har_x,0.0109314884237654,0.016316662086854793
5,25.10.2021,10,2021,True,har_x,0.0106784811710107,0.016472732934510168
5,26.10.2021,10,2021,True,har_x,0.0100172003958942,0.01563388173222886
5,27.10.2021,10,2021,True,har_x,0.015038609552832,0.015377808551802152
5,28.10.2021,10,2021,True,har_x,0.0157024765797578,0.016255641043456195
5,29.10.2021,10,2021,True,har_x,0.0226699077295531,0.01634211838390183
5,01.11.2021,10,2021,True,har_x,0.0231306876164804,0.01661144934195451
5,02.11.2021,10,2021,True,har_x,0.0247185242052967,0.016177147411752073
5,03.11.2021,10,2021,True,har_x,0.0224299384004554,0.015671181665463073
5,04.11.2021,10,2021,True,har_x,0.0196948749535034,0.0171271679408661
5,05.11.2021,10,2021,True,har_x,0.0162046708189219,0.017083251724193477
5,08.11.2021,10,2021,True,har_x,0.0153089031230863,0.017029974950580798
5,09.11.2021,10,2021,True,har_x,0.0122346337030502,0.016951201646649407
5,10.11.2021,10,2021,True,har_x,0.0125873781829785,0.016460320323653868
5,11.11.2021,10,2021,True,har_x,0.0146314100916174,0.016926218348249682
5,12.11.2021,10,2021,True,har_x,0.0186615393499789,0.01684357043593346
5,15.11.2021,10,2021,True,har_x,0.0203606019170312,0.01672416792810653
5,16.11.2021,10,2021,True,har_x,0.0266629628109993,0.017396803497881936
5,17.11.2021,10,2021,True,har_x,0.0225198693135408,0.016713159376636866
5,18.11.2021,10,2021,True,har_x,0.0606527836327621,0.016303468909695366
5,19.11.2021,10,2021,True,har_x,0.0620091398520129,0.01793126196843124
5,22.11.2021,10,2021,True,har_x,0.0610936838478903,0.017706177650371344
5,23.11.2021,10,2021,True,har_x,0.0526552548670942,0.01781184824999517
5,24.11.2021,10,2021,True,har_x,0.0549284741982478,0.01740733222522548
5,26.11.2021,10,2021,True,har_x,0.0229446094077413,0.01755382616763783
5,29.11.2021,10,2021,True,har_x,0.0328867332401437,0.030793889414304346
5,30.11.2021,10,2021,True,har_x,0.0267459067108334,0.03041745686197941
5,01.12.2021,10,2021,True,har_x,0.0182622052253155,0.034569831104172596
5,02.12.2021,10,2021,True,har_x,0.0251327867716783,0.0358910537388647
5,03.12.2021,10,2021,True,har_x,0.0246252568200627,0.028387142735967274
5,06.12.2021,10,2021,True,har_x,0.0194822046103971,0.03129635771364238
5,07.12.2021,10,2021,True,har_x,0.0117168545967751,0.02862053487269086
5,08.12.2021,10,2021,True,har_x,0.011229188885444,0.026086480882751038
5,09.12.2021,10,2021,True,har_x,0.011324463496345,0.025312111390558143
5,10.12.2021,10,2021,True,har_x,0.0136229622872018,0.025881537702269513
5,13.12.2021,10,2021,True,har_x,0.0172211589540512,0.025580485911200712
5,14.12.2021,10,2021,True,har_x,0.0252477473254478,0.025318972099808476
5,15.12.2021,10,2021,True,har_x,0.0263786344353582,0.02860357008729805
5,16.12.2021,10,2021,True,har_x,0.0270404753253843,0.02932532887161817
5,17.12.2021,10,2021,True,har_x,0.0237020078869204,0.0267642427782665
5,20.12.2021,10,2021,True,har_x,0.0105966071758254,0.02608997261184188
5,21.12.2021,10,2021,True,har_x,0.0090502888233804,0.029799125883231154
5,22.12.2021,10,2021,True,har_x,0.0102121551713269,0.027021291421544427
5,23.12.2021,10,2021,True,har_x,0.0149649879037841,0.02475504287416375
5,27.12.2021,10,2021,True,har_x,0.0127231791383968,0.023988214662824737
5,28.12.2021,10,2021,True,har_x,0.0138077265827376,0.020872580942513347
5,29.12.2021,10,2021,True,har_x,0.0142017222923507,0.02028337530300284
5,30.12.2021,10,2021,True,har_x,0.014807167400085,0.01933566618678833
5,31.12.2021,10,2021,True,har_x,0.0074963697322761,0.01903918272993671
22,04.01.2021,10,2021,True,har,0.0149714832033058,0.014540058692740384
22,05.01.2021,10,2021,True,har,0.0117811139128342,0.01533287961641884
22,06.01.2021,10,2021,True,har,0.0121298670265875,0.01984173048817295
22,07.01.2021,10,2021,True,har,0.0121289789664028,0.018490474659717017
22,08.01.2021,10,2021,True,har,0.0109011971870848,0.0181262709477958
22,11.01.2021,10,2021,True,har,0.01087831332882,0.01965379278099154
22,12.01.2021,10,2021,True,har,0.0111549340707335,0.018304226527092043
22,13.01.2021,10,2021,True,har,0.0109164013017309,0.01778473371654425
22,14.01.2021,10,2021,True,har,0.0111206342171804,0.018009130020862324
22,15.01.2021,10,2021,True,har,0.0094049307755394,0.017874739748563077
22,19.01.2021,10,2021,True,har,0.0104157367481799,0.019084069994700775
22,20.01.2021,10,2021,True,har,0.0123143064358984,0.019023054249673828
22,21.01.2021,10,2021,True,har,0.0122779758016558,0.018314936693361414
22,22.01.2021,10,2021,True,har,0.0120749428458788,0.017373877863827616
22,25.01.2021,10,2021,True,har,0.0123029379741996,0.017688921129638005
22,26.01.2021,10,2021,True,har,0.012895459282921,0.016786705361831186
22,27.01.2021,10,2021,True,har,0.0160215548766951,0.016268105343195866
22,28.01.2021,10,2021,True,har,0.0165229842600311,0.016170831136092467
22,29.01.2021,10,2021,True,har,0.0168762536122032,0.01638213529012036
22,01.02.2021,10,2021,True,har,0.0184214990971156,0.016212207917532934
22,02.02.2021,10,2021,True,har,0.0194200266469693,0.016277399900167577
22,03.02.2021,10,2021,True,har,0.020011772155755,0.016953519946323534
22,04.02.2021,10,2021,True,har,0.0203626971105277,0.015100051056318925
22,05.02.2021,10,2021,True,har,0.0203570514903,0.014271000326480817
22,08.02.2021,10,2021,True,har,0.020542033352349,0.014310231768714286
22,09.02.2021,10,2021,True,har,0.0206975866784724,0.01432214710101529
22,10.02.2021,10,2021,True,har,0.0208197727159893,0.013775400908481238
22,11.02.2021,10,2021,True,har,0.0208654936967117,0.013471647278853416
22,12.02.2021,10,2021,True,har,0.0206769958269763,0.013671949756752594
22,16.02.2021,10,2021,True,har,0.0260689197723216,0.014745489865518166
22,17.02.2021,10,2021,True,har,0.0261981420009642,0.013245238119827828
22,18.02.2021,10,2021,True,har,0.0261583347609185,0.013347156973741064
22,19.02.2021,10,2021,True,har,0.029110315274667,0.013554761121378621
22,22.02.2021,10,2021,True,har,0.0307562345181345,0.014899562230156572
22,23.02.2021,10,2021,True,har,0.0318130922787738,0.016718947198503364
22,24.02.2021,10,2021,True,har,0.0326599951820505,0.015567738991041379
22,25.02.2021,10,2021,True,har,0.0327041836836326,0.01679072253864024
22,26.02.2021,10,2021,True,har,0.0327314264382883,0.015956361255993583
22,01.03.2021,10,2021,True,har,0.0317845489461955,0.016364403488950054
22,02.03.2021,10,2021,True,har,0.0318783892619205,0.019608052150450674
22,03.03.2021,10,2021,True,har,0.03288170611066,0.01926060355623764
22,04.03.2021,10,2021,True,har,0.0316198507180517,0.019379605027753162
22,05.03.2021,10,2021,True,har,0.0303417025932378,0.021971077008613997
22,08.03.2021,10,2021,True,har,0.0302366431345912,0.02298353369190945
22,09.03.2021,10,2021,True,har,0.0301953003319578,0.02192699041549309
22,10.03.2021,10,2021,True,har,0.030190086712134,0.02165532753438414
22,11.03.2021,10,2021,True,har,0.0296059632688658,0.02146925697368391
22,12.03.2021,10,2021,True,har,0.0313690700215178,0.0220188694981591
22,15.03.2021,10,2021,True,har,0.0313967346963162,0.020630387957666182
22,16.03.2021,10,2021,True,har,0.0313713010649393,0.020286586279150975
22,17.03.2021,10,2021,True,har,0.0313727675090217,0.020307968967422516
22,18.03.2021,10,2021,True,har,0.02711349511079,0.02024487127181076
22,19.03.2021,10,2021,True,har,0.0271895511338224,0.027417918493014004
22,22.03.2021,10,2021,True,har,0.0271893252579311,0.02616891223105596
22,23.03.2021,10,2021,True,har,0.0234973243769532,0.024880513202273344
22,24.03.2021,10,2021,True,har,0.0202377210466431,0.02940940677133376
22,25.03.2021,10,2021,True,har,0.0182786702912916,0.032245545212610575
22,26.03.2021,10,2021,True,har,0.0163394927333518,0.03136200961778374
22,29.03.2021,10,2021,True,har,0.0167230157579484,0.0326548251909502
22,30.03.2021,10,2021,True,har,0.0170497398778808,0.030856453012677684
22,31.03.2021,10,2021,True,har,0.0168582706141053,0.029824905192272523
22,01.04.2021,10,2021,True,har,0.0167993159873049,0.028485733892993075
22,05.04.2021,10,2021,True,har,0.0134151020275097,0.027522099229099012
22,06.04.2021,10,2021,True,har,0.0138670855864202,0.028315533215445075
22,07.04.2021,10,2021,True,har,0.0138524283645466,0.02725955376344428
22,08.04.2021,10,2021,True,har,0.0138529068035495,0.027233644369940753
22,09.04.2021,10,2021,True,har,0.013751609178771,0.02696994774474573
22,12.04.2021,10,2021,True,har,0.0138375561018776,0.02633285060441625
22,13.04.2021,10,2021,True,har,0.0159582571377154,0.0247251032051794
22,14.04.2021,10,2021,True,har,0.0138449863306095,0.024726178299811843
22,15.04.2021,10,2021,True,har,0.013967885579631,0.028680539324079497
22,16.04.2021,10,2021,True,har,0.0141981193400525,0.02728449501091603
22,19.04.2021,10,2021,True,har,0.015688949144093,0.024598127773608376
22,20.04.2021,10,2021,True,har,0.0164028143932218,0.024510782528897015
22,21.04.2021,10,2021,True,har,0.0164879301000512,0.024849836829126212
22,22.04.2021,10,2021,True,har,0.0176237174971624,0.02209267006651057
22,23.04.2021,10,2021,True,har,0.0175173802730402,0.019386557079735973
22,26.04.2021,10,2021,True,har,0.0174108671811311,0.018791865819873396
22,27.04.2021,10,2021,True,har,0.0173423270660785,0.01739891886960349
22,28.04.2021,10,2021,True,har,0.0171785465062932,0.01782788748623231
22,29.04.2021,10,2021,True,har,0.0168212166793185,0.0173167072580879
22,30.04.2021,10,2021,True,har,0.0164446930945611,0.017745289804183995
22,03.05.2021,10,2021,True,har,0.0164529628421176,0.018574215442871578
22,04.05.2021,10,2021,True,har,0.0160733416239737,0.015954040558444814
22,05.05.2021,10,2021,True,har,0.0161530283201884,0.016792672210997468
22,06.05.2021,10,2021,True,har,0.015920540422853,0.016158094017779068
22,07.05.2021,10,2021,True,har,0.0159307060198736,0.01675959756237485
22,10.05.2021,10,2021,True,har,0.0159278816121694,0.015952886359875948
22,11.05.2021,10,2021,True,har,0.0159273861495614,0.015887507135015515
22,12.05.2021,10,2021,True,har,0.0158137197164448,0.015469735841178618
22,13.05.2021,10,2021,True,har,0.0138901896624008,0.013992106867228082
22,14.05.2021,10,2021,True,har,0.0131598816254477,0.01709209341064681
22,17.05.2021,10,2021,True,har,0.0138083253765454,0.017806008410122677
22,18.05.2021,10,2021,True,har,0.0135060456773854,0.01746211223391113
22,19.05.2021,10,2021,True,har,0.0116577206607053,0.017637395328762157
22,20.05.2021,10,2021,True,har,0.0098625991137546,0.01914709433666617
22,21.05.2021,10,2021,True,har,0.0093613894750521,0.01920227758250022
22,24.05.2021,10,2021,True,har,0.0076237925345962,0.01919909116415512
22,25.05.2021,10,2021,True,har,0.0076528701357299,0.0207016066106877
22,26.05.2021,10,2021,True,har,0.0092821975554179,0.01965493815503293
22,27.05.2021,10,2021,True,har,0.0092327521175812,0.018927265845247596
22,28.05.2021,10,2021,True,har,0.0092365006678831,0.01797004075342389
22,01.06.2021,10,2021,True,har,0.0092522961716897,0.01739482967597458
22,02.06.2021,10,2021,True,har,0.0088570245722527,0.01673976663874071
22,03.06.2021,10,2021,True,har,0.0102965659425029,0.017083057825833282
22,04.06.2021,10,2021,True,har,0.0108014933275042,0.016677096972980004
22,07.06.2021,10,2021,True,har,0.0108398586215188,0.016768063431362085
22,08.06.2021,10,2021,True,har,0.0113315151165718,0.016964788317180516
22,09.06.2021,10,2021,True,har,0.0114293801299871,0.01718747907595238
22,10.06.2021,10,2021,True,har,0.0119063652058512,0.016634320490585927
22,11.06.2021,10,2021,True,har,0.0130715016304103,0.016690197605191425
22,14.06.2021,10,2021,True,har,0.0136596942979908,0.015297543306704034
22,15.06.2021,10,2021,True,har,0.0132484743352052,0.014628073226787911
22,16.06.2021,10,2021,True,har,0.0198223554527047,0.015414867532906398
22,17.06.2021,10,2021,True,har,0.0197837200368658,0.014779471196586357
22,18.06.2021,10,2021,True,har,0.0217685257703282,0.015076596965660443
22,21.06.2021,10,2021,True,har,0.0218880386132313,0.01354543564545235
22,22.06.2021,10,2021,True,har,0.021912097033969,0.01414769222694746
22,23.06.2021,10,2021,True,har,0.0219159883750249,0.012486465945812122
22,24.06.2021,10,2021,True,har,0.0218838280340129,0.012612555440461734
22,25.06.2021,10,2021,True,har,0.0218165182365255,0.011965214601069273
22,28.06.2021,10,2021,True,har,0.0217158462181044,0.012073505728738877
22,29.06.2021,10,2021,True,har,0.0217243385754094,0.013860094150549312
22,30.06.2021,10,2021,True,har,0.0238956650559042,0.013174555398765294
22,01.07.2021,10,2021,True,har,0.0237952804989911,0.013059067690341842
22,02.07.2021,10,2021,True,har,0.0243911583994444,0.013334749917920309
22,06.07.2021,10,2021,True,har,0.0242792291600729,0.013069982701784055
22,07.07.2021,10,2021,True,har,0.0241538906924619,0.014539535014595394
22,08.07.2021,10,2021,True,har,0.024460629095684,0.014723476545985457
22,09.07.2021,10,2021,True,har,0.0246316086667542,0.014709165202336241
22,12.07.2021,10,2021,True,har,0.0248167373988545,0.015689044766187186
22,13.07.2021,10,2021,True,har,0.0244194772342236,0.01525116430353233
22,14.07.2021,10,2021,True,har,0.0240791712049,0.01574222450220615
22,15.07.2021,10,2021,True,har,0.0240246644065503,0.016690878564517495
22,16.07.2021,10,2021,True,har,0.0240235736769938,0.016989245055133984
22,19.07.2021,10,2021,True,har,0.0189619475296541,0.01574419021225823
22,20.07.2021,10,2021,True,har,0.0195862103066193,0.023975407952504295
22,21.07.2021,10,2021,True,har,0.0174250145366931,0.021524877689428863
22,22.07.2021,10,2021,True,har,0.0207192979829178,0.024919602509492565
22,23.07.2021,10,2021,True,har,0.0220687044057686,0.02468914560513963
22,26.07.2021,10,2021,True,har,0.0223784157509738,0.02409602187244496
22,27.07.2021,10,2021,True,har,0.0226049586777077,0.021215613372551963
22,28.07.2021,10,2021,True,har,0.0231945704033615,0.02098240290970841
22,29.07.2021,10,2021,True,har,0.0229578961186953,0.020192314924304434
22,30.07.2021,10,2021,True,har,0.0229424966909744,0.020663617993741615
22,02.08.2021,10,2021,True,har,0.0211326028770243,0.020151166029512585
22,03.08.2021,10,2021,True,har,0.0215392165081146,0.024741020078563818
22,04.08.2021,10,2021,True,har,0.0206172203538999,0.02314643893284013
22,05.08.2021,10,2021,True,har,0.0206637748817748,0.02434466973250688
22,06.08.2021,10,2021,True,har,0.0207322121009799,0.023727181184473374
22,09.08.2021,10,2021,True,har,0.0203483993092631,0.02314777679428532
22,10.08.2021,10,2021,True,har,0.0202352281375695,0.02324266027608142
22,11.08.2021,10,2021,True,har,0.0201693519113434,0.024007367002004263
22,12.08.2021,10,2021,True,har,0.0201573678317407,0.02312164675316456
22,13.08.2021,10,2021,True,har,0.0205816798964264,0.022564480737736824
22,16.08.2021,10,2021,True,har,0.020166353314119,0.022910222498211712
22,17.08.2021,10,2021,True,har,0.0201084585970045,0.01979815675087386
22,18.08.2021,10,2021,True,har,0.0204400053601848,0.018878286321889523
22,19.08.2021,10,2021,True,har,0.0193055243295584,0.017144157569905342
22,20.08.2021,10,2021,True,har,0.018914781874537,0.017784615076787275
22,23.08.2021,10,2021,True,har,0.0159615784393774,0.017599407348673924
22,24.08.2021,10,2021,True,har,0.0147941873860136,0.023925578968274228
22,25.08.2021,10,2021,True,har,0.0148587021339439,0.024435618755425256
22,26.08.2021,10,2021,True,har,0.0143016853229462,0.02395120719677877
22,27.08.2021,10,2021,True,har,0.0138923024361215,0.023536752097727542
22,30.08.2021,10,2021,True,har,0.0138621443276208,0.023504893266078162
22,31.08.2021,10,2021,True,har,0.013784802023846,0.02107443685910568
22,01.09.2021,10,2021,True,har,0.0134603596351911,0.020672163876279084
22,02.09.2021,10,2021,True,har,0.0132843135198156,0.02100929033122218
22,03.09.2021,10,2021,True,har,0.0140244067791421,0.021174619044915025
22,07.09.2021,10,2021,True,har,0.0134903557026135,0.02038894369537394
22,08.09.2021,10,2021,True,har,0.0134114828050419,0.02028362744441979
22,09.09.2021,10,2021,True,har,0.0126309967308804,0.020241733766621875
22,10.09.2021,10,2021,True,har,0.0124408142197389,0.020379951993542807
22,13.09.2021,10,2021,True,har,0.0125773024425269,0.02082078681647729
22,14.09.2021,10,2021,True,har,0.0125676770582339,0.020331901505999207
22,15.09.2021,10,2021,True,har,0.0118829966359764,0.019629068975332894
22,16.09.2021,10,2021,True,har,0.0121295686706469,0.020958919610192757
22,17.09.2021,10,2021,True,har,0.0119736404607116,0.01940304156842889
22,20.09.2021,10,2021,True,har,0.01065206577471,0.018831569271258404
22,21.09.2021,10,2021,True,har,0.0115552462131107,0.019823406487471006
22,22.09.2021,10,2021,True,har,0.0108672726506443,0.017448810791512497
22,23.09.2021,10,2021,True,har,0.01069831451388,0.0176516978017836
22,24.09.2021,10,2021,True,har,0.0106157067155003,0.01731883726333778
22,27.09.2021,10,2021,True,har,0.0115025834271141,0.01678243973231396
22,28.09.2021,10,2021,True,har,0.0114290807177536,0.01592296905193166
22,29.09.2021,10,2021,True,har,0.0112796116446277,0.015996447848756205
22,30.09.2021,10,2021,True,har,0.0112304986078969,0.01600332304484965
22,01.10.2021,10,2021,True,har,0.0111640412135999,0.015252643602181475
22,04.10.2021,10,2021,True,har,0.0124943026139965,0.015269823621844592
22,05.10.2021,10,2021,True,har,0.0125745145528613,0.016358001338495097
22,06.10.2021,10,2021,True,har,0.0133251582378704,0.01569124812272559
22,07.10.2021,10,2021,True,har,0.0132519965613515,0.016815049697913552
22,08.10.2021,10,2021,True,har,0.0136177406273973,0.01599174268766148
22,11.10.2021,10,2021,True,har,0.0143891824757622,0.015594133503837503
22,12.10.2021,10,2021,True,har,0.0143972254847942,0.015797352271035986
22,13.10.2021,10,2021,True,har,0.0144942448039211,0.015338164897024192
22,14.10.2021,10,2021,True,har,0.0143084316446239,0.014445305925623646
22,15.10.2021,10,2021,True,har,0.0141482932413389,0.014689528835670755
22,18.10.2021,10,2021,True,har,0.015104646634297,0.014646516539393898
22,19.10.2021,10,2021,True,har,0.0152240659879875,0.01385184912709449
22,20.10.2021,10,2021,True,har,0.0160780062308979,0.013957333995606946
22,21.10.2021,10,2021,True,har,0.0161702999102101,0.013423844366046135
22,22.10.2021,10,2021,True,har,0.0176040227746642,0.014462857988483773
22,25.10.2021,10,2021,True,har,0.017534661921968,0.014360008206603507
22,26.10.2021,10,2021,True,har,0.0311208338293609,0.013814395169772186
22,27.10.2021,10,2021,True,har,0.0311878797517265,0.013626003890922273
22,28.10.2021,10,2021,True,har,0.0319763349651847,0.015352109013542451
22,29.10.2021,10,2021,True,har,0.0320947603932655,0.014595078155277545
22,01.11.2021,10,2021,True,har,0.0322846055615041,0.014300608493425796
22,02.11.2021,10,2021,True,har,0.0323288585416351,0.013738136316172619
22,03.11.2021,10,2021,True,har,0.0337810106960782,0.013251708040724602
22,04.11.2021,10,2021,True,har,0.0345468131988622,0.015953629760872286
22,05.11.2021,10,2021,True,har,0.0339536665459439,0.015750623713902758
22,08.11.2021,10,2021,True,har,0.0339757232504096,0.01761699367477041
22,09.11.2021,10,2021,True,har,0.0338144965286187,0.01684987852908986
22,10.11.2021,10,2021,True,har,0.0335371619368554,0.017543125218890974
22,11.11.2021,10,2021,True,har,0.0335064714903401,0.018295379149408344
22,12.11.2021,10,2021,True,har,0.0335384400937021,0.017124519577771127
22,15.11.2021,10,2021,True,har,0.0338083445300828,0.016873097704351234
22,16.11.2021,10,2021,True,har,0.0339183725457209,0.01651283434195172
22,17.11.2021,10,2021,True,har,0.0339535596402793,0.01622252030649589
22,18.11.2021,10,2021,True,har,0.0347922808634652,0.017454721399996008
22,19.11.2021,10,2021,True,har,0.0346177837615919,0.017249311029630662
22,22.11.2021,10,2021,True,har,0.0348611767033274,0.01874559769496855
22,23.11.2021,10,2021,True,har,0.0344712271196899,0.018371026185993202
22,24.11.2021,10,2021,True,har,0.0344975315490177,0.02080881206989504
22,26.11.2021,10,2021,True,har,0.0213614071887217,0.018975549888600264
22,29.11.2021,10,2021,True,har,0.0213265040564861,0.03556050548116193
22,30.11.2021,10,2021,True,har,0.0197435969515559,0.03191095913828207
22,01.12.2021,10,2021,True,har,0.0187758016898537,0.03323527626104024
22,02.12.2021,10,2021,True,har,0.0187951026521238,0.03185157096944501
22,03.12.2021,10,2021,True,har,0.0187957685843955,0.03160012104810592
22,06.12.2021,10,2021,True,har,0.01688127974424,0.02788769139000386
22,07.12.2021,10,2021,True,har,0.015873382755792,0.03104852714183079
22,08.12.2021,10,2021,True,har,0.0161649965856077,0.030453616527894127
22,09.12.2021,10,2021,True,har,0.0167593638210165,0.028478854280408014
22,10.12.2021,10,2021,True,har,0.0167815569805724,0.0295849698769076
22,13.12.2021,10,2021,True,har,0.0165168994569916,0.029292003980121564
22,14.12.2021,10,2021,True,har,0.0163754321506694,0.028761768900809972
22,15.12.2021,10,2021,True,har,0.0164665570368522,0.02790320390312082
22,16.12.2021,10,2021,True,har,0.0163929866194266,0.0275978960561001
22,17.12.2021,10,2021,True,har,0.0153165480553545,0.028011371597782594
22,20.12.2021,10,2021,True,har,0.0134628220439278,0.028424422621511094
22,21.12.2021,10,2021,True,har,0.013568170513229,0.02902824577906858
22,22.12.2021,10,2021,True,har,0.0137712466346766,0.03062026621139418
22,23.12.2021,10,2021,True,har,0.0137376073561072,0.029828393559101447
22,27.12.2021,10,2021,True,har,0.0136033469257113,0.030245377291028115
22,28.12.2021,10,2021,True,har,0.0136046068266282,0.022463270052258264
22,29.12.2021,10,2021,True,har,0.0136750337395648,0.020410391515729064
22,30.12.2021,10,2021,True,har,0.0149955862588874,0.01883459751179288
22,31.12.2021,10,2021,True,har,0.0139392099439945,0.018165528790963455
22,04.01.2021,10,2021,True,har_ovx,0.0149714832033058,0.01859279752240945
22,05.01.2021,10,2021,True,har_ovx,0.0117811139128342,0.020342653296125016
22,06.01.2021,10,2021,True,har_ovx,0.0121298670265875,0.02114622730461992
22,07.01.2021,10,2021,True,har_ovx,0.0121289789664028,0.02047296095513378
22,08.01.2021,10,2021,True,har_ovx,0.0109011971870848,0.01927483280093463
22,11.01.2021,10,2021,True,har_ovx,0.01087831332882,0.019868140635832858
22,12.01.2021,10,2021,True,har_ovx,0.0111549340707335,0.019044286361029655
22,13.01.2021,10,2021,True,har_ovx,0.0109164013017309,0.018263008753660777
22,14.01.2021,10,2021,True,har_ovx,0.0111206342171804,0.019403168453959594
22,15.01.2021,10,2021,True,har_ovx,0.0094049307755394,0.019772250675632378
22,19.01.2021,10,2021,True,har_ovx,0.0104157367481799,0.020930495672561753
22,20.01.2021,10,2021,True,har_ovx,0.0123143064358984,0.01921679768778832
22,21.01.2021,10,2021,True,har_ovx,0.0122779758016558,0.019120862564162483
22,22.01.2021,10,2021,True,har_ovx,0.0120749428458788,0.018615887987682836
22,25.01.2021,10,2021,True,har_ovx,0.0123029379741996,0.01909131307436461
22,26.01.2021,10,2021,True,har_ovx,0.012895459282921,0.019395638781461944
22,27.01.2021,10,2021,True,har_ovx,0.0160215548766951,0.018931462116600177
22,28.01.2021,10,2021,True,har_ovx,0.0165229842600311,0.019964490207399262
22,29.01.2021,10,2021,True,har_ovx,0.0168762536122032,0.02010358047366033
22,01.02.2021,10,2021,True,har_ovx,0.0184214990971156,0.019940698642830327
22,02.02.2021,10,2021,True,har_ovx,0.0194200266469693,0.01959208329981917
22,03.02.2021,10,2021,True,har_ovx,0.020011772155755,0.019612154575916238
22,04.02.2021,10,2021,True,har_ovx,0.0203626971105277,0.018517130832882752
22,05.02.2021,10,2021,True,har_ovx,0.0203570514903,0.017661006201342193
22,08.02.2021,10,2021,True,har_ovx,0.020542033352349,0.01751317084581933
22,09.02.2021,10,2021,True,har_ovx,0.0206975866784724,0.017318942522313537
22,10.02.2021,10,2021,True,har_ovx,0.0208197727159893,0.016860539319990073
22,11.02.2021,10,2021,True,har_ovx,0.0208654936967117,0.016852038327621638
22,12.02.2021,10,2021,True,har_ovx,0.0206769958269763,0.01714184812820096
22,16.02.2021,10,2021,True,har_ovx,0.0260689197723216,0.01740995397615036
22,17.02.2021,10,2021,True,har_ovx,0.0261981420009642,0.017258758487651356
22,18.02.2021,10,2021,True,har_ovx,0.0261583347609185,0.01790596409907732
22,19.02.2021,10,2021,True,har_ovx,0.029110315274667,0.018374152323269968
22,22.02.2021,10,2021,True,har_ovx,0.0307562345181345,0.018740751642401198
22,23.02.2021,10,2021,True,har_ovx,0.0318130922787738,0.01955889526050836
22,24.02.2021,10,2021,True,har_ovx,0.0326599951820505,0.01973216083230453
22,25.02.2021,10,2021,True,har_ovx,0.0327041836836326,0.019985185053054168
22,26.02.2021,10,2021,True,har_ovx,0.0327314264382883,0.020148831363425962
22,01.03.2021,10,2021,True,har_ovx,0.0317845489461955,0.02089552741592958
22,02.03.2021,10,2021,True,har_ovx,0.0318783892619205,0.021864808018626065
22,03.03.2021,10,2021,True,har_ovx,0.03288170611066,0.0212804294751633
22,04.03.2021,10,2021,True,har_ovx,0.0316198507180517,0.02089175861596101
22,05.03.2021,10,2021,True,har_ovx,0.0303417025932378,0.020832710345810967
22,08.03.2021,10,2021,True,har_ovx,0.0302366431345912,0.02095974129800128
22,09.03.2021,10,2021,True,har_ovx,0.0301953003319578,0.021442547022183147
22,10.03.2021,10,2021,True,har_ovx,0.030190086712134,0.02104717250970446
22,11.03.2021,10,2021,True,har_ovx,0.0296059632688658,0.0208641170297537
22,12.03.2021,10,2021,True,har_ovx,0.0313690700215178,0.0210369734715197
22,15.03.2021,10,2021,True,har_ovx,0.0313967346963162,0.020488641200446883
22,16.03.2021,10,2021,True,har_ovx,0.0313713010649393,0.0210151603751252
22,17.03.2021,10,2021,True,har_ovx,0.0313727675090217,0.02091033315931732
22,18.03.2021,10,2021,True,har_ovx,0.02711349511079,0.02030801817258834
22,19.03.2021,10,2021,True,har_ovx,0.0271895511338224,0.026288853986625678
22,22.03.2021,10,2021,True,har_ovx,0.0271893252579311,0.02472016295336906
22,23.03.2021,10,2021,True,har_ovx,0.0234973243769532,0.022963514366495952
22,24.03.2021,10,2021,True,har_ovx,0.0202377210466431,0.02711302934615593
22,25.03.2021,10,2021,True,har_ovx,0.0182786702912916,0.03380120638193259
22,26.03.2021,10,2021,True,har_ovx,0.0163394927333518,0.02830284884050992
22,29.03.2021,10,2021,True,har_ovx,0.0167230157579484,0.027012116406880532
22,30.03.2021,10,2021,True,har_ovx,0.0170497398778808,0.026309829920933704
22,31.03.2021,10,2021,True,har_ovx,0.0168582706141053,0.024921379916059
22,01.04.2021,10,2021,True,har_ovx,0.0167993159873049,0.02588153127734169
22,05.04.2021,10,2021,True,har_ovx,0.0134151020275097,0.023564715607624014
22,06.04.2021,10,2021,True,har_ovx,0.0138670855864202,0.024386848199150733
22,07.04.2021,10,2021,True,har_ovx,0.0138524283645466,0.024323860527692295
22,08.04.2021,10,2021,True,har_ovx,0.0138529068035495,0.02393329399962298
22,09.04.2021,10,2021,True,har_ovx,0.013751609178771,0.02367255858749713
22,12.04.2021,10,2021,True,har_ovx,0.0138375561018776,0.022907738218460538
22,13.04.2021,10,2021,True,har_ovx,0.0159582571377154,0.021509638361297358
22,14.04.2021,10,2021,True,har_ovx,0.0138449863306095,0.02086068821537545
22,15.04.2021,10,2021,True,har_ovx,0.013967885579631,0.02226758437726905
22,16.04.2021,10,2021,True,har_ovx,0.0141981193400525,0.021447814529404634
22,19.04.2021,10,2021,True,har_ovx,0.015688949144093,0.02012479027913469
22,20.04.2021,10,2021,True,har_ovx,0.0164028143932218,0.020884277823523565
22,21.04.2021,10,2021,True,har_ovx,0.0164879301000512,0.0212078171318848
22,22.04.2021,10,2021,True,har_ovx,0.0176237174971624,0.022552591304387325
22,23.04.2021,10,2021,True,har_ovx,0.0175173802730402,0.020702865770895883
22,26.04.2021,10,2021,True,har_ovx,0.0174108671811311,0.020264067975373452
22,27.04.2021,10,2021,True,har_ovx,0.0173423270660785,0.020716745946333246
22,28.04.2021,10,2021,True,har_ovx,0.0171785465062932,0.01988126448632124
22,29.04.2021,10,2021,True,har_ovx,0.0168212166793185,0.018976742220698596
22,30.04.2021,10,2021,True,har_ovx,0.0164446930945611,0.0190815096716493
22,03.05.2021,10,2021,True,har_ovx,0.0164529628421176,0.02009801920838064
22,04.05.2021,10,2021,True,har_ovx,0.0160733416239737,0.019932574097277972
22,05.05.2021,10,2021,True,har_ovx,0.0161530283201884,0.01910964840636876
22,06.05.2021,10,2021,True,har_ovx,0.015920540422853,0.019385572961084434
22,07.05.2021,10,2021,True,har_ovx,0.0159307060198736,0.019320804603651112
22,10.05.2021,10,2021,True,har_ovx,0.0159278816121694,0.019031938431265338
22,11.05.2021,10,2021,True,har_ovx,0.0159273861495614,0.019144544259114285
22,12.05.2021,10,2021,True,har_ovx,0.0158137197164448,0.01893997243508677
22,13.05.2021,10,2021,True,har_ovx,0.0138901896624008,0.01812315668757688
22,14.05.2021,10,2021,True,har_ovx,0.0131598816254477,0.019439267779622932
22,17.05.2021,10,2021,True,har_ovx,0.0138083253765454,0.019217526267329425
22,18.05.2021,10,2021,True,har_ovx,0.0135060456773854,0.019149065836664998
22,19.05.2021,10,2021,True,har_ovx,0.0116577206607053,0.01941699620653315
22,20.05.2021,10,2021,True,har_ovx,0.0098625991137546,0.020470682204173543
22,21.05.2021,10,2021,True,har_ovx,0.0093613894750521,0.02070474292554634
22,24.05.2021,10,2021,True,har_ovx,0.0076237925345962,0.020672282194381046
22,25.05.2021,10,2021,True,har_ovx,0.0076528701357299,0.019832362629597488
22,26.05.2021,10,2021,True,har_ovx,0.0092821975554179,0.019840173348885666
22,27.05.2021,10,2021,True,har_ovx,0.0092327521175812,0.018743972614002482
22,28.05.2021,10,2021,True,har_ovx,0.0092365006678831,0.018257219922335918
22,01.06.2021,10,2021,True,har_ovx,0.0092522961716897,0.018067377810534475
22,02.06.2021,10,2021,True,har_ovx,0.0088570245722527,0.01772373840787015
22,03.06.2021,10,2021,True,har_ovx,0.0102965659425029,0.017596115042586336
22,04.06.2021,10,2021,True,har_ovx,0.0108014933275042,0.017921310175618287
22,07.06.2021,10,2021,True,har_ovx,0.0108398586215188,0.017182349118156838
22,08.06.2021,10,2021,True,har_ovx,0.0113315151165718,0.017251269153751497
22,09.06.2021,10,2021,True,har_ovx,0.0114293801299871,0.017392612640375314
22,10.06.2021,10,2021,True,har_ovx,0.0119063652058512,0.017183070321096054
22,11.06.2021,10,2021,True,har_ovx,0.0130715016304103,0.017614378789200726
22,14.06.2021,10,2021,True,har_ovx,0.0136596942979908,0.01701294063047079
22,15.06.2021,10,2021,True,har_ovx,0.0132484743352052,0.016987588388631972
22,16.06.2021,10,2021,True,har_ovx,0.0198223554527047,0.016661295817923978
22,17.06.2021,10,2021,True,har_ovx,0.0197837200368658,0.017281468230632313
22,18.06.2021,10,2021,True,har_ovx,0.0217685257703282,0.018434614724776865
22,21.06.2021,10,2021,True,har_ovx,0.0218880386132313,0.016996099937657848
22,22.06.2021,10,2021,True,har_ovx,0.021912097033969,0.017524687865983005
22,23.06.2021,10,2021,True,har_ovx,0.0219159883750249,0.01680592351365082
22,24.06.2021,10,2021,True,har_ovx,0.0218838280340129,0.016970125957635168
22,25.06.2021,10,2021,True,har_ovx,0.0218165182365255,0.015800632194698194
22,28.06.2021,10,2021,True,har_ovx,0.0217158462181044,0.01556225882641432
22,29.06.2021,10,2021,True,har_ovx,0.0217243385754094,0.01630962291598792
22,30.06.2021,10,2021,True,har_ovx,0.0238956650559042,0.0162086429017338
22,01.07.2021,10,2021,True,har_ovx,0.0237952804989911,0.01641880404533693
22,02.07.2021,10,2021,True,har_ovx,0.0243911583994444,0.016401088391821795
22,06.07.2021,10,2021,True,har_ovx,0.0242792291600729,0.01647117731430538
22,07.07.2021,10,2021,True,har_ovx,0.0241538906924619,0.018514757186275405
22,08.07.2021,10,2021,True,har_ovx,0.024460629095684,0.020146156015861
22,09.07.2021,10,2021,True,har_ovx,0.0246316086667542,0.01905399584078847
22,12.07.2021,10,2021,True,har_ovx,0.0248167373988545,0.018729220889783186
22,13.07.2021,10,2021,True,har_ovx,0.0244194772342236,0.019235051496535722
22,14.07.2021,10,2021,True,har_ovx,0.0240791712049,0.018168318558897945
22,15.07.2021,10,2021,True,har_ovx,0.0240246644065503,0.019444436415635168
22,16.07.2021,10,2021,True,har_ovx,0.0240235736769938,0.019518262139053492
22,19.07.2021,10,2021,True,har_ovx,0.0189619475296541,0.018845718970410815
22,20.07.2021,10,2021,True,har_ovx,0.0195862103066193,0.02452759267158895
22,21.07.2021,10,2021,True,har_ovx,0.0174250145366931,0.026009156402866114
22,22.07.2021,10,2021,True,har_ovx,0.0207192979829178,0.023803009453197577
22,23.07.2021,10,2021,True,har_ovx,0.0220687044057686,0.021564299543891587
22,26.07.2021,10,2021,True,har_ovx,0.0223784157509738,0.020611116257753224
22,27.07.2021,10,2021,True,har_ovx,0.0226049586777077,0.01999564000072442
22,28.07.2021,10,2021,True,har_ovx,0.0231945704033615,0.01980050737804709
22,29.07.2021,10,2021,True,har_ovx,0.0229578961186953,0.019284173374530013
22,30.07.2021,10,2021,True,har_ovx,0.0229424966909744,0.018928149164361488
22,02.08.2021,10,2021,True,har_ovx,0.0211326028770243,0.018640701304130015
22,03.08.2021,10,2021,True,har_ovx,0.0215392165081146,0.021256155329710896
22,04.08.2021,10,2021,True,har_ovx,0.0206172203538999,0.021358017452397855
22,05.08.2021,10,2021,True,har_ovx,0.0206637748817748,0.023303900844774808
22,06.08.2021,10,2021,True,har_ovx,0.0207322121009799,0.0220512724935649
22,09.08.2021,10,2021,True,har_ovx,0.0203483993092631,0.021949066690350724
22,10.08.2021,10,2021,True,har_ovx,0.0202352281375695,0.023244819773527
22,11.08.2021,10,2021,True,har_ovx,0.0201693519113434,0.02215338358433446
22,12.08.2021,10,2021,True,har_ovx,0.0201573678317407,0.021540575586270976
22,13.08.2021,10,2021,True,har_ovx,0.0205816798964264,0.02077200136392892
22,16.08.2021,10,2021,True,har_ovx,0.020166353314119,0.020647159331733847
22,17.08.2021,10,2021,True,har_ovx,0.0201084585970045,0.020648927985444654
22,18.08.2021,10,2021,True,har_ovx,0.0204400053601848,0.02057162573005884
22,19.08.2021,10,2021,True,har_ovx,0.0193055243295584,0.020437966421778704
22,20.08.2021,10,2021,True,har_ovx,0.018914781874537,0.020648175366129517
22,23.08.2021,10,2021,True,har_ovx,0.0159615784393774,0.020507594443358753
22,24.08.2021,10,2021,True,har_ovx,0.0147941873860136,0.021891067500011664
22,25.08.2021,10,2021,True,har_ovx,0.0148587021339439,0.02150197409774194
22,26.08.2021,10,2021,True,har_ovx,0.0143016853229462,0.02098445913773784
22,27.08.2021,10,2021,True,har_ovx,0.0138923024361215,0.021085946284191408
22,30.08.2021,10,2021,True,har_ovx,0.0138621443276208,0.020514046559288387
22,31.08.2021,10,2021,True,har_ovx,0.013784802023846,0.019855581718462648
22,01.09.2021,10,2021,True,har_ovx,0.0134603596351911,0.01937849610905712
22,02.09.2021,10,2021,True,har_ovx,0.0132843135198156,0.020091890863154747
22,03.09.2021,10,2021,True,har_ovx,0.0140244067791421,0.01848103096119509
22,07.09.2021,10,2021,True,har_ovx,0.0134903557026135,0.020194873589203938
22,08.09.2021,10,2021,True,har_ovx,0.0134114828050419,0.018743882498733093
22,09.09.2021,10,2021,True,har_ovx,0.0126309967308804,0.018400545997648544
22,10.09.2021,10,2021,True,har_ovx,0.0124408142197389,0.01910443923409881
22,13.09.2021,10,2021,True,har_ovx,0.0125773024425269,0.01911316950647929
22,14.09.2021,10,2021,True,har_ovx,0.0125676770582339,0.018727076112920855
22,15.09.2021,10,2021,True,har_ovx,0.0118829966359764,0.018820584588440464
22,16.09.2021,10,2021,True,har_ovx,0.0121295686706469,0.01873935348805799
22,17.09.2021,10,2021,True,har_ovx,0.0119736404607116,0.018552808200458366
22,20.09.2021,10,2021,True,har_ovx,0.01065206577471,0.01808147405253826
22,21.09.2021,10,2021,True,har_ovx,0.0115552462131107,0.019391534676773438
22,22.09.2021,10,2021,True,har_ovx,0.0108672726506443,0.018426035138178355
22,23.09.2021,10,2021,True,har_ovx,0.01069831451388,0.01771908149405003
22,24.09.2021,10,2021,True,har_ovx,0.0106157067155003,0.01761593615319035
22,27.09.2021,10,2021,True,har_ovx,0.0115025834271141,0.018047763709987622
22,28.09.2021,10,2021,True,har_ovx,0.0114290807177536,0.01800642994434041
22,29.09.2021,10,2021,True,har_ovx,0.0112796116446277,0.018502453625044303
22,30.09.2021,10,2021,True,har_ovx,0.0112304986078969,0.018212442791342077
22,01.10.2021,10,2021,True,har_ovx,0.0111640412135999,0.019176232526320884
22,04.10.2021,10,2021,True,har_ovx,0.0124943026139965,0.018730107592067724
22,05.10.2021,10,2021,True,har_ovx,0.0125745145528613,0.018968547123165896
22,06.10.2021,10,2021,True,har_ovx,0.0133251582378704,0.018762554584004897
22,07.10.2021,10,2021,True,har_ovx,0.0132519965613515,0.02047030077647241
22,08.10.2021,10,2021,True,har_ovx,0.0136177406273973,0.022016646939113593
22,11.10.2021,10,2021,True,har_ovx,0.0143891824757622,0.01908106473217059
22,12.10.2021,10,2021,True,har_ovx,0.0143972254847942,0.019267366364407665
22,13.10.2021,10,2021,True,har_ovx,0.0144942448039211,0.018670853751210602
22,14.10.2021,10,2021,True,har_ovx,0.0143084316446239,0.017980377827648702
22,15.10.2021,10,2021,True,har_ovx,0.0141482932413389,0.018353413050373635
22,18.10.2021,10,2021,True,har_ovx,0.015104646634297,0.01732405429980786
22,19.10.2021,10,2021,True,har_ovx,0.0152240659879875,0.01742222252151418
22,20.10.2021,10,2021,True,har_ovx,0.0160780062308979,0.01748842655523091
22,21.10.2021,10,2021,True,har_ovx,0.0161702999102101,0.017321331276266366
22,22.10.2021,10,2021,True,har_ovx,0.0176040227746642,0.01814558098512698
22,25.10.2021,10,2021,True,har_ovx,0.017534661921968,0.018237975872672427
22,26.10.2021,10,2021,True,har_ovx,0.0311208338293609,0.01780129052088223
22,27.10.2021,10,2021,True,har_ovx,0.0311878797517265,0.017543502579665256
22,28.10.2021,10,2021,True,har_ovx,0.0319763349651847,0.01879984142763672
22,29.10.2021,10,2021,True,har_ovx,0.0320947603932655,0.018477098754714316
22,01.11.2021,10,2021,True,har_ovx,0.0322846055615041,0.018618663165567772
22,02.11.2021,10,2021,True,har_ovx,0.0323288585416351,0.018018812353643367
22,03.11.2021,10,2021,True,har_ovx,0.0337810106960782,0.017464436871766253
22,04.11.2021,10,2021,True,har_ovx,0.0345468131988622,0.019584827282401768
22,05.11.2021,10,2021,True,har_ovx,0.0339536665459439,0.019275791697098393
22,08.11.2021,10,2021,True,har_ovx,0.0339757232504096,0.019639904115799828
22,09.11.2021,10,2021,True,har_ovx,0.0338144965286187,0.019426478732586933
22,10.11.2021,10,2021,True,har_ovx,0.0335371619368554,0.019150399553764057
22,11.11.2021,10,2021,True,har_ovx,0.0335064714903401,0.019594664253703233
22,12.11.2021,10,2021,True,har_ovx,0.0335384400937021,0.01897704118299258
22,15.11.2021,10,2021,True,har_ovx,0.0338083445300828,0.018811339850035167
22,16.11.2021,10,2021,True,har_ovx,0.0339183725457209,0.01882711449274578
22,17.11.2021,10,2021,True,har_ovx,0.0339535596402793,0.018096080403887348
22,18.11.2021,10,2021,True,har_ovx,0.0347922808634652,0.018079323656933766
22,19.11.2021,10,2021,True,har_ovx,0.0346177837615919,0.01945134601964907
22,22.11.2021,10,2021,True,har_ovx,0.0348611767033274,0.019701726014992274
22,23.11.2021,10,2021,True,har_ovx,0.0344712271196899,0.019488722723827505
22,24.11.2021,10,2021,True,har_ovx,0.0344975315490177,0.01970445834960291
22,26.11.2021,10,2021,True,har_ovx,0.0213614071887217,0.019099818083040527
22,29.11.2021,10,2021,True,har_ovx,0.0213265040564861,0.03493523135953393
22,30.11.2021,10,2021,True,har_ovx,0.0197435969515559,0.033389844912364304
22,01.12.2021,10,2021,True,har_ovx,0.0187758016898537,0.03781699844024222
22,02.12.2021,10,2021,True,har_ovx,0.0187951026521238,0.03838844359397884
22,03.12.2021,10,2021,True,har_ovx,0.0187957685843955,0.031114075596710363
22,06.12.2021,10,2021,True,har_ovx,0.01688127974424,0.03222250619871626
22,07.12.2021,10,2021,True,har_ovx,0.015873382755792,0.03025339224171778
22,08.12.2021,10,2021,True,har_ovx,0.0161649965856077,0.027259346993612307
22,09.12.2021,10,2021,True,har_ovx,0.0167593638210165,0.025643971584185965
22,10.12.2021,10,2021,True,har_ovx,0.0167815569805724,0.026770491527947197
22,13.12.2021,10,2021,True,har_ovx,0.0165168994569916,0.026289630227718366
22,14.12.2021,10,2021,True,har_ovx,0.0163754321506694,0.025954133512829394
22,15.12.2021,10,2021,True,har_ovx,0.0164665570368522,0.028702609675739614
22,16.12.2021,10,2021,True,har_ovx,0.0163929866194266,0.029242398644107957
22,17.12.2021,10,2021,True,har_ovx,0.0153165480553545,0.02704741048160365
22,20.12.2021,10,2021,True,har_ovx,0.0134628220439278,0.02660316558682059
22,21.12.2021,10,2021,True,har_ovx,0.013568170513229,0.03094161644574419
22,22.12.2021,10,2021,True,har_ovx,0.0137712466346766,0.02873552146201395
22,23.12.2021,10,2021,True,har_ovx,0.0137376073561072,0.02636520980907467
22,27.12.2021,10,2021,True,har_ovx,0.0136033469257113,0.025695603030718175
22,28.12.2021,10,2021,True,har_ovx,0.0136046068266282,0.023176419807966704
22,29.12.2021,10,2021,True,har_ovx,0.0136750337395648,0.02166520046264162
22,30.12.2021,10,2021,True,har_ovx,0.0149955862588874,0.020816350830000836
22,31.12.2021,10,2021,True,har_ovx,0.0139392099439945,0.020612664066262207
22,04.01.2021,10,2021,True,har_gpr,0.0149714832033058,0.014819764516171625
22,05.01.2021,10,2021,True,har_gpr,0.0117811139128342,0.01526802829166475
22,06.01.2021,10,2021,True,har_gpr,0.0121298670265875,0.019773594198474135
22,07.01.2021,10,2021,True,har_gpr,0.0121289789664028,0.018442456479761542
22,08.01.2021,10,2021,True,har_gpr,0.0109011971870848,0.018085476822744886
22,11.01.2021,10,2021,True,har_gpr,0.01087831332882,0.0195975504710833
22,12.01.2021,10,2021,True,har_gpr,0.0111549340707335,0.018146989497285257
22,13.01.2021,10,2021,True,har_gpr,0.0109164013017309,0.017606461188753537
22,14.01.2021,10,2021,True,har_gpr,0.0111206342171804,0.017838836683312452
22,15.01.2021,10,2021,True,har_gpr,0.0094049307755394,0.017705704186712298
22,19.01.2021,10,2021,True,har_gpr,0.0104157367481799,0.01890141534954902
22,20.01.2021,10,2021,True,har_gpr,0.0123143064358984,0.019138803565623853
22,21.01.2021,10,2021,True,har_gpr,0.0122779758016558,0.018433573691538994
22,22.01.2021,10,2021,True,har_gpr,0.0120749428458788,0.017496107422700184
22,25.01.2021,10,2021,True,har_gpr,0.0123029379741996,0.01780555322397617
22,26.01.2021,10,2021,True,har_gpr,0.012895459282921,0.015982602673659252
22,27.01.2021,10,2021,True,har_gpr,0.0160215548766951,0.0154641251201975
22,28.01.2021,10,2021,True,har_gpr,0.0165229842600311,0.015366239160130201
22,29.01.2021,10,2021,True,har_gpr,0.0168762536122032,0.015575629092716581
22,01.02.2021,10,2021,True,har_gpr,0.0184214990971156,0.01540121739081219
22,02.02.2021,10,2021,True,har_gpr,0.0194200266469693,0.016300812688828447
22,03.02.2021,10,2021,True,har_gpr,0.020011772155755,0.016978542479454337
22,04.02.2021,10,2021,True,har_gpr,0.0203626971105277,0.01513372283031757
22,05.02.2021,10,2021,True,har_gpr,0.0203570514903,0.01430477544826364
22,08.02.2021,10,2021,True,har_gpr,0.020542033352349,0.01434208670456888
22,09.02.2021,10,2021,True,har_gpr,0.0206975866784724,0.014594027099225255
22,10.02.2021,10,2021,True,har_gpr,0.0208197727159893,0.01405378079484992
22,11.02.2021,10,2021,True,har_gpr,0.0208654936967117,0.01375171447601252
22,12.02.2021,10,2021,True,har_gpr,0.0206769958269763,0.013959038719963427
22,16.02.2021,10,2021,True,har_gpr,0.0260689197723216,0.015025606173442355
22,17.02.2021,10,2021,True,har_gpr,0.0261981420009642,0.013058857988816126
22,18.02.2021,10,2021,True,har_gpr,0.0261583347609185,0.013160921769460963
22,19.02.2021,10,2021,True,har_gpr,0.029110315274667,0.013377435167258901
22,22.02.2021,10,2021,True,har_gpr,0.0307562345181345,0.014720098840370666
22,23.02.2021,10,2021,True,har_gpr,0.0318130922787738,0.01639190753343063
22,24.02.2021,10,2021,True,har_gpr,0.0326599951820505,0.015260049889289416
22,25.02.2021,10,2021,True,har_gpr,0.0327041836836326,0.01647144717986125
22,26.02.2021,10,2021,True,har_gpr,0.0327314264382883,0.015649024662532658
22,01.03.2021,10,2021,True,har_gpr,0.0317845489461955,0.016048499726188395
22,02.03.2021,10,2021,True,har_gpr,0.0318783892619205,0.019666477181880884
22,03.03.2021,10,2021,True,har_gpr,0.03288170611066,0.019330144228101774
22,04.03.2021,10,2021,True,har_gpr,0.0316198507180517,0.019443091506509122
22,05.03.2021,10,2021,True,har_gpr,0.0303417025932378,0.022038238631555462
22,08.03.2021,10,2021,True,har_gpr,0.0302366431345912,0.02305550423526555
22,09.03.2021,10,2021,True,har_gpr,0.0301953003319578,0.022700241651366415
22,10.03.2021,10,2021,True,har_gpr,0.030190086712134,0.02242927433985279
22,11.03.2021,10,2021,True,har_gpr,0.0296059632688658,0.022245992457985794
22,12.03.2021,10,2021,True,har_gpr,0.0313690700215178,0.02277671368295814
22,15.03.2021,10,2021,True,har_gpr,0.0313967346963162,0.021386543755749287
22,16.03.2021,10,2021,True,har_gpr,0.0313713010649393,0.019436587926495098
22,17.03.2021,10,2021,True,har_gpr,0.0313727675090217,0.019455349734759146
22,18.03.2021,10,2021,True,har_gpr,0.02711349511079,0.01939381527728868
22,19.03.2021,10,2021,True,har_gpr,0.0271895511338224,0.026545114735390556
22,22.03.2021,10,2021,True,har_gpr,0.0271893252579311,0.025334641770045616
22,23.03.2021,10,2021,True,har_gpr,0.0234973243769532,0.024130767925053725
22,24.03.2021,10,2021,True,har_gpr,0.0202377210466431,0.028628677515748484
22,25.03.2021,10,2021,True,har_gpr,0.0182786702912916,0.03148788836817782
22,26.03.2021,10,2021,True,har_gpr,0.0163394927333518,0.03059853463977763
22,29.03.2021,10,2021,True,har_gpr,0.0167230157579484,0.03189344902431762
22,30.03.2021,10,2021,True,har_gpr,0.0170497398778808,0.031052212082204902
22,31.03.2021,10,2021,True,har_gpr,0.0168582706141053,0.029995770424696113
22,01.04.2021,10,2021,True,har_gpr,0.0167993159873049,0.02864104576375367
22,05.04.2021,10,2021,True,har_gpr,0.0134151020275097,0.02766013834792524
22,06.04.2021,10,2021,True,har_gpr,0.0138670855864202,0.028324288238379416
22,07.04.2021,10,2021,True,har_gpr,0.0138524283645466,0.02728817640526585
22,08.04.2021,10,2021,True,har_gpr,0.0138529068035495,0.027264448943972782
22,09.04.2021,10,2021,True,har_gpr,0.013751609178771,0.027003902803092443
22,12.04.2021,10,2021,True,har_gpr,0.0138375561018776,0.026360604013495582
22,13.04.2021,10,2021,True,har_gpr,0.0159582571377154,0.024307200865064164
22,14.04.2021,10,2021,True,har_gpr,0.0138449863306095,0.024306144257476407
22,15.04.2021,10,2021,True,har_gpr,0.013967885579631,0.028262069491864692
22,16.04.2021,10,2021,True,har_gpr,0.0141981193400525,0.026887643323322812
22,19.04.2021,10,2021,True,har_gpr,0.015688949144093,0.02421241358306082
22,20.04.2021,10,2021,True,har_gpr,0.0164028143932218,0.024575594865548785
22,21.04.2021,10,2021,True,har_gpr,0.0164879301000512,0.02491612831673678
22,22.04.2021,10,2021,True,har_gpr,0.0176237174971624,0.022140149756621444
22,23.04.2021,10,2021,True,har_gpr,0.0175173802730402,0.01945054417019554
22,26.04.2021,10,2021,True,har_gpr,0.0174108671811311,0.01885946893618947
22,27.04.2021,10,2021,True,har_gpr,0.0173423270660785,0.017711513587578026
22,28.04.2021,10,2021,True,har_gpr,0.0171785465062932,0.01814083910405834
22,29.04.2021,10,2021,True,har_gpr,0.0168212166793185,0.017621385970463636
22,30.04.2021,10,2021,True,har_gpr,0.0164446930945611,0.018048236039211525
22,03.05.2021,10,2021,True,har_gpr,0.0164529628421176,0.018887975257829356
22,04.05.2021,10,2021,True,har_gpr,0.0160733416239737,0.016102002802718188
22,05.05.2021,10,2021,True,har_gpr,0.0161530283201884,0.01693340857548009
22,06.05.2021,10,2021,True,har_gpr,0.015920540422853,0.016308973264768236
22,07.05.2021,10,2021,True,har_gpr,0.0159307060198736,0.0169014782364625
22,10.05.2021,10,2021,True,har_gpr,0.0159278816121694,0.016093710552398464
22,11.05.2021,10,2021,True,har_gpr,0.0159273861495614,0.015994047309834444
22,12.05.2021,10,2021,True,har_gpr,0.0158137197164448,0.015565919125101666
22,13.05.2021,10,2021,True,har_gpr,0.0138901896624008,0.01409518942756427
22,14.05.2021,10,2021,True,har_gpr,0.0131598816254477,0.017193065953740542
22,17.05.2021,10,2021,True,har_gpr,0.0138083253765454,0.017917291360360636
22,18.05.2021,10,2021,True,har_gpr,0.0135060456773854,0.017137791403987756
22,19.05.2021,10,2021,True,har_gpr,0.0116577206607053,0.01731442998889389
22,20.05.2021,10,2021,True,har_gpr,0.0098625991137546,0.018815441820610856
22,21.05.2021,10,2021,True,har_gpr,0.0093613894750521,0.018868435814530064
22,24.05.2021,10,2021,True,har_gpr,0.0076237925345962,0.018863643156457725
22,25.05.2021,10,2021,True,har_gpr,0.0076528701357299,0.020006182570117513
22,26.05.2021,10,2021,True,har_gpr,0.0092821975554179,0.01897483014889887
22,27.05.2021,10,2021,True,har_gpr,0.0092327521175812,0.018236229797446782
22,28.05.2021,10,2021,True,har_gpr,0.0092365006678831,0.017260955533537903
22,01.06.2021,10,2021,True,har_gpr,0.0092522961716897,0.01669052200992236
22,02.06.2021,10,2021,True,har_gpr,0.0088570245722527,0.015782876878706747
22,03.06.2021,10,2021,True,har_gpr,0.0102965659425029,0.01612651267338465
22,04.06.2021,10,2021,True,har_gpr,0.0108014933275042,0.01573095351205521
22,07.06.2021,10,2021,True,har_gpr,0.0108398586215188,0.015818194951276995
22,08.06.2021,10,2021,True,har_gpr,0.0113315151165718,0.01687965181762183
22,09.06.2021,10,2021,True,har_gpr,0.0114293801299871,0.01709981620444492
22,10.06.2021,10,2021,True,har_gpr,0.0119063652058512,0.01654884073192382
22,11.06.2021,10,2021,True,har_gpr,0.0130715016304103,0.016602219243390264
22,14.06.2021,10,2021,True,har_gpr,0.0136596942979908,0.015214497010609996
22,15.06.2021,10,2021,True,har_gpr,0.0132484743352052,0.015018797555089313
22,16.06.2021,10,2021,True,har_gpr,0.0198223554527047,0.015801831264772487
22,17.06.2021,10,2021,True,har_gpr,0.0197837200368658,0.015171891837441562
22,18.06.2021,10,2021,True,har_gpr,0.0217685257703282,0.015477402454178198
22,21.06.2021,10,2021,True,har_gpr,0.0218880386132313,0.013957834085526729
22,22.06.2021,10,2021,True,har_gpr,0.021912097033969,0.014169591144233813
22,23.06.2021,10,2021,True,har_gpr,0.0219159883750249,0.012520368888746627
22,24.06.2021,10,2021,True,har_gpr,0.0218838280340129,0.012644223471674883
22,25.06.2021,10,2021,True,har_gpr,0.0218165182365255,0.01198593616861744
22,28.06.2021,10,2021,True,har_gpr,0.0217158462181044,0.012092389233717088
22,29.06.2021,10,2021,True,har_gpr,0.0217243385754094,0.013785928429482217
22,30.06.2021,10,2021,True,har_gpr,0.0238956650559042,0.013111379111223974
22,01.07.2021,10,2021,True,har_gpr,0.0237952804989911,0.012994610745496838
22,02.07.2021,10,2021,True,har_gpr,0.0243911583994444,0.013268754868118557
22,06.07.2021,10,2021,True,har_gpr,0.0242792291600729,0.013006157125064508
22,07.07.2021,10,2021,True,har_gpr,0.0241538906924619,0.014443595803783583
22,08.07.2021,10,2021,True,har_gpr,0.024460629095684,0.014633247459484333
22,09.07.2021,10,2021,True,har_gpr,0.0246316086667542,0.014623233932193915
22,12.07.2021,10,2021,True,har_gpr,0.0248167373988545,0.015600553821526352
22,13.07.2021,10,2021,True,har_gpr,0.0244194772342236,0.015855829209275026
22,14.07.2021,10,2021,True,har_gpr,0.0240791712049,0.016334773197515265
22,15.07.2021,10,2021,True,har_gpr,0.0240246644065503,0.017283889776462138
22,16.07.2021,10,2021,True,har_gpr,0.0240235736769938,0.017587541001715407
22,19.07.2021,10,2021,True,har_gpr,0.0189619475296541,0.016346524101073664
22,20.07.2021,10,2021,True,har_gpr,0.0195862103066193,0.023947113585157078
22,21.07.2021,10,2021,True,har_gpr,0.0174250145366931,0.02152821594521126
22,22.07.2021,10,2021,True,har_gpr,0.0207192979829178,0.024918531715659716
22,23.07.2021,10,2021,True,har_gpr,0.0220687044057686,0.02470011147418037
22,26.07.2021,10,2021,True,har_gpr,0.0223784157509738,0.02411692203398776
22,27.07.2021,10,2021,True,har_gpr,0.0226049586777077,0.021450584182399663
22,28.07.2021,10,2021,True,har_gpr,0.0231945704033615,0.021224458299523328
22,29.07.2021,10,2021,True,har_gpr,0.0229578961186953,0.020416775120739823
22,30.07.2021,10,2021,True,har_gpr,0.0229424966909744,0.020876236783465226
22,02.08.2021,10,2021,True,har_gpr,0.0211326028770243,0.020371903924866822
22,03.08.2021,10,2021,True,har_gpr,0.0215392165081146,0.02407689775601479
22,04.08.2021,10,2021,True,har_gpr,0.0206172203538999,0.022505695523803836
22,05.08.2021,10,2021,True,har_gpr,0.0206637748817748,0.023692306172816785
22,06.08.2021,10,2021,True,har_gpr,0.0207322121009799,0.02308121942426005
22,09.08.2021,10,2021,True,har_gpr,0.0203483993092631,0.022502634963491742
22,10.08.2021,10,2021,True,har_gpr,0.0202352281375695,0.023852933449524792
22,11.08.2021,10,2021,True,har_gpr,0.0201693519113434,0.024628881216079195
22,12.08.2021,10,2021,True,har_gpr,0.0201573678317407,0.023743345668853694
22,13.08.2021,10,2021,True,har_gpr,0.0205816798964264,0.023190760324627992
22,16.08.2021,10,2021,True,har_gpr,0.020166353314119,0.023532014171982033
22,17.08.2021,10,2021,True,har_gpr,0.0201084585970045,0.01892913608435423
22,18.08.2021,10,2021,True,har_gpr,0.0204400053601848,0.018004182662115766
22,19.08.2021,10,2021,True,har_gpr,0.0193055243295584,0.016263225047272754
22,20.08.2021,10,2021,True,har_gpr,0.018914781874537,0.01690013579672198
22,23.08.2021,10,2021,True,har_gpr,0.0159615784393774,0.016718575942605805
22,24.08.2021,10,2021,True,har_gpr,0.0147941873860136,0.022016643401584487
22,25.08.2021,10,2021,True,har_gpr,0.0148587021339439,0.022541207050903258
22,26.08.2021,10,2021,True,har_gpr,0.0143016853229462,0.022062970785172834
22,27.08.2021,10,2021,True,har_gpr,0.0138923024361215,0.021644396874307085
22,30.08.2021,10,2021,True,har_gpr,0.0138621443276208,0.02159658327665609
22,31.08.2021,10,2021,True,har_gpr,0.013784802023846,0.021206999975655817
22,01.09.2021,10,2021,True,har_gpr,0.0134603596351911,0.020802586460703078
22,02.09.2021,10,2021,True,har_gpr,0.0132843135198156,0.021136121773154097
22,03.09.2021,10,2021,True,har_gpr,0.0140244067791421,0.021300470670499408
22,07.09.2021,10,2021,True,har_gpr,0.0134903557026135,0.020518366803243877
22,08.09.2021,10,2021,True,har_gpr,0.0134114828050419,0.020384105338258265
22,09.09.2021,10,2021,True,har_gpr,0.0126309967308804,0.02034661479641615
22,10.09.2021,10,2021,True,har_gpr,0.0124408142197389,0.020480811791269243
22,13.09.2021,10,2021,True,har_gpr,0.0125773024425269,0.02091831549811687
22,14.09.2021,10,2021,True,har_gpr,0.0125676770582339,0.020483622364465413
22,15.09.2021,10,2021,True,har_gpr,0.0118829966359764,0.019781416693924764
22,16.09.2021,10,2021,True,har_gpr,0.0121295686706469,0.02110136218952583
22,17.09.2021,10,2021,True,har_gpr,0.0119736404607116,0.019548523153728018
22,20.09.2021,10,2021,True,har_gpr,0.01065206577471,0.018979882200128948
22,21.09.2021,10,2021,True,har_gpr,0.0115552462131107,0.02015263057365592
22,22.09.2021,10,2021,True,har_gpr,0.0108672726506443,0.017793425269489942
22,23.09.2021,10,2021,True,har_gpr,0.01069831451388,0.01798691761661432
22,24.09.2021,10,2021,True,har_gpr,0.0106157067155003,0.01766200810420459
22,27.09.2021,10,2021,True,har_gpr,0.0115025834271141,0.017127753614267185
22,28.09.2021,10,2021,True,har_gpr,0.0114290807177536,0.01626761756978046
22,29.09.2021,10,2021,True,har_gpr,0.0112796116446277,0.01635589746237719
22,30.09.2021,10,2021,True,har_gpr,0.0112304986078969,0.01636271994971804
22,01.10.2021,10,2021,True,har_gpr,0.0111640412135999,0.015615748828469006
22,04.10.2021,10,2021,True,har_gpr,0.0124943026139965,0.015628852964149457
22,05.10.2021,10,2021,True,har_gpr,0.0125745145528613,0.01619102439690168
22,06.10.2021,10,2021,True,har_gpr,0.0133251582378704,0.015529521004558412
22,07.10.2021,10,2021,True,har_gpr,0.0132519965613515,0.016657279604459185
22,08.10.2021,10,2021,True,har_gpr,0.0136177406273973,0.01583928446548227
22,11.10.2021,10,2021,True,har_gpr,0.0143891824757622,0.015445665458085253
22,12.10.2021,10,2021,True,har_gpr,0.0143972254847942,0.015639049844755986
22,13.10.2021,10,2021,True,har_gpr,0.0144942448039211,0.015426064849293904
22,14.10.2021,10,2021,True,har_gpr,0.0143084316446239,0.014525141203678583
22,15.10.2021,10,2021,True,har_gpr,0.0141482932413389,0.014765041088230716
22,18.10.2021,10,2021,True,har_gpr,0.015104646634297,0.014722829587069622
22,19.10.2021,10,2021,True,har_gpr,0.0152240659879875,0.012953141682455715
22,20.10.2021,10,2021,True,har_gpr,0.0160780062308979,0.013057302981036398
22,21.10.2021,10,2021,True,har_gpr,0.0161702999102101,0.01252404887244907
22,22.10.2021,10,2021,True,har_gpr,0.0176040227746642,0.013565677823886877
22,25.10.2021,10,2021,True,har_gpr,0.017534661921968,0.01346500772243828
22,26.10.2021,10,2021,True,har_gpr,0.0311208338293609,0.013469101609489626
22,27.10.2021,10,2021,True,har_gpr,0.0311878797517265,0.01328095390041249
22,28.10.2021,10,2021,True,har_gpr,0.0319763349651847,0.015002120783648126
22,29.10.2021,10,2021,True,har_gpr,0.0320947603932655,0.014252801376977271
22,01.11.2021,10,2021,True,har_gpr,0.0322846055615041,0.013956878933185604
22,02.11.2021,10,2021,True,har_gpr,0.0323288585416351,0.012700676277868594
22,03.11.2021,10,2021,True,har_gpr,0.0337810106960782,0.012216315208399633
22,04.11.2021,10,2021,True,har_gpr,0.0345468131988622,0.014904712505695705
22,05.11.2021,10,2021,True,har_gpr,0.0339536665459439,0.014710563593601587
22,08.11.2021,10,2021,True,har_gpr,0.0339757232504096,0.016581444231562666
22,09.11.2021,10,2021,True,har_gpr,0.0338144965286187,0.017433196108978703
22,10.11.2021,10,2021,True,har_gpr,0.0335371619368554,0.018123928386287264
22,11.11.2021,10,2021,True,har_gpr,0.0335064714903401,0.01886385657207975
22,12.11.2021,10,2021,True,har_gpr,0.0335384400937021,0.017701387535733182
22,15.11.2021,10,2021,True,har_gpr,0.0338083445300828,0.01744051701511639
22,16.11.2021,10,2021,True,har_gpr,0.0339183725457209,0.015415018122674677
22,17.11.2021,10,2021,True,har_gpr,0.0339535596402793,0.015117470765843922
22,18.11.2021,10,2021,True,har_gpr,0.0347922808634652,0.016336060765024422
22,19.11.2021,10,2021,True,har_gpr,0.0346177837615919,0.016142488933301734
22,22.11.2021,10,2021,True,har_gpr,0.0348611767033274,0.01763439028204847
22,23.11.2021,10,2021,True,har_gpr,0.0344712271196899,0.017588227124827004
22,24.11.2021,10,2021,True,har_gpr,0.0344975315490177,0.020021104020527817
22,26.11.2021,10,2021,True,har_gpr,0.0213614071887217,0.018199456513920038
22,29.11.2021,10,2021,True,har_gpr,0.0213265040564861,0.03475224539470674
22,30.11.2021,10,2021,True,har_gpr,0.0197435969515559,0.03178927073724938
22,01.12.2021,10,2021,True,har_gpr,0.0187758016898537,0.03309313015283628
22,02.12.2021,10,2021,True,har_gpr,0.0187951026521238,0.03170248462799242
22,03.12.2021,10,2021,True,har_gpr,0.0187957685843955,0.031462823978935205
22,06.12.2021,10,2021,True,har_gpr,0.01688127974424,0.0276960523508874
22,07.12.2021,10,2021,True,har_gpr,0.015873382755792,0.03013718329729317
22,08.12.2021,10,2021,True,har_gpr,0.0161649965856077,0.029536367807350337
22,09.12.2021,10,2021,True,har_gpr,0.0167593638210165,0.02756183537852782
22,10.12.2021,10,2021,True,har_gpr,0.0167815569805724,0.028673238164222823
22,13.12.2021,10,2021,True,har_gpr,0.0165168994569916,0.02838416863961253
22,14.12.2021,10,2021,True,har_gpr,0.0163754321506694,0.02790964786145619
22,15.12.2021,10,2021,True,har_gpr,0.0164665570368522,0.027037182140747417
22,16.12.2021,10,2021,True,har_gpr,0.0163929866194266,0.026734986497304478
22,17.12.2021,10,2021,True,har_gpr,0.0153165480553545,0.027141400398747104
22,20.12.2021,10,2021,True,har_gpr,0.0134628220439278,0.027555906453809273
22,21.12.2021,10,2021,True,har_gpr,0.013568170513229,0.028924805418614537
22,22.12.2021,10,2021,True,har_gpr,0.0137712466346766,0.03052607727697139
22,23.12.2021,10,2021,True,har_gpr,0.0137376073561072,0.02974702392831792
22,27.12.2021,10,2021,True,har_gpr,0.0136033469257113,0.030162578372308464
22,28.12.2021,10,2021,True,har_gpr,0.0136046068266282,0.022012236061946532
22,29.12.2021,10,2021,True,har_gpr,0.0136750337395648,0.019945635294087397
22,30.12.2021,10,2021,True,har_gpr,0.0149955862588874,0.018372786821797608
22,31.12.2021,10,2021,True,har_gpr,0.0139392099439945,0.017710090033748675
22,04.01.2021,10,2021,True,har_x,0.0149714832033058,0.01851001511671993
22,05.01.2021,10,2021,True,har_x,0.0117811139128342,0.02028319220394193
22,06.01.2021,10,2021,True,har_x,0.0121298670265875,0.02110338818900847
22,07.01.2021,10,2021,True,har_x,0.0121289789664028,0.02043263097252943
22,08.01.2021,10,2021,True,har_x,0.0109011971870848,0.01923958448541219
22,11.01.2021,10,2021,True,har_x,0.01087831332882,0.01983288047715524
22,12.01.2021,10,2021,True,har_x,0.0111549340707335,0.0188948814028503
22,13.01.2021,10,2021,True,har_x,0.0109164013017309,0.018107514024450284
22,14.01.2021,10,2021,True,har_x,0.0111206342171804,0.019246855044157987
22,15.01.2021,10,2021,True,har_x,0.0094049307755394,0.01961430287313708
22,19.01.2021,10,2021,True,har_x,0.0104157367481799,0.020769393656779492
22,20.01.2021,10,2021,True,har_x,0.0123143064358984,0.019123864134469926
22,21.01.2021,10,2021,True,har_x,0.0122779758016558,0.01902588111612809
22,22.01.2021,10,2021,True,har_x,0.0120749428458788,0.01851974388142824
22,25.01.2021,10,2021,True,har_x,0.0123029379741996,0.018993147609277346
22,26.01.2021,10,2021,True,har_x,0.012895459282921,0.019102758199684974
22,27.01.2021,10,2021,True,har_x,0.0160215548766951,0.018637924001215698
22,28.01.2021,10,2021,True,har_x,0.0165229842600311,0.01966642662268858
22,29.01.2021,10,2021,True,har_x,0.0168762536122032,0.01980536216212987
22,01.02.2021,10,2021,True,har_x,0.0184214990971156,0.019640886635464556
22,02.02.2021,10,2021,True,har_x,0.0194200266469693,0.01944635269425053
22,03.02.2021,10,2021,True,har_x,0.020011772155755,0.019470092321810753
22,04.02.2021,10,2021,True,har_x,0.0203626971105277,0.018373734861595072
22,05.02.2021,10,2021,True,har_x,0.0203570514903,0.01751699334627219
22,08.02.2021,10,2021,True,har_x,0.020542033352349,0.01736929695629652
22,09.02.2021,10,2021,True,har_x,0.0206975866784724,0.017350709591367943
22,10.02.2021,10,2021,True,har_x,0.0208197727159893,0.016893531051148682
22,11.02.2021,10,2021,True,har_x,0.0208654936967117,0.016884215342603197
22,12.02.2021,10,2021,True,har_x,0.0206769958269763,0.01717611505922212
22,16.02.2021,10,2021,True,har_x,0.0260689197723216,0.017445982866634846
22,17.02.2021,10,2021,True,har_x,0.0261981420009642,0.017041200772346766
22,18.02.2021,10,2021,True,har_x,0.0261583347609185,0.01768647397494475
22,19.02.2021,10,2021,True,har_x,0.029110315274667,0.018156584432004727
22,22.02.2021,10,2021,True,har_x,0.0307562345181345,0.018527271791227685
22,23.02.2021,10,2021,True,har_x,0.0318130922787738,0.019266143337675713
22,24.02.2021,10,2021,True,har_x,0.0326599951820505,0.01943936488543351
22,25.02.2021,10,2021,True,har_x,0.0327041836836326,0.019693495565094206
22,26.02.2021,10,2021,True,har_x,0.0327314264382883,0.019856316905410062
22,01.03.2021,10,2021,True,har_x,0.0317845489461955,0.020599349739736882
22,02.03.2021,10,2021,True,har_x,0.0318783892619205,0.021873184673250508
22,03.03.2021,10,2021,True,har_x,0.03288170611066,0.02129273487528827
22,04.03.2021,10,2021,True,har_x,0.0316198507180517,0.02090418267134726
22,05.03.2021,10,2021,True,har_x,0.0303417025932378,0.020858480543102024
22,08.03.2021,10,2021,True,har_x,0.0302366431345912,0.020991093675648213
22,09.03.2021,10,2021,True,har_x,0.0301953003319578,0.02170985028870297
22,10.03.2021,10,2021,True,har_x,0.030190086712134,0.021314888459426334
22,11.03.2021,10,2021,True,har_x,0.0296059632688658,0.021132523540752585
22,12.03.2021,10,2021,True,har_x,0.0313690700215178,0.021301317066937376
22,15.03.2021,10,2021,True,har_x,0.0313967346963162,0.02074796599190677
22,16.03.2021,10,2021,True,har_x,0.0313713010649393,0.020603298034952436
22,17.03.2021,10,2021,True,har_x,0.0313727675090217,0.020498141061931468
22,18.03.2021,10,2021,True,har_x,0.02711349511079,0.019898313606049767
22,19.03.2021,10,2021,True,har_x,0.0271895511338224,0.025882566538439396
22,22.03.2021,10,2021,True,har_x,0.0271893252579311,0.024325977704581007
22,23.03.2021,10,2021,True,har_x,0.0234973243769532,0.022639326022332824
22,24.03.2021,10,2021,True,har_x,0.0202377210466431,0.026784229791332444
22,25.03.2021,10,2021,True,har_x,0.0182786702912916,0.03346727613660988
22,26.03.2021,10,2021,True,har_x,0.0163394927333518,0.027983549793370633
22,29.03.2021,10,2021,True,har_x,0.0167230157579484,0.026704214543991425
22,30.03.2021,10,2021,True,har_x,0.0170497398778808,0.02651492672405961
22,31.03.2021,10,2021,True,har_x,0.0168582706141053,0.025119064238391792
22,01.04.2021,10,2021,True,har_x,0.0167993159873049,0.026064423621669355
22,05.04.2021,10,2021,True,har_x,0.0134151020275097,0.023746596065909845
22,06.04.2021,10,2021,True,har_x,0.0138670855864202,0.02432642774830587
22,07.04.2021,10,2021,True,har_x,0.0138524283645466,0.024264906031818495
22,08.04.2021,10,2021,True,har_x,0.0138529068035495,0.02387637093772895
22,09.04.2021,10,2021,True,har_x,0.013751609178771,0.023616373988153763
22,12.04.2021,10,2021,True,har_x,0.0138375561018776,0.022849623908226306
22,13.04.2021,10,2021,True,har_x,0.0159582571377154,0.021312484874405832
22,14.04.2021,10,2021,True,har_x,0.0138449863306095,0.020665312641689824
22,15.04.2021,10,2021,True,har_x,0.013967885579631,0.02208573803720007
22,16.04.2021,10,2021,True,har_x,0.0141981193400525,0.021269249374762354
22,19.04.2021,10,2021,True,har_x,0.015688949144093,0.019942839990198795
22,20.04.2021,10,2021,True,har_x,0.0164028143932218,0.020974999472097113
22,21.04.2021,10,2021,True,har_x,0.0164879301000512,0.021299366950073326
22,22.04.2021,10,2021,True,har_x,0.0176237174971624,0.022620754799962534
22,23.04.2021,10,2021,True,har_x,0.0175173802730402,0.02077105442038281
22,26.04.2021,10,2021,True,har_x,0.0174108671811311,0.02033261590149531
22,27.04.2021,10,2021,True,har_x,0.0173423270660785,0.020703490287031577
22,28.04.2021,10,2021,True,har_x,0.0171785465062932,0.019873288266935185
22,29.04.2021,10,2021,True,har_x,0.0168212166793185,0.01896720783078638
22,30.04.2021,10,2021,True,har_x,0.0164446930945611,0.019073034190014965
22,03.05.2021,10,2021,True,har_x,0.0164529628421176,0.020092955868801592
22,04.05.2021,10,2021,True,har_x,0.0160733416239737,0.01998083977094464
22,05.05.2021,10,2021,True,har_x,0.0161530283201884,0.019162661545681834
22,06.05.2021,10,2021,True,har_x,0.015920540422853,0.019437719911317545
22,07.05.2021,10,2021,True,har_x,0.0159307060198736,0.019373130076466783
22,10.05.2021,10,2021,True,har_x,0.0159278816121694,0.019081232928149096
22,11.05.2021,10,2021,True,har_x,0.0159273861495614,0.01899910175248648
22,12.05.2021,10,2021,True,har_x,0.0158137197164448,0.018790084123552615
22,13.05.2021,10,2021,True,har_x,0.0138901896624008,0.01797216145458098
22,14.05.2021,10,2021,True,har_x,0.0131598816254477,0.019296834129413357
22,17.05.2021,10,2021,True,har_x,0.0138083253765454,0.019082354867838155
22,18.05.2021,10,2021,True,har_x,0.0135060456773854,0.018935542408508175
22,19.05.2021,10,2021,True,har_x,0.0116577206607053,0.019203686716077365
22,20.05.2021,10,2021,True,har_x,0.0098625991137546,0.020257614416360415
22,21.05.2021,10,2021,True,har_x,0.0093613894750521,0.020490198161619767
22,24.05.2021,10,2021,True,har_x,0.0076237925345962,0.02045726074600543
22,25.05.2021,10,2021,True,har_x,0.0076528701357299,0.019603435001300788
22,26.05.2021,10,2021,True,har_x,0.0092821975554179,0.01961109574398025
22,27.05.2021,10,2021,True,har_x,0.0092327521175812,0.01851221214030282
22,28.05.2021,10,2021,True,har_x,0.0092365006678831,0.0180171894538628
22,01.06.2021,10,2021,True,har_x,0.0092522961716897,0.017826959034685577
22,02.06.2021,10,2021,True,har_x,0.0088570245722527,0.017357394919328407
22,03.06.2021,10,2021,True,har_x,0.0102965659425029,0.01723201850674042
22,04.06.2021,10,2021,True,har_x,0.0108014933275042,0.01755732355669702
22,07.06.2021,10,2021,True,har_x,0.0108398586215188,0.01682047521619653
22,08.06.2021,10,2021,True,har_x,0.0113315151165718,0.017037934040895382
22,09.06.2021,10,2021,True,har_x,0.0114293801299871,0.01717898746929249
22,10.06.2021,10,2021,True,har_x,0.0119063652058512,0.01696830659326998
22,11.06.2021,10,2021,True,har_x,0.0130715016304103,0.017397483140511424
22,14.06.2021,10,2021,True,har_x,0.0136596942979908,0.016793688115601897
22,15.06.2021,10,2021,True,har_x,0.0132484743352052,0.01692723027304197
22,16.06.2021,10,2021,True,har_x,0.0198223554527047,0.016604681634811432
22,17.06.2021,10,2021,True,har_x,0.0197837200368658,0.017221284380203202
22,18.06.2021,10,2021,True,har_x,0.0217685257703282,0.01837436241655261
22,21.06.2021,10,2021,True,har_x,0.0218880386132313,0.01693805332072883
22,22.06.2021,10,2021,True,har_x,0.021912097033969,0.017496741896269093
22,23.06.2021,10,2021,True,har_x,0.0219159883750249,0.01677691330601986
22,24.06.2021,10,2021,True,har_x,0.0218838280340129,0.01694039072497042
22,25.06.2021,10,2021,True,har_x,0.0218165182365255,0.01576883429901722
22,28.06.2021,10,2021,True,har_x,0.0217158462181044,0.015531300662602218
22,29.06.2021,10,2021,True,har_x,0.0217243385754094,0.016245294012832596
22,30.06.2021,10,2021,True,har_x,0.0238956650559042,0.01614491444700005
22,01.07.2021,10,2021,True,har_x,0.0237952804989911,0.016353410563966875
22,02.07.2021,10,2021,True,har_x,0.0243911583994444,0.0163365666457376
22,06.07.2021,10,2021,True,har_x,0.0242792291600729,0.01640583129224654
22,07.07.2021,10,2021,True,har_x,0.0241538906924619,0.018367437013895233
22,08.07.2021,10,2021,True,har_x,0.024460629095684,0.019995235474483376
22,09.07.2021,10,2021,True,har_x,0.0246316086667542,0.018908462467651904
22,12.07.2021,10,2021,True,har_x,0.0248167373988545,0.018588625389654584
22,13.07.2021,10,2021,True,har_x,0.0244194772342236,0.019423834057946853
22,14.07.2021,10,2021,True,har_x,0.0240791712049,0.018359570626376807
22,15.07.2021,10,2021,True,har_x,0.0240246644065503,0.019635340336572948
22,16.07.2021,10,2021,True,har_x,0.0240235736769938,0.019711860173265348
22,19.07.2021,10,2021,True,har_x,0.0189619475296541,0.019037351251956377
22,20.07.2021,10,2021,True,har_x,0.0195862103066193,0.024335773837238433
22,21.07.2021,10,2021,True,har_x,0.0174250145366931,0.025810132091029826
22,22.07.2021,10,2021,True,har_x,0.0207192979829178,0.023626585574995706
22,23.07.2021,10,2021,True,har_x,0.0220687044057686,0.021398939671007505
22,26.07.2021,10,2021,True,har_x,0.0223784157509738,0.02044967884376803
22,27.07.2021,10,2021,True,har_x,0.0226049586777077,0.019978861922759
22,28.07.2021,10,2021,True,har_x,0.0231945704033615,0.01978566401459282
22,29.07.2021,10,2021,True,har_x,0.0229578961186953,0.019262031070744763
22,30.07.2021,10,2021,True,har_x,0.0229424966909744,0.018905813774009194
22,02.08.2021,10,2021,True,har_x,0.0211326028770243,0.018619592332145118
22,03.08.2021,10,2021,True,har_x,0.0215392165081146,0.02096667611022267
22,04.08.2021,10,2021,True,har_x,0.0206172203538999,0.021068017093196587
22,05.08.2021,10,2021,True,har_x,0.0206637748817748,0.023008450328314226
22,06.08.2021,10,2021,True,har_x,0.0207322121009799,0.021759636789311303
22,09.08.2021,10,2021,True,har_x,0.0203483993092631,0.021655419106746378
22,10.08.2021,10,2021,True,har_x,0.0202352281375695,0.023367382259082272
22,11.08.2021,10,2021,True,har_x,0.0201693519113434,0.022287171288210162
22,12.08.2021,10,2021,True,har_x,0.0201573678317407,0.021672588220280675
22,13.08.2021,10,2021,True,har_x,0.0205816798964264,0.020905772074081386
22,16.08.2021,10,2021,True,har_x,0.020166353314119,0.020781618867473855
22,17.08.2021,10,2021,True,har_x,0.0201084585970045,0.020282793813987635
22,18.08.2021,10,2021,True,har_x,0.0204400053601848,0.020199855967881965
22,19.08.2021,10,2021,True,har_x,0.0193055243295584,0.020056793315992277
22,20.08.2021,10,2021,True,har_x,0.018914781874537,0.020268161087803164
22,23.08.2021,10,2021,True,har_x,0.0159615784393774,0.020128358562241922
22,24.08.2021,10,2021,True,har_x,0.0147941873860136,0.02121302840061118
22,25.08.2021,10,2021,True,har_x,0.0148587021339439,0.020832101846914437
22,26.08.2021,10,2021,True,har_x,0.0143016853229462,0.020316128340815195
22,27.08.2021,10,2021,True,har_x,0.0138923024361215,0.02041402132637696
22,30.08.2021,10,2021,True,har_x,0.0138621443276208,0.01983901227948869
22,31.08.2021,10,2021,True,har_x,0.013784802023846,0.019959232282664552
22,01.09.2021,10,2021,True,har_x,0.0134603596351911,0.019481383052950083
22,02.09.2021,10,2021,True,har_x,0.0132843135198156,0.020192641186029623
22,03.09.2021,10,2021,True,har_x,0.0140244067791421,0.01858830755224097
22,07.09.2021,10,2021,True,har_x,0.0134903557026135,0.020293075833958802
22,08.09.2021,10,2021,True,har_x,0.0134114828050419,0.018799638625576064
22,09.09.2021,10,2021,True,har_x,0.0126309967308804,0.018458859013365428
22,10.09.2021,10,2021,True,har_x,0.0124408142197389,0.019159442075156387
22,13.09.2021,10,2021,True,har_x,0.0125773024425269,0.01916909168387779
22,14.09.2021,10,2021,True,har_x,0.0125676770582339,0.018831962714851016
22,15.09.2021,10,2021,True,har_x,0.0118829966359764,0.018922063114459847
22,16.09.2021,10,2021,True,har_x,0.0121295686706469,0.018844242659876494
22,17.09.2021,10,2021,True,har_x,0.0119736404607116,0.018652062428876404
22,20.09.2021,10,2021,True,har_x,0.01065206577471,0.018180917359369
22,21.09.2021,10,2021,True,har_x,0.0115552462131107,0.019423858921144267
22,22.09.2021,10,2021,True,har_x,0.0108672726506443,0.01845623169613543
22,23.09.2021,10,2021,True,har_x,0.01069831451388,0.01775009650589854
22,24.09.2021,10,2021,True,har_x,0.0106157067155003,0.01764828293914982
22,27.09.2021,10,2021,True,har_x,0.0115025834271141,0.018076730010467622
22,28.09.2021,10,2021,True,har_x,0.0114290807177536,0.018025061953055557
22,29.09.2021,10,2021,True,har_x,0.0112796116446277,0.01852417549931033
22,30.09.2021,10,2021,True,har_x,0.0112304986078969,0.018235279009226443
22,01.10.2021,10,2021,True,har_x,0.0111640412135999,0.019193210013220583
22,04.10.2021,10,2021,True,har_x,0.0124943026139965,0.018747653832948758
22,05.10.2021,10,2021,True,har_x,0.0125745145528613,0.018743611419008155
22,06.10.2021,10,2021,True,har_x,0.0133251582378704,0.01853699047788978
22,07.10.2021,10,2021,True,har_x,0.0132519965613515,0.02024463017073222
22,08.10.2021,10,2021,True,har_x,0.0136177406273973,0.021783057339345574
22,11.10.2021,10,2021,True,har_x,0.0143891824757622,0.018858032412126434
22,12.10.2021,10,2021,True,har_x,0.0143972254847942,0.01904147767729491
22,13.10.2021,10,2021,True,har_x,0.0144942448039211,0.018520390530824486
22,14.10.2021,10,2021,True,har_x,0.0143084316446239,0.017825892613682035
22,15.10.2021,10,2021,True,har_x,0.0141482932413389,0.018197307485963415
22,18.10.2021,10,2021,True,har_x,0.015104646634297,0.017171924009459057
22,19.10.2021,10,2021,True,har_x,0.0152240659879875,0.01702210736091715
22,20.10.2021,10,2021,True,har_x,0.0160780062308979,0.01708814248604774
22,21.10.2021,10,2021,True,har_x,0.0161702999102101,0.016919370064735807
22,22.10.2021,10,2021,True,har_x,0.0176040227746642,0.017746097198479607
22,25.10.2021,10,2021,True,har_x,0.017534661921968,0.017838339534870615
22,26.10.2021,10,2021,True,har_x,0.0311208338293609,0.017521842052288395
22,27.10.2021,10,2021,True,har_x,0.0311878797517265,0.01726425786879832
22,28.10.2021,10,2021,True,har_x,0.0319763349651847,0.01852221887518055
22,29.10.2021,10,2021,True,har_x,0.0320947603932655,0.01819953071450657
22,01.11.2021,10,2021,True,har_x,0.0322846055615041,0.01833872468582007
22,02.11.2021,10,2021,True,har_x,0.0323288585416351,0.0175318715702472
22,03.11.2021,10,2021,True,har_x,0.0337810106960782,0.016978034722146294
22,04.11.2021,10,2021,True,har_x,0.0345468131988622,0.019098596492592632
22,05.11.2021,10,2021,True,har_x,0.0339536665459439,0.018792473100086568
22,08.11.2021,10,2021,True,har_x,0.0339757232504096,0.01916518718780849
22,09.11.2021,10,2021,True,har_x,0.0338144965286187,0.01952434429185519
22,10.11.2021,10,2021,True,har_x,0.0335371619368554,0.019251717571690887
22,11.11.2021,10,2021,True,har_x,0.0335064714903401,0.019693778621896245
22,12.11.2021,10,2021,True,har_x,0.0335384400937021,0.019075620693268812
22,15.11.2021,10,2021,True,har_x,0.0338083445300828,0.01890641917076652
22,16.11.2021,10,2021,True,har_x,0.0339183725457209,0.018378225868526603
22,17.11.2021,10,2021,True,har_x,0.0339535596402793,0.017646341816797213
22,18.11.2021,10,2021,True,har_x,0.0347922808634652,0.017631064231155583
22,19.11.2021,10,2021,True,har_x,0.0346177837615919,0.019000608236413235
22,22.11.2021,10,2021,True,har_x,0.0348611767033274,0.01925559062762438
22,23.11.2021,10,2021,True,har_x,0.0344712271196899,0.01916908209715822
22,24.11.2021,10,2021,True,har_x,0.0344975315490177,0.01939366560823448
22,26.11.2021,10,2021,True,har_x,0.0213614071887217,0.018786388475581936
22,29.11.2021,10,2021,True,har_x,0.0213265040564861,0.03462751794933427
22,30.11.2021,10,2021,True,har_x,0.0197435969515559,0.03317381511277736
22,01.12.2021,10,2021,True,har_x,0.0187758016898537,0.03758392596977841
22,02.12.2021,10,2021,True,har_x,0.0187951026521238,0.038144474161074936
22,03.12.2021,10,2021,True,har_x,0.0187957685843955,0.030900176773683737
22,06.12.2021,10,2021,True,har_x,0.01688127974424,0.03196982148546368
22,07.12.2021,10,2021,True,har_x,0.015873382755792,0.02985867778741656
22,08.12.2021,10,2021,True,har_x,0.0161649965856077,0.02687114512639276
22,09.12.2021,10,2021,True,har_x,0.0167593638210165,0.025252670771948888
22,10.12.2021,10,2021,True,har_x,0.0167815569805724,0.026381842049139896
22,13.12.2021,10,2021,True,har_x,0.0165168994569916,0.02590261744141739
22,14.12.2021,10,2021,True,har_x,0.0163754321506694,0.02556093517328592
22,15.12.2021,10,2021,True,har_x,0.0164665570368522,0.028290586296583774
22,16.12.2021,10,2021,True,har_x,0.0163929866194266,0.028827869211426188
22,17.12.2021,10,2021,True,har_x,0.0153165480553545,0.026640945460854135
22,20.12.2021,10,2021,True,har_x,0.0134628220439278,0.026200791726181383
22,21.12.2021,10,2021,True,har_x,0.013568170513229,0.03072404613053384
22,22.12.2021,10,2021,True,har_x,0.0137712466346766,0.028536566649492404
22,23.12.2021,10,2021,True,har_x,0.0137376073561072,0.0261756191625293
22,27.12.2021,10,2021,True,har_x,0.0136033469257113,0.025509993329999897
22,28.12.2021,10,2021,True,har_x,0.0136046068266282,0.0228588360820958
22,29.12.2021,10,2021,True,har_x,0.0136750337395648,0.02133934067417048
22,30.12.2021,10,2021,True,har_x,0.0149955862588874,0.02048762029874817
22,31.12.2021,10,2021,True,har_x,0.0139392099439945,0.020283764063726617
66,04.01.2021,10,2021,True,har,0.0228344116329679,0.01696258766715042
66,05.01.2021,10,2021,True,har,0.022139929509762,0.017670907090329358
66,06.01.2021,10,2021,True,har,0.0221062211759896,0.021502766934698443
66,07.01.2021,10,2021,True,har,0.0227098224152937,0.020213032850088974
66,08.01.2021,10,2021,True,har,0.0224766387000361,0.019858032615871053
66,11.01.2021,10,2021,True,har,0.0224605879428562,0.021206461503524524
66,12.01.2021,10,2021,True,har,0.022396736881737,0.019969576109544154
66,13.01.2021,10,2021,True,har,0.0223815398571435,0.019379603638169977
66,14.01.2021,10,2021,True,har,0.0225324737916103,0.019548742640640028
66,15.01.2021,10,2021,True,har,0.0222995134824328,0.01941871879664714
66,19.01.2021,10,2021,True,har,0.0222744530993828,0.020347397332175235
66,20.01.2021,10,2021,True,har,0.0223050573584523,0.0202752671261862
66,21.01.2021,10,2021,True,har,0.0223326071940947,0.019592032238876633
66,22.01.2021,10,2021,True,har,0.0222879939869093,0.0189562733560601
66,25.01.2021,10,2021,True,har,0.0223657824304878,0.019325786696002562
66,26.01.2021,10,2021,True,har,0.0225332778579194,0.018490747595284584
66,27.01.2021,10,2021,True,har,0.0225269864088958,0.017952331766992354
66,28.01.2021,10,2021,True,har,0.0225948226941866,0.01790028439789868
66,29.01.2021,10,2021,True,har,0.0225930909366658,0.01807813028814193
66,01.02.2021,10,2021,True,har,0.0226674011377575,0.01788878906995725
66,02.02.2021,10,2021,True,har,0.0225718067546452,0.017954671127700952
66,03.02.2021,10,2021,True,har,0.0224986172370338,0.01871532156994315
66,04.02.2021,10,2021,True,har,0.0224931107495055,0.017576520650916153
66,05.02.2021,10,2021,True,har,0.0225069643629683,0.016756908376851346
66,08.02.2021,10,2021,True,har,0.0228136612576402,0.016786642327073942
66,09.02.2021,10,2021,True,har,0.0229715401566842,0.016979298587417056
66,10.02.2021,10,2021,True,har,0.0229924580308948,0.016478724222382925
66,11.02.2021,10,2021,True,har,0.0230287948297251,0.0162486613213665
66,12.02.2021,10,2021,True,har,0.0232359065549335,0.016526106274468346
66,16.02.2021,10,2021,True,har,0.0233657321956823,0.01746933439668243
66,17.02.2021,10,2021,True,har,0.0234197232156115,0.01642617742280859
66,18.02.2021,10,2021,True,har,0.0236812788326565,0.016520158102275202
66,19.02.2021,10,2021,True,har,0.023585095959949,0.016653494397330174
66,22.02.2021,10,2021,True,har,0.0231767173850866,0.017758863269741798
66,23.02.2021,10,2021,True,har,0.0231957687922077,0.019355339465873568
66,24.02.2021,10,2021,True,har,0.0229971558647866,0.018200680014844692
66,25.02.2021,10,2021,True,har,0.0230165577108933,0.01932220697113548
66,26.02.2021,10,2021,True,har,0.0230377292435338,0.018486456696121416
66,01.03.2021,10,2021,True,har,0.0225247885378886,0.01878116732556261
66,02.03.2021,10,2021,True,har,0.022432477331522,0.02122688313475641
66,03.03.2021,10,2021,True,har,0.0223174592981137,0.020730172159059913
66,04.03.2021,10,2021,True,har,0.0218027329123794,0.020813698412664
66,05.03.2021,10,2021,True,har,0.0212983404225377,0.023131463732648863
66,08.03.2021,10,2021,True,har,0.0211972739375478,0.023885826843624405
66,09.03.2021,10,2021,True,har,0.0211487954422779,0.022620784290846574
66,10.03.2021,10,2021,True,har,0.0211419278205481,0.022317626074771644
66,11.03.2021,10,2021,True,har,0.0210044163346863,0.022136345481810107
66,12.03.2021,10,2021,True,har,0.0209939644590931,0.02254297007757556
66,15.03.2021,10,2021,True,har,0.0211097756215201,0.021100525842672503
66,16.03.2021,10,2021,True,har,0.0210943048687865,0.020773179760197852
66,17.03.2021,10,2021,True,har,0.0211873246336012,0.020780193383190787
66,18.03.2021,10,2021,True,har,0.0191037711690993,0.020738921421527223
66,19.03.2021,10,2021,True,har,0.0189880089961009,0.026737778210786385
66,22.03.2021,10,2021,True,har,0.0189903103864165,0.025531087621748876
66,23.03.2021,10,2021,True,har,0.0172643668751119,0.024541110559052032
66,24.03.2021,10,2021,True,har,0.0161070486082355,0.028354035655641943
66,25.03.2021,10,2021,True,har,0.0152640797073052,0.0307581386482616
66,26.03.2021,10,2021,True,har,0.0144864357378186,0.029580009160047376
66,29.03.2021,10,2021,True,har,0.0145045542966933,0.0305781732910859
66,30.03.2021,10,2021,True,har,0.0143787020350813,0.029033759291388905
66,31.03.2021,10,2021,True,har,0.0146161601177288,0.02791529061162022
66,01.04.2021,10,2021,True,har,0.0145901275457608,0.02655642691100312
66,05.04.2021,10,2021,True,har,0.0135111571368268,0.025759753184272306
66,06.04.2021,10,2021,True,har,0.013637478606303,0.02659568945689906
66,07.04.2021,10,2021,True,har,0.0136638775960248,0.025544927983705546
66,08.04.2021,10,2021,True,har,0.0137837274377514,0.02551195348368448
66,09.04.2021,10,2021,True,har,0.0141209263720069,0.02526103563753398
66,12.04.2021,10,2021,True,har,0.0143295462127292,0.02475811310463432
66,13.04.2021,10,2021,True,har,0.014321502208805,0.022994570393265867
66,14.04.2021,10,2021,True,har,0.0159460421289874,0.02296853109438208
66,15.04.2021,10,2021,True,har,0.0159835028931597,0.02662745885525416
66,16.04.2021,10,2021,True,har,0.0167241001051261,0.025240874526491944
66,19.04.2021,10,2021,True,har,0.016904198221071,0.023568492702153346
66,20.04.2021,10,2021,True,har,0.0168727579876639,0.02354244499596228
66,21.04.2021,10,2021,True,har,0.0166809410258528,0.0238793601548269
66,22.04.2021,10,2021,True,har,0.016683010224796,0.02182232668413879
66,23.04.2021,10,2021,True,har,0.0166477239376571,0.01991332132816861
66,26.04.2021,10,2021,True,har,0.0167185489036342,0.019804646661102793
66,27.04.2021,10,2021,True,har,0.016678082218109,0.018892436598803124
66,28.04.2021,10,2021,True,har,0.0176463720912383,0.019305035780411234
66,29.04.2021,10,2021,True,har,0.017530545879682,0.01879004588075424
66,30.04.2021,10,2021,True,har,0.0177270127951066,0.019192367680261564
66,03.05.2021,10,2021,True,har,0.0177839801839508,0.020015373309848657
66,04.05.2021,10,2021,True,har,0.0176659824159993,0.01818548869157033
66,05.05.2021,10,2021,True,har,0.0179139398539619,0.01894341198884054
66,06.05.2021,10,2021,True,har,0.018058036020802,0.018312721437726172
66,07.05.2021,10,2021,True,har,0.0181055025512506,0.01879261243268187
66,10.05.2021,10,2021,True,har,0.0181081308969641,0.017982338370212403
66,11.05.2021,10,2021,True,har,0.0181532976885845,0.017914030344395128
66,12.05.2021,10,2021,True,har,0.0182065495719483,0.017456470739079834
66,13.05.2021,10,2021,True,har,0.0177473090469004,0.016770519911462792
66,14.05.2021,10,2021,True,har,0.0175511218953277,0.019376967633216644
66,17.05.2021,10,2021,True,har,0.0177913818570664,0.01989815595089977
66,18.05.2021,10,2021,True,har,0.0178957532094144,0.019531879727721302
66,19.05.2021,10,2021,True,har,0.0187167020644956,0.019683523419076945
66,20.05.2021,10,2021,True,har,0.0188919130792014,0.020980621467453893
66,21.05.2021,10,2021,True,har,0.0188432415595173,0.020813357624501736
66,24.05.2021,10,2021,True,har,0.018621253269325,0.020698690795551346
66,25.05.2021,10,2021,True,har,0.0188176555331459,0.021987282738754835
66,26.05.2021,10,2021,True,har,0.0188471674572413,0.020980419209427607
66,27.05.2021,10,2021,True,har,0.0188409110382269,0.020241584421048335
66,28.05.2021,10,2021,True,har,0.0190013601347977,0.019297187611259013
66,01.06.2021,10,2021,True,har,0.0191251883952314,0.018866427725803568
66,02.06.2021,10,2021,True,har,0.019048633833735,0.018120761835410493
66,03.06.2021,10,2021,True,har,0.0191157514631366,0.018519911880264164
66,04.06.2021,10,2021,True,har,0.0191529167421562,0.018127275114015698
66,07.06.2021,10,2021,True,har,0.0192431794815618,0.018280539715124146
66,08.06.2021,10,2021,True,har,0.0193667490132531,0.018473345808003597
66,09.06.2021,10,2021,True,har,0.0193912009148631,0.018676254915556308
66,10.06.2021,10,2021,True,har,0.0193855478957802,0.018108323661580567
66,11.06.2021,10,2021,True,har,0.0196220003363945,0.018186508608789894
66,14.06.2021,10,2021,True,har,0.0196226908209368,0.017293051878850444
66,15.06.2021,10,2021,True,har,0.0195437338876551,0.016791808573331304
66,16.06.2021,10,2021,True,har,0.0196760575205552,0.01755262971863466
66,17.06.2021,10,2021,True,har,0.0195645578167202,0.01700517634685672
66,18.06.2021,10,2021,True,har,0.0197764325630532,0.01768490500541185
66,21.06.2021,10,2021,True,har,0.0197160371229411,0.016612289487454135
66,22.06.2021,10,2021,True,har,0.0197558244525648,0.01725070851229371
66,23.06.2021,10,2021,True,har,0.0198677982896886,0.015967398358659495
66,24.06.2021,10,2021,True,har,0.0198766270584111,0.016093558890600698
66,25.06.2021,10,2021,True,har,0.0198696831596524,0.015396305439739353
66,28.06.2021,10,2021,True,har,0.019708001094024,0.015505201667520254
66,29.06.2021,10,2021,True,har,0.0197382349702604,0.016941440128922514
66,30.06.2021,10,2021,True,har,0.0199487829329441,0.016280075888988176
66,01.07.2021,10,2021,True,har,0.0200055510441384,0.0162607412181319
66,02.07.2021,10,2021,True,har,0.0201429036735862,0.01651994113019525
66,06.07.2021,10,2021,True,har,0.0199752468543047,0.01626873916495601
66,07.07.2021,10,2021,True,har,0.0198761176395219,0.017426944037792387
66,08.07.2021,10,2021,True,har,0.0199232934867915,0.0175231975959051
66,09.07.2021,10,2021,True,har,0.0198130700977662,0.017482536022199166
66,12.07.2021,10,2021,True,har,0.0198031851352268,0.018327668270401977
66,13.07.2021,10,2021,True,har,0.0197297903401472,0.017870121211641256
66,14.07.2021,10,2021,True,har,0.0195220591652273,0.01822273284477391
66,15.07.2021,10,2021,True,har,0.0194001704805205,0.01901214413752341
66,16.07.2021,10,2021,True,har,0.01941791525788,0.019210857555018557
66,19.07.2021,10,2021,True,har,0.0172113674398076,0.018076680005548962
66,20.07.2021,10,2021,True,har,0.0173219894084169,0.024814074343936468
66,21.07.2021,10,2021,True,har,0.0167015404984274,0.022460787858695493
66,22.07.2021,10,2021,True,har,0.0165396819550881,0.025403646728130523
66,23.07.2021,10,2021,True,har,0.0165408116993964,0.025068729750868123
66,26.07.2021,10,2021,True,har,0.0167889724618404,0.024485413289836507
66,27.07.2021,10,2021,True,har,0.0167981765224608,0.021383049202349076
66,28.07.2021,10,2021,True,har,0.0167975697243086,0.021262992444221605
66,29.07.2021,10,2021,True,har,0.0166873474882949,0.020395503163278546
66,30.07.2021,10,2021,True,har,0.0166863980903164,0.02077587273521078
66,02.08.2021,10,2021,True,har,0.0161720096123174,0.020287760782762152
66,03.08.2021,10,2021,True,har,0.016320152194125,0.024513764152164545
66,04.08.2021,10,2021,True,har,0.0161746243621717,0.023024693710594565
66,05.08.2021,10,2021,True,har,0.0161393369382355,0.02409585551210497
66,06.08.2021,10,2021,True,har,0.0161695775619425,0.023452925426602992
66,09.08.2021,10,2021,True,har,0.0162166020293804,0.022966068634273216
66,10.08.2021,10,2021,True,har,0.016021978928351,0.022906605639607655
66,11.08.2021,10,2021,True,har,0.0160374530465766,0.02366508572018862
66,12.08.2021,10,2021,True,har,0.0160361528556325,0.022794472549901364
66,13.08.2021,10,2021,True,har,0.0159651342757495,0.022291024763852568
66,16.08.2021,10,2021,True,har,0.0162093238865198,0.022621425113706177
66,17.08.2021,10,2021,True,har,0.0162120692615251,0.020687261641161386
66,18.08.2021,10,2021,True,har,0.0165911714301203,0.019741061052671843
66,19.08.2021,10,2021,True,har,0.0162273901243379,0.018497960471569305
66,20.08.2021,10,2021,True,har,0.0163886464884588,0.019202242329728378
66,23.08.2021,10,2021,True,har,0.0151673818184938,0.018991387684048587
66,24.08.2021,10,2021,True,har,0.0213088449613606,0.02450684126210962
66,25.08.2021,10,2021,True,har,0.0212440179435853,0.0247144300298038
66,26.08.2021,10,2021,True,har,0.0217171595344479,0.024145225871802595
66,27.08.2021,10,2021,True,har,0.0217301806122741,0.02375962142255286
66,30.08.2021,10,2021,True,har,0.021744999113219,0.023522270432021423
66,31.08.2021,10,2021,True,har,0.0217410499167651,0.02153070252428307
66,01.09.2021,10,2021,True,har,0.0223179142473516,0.021112553195332125
66,02.09.2021,10,2021,True,har,0.0225251347782377,0.021579627648328624
66,03.09.2021,10,2021,True,har,0.022518166013069,0.021684536611045906
66,07.09.2021,10,2021,True,har,0.0225836407329828,0.0208949903453706
66,08.09.2021,10,2021,True,har,0.022562952467149,0.02090512491391522
66,09.09.2021,10,2021,True,har,0.022508950941654,0.020971984266809296
66,10.09.2021,10,2021,True,har,0.022404484870655,0.02105456505959874
66,13.09.2021,10,2021,True,har,0.0223846804519867,0.021385975341226746
66,14.09.2021,10,2021,True,har,0.0224628348655505,0.02092919019414032
66,15.09.2021,10,2021,True,har,0.0223874723322876,0.020299583877334035
66,16.09.2021,10,2021,True,har,0.0226318209896635,0.021544305273463443
66,17.09.2021,10,2021,True,har,0.0230252938982971,0.020024886415243158
66,20.09.2021,10,2021,True,har,0.0230072308439669,0.019730266643014492
66,21.09.2021,10,2021,True,har,0.0231319483223709,0.0207598287333997
66,22.09.2021,10,2021,True,har,0.0231045463504834,0.019162008566901884
66,23.09.2021,10,2021,True,har,0.0230496564409748,0.01951545987048571
66,24.09.2021,10,2021,True,har,0.0230163914511791,0.01922174025217615
66,27.09.2021,10,2021,True,har,0.0229060002837283,0.018829808922520272
66,28.09.2021,10,2021,True,har,0.0230230687045199,0.017945987899781017
66,29.09.2021,10,2021,True,har,0.0230917251012327,0.01803569293403738
66,30.09.2021,10,2021,True,har,0.0231440738879662,0.01804291028844451
66,01.10.2021,10,2021,True,har,0.0231460821180984,0.017510860367453
66,04.10.2021,10,2021,True,har,0.0230159359595003,0.017618292262807877
66,05.10.2021,10,2021,True,har,0.0229343871908978,0.01859679446001988
66,06.10.2021,10,2021,True,har,0.0228642795733689,0.018050766162054123
66,07.10.2021,10,2021,True,har,0.0232244053317678,0.01896779472563521
66,08.10.2021,10,2021,True,har,0.0232556081757827,0.01834682926150919
66,11.10.2021,10,2021,True,har,0.0231844122384461,0.018038867342480298
66,12.10.2021,10,2021,True,har,0.0232926243445241,0.018185085499314996
66,13.10.2021,10,2021,True,har,0.0233739080972071,0.01769790881439779
66,14.10.2021,10,2021,True,har,0.0233786265759731,0.016902331953385415
66,15.10.2021,10,2021,True,har,0.0233496125469702,0.01713397752680987
66,18.10.2021,10,2021,True,har,0.0233465752567997,0.017130938119450233
66,19.10.2021,10,2021,True,har,0.0234421593051946,0.01657612120450231
66,20.10.2021,10,2021,True,har,0.0235750425111355,0.01667907781509877
66,21.10.2021,10,2021,True,har,0.0236217004605079,0.016311105305467845
66,22.10.2021,10,2021,True,har,0.0236083616271139,0.01721607887426532
66,25.10.2021,10,2021,True,har,0.0236172429728493,0.01711581479227954
66,26.10.2021,10,2021,True,har,0.0236609781880431,0.016670622493465244
66,27.10.2021,10,2021,True,har,0.0236823675137349,0.016531849727132765
66,28.10.2021,10,2021,True,har,0.0236795906982925,0.01799585168132478
66,29.10.2021,10,2021,True,har,0.0237747307837208,0.01722533528310993
66,01.11.2021,10,2021,True,har,0.0239303616390318,0.016934436638986264
66,02.11.2021,10,2021,True,har,0.0239486210804729,0.01662440702602524
66,03.11.2021,10,2021,True,har,0.0237311502717783,0.01624721515483349
66,04.11.2021,10,2021,True,har,0.0236211247022,0.01856462336417733
66,05.11.2021,10,2021,True,har,0.0234165011856659,0.01827905659967417
66,08.11.2021,10,2021,True,har,0.0237142277274104,0.01988093244062008
66,09.11.2021,10,2021,True,har,0.0237721082024428,0.019195400013485936
66,10.11.2021,10,2021,True,har,0.0239381997235608,0.019796999361279852
66,11.11.2021,10,2021,True,har,0.0240038863669706,0.020259605418461175
66,12.11.2021,10,2021,True,har,0.0241175687183064,0.01911262106143522
66,15.11.2021,10,2021,True,har,0.024119486946003,0.018858104935967585
66,16.11.2021,10,2021,True,har,0.0244513404074656,0.01850228360108438
66,17.11.2021,10,2021,True,har,0.0241862392762439,0.018211928936116614
66,18.11.2021,10,2021,True,har,0.0242869737821513,0.019261345772016457
66,19.11.2021,10,2021,True,har,0.0240206038004075,0.01904968302687664
66,22.11.2021,10,2021,True,har,0.0242441462059936,0.02038879794726322
66,23.11.2021,10,2021,True,har,0.0243735648804847,0.01999675273000414
66,24.11.2021,10,2021,True,har,0.0258189392006165,0.02207981473996206
66,26.11.2021,10,2021,True,har,0.0205796185369011,0.020346327354613673
66,29.11.2021,10,2021,True,har,0.0218888553257592,0.03391495465927823
66,30.11.2021,10,2021,True,har,0.021503496348484,0.030285912739008873
66,01.12.2021,10,2021,True,har,0.0214088474993322,0.031434518576134496
66,02.12.2021,10,2021,True,har,0.0283049901398986,0.029964468149114375
66,03.12.2021,10,2021,True,har,0.0284486072764631,0.02975928253765355
66,06.12.2021,10,2021,True,har,0.0282032774109274,0.025773964803960707
66,07.12.2021,10,2021,True,har,0.0289441797239234,0.028740069372131857
66,08.12.2021,10,2021,True,har,0.030303564454015,0.027895997698146296
66,09.12.2021,10,2021,True,har,0.0303089563050105,0.02591808396019244
66,10.12.2021,10,2021,True,har,0.0318684712854048,0.027115977099146475
66,13.12.2021,10,2021,True,har,0.0318197929859867,0.026796071923025938
66,14.12.2021,10,2021,True,har,0.032696466669272,0.0262189475792384
66,15.12.2021,10,2021,True,har,0.0327070836182039,0.02529337246767582
66,16.12.2021,10,2021,True,har,0.0331556829453917,0.024993416292879177
66,17.12.2021,10,2021,True,har,0.0331708520899175,0.025417775720642508
66,20.12.2021,10,2021,True,har,0.0328905564861961,0.025848832031861547
66,21.12.2021,10,2021,True,har,0.0340977098833579,0.02649433676004346
66,22.12.2021,10,2021,True,har,0.0342233619147825,0.027946907536226716
66,23.12.2021,10,2021,True,har,0.0342933523593773,0.027312091576927735
66,27.12.2021,10,2021,True,har,0.0349105595139615,0.027636462080713013
66,28.12.2021,10,2021,True,har,0.035222028344407,0.022798345918455046
66,29.12.2021,10,2021,True,har,0.0353603761804563,0.020650400886542426
66,30.12.2021,10,2021,True,har,0.0353938315240907,0.019612340745190155
66,31.12.2021,10,2021,True,har,0.0359931993110115,0.019234634260572085
66,04.01.2021,10,2021,True,har_ovx,0.0228344116329679,0.019883876421364834
66,05.01.2021,10,2021,True,har_ovx,0.022139929509762,0.021281985047100063
66,06.01.2021,10,2021,True,har_ovx,0.0221062211759896,0.02245138539959072
66,07.01.2021,10,2021,True,har_ovx,0.0227098224152937,0.021650087620331916
66,08.01.2021,10,2021,True,har_ovx,0.0224766387000361,0.020695334705013252
66,11.01.2021,10,2021,True,har_ovx,0.0224605879428562,0.02137132399839517
66,12.01.2021,10,2021,True,har_ovx,0.022396736881737,0.0205123537756607
66,13.01.2021,10,2021,True,har_ovx,0.0223815398571435,0.01973052488120493
66,14.01.2021,10,2021,True,har_ovx,0.0225324737916103,0.02055969996633479
66,15.01.2021,10,2021,True,har_ovx,0.0222995134824328,0.020791934172720766
66,19.01.2021,10,2021,True,har_ovx,0.0222744530993828,0.02168303418918209
66,20.01.2021,10,2021,True,har_ovx,0.0223050573584523,0.02042246584918092
66,21.01.2021,10,2021,True,har_ovx,0.0223326071940947,0.02017912871735181
66,22.01.2021,10,2021,True,har_ovx,0.0222879939869093,0.019857312980264226
66,25.01.2021,10,2021,True,har_ovx,0.0223657824304878,0.02034225223772205
66,26.01.2021,10,2021,True,har_ovx,0.0225332778579194,0.020373713964017732
66,27.01.2021,10,2021,True,har_ovx,0.0225269864088958,0.01987363214548333
66,28.01.2021,10,2021,True,har_ovx,0.0225948226941866,0.020634892562691305
66,29.01.2021,10,2021,True,har_ovx,0.0225930909366658,0.02076074222434521
66,01.02.2021,10,2021,True,har_ovx,0.0226674011377575,0.020575625513629348
66,02.02.2021,10,2021,True,har_ovx,0.0225718067546452,0.02034369169911792
66,03.02.2021,10,2021,True,har_ovx,0.0224986172370338,0.020633755558560077
66,04.02.2021,10,2021,True,har_ovx,0.0224931107495055,0.02004160096813363
66,05.02.2021,10,2021,True,har_ovx,0.0225069643629683,0.019201321819653693
66,08.02.2021,10,2021,True,har_ovx,0.0228136612576402,0.019096243802751482
66,09.02.2021,10,2021,True,har_ovx,0.0229715401566842,0.01914077435908202
66,10.02.2021,10,2021,True,har_ovx,0.0229924580308948,0.018703884662035465
66,11.02.2021,10,2021,True,har_ovx,0.0230287948297251,0.018686298933976733
66,12.02.2021,10,2021,True,har_ovx,0.0232359065549335,0.019029550239875043
66,16.02.2021,10,2021,True,har_ovx,0.0233657321956823,0.019393498684148455
66,17.02.2021,10,2021,True,har_ovx,0.0234197232156115,0.019321276826474193
66,18.02.2021,10,2021,True,har_ovx,0.0236812788326565,0.019807781152627574
66,19.02.2021,10,2021,True,har_ovx,0.023585095959949,0.020129704669709002
66,22.02.2021,10,2021,True,har_ovx,0.0231767173850866,0.020532036954663657
66,23.02.2021,10,2021,True,har_ovx,0.0231957687922077,0.021409240537063903
66,24.02.2021,10,2021,True,har_ovx,0.0229971558647866,0.02120819247958352
66,25.02.2021,10,2021,True,har_ovx,0.0230165577108933,0.02163183956725278
66,26.02.2021,10,2021,True,har_ovx,0.0230377292435338,0.02151439355244417
66,01.03.2021,10,2021,True,har_ovx,0.0225247885378886,0.02205199055517934
66,02.03.2021,10,2021,True,har_ovx,0.022432477331522,0.0228608858586976
66,03.03.2021,10,2021,True,har_ovx,0.0223174592981137,0.022193911867730485
66,04.03.2021,10,2021,True,har_ovx,0.0218027329123794,0.02191146280176609
66,05.03.2021,10,2021,True,har_ovx,0.0212983404225377,0.022325205217079497
66,08.03.2021,10,2021,True,har_ovx,0.0211972739375478,0.022443539046817795
66,09.03.2021,10,2021,True,har_ovx,0.0211487954422779,0.02228375684824787
66,10.03.2021,10,2021,True,har_ovx,0.0211419278205481,0.021891138575244398
66,11.03.2021,10,2021,True,har_ovx,0.0210044163346863,0.021712093340990495
66,12.03.2021,10,2021,True,har_ovx,0.0209939644590931,0.021845700460173093
66,15.03.2021,10,2021,True,har_ovx,0.0211097756215201,0.02100536516568608
66,16.03.2021,10,2021,True,har_ovx,0.0210943048687865,0.021303498714822955
66,17.03.2021,10,2021,True,har_ovx,0.0211873246336012,0.021219366649858205
66,18.03.2021,10,2021,True,har_ovx,0.0191037711690993,0.02079024595221852
66,19.03.2021,10,2021,True,har_ovx,0.0189880089961009,0.02593501257920524
66,22.03.2021,10,2021,True,har_ovx,0.0189903103864165,0.024501063315950717
66,23.03.2021,10,2021,True,har_ovx,0.0172643668751119,0.023174975344911277
66,24.03.2021,10,2021,True,har_ovx,0.0161070486082355,0.026715397485354737
66,25.03.2021,10,2021,True,har_ovx,0.0152640797073052,0.031896713258706376
66,26.03.2021,10,2021,True,har_ovx,0.0144864357378186,0.027394720678227142
66,29.03.2021,10,2021,True,har_ovx,0.0145045542966933,0.026534865622046697
66,30.03.2021,10,2021,True,har_ovx,0.0143787020350813,0.025780083044098255
66,31.03.2021,10,2021,True,har_ovx,0.0146161601177288,0.024400042334598013
66,01.04.2021,10,2021,True,har_ovx,0.0145901275457608,0.024691883944743927
66,05.04.2021,10,2021,True,har_ovx,0.0135111571368268,0.02291864171245643
66,06.04.2021,10,2021,True,har_ovx,0.013637478606303,0.023775407450720064
66,07.04.2021,10,2021,True,har_ovx,0.0136638775960248,0.02343995865053812
66,08.04.2021,10,2021,True,har_ovx,0.0137837274377514,0.02314476895871416
66,09.04.2021,10,2021,True,har_ovx,0.0141209263720069,0.0228960038163524
66,12.04.2021,10,2021,True,har_ovx,0.0143295462127292,0.02229999667499034
66,13.04.2021,10,2021,True,har_ovx,0.014321502208805,0.020680829073841937
66,14.04.2021,10,2021,True,har_ovx,0.0159460421289874,0.02018669027498102
66,15.04.2021,10,2021,True,har_ovx,0.0159835028931597,0.022017451932605632
66,16.04.2021,10,2021,True,har_ovx,0.0167241001051261,0.021046027616934766
66,19.04.2021,10,2021,True,har_ovx,0.016904198221071,0.020355722533858204
66,20.04.2021,10,2021,True,har_ovx,0.0168727579876639,0.020939126235609132
66,21.04.2021,10,2021,True,har_ovx,0.0166809410258528,0.02126554477001434
66,22.04.2021,10,2021,True,har_ovx,0.016683010224796,0.022156522581340553
66,23.04.2021,10,2021,True,har_ovx,0.0166477239376571,0.02086459255934645
66,26.04.2021,10,2021,True,har_ovx,0.0167185489036342,0.020869417601983235
66,27.04.2021,10,2021,True,har_ovx,0.016678082218109,0.021285718771096467
66,28.04.2021,10,2021,True,har_ovx,0.0176463720912383,0.020789047175549732
66,29.04.2021,10,2021,True,har_ovx,0.017530545879682,0.019989275205373812
66,30.04.2021,10,2021,True,har_ovx,0.0177270127951066,0.020158920565685988
66,03.05.2021,10,2021,True,har_ovx,0.0177839801839508,0.021119378053551782
66,04.05.2021,10,2021,True,har_ovx,0.0176659824159993,0.02105656613749437
66,05.05.2021,10,2021,True,har_ovx,0.0179139398539619,0.02061895314793924
66,06.05.2021,10,2021,True,har_ovx,0.018058036020802,0.020643706071286676
66,07.05.2021,10,2021,True,har_ovx,0.0181055025512506,0.02064355271206189
66,10.05.2021,10,2021,True,har_ovx,0.0181081308969641,0.020204582142343986
66,11.05.2021,10,2021,True,har_ovx,0.0181532976885845,0.020264386522372283
66,12.05.2021,10,2021,True,har_ovx,0.0182065495719483,0.0199582721336604
66,13.05.2021,10,2021,True,har_ovx,0.0177473090469004,0.019749349364717138
66,14.05.2021,10,2021,True,har_ovx,0.0175511218953277,0.02107468156214344
66,17.05.2021,10,2021,True,har_ovx,0.0177913818570664,0.02092413140153744
66,18.05.2021,10,2021,True,har_ovx,0.0178957532094144,0.020756424264394252
66,19.05.2021,10,2021,True,har_ovx,0.0187167020644956,0.020975067666044463
66,20.05.2021,10,2021,True,har_ovx,0.0188919130792014,0.02194447361797832
66,21.05.2021,10,2021,True,har_ovx,0.0188432415595173,0.02190494018848778
66,24.05.2021,10,2021,True,har_ovx,0.018621253269325,0.02176860729835929
66,25.05.2021,10,2021,True,har_ovx,0.0188176555331459,0.021373177263224255
66,26.05.2021,10,2021,True,har_ovx,0.0188471674572413,0.021125483303073043
66,27.05.2021,10,2021,True,har_ovx,0.0188409110382269,0.020119064664646448
66,28.05.2021,10,2021,True,har_ovx,0.0190013601347977,0.01950974146257689
66,01.06.2021,10,2021,True,har_ovx,0.0191251883952314,0.019356521756246525
66,02.06.2021,10,2021,True,har_ovx,0.019048633833735,0.018831365831392298
66,03.06.2021,10,2021,True,har_ovx,0.0191157514631366,0.01889240388333943
66,04.06.2021,10,2021,True,har_ovx,0.0191529167421562,0.019026558191735717
66,07.06.2021,10,2021,True,har_ovx,0.0192431794815618,0.018582542867523512
66,08.06.2021,10,2021,True,har_ovx,0.0193667490132531,0.018684254711927
66,09.06.2021,10,2021,True,har_ovx,0.0193912009148631,0.018828591102305493
66,10.06.2021,10,2021,True,har_ovx,0.0193855478957802,0.018507302010636252
66,11.06.2021,10,2021,True,har_ovx,0.0196220003363945,0.01885551875780432
66,14.06.2021,10,2021,True,har_ovx,0.0196226908209368,0.018531751804511776
66,15.06.2021,10,2021,True,har_ovx,0.0195437338876551,0.018493435373507092
66,16.06.2021,10,2021,True,har_ovx,0.0196760575205552,0.01845392271641129
66,17.06.2021,10,2021,True,har_ovx,0.0195645578167202,0.018809981616213695
66,18.06.2021,10,2021,True,har_ovx,0.0197764325630532,0.020108516897576843
66,21.06.2021,10,2021,True,har_ovx,0.0197160371229411,0.019103325708689868
66,22.06.2021,10,2021,True,har_ovx,0.0197558244525648,0.019689372013030053
66,23.06.2021,10,2021,True,har_ovx,0.0198677982896886,0.019084566353904903
66,24.06.2021,10,2021,True,har_ovx,0.0198766270584111,0.019238080151556293
66,25.06.2021,10,2021,True,har_ovx,0.0198696831596524,0.0181626708024996
66,28.06.2021,10,2021,True,har_ovx,0.019708001094024,0.018022058854474138
66,29.06.2021,10,2021,True,har_ovx,0.0197382349702604,0.018711488683180615
66,30.06.2021,10,2021,True,har_ovx,0.0199487829329441,0.01847111811866777
66,01.07.2021,10,2021,True,har_ovx,0.0200055510441384,0.018686150131900593
66,02.07.2021,10,2021,True,har_ovx,0.0201429036735862,0.018734393005994592
66,06.07.2021,10,2021,True,har_ovx,0.0199752468543047,0.01872406013556878
66,07.07.2021,10,2021,True,har_ovx,0.0198761176395219,0.020295026062120657
66,08.07.2021,10,2021,True,har_ovx,0.0199232934867915,0.021433475835203032
66,09.07.2021,10,2021,True,har_ovx,0.0198130700977662,0.020617584062760597
66,12.07.2021,10,2021,True,har_ovx,0.0198031851352268,0.020524559410837084
66,13.07.2021,10,2021,True,har_ovx,0.0197297903401472,0.020746241819948743
66,14.07.2021,10,2021,True,har_ovx,0.0195220591652273,0.019976688108348226
66,15.07.2021,10,2021,True,har_ovx,0.0194001704805205,0.02100261885690404
66,16.07.2021,10,2021,True,har_ovx,0.01941791525788,0.021040446991908518
66,19.07.2021,10,2021,True,har_ovx,0.0172113674398076,0.020317272142874484
66,20.07.2021,10,2021,True,har_ovx,0.0173219894084169,0.02522418136188735
66,21.07.2021,10,2021,True,har_ovx,0.0167015404984274,0.025700800208311947
66,22.07.2021,10,2021,True,har_ovx,0.0165396819550881,0.02461618285153997
66,23.07.2021,10,2021,True,har_ovx,0.0165408116993964,0.02283681646755574
66,26.07.2021,10,2021,True,har_ovx,0.0167889724618404,0.021994714777882368
66,27.07.2021,10,2021,True,har_ovx,0.0167981765224608,0.020511194205568083
66,28.07.2021,10,2021,True,har_ovx,0.0167975697243086,0.020419431013043478
66,29.07.2021,10,2021,True,har_ovx,0.0166873474882949,0.019745428323075735
66,30.07.2021,10,2021,True,har_ovx,0.0166863980903164,0.01952944753201992
66,02.08.2021,10,2021,True,har_ovx,0.0161720096123174,0.019203519926022157
66,03.08.2021,10,2021,True,har_ovx,0.016320152194125,0.02201461958700872
66,04.08.2021,10,2021,True,har_ovx,0.0161746243621717,0.021747037026981317
66,05.08.2021,10,2021,True,har_ovx,0.0161393369382355,0.02335616579855499
66,06.08.2021,10,2021,True,har_ovx,0.0161695775619425,0.022255928141830073
66,09.08.2021,10,2021,True,har_ovx,0.0162166020293804,0.022112034362179823
66,10.08.2021,10,2021,True,har_ovx,0.016021978928351,0.022913789697336304
66,11.08.2021,10,2021,True,har_ovx,0.0160374530465766,0.022339023417231627
66,12.08.2021,10,2021,True,har_ovx,0.0160361528556325,0.02166355738891077
66,13.08.2021,10,2021,True,har_ovx,0.0159651342757495,0.02100788427446982
66,16.08.2021,10,2021,True,har_ovx,0.0162093238865198,0.020999590818238812
66,17.08.2021,10,2021,True,har_ovx,0.0162120692615251,0.021306311888446047
66,18.08.2021,10,2021,True,har_ovx,0.0165911714301203,0.02096436316252269
66,19.08.2021,10,2021,True,har_ovx,0.0162273901243379,0.020871379609747095
66,20.08.2021,10,2021,True,har_ovx,0.0163886464884588,0.021266830167126438
66,23.08.2021,10,2021,True,har_ovx,0.0151673818184938,0.02108814403261756
66,24.08.2021,10,2021,True,har_ovx,0.0213088449613606,0.02305513444308576
66,25.08.2021,10,2021,True,har_ovx,0.0212440179435853,0.022617051796732554
66,26.08.2021,10,2021,True,har_ovx,0.0217171595344479,0.022023714871386407
66,27.08.2021,10,2021,True,har_ovx,0.0217301806122741,0.022008389775747074
66,30.08.2021,10,2021,True,har_ovx,0.021744999113219,0.021379771600413634
66,31.08.2021,10,2021,True,har_ovx,0.0217410499167651,0.020661252798655223
66,01.09.2021,10,2021,True,har_ovx,0.0223179142473516,0.02018836404946748
66,02.09.2021,10,2021,True,har_ovx,0.0225251347782377,0.020926757879665386
66,03.09.2021,10,2021,True,har_ovx,0.022518166013069,0.019753443948782815
66,07.09.2021,10,2021,True,har_ovx,0.0225836407329828,0.020761767777178967
66,08.09.2021,10,2021,True,har_ovx,0.022562952467149,0.01980342559920393
66,09.09.2021,10,2021,True,har_ovx,0.022508950941654,0.01965421780377246
66,10.09.2021,10,2021,True,har_ovx,0.022404484870655,0.020143387660929088
66,13.09.2021,10,2021,True,har_ovx,0.0223846804519867,0.02016372435771637
66,14.09.2021,10,2021,True,har_ovx,0.0224628348655505,0.019781155158623043
66,15.09.2021,10,2021,True,har_ovx,0.0223874723322876,0.01972388785658035
66,16.09.2021,10,2021,True,har_ovx,0.0226318209896635,0.019953715026021026
66,17.09.2021,10,2021,True,har_ovx,0.0230252938982971,0.019417834926618027
66,20.09.2021,10,2021,True,har_ovx,0.0230072308439669,0.019195769856546765
66,21.09.2021,10,2021,True,har_ovx,0.0231319483223709,0.0204559628086071
66,22.09.2021,10,2021,True,har_ovx,0.0231045463504834,0.019873231105793802
66,23.09.2021,10,2021,True,har_ovx,0.0230496564409748,0.01957172769188892
66,24.09.2021,10,2021,True,har_ovx,0.0230163914511791,0.019443883941475504
66,27.09.2021,10,2021,True,har_ovx,0.0229060002837283,0.019748663086196758
66,28.09.2021,10,2021,True,har_ovx,0.0230230687045199,0.019449811047068152
66,29.09.2021,10,2021,True,har_ovx,0.0230917251012327,0.0198454674496562
66,30.09.2021,10,2021,True,har_ovx,0.0231440738879662,0.019639053034732956
66,01.10.2021,10,2021,True,har_ovx,0.0231460821180984,0.020340841460139692
66,04.10.2021,10,2021,True,har_ovx,0.0230159359595003,0.020114764543031925
66,05.10.2021,10,2021,True,har_ovx,0.0229343871908978,0.020482389009674216
66,06.10.2021,10,2021,True,har_ovx,0.0228642795733689,0.0202679842250177
66,07.10.2021,10,2021,True,har_ovx,0.0232244053317678,0.021606586528178706
66,08.10.2021,10,2021,True,har_ovx,0.0232556081757827,0.022690944216620074
66,11.10.2021,10,2021,True,har_ovx,0.0231844122384461,0.020556877290786826
66,12.10.2021,10,2021,True,har_ovx,0.0232926243445241,0.02068987036333717
66,13.10.2021,10,2021,True,har_ovx,0.0233739080972071,0.020103697253106484
66,14.10.2021,10,2021,True,har_ovx,0.0233786265759731,0.01945184598633483
66,15.10.2021,10,2021,True,har_ovx,0.0233496125469702,0.019775997526995333
66,18.10.2021,10,2021,True,har_ovx,0.0233465752567997,0.019063366033839957
66,19.10.2021,10,2021,True,har_ovx,0.0234421593051946,0.019151166944821645
66,20.10.2021,10,2021,True,har_ovx,0.0235750425111355,0.019225850715825263
66,21.10.2021,10,2021,True,har_ovx,0.0236217004605079,0.019121375048629357
66,22.10.2021,10,2021,True,har_ovx,0.0236083616271139,0.019873161973185335
66,25.10.2021,10,2021,True,har_ovx,0.0236172429728493,0.019913504960395633
66,26.10.2021,10,2021,True,har_ovx,0.0236609781880431,0.01954655363404855
66,27.10.2021,10,2021,True,har_ovx,0.0236823675137349,0.019357774019292083
66,28.10.2021,10,2021,True,har_ovx,0.0236795906982925,0.02048476326428974
66,29.10.2021,10,2021,True,har_ovx,0.0237747307837208,0.02002648116097072
66,01.11.2021,10,2021,True,har_ovx,0.0239303616390318,0.02004875625556673
66,02.11.2021,10,2021,True,har_ovx,0.0239486210804729,0.019711945821549275
66,03.11.2021,10,2021,True,har_ovx,0.0237311502717783,0.01928577831614946
66,04.11.2021,10,2021,True,har_ovx,0.0236211247022,0.02118574971053429
66,05.11.2021,10,2021,True,har_ovx,0.0234165011856659,0.020824311262606244
66,08.11.2021,10,2021,True,har_ovx,0.0237142277274104,0.021347500055971795
66,09.11.2021,10,2021,True,har_ovx,0.0237721082024428,0.021060983834210505
66,10.11.2021,10,2021,True,har_ovx,0.0239381997235608,0.020965464030166206
66,11.11.2021,10,2021,True,har_ovx,0.0240038863669706,0.021205063923056523
66,12.11.2021,10,2021,True,har_ovx,0.0241175687183064,0.020455509640057365
66,15.11.2021,10,2021,True,har_ovx,0.024119486946003,0.02026119311149261
66,16.11.2021,10,2021,True,har_ovx,0.0244513404074656,0.02017573393328721
66,17.11.2021,10,2021,True,har_ovx,0.0241862392762439,0.01956696714366889
66,18.11.2021,10,2021,True,har_ovx,0.0242869737821513,0.019717218555714858
66,19.11.2021,10,2021,True,har_ovx,0.0240206038004075,0.020641714964653446
66,22.11.2021,10,2021,True,har_ovx,0.0242441462059936,0.021085419815969963
66,23.11.2021,10,2021,True,har_ovx,0.0243735648804847,0.02081061624791281
66,24.11.2021,10,2021,True,har_ovx,0.0258189392006165,0.021296455052104556
66,26.11.2021,10,2021,True,har_ovx,0.0205796185369011,0.020446070057015826
66,29.11.2021,10,2021,True,har_ovx,0.0218888553257592,0.033485159600312855
66,30.11.2021,10,2021,True,har_ovx,0.021503496348484,0.031372728221510146
66,01.12.2021,10,2021,True,har_ovx,0.0214088474993322,0.03475305521649481
66,02.12.2021,10,2021,True,har_ovx,0.0283049901398986,0.03468673792825412
66,03.12.2021,10,2021,True,har_ovx,0.0284486072764631,0.029429077918667935
66,06.12.2021,10,2021,True,har_ovx,0.0282032774109274,0.028899979082367272
66,07.12.2021,10,2021,True,har_ovx,0.0289441797239234,0.028177638756496915
66,08.12.2021,10,2021,True,har_ovx,0.030303564454015,0.02560468220543785
66,09.12.2021,10,2021,True,har_ovx,0.0303089563050105,0.023882462938574676
66,10.12.2021,10,2021,True,har_ovx,0.0318684712854048,0.025097633565308548
66,13.12.2021,10,2021,True,har_ovx,0.0318197929859867,0.024642439685822082
66,14.12.2021,10,2021,True,har_ovx,0.032696466669272,0.02420335008538314
66,15.12.2021,10,2021,True,har_ovx,0.0327070836182039,0.025870237931892734
66,16.12.2021,10,2021,True,har_ovx,0.0331556829453917,0.02617833583146397
66,17.12.2021,10,2021,True,har_ovx,0.0331708520899175,0.02472549535519651
66,20.12.2021,10,2021,True,har_ovx,0.0328905564861961,0.024540496368596388
66,21.12.2021,10,2021,True,har_ovx,0.0340977098833579,0.02787476067836581
66,22.12.2021,10,2021,True,har_ovx,0.0342233619147825,0.026597163981335534
66,23.12.2021,10,2021,True,har_ovx,0.0342933523593773,0.02482740603670736
66,27.12.2021,10,2021,True,har_ovx,0.0349105595139615,0.024369986998131053
66,28.12.2021,10,2021,True,har_ovx,0.035222028344407,0.023320833920738922
66,29.12.2021,10,2021,True,har_ovx,0.0353603761804563,0.021557668576599544
66,30.12.2021,10,2021,True,har_ovx,0.0353938315240907,0.021042686843380357
66,31.12.2021,10,2021,True,har_ovx,0.0359931993110115,0.021000682214812633
66,04.01.2021,10,2021,True,har_gpr,0.0228344116329679,0.01662936111417895
66,05.01.2021,10,2021,True,har_gpr,0.022139929509762,0.017637529131632777
66,06.01.2021,10,2021,True,har_gpr,0.0221062211759896,0.021475927015015404
66,07.01.2021,10,2021,True,har_gpr,0.0227098224152937,0.020182260878024303
66,08.01.2021,10,2021,True,har_gpr,0.0224766387000361,0.01982602039894291
66,11.01.2021,10,2021,True,har_gpr,0.0224605879428562,0.021178092438300364
66,12.01.2021,10,2021,True,har_gpr,0.022396736881737,0.01979739850603108
66,13.01.2021,10,2021,True,har_gpr,0.0223815398571435,0.019208606154042
66,14.01.2021,10,2021,True,har_gpr,0.0225324737916103,0.019377265562403868
66,15.01.2021,10,2021,True,har_gpr,0.0222995134824328,0.019246920785882107
66,19.01.2021,10,2021,True,har_gpr,0.0222744530993828,0.020178493366419203
66,20.01.2021,10,2021,True,har_gpr,0.0223050573584523,0.020011666290898483
66,21.01.2021,10,2021,True,har_gpr,0.0223326071940947,0.019327102893507597
66,22.01.2021,10,2021,True,har_gpr,0.0222879939869093,0.01868984565627749
66,25.01.2021,10,2021,True,har_gpr,0.0223657824304878,0.01906042482071275
66,26.01.2021,10,2021,True,har_gpr,0.0225332778579194,0.018519941368355688
66,27.01.2021,10,2021,True,har_gpr,0.0225269864088958,0.017980710801385802
66,28.01.2021,10,2021,True,har_gpr,0.0225948226941866,0.017928615640141345
66,29.01.2021,10,2021,True,har_gpr,0.0225930909366658,0.01810693623092803
66,01.02.2021,10,2021,True,har_gpr,0.0226674011377575,0.017917753057166176
66,02.02.2021,10,2021,True,har_gpr,0.0225718067546452,0.01767842632517946
66,03.02.2021,10,2021,True,har_gpr,0.0224986172370338,0.018440020753836096
66,04.02.2021,10,2021,True,har_gpr,0.0224931107495055,0.01729821832725336
66,05.02.2021,10,2021,True,har_gpr,0.0225069643629683,0.016477349286596936
66,08.02.2021,10,2021,True,har_gpr,0.0228136612576402,0.01650731941834545
66,09.02.2021,10,2021,True,har_gpr,0.0229715401566842,0.016865381465681034
66,10.02.2021,10,2021,True,har_gpr,0.0229924580308948,0.01636339342064468
66,11.02.2021,10,2021,True,har_gpr,0.0230287948297251,0.01613277373053347
66,12.02.2021,10,2021,True,har_gpr,0.0232359065549335,0.016409913435092828
66,16.02.2021,10,2021,True,har_gpr,0.0233657321956823,0.017355323184942775
66,17.02.2021,10,2021,True,har_gpr,0.0234197232156115,0.016167320048896774
66,18.02.2021,10,2021,True,har_gpr,0.0236812788326565,0.016261433954916908
66,19.02.2021,10,2021,True,har_gpr,0.023585095959949,0.01639415848326369
66,22.02.2021,10,2021,True,har_gpr,0.0231767173850866,0.017501555522216453
66,23.02.2021,10,2021,True,har_gpr,0.0231957687922077,0.019043052181037814
66,24.02.2021,10,2021,True,har_gpr,0.0229971558647866,0.017884779499581983
66,25.02.2021,10,2021,True,har_gpr,0.0230165577108933,0.019009185331245983
66,26.02.2021,10,2021,True,har_gpr,0.0230377292435338,0.018171018562868065
66,01.03.2021,10,2021,True,har_gpr,0.0225247885378886,0.01846707225698653
66,02.03.2021,10,2021,True,har_gpr,0.022432477331522,0.02121524921919878
66,03.03.2021,10,2021,True,har_gpr,0.0223174592981137,0.020716806105963437
66,04.03.2021,10,2021,True,har_gpr,0.0218027329123794,0.02080106496945914
66,05.03.2021,10,2021,True,har_gpr,0.0212983404225377,0.023122154481147027
66,08.03.2021,10,2021,True,har_gpr,0.0211972739375478,0.023877355618520172
66,09.03.2021,10,2021,True,har_gpr,0.0211487954422779,0.02257594201180861
66,10.03.2021,10,2021,True,har_gpr,0.0211419278205481,0.022272277189102036
66,11.03.2021,10,2021,True,har_gpr,0.0210044163346863,0.022090450078169004
66,12.03.2021,10,2021,True,har_gpr,0.0209939644590931,0.02249960173119635
66,15.03.2021,10,2021,True,har_gpr,0.0211097756215201,0.021055169880779084
66,16.03.2021,10,2021,True,har_gpr,0.0210943048687865,0.020591204549993095
66,17.03.2021,10,2021,True,har_gpr,0.0211873246336012,0.020598490582267835
66,18.03.2021,10,2021,True,har_gpr,0.0191037711690993,0.02055699177459473
66,19.03.2021,10,2021,True,har_gpr,0.0189880089961009,0.02656775706144369
66,22.03.2021,10,2021,True,har_gpr,0.0189903103864165,0.02535549516869796
66,23.03.2021,10,2021,True,har_gpr,0.0172643668751119,0.024437137849525004
66,24.03.2021,10,2021,True,har_gpr,0.0161070486082355,0.02825926914176488
66,25.03.2021,10,2021,True,har_gpr,0.0152640797073052,0.03066505348489576
66,26.03.2021,10,2021,True,har_gpr,0.0144864357378186,0.02948588411663019
66,29.03.2021,10,2021,True,har_gpr,0.0145045542966933,0.03048553955045423
66,30.03.2021,10,2021,True,har_gpr,0.0143787020350813,0.029253787105948496
66,31.03.2021,10,2021,True,har_gpr,0.0146161601177288,0.028136080843394563
66,01.04.2021,10,2021,True,har_gpr,0.0145901275457608,0.026776672676309607
66,05.04.2021,10,2021,True,har_gpr,0.0135111571368268,0.025980355952606282
66,06.04.2021,10,2021,True,har_gpr,0.013637478606303,0.026440371006404503
66,07.04.2021,10,2021,True,har_gpr,0.0136638775960248,0.02538609835013444
66,08.04.2021,10,2021,True,har_gpr,0.0137837274377514,0.0253528677664344
66,09.04.2021,10,2021,True,har_gpr,0.0141209263720069,0.02510125810734028
66,12.04.2021,10,2021,True,har_gpr,0.0143295462127292,0.024598089395437946
66,13.04.2021,10,2021,True,har_gpr,0.014321502208805,0.022887576038710604
66,14.04.2021,10,2021,True,har_gpr,0.0159460421289874,0.022861719799441
66,15.04.2021,10,2021,True,har_gpr,0.0159835028931597,0.026526219504698002
66,16.04.2021,10,2021,True,har_gpr,0.0167241001051261,0.02513544399850027
66,19.04.2021,10,2021,True,har_gpr,0.016904198221071,0.023458827276903283
66,20.04.2021,10,2021,True,har_gpr,0.0168727579876639,0.02364234884875398
66,21.04.2021,10,2021,True,har_gpr,0.0166809410258528,0.023979632721425604
66,22.04.2021,10,2021,True,har_gpr,0.016683010224796,0.021920866198983528
66,23.04.2021,10,2021,True,har_gpr,0.0166477239376571,0.02000688389073315
66,26.04.2021,10,2021,True,har_gpr,0.0167185489036342,0.019897394695719228
66,27.04.2021,10,2021,True,har_gpr,0.016678082218109,0.018664453316480666
66,28.04.2021,10,2021,True,har_gpr,0.0176463720912383,0.019077652903985803
66,29.04.2021,10,2021,True,har_gpr,0.017530545879682,0.018562683888418204
66,30.04.2021,10,2021,True,har_gpr,0.0177270127951066,0.018965798264761483
66,03.05.2021,10,2021,True,har_gpr,0.0177839801839508,0.019789010244110807
66,04.05.2021,10,2021,True,har_gpr,0.0176659824159993,0.018200032677955173
66,05.05.2021,10,2021,True,har_gpr,0.0179139398539619,0.018959850744275548
66,06.05.2021,10,2021,True,har_gpr,0.018058036020802,0.01832722418997138
66,07.05.2021,10,2021,True,har_gpr,0.0181055025512506,0.01880878538105145
66,10.05.2021,10,2021,True,har_gpr,0.0181081308969641,0.01799738865669964
66,11.05.2021,10,2021,True,har_gpr,0.0181532976885845,0.017578397408980075
66,12.05.2021,10,2021,True,har_gpr,0.0182065495719483,0.017121169012912274
66,13.05.2021,10,2021,True,har_gpr,0.0177473090469004,0.01643302347102087
66,14.05.2021,10,2021,True,har_gpr,0.0175511218953277,0.01904392686069252
66,17.05.2021,10,2021,True,har_gpr,0.0177913818570664,0.01956502883044286
66,18.05.2021,10,2021,True,har_gpr,0.0178957532094144,0.019362806195409147
66,19.05.2021,10,2021,True,har_gpr,0.0187167020644956,0.019514563338207523
66,20.05.2021,10,2021,True,har_gpr,0.0188919130792014,0.02081459520733789
66,21.05.2021,10,2021,True,har_gpr,0.0188432415595173,0.02064742715795208
66,24.05.2021,10,2021,True,har_gpr,0.018621253269325,0.020532810761631
66,25.05.2021,10,2021,True,har_gpr,0.0188176555331459,0.02203603453033919
66,26.05.2021,10,2021,True,har_gpr,0.0188471674572413,0.021026144039138446
66,27.05.2021,10,2021,True,har_gpr,0.0188409110382269,0.02028725196791281
66,28.05.2021,10,2021,True,har_gpr,0.0190013601347977,0.01934315889720542
66,01.06.2021,10,2021,True,har_gpr,0.0191251883952314,0.018911196341736703
66,02.06.2021,10,2021,True,har_gpr,0.019048633833735,0.01810573147561876
66,03.06.2021,10,2021,True,har_gpr,0.0191157514631366,0.018505418005704617
66,04.06.2021,10,2021,True,har_gpr,0.0191529167421562,0.018111174847402187
66,07.06.2021,10,2021,True,har_gpr,0.0192431794815618,0.018264992336309942
66,08.06.2021,10,2021,True,har_gpr,0.0193667490132531,0.018122245289186604
66,09.06.2021,10,2021,True,har_gpr,0.0193912009148631,0.018325717638739428
66,10.06.2021,10,2021,True,har_gpr,0.0193855478957802,0.017756725001632504
66,11.06.2021,10,2021,True,har_gpr,0.0196220003363945,0.01783525559721194
66,14.06.2021,10,2021,True,har_gpr,0.0196226908209368,0.016939660976856945
66,15.06.2021,10,2021,True,har_gpr,0.0195437338876551,0.016409753479113776
66,16.06.2021,10,2021,True,har_gpr,0.0196760575205552,0.017172105508345997
66,17.06.2021,10,2021,True,har_gpr,0.0195645578167202,0.01662324223943375
66,18.06.2021,10,2021,True,har_gpr,0.0197764325630532,0.017302953983895916
66,21.06.2021,10,2021,True,har_gpr,0.0197160371229411,0.01622731179078935
66,22.06.2021,10,2021,True,har_gpr,0.0197558244525648,0.017204059368307434
66,23.06.2021,10,2021,True,har_gpr,0.0198677982896886,0.015917413817562145
66,24.06.2021,10,2021,True,har_gpr,0.0198766270584111,0.01604398096771875
66,25.06.2021,10,2021,True,har_gpr,0.0198696831596524,0.015346758973333135
66,28.06.2021,10,2021,True,har_gpr,0.019708001094024,0.01545599705718348
66,29.06.2021,10,2021,True,har_gpr,0.0197382349702604,0.016886681337614857
66,30.06.2021,10,2021,True,har_gpr,0.0199487829329441,0.016223240401448333
66,01.07.2021,10,2021,True,har_gpr,0.0200055510441384,0.016203940462593852
66,02.07.2021,10,2021,True,har_gpr,0.0201429036735862,0.016463691442882494
66,06.07.2021,10,2021,True,har_gpr,0.0199752468543047,0.016211891405153476
66,07.07.2021,10,2021,True,har_gpr,0.0198761176395219,0.017238398761593256
66,08.07.2021,10,2021,True,har_gpr,0.0199232934867915,0.017334301404574683
66,09.07.2021,10,2021,True,har_gpr,0.0198130700977662,0.017293179893376736
66,12.07.2021,10,2021,True,har_gpr,0.0198031851352268,0.018139922184337555
66,13.07.2021,10,2021,True,har_gpr,0.0197297903401472,0.017828110803298672
66,14.07.2021,10,2021,True,har_gpr,0.0195220591652273,0.0181825111736879
66,15.07.2021,10,2021,True,har_gpr,0.0194001704805205,0.01897317170695244
66,16.07.2021,10,2021,True,har_gpr,0.01941791525788,0.01917173779836974
66,19.07.2021,10,2021,True,har_gpr,0.0172113674398076,0.018035384721101798
66,20.07.2021,10,2021,True,har_gpr,0.0173219894084169,0.024464245668802453
66,21.07.2021,10,2021,True,har_gpr,0.0167015404984274,0.02210428367682664
66,22.07.2021,10,2021,True,har_gpr,0.0165396819550881,0.02505230358142218
66,23.07.2021,10,2021,True,har_gpr,0.0165408116993964,0.024715782809959137
66,26.07.2021,10,2021,True,har_gpr,0.0167889724618404,0.0241306185330493
66,27.07.2021,10,2021,True,har_gpr,0.0167981765224608,0.02117052401678595
66,28.07.2021,10,2021,True,har_gpr,0.0167975697243086,0.021049531796925473
66,29.07.2021,10,2021,True,har_gpr,0.0166873474882949,0.02018247478902059
66,30.07.2021,10,2021,True,har_gpr,0.0166863980903164,0.020564619175201408
66,02.08.2021,10,2021,True,har_gpr,0.0161720096123174,0.02007496969762055
66,03.08.2021,10,2021,True,har_gpr,0.016320152194125,0.02440296156527615
66,04.08.2021,10,2021,True,har_gpr,0.0161746243621717,0.022909315377436217
66,05.08.2021,10,2021,True,har_gpr,0.0161393369382355,0.023983298934843838
66,06.08.2021,10,2021,True,har_gpr,0.0161695775619425,0.023338793460790343
66,09.08.2021,10,2021,True,har_gpr,0.0162166020293804,0.022851063088548628
66,10.08.2021,10,2021,True,har_gpr,0.016021978928351,0.02270210680693681
66,11.08.2021,10,2021,True,har_gpr,0.0160374530465766,0.023460654485542215
66,12.08.2021,10,2021,True,har_gpr,0.0160361528556325,0.02258869596848105
66,13.08.2021,10,2021,True,har_gpr,0.0159651342757495,0.022084010662403758
66,16.08.2021,10,2021,True,har_gpr,0.0162093238865198,0.02241535380309037
66,17.08.2021,10,2021,True,har_gpr,0.0162120692615251,0.020608223712978862
66,18.08.2021,10,2021,True,har_gpr,0.0165911714301203,0.01966109728297779
66,19.08.2021,10,2021,True,har_gpr,0.0162273901243379,0.018416469300803137
66,20.08.2021,10,2021,True,har_gpr,0.0163886464884588,0.01912212017769643
66,23.08.2021,10,2021,True,har_gpr,0.0151673818184938,0.018910610188153872
66,24.08.2021,10,2021,True,har_gpr,0.0213088449613606,0.02455054151725814
66,25.08.2021,10,2021,True,har_gpr,0.0212440179435853,0.024757230541706657
66,26.08.2021,10,2021,True,har_gpr,0.0217171595344479,0.024186621243447934
66,27.08.2021,10,2021,True,har_gpr,0.0217301806122741,0.02380081251539077
66,30.08.2021,10,2021,True,har_gpr,0.021744999113219,0.0235647689338608
66,31.08.2021,10,2021,True,har_gpr,0.0217410499167651,0.021624801985390386
66,01.09.2021,10,2021,True,har_gpr,0.0223179142473516,0.021206235925591965
66,02.09.2021,10,2021,True,har_gpr,0.0225251347782377,0.021674283570048792
66,03.09.2021,10,2021,True,har_gpr,0.022518166013069,0.021779483343189982
66,07.09.2021,10,2021,True,har_gpr,0.0225836407329828,0.02098839943722994
66,08.09.2021,10,2021,True,har_gpr,0.022562952467149,0.020927282285138994
66,09.09.2021,10,2021,True,har_gpr,0.022508950941654,0.020993750638568492
66,10.09.2021,10,2021,True,har_gpr,0.022404484870655,0.021076878939283363
66,13.09.2021,10,2021,True,har_gpr,0.0223846804519867,0.021409180203887986
66,14.09.2021,10,2021,True,har_gpr,0.0224628348655505,0.021009138500258442
66,15.09.2021,10,2021,True,har_gpr,0.0223874723322876,0.02037847306968537
66,16.09.2021,10,2021,True,har_gpr,0.0226318209896635,0.021626087540193534
66,17.09.2021,10,2021,True,har_gpr,0.0230252938982971,0.020104052360962632
66,20.09.2021,10,2021,True,har_gpr,0.0230072308439669,0.019808541814127015
66,21.09.2021,10,2021,True,har_gpr,0.0231319483223709,0.020580203048061754
66,22.09.2021,10,2021,True,har_gpr,0.0231045463504834,0.018977997459927953
66,23.09.2021,10,2021,True,har_gpr,0.0230496564409748,0.019332797132648266
66,24.09.2021,10,2021,True,har_gpr,0.0230163914511791,0.019037841361332773
66,27.09.2021,10,2021,True,har_gpr,0.0229060002837283,0.018645020345677794
66,28.09.2021,10,2021,True,har_gpr,0.0230230687045199,0.017747497887037268
66,29.09.2021,10,2021,True,har_gpr,0.0230917251012327,0.017835900530298217
66,30.09.2021,10,2021,True,har_gpr,0.0231440738879662,0.01784313368617221
66,01.10.2021,10,2021,True,har_gpr,0.0231460821180984,0.017309784953735457
66,04.10.2021,10,2021,True,har_gpr,0.0230159359595003,0.01741771688135441
66,05.10.2021,10,2021,True,har_gpr,0.0229343871908978,0.01829897783982625
66,06.10.2021,10,2021,True,har_gpr,0.0228642795733689,0.01775154147637403
66,07.10.2021,10,2021,True,har_gpr,0.0232244053317678,0.01866970476019056
66,08.10.2021,10,2021,True,har_gpr,0.0232556081757827,0.018047161223984576
66,11.10.2021,10,2021,True,har_gpr,0.0231844122384461,0.01773829248318554
66,12.10.2021,10,2021,True,har_gpr,0.0232926243445241,0.017885716254652063
66,13.10.2021,10,2021,True,har_gpr,0.0233739080972071,0.017366579897918566
66,14.10.2021,10,2021,True,har_gpr,0.0233786265759731,0.016570516377220564
66,15.10.2021,10,2021,True,har_gpr,0.0233496125469702,0.01680293759786052
66,18.10.2021,10,2021,True,har_gpr,0.0233465752567997,0.016799791557532542
66,19.10.2021,10,2021,True,har_gpr,0.0234421593051946,0.016473297193594267
66,20.10.2021,10,2021,True,har_gpr,0.0235750425111355,0.016576538964906008
66,21.10.2021,10,2021,True,har_gpr,0.0236217004605079,0.016207884060668486
66,22.10.2021,10,2021,True,har_gpr,0.0236083616271139,0.01711405850144781
66,25.10.2021,10,2021,True,har_gpr,0.0236172429728493,0.01701343069367827
66,26.10.2021,10,2021,True,har_gpr,0.0236609781880431,0.016406254575548448
66,27.10.2021,10,2021,True,har_gpr,0.0236823675137349,0.016267217458342566
66,28.10.2021,10,2021,True,har_gpr,0.0236795906982925,0.017734074867341625
66,29.10.2021,10,2021,True,har_gpr,0.0237747307837208,0.01696165613149961
66,01.11.2021,10,2021,True,har_gpr,0.0239303616390318,0.016670455014276487
66,02.11.2021,10,2021,True,har_gpr,0.0239486210804729,0.016458739253881433
66,03.11.2021,10,2021,True,har_gpr,0.0237311502717783,0.016080709154640625
66,04.11.2021,10,2021,True,har_gpr,0.0236211247022,0.018403169244662707
66,05.11.2021,10,2021,True,har_gpr,0.0234165011856659,0.018116366632140484
66,08.11.2021,10,2021,True,har_gpr,0.0237142277274104,0.01972039643279018
66,09.11.2021,10,2021,True,har_gpr,0.0237721082024428,0.018982449784526352
66,10.11.2021,10,2021,True,har_gpr,0.0239381997235608,0.019585259383194983
66,11.11.2021,10,2021,True,har_gpr,0.0240038863669706,0.020049934599184627
66,12.11.2021,10,2021,True,har_gpr,0.0241175687183064,0.018900389237936112
66,15.11.2021,10,2021,True,har_gpr,0.024119486946003,0.01864640137542523
66,16.11.2021,10,2021,True,har_gpr,0.0244513404074656,0.0184390460075922
66,17.11.2021,10,2021,True,har_gpr,0.0241862392762439,0.018148949695071345
66,18.11.2021,10,2021,True,har_gpr,0.0242869737821513,0.01920138198420275
66,19.11.2021,10,2021,True,har_gpr,0.0240206038004075,0.018988260339474768
66,22.11.2021,10,2021,True,har_gpr,0.0242441462059936,0.020329923273083656
66,23.11.2021,10,2021,True,har_gpr,0.0243735648804847,0.019947908593673323
66,24.11.2021,10,2021,True,har_gpr,0.0258189392006165,0.022034817910709655
66,26.11.2021,10,2021,True,har_gpr,0.0205796185369011,0.020297523400903086
66,29.11.2021,10,2021,True,har_gpr,0.0218888553257592,0.033891666829820345
66,30.11.2021,10,2021,True,har_gpr,0.021503496348484,0.02996382234307555
66,01.12.2021,10,2021,True,har_gpr,0.0214088474993322,0.03111625006071802
66,02.12.2021,10,2021,True,har_gpr,0.0283049901398986,0.029644697031765373
66,03.12.2021,10,2021,True,har_gpr,0.0284486072764631,0.029438034548298853
66,06.12.2021,10,2021,True,har_gpr,0.0282032774109274,0.02545209528588255
66,07.12.2021,10,2021,True,har_gpr,0.0289441797239234,0.02862270510479477
66,08.12.2021,10,2021,True,har_gpr,0.030303564454015,0.027778079561696013
66,09.12.2021,10,2021,True,har_gpr,0.0303089563050105,0.025797150907506727
66,10.12.2021,10,2021,True,har_gpr,0.0318684712854048,0.026996290721169536
66,13.12.2021,10,2021,True,har_gpr,0.0318197929859867,0.02667554191439718
66,14.12.2021,10,2021,True,har_gpr,0.032696466669272,0.026047767961615082
66,15.12.2021,10,2021,True,har_gpr,0.0327070836182039,0.025122174260497086
66,16.12.2021,10,2021,True,har_gpr,0.0331556829453917,0.02482146032009875
66,17.12.2021,10,2021,True,har_gpr,0.0331708520899175,0.02524713689208442
66,20.12.2021,10,2021,True,har_gpr,0.0328905564861961,0.02567869430136156
66,21.12.2021,10,2021,True,har_gpr,0.0340977098833579,0.02615858672523857
66,22.12.2021,10,2021,True,har_gpr,0.0342233619147825,0.027612550505832636
66,23.12.2021,10,2021,True,har_gpr,0.0342933523593773,0.026975439164273283
66,27.12.2021,10,2021,True,har_gpr,0.0349105595139615,0.027300496070589517
66,28.12.2021,10,2021,True,har_gpr,0.035222028344407,0.022511283451745086
66,29.12.2021,10,2021,True,har_gpr,0.0353603761804563,0.020361469238346894
66,30.12.2021,10,2021,True,har_gpr,0.0353938315240907,0.019321220075763056
66,31.12.2021,10,2021,True,har_gpr,0.0359931993110115,0.01894214639760398
66,04.01.2021,10,2021,True,har_x,0.0228344116329679,0.019344600624325938
66,05.01.2021,10,2021,True,har_x,0.022139929509762,0.021318745434225395
66,06.01.2021,10,2021,True,har_x,0.0221062211759896,0.022461155256410403
66,07.01.2021,10,2021,True,har_x,0.0227098224152937,0.021651906415491924
66,08.01.2021,10,2021,True,har_x,0.0224766387000361,0.02068346878252559
66,11.01.2021,10,2021,True,har_x,0.0224605879428562,0.021362179140157235
66,12.01.2021,10,2021,True,har_x,0.022396736881737,0.02036079992299488
66,13.01.2021,10,2021,True,har_x,0.0223815398571435,0.019587289312555514
66,14.01.2021,10,2021,True,har_x,0.0225324737916103,0.020421596846887716
66,15.01.2021,10,2021,True,har_x,0.0222995134824328,0.02065796218526826
66,19.01.2021,10,2021,True,har_x,0.0222744530993828,0.021558816344991696
66,20.01.2021,10,2021,True,har_x,0.0223050573584523,0.02001428613393015
66,21.01.2021,10,2021,True,har_x,0.0223326071940947,0.019773922391351454
66,22.01.2021,10,2021,True,har_x,0.0222879939869093,0.019452915668423998
66,25.01.2021,10,2021,True,har_x,0.0223657824304878,0.019943672023114794
66,26.01.2021,10,2021,True,har_x,0.0225332778579194,0.020814249096445667
66,27.01.2021,10,2021,True,har_x,0.0225269864088958,0.020313381554953953
66,28.01.2021,10,2021,True,har_x,0.0225948226941866,0.021086504246614082
66,29.01.2021,10,2021,True,har_x,0.0225930909366658,0.02121316675680894
66,01.02.2021,10,2021,True,har_x,0.0226674011377575,0.021030320184537998
66,02.02.2021,10,2021,True,har_x,0.0225718067546452,0.019992944596216942
66,03.02.2021,10,2021,True,har_x,0.0224986172370338,0.02027709700462782
66,04.02.2021,10,2021,True,har_x,0.0224931107495055,0.01968482354730308
66,05.02.2021,10,2021,True,har_x,0.0225069643629683,0.018842259055349878
66,08.02.2021,10,2021,True,har_x,0.0228136612576402,0.01873645982207304
66,09.02.2021,10,2021,True,har_x,0.0229715401566842,0.018891108106505888
66,10.02.2021,10,2021,True,har_x,0.0229924580308948,0.01845010073983676
66,11.02.2021,10,2021,True,har_x,0.0230287948297251,0.018434000525493474
66,12.02.2021,10,2021,True,har_x,0.0232359065549335,0.018774678564185365
66,16.02.2021,10,2021,True,har_x,0.0233657321956823,0.01913670777978692
66,17.02.2021,10,2021,True,har_x,0.0234197232156115,0.019099493749940213
66,18.02.2021,10,2021,True,har_x,0.0236812788326565,0.019591749037540993
66,19.02.2021,10,2021,True,har_x,0.023585095959949,0.019911432082384127
66,22.02.2021,10,2021,True,har_x,0.0231767173850866,0.02030762053863691
66,23.02.2021,10,2021,True,har_x,0.0231957687922077,0.021169143061821206
66,24.02.2021,10,2021,True,har_x,0.0229971558647866,0.02096758175580932
66,25.02.2021,10,2021,True,har_x,0.0230165577108933,0.02139075374942195
66,26.02.2021,10,2021,True,har_x,0.0230377292435338,0.021274559579399024
66,01.03.2021,10,2021,True,har_x,0.0225247885378886,0.02182141092466704
66,02.03.2021,10,2021,True,har_x,0.022432477331522,0.022842052720234006
66,03.03.2021,10,2021,True,har_x,0.0223174592981137,0.022164935920712284
66,04.03.2021,10,2021,True,har_x,0.0218027329123794,0.02188103496212783
66,05.03.2021,10,2021,True,har_x,0.0212983404225377,0.02227087760319679
66,08.03.2021,10,2021,True,har_x,0.0211972739375478,0.022379098511251812
66,09.03.2021,10,2021,True,har_x,0.0211487954422779,0.021859064825799936
66,10.03.2021,10,2021,True,har_x,0.0211419278205481,0.021464049722932158
66,11.03.2021,10,2021,True,har_x,0.0210044163346863,0.021282960859063973
66,12.03.2021,10,2021,True,har_x,0.0209939644590931,0.021424815685488232
66,15.03.2021,10,2021,True,har_x,0.0211097756215201,0.020590710384322353
66,16.03.2021,10,2021,True,har_x,0.0210943048687865,0.02146026490615882
66,17.03.2021,10,2021,True,har_x,0.0211873246336012,0.021376397955715384
66,18.03.2021,10,2021,True,har_x,0.0191037711690993,0.02094070445774703
66,19.03.2021,10,2021,True,har_x,0.0189880089961009,0.02610045527529223
66,22.03.2021,10,2021,True,har_x,0.0189903103864165,0.024637632182414323
66,23.03.2021,10,2021,True,har_x,0.0172643668751119,0.0233642547261318
66,24.03.2021,10,2021,True,har_x,0.0161070486082355,0.026928205852564883
66,25.03.2021,10,2021,True,har_x,0.0152640797073052,0.032141344564939785
66,26.03.2021,10,2021,True,har_x,0.0144864357378186,0.027592542965613115
66,29.03.2021,10,2021,True,har_x,0.0145045542966933,0.026707280162774655
66,30.03.2021,10,2021,True,har_x,0.0143787020350813,0.025941195994410315
66,31.03.2021,10,2021,True,har_x,0.0146161601177288,0.02456951825195442
66,01.04.2021,10,2021,True,har_x,0.0145901275457608,0.02489097277586228
66,05.04.2021,10,2021,True,har_x,0.0135111571368268,0.02311206634108032
66,06.04.2021,10,2021,True,har_x,0.013637478606303,0.02352094230430276
66,07.04.2021,10,2021,True,har_x,0.0136638775960248,0.023181508795244027
66,08.04.2021,10,2021,True,har_x,0.0137837274377514,0.022881202913971076
66,09.04.2021,10,2021,True,har_x,0.0141209263720069,0.02263001373791527
66,12.04.2021,10,2021,True,har_x,0.0143295462127292,0.02203513128945786
66,13.04.2021,10,2021,True,har_x,0.014321502208805,0.020696377673838844
66,14.04.2021,10,2021,True,har_x,0.0159460421289874,0.020196748372314697
66,15.04.2021,10,2021,True,har_x,0.0159835028931597,0.022009100269393903
66,16.04.2021,10,2021,True,har_x,0.0167241001051261,0.021027573213054925
66,19.04.2021,10,2021,True,har_x,0.016904198221071,0.02034059006352106
66,20.04.2021,10,2021,True,har_x,0.0168727579876639,0.021006617006873424
66,21.04.2021,10,2021,True,har_x,0.0166809410258528,0.021332803496788576
66,22.04.2021,10,2021,True,har_x,0.016683010224796,0.022272085371862094
66,23.04.2021,10,2021,True,har_x,0.0166477239376571,0.02097457104449186
66,26.04.2021,10,2021,True,har_x,0.0167185489036342,0.02097852616440868
66,27.04.2021,10,2021,True,har_x,0.016678082218109,0.020865965791703932
66,28.04.2021,10,2021,True,har_x,0.0176463720912383,0.020357051682801077
66,29.04.2021,10,2021,True,har_x,0.017530545879682,0.01955688712435186
66,30.04.2021,10,2021,True,har_x,0.0177270127951066,0.01972517992724191
66,03.05.2021,10,2021,True,har_x,0.0177839801839508,0.020683147031424
66,04.05.2021,10,2021,True,har_x,0.0176659824159993,0.02104869632843979
66,05.05.2021,10,2021,True,har_x,0.0179139398539619,0.020600053950825117
66,06.05.2021,10,2021,True,har_x,0.018058036020802,0.020626702207502023
66,07.05.2021,10,2021,True,har_x,0.0181055025512506,0.020626155515948767
66,10.05.2021,10,2021,True,har_x,0.0181081308969641,0.02019121599769964
66,11.05.2021,10,2021,True,har_x,0.0181532976885845,0.019794352867255696
66,12.05.2021,10,2021,True,har_x,0.0182065495719483,0.019495459356390722
66,13.05.2021,10,2021,True,har_x,0.0177473090469004,0.019287505117346435
66,14.05.2021,10,2021,True,har_x,0.0175511218953277,0.020601990407621902
66,17.05.2021,10,2021,True,har_x,0.0177913818570664,0.02043700289242445
66,18.05.2021,10,2021,True,har_x,0.0178957532094144,0.020696701316592403
66,19.05.2021,10,2021,True,har_x,0.0187167020644956,0.020915863068987826
66,20.05.2021,10,2021,True,har_x,0.0188919130792014,0.021888810462059826
66,21.05.2021,10,2021,True,har_x,0.0188432415595173,0.02185205070910549
66,24.05.2021,10,2021,True,har_x,0.018621253269325,0.021716110872778593
66,25.05.2021,10,2021,True,har_x,0.0188176555331459,0.021754740439812757
66,26.05.2021,10,2021,True,har_x,0.0188471674572413,0.021506475659631916
66,27.05.2021,10,2021,True,har_x,0.0188409110382269,0.020500955243778013
66,28.05.2021,10,2021,True,har_x,0.0190013601347977,0.019904871088065094
66,01.06.2021,10,2021,True,har_x,0.0191251883952314,0.01975175434390273
66,02.06.2021,10,2021,True,har_x,0.019048633833735,0.01926601138460712
66,03.06.2021,10,2021,True,har_x,0.0191157514631366,0.019322936670886654
66,04.06.2021,10,2021,True,har_x,0.0191529167421562,0.01945755093556367
66,07.06.2021,10,2021,True,har_x,0.0192431794815618,0.019007542417958132
66,08.06.2021,10,2021,True,har_x,0.0193667490132531,0.0182516689043559
66,09.06.2021,10,2021,True,har_x,0.0193912009148631,0.018397142038697852
66,10.06.2021,10,2021,True,har_x,0.0193855478957802,0.018076758021002635
66,11.06.2021,10,2021,True,har_x,0.0196220003363945,0.018430493082552978
66,14.06.2021,10,2021,True,har_x,0.0196226908209368,0.018109755357391503
66,15.06.2021,10,2021,True,har_x,0.0195437338876551,0.017818762150127204
66,16.06.2021,10,2021,True,har_x,0.0196760575205552,0.017771819584563787
66,17.06.2021,10,2021,True,har_x,0.0195645578167202,0.018136270160802534
66,18.06.2021,10,2021,True,har_x,0.0197764325630532,0.019440218371222378
66,21.06.2021,10,2021,True,har_x,0.0197160371229411,0.01842652255401714
66,22.06.2021,10,2021,True,har_x,0.0197558244525648,0.019651457593272723
66,23.06.2021,10,2021,True,har_x,0.0198677982896886,0.0190461656174758
66,24.06.2021,10,2021,True,har_x,0.0198766270584111,0.0192016883119161
66,25.06.2021,10,2021,True,har_x,0.0198696831596524,0.018125712360028686
66,28.06.2021,10,2021,True,har_x,0.019708001094024,0.017982874216442474
66,29.06.2021,10,2021,True,har_x,0.0197382349702604,0.018697606504476074
66,30.06.2021,10,2021,True,har_x,0.0199487829329441,0.018455201345401344
66,01.07.2021,10,2021,True,har_x,0.0200055510441384,0.01867427713375899
66,02.07.2021,10,2021,True,har_x,0.0201429036735862,0.018721024730083413
66,06.07.2021,10,2021,True,har_x,0.0199752468543047,0.018712261138490244
66,07.07.2021,10,2021,True,har_x,0.0198761176395219,0.02012600022202786
66,08.07.2021,10,2021,True,har_x,0.0199232934867915,0.02127622494765029
66,09.07.2021,10,2021,True,har_x,0.0198130700977662,0.020446614741445518
66,12.07.2021,10,2021,True,har_x,0.0198031851352268,0.02034369970166455
66,13.07.2021,10,2021,True,har_x,0.0197297903401472,0.020449592406654064
66,14.07.2021,10,2021,True,har_x,0.0195220591652273,0.01967200862003334
66,15.07.2021,10,2021,True,har_x,0.0194001704805205,0.020702937349420542
66,16.07.2021,10,2021,True,har_x,0.01941791525788,0.02073582815637342
66,19.07.2021,10,2021,True,har_x,0.0172113674398076,0.020013455675945053
66,20.07.2021,10,2021,True,har_x,0.0173219894084169,0.024771210239235317
66,21.07.2021,10,2021,True,har_x,0.0167015404984274,0.025264052797474335
66,22.07.2021,10,2021,True,har_x,0.0165396819550881,0.024131449971975454
66,23.07.2021,10,2021,True,har_x,0.0165408116993964,0.022323543391592652
66,26.07.2021,10,2021,True,har_x,0.0167889724618404,0.021470494731259317
66,27.07.2021,10,2021,True,har_x,0.0167981765224608,0.020101668224736403
66,28.07.2021,10,2021,True,har_x,0.0167975697243086,0.02000581624577613
66,29.07.2021,10,2021,True,har_x,0.0166873474882949,0.01934295859865818
66,30.07.2021,10,2021,True,har_x,0.0166863980903164,0.019126361206277417
66,02.08.2021,10,2021,True,har_x,0.0161720096123174,0.018796801357514218
66,03.08.2021,10,2021,True,har_x,0.016320152194125,0.022138468960315412
66,04.08.2021,10,2021,True,har_x,0.0161746243621717,0.02187101458797142
66,05.08.2021,10,2021,True,har_x,0.0161393369382355,0.023497250880784613
66,06.08.2021,10,2021,True,har_x,0.0161695775619425,0.02238518217505116
66,09.08.2021,10,2021,True,har_x,0.0162166020293804,0.02224454536302219
66,10.08.2021,10,2021,True,har_x,0.016021978928351,0.02235313019535438
66,11.08.2021,10,2021,True,har_x,0.0160374530465766,0.021754434572386988
66,12.08.2021,10,2021,True,har_x,0.0160361528556325,0.021079600728580183
66,13.08.2021,10,2021,True,har_x,0.0159651342757495,0.020417848083210767
66,16.08.2021,10,2021,True,har_x,0.0162093238865198,0.02040814324738274
66,17.08.2021,10,2021,True,har_x,0.0162120692615251,0.021612692476460388
66,18.08.2021,10,2021,True,har_x,0.0165911714301203,0.021280171891034105
66,19.08.2021,10,2021,True,har_x,0.0162273901243379,0.02120465108553384
66,20.08.2021,10,2021,True,har_x,0.0163886464884588,0.021599423607249795
66,23.08.2021,10,2021,True,har_x,0.0151673818184938,0.021418550824647633
66,24.08.2021,10,2021,True,har_x,0.0213088449613606,0.02398284429077332
66,25.08.2021,10,2021,True,har_x,0.0212440179435853,0.023527491858830813
66,26.08.2021,10,2021,True,har_x,0.0217171595344479,0.022928838814088685
66,27.08.2021,10,2021,True,har_x,0.0217301806122741,0.02292033196258755
66,30.08.2021,10,2021,True,har_x,0.021744999113219,0.022295033419822714
66,31.08.2021,10,2021,True,har_x,0.0217410499167651,0.02071450391718926
66,01.09.2021,10,2021,True,har_x,0.0223179142473516,0.020241117888314238
66,02.09.2021,10,2021,True,har_x,0.0225251347782377,0.02098658626376911
66,03.09.2021,10,2021,True,har_x,0.022518166013069,0.01979582883168688
66,07.09.2021,10,2021,True,har_x,0.0225836407329828,0.020825900247034575
66,08.09.2021,10,2021,True,har_x,0.022562952467149,0.019770839296630736
66,09.09.2021,10,2021,True,har_x,0.022508950941654,0.019616073125694994
66,10.09.2021,10,2021,True,har_x,0.022404484870655,0.020113640885969872
66,13.09.2021,10,2021,True,har_x,0.0223846804519867,0.0201322992075447
66,14.09.2021,10,2021,True,har_x,0.0224628348655505,0.01980225859093808
66,15.09.2021,10,2021,True,har_x,0.0223874723322876,0.019751311448881564
66,16.09.2021,10,2021,True,har_x,0.0226318209896635,0.019975421906660053
66,17.09.2021,10,2021,True,har_x,0.0230252938982971,0.0194482331066329
66,20.09.2021,10,2021,True,har_x,0.0230072308439669,0.019224782376207217
66,21.09.2021,10,2021,True,har_x,0.0231319483223709,0.020055512586138496
66,22.09.2021,10,2021,True,har_x,0.0231045463504834,0.01947428517079821
66,23.09.2021,10,2021,True,har_x,0.0230496564409748,0.019169767537396562
66,24.09.2021,10,2021,True,har_x,0.0230163914511791,0.019038897616615022
66,27.09.2021,10,2021,True,har_x,0.0229060002837283,0.019351423511067466
66,28.09.2021,10,2021,True,har_x,0.0230230687045199,0.01904233070791635
66,29.09.2021,10,2021,True,har_x,0.0230917251012327,0.01943382117384858
66,30.09.2021,10,2021,True,har_x,0.0231440738879662,0.019224399344896802
66,01.10.2021,10,2021,True,har_x,0.0231460821180984,0.0199403468249404
66,04.10.2021,10,2021,True,har_x,0.0230159359595003,0.01971214319729485
66,05.10.2021,10,2021,True,har_x,0.0229343871908978,0.020184446788236006
66,06.10.2021,10,2021,True,har_x,0.0228642795733689,0.019970373245804737
66,07.10.2021,10,2021,True,har_x,0.0232244053317678,0.021314864370837905
66,08.10.2021,10,2021,True,har_x,0.0232556081757827,0.022418970960898038
66,11.10.2021,10,2021,True,har_x,0.0231844122384461,0.020255685036225435
66,12.10.2021,10,2021,True,har_x,0.0232926243445241,0.0203946578111304
66,13.10.2021,10,2021,True,har_x,0.0233739080972071,0.019649122542409383
66,14.10.2021,10,2021,True,har_x,0.0233786265759731,0.019002203878293034
66,15.10.2021,10,2021,True,har_x,0.0233496125469702,0.019330781082886748
66,18.10.2021,10,2021,True,har_x,0.0233465752567997,0.018607511890225907
66,19.10.2021,10,2021,True,har_x,0.0234421593051946,0.0194671184395028
66,20.10.2021,10,2021,True,har_x,0.0235750425111355,0.01954242278525177
66,21.10.2021,10,2021,True,har_x,0.0236217004605079,0.01944067739869692
66,22.10.2021,10,2021,True,har_x,0.0236083616271139,0.020190882409426573
66,25.10.2021,10,2021,True,har_x,0.0236172429728493,0.020231711728956273
66,26.10.2021,10,2021,True,har_x,0.0236609781880431,0.019390872631919326
66,27.10.2021,10,2021,True,har_x,0.0236823675137349,0.019200897356474702
66,28.10.2021,10,2021,True,har_x,0.0236795906982925,0.020329481198300404
66,29.10.2021,10,2021,True,har_x,0.0237747307837208,0.01986929785177085
66,01.11.2021,10,2021,True,har_x,0.0239303616390318,0.019896226320101927
66,02.11.2021,10,2021,True,har_x,0.0239486210804729,0.020014928912089166
66,03.11.2021,10,2021,True,har_x,0.0237311502717783,0.019585929728553286
66,04.11.2021,10,2021,True,har_x,0.0236211247022,0.02149345239112054
66,05.11.2021,10,2021,True,har_x,0.0234165011856659,0.02112503882283186
66,08.11.2021,10,2021,True,har_x,0.0237142277274104,0.021633953508455855
66,09.11.2021,10,2021,True,har_x,0.0237721082024428,0.020528810950174083
66,10.11.2021,10,2021,True,har_x,0.0239381997235608,0.02042624006464964
66,11.11.2021,10,2021,True,har_x,0.0240038863669706,0.020671083723044516
66,12.11.2021,10,2021,True,har_x,0.0241175687183064,0.019919552589405167
66,15.11.2021,10,2021,True,har_x,0.024119486946003,0.019731084749797165
66,16.11.2021,10,2021,True,har_x,0.0244513404074656,0.020625159982048853
66,17.11.2021,10,2021,True,har_x,0.0241862392762439,0.020015432371365875
66,18.11.2021,10,2021,True,har_x,0.0242869737821513,0.02016337400194515
66,19.11.2021,10,2021,True,har_x,0.0240206038004075,0.02109662595719932
66,22.11.2021,10,2021,True,har_x,0.0242441462059936,0.021533296857436993
66,23.11.2021,10,2021,True,har_x,0.0243735648804847,0.021120854296706244
66,24.11.2021,10,2021,True,har_x,0.0258189392006165,0.021591720622531663
66,26.11.2021,10,2021,True,har_x,0.0205796185369011,0.020743004838141735
66,29.11.2021,10,2021,True,har_x,0.0218888553257592,0.03382605414890372
66,30.11.2021,10,2021,True,har_x,0.021503496348484,0.03101081120950193
66,01.12.2021,10,2021,True,har_x,0.0214088474993322,0.03443788684495402
66,02.12.2021,10,2021,True,har_x,0.0283049901398986,0.03439231107048952
66,03.12.2021,10,2021,True,har_x,0.0284486072764631,0.029054927221865208
66,06.12.2021,10,2021,True,har_x,0.0282032774109274,0.02859807170468249
66,07.12.2021,10,2021,True,har_x,0.0289441797239234,0.028435294300210367
66,08.12.2021,10,2021,True,har_x,0.030303564454015,0.025839168094808306
66,09.12.2021,10,2021,True,har_x,0.0303089563050105,0.024115821081631534
66,10.12.2021,10,2021,True,har_x,0.0318684712854048,0.025330910453106318
66,13.12.2021,10,2021,True,har_x,0.0318197929859867,0.024870731889690526
66,14.12.2021,10,2021,True,har_x,0.032696466669272,0.024338916238311557
66,15.12.2021,10,2021,True,har_x,0.0327070836182039,0.026048937883358686
66,16.12.2021,10,2021,True,har_x,0.0331556829453917,0.026363186533805982
66,17.12.2021,10,2021,True,har_x,0.0331708520899175,0.02488866706881812
66,20.12.2021,10,2021,True,har_x,0.0328905564861961,0.024695006444137427
66,21.12.2021,10,2021,True,har_x,0.0340977098833579,0.027487883682905598
66,22.12.2021,10,2021,True,har_x,0.0342233619147825,0.026169213426347815
66,23.12.2021,10,2021,True,har_x,0.0342933523593773,0.024374120437581206
66,27.12.2021,10,2021,True,har_x,0.0349105595139615,0.023907146371792667
66,28.12.2021,10,2021,True,har_x,0.035222028344407,0.02315020269655351
66,29.12.2021,10,2021,True,har_x,0.0353603761804563,0.021395622541313337
66,30.12.2021,10,2021,True,har_x,0.0353938315240907,0.02088382979429977
66,31.12.2021,10,2021,True,har_x,0.0359931993110115,0.020841911916613873
126,04.01.2021,10,2021,True,har,0.0190363196702613,0.01870706415213019
126,05.01.2021,10,2021,True,har,0.0186684438248515,0.019159752926980304
126,06.01.2021,10,2021,True,har,0.0186549650757609,0.021683615516173493
126,07.01.2021,10,2021,True,har,0.0187134995997197,0.020899348730168205
126,08.01.2021,10,2021,True,har,0.018573057907314,0.02068673718199654
126,11.01.2021,10,2021,True,har,0.0186072178326577,0.02154956100008407
126,12.01.2021,10,2021,True,har,0.0187016765605578,0.020775596065697746
126,13.01.2021,10,2021,True,har,0.018755781607228,0.02044375052967628
126,14.01.2021,10,2021,True,har,0.0187519386216753,0.020566583290141667
126,15.01.2021,10,2021,True,har,0.0196899009342231,0.020487959942447544
126,19.01.2021,10,2021,True,har,0.0196731194054126,0.021137936180096583
126,20.01.2021,10,2021,True,har,0.0199769571356545,0.02110130886315108
126,21.01.2021,10,2021,True,har,0.0200506152917596,0.020686415984915836
126,22.01.2021,10,2021,True,har,0.020008709040294,0.020199121487155143
126,25.01.2021,10,2021,True,har,0.0200030500385964,0.020397930840344688
126,26.01.2021,10,2021,True,har,0.0200037407882462,0.019875110848735934
126,27.01.2021,10,2021,True,har,0.0200006822328789,0.019561729917240072
126,28.01.2021,10,2021,True,har,0.0200344051485092,0.019514302370516497
126,29.01.2021,10,2021,True,har,0.0200318079124964,0.019631674688091315
126,01.02.2021,10,2021,True,har,0.0204864331514369,0.019524663947436356
126,02.02.2021,10,2021,True,har,0.0204403811371097,0.019563291659545297
126,03.02.2021,10,2021,True,har,0.0205695254036571,0.019986191895410486
126,04.02.2021,10,2021,True,har,0.0205897371041547,0.019053596834185338
126,05.02.2021,10,2021,True,har,0.0205987357129599,0.018562278744887997
126,08.02.2021,10,2021,True,har,0.0206486876840837,0.018582852940406736
126,09.02.2021,10,2021,True,har,0.0207282856790433,0.01863140133926771
126,10.02.2021,10,2021,True,har,0.0207435980840952,0.01831862024625517
126,11.02.2021,10,2021,True,har,0.0207369913055972,0.018155624891230945
126,12.02.2021,10,2021,True,har,0.0206858438682364,0.01829504171746612
126,16.02.2021,10,2021,True,har,0.0207003654734817,0.018901485896754153
126,17.02.2021,10,2021,True,har,0.0206687700847024,0.01811777284291902
126,18.02.2021,10,2021,True,har,0.0206882439362583,0.018176620220897097
126,19.02.2021,10,2021,True,har,0.0207750587967473,0.018285239589759722
126,22.02.2021,10,2021,True,har,0.0205959094010414,0.01902883389309873
126,23.02.2021,10,2021,True,har,0.021136369376838,0.020057834858692426
126,24.02.2021,10,2021,True,har,0.0212194589290053,0.019377137419513166
126,25.02.2021,10,2021,True,har,0.0212673317598878,0.020078044612160492
126,26.02.2021,10,2021,True,har,0.0212955497390725,0.019584366610407838
126,01.03.2021,10,2021,True,har,0.0211074636413339,0.019798159328235594
126,02.03.2021,10,2021,True,har,0.0210677440258376,0.021536126271993146
126,03.03.2021,10,2021,True,har,0.0209970443116563,0.021297250516521513
126,04.03.2021,10,2021,True,har,0.0207679387179548,0.021358022660013496
126,05.03.2021,10,2021,True,har,0.0205611806765641,0.02283738683847709
126,08.03.2021,10,2021,True,har,0.0205141967199089,0.02338069196653978
126,09.03.2021,10,2021,True,har,0.020524365384341,0.02270228265207516
126,10.03.2021,10,2021,True,har,0.0205478472511069,0.02253332473527202
126,11.03.2021,10,2021,True,har,0.0204800334274149,0.02242446730008475
126,12.03.2021,10,2021,True,har,0.0205509306522845,0.022712629867146977
126,15.03.2021,10,2021,True,har,0.0205565015508673,0.021872809396459504
126,16.03.2021,10,2021,True,har,0.0205450835934348,0.021671161878378364
126,17.03.2021,10,2021,True,har,0.0206512992332454,0.021679763418068338
126,18.03.2021,10,2021,True,har,0.0195906807866835,0.02164778453071245
126,19.03.2021,10,2021,True,har,0.0195293008557145,0.02563537026520985
126,22.03.2021,10,2021,True,har,0.0196124871844722,0.024912668739675438
126,23.03.2021,10,2021,True,har,0.0188052435781751,0.02421998331355481
126,24.03.2021,10,2021,True,har,0.0182314364169694,0.02673874582448621
126,25.03.2021,10,2021,True,har,0.0179019296313384,0.028331957038633587
126,26.03.2021,10,2021,True,har,0.0175637905434192,0.027734880018315596
126,29.03.2021,10,2021,True,har,0.0176221417207653,0.028435712984414503
126,30.03.2021,10,2021,True,har,0.0175851274370323,0.02743132111784676
126,31.03.2021,10,2021,True,har,0.0175696157603446,0.0267896585849937
126,01.04.2021,10,2021,True,har,0.0174898519505102,0.02598334224455203
126,05.04.2021,10,2021,True,har,0.0170476100218729,0.025444096863526625
126,06.04.2021,10,2021,True,har,0.0171548753061121,0.02592366485305959
126,07.04.2021,10,2021,True,har,0.0171942228129531,0.025301850767352946
126,08.04.2021,10,2021,True,har,0.0172878659248322,0.0252853790396343
126,09.04.2021,10,2021,True,har,0.0172967997995073,0.025132292322763216
126,12.04.2021,10,2021,True,har,0.0172969865429937,0.024782860178781604
126,13.04.2021,10,2021,True,har,0.017332589914505,0.023780396841750245
126,14.04.2021,10,2021,True,har,0.0169116103639001,0.023774043556542116
126,15.04.2021,10,2021,True,har,0.0169135712656956,0.026059079556040848
126,16.04.2021,10,2021,True,har,0.0169244386511162,0.0252363049946007
126,19.04.2021,10,2021,True,har,0.0169395790580426,0.023879085658381975
126,20.04.2021,10,2021,True,har,0.0169358449991656,0.023841484347195747
126,21.04.2021,10,2021,True,har,0.0168431362588157,0.024043253735465328
126,22.04.2021,10,2021,True,har,0.0168530755121312,0.022561441196183325
126,23.04.2021,10,2021,True,har,0.0168976129227,0.021142881329034927
126,26.04.2021,10,2021,True,har,0.0168966635785539,0.020904386941640783
126,27.04.2021,10,2021,True,har,0.0168774598437158,0.020190135091793248
126,28.04.2021,10,2021,True,har,0.0168520930255346,0.020441763290490737
126,29.04.2021,10,2021,True,har,0.0169088699648036,0.02013419294827459
126,30.04.2021,10,2021,True,har,0.0168094964359426,0.020382668503919652
126,03.05.2021,10,2021,True,har,0.016807876753754,0.020877834151274748
126,04.05.2021,10,2021,True,har,0.0167347605264188,0.019508194794415835
126,05.05.2021,10,2021,True,har,0.016735258112984,0.01998640446551165
126,06.05.2021,10,2021,True,har,0.016966462017355,0.01961240101628248
126,07.05.2021,10,2021,True,har,0.0170530174675148,0.019939296433828035
126,10.05.2021,10,2021,True,har,0.017205108424172,0.019457885775201883
126,11.05.2021,10,2021,True,har,0.0172149753283091,0.01941862165412999
126,12.05.2021,10,2021,True,har,0.017242250102799,0.019157593244902245
126,13.05.2021,10,2021,True,har,0.0171305091988503,0.018466404075116228
126,14.05.2021,10,2021,True,har,0.0170081438145613,0.020195068468859236
126,17.05.2021,10,2021,True,har,0.0170101784518455,0.02057760028226811
126,18.05.2021,10,2021,True,har,0.0169768756599472,0.02036992745584181
126,19.05.2021,10,2021,True,har,0.0167386221554386,0.020469094933704506
126,20.05.2021,10,2021,True,har,0.0167755462548847,0.021315327480348697
126,21.05.2021,10,2021,True,har,0.0167181180647197,0.021295141576960854
126,24.05.2021,10,2021,True,har,0.0167482352325847,0.02126651958428061
126,25.05.2021,10,2021,True,har,0.0167672049325544,0.022110943264308333
126,26.05.2021,10,2021,True,har,0.0169929488877497,0.021501533180193978
126,27.05.2021,10,2021,True,har,0.0169819493705805,0.021062590385113152
126,28.05.2021,10,2021,True,har,0.0202818656581982,0.02049062021275091
126,01.06.2021,10,2021,True,har,0.0202853747706719,0.020183563850504644
126,02.06.2021,10,2021,True,har,0.0205522668163539,0.019766666424619536
126,03.06.2021,10,2021,True,har,0.0206659299767016,0.01998430378242346
126,04.06.2021,10,2021,True,har,0.0206793916693462,0.019748703589144385
126,07.06.2021,10,2021,True,har,0.0206758355549353,0.01981648499851119
126,08.06.2021,10,2021,True,har,0.0210410819060306,0.019934130397732844
126,09.06.2021,10,2021,True,har,0.0212296124294819,0.02006133108428401
126,10.06.2021,10,2021,True,har,0.0212310154322663,0.019729148077267226
126,11.06.2021,10,2021,True,har,0.0212974548131794,0.01976696311717625
126,14.06.2021,10,2021,True,har,0.0213137170571907,0.019056884035758455
126,15.06.2021,10,2021,True,har,0.0212900259191363,0.018697477040830544
126,16.06.2021,10,2021,True,har,0.0213007909545029,0.01915870547765669
126,17.06.2021,10,2021,True,har,0.0212425051438811,0.01880269463958822
126,18.06.2021,10,2021,True,har,0.0212797028723716,0.019072121439658515
126,21.06.2021,10,2021,True,har,0.0212905202473641,0.018271890548566434
126,22.06.2021,10,2021,True,har,0.0214302035363145,0.018638017201397655
126,23.06.2021,10,2021,True,har,0.0216404501678482,0.017741469150104966
126,24.06.2021,10,2021,True,har,0.0216932463878585,0.017815919502255403
126,25.06.2021,10,2021,True,har,0.0217582926562966,0.017415665145670674
126,28.06.2021,10,2021,True,har,0.0217750776731789,0.017479757605479023
126,29.06.2021,10,2021,True,har,0.0217777899263641,0.01845996270606854
126,30.06.2021,10,2021,True,har,0.0217759820439108,0.018060640482830757
126,01.07.2021,10,2021,True,har,0.0217611442310434,0.018014180652900762
126,02.07.2021,10,2021,True,har,0.0218305236472739,0.018173987029597723
126,06.07.2021,10,2021,True,har,0.0217823602156058,0.01802017033563475
126,07.07.2021,10,2021,True,har,0.0217661902705143,0.018818416795625955
126,08.07.2021,10,2021,True,har,0.0217681598816385,0.018908879980808098
126,09.07.2021,10,2021,True,har,0.0217414210756708,0.01889536809826443
126,12.07.2021,10,2021,True,har,0.0217375302349916,0.01944625700090468
126,13.07.2021,10,2021,True,har,0.0217082357740825,0.019183036245800374
126,14.07.2021,10,2021,True,har,0.0218183552396963,0.019439329120272235
126,15.07.2021,10,2021,True,har,0.0217754634276272,0.019966712042405785
126,16.07.2021,10,2021,True,har,0.0217776316230784,0.020122357549954617
126,19.07.2021,10,2021,True,har,0.020877793089546,0.01940839171767783
126,20.07.2021,10,2021,True,har,0.0209055306821711,0.02395011970464124
126,21.07.2021,10,2021,True,har,0.0206281883837023,0.02252308496663526
126,22.07.2021,10,2021,True,har,0.0205525951724152,0.02443638911737915
126,23.07.2021,10,2021,True,har,0.0205604773745676,0.024277982240829082
126,26.07.2021,10,2021,True,har,0.0206337979662053,0.02392999435211903
126,27.07.2021,10,2021,True,har,0.0207176310666524,0.02214850449319453
126,28.07.2021,10,2021,True,har,0.0207817220967646,0.022038335097904115
126,29.07.2021,10,2021,True,har,0.0207456396859751,0.021544735613900568
126,30.07.2021,10,2021,True,har,0.020752441914354,0.0218005407603652
126,02.08.2021,10,2021,True,har,0.0203358357134002,0.021503490746573966
126,03.08.2021,10,2021,True,har,0.0204395091332137,0.024151219501267716
126,04.08.2021,10,2021,True,har,0.0202606422497786,0.02323337976853843
126,05.08.2021,10,2021,True,har,0.020289133210728,0.023913505466241596
126,06.08.2021,10,2021,True,har,0.0203576945006292,0.02354170505407579
126,09.08.2021,10,2021,True,har,0.0202384531815968,0.023218800101025193
126,10.08.2021,10,2021,True,har,0.0202589696301601,0.023232845758992766
126,11.08.2021,10,2021,True,har,0.0202496918292971,0.0236898278230064
126,12.08.2021,10,2021,True,har,0.0202492726419114,0.023166130635158676
126,13.08.2021,10,2021,True,har,0.0204022555214995,0.02284838068586022
126,16.08.2021,10,2021,True,har,0.0204097626612516,0.02304932980658517
126,17.08.2021,10,2021,True,har,0.0206481526134322,0.021475345691916923
126,18.08.2021,10,2021,True,har,0.0206460531662935,0.020920060423477306
126,19.08.2021,10,2021,True,har,0.0205779797430465,0.020001428985992317
126,20.08.2021,10,2021,True,har,0.0204853252630514,0.02039675748868237
126,23.08.2021,10,2021,True,har,0.0201829395659353,0.020281484831801446
126,24.08.2021,10,2021,True,har,0.0200012698067678,0.023861191908630393
126,25.08.2021,10,2021,True,har,0.0200436299401715,0.024097685202458138
126,26.08.2021,10,2021,True,har,0.0200118601786854,0.02379106155066766
126,27.08.2021,10,2021,True,har,0.0200898220490943,0.02354994925057949
126,30.08.2021,10,2021,True,har,0.0203356097157148,0.02347803864183097
126,31.08.2021,10,2021,True,har,0.0212612460196841,0.022134345865910968
126,01.09.2021,10,2021,True,har,0.0212862442950734,0.021890506873782762
126,02.09.2021,10,2021,True,har,0.0219788997796721,0.022120817834864172
126,03.09.2021,10,2021,True,har,0.0222266322268212,0.022204730253831025
126,07.09.2021,10,2021,True,har,0.0223762013660686,0.02173708176926746
126,08.09.2021,10,2021,True,har,0.0258547563081117,0.021700600392898735
126,09.09.2021,10,2021,True,har,0.0258574980490083,0.021702533864741844
126,10.09.2021,10,2021,True,har,0.0259230644931209,0.021770571437773008
126,13.09.2021,10,2021,True,har,0.0263952722716232,0.022006291204331792
126,14.09.2021,10,2021,True,har,0.0271340260790318,0.021724883878218998
126,15.09.2021,10,2021,True,har,0.0271252059923579,0.021323888850451007
126,16.09.2021,10,2021,True,har,0.0280966281131234,0.022092742626003217
126,17.09.2021,10,2021,True,har,0.0281014774416827,0.021175910309412925
126,20.09.2021,10,2021,True,har,0.0286390034550865,0.020901728255403373
126,21.09.2021,10,2021,True,har,0.0286413195332229,0.021501172036470256
126,22.09.2021,10,2021,True,har,0.028902505490595,0.02027487180807789
126,23.09.2021,10,2021,True,har,0.028973917697414,0.020428477863615308
126,24.09.2021,10,2021,True,har,0.0289804289719037,0.02024178692541225
126,27.09.2021,10,2021,True,har,0.0296801908850899,0.019957095169289507
126,28.09.2021,10,2021,True,har,0.0297416451692073,0.019433854602646378
126,29.09.2021,10,2021,True,har,0.0298229340364117,0.019485616873323175
126,30.09.2021,10,2021,True,har,0.0301918810153416,0.019489775684452478
126,01.10.2021,10,2021,True,har,0.0303515667337202,0.019095431936497088
126,04.10.2021,10,2021,True,har,0.0303842178536477,0.01912577270986085
126,05.10.2021,10,2021,True,har,0.030373691797646,0.01974624540631893
126,06.10.2021,10,2021,True,har,0.0307252557672217,0.01937923265844213
126,07.10.2021,10,2021,True,har,0.0307203248318093,0.020000678576653514
126,08.10.2021,10,2021,True,har,0.0307703425861807,0.01955971245756302
126,11.10.2021,10,2021,True,har,0.0309999387395732,0.019345253161582934
126,12.10.2021,10,2021,True,har,0.0314454242020138,0.01945002032884075
126,13.10.2021,10,2021,True,har,0.0316145993399873,0.01917152625320783
126,14.10.2021,10,2021,True,har,0.0316818635054321,0.01866060610287825
126,15.10.2021,10,2021,True,har,0.0316884475472426,0.01880181450512275
126,18.10.2021,10,2021,True,har,0.0320694675100769,0.01878585365869655
126,19.10.2021,10,2021,True,har,0.0320679411170315,0.018370343734135715
126,20.10.2021,10,2021,True,har,0.0320812855295531,0.018432172900768998
126,21.10.2021,10,2021,True,har,0.0320872609596943,0.018153632485139383
126,22.10.2021,10,2021,True,har,0.0323073150481491,0.018741359391463614
126,25.10.2021,10,2021,True,har,0.0323782395896187,0.018681355095830413
126,26.10.2021,10,2021,True,har,0.032377292037987,0.018380919731712294
126,27.10.2021,10,2021,True,har,0.0323591405190082,0.018280523264764294
126,28.10.2021,10,2021,True,har,0.0323807075085014,0.019244989321931836
126,29.10.2021,10,2021,True,har,0.0324214977394872,0.018793301468466535
126,01.11.2021,10,2021,True,har,0.032506672569372,0.01861842022417339
126,02.11.2021,10,2021,True,har,0.032767717982807,0.018343105918527454
126,03.11.2021,10,2021,True,har,0.0326205235202784,0.018079839884034957
126,04.11.2021,10,2021,True,har,0.0325840213962511,0.01959397573613285
126,05.11.2021,10,2021,True,har,0.0329700440375221,0.019456171287427555
126,08.11.2021,10,2021,True,har,0.0331148806108877,0.020506256961054833
126,09.11.2021,10,2021,True,har,0.0333489131836645,0.020072252702702926
126,10.11.2021,10,2021,True,har,0.0332585271756278,0.02046266521038654
126,11.11.2021,10,2021,True,har,0.033407397635659,0.020838769698292053
126,12.11.2021,10,2021,True,har,0.0334474994853716,0.020149707144834505
126,15.11.2021,10,2021,True,har,0.0335086147558526,0.01999661821412123
126,16.11.2021,10,2021,True,har,0.0336005393285598,0.0197838816722044
126,17.11.2021,10,2021,True,har,0.0335702781991626,0.019608985680781586
126,18.11.2021,10,2021,True,har,0.0335604774257003,0.02029564229932559
126,19.11.2021,10,2021,True,har,0.0334404853915232,0.02017523287112898
126,22.11.2021,10,2021,True,har,0.0334342995471841,0.02102776088824903
126,23.11.2021,10,2021,True,har,0.0333300947824586,0.02080453606289612
126,24.11.2021,10,2021,True,har,0.0334123465353917,0.022170880554060326
126,26.11.2021,10,2021,True,har,0.0314615049747094,0.02110625855333681
126,29.11.2021,10,2021,True,har,0.0315311910059997,0.030260136152852703
126,30.11.2021,10,2021,True,har,0.0317251445910638,0.02811125889278912
126,01.12.2021,10,2021,True,har,0.0316291618270367,0.028852483334463955
126,02.12.2021,10,2021,True,har,0.0316455417476621,0.028006387667899826
126,03.12.2021,10,2021,True,har,0.0316499394185301,0.02787093019070441
126,06.12.2021,10,2021,True,har,0.0314431420556725,0.02558105160955311
126,07.12.2021,10,2021,True,har,0.0313991071901523,0.027414641132006673
126,08.12.2021,10,2021,True,har,0.0314071255993504,0.027000077139792224
126,09.12.2021,10,2021,True,har,0.0313625045318781,0.025823734079784444
126,10.12.2021,10,2021,True,har,0.0313585096538933,0.026505379803516534
126,13.12.2021,10,2021,True,har,0.0313546355539242,0.02632571968459716
126,14.12.2021,10,2021,True,har,0.0314189031258031,0.025996226492341158
126,15.12.2021,10,2021,True,har,0.0314250949299126,0.025465354873133693
126,16.12.2021,10,2021,True,har,0.0318779454828838,0.025285734095745416
126,17.12.2021,10,2021,True,har,0.0318207186528334,0.02553245891846373
126,20.12.2021,10,2021,True,har,0.0318065195050482,0.025783022031266024
126,21.12.2021,10,2021,True,har,0.0317331120371123,0.02615305308306925
126,22.12.2021,10,2021,True,har,0.0317816507801293,0.027070615377250144
126,23.12.2021,10,2021,True,har,0.0317688578886934,0.026639819330709108
126,27.12.2021,10,2021,True,har,0.0317806169479979,0.026865839793435046
126,28.12.2021,10,2021,True,har,0.0318204511184493,0.022932775000478092
126,29.12.2021,10,2021,True,har,0.0318508119886884,0.021684313558985816
126,30.12.2021,10,2021,True,har,0.0319702675670838,0.020873721210484905
126,31.12.2021,10,2021,True,har,0.0328057486524351,0.02054585783280887
126,04.01.2021,10,2021,True,har_ovx,0.0190363196702613,0.020323553259844668
126,05.01.2021,10,2021,True,har_ovx,0.0186684438248515,0.02115247959639817
126,06.01.2021,10,2021,True,har_ovx,0.0186549650757609,0.022221063904095645
126,07.01.2021,10,2021,True,har_ovx,0.0187134995997197,0.021705496970179376
126,08.01.2021,10,2021,True,har_ovx,0.018573057907314,0.021166333497476
126,11.01.2021,10,2021,True,har_ovx,0.0186072178326577,0.021660267365922675
126,12.01.2021,10,2021,True,har_ovx,0.0187016765605578,0.021093937689215015
126,13.01.2021,10,2021,True,har_ovx,0.018755781607228,0.020655783725416373
126,14.01.2021,10,2021,True,har_ovx,0.0187519386216753,0.02113931916706137
126,15.01.2021,10,2021,True,har_ovx,0.0196899009342231,0.021258528178311722
126,19.01.2021,10,2021,True,har_ovx,0.0196731194054126,0.021886216875321732
126,20.01.2021,10,2021,True,har_ovx,0.0199769571356545,0.021201756903361513
126,21.01.2021,10,2021,True,har_ovx,0.0200506152917596,0.021027410440091283
126,22.01.2021,10,2021,True,har_ovx,0.020008709040294,0.020712319547695535
126,25.01.2021,10,2021,True,har_ovx,0.0200030500385964,0.020973597541186845
126,26.01.2021,10,2021,True,har_ovx,0.0200037407882462,0.020923541728178677
126,27.01.2021,10,2021,True,har_ovx,0.0200006822328789,0.02063124746401001
126,28.01.2021,10,2021,True,har_ovx,0.0200344051485092,0.021027654795735453
126,29.01.2021,10,2021,True,har_ovx,0.0200318079124964,0.02111639441326882
126,01.02.2021,10,2021,True,har_ovx,0.0204864331514369,0.02101136081912009
126,02.02.2021,10,2021,True,har_ovx,0.0204403811371097,0.020887352276341097
126,03.02.2021,10,2021,True,har_ovx,0.0205695254036571,0.021053438218655185
126,04.02.2021,10,2021,True,har_ovx,0.0205897371041547,0.020421122842335056
126,05.02.2021,10,2021,True,har_ovx,0.0205987357129599,0.019918825513306017
126,08.02.2021,10,2021,True,har_ovx,0.0206486876840837,0.0198656549948199
126,09.02.2021,10,2021,True,har_ovx,0.0207282856790433,0.019833202091098512
126,10.02.2021,10,2021,True,har_ovx,0.0207435980840952,0.019555933896885702
126,11.02.2021,10,2021,True,har_ovx,0.0207369913055972,0.01950919250306846
126,12.02.2021,10,2021,True,har_ovx,0.0206858438682364,0.01968509710802579
126,16.02.2021,10,2021,True,har_ovx,0.0207003654734817,0.019974381632238268
126,17.02.2021,10,2021,True,har_ovx,0.0206687700847024,0.01972192044439708
126,18.02.2021,10,2021,True,har_ovx,0.0206882439362583,0.019994933035425964
126,19.02.2021,10,2021,True,har_ovx,0.0207750587967473,0.020207056596729545
126,22.02.2021,10,2021,True,har_ovx,0.0205959094010414,0.020566165736639254
126,23.02.2021,10,2021,True,har_ovx,0.021136369376838,0.02120137735383925
126,24.02.2021,10,2021,True,har_ovx,0.0212194589290053,0.02104303040582608
126,25.02.2021,10,2021,True,har_ovx,0.0212673317598878,0.0213616555971887
126,26.02.2021,10,2021,True,har_ovx,0.0212955497390725,0.021261209528197184
126,01.03.2021,10,2021,True,har_ovx,0.0211074636413339,0.02160659809083175
126,02.03.2021,10,2021,True,har_ovx,0.0210677440258376,0.0224480781358935
126,03.03.2021,10,2021,True,har_ovx,0.0209970443116563,0.022117188934317154
126,04.03.2021,10,2021,True,har_ovx,0.0207679387179548,0.02197768353560182
126,05.03.2021,10,2021,True,har_ovx,0.0205611806765641,0.02241722341596036
126,08.03.2021,10,2021,True,har_ovx,0.0205141967199089,0.02261327502743432
126,09.03.2021,10,2021,True,har_ovx,0.020524365384341,0.022538085130538846
126,10.03.2021,10,2021,True,har_ovx,0.0205478472511069,0.022320431076960544
126,11.03.2021,10,2021,True,har_ovx,0.0204800334274149,0.022213089983180653
126,12.03.2021,10,2021,True,har_ovx,0.0205509306522845,0.022350403635971676
126,15.03.2021,10,2021,True,har_ovx,0.0205565015508673,0.021839430327945022
126,16.03.2021,10,2021,True,har_ovx,0.0205450835934348,0.021978985552502113
126,17.03.2021,10,2021,True,har_ovx,0.0206512992332454,0.021937614622803105
126,18.03.2021,10,2021,True,har_ovx,0.0195906807866835,0.02169416117358964
126,19.03.2021,10,2021,True,har_ovx,0.0195293008557145,0.02521040442613077
126,22.03.2021,10,2021,True,har_ovx,0.0196124871844722,0.02436731800774227
126,23.03.2021,10,2021,True,har_ovx,0.0188052435781751,0.02349309666994536
126,24.03.2021,10,2021,True,har_ovx,0.0182314364169694,0.02585843197355065
126,25.03.2021,10,2021,True,har_ovx,0.0179019296313384,0.02896767619518448
126,26.03.2021,10,2021,True,har_ovx,0.0175637905434192,0.02655636766169325
126,29.03.2021,10,2021,True,har_ovx,0.0176221417207653,0.026242772501422058
126,30.03.2021,10,2021,True,har_ovx,0.0175851274370323,0.025671971251012
126,31.03.2021,10,2021,True,har_ovx,0.0175696157603446,0.024885799511255545
126,01.04.2021,10,2021,True,har_ovx,0.0174898519505102,0.02497941088044854
126,05.04.2021,10,2021,True,har_ovx,0.0170476100218729,0.0239063231421711
126,06.04.2021,10,2021,True,har_ovx,0.0171548753061121,0.024396210273769644
126,07.04.2021,10,2021,True,har_ovx,0.0171942228129531,0.024166728107787902
126,08.04.2021,10,2021,True,har_ovx,0.0172878659248322,0.02400735063931868
126,09.04.2021,10,2021,True,har_ovx,0.0172967997995073,0.023855798410045665
126,12.04.2021,10,2021,True,har_ovx,0.0172969865429937,0.023455398646552352
126,13.04.2021,10,2021,True,har_ovx,0.017332589914505,0.022529635385335617
126,14.04.2021,10,2021,True,har_ovx,0.0169116103639001,0.02226764646800846
126,15.04.2021,10,2021,True,har_ovx,0.0169135712656956,0.02355359666496114
126,16.04.2021,10,2021,True,har_ovx,0.0169244386511162,0.02295962767002236
126,19.04.2021,10,2021,True,har_ovx,0.0169395790580426,0.022141052840684686
126,20.04.2021,10,2021,True,har_ovx,0.0169358449991656,0.022436092844018023
126,21.04.2021,10,2021,True,har_ovx,0.0168431362588157,0.022632138841561542
126,22.04.2021,10,2021,True,har_ovx,0.0168530755121312,0.022759037577003576
126,23.04.2021,10,2021,True,har_ovx,0.0168976129227,0.021680198595618642
126,26.04.2021,10,2021,True,har_ovx,0.0168966635785539,0.021504575196125482
126,27.04.2021,10,2021,True,har_ovx,0.0168774598437158,0.021516686580985905
126,28.04.2021,10,2021,True,har_ovx,0.0168520930255346,0.021272006548426096
126,29.04.2021,10,2021,True,har_ovx,0.0169088699648036,0.020808524895134628
126,30.04.2021,10,2021,True,har_ovx,0.0168094964359426,0.020929720552438805
126,03.05.2021,10,2021,True,har_ovx,0.016807876753754,0.02150049342126368
126,04.05.2021,10,2021,True,har_ovx,0.0167347605264188,0.021097893878307693
126,05.05.2021,10,2021,True,har_ovx,0.016735258112984,0.020922764211909473
126,06.05.2021,10,2021,True,har_ovx,0.016966462017355,0.020907479789829434
126,07.05.2021,10,2021,True,har_ovx,0.0170530174675148,0.020971368621229804
126,10.05.2021,10,2021,True,har_ovx,0.017205108424172,0.02069275730804453
126,11.05.2021,10,2021,True,har_ovx,0.0172149753283091,0.02072352327992118
126,12.05.2021,10,2021,True,har_ovx,0.017242250102799,0.02054439188309059
126,13.05.2021,10,2021,True,har_ovx,0.0171305091988503,0.02011529049370622
126,14.05.2021,10,2021,True,har_ovx,0.0170081438145613,0.021143197648651593
126,17.05.2021,10,2021,True,har_ovx,0.0170101784518455,0.021159601890425796
126,18.05.2021,10,2021,True,har_ovx,0.0169768756599472,0.021061060093347912
126,19.05.2021,10,2021,True,har_ovx,0.0167386221554386,0.021196819035698172
126,20.05.2021,10,2021,True,har_ovx,0.0167755462548847,0.02186281714776464
126,21.05.2021,10,2021,True,har_ovx,0.0167181180647197,0.021911933597290427
126,24.05.2021,10,2021,True,har_ovx,0.0167482352325847,0.021871257674934787
126,25.05.2021,10,2021,True,har_ovx,0.0167672049325544,0.021796122481961458
126,26.05.2021,10,2021,True,har_ovx,0.0169929488877497,0.021602630502150277
126,27.05.2021,10,2021,True,har_ovx,0.0169819493705805,0.02101701002742813
126,28.05.2021,10,2021,True,har_ovx,0.0202818656581982,0.0206267390431825
126,01.06.2021,10,2021,True,har_ovx,0.0202853747706719,0.02047185025526347
126,02.06.2021,10,2021,True,har_ovx,0.0205522668163539,0.02017381161401112
126,03.06.2021,10,2021,True,har_ovx,0.0206659299767016,0.020206907632838667
126,04.06.2021,10,2021,True,har_ovx,0.0206793916693462,0.020259774660080186
126,07.06.2021,10,2021,True,har_ovx,0.0206758355549353,0.020001347322905434
126,08.06.2021,10,2021,True,har_ovx,0.0210410819060306,0.020069633757954987
126,09.06.2021,10,2021,True,har_ovx,0.0212296124294819,0.020164571182877716
126,10.06.2021,10,2021,True,har_ovx,0.0212310154322663,0.019967331416513467
126,11.06.2021,10,2021,True,har_ovx,0.0212974548131794,0.020152295131915778
126,14.06.2021,10,2021,True,har_ovx,0.0213137170571907,0.019754414841644214
126,15.06.2021,10,2021,True,har_ovx,0.0212900259191363,0.01964785940543843
126,16.06.2021,10,2021,True,har_ovx,0.0213007909545029,0.01967175678178073
126,17.06.2021,10,2021,True,har_ovx,0.0212425051438811,0.019809523785054444
126,18.06.2021,10,2021,True,har_ovx,0.0212797028723716,0.020417557015003078
126,21.06.2021,10,2021,True,har_ovx,0.0212905202473641,0.019656002824437302
126,22.06.2021,10,2021,True,har_ovx,0.0214302035363145,0.01999310427926845
126,23.06.2021,10,2021,True,har_ovx,0.0216404501678482,0.019468696872175624
126,24.06.2021,10,2021,True,har_ovx,0.0216932463878585,0.01955784722697014
126,25.06.2021,10,2021,True,har_ovx,0.0217582926562966,0.018950513857807924
126,28.06.2021,10,2021,True,har_ovx,0.0217750776731789,0.018878265758212456
126,29.06.2021,10,2021,True,har_ovx,0.0217777899263641,0.01944977253175513
126,30.06.2021,10,2021,True,har_ovx,0.0217759820439108,0.019281338202381558
126,01.07.2021,10,2021,True,har_ovx,0.0217611442310434,0.01936278963812051
126,02.07.2021,10,2021,True,har_ovx,0.0218305236472739,0.019407244768673438
126,06.07.2021,10,2021,True,har_ovx,0.0217823602156058,0.01938514747536314
126,07.07.2021,10,2021,True,har_ovx,0.0217661902705143,0.02040690351894315
126,08.07.2021,10,2021,True,har_ovx,0.0217681598816385,0.021066407394416058
126,09.07.2021,10,2021,True,har_ovx,0.0217414210756708,0.020630196699065385
126,12.07.2021,10,2021,True,har_ovx,0.0217375302349916,0.020668481619357946
126,13.07.2021,10,2021,True,har_ovx,0.0217082357740825,0.02077664843326093
126,14.07.2021,10,2021,True,har_ovx,0.0218183552396963,0.020419303936455524
126,15.07.2021,10,2021,True,har_ovx,0.0217754634276272,0.021075325293864015
126,16.07.2021,10,2021,True,har_ovx,0.0217776316230784,0.021143421054084423
126,19.07.2021,10,2021,True,har_ovx,0.020877793089546,0.020654588018337968
126,20.07.2021,10,2021,True,har_ovx,0.0209055306821711,0.024191371901942465
126,21.07.2021,10,2021,True,har_ovx,0.0206281883837023,0.024312097245902647
126,22.07.2021,10,2021,True,har_ovx,0.0205525951724152,0.024025739453609085
126,23.07.2021,10,2021,True,har_ovx,0.0205604773745676,0.02308008841971509
126,26.07.2021,10,2021,True,har_ovx,0.0206337979662053,0.02259191097901553
126,27.07.2021,10,2021,True,har_ovx,0.0207176310666524,0.021690421019679263
126,28.07.2021,10,2021,True,har_ovx,0.0207817220967646,0.02159645384815995
126,29.07.2021,10,2021,True,har_ovx,0.0207456396859751,0.02120719082786623
126,30.07.2021,10,2021,True,har_ovx,0.020752441914354,0.021136360968715944
126,02.08.2021,10,2021,True,har_ovx,0.0203358357134002,0.020928675588558626
126,03.08.2021,10,2021,True,har_ovx,0.0204395091332137,0.022802691593171692
126,04.08.2021,10,2021,True,har_ovx,0.0202606422497786,0.02255395838709382
126,05.08.2021,10,2021,True,har_ovx,0.020289133210728,0.02352617020413213
126,06.08.2021,10,2021,True,har_ovx,0.0203576945006292,0.022905535613238295
126,09.08.2021,10,2021,True,har_ovx,0.0202384531815968,0.02277012831599084
126,10.08.2021,10,2021,True,har_ovx,0.0202589696301601,0.02325219831701026
126,11.08.2021,10,2021,True,har_ovx,0.0202496918292971,0.022982303381297087
126,12.08.2021,10,2021,True,har_ovx,0.0202492726419114,0.022565424864920906
126,13.08.2021,10,2021,True,har_ovx,0.0204022555214995,0.0221652212137974
126,16.08.2021,10,2021,True,har_ovx,0.0204097626612516,0.02218084973901982
126,17.08.2021,10,2021,True,har_ovx,0.0206481526134322,0.021832150591820428
126,18.08.2021,10,2021,True,har_ovx,0.0206460531662935,0.02160646876861429
126,19.08.2021,10,2021,True,har_ovx,0.0205779797430465,0.02131591022785494
126,20.08.2021,10,2021,True,har_ovx,0.0204853252630514,0.021542262122204475
126,23.08.2021,10,2021,True,har_ovx,0.0201829395659353,0.021444882867789
126,24.08.2021,10,2021,True,har_ovx,0.0200012698067678,0.023086666270933302
126,25.08.2021,10,2021,True,har_ovx,0.0200436299401715,0.02297157315155408
126,26.08.2021,10,2021,True,har_ovx,0.0200118601786854,0.022652376050137188
126,27.08.2021,10,2021,True,har_ovx,0.0200898220490943,0.02261314866401442
126,30.08.2021,10,2021,True,har_ovx,0.0203356097157148,0.022326244244656353
126,31.08.2021,10,2021,True,har_ovx,0.0212612460196841,0.021678412570173253
126,01.09.2021,10,2021,True,har_ovx,0.0212862442950734,0.021404649452566503
126,02.09.2021,10,2021,True,har_ovx,0.0219788997796721,0.02178272322021736
126,03.09.2021,10,2021,True,har_ovx,0.0222266322268212,0.02116893515401653
126,07.09.2021,10,2021,True,har_ovx,0.0223762013660686,0.021682917554264932
126,08.09.2021,10,2021,True,har_ovx,0.0258547563081117,0.02111780427630021
126,09.09.2021,10,2021,True,har_ovx,0.0258574980490083,0.02100230635593206
126,10.09.2021,10,2021,True,har_ovx,0.0259230644931209,0.021291787053920607
126,13.09.2021,10,2021,True,har_ovx,0.0263952722716232,0.021357236409763253
126,14.09.2021,10,2021,True,har_ovx,0.0271340260790318,0.021117126782267997
126,15.09.2021,10,2021,True,har_ovx,0.0271252059923579,0.021028805583071034
126,16.09.2021,10,2021,True,har_ovx,0.0280966281131234,0.021242503237243086
126,17.09.2021,10,2021,True,har_ovx,0.0281014774416827,0.020863185766549008
126,20.09.2021,10,2021,True,har_ovx,0.0286390034550865,0.02062927123499234
126,21.09.2021,10,2021,True,har_ovx,0.0286413195332229,0.021354284309450695
126,22.09.2021,10,2021,True,har_ovx,0.028902505490595,0.020684672983328052
126,23.09.2021,10,2021,True,har_ovx,0.028973917697414,0.020480173526278667
126,24.09.2021,10,2021,True,har_ovx,0.0289804289719037,0.020384800166939398
126,27.09.2021,10,2021,True,har_ovx,0.0296801908850899,0.020480782189120646
126,28.09.2021,10,2021,True,har_ovx,0.0297416451692073,0.020275333873691462
126,29.09.2021,10,2021,True,har_ovx,0.0298229340364117,0.020495255243480028
126,30.09.2021,10,2021,True,har_ovx,0.0301918810153416,0.020382831625295753
126,01.10.2021,10,2021,True,har_ovx,0.0303515667337202,0.020662533302290363
126,04.10.2021,10,2021,True,har_ovx,0.0303842178536477,0.02051062313771404
126,05.10.2021,10,2021,True,har_ovx,0.030373691797646,0.02079683792275852
126,06.10.2021,10,2021,True,har_ovx,0.0307252557672217,0.02061155386601726
126,07.10.2021,10,2021,True,har_ovx,0.0307203248318093,0.021462804804776785
126,08.10.2021,10,2021,True,har_ovx,0.0307703425861807,0.02195330896173254
126,11.10.2021,10,2021,True,har_ovx,0.0309999387395732,0.020742911251276613
126,12.10.2021,10,2021,True,har_ovx,0.0314454242020138,0.02083953364058335
126,13.10.2021,10,2021,True,har_ovx,0.0316145993399873,0.020507577330246076
126,14.10.2021,10,2021,True,har_ovx,0.0316818635054321,0.0200748144386729
126,15.10.2021,10,2021,True,har_ovx,0.0316884475472426,0.020266052834232263
126,18.10.2021,10,2021,True,har_ovx,0.0320694675100769,0.019862993133552276
126,19.10.2021,10,2021,True,har_ovx,0.0320679411170315,0.019798947454047866
126,20.10.2021,10,2021,True,har_ovx,0.0320812855295531,0.019845201699963087
126,21.10.2021,10,2021,True,har_ovx,0.0320872609596943,0.019710797271832718
126,22.10.2021,10,2021,True,har_ovx,0.0323073150481491,0.020214673882288474
126,25.10.2021,10,2021,True,har_ovx,0.0323782395896187,0.020231613312311336
126,26.10.2021,10,2021,True,har_ovx,0.032377292037987,0.019974359874638237
126,27.10.2021,10,2021,True,har_ovx,0.0323591405190082,0.019846803872383953
126,28.10.2021,10,2021,True,har_ovx,0.0323807075085014,0.02062613935269443
126,29.10.2021,10,2021,True,har_ovx,0.0324214977394872,0.020345711982352008
126,01.11.2021,10,2021,True,har_ovx,0.032506672569372,0.020341709404675234
126,02.11.2021,10,2021,True,har_ovx,0.032767717982807,0.020052217465953613
126,03.11.2021,10,2021,True,har_ovx,0.0326205235202784,0.019762659162809268
126,04.11.2021,10,2021,True,har_ovx,0.0325840213962511,0.021046631506666837
126,05.11.2021,10,2021,True,har_ovx,0.0329700440375221,0.02086814712509586
126,08.11.2021,10,2021,True,har_ovx,0.0331148806108877,0.021329106582706217
126,09.11.2021,10,2021,True,har_ovx,0.0333489131836645,0.021114179922382764
126,10.11.2021,10,2021,True,har_ovx,0.0332585271756278,0.02112365935926921
126,11.11.2021,10,2021,True,har_ovx,0.033407397635659,0.02137654416950304
126,12.11.2021,10,2021,True,har_ovx,0.0334474994853716,0.02090546216225852
126,15.11.2021,10,2021,True,har_ovx,0.0335086147558526,0.020784529809012853
126,16.11.2021,10,2021,True,har_ovx,0.0336005393285598,0.02071965498526665
126,17.11.2021,10,2021,True,har_ovx,0.0335702781991626,0.02037051000435489
126,18.11.2021,10,2021,True,har_ovx,0.0335604774257003,0.02056480317678205
126,19.11.2021,10,2021,True,har_ovx,0.0334404853915232,0.021065417543390225
126,22.11.2021,10,2021,True,har_ovx,0.0334342995471841,0.021428322551825772
126,23.11.2021,10,2021,True,har_ovx,0.0333300947824586,0.021270314882870907
126,24.11.2021,10,2021,True,har_ovx,0.0334123465353917,0.02176352592344103
126,26.11.2021,10,2021,True,har_ovx,0.0314615049747094,0.021182467431666248
126,29.11.2021,10,2021,True,har_ovx,0.0315311910059997,0.03003640024143936
126,30.11.2021,10,2021,True,har_ovx,0.0317251445910638,0.028721892706630836
126,01.12.2021,10,2021,True,har_ovx,0.0316291618270367,0.030678650415850543
126,02.12.2021,10,2021,True,har_ovx,0.0316455417476621,0.030598375676032838
126,03.12.2021,10,2021,True,har_ovx,0.0316499394185301,0.027706944066896003
126,06.12.2021,10,2021,True,har_ovx,0.0314431420556725,0.02729963037696965
126,07.12.2021,10,2021,True,har_ovx,0.0313991071901523,0.027118565331938446
126,08.12.2021,10,2021,True,har_ovx,0.0314071255993504,0.025760064385794427
126,09.12.2021,10,2021,True,har_ovx,0.0313625045318781,0.024723936874211105
126,10.12.2021,10,2021,True,har_ovx,0.0313585096538933,0.025415151987491176
126,13.12.2021,10,2021,True,har_ovx,0.0313546355539242,0.02516206188133666
126,14.12.2021,10,2021,True,har_ovx,0.0314189031258031,0.02490722692836422
126,15.12.2021,10,2021,True,har_ovx,0.0314250949299126,0.025790117975948358
126,16.12.2021,10,2021,True,har_ovx,0.0318779454828838,0.025942668476944413
126,17.12.2021,10,2021,True,har_ovx,0.0318207186528334,0.025164319135106084
126,20.12.2021,10,2021,True,har_ovx,0.0318065195050482,0.025078704381206074
126,21.12.2021,10,2021,True,har_ovx,0.0317331120371123,0.02691599937693801
126,22.12.2021,10,2021,True,har_ovx,0.0317816507801293,0.02634383902119654
126,23.12.2021,10,2021,True,har_ovx,0.0317688578886934,0.025295182872317214
126,27.12.2021,10,2021,True,har_ovx,0.0317806169479979,0.025094248782388476
126,28.12.2021,10,2021,True,har_ovx,0.0318204511184493,0.023235867578589565
126,29.12.2021,10,2021,True,har_ovx,0.0318508119886884,0.022196859679534567
126,30.12.2021,10,2021,True,har_ovx,0.0319702675670838,0.021672964529820878
126,31.12.2021,10,2021,True,har_ovx,0.0328057486524351,0.021529301647676823
126,04.01.2021,10,2021,True,har_gpr,0.0190363196702613,0.01895669473320132
126,05.01.2021,10,2021,True,har_gpr,0.0186684438248515,0.019291588654591716
126,06.01.2021,10,2021,True,har_gpr,0.0186549650757609,0.02180845663888783
126,07.01.2021,10,2021,True,har_gpr,0.0187134995997197,0.02101020404714858
126,08.01.2021,10,2021,True,har_gpr,0.018573057907314,0.020792308466533804
126,11.01.2021,10,2021,True,har_gpr,0.0186072178326577,0.021664813066283355
126,12.01.2021,10,2021,True,har_gpr,0.0187016765605578,0.021230281745082673
126,13.01.2021,10,2021,True,har_gpr,0.018755781607228,0.02091724889691127
126,14.01.2021,10,2021,True,har_gpr,0.0187519386216753,0.02103288852579242
126,15.01.2021,10,2021,True,har_gpr,0.0196899009342231,0.020953498972791845
126,19.01.2021,10,2021,True,har_gpr,0.0196731194054126,0.021612310720891734
126,20.01.2021,10,2021,True,har_gpr,0.0199769571356545,0.02141238307093828
126,21.01.2021,10,2021,True,har_gpr,0.0200506152917596,0.020996596891861043
126,22.01.2021,10,2021,True,har_gpr,0.020008709040294,0.020508314030874247
126,25.01.2021,10,2021,True,har_gpr,0.0200030500385964,0.020711144813710235
126,26.01.2021,10,2021,True,har_gpr,0.0200037407882462,0.020689405013119357
126,27.01.2021,10,2021,True,har_gpr,0.0200006822328789,0.02037704586593301
126,28.01.2021,10,2021,True,har_gpr,0.0200344051485092,0.020330342294534013
126,29.01.2021,10,2021,True,har_gpr,0.0200318079124964,0.020448866733380196
126,01.02.2021,10,2021,True,har_gpr,0.0204864331514369,0.02034599487657646
126,02.02.2021,10,2021,True,har_gpr,0.0204403811371097,0.019991722046549774
126,03.02.2021,10,2021,True,har_gpr,0.0205695254036571,0.020411801033018435
126,04.02.2021,10,2021,True,har_gpr,0.0205897371041547,0.019475933487733747
126,05.02.2021,10,2021,True,har_gpr,0.0205987357129599,0.01898632547128976
126,08.02.2021,10,2021,True,har_gpr,0.0206486876840837,0.019008429184752658
126,09.02.2021,10,2021,True,har_gpr,0.0207282856790433,0.018535731539814873
126,10.02.2021,10,2021,True,har_gpr,0.0207435980840952,0.018218669959316394
126,11.02.2021,10,2021,True,har_gpr,0.0207369913055972,0.01805491259254427
126,12.02.2021,10,2021,True,har_gpr,0.0206858438682364,0.0181879899194156
126,16.02.2021,10,2021,True,har_gpr,0.0207003654734817,0.018797972296350263
126,17.02.2021,10,2021,True,har_gpr,0.0206687700847024,0.018743176695970695
126,18.02.2021,10,2021,True,har_gpr,0.0206882439362583,0.01880168150494282
126,19.02.2021,10,2021,True,har_gpr,0.0207750587967473,0.018902362741244422
126,22.02.2021,10,2021,True,har_gpr,0.0205959094010414,0.019644845100599058
126,23.02.2021,10,2021,True,har_gpr,0.021136369376838,0.02091881494928081
126,24.02.2021,10,2021,True,har_gpr,0.0212194589290053,0.02022434504651835
126,25.02.2021,10,2021,True,har_gpr,0.0212673317598878,0.020932344392017733
126,26.02.2021,10,2021,True,har_gpr,0.0212955497390725,0.020430438156756887
126,01.03.2021,10,2021,True,har_gpr,0.0211074636413339,0.020650551799288944
126,02.03.2021,10,2021,True,har_gpr,0.0210677440258376,0.021502458567492916
126,03.03.2021,10,2021,True,har_gpr,0.0209970443116563,0.021254994980421233
126,04.03.2021,10,2021,True,har_gpr,0.0207679387179548,0.021320599890218932
126,05.03.2021,10,2021,True,har_gpr,0.0205611806765641,0.022791263842009264
126,08.03.2021,10,2021,True,har_gpr,0.0205141967199089,0.023328338131218086
126,09.03.2021,10,2021,True,har_gpr,0.020524365384341,0.02196417570172346
126,10.03.2021,10,2021,True,har_gpr,0.0205478472511069,0.02179522275866042
126,11.03.2021,10,2021,True,har_gpr,0.0204800334274149,0.021684424099639915
126,12.03.2021,10,2021,True,har_gpr,0.0205509306522845,0.02198728104036092
126,15.03.2021,10,2021,True,har_gpr,0.0205565015508673,0.021151891374016088
126,16.03.2021,10,2021,True,har_gpr,0.0205450835934348,0.02287367673204683
126,17.03.2021,10,2021,True,har_gpr,0.0206512992332454,0.022884435688859606
126,18.03.2021,10,2021,True,har_gpr,0.0195906807866835,0.022851278781851787
126,19.03.2021,10,2021,True,har_gpr,0.0195293008557145,0.026841629458280863
126,22.03.2021,10,2021,True,har_gpr,0.0196124871844722,0.026089239223964906
126,23.03.2021,10,2021,True,har_gpr,0.0188052435781751,0.025192421898372785
126,24.03.2021,10,2021,True,har_gpr,0.0182314364169694,0.027727434114037615
126,25.03.2021,10,2021,True,har_gpr,0.0179019296313384,0.02929511151651528
126,26.03.2021,10,2021,True,har_gpr,0.0175637905434192,0.028704848966094945
126,29.03.2021,10,2021,True,har_gpr,0.0176221417207653,0.0294011227080173
126,30.03.2021,10,2021,True,har_gpr,0.0175851274370323,0.02687884636844773
126,31.03.2021,10,2021,True,har_gpr,0.0175696157603446,0.026260350715814753
126,01.04.2021,10,2021,True,har_gpr,0.0174898519505102,0.025470013743367673
126,05.04.2021,10,2021,True,har_gpr,0.0170476100218729,0.024947374198456232
126,06.04.2021,10,2021,True,har_gpr,0.0171548753061121,0.026169798377166518
126,07.04.2021,10,2021,True,har_gpr,0.0171942228129531,0.02553357047037333
126,08.04.2021,10,2021,True,har_gpr,0.0172878659248322,0.02551532073277822
126,09.04.2021,10,2021,True,har_gpr,0.0172967997995073,0.02536015668529052
126,12.04.2021,10,2021,True,har_gpr,0.0172969865429937,0.025017315840228427
126,13.04.2021,10,2021,True,har_gpr,0.017332589914505,0.024399388547919003
126,14.04.2021,10,2021,True,har_gpr,0.0169116103639001,0.024394825785695753
126,15.04.2021,10,2021,True,har_gpr,0.0169135712656956,0.026669982351581058
126,16.04.2021,10,2021,True,har_gpr,0.0169244386511162,0.025832059368568153
126,19.04.2021,10,2021,True,har_gpr,0.0169395790580426,0.02447127326977249
126,20.04.2021,10,2021,True,har_gpr,0.0169358449991656,0.02361802236193126
126,21.04.2021,10,2021,True,har_gpr,0.0168431362588157,0.023817813277299604
126,22.04.2021,10,2021,True,har_gpr,0.0168530755121312,0.022357774324412407
126,23.04.2021,10,2021,True,har_gpr,0.0168976129227,0.020931181739934798
126,26.04.2021,10,2021,True,har_gpr,0.0168966635785539,0.02069092361837234
126,27.04.2021,10,2021,True,har_gpr,0.0168774598437158,0.020234661026268145
126,28.04.2021,10,2021,True,har_gpr,0.0168520930255346,0.020485059697114793
126,29.04.2021,10,2021,True,har_gpr,0.0169088699648036,0.020185552668076274
126,30.04.2021,10,2021,True,har_gpr,0.0168094964359426,0.020434556346822452
126,03.05.2021,10,2021,True,har_gpr,0.016807876753754,0.020918834173444024
126,04.05.2021,10,2021,True,har_gpr,0.0167347605264188,0.019337933838235302
126,05.05.2021,10,2021,True,har_gpr,0.016735258112984,0.019820402511461124
126,06.05.2021,10,2021,True,har_gpr,0.016966462017355,0.019439247410278755
126,07.05.2021,10,2021,True,har_gpr,0.0170530174675148,0.01977240727207488
126,10.05.2021,10,2021,True,har_gpr,0.017205108424172,0.01929363367899613
126,11.05.2021,10,2021,True,har_gpr,0.0172149753283091,0.019856199658636907
126,12.05.2021,10,2021,True,har_gpr,0.017242250102799,0.019604785044406742
126,13.05.2021,10,2021,True,har_gpr,0.0171305091988503,0.018910977812109188
126,14.05.2021,10,2021,True,har_gpr,0.0170081438145613,0.020634709074104415
126,17.05.2021,10,2021,True,har_gpr,0.0170101784518455,0.02100703035890128
126,18.05.2021,10,2021,True,har_gpr,0.0169768756599472,0.020997239438170962
126,19.05.2021,10,2021,True,har_gpr,0.0167386221554386,0.021094887997267272
126,20.05.2021,10,2021,True,har_gpr,0.0167755462548847,0.021945156830104232
126,21.05.2021,10,2021,True,har_gpr,0.0167181180647197,0.02192669771581712
126,24.05.2021,10,2021,True,har_gpr,0.0167482352325847,0.021899435961564552
126,25.05.2021,10,2021,True,har_gpr,0.0167672049325544,0.02277976098792931
126,26.05.2021,10,2021,True,har_gpr,0.0169929488877497,0.022159742525429967
126,27.05.2021,10,2021,True,har_gpr,0.0169819493705805,0.021731564736660484
126,28.05.2021,10,2021,True,har_gpr,0.0202818656581982,0.021176843333356524
126,01.06.2021,10,2021,True,har_gpr,0.0202853747706719,0.020867013560501368
126,02.06.2021,10,2021,True,har_gpr,0.0205522668163539,0.02081284081867584
126,03.06.2021,10,2021,True,har_gpr,0.0206659299767016,0.021029442798520488
126,04.06.2021,10,2021,True,har_gpr,0.0206793916693462,0.020785977526356234
126,07.06.2021,10,2021,True,har_gpr,0.0206758355549353,0.02085669173345643
126,08.06.2021,10,2021,True,har_gpr,0.0210410819060306,0.020598632945993373
126,09.06.2021,10,2021,True,har_gpr,0.0212296124294819,0.020727475345990194
126,10.06.2021,10,2021,True,har_gpr,0.0212310154322663,0.020394656506603447
126,11.06.2021,10,2021,True,har_gpr,0.0212974548131794,0.02043445041564429
126,14.06.2021,10,2021,True,har_gpr,0.0213137170571907,0.019723230664687626
126,15.06.2021,10,2021,True,har_gpr,0.0212900259191363,0.01890752322212258
126,16.06.2021,10,2021,True,har_gpr,0.0213007909545029,0.019370208298145127
126,17.06.2021,10,2021,True,har_gpr,0.0212425051438811,0.01901098487879958
126,18.06.2021,10,2021,True,har_gpr,0.0212797028723716,0.019272708237423122
126,21.06.2021,10,2021,True,har_gpr,0.0212905202473641,0.018466038162613295
126,22.06.2021,10,2021,True,har_gpr,0.0214302035363145,0.018700820986930537
126,23.06.2021,10,2021,True,har_gpr,0.0216404501678482,0.017797772250810463
126,24.06.2021,10,2021,True,har_gpr,0.0216932463878585,0.017873828169001592
126,25.06.2021,10,2021,True,har_gpr,0.0217582926562966,0.01748418119180939
126,28.06.2021,10,2021,True,har_gpr,0.0217750776731789,0.017549584153196095
126,29.06.2021,10,2021,True,har_gpr,0.0217777899263641,0.018637222735797234
126,30.06.2021,10,2021,True,har_gpr,0.0217759820439108,0.018230147094092444
126,01.07.2021,10,2021,True,har_gpr,0.0217611442310434,0.01818501172416713
126,02.07.2021,10,2021,True,har_gpr,0.0218305236472739,0.018345514010526687
126,06.07.2021,10,2021,True,har_gpr,0.0217823602156058,0.01819044702786355
126,07.07.2021,10,2021,True,har_gpr,0.0217661902705143,0.019234307496840505
126,08.07.2021,10,2021,True,har_gpr,0.0217681598816385,0.01931957372490563
126,09.07.2021,10,2021,True,har_gpr,0.0217414210756708,0.019302480365321915
126,12.07.2021,10,2021,True,har_gpr,0.0217375302349916,0.019853400600570437
126,13.07.2021,10,2021,True,har_gpr,0.0217082357740825,0.018620404618836708
126,14.07.2021,10,2021,True,har_gpr,0.0218183552396963,0.018885822818288298
126,15.07.2021,10,2021,True,har_gpr,0.0217754634276272,0.019410764638825205
126,16.07.2021,10,2021,True,har_gpr,0.0217776316230784,0.019561323084781528
126,19.07.2021,10,2021,True,har_gpr,0.020877793089546,0.018846658608760683
126,20.07.2021,10,2021,True,har_gpr,0.0209055306821711,0.024553279365013166
126,21.07.2021,10,2021,True,har_gpr,0.0206281883837023,0.023104960551127807
126,22.07.2021,10,2021,True,har_gpr,0.0205525951724152,0.02501462434457628
126,23.07.2021,10,2021,True,har_gpr,0.0205604773745676,0.024846600526100774
126,26.07.2021,10,2021,True,har_gpr,0.0206337979662053,0.024491546326761152
126,27.07.2021,10,2021,True,har_gpr,0.0207176310666524,0.02224928086781594
126,28.07.2021,10,2021,True,har_gpr,0.0207817220967646,0.022133657975540694
126,29.07.2021,10,2021,True,har_gpr,0.0207456396859751,0.021656565672065708
126,30.07.2021,10,2021,True,har_gpr,0.020752441914354,0.02192130668393669
126,02.08.2021,10,2021,True,har_gpr,0.0203358357134002,0.021618541133075056
126,03.08.2021,10,2021,True,har_gpr,0.0204395091332137,0.025041227090058838
126,04.08.2021,10,2021,True,har_gpr,0.0202606422497786,0.024107186486556232
126,05.08.2021,10,2021,True,har_gpr,0.020289133210728,0.02479448716951723
126,06.08.2021,10,2021,True,har_gpr,0.0203576945006292,0.024418643986890906
126,09.08.2021,10,2021,True,har_gpr,0.0202384531815968,0.02409630328785703
126,10.08.2021,10,2021,True,har_gpr,0.0202589696301601,0.022921628398115006
126,11.08.2021,10,2021,True,har_gpr,0.0202496918292971,0.02336750249392329
126,12.08.2021,10,2021,True,har_gpr,0.0202492726419114,0.022845569681627237
126,13.08.2021,10,2021,True,har_gpr,0.0204022555214995,0.02252517512981486
126,16.08.2021,10,2021,True,har_gpr,0.0204097626612516,0.022729148176761416
126,17.08.2021,10,2021,True,har_gpr,0.0206481526134322,0.022532530393690933
126,18.08.2021,10,2021,True,har_gpr,0.0206460531662935,0.021983513212129366
126,19.08.2021,10,2021,True,har_gpr,0.0205779797430465,0.021074369049013903
126,20.08.2021,10,2021,True,har_gpr,0.0204853252630514,0.021471289261878464
126,23.08.2021,10,2021,True,har_gpr,0.0201829395659353,0.021353351987238978
126,24.08.2021,10,2021,True,har_gpr,0.0200012698067678,0.025824327576100738
126,25.08.2021,10,2021,True,har_gpr,0.0200436299401715,0.0260475129325863
126,26.08.2021,10,2021,True,har_gpr,0.0200118601786854,0.025736750026306522
126,27.08.2021,10,2021,True,har_gpr,0.0200898220490943,0.025499998122550677
126,30.08.2021,10,2021,True,har_gpr,0.0203356097157148,0.02544157529154843
126,31.08.2021,10,2021,True,har_gpr,0.0212612460196841,0.021850140652423487
126,01.09.2021,10,2021,True,har_gpr,0.0212862442950734,0.02160897368275779
126,02.09.2021,10,2021,True,har_gpr,0.0219788997796721,0.021841569473786765
126,03.09.2021,10,2021,True,har_gpr,0.0222266322268212,0.02192594883407966
126,07.09.2021,10,2021,True,har_gpr,0.0223762013660686,0.02145700106530092
126,08.09.2021,10,2021,True,har_gpr,0.0258547563081117,0.021566008841651055
126,09.09.2021,10,2021,True,har_gpr,0.0258574980490083,0.021564328504356942
126,10.09.2021,10,2021,True,har_gpr,0.0259230644931209,0.021635448597976007
126,13.09.2021,10,2021,True,har_gpr,0.0263952722716232,0.021873016117251308
126,14.09.2021,10,2021,True,har_gpr,0.0271340260790318,0.021443030979677223
126,15.09.2021,10,2021,True,har_gpr,0.0271252059923579,0.021043030599029063
126,16.09.2021,10,2021,True,har_gpr,0.0280966281131234,0.02181733110344034
126,17.09.2021,10,2021,True,har_gpr,0.0281014774416827,0.020901315727334058
126,20.09.2021,10,2021,True,har_gpr,0.0286390034550865,0.020625984837944127
126,21.09.2021,10,2021,True,har_gpr,0.0286413195332229,0.02144971971633955
126,22.09.2021,10,2021,True,har_gpr,0.028902505490595,0.02021560772540061
126,23.09.2021,10,2021,True,har_gpr,0.028973917697414,0.020376668121435276
126,24.09.2021,10,2021,True,har_gpr,0.0289804289719037,0.020184013242690358
126,27.09.2021,10,2021,True,har_gpr,0.0296801908850899,0.019898678786393693
126,28.09.2021,10,2021,True,har_gpr,0.0297416451692073,0.019396644882652275
126,29.09.2021,10,2021,True,har_gpr,0.0298229340364117,0.019435804067642618
126,30.09.2021,10,2021,True,har_gpr,0.0301918810153416,0.01943999227827673
126,01.10.2021,10,2021,True,har_gpr,0.0303515667337202,0.01904415244166913
126,04.10.2021,10,2021,True,har_gpr,0.0303842178536477,0.019077880199291092
126,05.10.2021,10,2021,True,har_gpr,0.030373691797646,0.02041279379046783
126,06.10.2021,10,2021,True,har_gpr,0.0307252557672217,0.020042809665362808
126,07.10.2021,10,2021,True,har_gpr,0.0307203248318093,0.020658498205428776
126,08.10.2021,10,2021,True,har_gpr,0.0307703425861807,0.02021484575701435
126,11.10.2021,10,2021,True,har_gpr,0.0309999387395732,0.019997891452620344
126,12.10.2021,10,2021,True,har_gpr,0.0314454242020138,0.02011048741739152
126,13.10.2021,10,2021,True,har_gpr,0.0316145993399873,0.019622580135190984
126,14.10.2021,10,2021,True,har_gpr,0.0316818635054321,0.019120372956054395
126,15.10.2021,10,2021,True,har_gpr,0.0316884475472426,0.019264686660819524
126,18.10.2021,10,2021,True,har_gpr,0.0320694675100769,0.019248144763034533
126,19.10.2021,10,2021,True,har_gpr,0.0320679411170315,0.019498938933912368
126,20.10.2021,10,2021,True,har_gpr,0.0320812855295531,0.0195616522315735
126,21.10.2021,10,2021,True,har_gpr,0.0320872609596943,0.019284065917376993
126,22.10.2021,10,2021,True,har_gpr,0.0323073150481491,0.019867345291216525
126,25.10.2021,10,2021,True,har_gpr,0.0323782395896187,0.01980573141355094
126,26.10.2021,10,2021,True,har_gpr,0.032377292037987,0.019183627082603624
126,27.10.2021,10,2021,True,har_gpr,0.0323591405190082,0.019083432922365223
126,28.10.2021,10,2021,True,har_gpr,0.0323807075085014,0.020048315701724162
126,29.10.2021,10,2021,True,har_gpr,0.0324214977394872,0.019591786226995166
126,01.11.2021,10,2021,True,har_gpr,0.032506672569372,0.01941876459889965
126,02.11.2021,10,2021,True,har_gpr,0.032767717982807,0.019720897553115072
126,03.11.2021,10,2021,True,har_gpr,0.0326205235202784,0.01945694518465255
126,04.11.2021,10,2021,True,har_gpr,0.0325840213962511,0.020976604093872833
126,05.11.2021,10,2021,True,har_gpr,0.0329700440375221,0.02083179566293133
126,08.11.2021,10,2021,True,har_gpr,0.0331148806108877,0.02187405029734733
126,09.11.2021,10,2021,True,har_gpr,0.0333489131836645,0.019808343071625045
126,10.11.2021,10,2021,True,har_gpr,0.0332585271756278,0.02019936907713435
126,11.11.2021,10,2021,True,har_gpr,0.033407397635659,0.020584212842244716
126,12.11.2021,10,2021,True,har_gpr,0.0334474994853716,0.019890633861190016
126,15.11.2021,10,2021,True,har_gpr,0.0335086147558526,0.01974603357607363
126,16.11.2021,10,2021,True,har_gpr,0.0336005393285598,0.021060069791954253
126,17.11.2021,10,2021,True,har_gpr,0.0335702781991626,0.02089188423768667
126,18.11.2021,10,2021,True,har_gpr,0.0335604774257003,0.021587317476324926
126,19.11.2021,10,2021,True,har_gpr,0.0334404853915232,0.021457400770990714
126,22.11.2021,10,2021,True,har_gpr,0.0334342995471841,0.022310376081017307
126,23.11.2021,10,2021,True,har_gpr,0.0333300947824586,0.021723438300335223
126,24.11.2021,10,2021,True,har_gpr,0.0334123465353917,0.023088634603007696
126,26.11.2021,10,2021,True,har_gpr,0.0314615049747094,0.0220182195592732
126,29.11.2021,10,2021,True,har_gpr,0.0315311910059997,0.03116326716900079
126,30.11.2021,10,2021,True,har_gpr,0.0317251445910638,0.028771353926514445
126,01.12.2021,10,2021,True,har_gpr,0.0316291618270367,0.029526911100477646
126,02.12.2021,10,2021,True,har_gpr,0.0316455417476621,0.028689652001384056
126,03.12.2021,10,2021,True,har_gpr,0.0316499394185301,0.02854482707728727
126,06.12.2021,10,2021,True,har_gpr,0.0314431420556725,0.026308689116398165
126,07.12.2021,10,2021,True,har_gpr,0.0313991071901523,0.028575904675794832
126,08.12.2021,10,2021,True,har_gpr,0.0314071255993504,0.028167601195334728
126,09.12.2021,10,2021,True,har_gpr,0.0313625045318781,0.02699534587955895
126,10.12.2021,10,2021,True,har_gpr,0.0313585096538933,0.02767014637198187
126,13.12.2021,10,2021,True,har_gpr,0.0313546355539242,0.02748784635279899
126,14.12.2021,10,2021,True,har_gpr,0.0314189031258031,0.02718008806039388
126,15.12.2021,10,2021,True,har_gpr,0.0314250949299126,0.0266627658269146
126,16.12.2021,10,2021,True,har_gpr,0.0318779454828838,0.02648119030307357
126,17.12.2021,10,2021,True,har_gpr,0.0318207186528334,0.02673295527168822
126,20.12.2021,10,2021,True,har_gpr,0.0318065195050482,0.026981399245624822
126,21.12.2021,10,2021,True,har_gpr,0.0317331120371123,0.026807430417013934
126,22.12.2021,10,2021,True,har_gpr,0.0317816507801293,0.02771376751323214
126,23.12.2021,10,2021,True,har_gpr,0.0317688578886934,0.027273906652072032
126,27.12.2021,10,2021,True,har_gpr,0.0317806169479979,0.027500227247773155
126,28.12.2021,10,2021,True,har_gpr,0.0318204511184493,0.02388230554139718
126,29.12.2021,10,2021,True,har_gpr,0.0318508119886884,0.022649833191865344
126,30.12.2021,10,2021,True,har_gpr,0.0319702675670838,0.02184016625154578
126,31.12.2021,10,2021,True,har_gpr,0.0328057486524351,0.021508388628068205
126,04.01.2021,10,2021,True,har_x,0.0190363196702613,0.020529678721714472
126,05.01.2021,10,2021,True,har_x,0.0186684438248515,0.021390592790293924
126,06.01.2021,10,2021,True,har_x,0.0186549650757609,0.022387473375343865
126,07.01.2021,10,2021,True,har_x,0.0187134995997197,0.021863884747581445
126,08.01.2021,10,2021,True,har_x,0.018573057907314,0.02130217392135851
126,11.01.2021,10,2021,True,har_x,0.0186072178326577,0.02179382114827575
126,12.01.2021,10,2021,True,har_x,0.0187016765605578,0.021588500540501734
126,13.01.2021,10,2021,True,har_x,0.018755781607228,0.02117018813530108
126,14.01.2021,10,2021,True,har_x,0.0187519386216753,0.021660807100898332
126,15.01.2021,10,2021,True,har_x,0.0196899009342231,0.021787923491766625
126,19.01.2021,10,2021,True,har_x,0.0196731194054126,0.02242766409304402
126,20.01.2021,10,2021,True,har_x,0.0199769571356545,0.021454404003630283
126,21.01.2021,10,2021,True,har_x,0.0200506152917596,0.02128911469996972
126,22.01.2021,10,2021,True,har_x,0.020008709040294,0.020979777755365452
126,25.01.2021,10,2021,True,har_x,0.0200030500385964,0.02124975955016106
126,26.01.2021,10,2021,True,har_x,0.0200037407882462,0.02201797442577879
126,27.01.2021,10,2021,True,har_x,0.0200006822328789,0.021727415830348953
126,28.01.2021,10,2021,True,har_x,0.0200344051485092,0.022145123378454173
126,29.01.2021,10,2021,True,har_x,0.0200318079124964,0.022234316380129942
126,01.02.2021,10,2021,True,har_x,0.0204864331514369,0.022134746615778293
126,02.02.2021,10,2021,True,har_x,0.0204403811371097,0.021338083100574248
126,03.02.2021,10,2021,True,har_x,0.0205695254036571,0.021489406836814925
126,04.02.2021,10,2021,True,har_x,0.0205897371041547,0.020864942629579334
126,05.02.2021,10,2021,True,har_x,0.0205987357129599,0.020363503799364177
126,08.02.2021,10,2021,True,har_x,0.0206486876840837,0.020309044970194513
126,09.02.2021,10,2021,True,har_x,0.0207282856790433,0.01970246229606471
126,10.02.2021,10,2021,True,har_x,0.0207435980840952,0.0194204614381217
126,11.02.2021,10,2021,True,har_x,0.0207369913055972,0.019377747166912054
126,12.02.2021,10,2021,True,har_x,0.0206858438682364,0.019547069506902617
126,16.02.2021,10,2021,True,har_x,0.0207003654734817,0.01982767635640909
126,17.02.2021,10,2021,True,har_x,0.0206687700847024,0.020444609889933272
126,18.02.2021,10,2021,True,har_x,0.0206882439362583,0.020727113178301816
126,19.02.2021,10,2021,True,har_x,0.0207750587967473,0.02093345982574255
126,22.02.2021,10,2021,True,har_x,0.0205959094010414,0.021274743807787936
126,23.02.2021,10,2021,True,har_x,0.021136369376838,0.022172713050182247
126,24.02.2021,10,2021,True,har_x,0.0212194589290053,0.022018465011565628
126,25.02.2021,10,2021,True,har_x,0.0212673317598878,0.022330410372901857
126,26.02.2021,10,2021,True,har_x,0.0212955497390725,0.022235975215652445
126,01.03.2021,10,2021,True,har_x,0.0211074636413339,0.022596314133589146
126,02.03.2021,10,2021,True,har_x,0.0210677440258376,0.022438871790355617
126,03.03.2021,10,2021,True,har_x,0.0209970443116563,0.022091643797992316
126,04.03.2021,10,2021,True,har_x,0.0207679387179548,0.02194956176227468
126,05.03.2021,10,2021,True,har_x,0.0205611806765641,0.022332323668025407
126,08.03.2021,10,2021,True,har_x,0.0205141967199089,0.02250495749775755
126,09.03.2021,10,2021,True,har_x,0.020524365384341,0.021567754260810926
126,10.03.2021,10,2021,True,har_x,0.0205478472511069,0.02134753079260993
126,11.03.2021,10,2021,True,har_x,0.0204800334274149,0.021237430561807446
126,12.03.2021,10,2021,True,har_x,0.0205509306522845,0.021388149661814192
126,15.03.2021,10,2021,True,har_x,0.0205565015508673,0.020896628041942634
126,16.03.2021,10,2021,True,har_x,0.0205450835934348,0.023416314098792215
126,17.03.2021,10,2021,True,har_x,0.0206512992332454,0.02337556998991368
126,18.03.2021,10,2021,True,har_x,0.0195906807866835,0.0231207540309312
126,19.03.2021,10,2021,True,har_x,0.0195293008557145,0.026626326013783043
126,22.03.2021,10,2021,True,har_x,0.0196124871844722,0.02573625137335476
126,23.03.2021,10,2021,True,har_x,0.0188052435781751,0.0246336936010979
126,24.03.2021,10,2021,True,har_x,0.0182314364169694,0.027018507050664605
126,25.03.2021,10,2021,True,har_x,0.0179019296313384,0.030165870721797983
126,26.03.2021,10,2021,True,har_x,0.0175637905434192,0.027679119309886816
126,29.03.2021,10,2021,True,har_x,0.0176221417207653,0.027313991685652798
126,30.03.2021,10,2021,True,har_x,0.0175851274370323,0.025008738792633933
126,31.03.2021,10,2021,True,har_x,0.0175696157603446,0.02424592605931511
126,01.04.2021,10,2021,True,har_x,0.0174898519505102,0.024400901159112982
126,05.04.2021,10,2021,True,har_x,0.0170476100218729,0.02332471672404703
126,06.04.2021,10,2021,True,har_x,0.0171548753061121,0.02455176801011067
126,07.04.2021,10,2021,True,har_x,0.0171942228129531,0.024319660684336747
126,08.04.2021,10,2021,True,har_x,0.0172878659248322,0.024151281087786226
126,09.04.2021,10,2021,True,har_x,0.0172967997995073,0.023996704424805945
126,12.04.2021,10,2021,True,har_x,0.0172969865429937,0.023602235496289384
126,13.04.2021,10,2021,True,har_x,0.017332589914505,0.023196831908222595
126,14.04.2021,10,2021,True,har_x,0.0169116103639001,0.022925489127842105
126,15.04.2021,10,2021,True,har_x,0.0169135712656956,0.024156489569568423
126,16.04.2021,10,2021,True,har_x,0.0169244386511162,0.02355100205563504
126,19.04.2021,10,2021,True,har_x,0.0169395790580426,0.022750128636878947
126,20.04.2021,10,2021,True,har_x,0.0169358449991656,0.022140748055011313
126,21.04.2021,10,2021,True,har_x,0.0168431362588157,0.022334249201019975
126,22.04.2021,10,2021,True,har_x,0.0168530755121312,0.02256187393124973
126,23.04.2021,10,2021,True,har_x,0.0168976129227,0.021485365615599352
126,26.04.2021,10,2021,True,har_x,0.0168966635785539,0.02130997355048462
126,27.04.2021,10,2021,True,har_x,0.0168774598437158,0.021507053557135676
126,28.04.2021,10,2021,True,har_x,0.0168520930255346,0.02123838459218152
126,29.04.2021,10,2021,True,har_x,0.0169088699648036,0.02077802665691777
126,30.04.2021,10,2021,True,har_x,0.0168094964359426,0.020894555727155265
126,03.05.2021,10,2021,True,har_x,0.016807876753754,0.02145506022080435
126,04.05.2021,10,2021,True,har_x,0.0167347605264188,0.02096044818927555
126,05.05.2021,10,2021,True,har_x,0.016735258112984,0.020761934971919343
126,06.05.2021,10,2021,True,har_x,0.016966462017355,0.020752761697654776
126,07.05.2021,10,2021,True,har_x,0.0170530174675148,0.02081360506597414
126,10.05.2021,10,2021,True,har_x,0.017205108424172,0.020546942497942117
126,11.05.2021,10,2021,True,har_x,0.0172149753283091,0.021152270487147937
126,12.05.2021,10,2021,True,har_x,0.017242250102799,0.02098936110917388
126,13.05.2021,10,2021,True,har_x,0.0171305091988503,0.020567734343518072
126,14.05.2021,10,2021,True,har_x,0.0170081438145613,0.021559929764643958
126,17.05.2021,10,2021,True,har_x,0.0170101784518455,0.02154639092577679
126,18.05.2021,10,2021,True,har_x,0.0169768756599472,0.021793363338948185
126,19.05.2021,10,2021,True,har_x,0.0167386221554386,0.021928936185014635
126,20.05.2021,10,2021,True,har_x,0.0167755462548847,0.022593653746039898
126,21.05.2021,10,2021,True,har_x,0.0167181180647197,0.022648163183920735
126,24.05.2021,10,2021,True,har_x,0.0167482352325847,0.022608672106037446
126,25.05.2021,10,2021,True,har_x,0.0167672049325544,0.022654339612177096
126,26.05.2021,10,2021,True,har_x,0.0169929488877497,0.022464480287271115
126,27.05.2021,10,2021,True,har_x,0.0169819493705805,0.02188579833023495
126,28.05.2021,10,2021,True,har_x,0.0202818656581982,0.02152606157223591
126,01.06.2021,10,2021,True,har_x,0.0202853747706719,0.021373883751352348
126,02.06.2021,10,2021,True,har_x,0.0205522668163539,0.021508758128844056
126,03.06.2021,10,2021,True,har_x,0.0206659299767016,0.02153241687751605
126,04.06.2021,10,2021,True,har_x,0.0206793916693462,0.021587474284082097
126,07.06.2021,10,2021,True,har_x,0.0206758355549353,0.0213181685575778
126,08.06.2021,10,2021,True,har_x,0.0210410819060306,0.020724134170745794
126,09.06.2021,10,2021,True,har_x,0.0212296124294819,0.020820043155294
126,10.06.2021,10,2021,True,har_x,0.0212310154322663,0.020627499628576344
126,11.06.2021,10,2021,True,har_x,0.0212974548131794,0.020821978569864265
126,14.06.2021,10,2021,True,har_x,0.0213137170571907,0.020435723337998153
126,15.06.2021,10,2021,True,har_x,0.0212900259191363,0.019746442398594317
126,16.06.2021,10,2021,True,har_x,0.0213007909545029,0.01975308842176001
126,17.06.2021,10,2021,True,har_x,0.0212425051438811,0.01990855721049924
126,18.06.2021,10,2021,True,har_x,0.0212797028723716,0.020522417925800993
126,21.06.2021,10,2021,True,har_x,0.0212905202473641,0.019752576695087933
126,22.06.2021,10,2021,True,har_x,0.0214302035363145,0.020107005970506138
126,23.06.2021,10,2021,True,har_x,0.0216404501678482,0.01958933719342883
126,24.06.2021,10,2021,True,har_x,0.0216932463878585,0.01968147423614447
126,25.06.2021,10,2021,True,har_x,0.0217582926562966,0.019078150821779383
126,28.06.2021,10,2021,True,har_x,0.0217750776731789,0.01900152988475911
126,29.06.2021,10,2021,True,har_x,0.0217777899263641,0.01968764232102737
126,30.06.2021,10,2021,True,har_x,0.0217759820439108,0.019518590808868315
126,01.07.2021,10,2021,True,har_x,0.0217611442310434,0.019607655105523508
126,02.07.2021,10,2021,True,har_x,0.0218305236472739,0.019648050794466222
126,06.07.2021,10,2021,True,har_x,0.0217823602156058,0.019630027307378013
126,07.07.2021,10,2021,True,har_x,0.0217661902705143,0.02090177057022717
126,08.07.2021,10,2021,True,har_x,0.0217681598816385,0.021580552460104933
126,09.07.2021,10,2021,True,har_x,0.0217414210756708,0.02112004508232709
126,12.07.2021,10,2021,True,har_x,0.0217375302349916,0.021135827447739963
126,13.07.2021,10,2021,True,har_x,0.0217082357740825,0.020110788166991026
126,14.07.2021,10,2021,True,har_x,0.0218183552396963,0.019738003257799116
126,15.07.2021,10,2021,True,har_x,0.0217754634276272,0.02039759976290378
126,16.07.2021,10,2021,True,har_x,0.0217776316230784,0.020455068093303514
126,19.07.2021,10,2021,True,har_x,0.020877793089546,0.019974301465880254
126,20.07.2021,10,2021,True,har_x,0.0209055306821711,0.024774414574200432
126,21.07.2021,10,2021,True,har_x,0.0206281883837023,0.024934820859234007
126,22.07.2021,10,2021,True,har_x,0.0205525951724152,0.024545983025694322
126,23.07.2021,10,2021,True,har_x,0.0205604773745676,0.023550825380834067
126,26.07.2021,10,2021,True,har_x,0.0206337979662053,0.023045998245797106
126,27.07.2021,10,2021,True,har_x,0.0207176310666524,0.02167873508173407
126,28.07.2021,10,2021,True,har_x,0.0207817220967646,0.021577980933539503
126,29.07.2021,10,2021,True,har_x,0.0207456396859751,0.021214813019113415
126,30.07.2021,10,2021,True,har_x,0.020752441914354,0.021141493854589872
126,02.08.2021,10,2021,True,har_x,0.0203358357134002,0.020929635708134577
126,03.08.2021,10,2021,True,har_x,0.0204395091332137,0.023807126797688517
126,04.08.2021,10,2021,True,har_x,0.0202606422497786,0.02356554211098491
126,05.08.2021,10,2021,True,har_x,0.020289133210728,0.024562128287909206
126,06.08.2021,10,2021,True,har_x,0.0203576945006292,0.023923873082862007
126,09.08.2021,10,2021,True,har_x,0.0202384531815968,0.023797255653669996
126,10.08.2021,10,2021,True,har_x,0.0202589696301601,0.022744706621101576
126,11.08.2021,10,2021,True,har_x,0.0202496918292971,0.022427292231021457
126,12.08.2021,10,2021,True,har_x,0.0202492726419114,0.022016698801476383
126,13.08.2021,10,2021,True,har_x,0.0204022555214995,0.02160854253656194
126,16.08.2021,10,2021,True,har_x,0.0204097626612516,0.02162011842107103
126,17.08.2021,10,2021,True,har_x,0.0206481526134322,0.02314380054733181
126,18.08.2021,10,2021,True,har_x,0.0206460531662935,0.022940645196362706
126,19.08.2021,10,2021,True,har_x,0.0205779797430465,0.02269016894313578
126,20.08.2021,10,2021,True,har_x,0.0204853252630514,0.022911691280426753
126,23.08.2021,10,2021,True,har_x,0.0201829395659353,0.02281130517559489
126,24.08.2021,10,2021,True,har_x,0.0200012698067678,0.025562765186315218
126,25.08.2021,10,2021,True,har_x,0.0200436299401715,0.02541389272816816
126,26.08.2021,10,2021,True,har_x,0.0200118601786854,0.025087906171608013
126,27.08.2021,10,2021,True,har_x,0.0200898220490943,0.02506338808410226
126,30.08.2021,10,2021,True,har_x,0.0203356097157148,0.024784593460917024
126,31.08.2021,10,2021,True,har_x,0.0212612460196841,0.021346324427991968
126,01.09.2021,10,2021,True,har_x,0.0212862442950734,0.021074316054355644
126,02.09.2021,10,2021,True,har_x,0.0219788997796721,0.021462758646431192
126,03.09.2021,10,2021,True,har_x,0.0222266322268212,0.020817675684920295
126,07.09.2021,10,2021,True,har_x,0.0223762013660686,0.02137411276858576
126,08.09.2021,10,2021,True,har_x,0.0258547563081117,0.020930306996377504
126,09.09.2021,10,2021,True,har_x,0.0258574980490083,0.02080457883036174
126,10.09.2021,10,2021,True,har_x,0.0259230644931209,0.02110850787801397
126,13.09.2021,10,2021,True,har_x,0.0263952722716232,0.021169040235669376
126,14.09.2021,10,2021,True,har_x,0.0271340260790318,0.0207732782706965
126,15.09.2021,10,2021,True,har_x,0.0271252059923579,0.02069992257868177
126,16.09.2021,10,2021,True,har_x,0.0280966281131234,0.02089691183948575
126,17.09.2021,10,2021,True,har_x,0.0281014774416827,0.020541643008566222
126,20.09.2021,10,2021,True,har_x,0.0286390034550865,0.02030760321765848
126,21.09.2021,10,2021,True,har_x,0.0286413195332229,0.021181894258383634
126,22.09.2021,10,2021,True,har_x,0.028902505490595,0.02052524676601264
126,23.09.2021,10,2021,True,har_x,0.028973917697414,0.020314705571839155
126,24.09.2021,10,2021,True,har_x,0.0289804289719037,0.020215132601471227
126,27.09.2021,10,2021,True,har_x,0.0296801908850899,0.020327246510273764
126,28.09.2021,10,2021,True,har_x,0.0297416451692073,0.020155984734899685
126,29.09.2021,10,2021,True,har_x,0.0298229340364117,0.020366727813892548
126,30.09.2021,10,2021,True,har_x,0.0301918810153416,0.020248994222144105
126,01.10.2021,10,2021,True,har_x,0.0303515667337202,0.02055697461967929
126,04.10.2021,10,2021,True,har_x,0.0303842178536477,0.020401353316760826
126,05.10.2021,10,2021,True,har_x,0.030373691797646,0.021525226816252106
126,06.10.2021,10,2021,True,har_x,0.0307252557672217,0.021343620305915207
126,07.10.2021,10,2021,True,har_x,0.0307203248318093,0.02219878292744336
126,08.10.2021,10,2021,True,har_x,0.0307703425861807,0.022727693515162857
126,11.10.2021,10,2021,True,har_x,0.0309999387395732,0.021467776819234802
126,12.10.2021,10,2021,True,har_x,0.0314454242020138,0.021574773582049286
126,13.10.2021,10,2021,True,har_x,0.0316145993399873,0.020957156364326955
126,14.10.2021,10,2021,True,har_x,0.0316818635054321,0.0205387967340446
126,15.10.2021,10,2021,True,har_x,0.0316884475472426,0.020736794094605174
126,18.10.2021,10,2021,True,har_x,0.0320694675100769,0.020315144267196023
126,19.10.2021,10,2021,True,har_x,0.0320679411170315,0.02123702433007373
126,20.10.2021,10,2021,True,har_x,0.0320812855295531,0.021283874709822275
126,21.10.2021,10,2021,True,har_x,0.0320872609596943,0.021156906813412542
126,22.10.2021,10,2021,True,har_x,0.0323073150481491,0.021652010778991697
126,25.10.2021,10,2021,True,har_x,0.0323782395896187,0.02167019870453597
126,26.10.2021,10,2021,True,har_x,0.032377292037987,0.020918315524697847
126,27.10.2021,10,2021,True,har_x,0.0323591405190082,0.020789609257714885
126,28.10.2021,10,2021,True,har_x,0.0323807075085014,0.021562762896731702
126,29.10.2021,10,2021,True,har_x,0.0324214977394872,0.02128279323380728
126,01.11.2021,10,2021,True,har_x,0.032506672569372,0.02128881763401059
126,02.11.2021,10,2021,True,har_x,0.032767717982807,0.02178473938987774
126,03.11.2021,10,2021,True,har_x,0.0326205235202784,0.021492579078739568
126,04.11.2021,10,2021,True,har_x,0.0325840213962511,0.022776208246949925
126,05.11.2021,10,2021,True,har_x,0.0329700440375221,0.022586102576078015
126,08.11.2021,10,2021,True,har_x,0.0331148806108877,0.0230113446688743
126,09.11.2021,10,2021,True,har_x,0.0333489131836645,0.020708315402974624
126,10.11.2021,10,2021,True,har_x,0.0332585271756278,0.02070183571784038
126,11.11.2021,10,2021,True,har_x,0.033407397635659,0.02096147164575911
126,12.11.2021,10,2021,True,har_x,0.0334474994853716,0.020492989108993137
126,15.11.2021,10,2021,True,har_x,0.0335086147558526,0.020384696332617455
126,16.11.2021,10,2021,True,har_x,0.0336005393285598,0.022343904314138154
126,17.11.2021,10,2021,True,har_x,0.0335702781991626,0.021995471743552705
126,18.11.2021,10,2021,True,har_x,0.0335604774257003,0.02218024164236155
126,19.11.2021,10,2021,True,har_x,0.0334404853915232,0.022696328131696374
126,22.11.2021,10,2021,True,har_x,0.0334342995471841,0.02303892230470018
126,23.11.2021,10,2021,True,har_x,0.0333300947824586,0.022427888503773544
126,24.11.2021,10,2021,True,har_x,0.0334123465353917,0.02288192767405012
126,26.11.2021,10,2021,True,har_x,0.0314615049747094,0.022313254210695625
126,29.11.2021,10,2021,True,har_x,0.0315311910059997,0.031158023549676707
126,30.11.2021,10,2021,True,har_x,0.0317251445910638,0.02940865282304935
126,01.12.2021,10,2021,True,har_x,0.0316291618270367,0.03144198575240545
126,02.12.2021,10,2021,True,har_x,0.0316455417476621,0.03140716772959641
126,03.12.2021,10,2021,True,har_x,0.0316499394185301,0.028376189860210607
126,06.12.2021,10,2021,True,har_x,0.0314431420556725,0.028123411422176923
126,07.12.2021,10,2021,True,har_x,0.0313991071901523,0.028512041209711052
126,08.12.2021,10,2021,True,har_x,0.0314071255993504,0.02711771566763644
126,09.12.2021,10,2021,True,har_x,0.0313625045318781,0.026091277005856894
126,10.12.2021,10,2021,True,har_x,0.0313585096538933,0.026775042787965574
126,13.12.2021,10,2021,True,har_x,0.0313546355539242,0.02651465737929273
126,14.12.2021,10,2021,True,har_x,0.0314189031258031,0.026263167825507153
126,15.12.2021,10,2021,True,har_x,0.0314250949299126,0.02722827104155424
126,16.12.2021,10,2021,True,har_x,0.0318779454828838,0.027393103727264643
126,17.12.2021,10,2021,True,har_x,0.0318207186528334,0.02657492882592175
126,20.12.2021,10,2021,True,har_x,0.0318065195050482,0.02647149435956172
126,21.12.2021,10,2021,True,har_x,0.0317331120371123,0.027595821172771522
126,22.12.2021,10,2021,True,har_x,0.0317816507801293,0.026941763989107487
126,23.12.2021,10,2021,True,har_x,0.0317688578886934,0.025851703579205573
126,27.12.2021,10,2021,True,har_x,0.0317806169479979,0.0256319544924842
126,28.12.2021,10,2021,True,har_x,0.0318204511184493,0.024294858493629327
126,29.12.2021,10,2021,True,har_x,0.0318508119886884,0.023284612754966107
126,30.12.2021,10,2021,True,har_x,0.0319702675670838,0.02277378003546251
126,31.12.2021,10,2021,True,har_x,0.0328057486524351,0.02263277552982771
5,03.01.2022,11,2022,True,har,0.0110826419419415,0.018502796119201585
5,04.01.2022,11,2022,True,har,0.0174993242572004,0.018317308415686392
5,05.01.2022,11,2022,True,har,0.0175258391023664,0.017043136616287806
5,06.01.2022,11,2022,True,har,0.0178928544116613,0.016312328848423905
5,07.01.2022,11,2022,True,har,0.0178144662979354,0.0165647507149373
5,10.01.2022,11,2022,True,har,0.0133608896408376,0.01530775377125142
5,11.01.2022,11,2022,True,har,0.0082152385180666,0.015930247125785574
5,12.01.2022,11,2022,True,har,0.0097072076170294,0.017528469502680263
5,13.01.2022,11,2022,True,har,0.0106653354759561,0.01686566660495145
5,14.01.2022,11,2022,True,har,0.0138493631005747,0.01678391412430595
5,18.01.2022,11,2022,True,har,0.0155436347741646,0.017157430816305337
5,19.01.2022,11,2022,True,har,0.0173155382171445,0.01608861765157696
5,20.01.2022,11,2022,True,har,0.0178984175826789,0.014047389055900111
5,21.01.2022,11,2022,True,har,0.0174448615967377,0.013382183842321364
5,24.01.2022,11,2022,True,har,0.0115798923032594,0.013687225157717009
5,25.01.2022,11,2022,True,har,0.0170313927717903,0.014740834565157021
5,26.01.2022,11,2022,True,har,0.014136891245438,0.01492240938276175
5,27.01.2022,11,2022,True,har,0.0158942298237324,0.015225758980526829
5,28.01.2022,11,2022,True,har,0.0182160205194706,0.015214219997660533
5,31.01.2022,11,2022,True,har,0.0186737021221789,0.015168500233350483
5,01.02.2022,11,2022,True,har,0.0180180229910048,0.014009830592256498
5,02.02.2022,11,2022,True,har,0.018145955895746,0.015579769268266933
5,03.02.2022,11,2022,True,har,0.0165301210597757,0.01493843445997527
5,04.02.2022,11,2022,True,har,0.0198648706471812,0.015507730667503553
5,07.02.2022,11,2022,True,har,0.0206527261340124,0.01603296826588179
5,08.02.2022,11,2022,True,har,0.0254161074439357,0.015813524168653392
5,09.02.2022,11,2022,True,har,0.0258844135083811,0.016501939683673066
5,10.02.2022,11,2022,True,har,0.028501464558728,0.015351937581188734
5,11.02.2022,11,2022,True,har,0.0237814320252879,0.015074340151240654
5,14.02.2022,11,2022,True,har,0.0274915572178127,0.016716284448566834
5,15.02.2022,11,2022,True,har,0.0200476555819615,0.016639946600093148
5,16.02.2022,11,2022,True,har,0.020966100900494,0.018504483211278077
5,17.02.2022,11,2022,True,har,0.0184279229426542,0.018307015722259956
5,18.02.2022,11,2022,True,har,0.0202082669827789,0.019010437224527825
5,22.02.2022,11,2022,True,har,0.0212146726824251,0.01833889118320888
5,23.02.2022,11,2022,True,har,0.0304853364347083,0.019501369111477235
5,24.02.2022,11,2022,True,har,0.0388732934829285,0.018044009326681792
5,25.02.2022,11,2022,True,har,0.0378665998710317,0.018644244427119292
5,28.02.2022,11,2022,True,har,0.0377065922214826,0.018348483622433243
5,01.03.2022,11,2022,True,har,0.0377127526274331,0.019391470795657027
5,02.03.2022,11,2022,True,har,0.0837502258418787,0.020405017008734466
5,03.03.2022,11,2022,True,har,0.0834668514304346,0.023908718909419226
5,04.03.2022,11,2022,True,har,0.0772412370055497,0.024236730386282712
5,07.03.2022,11,2022,True,har,0.0728927065846978,0.026817241379682458
5,08.03.2022,11,2022,True,har,0.0635504696956808,0.026737045576469585
5,09.03.2022,11,2022,True,har,0.0378167051916109,0.026696059122751165
5,10.03.2022,11,2022,True,har,0.0624240335176172,0.04202006494269332
5,11.03.2022,11,2022,True,har,0.0603753573250531,0.03982963932482885
5,14.03.2022,11,2022,True,har,0.0626376606639749,0.0397232528695287
5,15.03.2022,11,2022,True,har,0.0451584677217003,0.040909140618717824
5,16.03.2022,11,2022,True,har,0.0366072425086014,0.04208908029795387
5,17.03.2022,11,2022,True,har,0.0373821243746706,0.038921533155394865
5,18.03.2022,11,2022,True,har,0.0372884687493235,0.04403546327100134
5,21.03.2022,11,2022,True,har,0.0449225163283047,0.04228041577812035
5,22.03.2022,11,2022,True,har,0.0452703021505844,0.044631651571423625
5,23.03.2022,11,2022,True,har,0.0381785277834209,0.04184398002243696
5,24.03.2022,11,2022,True,har,0.0415910717490782,0.042650361619721744
5,25.03.2022,11,2022,True,har,0.0373132932162686,0.042372548146414335
5,28.03.2022,11,2022,True,har,0.0364582745775526,0.04208242092666077
5,29.03.2022,11,2022,True,har,0.0359285519218882,0.045358193259857994
5,30.03.2022,11,2022,True,har,0.0345006432683027,0.044244432886121135
5,31.03.2022,11,2022,True,har,0.0314602094688058,0.04260561911570519
5,01.04.2022,11,2022,True,har,0.0326675046177057,0.04385498346728309
5,04.04.2022,11,2022,True,har,0.0304930534269965,0.04199467875739828
5,05.04.2022,11,2022,True,har,0.0469188983352585,0.04153959685647576
5,06.04.2022,11,2022,True,har,0.0400752403163335,0.04044479438828748
5,07.04.2022,11,2022,True,har,0.0386773991913512,0.03592248873793873
5,08.04.2022,11,2022,True,har,0.0388334238513853,0.03469621889241627
5,11.04.2022,11,2022,True,har,0.0432399216554747,0.034923587704753636
5,12.04.2022,11,2022,True,har,0.0360115904898857,0.034848628909300544
5,13.04.2022,11,2022,True,har,0.0314807837343938,0.03619646272794878
5,14.04.2022,11,2022,True,har,0.0277584653421532,0.03551824535190536
5,18.04.2022,11,2022,True,har,0.0275292715589878,0.03283927443444873
5,19.04.2022,11,2022,True,har,0.0262441892165806,0.032598341142709514
5,20.04.2022,11,2022,True,har,0.0264526459632415,0.03287262723361022
5,21.04.2022,11,2022,True,har,0.0277530156966606,0.03136456273321929
5,22.04.2022,11,2022,True,har,0.027305011427435,0.02998125842229646
5,25.04.2022,11,2022,True,har,0.0169500051472974,0.029658899524888434
5,26.04.2022,11,2022,True,har,0.0199463459244538,0.030487933561973945
5,27.04.2022,11,2022,True,har,0.0295489187830252,0.028656643389198228
5,28.04.2022,11,2022,True,har,0.0287314096377469,0.028110194078235548
5,29.04.2022,11,2022,True,har,0.0285132032284767,0.028364371213766983
5,02.05.2022,11,2022,True,har,0.0405768511243632,0.027191102398496793
5,03.05.2022,11,2022,True,har,0.0419176580834898,0.025959298201332102
5,04.05.2022,11,2022,True,har,0.0419283096752657,0.026214423019742635
5,05.05.2022,11,2022,True,har,0.0415392122292414,0.02851985587458151
5,06.05.2022,11,2022,True,har,0.0455925148525763,0.026020588502227403
5,09.05.2022,11,2022,True,har,0.0326451367043632,0.02611235688372986
5,10.05.2022,11,2022,True,har,0.0280154583940762,0.02974598783877558
5,11.05.2022,11,2022,True,har,0.0273641522450019,0.028986473378381932
5,12.05.2022,11,2022,True,har,0.0291152218485244,0.028604088856223
5,13.05.2022,11,2022,True,har,0.0242029582299441,0.026884303661797712
5,16.05.2022,11,2022,True,har,0.0214486416190277,0.02827944415984241
5,17.05.2022,11,2022,True,har,0.0186613086661761,0.027236022899790678
5,18.05.2022,11,2022,True,har,0.0101447933739244,0.025451873089463225
5,19.05.2022,11,2022,True,har,0.0112919129579786,0.025887119352154007
5,20.05.2022,11,2022,True,har,0.0113576199488064,0.02629170519460329
5,23.05.2022,11,2022,True,har,0.0130402098623786,0.02532511654476178
5,24.05.2022,11,2022,True,har,0.0347903825392226,0.024032077880995675
5,25.05.2022,11,2022,True,har,0.0349054821596037,0.02343888756754974
5,26.05.2022,11,2022,True,har,0.0333766368333713,0.022846085444475618
5,27.05.2022,11,2022,True,har,0.0325640890972682,0.023607991414505633
5,31.05.2022,11,2022,True,har,0.0294007505904709,0.023395897281444065
5,01.06.2022,11,2022,True,har,0.0099159148065463,0.023759251125536486
5,02.06.2022,11,2022,True,har,0.0123543571075954,0.027458054739504884
5,03.06.2022,11,2022,True,har,0.0133155566302636,0.025600462354967365
5,06.06.2022,11,2022,True,har,0.0130212219952121,0.025716931913824435
5,07.06.2022,11,2022,True,har,0.0139752587293263,0.025305814212273986
5,08.06.2022,11,2022,True,har,0.0089424064599893,0.02275598729893282
5,09.06.2022,11,2022,True,har,0.0125361666920213,0.020621672343659907
5,10.06.2022,11,2022,True,har,0.026714460973302,0.01936583917405785
5,13.06.2022,11,2022,True,har,0.0289274409472449,0.01966033804153747
5,14.06.2022,11,2022,True,har,0.0293332922741978,0.018742988508033298
5,15.06.2022,11,2022,True,har,0.0291423173478624,0.018760847824523887
5,16.06.2022,11,2022,True,har,0.0334360830394592,0.01869979871460522
5,17.06.2022,11,2022,True,har,0.0227443762743642,0.018100870038889987
5,21.06.2022,11,2022,True,har,0.0244922382375819,0.022386021626220783
5,22.06.2022,11,2022,True,har,0.0212346777958523,0.021806890830237513
5,23.06.2022,11,2022,True,har,0.0205231735513048,0.02249094448653867
5,24.06.2022,11,2022,True,har,0.0225841495572113,0.022403635737992887
5,27.06.2022,11,2022,True,har,0.0388977580406377,0.02348483379887746
5,28.06.2022,11,2022,True,har,0.0291396532357269,0.022101747346396566
5,29.06.2022,11,2022,True,har,0.0432364334440317,0.022599823889805845
5,30.06.2022,11,2022,True,har,0.0475602189391013,0.021677922538385103
5,01.07.2022,11,2022,True,har,0.0471794844749617,0.01963276399696951
5,05.07.2022,11,2022,True,har,0.0436757743025276,0.02049751081603184
5,06.07.2022,11,2022,True,har,0.0430065739098696,0.026431471817083788
5,07.07.2022,11,2022,True,har,0.0366188781565745,0.02455234386893912
5,08.07.2022,11,2022,True,har,0.0362119473540045,0.02704655157642656
5,11.07.2022,11,2022,True,har,0.0455391121501524,0.02698609546841587
5,12.07.2022,11,2022,True,har,0.0213348433368344,0.026568175243790668
5,13.07.2022,11,2022,True,har,0.0222376134776356,0.02993085316044391
5,14.07.2022,11,2022,True,har,0.0290390773439362,0.02845638964271609
5,15.07.2022,11,2022,True,har,0.0289434427512722,0.028059907235931585
5,18.07.2022,11,2022,True,har,0.0182352361284418,0.028677937678719696
5,19.07.2022,11,2022,True,har,0.0169281886590885,0.03128238898243267
5,20.07.2022,11,2022,True,har,0.0207761775958582,0.027452913768920388
5,21.07.2022,11,2022,True,har,0.0133730088559702,0.02727230192919323
5,22.07.2022,11,2022,True,har,0.0136944967218109,0.028350475674621085
5,25.07.2022,11,2022,True,har,0.0494022553840552,0.027841930089286513
5,26.07.2022,11,2022,True,har,0.0498784636758538,0.02703652263551788
5,27.07.2022,11,2022,True,har,0.0483996530282013,0.026488449151168693
5,28.07.2022,11,2022,True,har,0.0464783275897951,0.026944939829881893
5,29.07.2022,11,2022,True,har,0.0418861688475105,0.026062262288033662
5,01.08.2022,11,2022,True,har,0.0245810678391733,0.02689187008016622
5,02.08.2022,11,2022,True,har,0.0238236663264976,0.03443903153632323
5,03.08.2022,11,2022,True,har,0.0180658966084792,0.02996244918084665
5,04.08.2022,11,2022,True,har,0.0099412234045553,0.03094762127854315
5,05.08.2022,11,2022,True,har,0.0154540987472129,0.030041569228235497
5,08.08.2022,11,2022,True,har,0.0211972713433675,0.029035454229748528
5,09.08.2022,11,2022,True,har,0.0242392029183174,0.028152177020661594
5,10.08.2022,11,2022,True,har,0.024839699993191,0.025304286962467264
5,11.08.2022,11,2022,True,har,0.0275888664268584,0.025098750014309182
5,12.08.2022,11,2022,True,har,0.0272790198513842,0.02496171867406099
5,15.08.2022,11,2022,True,har,0.0222922890534748,0.025098496708343715
5,16.08.2022,11,2022,True,har,0.0177983633495112,0.02475709706018195
5,17.08.2022,11,2022,True,har,0.0180278637574978,0.02508810169301231
5,18.08.2022,11,2022,True,har,0.0208977537800072,0.0250829388927724
5,19.08.2022,11,2022,True,har,0.0212177509553953,0.026017608463622943
5,22.08.2022,11,2022,True,har,0.0239277474569451,0.02543067091167314
5,23.08.2022,11,2022,True,har,0.0370430345096706,0.024796397358554333
5,24.08.2022,11,2022,True,har,0.0380085095298807,0.026048037357007635
5,25.08.2022,11,2022,True,har,0.0410404135766191,0.025313151304965684
5,26.08.2022,11,2022,True,har,0.0394542405881542,0.02579610640843052
5,29.08.2022,11,2022,True,har,0.0270235740181712,0.02550565706184085
5,30.08.2022,11,2022,True,har,0.0261230280701952,0.021767324634554785
5,31.08.2022,11,2022,True,har,0.0305787547570415,0.025239226169592698
5,01.09.2022,11,2022,True,har,0.0343440615337863,0.024395873598606455
5,02.09.2022,11,2022,True,har,0.0346588775082219,0.02560070701973697
5,06.09.2022,11,2022,True,har,0.0349954443522493,0.024758368744164018
5,07.09.2022,11,2022,True,har,0.0176535127379473,0.023482502827033187
5,08.09.2022,11,2022,True,har,0.0280579809624851,0.025873210200482076
5,09.09.2022,11,2022,True,har,0.0197081153051014,0.02546315893279329
5,12.09.2022,11,2022,True,har,0.0187721489741461,0.026988680004342236
5,13.09.2022,11,2022,True,har,0.0193508268206692,0.02651885121796222
5,14.09.2022,11,2022,True,har,0.0173099656327135,0.026017580434880734
5,15.09.2022,11,2022,True,har,0.0103926968380768,0.024292703641227115
5,16.09.2022,11,2022,True,har,0.0229150146904457,0.02613616073332593
5,19.09.2022,11,2022,True,har,0.0206819087232873,0.024355776950428093
5,20.09.2022,11,2022,True,har,0.0287284858770683,0.024357614093568777
5,21.09.2022,11,2022,True,har,0.035033055197187,0.024641183477875233
5,22.09.2022,11,2022,True,har,0.0348464462339786,0.023344828564708257
5,23.09.2022,11,2022,True,har,0.0251023422719367,0.022735267770753846
5,26.09.2022,11,2022,True,har,0.0193048319572177,0.025448081472042212
5,27.09.2022,11,2022,True,har,0.0207453101968134,0.024619185487456313
5,28.09.2022,11,2022,True,har,0.0171804564979414,0.024579040713427903
5,29.09.2022,11,2022,True,har,0.0138781027025095,0.024865860846547613
5,30.09.2022,11,2022,True,har,0.0122399422805431,0.024022402833903337
5,03.10.2022,11,2022,True,har,0.0215531600978623,0.022184368181402465
5,04.10.2022,11,2022,True,har,0.0240308988269096,0.021867840197325628
5,05.10.2022,11,2022,True,har,0.0251713295263361,0.023148346608970506
5,06.10.2022,11,2022,True,har,0.0271222794569443,0.020761236728215594
5,07.10.2022,11,2022,True,har,0.0208205659535785,0.020374965248711914
5,10.10.2022,11,2022,True,har,0.0213539644904948,0.020525872506163636
5,11.10.2022,11,2022,True,har,0.021088035210841,0.021074794040232277
5,12.10.2022,11,2022,True,har,0.0249935020975634,0.0215420048295229
5,13.10.2022,11,2022,True,har,0.0216507256773397,0.021818400003131178
5,14.10.2022,11,2022,True,har,0.0162096049173378,0.02146849799080821
5,17.10.2022,11,2022,True,har,0.0164033179522224,0.021888522581635254
5,18.10.2022,11,2022,True,har,0.0117388620225948,0.02128681963087925
5,19.10.2022,11,2022,True,har,0.0105185640283109,0.021654732791195785
5,20.10.2022,11,2022,True,har,0.0098908292512911,0.022496617023847892
5,21.10.2022,11,2022,True,har,0.0137093328974761,0.021724104039848813
5,24.10.2022,11,2022,True,har,0.015015093573803,0.01974306629545708
5,25.10.2022,11,2022,True,har,0.015203304559265,0.018959947672521325
5,26.10.2022,11,2022,True,har,0.0129706212061072,0.018248575167313808
5,27.10.2022,11,2022,True,har,0.0125850038295,0.018055872445749688
5,28.10.2022,11,2022,True,har,0.0226876453511894,0.017740393777958975
5,31.10.2022,11,2022,True,har,0.0221689923949637,0.018160220564171763
5,01.11.2022,11,2022,True,har,0.0267325354091492,0.018331698497415515
5,02.11.2022,11,2022,True,har,0.0281683122428847,0.017429063209282482
5,03.11.2022,11,2022,True,har,0.0287393849180456,0.017498275309332484
5,04.11.2022,11,2022,True,har,0.0232084837580473,0.01760753072275787
5,07.11.2022,11,2022,True,har,0.0257824972119103,0.019117402024956962
5,08.11.2022,11,2022,True,har,0.024835003585886,0.018176835146382936
5,09.11.2022,11,2022,True,har,0.0212126716465812,0.019179229168505986
5,10.11.2022,11,2022,True,har,0.0247941565248746,0.01971152660036369
5,11.11.2022,11,2022,True,har,0.0169450771002525,0.019074855351055537
5,14.11.2022,11,2022,True,har,0.0166876499623457,0.018478860242001998
5,15.11.2022,11,2022,True,har,0.0175159481701444,0.01963952725643403
5,16.11.2022,11,2022,True,har,0.0199749986269314,0.018867412157547035
5,17.11.2022,11,2022,True,har,0.0179828105674462,0.01823858112900171
5,18.11.2022,11,2022,True,har,0.0172988444327937,0.01987573381942006
5,21.11.2022,11,2022,True,har,0.0173009111760676,0.019319020042759642
5,22.11.2022,11,2022,True,har,0.0235194988675586,0.018867508512607815
5,23.11.2022,11,2022,True,har,0.0194429155887255,0.019207600233910816
5,25.11.2022,11,2022,True,har,0.0176948704115357,0.01996185552660489
5,28.11.2022,11,2022,True,har,0.0250131364486002,0.01942166197239007
5,29.11.2022,11,2022,True,har,0.0307629405512638,0.01904690602558766
5,30.11.2022,11,2022,True,har,0.0228718861733588,0.01899421877348304
5,01.12.2022,11,2022,True,har,0.0120296861372627,0.020868300994340474
5,02.12.2022,11,2022,True,har,0.0163758712652026,0.020364228471208723
5,05.12.2022,11,2022,True,har,0.0253144598844368,0.020193084005011793
5,06.12.2022,11,2022,True,har,0.0257390484020682,0.019982639521962095
5,07.12.2022,11,2022,True,har,0.019891887924139,0.021313518430875842
5,08.12.2022,11,2022,True,har,0.021601396741394,0.020491062574695143
5,09.12.2022,11,2022,True,har,0.0280178249697552,0.019127586223257033
5,12.12.2022,11,2022,True,har,0.0265133343518885,0.018939354120344944
5,13.12.2022,11,2022,True,har,0.0209648935123383,0.02008468318841118
5,14.12.2022,11,2022,True,har,0.0217758627012899,0.02132901036166264
5,15.12.2022,11,2022,True,har,0.0211868847757172,0.021263428837132455
5,16.12.2022,11,2022,True,har,0.020109092276852,0.021349582219688898
5,19.12.2022,11,2022,True,har,0.0203580394638929,0.02178808354714351
5,20.12.2022,11,2022,True,har,0.022933900554235,0.021245533153550544
5,21.12.2022,11,2022,True,har,0.0213779069563614,0.020713501702974882
5,22.12.2022,11,2022,True,har,0.0264147005189759,0.021792169350795136
5,23.12.2022,11,2022,True,har,0.0323237219246353,0.02094626665868011
5,27.12.2022,11,2022,True,har,0.0381054098867075,0.02193593464473776
5,28.12.2022,11,2022,True,har,0.0400257792667213,0.021351563354016702
5,29.12.2022,11,2022,True,har,0.0402513157906767,0.021813740859238647
5,30.12.2022,11,2022,True,har,0.031853587257539,0.021177866332321278
5,03.01.2022,11,2022,True,har_ovx,0.0110826419419415,0.02065018597817883
5,04.01.2022,11,2022,True,har_ovx,0.0174993242572004,0.0188578279381834
5,05.01.2022,11,2022,True,har_ovx,0.0175258391023664,0.019116817571344875
5,06.01.2022,11,2022,True,har_ovx,0.0178928544116613,0.02072353727682026
5,07.01.2022,11,2022,True,har_ovx,0.0178144662979354,0.01793820380337805
5,10.01.2022,11,2022,True,har_ovx,0.0133608896408376,0.017884333305570255
5,11.01.2022,11,2022,True,har_ovx,0.0082152385180666,0.018139373013132346
5,12.01.2022,11,2022,True,har_ovx,0.0097072076170294,0.016964263628649758
5,13.01.2022,11,2022,True,har_ovx,0.0106653354759561,0.01714350609253141
5,14.01.2022,11,2022,True,har_ovx,0.0138493631005747,0.018247949454998108
5,18.01.2022,11,2022,True,har_ovx,0.0155436347741646,0.019598696513938387
5,19.01.2022,11,2022,True,har_ovx,0.0173155382171445,0.01974146599916554
5,20.01.2022,11,2022,True,har_ovx,0.0178984175826789,0.019389545581328653
5,21.01.2022,11,2022,True,har_ovx,0.0174448615967377,0.01870036206054302
5,24.01.2022,11,2022,True,har_ovx,0.0115798923032594,0.019227188342339812
5,25.01.2022,11,2022,True,har_ovx,0.0170313927717903,0.021246254737706954
5,26.01.2022,11,2022,True,har_ovx,0.014136891245438,0.021141046460075228
5,27.01.2022,11,2022,True,har_ovx,0.0158942298237324,0.0205369130456158
5,28.01.2022,11,2022,True,har_ovx,0.0182160205194706,0.02118333443311578
5,31.01.2022,11,2022,True,har_ovx,0.0186737021221789,0.021470078916476697
5,01.02.2022,11,2022,True,har_ovx,0.0180180229910048,0.019119539966061087
5,02.02.2022,11,2022,True,har_ovx,0.018145955895746,0.0190285290961818
5,03.02.2022,11,2022,True,har_ovx,0.0165301210597757,0.019379590095507188
5,04.02.2022,11,2022,True,har_ovx,0.0198648706471812,0.019408903031881017
5,07.02.2022,11,2022,True,har_ovx,0.0206527261340124,0.020093216566743677
5,08.02.2022,11,2022,True,har_ovx,0.0254161074439357,0.02009378821721739
5,09.02.2022,11,2022,True,har_ovx,0.0258844135083811,0.019352397931466134
5,10.02.2022,11,2022,True,har_ovx,0.028501464558728,0.018463945362641964
5,11.02.2022,11,2022,True,har_ovx,0.0237814320252879,0.020122940176505736
5,14.02.2022,11,2022,True,har_ovx,0.0274915572178127,0.02145124583835316
5,15.02.2022,11,2022,True,har_ovx,0.0200476555819615,0.022101920326415593
5,16.02.2022,11,2022,True,har_ovx,0.020966100900494,0.02229490668509457
5,17.02.2022,11,2022,True,har_ovx,0.0184279229426542,0.02287714412042429
5,18.02.2022,11,2022,True,har_ovx,0.0202082669827789,0.024392625666802305
5,22.02.2022,11,2022,True,har_ovx,0.0212146726824251,0.024061281969838887
5,23.02.2022,11,2022,True,har_ovx,0.0304853364347083,0.02323276192761974
5,24.02.2022,11,2022,True,har_ovx,0.0388732934829285,0.02358690506803931
5,25.02.2022,11,2022,True,har_ovx,0.0378665998710317,0.02286619872316998
5,28.02.2022,11,2022,True,har_ovx,0.0377065922214826,0.02316680088717994
5,01.03.2022,11,2022,True,har_ovx,0.0377127526274331,0.024281784417269144
5,02.03.2022,11,2022,True,har_ovx,0.0837502258418787,0.027753675801833667
5,03.03.2022,11,2022,True,har_ovx,0.0834668514304346,0.028282120591318117
5,04.03.2022,11,2022,True,har_ovx,0.0772412370055497,0.03011059413479483
5,07.03.2022,11,2022,True,har_ovx,0.0728927065846978,0.03502832308211446
5,08.03.2022,11,2022,True,har_ovx,0.0635504696956808,0.0360049198453027
5,09.03.2022,11,2022,True,har_ovx,0.0378167051916109,0.03493329113105098
5,10.03.2022,11,2022,True,har_ovx,0.0624240335176172,0.03682321679280028
5,11.03.2022,11,2022,True,har_ovx,0.0603753573250531,0.03595884648772085
5,14.03.2022,11,2022,True,har_ovx,0.0626376606639749,0.03606696402157433
5,15.03.2022,11,2022,True,har_ovx,0.0451584677217003,0.03526310870967024
5,16.03.2022,11,2022,True,har_ovx,0.0366072425086014,0.03497249565223503
5,17.03.2022,11,2022,True,har_ovx,0.0373821243746706,0.033617694567177045
5,18.03.2022,11,2022,True,har_ovx,0.0372884687493235,0.036935736688070035
5,21.03.2022,11,2022,True,har_ovx,0.0449225163283047,0.03802866982409946
5,22.03.2022,11,2022,True,har_ovx,0.0452703021505844,0.038497585839935004
5,23.03.2022,11,2022,True,har_ovx,0.0381785277834209,0.03853894665104428
5,24.03.2022,11,2022,True,har_ovx,0.0415910717490782,0.039273059287168496
5,25.03.2022,11,2022,True,har_ovx,0.0373132932162686,0.03840130712318198
5,28.03.2022,11,2022,True,har_ovx,0.0364582745775526,0.038345638440632594
5,29.03.2022,11,2022,True,har_ovx,0.0359285519218882,0.03773847933078502
5,30.03.2022,11,2022,True,har_ovx,0.0345006432683027,0.03648966849157735
5,31.03.2022,11,2022,True,har_ovx,0.0314602094688058,0.035387550549487834
5,01.04.2022,11,2022,True,har_ovx,0.0326675046177057,0.03417721498603839
5,04.04.2022,11,2022,True,har_ovx,0.0304930534269965,0.03267480882517012
5,05.04.2022,11,2022,True,har_ovx,0.0469188983352585,0.032569696103238815
5,06.04.2022,11,2022,True,har_ovx,0.0400752403163335,0.03235638763376134
5,07.04.2022,11,2022,True,har_ovx,0.0386773991913512,0.029772477556587712
5,08.04.2022,11,2022,True,har_ovx,0.0388334238513853,0.030601237920201696
5,11.04.2022,11,2022,True,har_ovx,0.0432399216554747,0.029980804347268325
5,12.04.2022,11,2022,True,har_ovx,0.0360115904898857,0.030257792187540794
5,13.04.2022,11,2022,True,har_ovx,0.0314807837343938,0.030263181683122153
5,14.04.2022,11,2022,True,har_ovx,0.0277584653421532,0.029046837709489078
5,18.04.2022,11,2022,True,har_ovx,0.0275292715589878,0.029115466424442675
5,19.04.2022,11,2022,True,har_ovx,0.0262441892165806,0.028359536376023512
5,20.04.2022,11,2022,True,har_ovx,0.0264526459632415,0.027471432474962955
5,21.04.2022,11,2022,True,har_ovx,0.0277530156966606,0.028592454549450946
5,22.04.2022,11,2022,True,har_ovx,0.027305011427435,0.027158240213930374
5,25.04.2022,11,2022,True,har_ovx,0.0169500051472974,0.027567357763860906
5,26.04.2022,11,2022,True,har_ovx,0.0199463459244538,0.02806445333799295
5,27.04.2022,11,2022,True,har_ovx,0.0295489187830252,0.027954267671436446
5,28.04.2022,11,2022,True,har_ovx,0.0287314096377469,0.028060765666988677
5,29.04.2022,11,2022,True,har_ovx,0.0285132032284767,0.02729680876648939
5,02.05.2022,11,2022,True,har_ovx,0.0405768511243632,0.027395032026618388
5,03.05.2022,11,2022,True,har_ovx,0.0419176580834898,0.02754960131095239
5,04.05.2022,11,2022,True,har_ovx,0.0419283096752657,0.027400273652914427
5,05.05.2022,11,2022,True,har_ovx,0.0415392122292414,0.027312200849309437
5,06.05.2022,11,2022,True,har_ovx,0.0455925148525763,0.027690991114940746
5,09.05.2022,11,2022,True,har_ovx,0.0326451367043632,0.027657352532235877
5,10.05.2022,11,2022,True,har_ovx,0.0280154583940762,0.029074310203484968
5,11.05.2022,11,2022,True,har_ovx,0.0273641522450019,0.02852971869153762
5,12.05.2022,11,2022,True,har_ovx,0.0291152218485244,0.027187476439812473
5,13.05.2022,11,2022,True,har_ovx,0.0242029582299441,0.027106578619204427
5,16.05.2022,11,2022,True,har_ovx,0.0214486416190277,0.026365556019794432
5,17.05.2022,11,2022,True,har_ovx,0.0186613086661761,0.02673073499535706
5,18.05.2022,11,2022,True,har_ovx,0.0101447933739244,0.025677341478325816
5,19.05.2022,11,2022,True,har_ovx,0.0112919129579786,0.026328233570810912
5,20.05.2022,11,2022,True,har_ovx,0.0113576199488064,0.026154217145982143
5,23.05.2022,11,2022,True,har_ovx,0.0130402098623786,0.02611383022517381
5,24.05.2022,11,2022,True,har_ovx,0.0347903825392226,0.02489150234180844
5,25.05.2022,11,2022,True,har_ovx,0.0349054821596037,0.024263529328705475
5,26.05.2022,11,2022,True,har_ovx,0.0333766368333713,0.024077009842267728
5,27.05.2022,11,2022,True,har_ovx,0.0325640890972682,0.02364434507357906
5,31.05.2022,11,2022,True,har_ovx,0.0294007505904709,0.02445619277819616
5,01.06.2022,11,2022,True,har_ovx,0.0099159148065463,0.025062257952398463
5,02.06.2022,11,2022,True,har_ovx,0.0123543571075954,0.025246906361477313
5,03.06.2022,11,2022,True,har_ovx,0.0133155566302636,0.02481250139645952
5,06.06.2022,11,2022,True,har_ovx,0.0130212219952121,0.0242047650659038
5,07.06.2022,11,2022,True,har_ovx,0.0139752587293263,0.024950359473196616
5,08.06.2022,11,2022,True,har_ovx,0.0089424064599893,0.023246094355455334
5,09.06.2022,11,2022,True,har_ovx,0.0125361666920213,0.02206983331927781
5,10.06.2022,11,2022,True,har_ovx,0.026714460973302,0.021727547776779765
5,13.06.2022,11,2022,True,har_ovx,0.0289274409472449,0.021391343571135535
5,14.06.2022,11,2022,True,har_ovx,0.0293332922741978,0.02287086549972048
5,15.06.2022,11,2022,True,har_ovx,0.0291423173478624,0.02240306578547289
5,16.06.2022,11,2022,True,har_ovx,0.0334360830394592,0.022416320252432585
5,17.06.2022,11,2022,True,har_ovx,0.0227443762743642,0.022033568815512154
5,21.06.2022,11,2022,True,har_ovx,0.0244922382375819,0.023568819740551146
5,22.06.2022,11,2022,True,har_ovx,0.0212346777958523,0.023087131441563744
5,23.06.2022,11,2022,True,har_ovx,0.0205231735513048,0.024007153651175773
5,24.06.2022,11,2022,True,har_ovx,0.0225841495572113,0.02400421600773624
5,27.06.2022,11,2022,True,har_ovx,0.0388977580406377,0.02351843381752709
5,28.06.2022,11,2022,True,har_ovx,0.0291396532357269,0.023414358686715736
5,29.06.2022,11,2022,True,har_ovx,0.0432364334440317,0.023285441614630874
5,30.06.2022,11,2022,True,har_ovx,0.0475602189391013,0.023913356178109912
5,01.07.2022,11,2022,True,har_ovx,0.0471794844749617,0.0233504517560403
5,05.07.2022,11,2022,True,har_ovx,0.0436757743025276,0.023542074733048375
5,06.07.2022,11,2022,True,har_ovx,0.0430065739098696,0.025596377801229444
5,07.07.2022,11,2022,True,har_ovx,0.0366188781565745,0.026911894611718595
5,08.07.2022,11,2022,True,har_ovx,0.0362119473540045,0.02655577657554874
5,11.07.2022,11,2022,True,har_ovx,0.0455391121501524,0.026432435648264585
5,12.07.2022,11,2022,True,har_ovx,0.0213348433368344,0.027015505124382166
5,13.07.2022,11,2022,True,har_ovx,0.0222376134776356,0.02755569009774449
5,14.07.2022,11,2022,True,har_ovx,0.0290390773439362,0.027289186629366344
5,15.07.2022,11,2022,True,har_ovx,0.0289434427512722,0.02767771579571282
5,18.07.2022,11,2022,True,har_ovx,0.0182352361284418,0.02718436505348016
5,19.07.2022,11,2022,True,har_ovx,0.0169281886590885,0.02667757150337378
5,20.07.2022,11,2022,True,har_ovx,0.0207761775958582,0.026132011843119165
5,21.07.2022,11,2022,True,har_ovx,0.0133730088559702,0.02570085406108125
5,22.07.2022,11,2022,True,har_ovx,0.0136944967218109,0.026830220228677912
5,25.07.2022,11,2022,True,har_ovx,0.0494022553840552,0.025836449443769043
5,26.07.2022,11,2022,True,har_ovx,0.0498784636758538,0.025608016003537442
5,27.07.2022,11,2022,True,har_ovx,0.0483996530282013,0.0255760017574235
5,28.07.2022,11,2022,True,har_ovx,0.0464783275897951,0.02585991924386489
5,29.07.2022,11,2022,True,har_ovx,0.0418861688475105,0.02530128311330381
5,01.08.2022,11,2022,True,har_ovx,0.0245810678391733,0.024875712376407948
5,02.08.2022,11,2022,True,har_ovx,0.0238236663264976,0.027081001957858383
5,03.08.2022,11,2022,True,har_ovx,0.0180658966084792,0.027984542892898853
5,04.08.2022,11,2022,True,har_ovx,0.0099412234045553,0.026851797660789215
5,05.08.2022,11,2022,True,har_ovx,0.0154540987472129,0.028569763629832233
5,08.08.2022,11,2022,True,har_ovx,0.0211972713433675,0.026297462241079102
5,09.08.2022,11,2022,True,har_ovx,0.0242392029183174,0.025318074764965802
5,10.08.2022,11,2022,True,har_ovx,0.024839699993191,0.024491868130290962
5,11.08.2022,11,2022,True,har_ovx,0.0275888664268584,0.024529413945193673
5,12.08.2022,11,2022,True,har_ovx,0.0272790198513842,0.024029908947870222
5,15.08.2022,11,2022,True,har_ovx,0.0222922890534748,0.023592090625436248
5,16.08.2022,11,2022,True,har_ovx,0.0177983633495112,0.02402967076994247
5,17.08.2022,11,2022,True,har_ovx,0.0180278637574978,0.02544219435111913
5,18.08.2022,11,2022,True,har_ovx,0.0208977537800072,0.02615803794485147
5,19.08.2022,11,2022,True,har_ovx,0.0212177509553953,0.024645063798246727
5,22.08.2022,11,2022,True,har_ovx,0.0239277474569451,0.026002358171677023
5,23.08.2022,11,2022,True,har_ovx,0.0370430345096706,0.02596877444688584
5,24.08.2022,11,2022,True,har_ovx,0.0380085095298807,0.02471858431717349
5,25.08.2022,11,2022,True,har_ovx,0.0410404135766191,0.025275374555265268
5,26.08.2022,11,2022,True,har_ovx,0.0394542405881542,0.025406752261119714
5,29.08.2022,11,2022,True,har_ovx,0.0270235740181712,0.024713101152103706
5,30.08.2022,11,2022,True,har_ovx,0.0261230280701952,0.023165338369969857
5,31.08.2022,11,2022,True,har_ovx,0.0305787547570415,0.024593796356977032
5,01.09.2022,11,2022,True,har_ovx,0.0343440615337863,0.025598255391013045
5,02.09.2022,11,2022,True,har_ovx,0.0346588775082219,0.026372696927021096
5,06.09.2022,11,2022,True,har_ovx,0.0349954443522493,0.026712500262318577
5,07.09.2022,11,2022,True,har_ovx,0.0176535127379473,0.025173029709326236
5,08.09.2022,11,2022,True,har_ovx,0.0280579809624851,0.026406797615239726
5,09.09.2022,11,2022,True,har_ovx,0.0197081153051014,0.026098898977526843
5,12.09.2022,11,2022,True,har_ovx,0.0187721489741461,0.025215046107597186
5,13.09.2022,11,2022,True,har_ovx,0.0193508268206692,0.023795672028149795
5,14.09.2022,11,2022,True,har_ovx,0.0173099656327135,0.023908848183613125
5,15.09.2022,11,2022,True,har_ovx,0.0103926968380768,0.02392760592555056
5,16.09.2022,11,2022,True,har_ovx,0.0229150146904457,0.024320790874107115
5,19.09.2022,11,2022,True,har_ovx,0.0206819087232873,0.024644186438690735
5,20.09.2022,11,2022,True,har_ovx,0.0287284858770683,0.024387523786321356
5,21.09.2022,11,2022,True,har_ovx,0.035033055197187,0.02488415973821581
5,22.09.2022,11,2022,True,har_ovx,0.0348464462339786,0.024720500139911523
5,23.09.2022,11,2022,True,har_ovx,0.0251023422719367,0.024108711956373832
5,26.09.2022,11,2022,True,har_ovx,0.0193048319572177,0.025484809355004412
5,27.09.2022,11,2022,True,har_ovx,0.0207453101968134,0.02777663994061793
5,28.09.2022,11,2022,True,har_ovx,0.0171804564979414,0.02728387295374003
5,29.09.2022,11,2022,True,har_ovx,0.0138781027025095,0.026792222945578453
5,30.09.2022,11,2022,True,har_ovx,0.0122399422805431,0.026693357322200153
5,03.10.2022,11,2022,True,har_ovx,0.0215531600978623,0.026758663724300615
5,04.10.2022,11,2022,True,har_ovx,0.0240308988269096,0.026896701278010124
5,05.10.2022,11,2022,True,har_ovx,0.0251713295263361,0.028148019392656647
5,06.10.2022,11,2022,True,har_ovx,0.0271222794569443,0.025686257322587763
5,07.10.2022,11,2022,True,har_ovx,0.0208205659535785,0.025416459614753736
5,10.10.2022,11,2022,True,har_ovx,0.0213539644904948,0.025176481942133847
5,11.10.2022,11,2022,True,har_ovx,0.021088035210841,0.02467870712256698
5,12.10.2022,11,2022,True,har_ovx,0.0249935020975634,0.02494215654583659
5,13.10.2022,11,2022,True,har_ovx,0.0216507256773397,0.024875672314758346
5,14.10.2022,11,2022,True,har_ovx,0.0162096049173378,0.024295306909332078
5,17.10.2022,11,2022,True,har_ovx,0.0164033179522224,0.024348118430620902
5,18.10.2022,11,2022,True,har_ovx,0.0117388620225948,0.0246336694137359
5,19.10.2022,11,2022,True,har_ovx,0.0105185640283109,0.024061970266472346
5,20.10.2022,11,2022,True,har_ovx,0.0098908292512911,0.02365101081343648
5,21.10.2022,11,2022,True,har_ovx,0.0137093328974761,0.02394472956046362
5,24.10.2022,11,2022,True,har_ovx,0.015015093573803,0.022863428970654808
5,25.10.2022,11,2022,True,har_ovx,0.015203304559265,0.022951566667847794
5,26.10.2022,11,2022,True,har_ovx,0.0129706212061072,0.022614264832657736
5,27.10.2022,11,2022,True,har_ovx,0.0125850038295,0.022702572038557717
5,28.10.2022,11,2022,True,har_ovx,0.0226876453511894,0.022925267079907725
5,31.10.2022,11,2022,True,har_ovx,0.0221689923949637,0.022568850866620378
5,01.11.2022,11,2022,True,har_ovx,0.0267325354091492,0.022498594068831364
5,02.11.2022,11,2022,True,har_ovx,0.0281683122428847,0.02216825054811562
5,03.11.2022,11,2022,True,har_ovx,0.0287393849180456,0.022266950266775727
5,04.11.2022,11,2022,True,har_ovx,0.0232084837580473,0.021850328968822347
5,07.11.2022,11,2022,True,har_ovx,0.0257824972119103,0.02214692867319889
5,08.11.2022,11,2022,True,har_ovx,0.024835003585886,0.02150904166648927
5,09.11.2022,11,2022,True,har_ovx,0.0212126716465812,0.021417934151738635
5,10.11.2022,11,2022,True,har_ovx,0.0247941565248746,0.02166436032490479
5,11.11.2022,11,2022,True,har_ovx,0.0169450771002525,0.021027828473726265
5,14.11.2022,11,2022,True,har_ovx,0.0166876499623457,0.020185447014058912
5,15.11.2022,11,2022,True,har_ovx,0.0175159481701444,0.02131570844833695
5,16.11.2022,11,2022,True,har_ovx,0.0199749986269314,0.022271274266879106
5,17.11.2022,11,2022,True,har_ovx,0.0179828105674462,0.021486559794864343
5,18.11.2022,11,2022,True,har_ovx,0.0172988444327937,0.02169710394894906
5,21.11.2022,11,2022,True,har_ovx,0.0173009111760676,0.02203146093986633
5,22.11.2022,11,2022,True,har_ovx,0.0235194988675586,0.022678343637927367
5,23.11.2022,11,2022,True,har_ovx,0.0194429155887255,0.022347582526642592
5,25.11.2022,11,2022,True,har_ovx,0.0176948704115357,0.024095031081893772
5,28.11.2022,11,2022,True,har_ovx,0.0250131364486002,0.02364586671094044
5,29.11.2022,11,2022,True,har_ovx,0.0307629405512638,0.023923222274725174
5,30.11.2022,11,2022,True,har_ovx,0.0228718861733588,0.023003442870410777
5,01.12.2022,11,2022,True,har_ovx,0.0120296861372627,0.02246237945065633
5,02.12.2022,11,2022,True,har_ovx,0.0163758712652026,0.022362899209489924
5,05.12.2022,11,2022,True,har_ovx,0.0253144598844368,0.022419734201336493
5,06.12.2022,11,2022,True,har_ovx,0.0257390484020682,0.021746056330317967
5,07.12.2022,11,2022,True,har_ovx,0.019891887924139,0.022338837054240824
5,08.12.2022,11,2022,True,har_ovx,0.021601396741394,0.02299364912467124
5,09.12.2022,11,2022,True,har_ovx,0.0280178249697552,0.022701115606023992
5,12.12.2022,11,2022,True,har_ovx,0.0265133343518885,0.022666237212804495
5,13.12.2022,11,2022,True,har_ovx,0.0209648935123383,0.021786466919962166
5,14.12.2022,11,2022,True,har_ovx,0.0217758627012899,0.021476625540436306
5,15.12.2022,11,2022,True,har_ovx,0.0211868847757172,0.021161096346157898
5,16.12.2022,11,2022,True,har_ovx,0.020109092276852,0.021951835524703082
5,19.12.2022,11,2022,True,har_ovx,0.0203580394638929,0.02131328714702109
5,20.12.2022,11,2022,True,har_ovx,0.022933900554235,0.02150684524685816
5,21.12.2022,11,2022,True,har_ovx,0.0213779069563614,0.021302335861344227
5,22.12.2022,11,2022,True,har_ovx,0.0264147005189759,0.0210360677092935
5,23.12.2022,11,2022,True,har_ovx,0.0323237219246353,0.021175754636783364
5,27.12.2022,11,2022,True,har_ovx,0.0381054098867075,0.020993311656732298
5,28.12.2022,11,2022,True,har_ovx,0.0400257792667213,0.022126610112657947
5,29.12.2022,11,2022,True,har_ovx,0.0402513157906767,0.022271994416191175
5,30.12.2022,11,2022,True,har_ovx,0.031853587257539,0.0215946762655593
5,03.01.2022,11,2022,True,har_gpr,0.0110826419419415,0.01771083479075429
5,04.01.2022,11,2022,True,har_gpr,0.0174993242572004,0.017716002618619157
5,05.01.2022,11,2022,True,har_gpr,0.0175258391023664,0.016440551624643387
5,06.01.2022,11,2022,True,har_gpr,0.0178928544116613,0.015708678532479394
5,07.01.2022,11,2022,True,har_gpr,0.0178144662979354,0.015962392138917404
5,10.01.2022,11,2022,True,har_gpr,0.0133608896408376,0.014698344303389288
5,11.01.2022,11,2022,True,har_gpr,0.0082152385180666,0.01564571466321762
5,12.01.2022,11,2022,True,har_gpr,0.0097072076170294,0.017252660434684222
5,13.01.2022,11,2022,True,har_gpr,0.0106653354759561,0.016585727649901356
5,14.01.2022,11,2022,True,har_gpr,0.0138493631005747,0.01650278928779116
5,18.01.2022,11,2022,True,har_gpr,0.0155436347741646,0.016879049649257273
5,19.01.2022,11,2022,True,har_gpr,0.0173155382171445,0.0154279834765997
5,20.01.2022,11,2022,True,har_gpr,0.0178984175826789,0.013380732767858144
5,21.01.2022,11,2022,True,har_gpr,0.0174448615967377,0.012714113267338067
5,24.01.2022,11,2022,True,har_gpr,0.0115798923032594,0.013020726197960537
5,25.01.2022,11,2022,True,har_gpr,0.0170313927717903,0.014176019487320798
5,26.01.2022,11,2022,True,har_gpr,0.014136891245438,0.014359216244183714
5,27.01.2022,11,2022,True,har_gpr,0.0158942298237324,0.0146635240685799
5,28.01.2022,11,2022,True,har_gpr,0.0182160205194706,0.014650431302425297
5,31.01.2022,11,2022,True,har_gpr,0.0186737021221789,0.014604528596432171
5,01.02.2022,11,2022,True,har_gpr,0.0180180229910048,0.013139972425821734
5,02.02.2022,11,2022,True,har_gpr,0.018145955895746,0.01471605625938529
5,03.02.2022,11,2022,True,har_gpr,0.0165301210597757,0.014069652619059767
5,04.02.2022,11,2022,True,har_gpr,0.0198648706471812,0.014642670041914056
5,07.02.2022,11,2022,True,har_gpr,0.0206527261340124,0.015170519120256451
5,08.02.2022,11,2022,True,har_gpr,0.0254161074439357,0.015220544143214589
5,09.02.2022,11,2022,True,har_gpr,0.0258844135083811,0.015911521885069873
5,10.02.2022,11,2022,True,har_gpr,0.028501464558728,0.014758452048484128
5,11.02.2022,11,2022,True,har_gpr,0.0237814320252879,0.014478672309526434
5,14.02.2022,11,2022,True,har_gpr,0.0274915572178127,0.016128799357898467
5,15.02.2022,11,2022,True,har_gpr,0.0200476555819615,0.01616833806530603
5,16.02.2022,11,2022,True,har_gpr,0.020966100900494,0.018039382021149537
5,17.02.2022,11,2022,True,har_gpr,0.0184279229426542,0.017839415690706045
5,18.02.2022,11,2022,True,har_gpr,0.0202082669827789,0.01854553612595113
5,22.02.2022,11,2022,True,har_gpr,0.0212146726824251,0.017868746898613008
5,23.02.2022,11,2022,True,har_gpr,0.0304853364347083,0.019321450291516412
5,24.02.2022,11,2022,True,har_gpr,0.0388732934829285,0.01785342206876224
5,25.02.2022,11,2022,True,har_gpr,0.0378665998710317,0.018474991455634616
5,28.02.2022,11,2022,True,har_gpr,0.0377065922214826,0.01787380993606095
5,01.03.2022,11,2022,True,har_gpr,0.0377127526274331,0.019178184861976852
5,02.03.2022,11,2022,True,har_gpr,0.0837502258418787,0.02030258119968436
5,03.03.2022,11,2022,True,har_gpr,0.0834668514304346,0.023872283606860348
5,04.03.2022,11,2022,True,har_gpr,0.0772412370055497,0.025366817839557528
5,07.03.2022,11,2022,True,har_gpr,0.0728927065846978,0.02729208246378058
5,08.03.2022,11,2022,True,har_gpr,0.0635504696956808,0.027361795106544122
5,09.03.2022,11,2022,True,har_gpr,0.0378167051916109,0.02796469347086101
5,10.03.2022,11,2022,True,har_gpr,0.0624240335176172,0.04238638416091715
5,11.03.2022,11,2022,True,har_gpr,0.0603753573250531,0.04199104910935879
5,14.03.2022,11,2022,True,har_gpr,0.0626376606639749,0.04106382043988116
5,15.03.2022,11,2022,True,har_gpr,0.0451584677217003,0.041063306322607476
5,16.03.2022,11,2022,True,har_gpr,0.0366072425086014,0.04265625927215021
5,17.03.2022,11,2022,True,har_gpr,0.0373821243746706,0.03977022992791064
5,18.03.2022,11,2022,True,har_gpr,0.0372884687493235,0.04484986559364789
5,21.03.2022,11,2022,True,har_gpr,0.0449225163283047,0.04237373488064414
5,22.03.2022,11,2022,True,har_gpr,0.0452703021505844,0.04578126708147082
5,23.03.2022,11,2022,True,har_gpr,0.0381785277834209,0.0423841670446721
5,24.03.2022,11,2022,True,har_gpr,0.0415910717490782,0.04304938028271028
5,25.03.2022,11,2022,True,har_gpr,0.0373132932162686,0.04277018995489547
5,28.03.2022,11,2022,True,har_gpr,0.0364582745775526,0.04311950264084742
5,29.03.2022,11,2022,True,har_gpr,0.0359285519218882,0.04692587300861595
5,30.03.2022,11,2022,True,har_gpr,0.0345006432683027,0.04580379652257395
5,31.03.2022,11,2022,True,har_gpr,0.0314602094688058,0.04416052028925675
5,01.04.2022,11,2022,True,har_gpr,0.0326675046177057,0.04541623390800742
5,04.04.2022,11,2022,True,har_gpr,0.0304930534269965,0.04253499463594051
5,05.04.2022,11,2022,True,har_gpr,0.0469188983352585,0.041838516212125074
5,06.04.2022,11,2022,True,har_gpr,0.0400752403163335,0.04073907182291134
5,07.04.2022,11,2022,True,har_gpr,0.0386773991913512,0.03621721807311056
5,08.04.2022,11,2022,True,har_gpr,0.0388334238513853,0.034980860084917
5,11.04.2022,11,2022,True,har_gpr,0.0432399216554747,0.035211555592667775
5,12.04.2022,11,2022,True,har_gpr,0.0360115904898857,0.03506419875108508
5,13.04.2022,11,2022,True,har_gpr,0.0314807837343938,0.036424937954481075
5,14.04.2022,11,2022,True,har_gpr,0.0277584653421532,0.03573913207864438
5,18.04.2022,11,2022,True,har_gpr,0.0275292715589878,0.033054492359855164
5,19.04.2022,11,2022,True,har_gpr,0.0262441892165806,0.03298840538177014
5,20.04.2022,11,2022,True,har_gpr,0.0264526459632415,0.0332712147492843
5,21.04.2022,11,2022,True,har_gpr,0.0277530156966606,0.03175040965193366
5,22.04.2022,11,2022,True,har_gpr,0.027305011427435,0.030364511908553816
5,25.04.2022,11,2022,True,har_gpr,0.0169500051472974,0.030039996613185908
5,26.04.2022,11,2022,True,har_gpr,0.0199463459244538,0.03118920049851874
5,27.04.2022,11,2022,True,har_gpr,0.0295489187830252,0.029352812464749183
5,28.04.2022,11,2022,True,har_gpr,0.0287314096377469,0.02880257205753197
5,29.04.2022,11,2022,True,har_gpr,0.0285132032284767,0.02906035987416506
5,02.05.2022,11,2022,True,har_gpr,0.0405768511243632,0.027884724877848648
5,03.05.2022,11,2022,True,har_gpr,0.0419176580834898,0.02586306814325447
5,04.05.2022,11,2022,True,har_gpr,0.0419283096752657,0.026121287149984608
5,05.05.2022,11,2022,True,har_gpr,0.0415392122292414,0.028437927289141747
5,06.05.2022,11,2022,True,har_gpr,0.0455925148525763,0.02592934915310787
5,09.05.2022,11,2022,True,har_gpr,0.0326451367043632,0.026022041494117562
5,10.05.2022,11,2022,True,har_gpr,0.0280154583940762,0.029913823114179096
5,11.05.2022,11,2022,True,har_gpr,0.0273641522450019,0.029150425411804046
5,12.05.2022,11,2022,True,har_gpr,0.0291152218485244,0.028769716139941656
5,13.05.2022,11,2022,True,har_gpr,0.0242029582299441,0.027040849854716636
5,16.05.2022,11,2022,True,har_gpr,0.0214486416190277,0.02844510191645596
5,17.05.2022,11,2022,True,har_gpr,0.0186613086661761,0.02746157550694533
5,18.05.2022,11,2022,True,har_gpr,0.0101447933739244,0.02567237465500018
5,19.05.2022,11,2022,True,har_gpr,0.0112919129579786,0.026108519771488453
5,20.05.2022,11,2022,True,har_gpr,0.0113576199488064,0.026514654367666084
5,23.05.2022,11,2022,True,har_gpr,0.0130402098623786,0.025541152633427527
5,24.05.2022,11,2022,True,har_gpr,0.0347903825392226,0.024183495428307326
5,25.05.2022,11,2022,True,har_gpr,0.0349054821596037,0.02358719324223454
5,26.05.2022,11,2022,True,har_gpr,0.0333766368333713,0.022989581674621885
5,27.05.2022,11,2022,True,har_gpr,0.0325640890972682,0.02375659508900205
5,31.05.2022,11,2022,True,har_gpr,0.0294007505904709,0.02354256016164684
5,01.06.2022,11,2022,True,har_gpr,0.0099159148065463,0.024154855348676247
5,02.06.2022,11,2022,True,har_gpr,0.0123543571075954,0.027546289300972637
5,03.06.2022,11,2022,True,har_gpr,0.0133155566302636,0.025680304559598216
5,06.06.2022,11,2022,True,har_gpr,0.0130212219952121,0.02579703372112846
5,07.06.2022,11,2022,True,har_gpr,0.0139752587293263,0.025528575510558427
5,08.06.2022,11,2022,True,har_gpr,0.0089424064599893,0.022975085890850802
5,09.06.2022,11,2022,True,har_gpr,0.0125361666920213,0.020830177703400066
5,10.06.2022,11,2022,True,har_gpr,0.026714460973302,0.01957120730184296
5,13.06.2022,11,2022,True,har_gpr,0.0289274409472449,0.019867214272532942
5,14.06.2022,11,2022,True,har_gpr,0.0293332922741978,0.018948163178453034
5,15.06.2022,11,2022,True,har_gpr,0.0291423173478624,0.018967546212773932
5,16.06.2022,11,2022,True,har_gpr,0.0334360830394592,0.018905644590145366
5,17.06.2022,11,2022,True,har_gpr,0.0227443762743642,0.018306296456483025
5,21.06.2022,11,2022,True,har_gpr,0.0244922382375819,0.022610735833118224
5,22.06.2022,11,2022,True,har_gpr,0.0212346777958523,0.021522497672280715
5,23.06.2022,11,2022,True,har_gpr,0.0205231735513048,0.02220934028697196
5,24.06.2022,11,2022,True,har_gpr,0.0225841495572113,0.0221203189263667
5,27.06.2022,11,2022,True,har_gpr,0.0388977580406377,0.02320684088160768
5,28.06.2022,11,2022,True,har_gpr,0.0291396532357269,0.021810630200087174
5,29.06.2022,11,2022,True,har_gpr,0.0432364334440317,0.02231130791089885
5,30.06.2022,11,2022,True,har_gpr,0.0475602189391013,0.021385132320065992
5,01.07.2022,11,2022,True,har_gpr,0.0471794844749617,0.019336881795176307
5,05.07.2022,11,2022,True,har_gpr,0.0436757743025276,0.020205980605987293
5,06.07.2022,11,2022,True,har_gpr,0.0430065739098696,0.026901137682024158
5,07.07.2022,11,2022,True,har_gpr,0.0366188781565745,0.02500564109857146
5,08.07.2022,11,2022,True,har_gpr,0.0362119473540045,0.027512891883720574
5,11.07.2022,11,2022,True,har_gpr,0.0455391121501524,0.027452333040075532
5,12.07.2022,11,2022,True,har_gpr,0.0213348433368344,0.026199291325014463
5,13.07.2022,11,2022,True,har_gpr,0.0222376134776356,0.029574572860457112
5,14.07.2022,11,2022,True,har_gpr,0.0290390773439362,0.028087515839273436
5,15.07.2022,11,2022,True,har_gpr,0.0289434427512722,0.02768773566292199
5,18.07.2022,11,2022,True,har_gpr,0.0182352361284418,0.028308559177746564
5,19.07.2022,11,2022,True,har_gpr,0.0169281886590885,0.03151030799615333
5,20.07.2022,11,2022,True,har_gpr,0.0207761775958582,0.027657812117494917
5,21.07.2022,11,2022,True,har_gpr,0.0133730088559702,0.027476589408438355
5,22.07.2022,11,2022,True,har_gpr,0.0136944967218109,0.028563253920214634
5,25.07.2022,11,2022,True,har_gpr,0.0494022553840552,0.028050794292076294
5,26.07.2022,11,2022,True,har_gpr,0.0498784636758538,0.026505086942451572
5,27.07.2022,11,2022,True,har_gpr,0.0483996530282013,0.025954007989747525
5,28.07.2022,11,2022,True,har_gpr,0.0464783275897951,0.026415082350521375
5,29.07.2022,11,2022,True,har_gpr,0.0418861688475105,0.02552509863491299
5,01.08.2022,11,2022,True,har_gpr,0.0245810678391733,0.026358960906294936
5,02.08.2022,11,2022,True,har_gpr,0.0238236663264976,0.034355227337903714
5,03.08.2022,11,2022,True,har_gpr,0.0180658966084792,0.029860663417063373
5,04.08.2022,11,2022,True,har_gpr,0.0099412234045553,0.030850966600421963
5,05.08.2022,11,2022,True,har_gpr,0.0154540987472129,0.029941350759323304
5,08.08.2022,11,2022,True,har_gpr,0.0211972713433675,0.028928814066098305
5,09.08.2022,11,2022,True,har_gpr,0.0242392029183174,0.027867882263264383
5,10.08.2022,11,2022,True,har_gpr,0.024839699993191,0.02501414469593523
5,11.08.2022,11,2022,True,har_gpr,0.0275888664268584,0.024806417425509618
5,12.08.2022,11,2022,True,har_gpr,0.0272790198513842,0.024666500443925907
5,15.08.2022,11,2022,True,har_gpr,0.0222922890534748,0.024805266211697357
5,16.08.2022,11,2022,True,har_gpr,0.0177983633495112,0.024939004882629123
5,17.08.2022,11,2022,True,har_gpr,0.0180278637574978,0.02527171180758414
5,18.08.2022,11,2022,True,har_gpr,0.0208977537800072,0.0252646487250605
5,19.08.2022,11,2022,True,har_gpr,0.0212177509553953,0.02620430374085694
5,22.08.2022,11,2022,True,har_gpr,0.0239277474569451,0.02561225138188596
5,23.08.2022,11,2022,True,har_gpr,0.0370430345096706,0.024406144225357446
5,24.08.2022,11,2022,True,har_gpr,0.0380085095298807,0.02566198796786509
5,25.08.2022,11,2022,True,har_gpr,0.0410404135766191,0.024922310579226576
5,26.08.2022,11,2022,True,har_gpr,0.0394542405881542,0.025408630775136117
5,29.08.2022,11,2022,True,har_gpr,0.0270235740181712,0.025117682186694783
5,30.08.2022,11,2022,True,har_gpr,0.0261230280701952,0.021674442289357738
5,31.08.2022,11,2022,True,har_gpr,0.0305787547570415,0.025159820162547687
5,01.09.2022,11,2022,True,har_gpr,0.0343440615337863,0.024311988981710365
5,02.09.2022,11,2022,True,har_gpr,0.0346588775082219,0.026003293468296194
5,06.09.2022,11,2022,True,har_gpr,0.0349954443522493,0.02515384411595959
5,07.09.2022,11,2022,True,har_gpr,0.0176535127379473,0.023308856974560047
5,08.09.2022,11,2022,True,har_gpr,0.0280579809624851,0.025709301385709163
5,09.09.2022,11,2022,True,har_gpr,0.0197081153051014,0.02529530986790378
5,12.09.2022,11,2022,True,har_gpr,0.0187721489741461,0.026828600634471816
5,13.09.2022,11,2022,True,har_gpr,0.0193508268206692,0.026719416089822583
5,14.09.2022,11,2022,True,har_gpr,0.0173099656327135,0.026217223420059072
5,15.09.2022,11,2022,True,har_gpr,0.0103926968380768,0.024481247589350753
5,16.09.2022,11,2022,True,har_gpr,0.0229150146904457,0.02633605554259587
5,19.09.2022,11,2022,True,har_gpr,0.0206819087232873,0.024544863455802358
5,20.09.2022,11,2022,True,har_gpr,0.0287284858770683,0.024120277420712006
5,21.09.2022,11,2022,True,har_gpr,0.035033055197187,0.02440564407838156
5,22.09.2022,11,2022,True,har_gpr,0.0348464462339786,0.023105762785502488
5,23.09.2022,11,2022,True,har_gpr,0.0251023422719367,0.02249155144249878
5,26.09.2022,11,2022,True,har_gpr,0.0193048319572177,0.02522024265263486
5,27.09.2022,11,2022,True,har_gpr,0.0207453101968134,0.024460605482201973
5,28.09.2022,11,2022,True,har_gpr,0.0171804564979414,0.024424893484287155
5,29.09.2022,11,2022,True,har_gpr,0.0138781027025095,0.024716670774597355
5,30.09.2022,11,2022,True,har_gpr,0.0122399422805431,0.023868460780375546
5,03.10.2022,11,2022,True,har_gpr,0.0215531600978623,0.022022602056237687
5,04.10.2022,11,2022,True,har_gpr,0.0240308988269096,0.021564320832935316
5,05.10.2022,11,2022,True,har_gpr,0.0251713295263361,0.022850322624203875
5,06.10.2022,11,2022,True,har_gpr,0.0271222794569443,0.02045626223065652
5,07.10.2022,11,2022,True,har_gpr,0.0208205659535785,0.02006694801763216
5,10.10.2022,11,2022,True,har_gpr,0.0213539644904948,0.020220794328201105
5,11.10.2022,11,2022,True,har_gpr,0.021088035210841,0.020772638969305843
5,12.10.2022,11,2022,True,har_gpr,0.0249935020975634,0.022518552521299442
5,13.10.2022,11,2022,True,har_gpr,0.0216507256773397,0.022795844350785275
5,14.10.2022,11,2022,True,har_gpr,0.0162096049173378,0.022446995495800363
5,17.10.2022,11,2022,True,har_gpr,0.0164033179522224,0.022865446271524172
5,18.10.2022,11,2022,True,har_gpr,0.0117388620225948,0.021511693033625167
5,19.10.2022,11,2022,True,har_gpr,0.0105185640283109,0.021882404057994666
5,20.10.2022,11,2022,True,har_gpr,0.0098908292512911,0.02272859268635586
5,21.10.2022,11,2022,True,har_gpr,0.0137093328974761,0.021949680762633178
5,24.10.2022,11,2022,True,har_gpr,0.015015093573803,0.019965108151176917
5,25.10.2022,11,2022,True,har_gpr,0.015203304559265,0.01856072597493355
5,26.10.2022,11,2022,True,har_gpr,0.0129706212061072,0.017846066693229336
5,27.10.2022,11,2022,True,har_gpr,0.0125850038295,0.017655391961787937
5,28.10.2022,11,2022,True,har_gpr,0.0226876453511894,0.017337803069499953
5,31.10.2022,11,2022,True,har_gpr,0.0221689923949637,0.017760034171008927
5,01.11.2022,11,2022,True,har_gpr,0.0267325354091492,0.018607815249595015
5,02.11.2022,11,2022,True,har_gpr,0.0281683122428847,0.017703070873960357
5,03.11.2022,11,2022,True,har_gpr,0.0287393849180456,0.017773183539958774
5,04.11.2022,11,2022,True,har_gpr,0.0232084837580473,0.017882331960318056
5,07.11.2022,11,2022,True,har_gpr,0.0257824972119103,0.019402918672421016
5,08.11.2022,11,2022,True,har_gpr,0.024835003585886,0.017957710091455796
5,09.11.2022,11,2022,True,har_gpr,0.0212126716465812,0.01896657385346808
5,10.11.2022,11,2022,True,har_gpr,0.0247941565248746,0.019500598006678808
5,11.11.2022,11,2022,True,har_gpr,0.0169450771002525,0.018860905334057574
5,14.11.2022,11,2022,True,har_gpr,0.0166876499623457,0.01826321497477173
5,15.11.2022,11,2022,True,har_gpr,0.0175159481701444,0.02025355690509156
5,16.11.2022,11,2022,True,har_gpr,0.0199749986269314,0.019476796682849466
5,17.11.2022,11,2022,True,har_gpr,0.0179828105674462,0.018845733170424404
5,18.11.2022,11,2022,True,har_gpr,0.0172988444327937,0.020490032989382668
5,21.11.2022,11,2022,True,har_gpr,0.0173009111760676,0.019927138789268713
5,22.11.2022,11,2022,True,har_gpr,0.0235194988675586,0.018304943312366467
5,23.11.2022,11,2022,True,har_gpr,0.0194429155887255,0.018647087279888074
5,25.11.2022,11,2022,True,har_gpr,0.0176948704115357,0.01940693832315006
5,28.11.2022,11,2022,True,har_gpr,0.0250131364486002,0.018863191949499935
5,29.11.2022,11,2022,True,har_gpr,0.0307629405512638,0.018244814237997002
5,30.11.2022,11,2022,True,har_gpr,0.0228718861733588,0.018191583482755826
5,01.12.2022,11,2022,True,har_gpr,0.0120296861372627,0.020075005617707357
5,02.12.2022,11,2022,True,har_gpr,0.0163758712652026,0.01969261261856662
5,05.12.2022,11,2022,True,har_gpr,0.0253144598844368,0.01952010123921611
5,06.12.2022,11,2022,True,har_gpr,0.0257390484020682,0.01994306441342839
5,07.12.2022,11,2022,True,har_gpr,0.019891887924139,0.021279539727287737
5,08.12.2022,11,2022,True,har_gpr,0.021601396741394,0.020450010409209095
5,09.12.2022,11,2022,True,har_gpr,0.0280178249697552,0.019077067268099324
5,12.12.2022,11,2022,True,har_gpr,0.0265133343518885,0.018889102872410378
5,13.12.2022,11,2022,True,har_gpr,0.0209648935123383,0.02065948718458987
5,14.12.2022,11,2022,True,har_gpr,0.0217758627012899,0.02190685505137723
5,15.12.2022,11,2022,True,har_gpr,0.0211868847757172,0.021836763884461825
5,16.12.2022,11,2022,True,har_gpr,0.020109092276852,0.021922984471345112
5,19.12.2022,11,2022,True,har_gpr,0.0203580394638929,0.022366696825611734
5,20.12.2022,11,2022,True,har_gpr,0.022933900554235,0.022012995367813808
5,21.12.2022,11,2022,True,har_gpr,0.0213779069563614,0.021476351098041736
5,22.12.2022,11,2022,True,har_gpr,0.0264147005189759,0.02256030283214338
5,23.12.2022,11,2022,True,har_gpr,0.0323237219246353,0.021711319622628296
5,27.12.2022,11,2022,True,har_gpr,0.0381054098867075,0.022704562149717073
5,28.12.2022,11,2022,True,har_gpr,0.0400257792667213,0.02169555930404004
5,29.12.2022,11,2022,True,har_gpr,0.0402513157906767,0.022160787986080586
5,30.12.2022,11,2022,True,har_gpr,0.031853587257539,0.021523239031746112
5,03.01.2022,11,2022,True,har_x,0.0110826419419415,0.019853246638130505
5,04.01.2022,11,2022,True,har_x,0.0174993242572004,0.017880883901074802
5,05.01.2022,11,2022,True,har_x,0.0175258391023664,0.018160512217312765
5,06.01.2022,11,2022,True,har_x,0.0178928544116613,0.01980546582095539
5,07.01.2022,11,2022,True,har_x,0.0178144662979354,0.016966776126057095
5,10.01.2022,11,2022,True,har_x,0.0133608896408376,0.016930733983559636
5,11.01.2022,11,2022,True,har_x,0.0082152385180666,0.018306834009855052
5,12.01.2022,11,2022,True,har_x,0.0097072076170294,0.017091793826984742
5,13.01.2022,11,2022,True,har_x,0.0106653354759561,0.01727486413481482
5,14.01.2022,11,2022,True,har_x,0.0138493631005747,0.018397126150354944
5,18.01.2022,11,2022,True,har_x,0.0155436347741646,0.019773558404084266
5,19.01.2022,11,2022,True,har_x,0.0173155382171445,0.01968345072873322
5,20.01.2022,11,2022,True,har_x,0.0178984175826789,0.019355108418820738
5,21.01.2022,11,2022,True,har_x,0.0174448615967377,0.018657673204437987
5,24.01.2022,11,2022,True,har_x,0.0115798923032594,0.019190993529549845
5,25.01.2022,11,2022,True,har_x,0.0170313927717903,0.021899047431885744
5,26.01.2022,11,2022,True,har_x,0.014136891245438,0.021789367669711856
5,27.01.2022,11,2022,True,har_x,0.0158942298237324,0.021167686210701735
5,28.01.2022,11,2022,True,har_x,0.0182160205194706,0.021820931446026582
5,31.01.2022,11,2022,True,har_x,0.0186737021221789,0.022114212997786542
5,01.02.2022,11,2022,True,har_x,0.0180180229910048,0.019026021472505247
5,02.02.2022,11,2022,True,har_x,0.018145955895746,0.018910913181071798
5,03.02.2022,11,2022,True,har_x,0.0165301210597757,0.01927245328508594
5,04.02.2022,11,2022,True,har_x,0.0198648706471812,0.019298468060783665
5,07.02.2022,11,2022,True,har_x,0.0206527261340124,0.019988190718535217
5,08.02.2022,11,2022,True,har_x,0.0254161074439357,0.020784279487342235
5,09.02.2022,11,2022,True,har_x,0.0258844135083811,0.020025646442111997
5,10.02.2022,11,2022,True,har_x,0.028501464558728,0.01913215176676872
5,11.02.2022,11,2022,True,har_x,0.0237814320252879,0.02082414486384494
5,14.02.2022,11,2022,True,har_x,0.0274915572178127,0.022162945742857123
5,15.02.2022,11,2022,True,har_x,0.0200476555819615,0.022875849918271785
5,16.02.2022,11,2022,True,har_x,0.020966100900494,0.02304738565840145
5,17.02.2022,11,2022,True,har_x,0.0184279229426542,0.02363622910792762
5,18.02.2022,11,2022,True,har_x,0.0202082669827789,0.025168956729468697
5,22.02.2022,11,2022,True,har_x,0.0212146726824251,0.024839549473450368
5,23.02.2022,11,2022,True,har_x,0.0304853364347083,0.024595297971007832
5,24.02.2022,11,2022,True,har_x,0.0388732934829285,0.024969150705944944
5,25.02.2022,11,2022,True,har_x,0.0378665998710317,0.025875880219885586
5,28.02.2022,11,2022,True,har_x,0.0377065922214826,0.02758739360733964
5,01.03.2022,11,2022,True,har_x,0.0377127526274331,0.02819916044921114
5,02.03.2022,11,2022,True,har_x,0.0837502258418787,0.03280149297628617
5,03.03.2022,11,2022,True,har_x,0.0834668514304346,0.03314169693908744
5,04.03.2022,11,2022,True,har_x,0.0772412370055497,0.03490201925134242
5,07.03.2022,11,2022,True,har_x,0.0728927065846978,0.03839825288556343
5,08.03.2022,11,2022,True,har_x,0.0635504696956808,0.03964203571466042
5,09.03.2022,11,2022,True,har_x,0.0378167051916109,0.03893421854002378
5,10.03.2022,11,2022,True,har_x,0.0624240335176172,0.03926404384310004
5,11.03.2022,11,2022,True,har_x,0.0603753573250531,0.04041984658508473
5,14.03.2022,11,2022,True,har_x,0.0626376606639749,0.04055961100589738
5,15.03.2022,11,2022,True,har_x,0.0451584677217003,0.03813556851256447
5,16.03.2022,11,2022,True,har_x,0.0366072425086014,0.037726220213736
5,17.03.2022,11,2022,True,har_x,0.0373821243746706,0.038449619743675764
5,18.03.2022,11,2022,True,har_x,0.0372884687493235,0.03965087881126852
5,21.03.2022,11,2022,True,har_x,0.0449225163283047,0.04015815938932914
5,22.03.2022,11,2022,True,har_x,0.0452703021505844,0.040782255403450915
5,23.03.2022,11,2022,True,har_x,0.0381785277834209,0.04058950991479813
5,24.03.2022,11,2022,True,har_x,0.0415910717490782,0.04149424259571573
5,25.03.2022,11,2022,True,har_x,0.0373132932162686,0.041159579922697746
5,28.03.2022,11,2022,True,har_x,0.0364582745775526,0.041981364140654905
5,29.03.2022,11,2022,True,har_x,0.0359285519218882,0.04095518791135063
5,30.03.2022,11,2022,True,har_x,0.0345006432683027,0.03968018940766549
5,31.03.2022,11,2022,True,har_x,0.0314602094688058,0.038589268361049894
5,01.04.2022,11,2022,True,har_x,0.0326675046177057,0.037344600658577046
5,04.04.2022,11,2022,True,har_x,0.0304930534269965,0.033993883654701885
5,05.04.2022,11,2022,True,har_x,0.0469188983352585,0.03342301707045181
5,06.04.2022,11,2022,True,har_x,0.0400752403163335,0.03321350089621111
5,07.04.2022,11,2022,True,har_x,0.0386773991913512,0.030662675587121623
5,08.04.2022,11,2022,True,har_x,0.0388334238513853,0.03150799673775937
5,11.04.2022,11,2022,True,har_x,0.0432399216554747,0.030878278618086355
5,12.04.2022,11,2022,True,har_x,0.0360115904898857,0.031476644958630465
5,13.04.2022,11,2022,True,har_x,0.0314807837343938,0.03145723221869708
5,14.04.2022,11,2022,True,har_x,0.0277584653421532,0.030225243379594348
5,18.04.2022,11,2022,True,har_x,0.0275292715589878,0.030328788723284886
5,19.04.2022,11,2022,True,har_x,0.0262441892165806,0.02995837403618006
5,20.04.2022,11,2022,True,har_x,0.0264526459632415,0.02906173633025776
5,21.04.2022,11,2022,True,har_x,0.0277530156966606,0.030211622391515484
5,22.04.2022,11,2022,True,har_x,0.027305011427435,0.02877749688936732
5,25.04.2022,11,2022,True,har_x,0.0169500051472974,0.02920201849695697
5,26.04.2022,11,2022,True,har_x,0.0199463459244538,0.030269966712192738
5,27.04.2022,11,2022,True,har_x,0.0295489187830252,0.030178339987188912
5,28.04.2022,11,2022,True,har_x,0.0287314096377469,0.030285846347895613
5,29.04.2022,11,2022,True,har_x,0.0285132032284767,0.029510047207083112
5,02.05.2022,11,2022,True,har_x,0.0405768511243632,0.02962475953007703
5,03.05.2022,11,2022,True,har_x,0.0419176580834898,0.02750600247625132
5,04.05.2022,11,2022,True,har_x,0.0419283096752657,0.027351132679279588
5,05.05.2022,11,2022,True,har_x,0.0415392122292414,0.027230677907262642
5,06.05.2022,11,2022,True,har_x,0.0455925148525763,0.027636466755853836
5,09.05.2022,11,2022,True,har_x,0.0326451367043632,0.027603499060071097
5,10.05.2022,11,2022,True,har_x,0.0280154583940762,0.02980161902638169
5,11.05.2022,11,2022,True,har_x,0.0273641522450019,0.029247016812354205
5,12.05.2022,11,2022,True,har_x,0.0291152218485244,0.027890864776561216
5,13.05.2022,11,2022,True,har_x,0.0242029582299441,0.027815052416661403
5,16.05.2022,11,2022,True,har_x,0.0214486416190277,0.027051554948136568
5,17.05.2022,11,2022,True,har_x,0.0186613086661761,0.027698948979142646
5,18.05.2022,11,2022,True,har_x,0.0101447933739244,0.02665330722436235
5,19.05.2022,11,2022,True,har_x,0.0112919129579786,0.027312502584609516
5,20.05.2022,11,2022,True,har_x,0.0113576199488064,0.027128681153101453
5,23.05.2022,11,2022,True,har_x,0.0130402098623786,0.027096679033425785
5,24.05.2022,11,2022,True,har_x,0.0347903825392226,0.02561697975546583
5,25.05.2022,11,2022,True,har_x,0.0349054821596037,0.024985494018282893
5,26.05.2022,11,2022,True,har_x,0.0333766368333713,0.024811496879762602
5,27.05.2022,11,2022,True,har_x,0.0325640890972682,0.02436866975119711
5,31.05.2022,11,2022,True,har_x,0.0294007505904709,0.0251938773205173
5,01.06.2022,11,2022,True,har_x,0.0099159148065463,0.026450672772142907
5,02.06.2022,11,2022,True,har_x,0.0123543571075954,0.02607896105596036
5,03.06.2022,11,2022,True,har_x,0.0133155566302636,0.025646162494370725
5,06.06.2022,11,2022,True,har_x,0.0130212219952121,0.025029255190081978
5,07.06.2022,11,2022,True,har_x,0.0139752587293263,0.026147710640479604
5,08.06.2022,11,2022,True,har_x,0.0089424064599893,0.024452580574370258
5,09.06.2022,11,2022,True,har_x,0.0125361666920213,0.023305390306737176
5,10.06.2022,11,2022,True,har_x,0.026714460973302,0.02296473460544767
5,13.06.2022,11,2022,True,har_x,0.0289274409472449,0.022619196541183727
5,14.06.2022,11,2022,True,har_x,0.0293332922741978,0.02365287982132685
5,15.06.2022,11,2022,True,har_x,0.0291423173478624,0.02317805294032318
5,16.06.2022,11,2022,True,har_x,0.0334360830394592,0.023201193136503626
5,17.06.2022,11,2022,True,har_x,0.0227443762743642,0.02281273532358341
5,21.06.2022,11,2022,True,har_x,0.0244922382375819,0.024322891363603827
5,22.06.2022,11,2022,True,har_x,0.0212346777958523,0.023088775728608263
5,23.06.2022,11,2022,True,har_x,0.0205231735513048,0.02402041882808474
5,24.06.2022,11,2022,True,har_x,0.0225841495572113,0.02401492068213919
5,27.06.2022,11,2022,True,har_x,0.0388977580406377,0.02350641981652604
5,28.06.2022,11,2022,True,har_x,0.0291396532357269,0.023592603291900098
5,29.06.2022,11,2022,True,har_x,0.0432364334440317,0.023455835799364888
5,30.06.2022,11,2022,True,har_x,0.0475602189391013,0.024106857168555026
5,01.07.2022,11,2022,True,har_x,0.0471794844749617,0.023561721660355327
5,05.07.2022,11,2022,True,har_x,0.0436757743025276,0.02374900656190075
5,06.07.2022,11,2022,True,har_x,0.0430065739098696,0.02608591733493099
5,07.07.2022,11,2022,True,har_x,0.0366188781565745,0.02743625551037898
5,08.07.2022,11,2022,True,har_x,0.0362119473540045,0.027034715591196464
5,11.07.2022,11,2022,True,har_x,0.0455391121501524,0.026900591502807072
5,12.07.2022,11,2022,True,har_x,0.0213348433368344,0.026884195299856688
5,13.07.2022,11,2022,True,har_x,0.0222376134776356,0.027417391049196892
5,14.07.2022,11,2022,True,har_x,0.0290390773439362,0.027140029022627018
5,15.07.2022,11,2022,True,har_x,0.0289434427512722,0.027547628013163197
5,18.07.2022,11,2022,True,har_x,0.0182352361284418,0.02704283106798194
5,19.07.2022,11,2022,True,har_x,0.0169281886590885,0.02712638057173809
5,20.07.2022,11,2022,True,har_x,0.0207761775958582,0.0266283340680159
5,21.07.2022,11,2022,True,har_x,0.0133730088559702,0.026188808718725316
5,22.07.2022,11,2022,True,har_x,0.0136944967218109,0.02732788049322623
5,25.07.2022,11,2022,True,har_x,0.0494022553840552,0.026314626457213136
5,26.07.2022,11,2022,True,har_x,0.0498784636758538,0.025320023008600694
5,27.07.2022,11,2022,True,har_x,0.0483996530282013,0.025291767591371955
5,28.07.2022,11,2022,True,har_x,0.0464783275897951,0.025576686466083427
5,29.07.2022,11,2022,True,har_x,0.0418861688475105,0.025019846736733558
5,01.08.2022,11,2022,True,har_x,0.0245810678391733,0.02458268730595595
5,02.08.2022,11,2022,True,har_x,0.0238236663264976,0.027281227310253384
5,03.08.2022,11,2022,True,har_x,0.0180658966084792,0.02822975061558207
5,04.08.2022,11,2022,True,har_x,0.0099412234045553,0.02707592523418879
5,05.08.2022,11,2022,True,har_x,0.0154540987472129,0.028835686719713562
5,08.08.2022,11,2022,True,har_x,0.0211972713433675,0.026532054352247977
5,09.08.2022,11,2022,True,har_x,0.0242392029183174,0.025638078019978847
5,10.08.2022,11,2022,True,har_x,0.024839699993191,0.024831385191148636
5,11.08.2022,11,2022,True,har_x,0.0275888664268584,0.024879826352737614
5,12.08.2022,11,2022,True,har_x,0.0272790198513842,0.02438350257588984
5,15.08.2022,11,2022,True,har_x,0.0222922890534748,0.023928609989694438
5,16.08.2022,11,2022,True,har_x,0.0177983633495112,0.024308783886685312
5,17.08.2022,11,2022,True,har_x,0.0180278637574978,0.025739480151892445
5,18.08.2022,11,2022,True,har_x,0.0208977537800072,0.026462388147814462
5,19.08.2022,11,2022,True,har_x,0.0212177509553953,0.024912764577601058
5,22.08.2022,11,2022,True,har_x,0.0239277474569451,0.02629242166432051
5,23.08.2022,11,2022,True,har_x,0.0370430345096706,0.02573256656105655
5,24.08.2022,11,2022,True,har_x,0.0380085095298807,0.024458738871739428
5,25.08.2022,11,2022,True,har_x,0.0410404135766191,0.025025370069790852
5,26.08.2022,11,2022,True,har_x,0.0394542405881542,0.025153479253184494
5,29.08.2022,11,2022,True,har_x,0.0270235740181712,0.024450032875296436
5,30.08.2022,11,2022,True,har_x,0.0261230280701952,0.023371806685329965
5,31.08.2022,11,2022,True,har_x,0.0305787547570415,0.02477431463682133
5,01.09.2022,11,2022,True,har_x,0.0343440615337863,0.025797881180591425
5,02.09.2022,11,2022,True,har_x,0.0346588775082219,0.026689917311256223
5,06.09.2022,11,2022,True,har_x,0.0349954443522493,0.027035342871011277
5,07.09.2022,11,2022,True,har_x,0.0176535127379473,0.02530032863650185
5,08.09.2022,11,2022,True,har_x,0.0280579809624851,0.026543297380136003
5,09.09.2022,11,2022,True,har_x,0.0197081153051014,0.026217008039122493
5,12.09.2022,11,2022,True,har_x,0.0187721489741461,0.0253030393265772
5,13.09.2022,11,2022,True,har_x,0.0193508268206692,0.02405526025805711
5,14.09.2022,11,2022,True,har_x,0.0173099656327135,0.02417588343124459
5,15.09.2022,11,2022,True,har_x,0.0103926968380768,0.024232840596277748
5,16.09.2022,11,2022,True,har_x,0.0229150146904457,0.02460891416503229
5,19.09.2022,11,2022,True,har_x,0.0206819087232873,0.024958488757058077
5,20.09.2022,11,2022,True,har_x,0.0287284858770683,0.0244834272168964
5,21.09.2022,11,2022,True,har_x,0.035033055197187,0.024987757769112152
5,22.09.2022,11,2022,True,har_x,0.0348464462339786,0.02483830191133176
5,23.09.2022,11,2022,True,har_x,0.0251023422719367,0.024228491338819026
5,26.09.2022,11,2022,True,har_x,0.0193048319572177,0.02559790704546221
5,27.09.2022,11,2022,True,har_x,0.0207453101968134,0.028454730617091837
5,28.09.2022,11,2022,True,har_x,0.0171804564979414,0.027947695329947474
5,29.09.2022,11,2022,True,har_x,0.0138781027025095,0.027441363807458607
5,30.09.2022,11,2022,True,har_x,0.0122399422805431,0.027343132898008056
5,03.10.2022,11,2022,True,har_x,0.0215531600978623,0.027441493826393246
5,04.10.2022,11,2022,True,har_x,0.0240308988269096,0.027481710554991524
5,05.10.2022,11,2022,True,har_x,0.0251713295263361,0.02874538453803225
5,06.10.2022,11,2022,True,har_x,0.0271222794569443,0.026268548822200703
5,07.10.2022,11,2022,True,har_x,0.0208205659535785,0.025999602846374755
5,10.10.2022,11,2022,True,har_x,0.0213539644904948,0.025763722818618662
5,11.10.2022,11,2022,True,har_x,0.021088035210841,0.02523506575982802
5,12.10.2022,11,2022,True,har_x,0.0249935020975634,0.027224142405491255
5,13.10.2022,11,2022,True,har_x,0.0216507256773397,0.027151627460959792
5,14.10.2022,11,2022,True,har_x,0.0162096049173378,0.02656502762334965
5,17.10.2022,11,2022,True,har_x,0.0164033179522224,0.026621210254275045
5,18.10.2022,11,2022,True,har_x,0.0117388620225948,0.025690972237524888
5,19.10.2022,11,2022,True,har_x,0.0105185640283109,0.02511031769109739
5,20.10.2022,11,2022,True,har_x,0.0098908292512911,0.024680269391724317
5,21.10.2022,11,2022,True,har_x,0.0137093328974761,0.02498318063933639
5,24.10.2022,11,2022,True,har_x,0.015015093573803,0.023918067023946873
5,25.10.2022,11,2022,True,har_x,0.015203304559265,0.02265429540908401
5,26.10.2022,11,2022,True,har_x,0.0129706212061072,0.022324386928351307
5,27.10.2022,11,2022,True,har_x,0.0125850038295,0.02242538005901171
5,28.10.2022,11,2022,True,har_x,0.0226876453511894,0.02265342147324424
5,31.10.2022,11,2022,True,har_x,0.0221689923949637,0.022281353262116287
5,01.11.2022,11,2022,True,har_x,0.0267325354091492,0.022957328895542306
5,02.11.2022,11,2022,True,har_x,0.0281683122428847,0.02263033952445006
5,03.11.2022,11,2022,True,har_x,0.0287393849180456,0.022736780892677187
5,04.11.2022,11,2022,True,har_x,0.0232084837580473,0.022311225027804797
5,07.11.2022,11,2022,True,har_x,0.0257824972119103,0.022593586655617462
5,08.11.2022,11,2022,True,har_x,0.024835003585886,0.021851118496941505
5,09.11.2022,11,2022,True,har_x,0.0212126716465812,0.021748221352320712
5,10.11.2022,11,2022,True,har_x,0.0247941565248746,0.021991535939680153
5,11.11.2022,11,2022,True,har_x,0.0169450771002525,0.02134509432325267
5,14.11.2022,11,2022,True,har_x,0.0166876499623457,0.020504829611643023
5,15.11.2022,11,2022,True,har_x,0.0175159481701444,0.02283524250819399
5,16.11.2022,11,2022,True,har_x,0.0199749986269314,0.023811494488883405
5,17.11.2022,11,2022,True,har_x,0.0179828105674462,0.02302503732559624
5,18.11.2022,11,2022,True,har_x,0.0172988444327937,0.023222463546904652
5,21.11.2022,11,2022,True,har_x,0.0173009111760676,0.023573346762408024
5,22.11.2022,11,2022,True,har_x,0.0235194988675586,0.02240881631721747
5,23.11.2022,11,2022,True,har_x,0.0194429155887255,0.022069731831478846
5,25.11.2022,11,2022,True,har_x,0.0176948704115357,0.02384558829254159
5,28.11.2022,11,2022,True,har_x,0.0250131364486002,0.02339246245629461
5,29.11.2022,11,2022,True,har_x,0.0307629405512638,0.02326694907484589
5,30.11.2022,11,2022,True,har_x,0.0228718861733588,0.022329783366894222
5,01.12.2022,11,2022,True,har_x,0.0120296861372627,0.02175777577783898
5,02.12.2022,11,2022,True,har_x,0.0163758712652026,0.021687803369756172
5,05.12.2022,11,2022,True,har_x,0.0253144598844368,0.021748815209327987
5,06.12.2022,11,2022,True,har_x,0.0257390484020682,0.021749089751433092
5,07.12.2022,11,2022,True,har_x,0.019891887924139,0.022332306348138653
5,08.12.2022,11,2022,True,har_x,0.021601396741394,0.02301180859283778
5,09.12.2022,11,2022,True,har_x,0.0280178249697552,0.022735905060248446
5,12.12.2022,11,2022,True,har_x,0.0265133343518885,0.022694923237262896
5,13.12.2022,11,2022,True,har_x,0.0209648935123383,0.022932080105262317
5,14.12.2022,11,2022,True,har_x,0.0217758627012899,0.022602446819425682
5,15.12.2022,11,2022,True,har_x,0.0211868847757172,0.022283221543833515
5,16.12.2022,11,2022,True,har_x,0.020109092276852,0.023083522044376813
5,19.12.2022,11,2022,True,har_x,0.0203580394638929,0.022425448831295235
5,20.12.2022,11,2022,True,har_x,0.022933900554235,0.022921868939672057
5,21.12.2022,11,2022,True,har_x,0.0213779069563614,0.02272266292473311
5,22.12.2022,11,2022,True,har_x,0.0264147005189759,0.022445116824843545
5,23.12.2022,11,2022,True,har_x,0.0323237219246353,0.022595003815731433
5,27.12.2022,11,2022,True,har_x,0.0381054098867075,0.022403993295406016
5,28.12.2022,11,2022,True,har_x,0.0400257792667213,0.022951403981649795
5,29.12.2022,11,2022,True,har_x,0.0402513157906767,0.023093953569534257
5,30.12.2022,11,2022,True,har_x,0.031853587257539,0.0224139792113057
22,03.01.2022,11,2022,True,har,0.0140393436894644,0.019833451035398943
22,04.01.2022,11,2022,True,har,0.0144432301570423,0.019489467994227624
22,05.01.2022,11,2022,True,har,0.0146946573407846,0.018378087543406897
22,06.01.2022,11,2022,True,har,0.0156442752243912,0.017703482813543416
22,07.01.2022,11,2022,True,har,0.0155703223141225,0.018037733032181428
22,10.01.2022,11,2022,True,har,0.0152390043196698,0.016387256611593806
22,11.01.2022,11,2022,True,har,0.0150601350350547,0.017241474783630688
22,12.01.2022,11,2022,True,har,0.0153951876769399,0.019371303176952622
22,13.01.2022,11,2022,True,har,0.0175077839839775,0.01836521181227349
22,14.01.2022,11,2022,True,har,0.0174234388992479,0.01814746170866529
22,18.01.2022,11,2022,True,har,0.0179147332394152,0.018768618553699302
22,19.01.2022,11,2022,True,har,0.0178471410912766,0.01759244485131091
22,20.01.2022,11,2022,True,har,0.0190907261579883,0.015456110619110765
22,21.01.2022,11,2022,True,har,0.0189925484718047,0.014761265038616245
22,24.01.2022,11,2022,True,har,0.0186548601275228,0.015161663296630178
22,25.01.2022,11,2022,True,har,0.0186806935547882,0.016469158221218597
22,26.01.2022,11,2022,True,har,0.0192408255722435,0.016770393418893893
22,27.01.2022,11,2022,True,har,0.0202920607521147,0.01707422695995545
22,28.01.2022,11,2022,True,har,0.024666948640495,0.01685616826551066
22,31.01.2022,11,2022,True,har,0.0256021722124493,0.016809502269355542
22,01.02.2022,11,2022,True,har,0.0274339741275797,0.015622618981447326
22,02.02.2022,11,2022,True,har,0.0280473938244474,0.01742556714640872
22,03.02.2022,11,2022,True,har,0.0284840911208605,0.016378815397598882
22,04.02.2022,11,2022,True,har,0.0437773524377274,0.017226728492346917
22,07.02.2022,11,2022,True,har,0.043988002409042,0.017889689295576345
22,08.02.2022,11,2022,True,har,0.0437654956756442,0.017404270932516085
22,09.02.2022,11,2022,True,har,0.0457451653051513,0.01824362137956269
22,10.02.2022,11,2022,True,har,0.0484269193419807,0.017016130647806813
22,11.02.2022,11,2022,True,har,0.0482287578548338,0.01657234764984889
22,14.02.2022,11,2022,True,har,0.0512236651489923,0.018731680341968218
22,15.02.2022,11,2022,True,har,0.0505193927598408,0.018495600670837734
22,16.02.2022,11,2022,True,har,0.0522111983674721,0.020573349061057435
22,17.02.2022,11,2022,True,har,0.051877389132175,0.020102769900099533
22,18.02.2022,11,2022,True,har,0.0526236492019078,0.020899930256984486
22,22.02.2022,11,2022,True,har,0.0528259061324389,0.019848397785989347
22,23.02.2022,11,2022,True,har,0.052790237418824,0.021558988626232397
22,24.02.2022,11,2022,True,har,0.0553697295898039,0.01930684188744599
22,25.02.2022,11,2022,True,har,0.0555273502057185,0.020292712922895997
22,28.02.2022,11,2022,True,har,0.0554859172541192,0.01971246345711965
22,01.03.2022,11,2022,True,har,0.0561653083558701,0.02105672517913175
22,02.03.2022,11,2022,True,har,0.0542288643551535,0.022134750558696504
22,03.03.2022,11,2022,True,har,0.0545080186540193,0.026258808859504386
22,04.03.2022,11,2022,True,har,0.0523437014940903,0.02599971567489435
22,07.03.2022,11,2022,True,har,0.0522443251947148,0.029033214093360897
22,08.03.2022,11,2022,True,har,0.0511974636932509,0.028504348070227996
22,09.03.2022,11,2022,True,har,0.0425210226289569,0.028390321121591074
22,10.03.2022,11,2022,True,har,0.043263903492709,0.0458110733579784
22,11.03.2022,11,2022,True,har,0.0448970845863225,0.04160103193801239
22,14.03.2022,11,2022,True,har,0.0443510954210412,0.04147168829119823
22,15.03.2022,11,2022,True,har,0.0419093811523317,0.042721303642272467
22,16.03.2022,11,2022,True,har,0.0415852920272297,0.04360056781693047
22,17.03.2022,11,2022,True,har,0.0396564170920436,0.038756936062866156
22,18.03.2022,11,2022,True,har,0.0395780125752038,0.04555801773681655
22,21.03.2022,11,2022,True,har,0.0366270359970322,0.042605958522191525
22,22.03.2022,11,2022,True,har,0.0367231216096002,0.0458073708602436
22,23.03.2022,11,2022,True,har,0.0353920617961995,0.04132683811890416
22,24.03.2022,11,2022,True,har,0.0359565928648162,0.04256185793310587
22,25.03.2022,11,2022,True,har,0.0357599001187218,0.041800720745663544
22,28.03.2022,11,2022,True,har,0.0331963121513791,0.041398964117523196
22,29.03.2022,11,2022,True,har,0.0331524184237349,0.045653239179809575
22,30.03.2022,11,2022,True,har,0.032652369250783,0.04378148058358866
22,31.03.2022,11,2022,True,har,0.0313050065447476,0.042177279201173916
22,01.04.2022,11,2022,True,har,0.0321423233482162,0.04381709371177933
22,04.04.2022,11,2022,True,har,0.0315866891219672,0.041682348027084856
22,05.04.2022,11,2022,True,har,0.0316070081559687,0.041180017391216406
22,06.04.2022,11,2022,True,har,0.0320854442798596,0.03980706724763849
22,07.04.2022,11,2022,True,har,0.0329473149927351,0.036609464697765666
22,08.04.2022,11,2022,True,har,0.0342025779959831,0.034504065567771317
22,11.04.2022,11,2022,True,har,0.0327229288461388,0.03506533737682932
22,12.04.2022,11,2022,True,har,0.0311427539832437,0.03528544041141424
22,13.04.2022,11,2022,True,har,0.0304774559401121,0.03754850312250191
22,14.04.2022,11,2022,True,har,0.0303399999425954,0.03624027642656181
22,18.04.2022,11,2022,True,har,0.0306696113230554,0.03360475595924476
22,19.04.2022,11,2022,True,har,0.0289101004321454,0.0331541019051902
22,20.04.2022,11,2022,True,har,0.0288810380402249,0.03433990300140219
22,21.04.2022,11,2022,True,har,0.0287870118953716,0.03178338026805706
22,22.04.2022,11,2022,True,har,0.028516037522337,0.030546826506278556
22,25.04.2022,11,2022,True,har,0.026744906124815,0.03011914594641546
22,26.04.2022,11,2022,True,har,0.026879037912628,0.03130658459056934
22,27.04.2022,11,2022,True,har,0.0269964961322875,0.029356953007017052
22,28.04.2022,11,2022,True,har,0.0272227912932122,0.02847446493764
22,29.04.2022,11,2022,True,har,0.030024572463102,0.02908924064607949
22,02.05.2022,11,2022,True,har,0.0297661396810485,0.027946247848399774
22,03.05.2022,11,2022,True,har,0.0291913693007264,0.026393297013027103
22,04.05.2022,11,2022,True,har,0.0276622877476018,0.026906732049137523
22,05.05.2022,11,2022,True,har,0.0276760668552573,0.029796948162170385
22,06.05.2022,11,2022,True,har,0.0279654370181129,0.026817440964180754
22,09.05.2022,11,2022,True,har,0.0242367448790506,0.0270060350565128
22,10.05.2022,11,2022,True,har,0.0228139217701334,0.031579059854102115
22,11.05.2022,11,2022,True,har,0.020991708213787,0.03050570852547629
22,12.05.2022,11,2022,True,har,0.0211918021935921,0.0304401997798356
22,13.05.2022,11,2022,True,har,0.0207148795107177,0.028046941450509184
22,16.05.2022,11,2022,True,har,0.0202672041304916,0.030129334136241474
22,17.05.2022,11,2022,True,har,0.0235108857884414,0.028371614183284072
22,18.05.2022,11,2022,True,har,0.0229190624691167,0.026534155732285486
22,19.05.2022,11,2022,True,har,0.0229915857213102,0.026978438761386177
22,20.05.2022,11,2022,True,har,0.0231865032394889,0.027431194397441128
22,23.05.2022,11,2022,True,har,0.0239147878684706,0.025957575043696147
22,24.05.2022,11,2022,True,har,0.0242005516743563,0.024756300073900346
22,25.05.2022,11,2022,True,har,0.0247390657585245,0.023990502612822737
22,26.05.2022,11,2022,True,har,0.0241702553240327,0.023132919616149848
22,27.05.2022,11,2022,True,har,0.023969645389907,0.02430977845539966
22,31.05.2022,11,2022,True,har,0.0236203773070055,0.023908037256408873
22,01.06.2022,11,2022,True,har,0.0269694669602016,0.02450480274900819
22,02.06.2022,11,2022,True,har,0.0268707185852562,0.029230676863013248
22,03.06.2022,11,2022,True,har,0.0281226478097824,0.026813824076710853
22,06.06.2022,11,2022,True,har,0.0287649105813449,0.02696428503445908
22,07.06.2022,11,2022,True,har,0.028630918745083,0.02627396104379631
22,08.06.2022,11,2022,True,har,0.0312742771188482,0.02402478278588003
22,09.06.2022,11,2022,True,har,0.0313349690073999,0.021549486419526313
22,10.06.2022,11,2022,True,har,0.0313519461002504,0.020186559685437235
22,13.06.2022,11,2022,True,har,0.0319179532012756,0.020571174411888007
22,14.06.2022,11,2022,True,har,0.0342197913268623,0.019635032270991327
22,15.06.2022,11,2022,True,har,0.0341832223498623,0.019820790568334905
22,16.06.2022,11,2022,True,har,0.0340105940798977,0.019776594896652566
22,17.06.2022,11,2022,True,har,0.0324332630845897,0.01921088197715173
22,21.06.2022,11,2022,True,har,0.032203779132889,0.02446615913625981
22,22.06.2022,11,2022,True,har,0.0322220156314794,0.023255977607950805
22,23.06.2022,11,2022,True,har,0.0321189020002426,0.02409807805444916
22,24.06.2022,11,2022,True,har,0.03186047197659,0.02382147341543909
22,27.06.2022,11,2022,True,har,0.031599253427672,0.025190051127457865
22,28.06.2022,11,2022,True,har,0.0316701816489112,0.023300098078933476
22,29.06.2022,11,2022,True,har,0.0372164205199059,0.023954369003581867
22,30.06.2022,11,2022,True,har,0.0372773247611741,0.02281239717174549
22,01.07.2022,11,2022,True,har,0.0376195425178959,0.020949523304458397
22,05.07.2022,11,2022,True,har,0.0339696839614774,0.022085587463126558
22,06.07.2022,11,2022,True,har,0.0338620295984974,0.029030324269448037
22,07.07.2022,11,2022,True,har,0.0329417999730098,0.025798359904322166
22,08.07.2022,11,2022,True,har,0.032426774923203,0.02896191320537332
22,11.07.2022,11,2022,True,har,0.0325892218191675,0.028811896984593043
22,12.07.2022,11,2022,True,har,0.0290968595546232,0.028032715701059297
22,13.07.2022,11,2022,True,har,0.0292642081810631,0.03215030193894826
22,14.07.2022,11,2022,True,har,0.0299925723280321,0.0294956861889065
22,15.07.2022,11,2022,True,har,0.0301058634111942,0.02892670942958494
22,18.07.2022,11,2022,True,har,0.0279927194473471,0.02973885575792889
22,19.07.2022,11,2022,True,har,0.0288906335533849,0.032973124049603605
22,20.07.2022,11,2022,True,har,0.0289201611806779,0.02779110527180422
22,21.07.2022,11,2022,True,har,0.0283992644035801,0.027562950932927655
22,22.07.2022,11,2022,True,har,0.029721404707699,0.02927714437753861
22,25.07.2022,11,2022,True,har,0.0294972512871832,0.028413141530633103
22,26.07.2022,11,2022,True,har,0.0297015759030508,0.027441329249015746
22,27.07.2022,11,2022,True,har,0.0295464919541627,0.02668995175207608
22,28.07.2022,11,2022,True,har,0.0308681740216131,0.027520332803178574
22,29.07.2022,11,2022,True,har,0.0324053354349936,0.026111417161068195
22,01.08.2022,11,2022,True,har,0.0260537405220678,0.027247017445559414
22,02.08.2022,11,2022,True,har,0.0274939024574125,0.03675276991977682
22,03.08.2022,11,2022,True,har,0.0264827886992088,0.031208732668215444
22,04.08.2022,11,2022,True,har,0.0258367337639486,0.0326073203139826
22,05.08.2022,11,2022,True,har,0.0280729717504238,0.03153824027299315
22,08.08.2022,11,2022,True,har,0.0279081412920063,0.030091356914061458
22,09.08.2022,11,2022,True,har,0.0294586003970448,0.028698008803187923
22,10.08.2022,11,2022,True,har,0.0294839291710609,0.02590330405243499
22,11.08.2022,11,2022,True,har,0.0290238427252988,0.025600003721255857
22,12.08.2022,11,2022,True,har,0.0290281995684974,0.025309201270010087
22,15.08.2022,11,2022,True,har,0.0292177551864778,0.025542113052824195
22,16.08.2022,11,2022,True,har,0.0286034948976153,0.025815985002664653
22,17.08.2022,11,2022,True,har,0.0284722955508275,0.026206977688698722
22,18.08.2022,11,2022,True,har,0.0277114323908375,0.025949211713015893
22,19.08.2022,11,2022,True,har,0.0277214263799524,0.027201633486134805
22,22.08.2022,11,2022,True,har,0.0278090954215743,0.02613294326782286
22,23.08.2022,11,2022,True,har,0.0278819422788389,0.025369122236051547
22,24.08.2022,11,2022,True,har,0.0278616267001414,0.026908550725879006
22,25.08.2022,11,2022,True,har,0.0286918711073359,0.02576180002338131
22,26.08.2022,11,2022,True,har,0.0296347369606192,0.02647785587933394
22,29.08.2022,11,2022,True,har,0.027849807291255,0.026196604348254174
22,30.08.2022,11,2022,True,har,0.0256327162439225,0.02347341099446227
22,31.08.2022,11,2022,True,har,0.0252912645049258,0.027423397026678835
22,01.09.2022,11,2022,True,har,0.0247706081508645,0.026221676412186614
22,02.09.2022,11,2022,True,har,0.024998237028828,0.027689241044231216
22,06.09.2022,11,2022,True,har,0.0251012747988376,0.026209190777624812
22,07.09.2022,11,2022,True,har,0.0230896569441748,0.024427791797160106
22,08.09.2022,11,2022,True,har,0.0235037683105099,0.027419483410798168
22,09.09.2022,11,2022,True,har,0.0224730120780501,0.02652576057165952
22,12.09.2022,11,2022,True,har,0.0227180436047872,0.02853883486936233
22,13.09.2022,11,2022,True,har,0.0231723681271821,0.027627473449714376
22,14.09.2022,11,2022,True,har,0.0240563127269761,0.027139072212846865
22,15.09.2022,11,2022,True,har,0.0228228453201669,0.024850959655726812
22,16.09.2022,11,2022,True,har,0.0231015978823032,0.02740648577998864
22,19.09.2022,11,2022,True,har,0.0237513179738027,0.024921400420161135
22,20.09.2022,11,2022,True,har,0.023505209070857,0.024907265701369898
22,21.09.2022,11,2022,True,har,0.0235178631584243,0.025328859724708247
22,22.09.2022,11,2022,True,har,0.0235061225999028,0.023983525383396924
22,23.09.2022,11,2022,True,har,0.0206603314754278,0.023099506195038814
22,26.09.2022,11,2022,True,har,0.0200355273049476,0.026815380445957174
22,27.09.2022,11,2022,True,har,0.0196071300612476,0.025543410498624193
22,28.09.2022,11,2022,True,har,0.0187945276685506,0.025903453653957305
22,29.09.2022,11,2022,True,har,0.018811576864917,0.026605073000769884
22,30.09.2022,11,2022,True,har,0.0187366462947901,0.02539338831464532
22,03.10.2022,11,2022,True,har,0.0188731309408654,0.02327503690007008
22,04.10.2022,11,2022,True,har,0.0181327192453257,0.02280768064709348
22,05.10.2022,11,2022,True,har,0.0197078961975704,0.024404231089865433
22,06.10.2022,11,2022,True,har,0.0196982458214081,0.021864788363677015
22,07.10.2022,11,2022,True,har,0.0189658262822808,0.021269183348061865
22,10.10.2022,11,2022,True,har,0.0195608751601326,0.021786962412222857
22,11.10.2022,11,2022,True,har,0.0192959176051001,0.02235619553612513
22,12.10.2022,11,2022,True,har,0.0194776945815034,0.0229180755566435
22,13.10.2022,11,2022,True,har,0.020017871899523,0.023208104643504004
22,14.10.2022,11,2022,True,har,0.0188492663847833,0.02304551066313989
22,17.10.2022,11,2022,True,har,0.0190162575261346,0.02328663404227123
22,18.10.2022,11,2022,True,har,0.0200393935208501,0.02220890780180864
22,19.10.2022,11,2022,True,har,0.0197808922898949,0.022836905462205112
22,20.10.2022,11,2022,True,har,0.0197757417309751,0.023910622618519346
22,21.10.2022,11,2022,True,har,0.0197194867044838,0.022609459463964254
22,24.10.2022,11,2022,True,har,0.0208238982471381,0.020838775502286293
22,25.10.2022,11,2022,True,har,0.0210732225989385,0.019988529418045235
22,26.10.2022,11,2022,True,har,0.020123994876345,0.01915507681338477
22,27.10.2022,11,2022,True,har,0.019677981343837,0.019298626167581073
22,28.10.2022,11,2022,True,har,0.0210342477195799,0.018815199918514353
22,31.10.2022,11,2022,True,har,0.0215164121385401,0.019343078892593575
22,01.11.2022,11,2022,True,har,0.0216415082245376,0.01950783165515934
22,02.11.2022,11,2022,True,har,0.0220289411474174,0.018580391749095364
22,03.11.2022,11,2022,True,har,0.0231530022250262,0.018792985866818906
22,04.11.2022,11,2022,True,har,0.0208133546744952,0.018867090107251468
22,07.11.2022,11,2022,True,har,0.0207931972791395,0.021106126098167165
22,08.11.2022,11,2022,True,har,0.0206309243156547,0.01964158379432528
22,09.11.2022,11,2022,True,har,0.0214631747153672,0.021092475106054942
22,10.11.2022,11,2022,True,har,0.0229280709607954,0.021667383986140258
22,11.11.2022,11,2022,True,har,0.0229451903982152,0.020809190349876085
22,14.11.2022,11,2022,True,har,0.0225026492573263,0.02028013140988387
22,15.11.2022,11,2022,True,har,0.0226984146001376,0.02151863821375405
22,16.11.2022,11,2022,True,har,0.0229850540387175,0.02038872071829116
22,17.11.2022,11,2022,True,har,0.0222547335210105,0.019726568712202602
22,18.11.2022,11,2022,True,har,0.0228567616531034,0.021745719212405652
22,21.11.2022,11,2022,True,har,0.0229986145151096,0.020726053752328614
22,22.11.2022,11,2022,True,har,0.0243192928241615,0.01990915885033097
22,23.11.2022,11,2022,True,har,0.0233035628746108,0.020398795284529328
22,25.11.2022,11,2022,True,har,0.0230218720456593,0.021603811709083934
22,28.11.2022,11,2022,True,har,0.0231387802886937,0.02080346213143794
22,29.11.2022,11,2022,True,har,0.0249547613210564,0.020155281596945004
22,30.11.2022,11,2022,True,har,0.0260989769497485,0.020048002518442073
22,01.12.2022,11,2022,True,har,0.0279311985658584,0.022460738004988233
22,02.12.2022,11,2022,True,har,0.0280303372985178,0.021618728468857273
22,05.12.2022,11,2022,True,har,0.0271878772096688,0.02135858418020769
22,06.12.2022,11,2022,True,har,0.025945659473457,0.02186085631576907
22,07.12.2022,11,2022,True,har,0.0251944220820281,0.023414075305548628
22,08.12.2022,11,2022,True,har,0.0257336219317719,0.02208893837860717
22,09.12.2022,11,2022,True,har,0.0258498949212437,0.020130596007833283
22,12.12.2022,11,2022,True,har,0.0255719640589573,0.01993426091857941
22,13.12.2022,11,2022,True,har,0.0247091748394369,0.02178449308286482
22,14.12.2022,11,2022,True,har,0.0243753119453574,0.02306519320947576
22,15.12.2022,11,2022,True,har,0.0241141887942768,0.022571246303463993
22,16.12.2022,11,2022,True,har,0.0233394464965294,0.022605574497508867
22,19.12.2022,11,2022,True,har,0.023317549644735,0.02344719861209766
22,20.12.2022,11,2022,True,har,0.0240797565306709,0.022582756096643106
22,21.12.2022,11,2022,True,har,0.0234863118673017,0.021730392112012484
22,22.12.2022,11,2022,True,har,0.0233305214427017,0.02316703867968666
22,23.12.2022,11,2022,True,har,0.0223272323184038,0.022174298202238034
22,27.12.2022,11,2022,True,har,0.0227938147885714,0.02337004097924142
22,28.12.2022,11,2022,True,har,0.0226393900950476,0.022306935561181317
22,29.12.2022,11,2022,True,har,0.0229013115158169,0.022974396880126605
22,30.12.2022,11,2022,True,har,0.0208248047750625,0.02233345630402532
22,03.01.2022,11,2022,True,har_ovx,0.0140393436894644,0.021954523996013955
22,04.01.2022,11,2022,True,har_ovx,0.0144432301570423,0.02001502124880209
22,05.01.2022,11,2022,True,har_ovx,0.0146946573407846,0.020428500131595702
22,06.01.2022,11,2022,True,har_ovx,0.0156442752243912,0.02207355863054517
22,07.01.2022,11,2022,True,har_ovx,0.0155703223141225,0.019396746432255873
22,10.01.2022,11,2022,True,har_ovx,0.0152390043196698,0.01893055713095219
22,11.01.2022,11,2022,True,har_ovx,0.0150601350350547,0.019424264520468235
22,12.01.2022,11,2022,True,har_ovx,0.0153951876769399,0.018809373414308703
22,13.01.2022,11,2022,True,har_ovx,0.0175077839839775,0.018642863411490206
22,14.01.2022,11,2022,True,har_ovx,0.0174234388992479,0.01960293367371886
22,18.01.2022,11,2022,True,har_ovx,0.0179147332394152,0.021189289457950802
22,19.01.2022,11,2022,True,har_ovx,0.0178471410912766,0.02120894915267123
22,20.01.2022,11,2022,True,har_ovx,0.0190907261579883,0.020743632256194938
22,21.01.2022,11,2022,True,har_ovx,0.0189925484718047,0.020030646161924102
22,24.01.2022,11,2022,True,har_ovx,0.0186548601275228,0.020651121709047468
22,25.01.2022,11,2022,True,har_ovx,0.0186806935547882,0.02291674125220374
22,26.01.2022,11,2022,True,har_ovx,0.0192408255722435,0.022935771564525406
22,27.01.2022,11,2022,True,har_ovx,0.0202920607521147,0.022342898013399934
22,28.01.2022,11,2022,True,har_ovx,0.024666948640495,0.022779883522245782
22,31.01.2022,11,2022,True,har_ovx,0.0256021722124493,0.02306193599980455
22,01.02.2022,11,2022,True,har_ovx,0.0274339741275797,0.020685398475362857
22,02.02.2022,11,2022,True,har_ovx,0.0280473938244474,0.020846570529525144
22,03.02.2022,11,2022,True,har_ovx,0.0284840911208605,0.020782643389632663
22,04.02.2022,11,2022,True,har_ovx,0.0437773524377274,0.021094971148853364
22,07.02.2022,11,2022,True,har_ovx,0.043988002409042,0.02191767570830584
22,08.02.2022,11,2022,True,har_ovx,0.0437654956756442,0.021654136238170932
22,09.02.2022,11,2022,True,har_ovx,0.0457451653051513,0.021071452987664566
22,10.02.2022,11,2022,True,har_ovx,0.0484269193419807,0.020107928942916936
22,11.02.2022,11,2022,True,har_ovx,0.0482287578548338,0.021582405942807303
22,14.02.2022,11,2022,True,har_ovx,0.0512236651489923,0.023428359016142354
22,15.02.2022,11,2022,True,har_ovx,0.0505193927598408,0.023916045180452726
22,16.02.2022,11,2022,True,har_ovx,0.0522111983674721,0.024339221980484348
22,17.02.2022,11,2022,True,har_ovx,0.051877389132175,0.024645259975637664
22,18.02.2022,11,2022,True,har_ovx,0.0526236492019078,0.026249743933155267
22,22.02.2022,11,2022,True,har_ovx,0.0528259061324389,0.025530645695608714
22,23.02.2022,11,2022,True,har_ovx,0.052790237418824,0.025267509125579235
22,24.02.2022,11,2022,True,har_ovx,0.0553697295898039,0.024806204700395046
22,25.02.2022,11,2022,True,har_ovx,0.0555273502057185,0.024479717655024914
22,28.02.2022,11,2022,True,har_ovx,0.0554859172541192,0.024488408814257134
22,01.03.2022,11,2022,True,har_ovx,0.0561653083558701,0.0259019295498295
22,02.03.2022,11,2022,True,har_ovx,0.0542288643551535,0.0294147621754252
22,03.03.2022,11,2022,True,har_ovx,0.0545080186540193,0.030592938278980065
22,04.03.2022,11,2022,True,har_ovx,0.0523437014940903,0.03184236362961604
22,07.03.2022,11,2022,True,har_ovx,0.0522443251947148,0.037178024229558924
22,08.03.2022,11,2022,True,har_ovx,0.0511974636932509,0.037700074355566236
22,09.03.2022,11,2022,True,har_ovx,0.0425210226289569,0.03656526085961952
22,10.03.2022,11,2022,True,har_ovx,0.043263903492709,0.04070066880412579
22,11.03.2022,11,2022,True,har_ovx,0.0448970845863225,0.0378276627834548
22,14.03.2022,11,2022,True,har_ovx,0.0443510954210412,0.037898255867567045
22,15.03.2022,11,2022,True,har_ovx,0.0419093811523317,0.037162051698842916
22,16.03.2022,11,2022,True,har_ovx,0.0415852920272297,0.036562402260106625
22,17.03.2022,11,2022,True,har_ovx,0.0396564170920436,0.03348475164225511
22,18.03.2022,11,2022,True,har_ovx,0.0395780125752038,0.038527570670355116
22,21.03.2022,11,2022,True,har_ovx,0.0366270359970322,0.03840927845003907
22,22.03.2022,11,2022,True,har_ovx,0.0367231216096002,0.039735237893853026
22,23.03.2022,11,2022,True,har_ovx,0.0353920617961995,0.038044343567194897
22,24.03.2022,11,2022,True,har_ovx,0.0359565928648162,0.039183502893419035
22,25.03.2022,11,2022,True,har_ovx,0.0357599001187218,0.037840087742498835
22,28.03.2022,11,2022,True,har_ovx,0.0331963121513791,0.03767236962046558
22,29.03.2022,11,2022,True,har_ovx,0.0331524184237349,0.03807558111008402
22,30.03.2022,11,2022,True,har_ovx,0.032652369250783,0.03608043572995482
22,31.03.2022,11,2022,True,har_ovx,0.0313050065447476,0.03499834455373989
22,01.04.2022,11,2022,True,har_ovx,0.0321423233482162,0.034200207029466315
22,04.04.2022,11,2022,True,har_ovx,0.0315866891219672,0.03241951530332901
22,05.04.2022,11,2022,True,har_ovx,0.0316070081559687,0.03226413805430662
22,06.04.2022,11,2022,True,har_ovx,0.0320854442798596,0.031769618440809666
22,07.04.2022,11,2022,True,har_ovx,0.0329473149927351,0.030494859079766883
22,08.04.2022,11,2022,True,har_ovx,0.0342025779959831,0.030430908024315265
22,11.04.2022,11,2022,True,har_ovx,0.0327229288461388,0.03015104097884235
22,12.04.2022,11,2022,True,har_ovx,0.0311427539832437,0.030713275666845653
22,13.04.2022,11,2022,True,har_ovx,0.0304774559401121,0.03166886559817417
22,14.04.2022,11,2022,True,har_ovx,0.0303399999425954,0.029820020243336954
22,18.04.2022,11,2022,True,har_ovx,0.0306696113230554,0.029913423172048294
22,19.04.2022,11,2022,True,har_ovx,0.0289101004321454,0.028955131097472324
22,20.04.2022,11,2022,True,har_ovx,0.0288810380402249,0.028990046225358043
22,21.04.2022,11,2022,True,har_ovx,0.0287870118953716,0.029037345074580105
22,22.04.2022,11,2022,True,har_ovx,0.028516037522337,0.027744188425586933
22,25.04.2022,11,2022,True,har_ovx,0.026744906124815,0.028035523793997028
22,26.04.2022,11,2022,True,har_ovx,0.026879037912628,0.02888786473288491
22,27.04.2022,11,2022,True,har_ovx,0.0269964961322875,0.028648435587531405
22,28.04.2022,11,2022,True,har_ovx,0.0272227912932122,0.028418044570595994
22,29.04.2022,11,2022,True,har_ovx,0.030024572463102,0.02802275447742143
22,02.05.2022,11,2022,True,har_ovx,0.0297661396810485,0.028142729936550613
22,03.05.2022,11,2022,True,har_ovx,0.0291913693007264,0.027948576094500747
22,04.05.2022,11,2022,True,har_ovx,0.0276622877476018,0.028064596635632166
22,05.05.2022,11,2022,True,har_ovx,0.0276760668552573,0.028590525782979583
22,06.05.2022,11,2022,True,har_ovx,0.0279654370181129,0.028474021680062793
22,09.05.2022,11,2022,True,har_ovx,0.0242367448790506,0.028536782622189602
22,10.05.2022,11,2022,True,har_ovx,0.0228139217701334,0.03091875421401695
22,11.05.2022,11,2022,True,har_ovx,0.020991708213787,0.03006629364144299
22,12.05.2022,11,2022,True,har_ovx,0.0211918021935921,0.02904822005681485
22,13.05.2022,11,2022,True,har_ovx,0.0207148795107177,0.02828959887764413
22,16.05.2022,11,2022,True,har_ovx,0.0202672041304916,0.028253232009867835
22,17.05.2022,11,2022,True,har_ovx,0.0235108857884414,0.02787332332053112
22,18.05.2022,11,2022,True,har_ovx,0.0229190624691167,0.026756722126755613
22,19.05.2022,11,2022,True,har_ovx,0.0229915857213102,0.027411831716020706
22,20.05.2022,11,2022,True,har_ovx,0.0231865032394889,0.027293087926909987
22,23.05.2022,11,2022,True,har_ovx,0.0239147878684706,0.026734298457003147
22,24.05.2022,11,2022,True,har_ovx,0.0242005516743563,0.02560086598791045
22,25.05.2022,11,2022,True,har_ovx,0.0247390657585245,0.0247980334754632
22,26.05.2022,11,2022,True,har_ovx,0.0241702553240327,0.024329151012886664
22,27.05.2022,11,2022,True,har_ovx,0.023969645389907,0.02431861524798235
22,31.05.2022,11,2022,True,har_ovx,0.0236203773070055,0.02493409920515943
22,01.06.2022,11,2022,True,har_ovx,0.0269694669602016,0.025771931270458074
22,02.06.2022,11,2022,True,har_ovx,0.0268707185852562,0.027040394528570745
22,03.06.2022,11,2022,True,har_ovx,0.0281226478097824,0.02604501523377536
22,06.06.2022,11,2022,True,har_ovx,0.0287649105813449,0.02547378178160329
22,07.06.2022,11,2022,True,har_ovx,0.028630918745083,0.025931789800036676
22,08.06.2022,11,2022,True,har_ovx,0.0312742771188482,0.024520127017091824
22,09.06.2022,11,2022,True,har_ovx,0.0313349690073999,0.022962912565337973
22,10.06.2022,11,2022,True,har_ovx,0.0313519461002504,0.02251566627392622
22,13.06.2022,11,2022,True,har_ovx,0.0319179532012756,0.022275502919117354
22,14.06.2022,11,2022,True,har_ovx,0.0342197913268623,0.023717600572018542
22,15.06.2022,11,2022,True,har_ovx,0.0341832223498623,0.023422634903283543
22,16.06.2022,11,2022,True,har_ovx,0.0340105940798977,0.02344148015966313
22,17.06.2022,11,2022,True,har_ovx,0.0324332630845897,0.02309939418077337
22,21.06.2022,11,2022,True,har_ovx,0.032203779132889,0.02563717474354204
22,22.06.2022,11,2022,True,har_ovx,0.0322220156314794,0.024535202452512332
22,23.06.2022,11,2022,True,har_ovx,0.0321189020002426,0.025608501922372892
22,24.06.2022,11,2022,True,har_ovx,0.03186047197659,0.0254169074324816
22,27.06.2022,11,2022,True,har_ovx,0.031599253427672,0.02523559534642516
22,28.06.2022,11,2022,True,har_ovx,0.0316701816489112,0.024599290757427884
22,29.06.2022,11,2022,True,har_ovx,0.0372164205199059,0.024632924289149663
22,30.06.2022,11,2022,True,har_ovx,0.0372773247611741,0.025024961754522675
22,01.07.2022,11,2022,True,har_ovx,0.0376195425178959,0.02463510664184898
22,05.07.2022,11,2022,True,har_ovx,0.0339696839614774,0.02510333713316867
22,06.07.2022,11,2022,True,har_ovx,0.0338620295984974,0.02820951474897277
22,07.07.2022,11,2022,True,har_ovx,0.0329417999730098,0.028140207935567894
22,08.07.2022,11,2022,True,har_ovx,0.032426774923203,0.028494931153452994
22,11.07.2022,11,2022,True,har_ovx,0.0325892218191675,0.028292670001150634
22,12.07.2022,11,2022,True,har_ovx,0.0290968595546232,0.028509065887330754
22,13.07.2022,11,2022,True,har_ovx,0.0292642081810631,0.02980449116656421
22,14.07.2022,11,2022,True,har_ovx,0.0299925723280321,0.02835999897122808
22,15.07.2022,11,2022,True,har_ovx,0.0301058634111942,0.028558225514600244
22,18.07.2022,11,2022,True,har_ovx,0.0279927194473471,0.028264364087767068
22,19.07.2022,11,2022,True,har_ovx,0.0288906335533849,0.028421020842315715
22,20.07.2022,11,2022,True,har_ovx,0.0289201611806779,0.026466021539316497
22,21.07.2022,11,2022,True,har_ovx,0.0283992644035801,0.02599243583505146
22,22.07.2022,11,2022,True,har_ovx,0.029721404707699,0.027763150403974153
22,25.07.2022,11,2022,True,har_ovx,0.0294972512871832,0.026422533324615374
22,26.07.2022,11,2022,True,har_ovx,0.0297015759030508,0.026003884810837857
22,27.07.2022,11,2022,True,har_ovx,0.0295464919541627,0.025764668158242812
22,28.07.2022,11,2022,True,har_ovx,0.0308681740216131,0.02642767784642964
22,29.07.2022,11,2022,True,har_ovx,0.0324053354349936,0.025331352034488615
22,01.08.2022,11,2022,True,har_ovx,0.0260537405220678,0.02521837171278981
22,02.08.2022,11,2022,True,har_ovx,0.0274939024574125,0.02946453339756948
22,03.08.2022,11,2022,True,har_ovx,0.0264827886992088,0.029277418809510986
22,04.08.2022,11,2022,True,har_ovx,0.0258367337639486,0.028567137170483953
22,05.08.2022,11,2022,True,har_ovx,0.0280729717504238,0.030099085308686206
22,08.08.2022,11,2022,True,har_ovx,0.0279081412920063,0.027394345316014534
22,09.08.2022,11,2022,True,har_ovx,0.0294586003970448,0.02587602652455862
22,10.08.2022,11,2022,True,har_ovx,0.0294839291710609,0.0250926040887139
22,11.08.2022,11,2022,True,har_ovx,0.0290238427252988,0.025019482769706766
22,12.08.2022,11,2022,True,har_ovx,0.0290281995684974,0.024353859268759076
22,15.08.2022,11,2022,True,har_ovx,0.0292177551864778,0.024027737765481266
22,16.08.2022,11,2022,True,har_ovx,0.0286034948976153,0.025082143066020496
22,17.08.2022,11,2022,True,har_ovx,0.0284722955508275,0.026549946779797075
22,18.08.2022,11,2022,True,har_ovx,0.0277114323908375,0.027010093706152302
22,19.08.2022,11,2022,True,har_ovx,0.0277214263799524,0.025836734562080618
22,22.08.2022,11,2022,True,har_ovx,0.0278090954215743,0.02670018086944853
22,23.08.2022,11,2022,True,har_ovx,0.0278819422788389,0.026524300971658435
22,24.08.2022,11,2022,True,har_ovx,0.0278616267001414,0.025568054870513564
22,25.08.2022,11,2022,True,har_ovx,0.0286918711073359,0.02570774953632818
22,26.08.2022,11,2022,True,har_ovx,0.0296347369606192,0.026077966754269093
22,29.08.2022,11,2022,True,har_ovx,0.027849807291255,0.025398661958479625
22,30.08.2022,11,2022,True,har_ovx,0.0256327162439225,0.02485685796879269
22,31.08.2022,11,2022,True,har_ovx,0.0252912645049258,0.02679391169761425
22,01.09.2022,11,2022,True,har_ovx,0.0247706081508645,0.027431347222985764
22,02.09.2022,11,2022,True,har_ovx,0.024998237028828,0.028472650021940573
22,06.09.2022,11,2022,True,har_ovx,0.0251012747988376,0.028168777296498825
22,07.09.2022,11,2022,True,har_ovx,0.0230896569441748,0.02610801378094065
22,08.09.2022,11,2022,True,har_ovx,0.0235037683105099,0.027938341567625313
22,09.09.2022,11,2022,True,har_ovx,0.0224730120780501,0.027160520630947385
22,12.09.2022,11,2022,True,har_ovx,0.0227180436047872,0.02678457833388008
22,13.09.2022,11,2022,True,har_ovx,0.0231723681271821,0.024937817205487926
22,14.09.2022,11,2022,True,har_ovx,0.0240563127269761,0.025060710977798738
22,15.09.2022,11,2022,True,har_ovx,0.0228228453201669,0.024474239545130158
22,16.09.2022,11,2022,True,har_ovx,0.0231015978823032,0.02560259807706334
22,19.09.2022,11,2022,True,har_ovx,0.0237513179738027,0.02519648897613076
22,20.09.2022,11,2022,True,har_ovx,0.023505209070857,0.02492427866699364
22,21.09.2022,11,2022,True,har_ovx,0.0235178631584243,0.025556237861462577
22,22.09.2022,11,2022,True,har_ovx,0.0235061225999028,0.025333965014262695
22,23.09.2022,11,2022,True,har_ovx,0.0206603314754278,0.024437278942799442
22,26.09.2022,11,2022,True,har_ovx,0.0200355273049476,0.026837814429205284
22,27.09.2022,11,2022,True,har_ovx,0.0196071300612476,0.028660480814330536
22,28.09.2022,11,2022,True,har_ovx,0.0187945276685506,0.028585943126021123
22,29.09.2022,11,2022,True,har_ovx,0.018811576864917,0.028525114384002133
22,30.09.2022,11,2022,True,har_ovx,0.0187366462947901,0.028056771066527788
22,03.10.2022,11,2022,True,har_ovx,0.0188731309408654,0.027812607244570874
22,04.10.2022,11,2022,True,har_ovx,0.0181327192453257,0.027785747320197902
22,05.10.2022,11,2022,True,har_ovx,0.0197078961975704,0.029349635483186448
22,06.10.2022,11,2022,True,har_ovx,0.0196982458214081,0.026737834578193304
22,07.10.2022,11,2022,True,har_ovx,0.0189658262822808,0.026253617493772873
22,10.10.2022,11,2022,True,har_ovx,0.0195608751601326,0.026377087958337937
22,11.10.2022,11,2022,True,har_ovx,0.0192959176051001,0.025926650980328064
22,12.10.2022,11,2022,True,har_ovx,0.0194776945815034,0.026289516562990275
22,13.10.2022,11,2022,True,har_ovx,0.020017871899523,0.026241088818002457
22,14.10.2022,11,2022,True,har_ovx,0.0188492663847833,0.02585389813445809
22,17.10.2022,11,2022,True,har_ovx,0.0190162575261346,0.02571770471261612
22,18.10.2022,11,2022,True,har_ovx,0.0200393935208501,0.02552628996388083
22,19.10.2022,11,2022,True,har_ovx,0.0197808922898949,0.025219141244089666
22,20.10.2022,11,2022,True,har_ovx,0.0197757417309751,0.025054740362249237
22,21.10.2022,11,2022,True,har_ovx,0.0197194867044838,0.024810047926453145
22,24.10.2022,11,2022,True,har_ovx,0.0208238982471381,0.023924555227985617
22,25.10.2022,11,2022,True,har_ovx,0.0210732225989385,0.02394141299565961
22,26.10.2022,11,2022,True,har_ovx,0.020123994876345,0.023472171692918573
22,27.10.2022,11,2022,True,har_ovx,0.019677981343837,0.023889635899552036
22,28.10.2022,11,2022,True,har_ovx,0.0210342477195799,0.023940671703899272
22,31.10.2022,11,2022,True,har_ovx,0.0215164121385401,0.023705020873271962
22,01.11.2022,11,2022,True,har_ovx,0.0216415082245376,0.023632428786868387
22,02.11.2022,11,2022,True,har_ovx,0.0220289411474174,0.023275828815626152
22,03.11.2022,11,2022,True,har_ovx,0.0231530022250262,0.02351154642815667
22,04.11.2022,11,2022,True,har_ovx,0.0208133546744952,0.02306352577522121
22,07.11.2022,11,2022,True,har_ovx,0.0207931972791395,0.024110636603342634
22,08.11.2022,11,2022,True,har_ovx,0.0206309243156547,0.022952290686957085
22,09.11.2022,11,2022,True,har_ovx,0.0214631747153672,0.023322137909399854
22,10.11.2022,11,2022,True,har_ovx,0.0229280709607954,0.02361463390430713
22,11.11.2022,11,2022,True,har_ovx,0.0229451903982152,0.02276167464195013
22,14.11.2022,11,2022,True,har_ovx,0.0225026492573263,0.02197814368333689
22,15.11.2022,11,2022,True,har_ovx,0.0226984146001376,0.023187473592925407
22,16.11.2022,11,2022,True,har_ovx,0.0229850540387175,0.023773344820582624
22,17.11.2022,11,2022,True,har_ovx,0.0222547335210105,0.02295137447654358
22,18.11.2022,11,2022,True,har_ovx,0.0228567616531034,0.023555643195765988
22,21.11.2022,11,2022,True,har_ovx,0.0229986145151096,0.023408037653244576
22,22.11.2022,11,2022,True,har_ovx,0.0243192928241615,0.023683668473467763
22,23.11.2022,11,2022,True,har_ovx,0.0233035628746108,0.023507827499408163
22,25.11.2022,11,2022,True,har_ovx,0.0230218720456593,0.02569636399289222
22,28.11.2022,11,2022,True,har_ovx,0.0231387802886937,0.024985879719279496
22,29.11.2022,11,2022,True,har_ovx,0.0249547613210564,0.02498600445501549
22,30.11.2022,11,2022,True,har_ovx,0.0260989769497485,0.024019924956255434
22,01.12.2022,11,2022,True,har_ovx,0.0279311985658584,0.02404155595391672
22,02.12.2022,11,2022,True,har_ovx,0.0280303372985178,0.023596271790730573
22,05.12.2022,11,2022,True,har_ovx,0.0271878772096688,0.023559657714894957
22,06.12.2022,11,2022,True,har_ovx,0.025945659473457,0.023613381751655702
22,07.12.2022,11,2022,True,har_ovx,0.0251944220820281,0.024441020731812695
22,08.12.2022,11,2022,True,har_ovx,0.0257336219317719,0.024570064571760697
22,09.12.2022,11,2022,True,har_ovx,0.0258498949212437,0.02365945683099788
22,12.12.2022,11,2022,True,har_ovx,0.0255719640589573,0.023625030395434177
22,13.12.2022,11,2022,True,har_ovx,0.0247091748394369,0.023477641818521175
22,14.12.2022,11,2022,True,har_ovx,0.0243753119453574,0.023214385223825316
22,15.12.2022,11,2022,True,har_ovx,0.0241141887942768,0.02246391327201292
22,16.12.2022,11,2022,True,har_ovx,0.0233394464965294,0.023200335933370623
22,19.12.2022,11,2022,True,har_ovx,0.023317549644735,0.022983398684934885
22,20.12.2022,11,2022,True,har_ovx,0.0240797565306709,0.022849719450595725
22,21.12.2022,11,2022,True,har_ovx,0.0234863118673017,0.022314525235300763
22,22.12.2022,11,2022,True,har_ovx,0.0233305214427017,0.022413421904345934
22,23.12.2022,11,2022,True,har_ovx,0.0223272323184038,0.022400287233330277
22,27.12.2022,11,2022,True,har_ovx,0.0227938147885714,0.022427068935855825
22,28.12.2022,11,2022,True,har_ovx,0.0226393900950476,0.023072697024051833
22,29.12.2022,11,2022,True,har_ovx,0.0229013115158169,0.023428462007517598
22,30.12.2022,11,2022,True,har_ovx,0.0208248047750625,0.022745312299263618
22,03.01.2022,11,2022,True,har_gpr,0.0140393436894644,0.01958579950743524
22,04.01.2022,11,2022,True,har_gpr,0.0144432301570423,0.01973898676573008
22,05.01.2022,11,2022,True,har_gpr,0.0146946573407846,0.018636254163143875
22,06.01.2022,11,2022,True,har_gpr,0.0156442752243912,0.01796638600796842
22,07.01.2022,11,2022,True,har_gpr,0.0155703223141225,0.018299937787026623
22,10.01.2022,11,2022,True,har_gpr,0.0152390043196698,0.016641045448553056
22,11.01.2022,11,2022,True,har_gpr,0.0150601350350547,0.016617549284970175
22,12.01.2022,11,2022,True,har_gpr,0.0153951876769399,0.01874987187009531
22,13.01.2022,11,2022,True,har_gpr,0.0175077839839775,0.017751414814313825
22,14.01.2022,11,2022,True,har_gpr,0.0174234388992479,0.017536608566958205
22,18.01.2022,11,2022,True,har_gpr,0.0179147332394152,0.01815270663888503
22,19.01.2022,11,2022,True,har_gpr,0.0178471410912766,0.016671997848576325
22,20.01.2022,11,2022,True,har_gpr,0.0190907261579883,0.014534531582688885
22,21.01.2022,11,2022,True,har_gpr,0.0189925484718047,0.013847965039277975
22,24.01.2022,11,2022,True,har_gpr,0.0186548601275228,0.014248176335873138
22,25.01.2022,11,2022,True,har_gpr,0.0186806935547882,0.014884200905357702
22,26.01.2022,11,2022,True,har_gpr,0.0192408255722435,0.015187720395146362
22,27.01.2022,11,2022,True,har_gpr,0.0202920607521147,0.015494622385839013
22,28.01.2022,11,2022,True,har_gpr,0.024666948640495,0.015280446857326789
22,31.01.2022,11,2022,True,har_gpr,0.0256021722124493,0.015232817967009225
22,01.02.2022,11,2022,True,har_gpr,0.0274339741275797,0.014440276425204537
22,02.02.2022,11,2022,True,har_gpr,0.0280473938244474,0.016246458697499907
22,03.02.2022,11,2022,True,har_gpr,0.0284840911208605,0.015199899580254122
22,04.02.2022,11,2022,True,har_gpr,0.0437773524377274,0.01604629635989834
22,07.02.2022,11,2022,True,har_gpr,0.043988002409042,0.01671105716505429
22,08.02.2022,11,2022,True,har_gpr,0.0437654956756442,0.015676179502411867
22,09.02.2022,11,2022,True,har_gpr,0.0457451653051513,0.01650809628476935
22,10.02.2022,11,2022,True,har_gpr,0.0484269193419807,0.015288499579882849
22,11.02.2022,11,2022,True,har_gpr,0.0482287578548338,0.014843707691213128
22,14.02.2022,11,2022,True,har_gpr,0.0512236651489923,0.01699700756606294
22,15.02.2022,11,2022,True,har_gpr,0.0505193927598408,0.016888489087843912
22,16.02.2022,11,2022,True,har_gpr,0.0522111983674721,0.01896608455117707
22,17.02.2022,11,2022,True,har_gpr,0.051877389132175,0.018500876898201974
22,18.02.2022,11,2022,True,har_gpr,0.0526236492019078,0.01930007800109646
22,22.02.2022,11,2022,True,har_gpr,0.0528259061324389,0.018243650437981367
22,23.02.2022,11,2022,True,har_gpr,0.052790237418824,0.019653094965191922
22,24.02.2022,11,2022,True,har_gpr,0.0553697295898039,0.017397656247809958
22,25.02.2022,11,2022,True,har_gpr,0.0555273502057185,0.016357576968719853
22,28.02.2022,11,2022,True,har_gpr,0.0554859172541192,0.01353219672799533
22,01.03.2022,11,2022,True,har_gpr,0.0561653083558701,0.01593182136341873
22,02.03.2022,11,2022,True,har_gpr,0.0542288643551535,0.015835573846524387
22,03.03.2022,11,2022,True,har_gpr,0.0545080186540193,0.02023570304574433
22,04.03.2022,11,2022,True,har_gpr,0.0523437014940903,0.02199552176052657
22,07.03.2022,11,2022,True,har_gpr,0.0522443251947148,0.02578928609168269
22,08.03.2022,11,2022,True,har_gpr,0.0511974636932509,0.025194353492196394
22,09.03.2022,11,2022,True,har_gpr,0.0425210226289569,0.025650217192616717
22,10.03.2022,11,2022,True,har_gpr,0.043263903492709,0.04325129610128029
22,11.03.2022,11,2022,True,har_gpr,0.0448970845863225,0.03946909590423535
22,14.03.2022,11,2022,True,har_gpr,0.0443510954210412,0.03796766949830428
22,15.03.2022,11,2022,True,har_gpr,0.0419093811523317,0.03926135336070055
22,16.03.2022,11,2022,True,har_gpr,0.0415852920272297,0.0409228863427533
22,17.03.2022,11,2022,True,har_gpr,0.0396564170920436,0.03397615533397899
22,18.03.2022,11,2022,True,har_gpr,0.0395780125752038,0.04332959632522926
22,21.03.2022,11,2022,True,har_gpr,0.0366270359970322,0.03999886375205385
22,22.03.2022,11,2022,True,har_gpr,0.0367231216096002,0.044682819925406035
22,23.03.2022,11,2022,True,har_gpr,0.0353920617961995,0.039560960013702004
22,24.03.2022,11,2022,True,har_gpr,0.0359565928648162,0.04034916860612037
22,25.03.2022,11,2022,True,har_gpr,0.0357599001187218,0.03890155600971046
22,28.03.2022,11,2022,True,har_gpr,0.0331963121513791,0.038450478771668684
22,29.03.2022,11,2022,True,har_gpr,0.0331524184237349,0.04400413243201453
22,30.03.2022,11,2022,True,har_gpr,0.032652369250783,0.04214798066138501
22,31.03.2022,11,2022,True,har_gpr,0.0313050065447476,0.04053358315022103
22,01.04.2022,11,2022,True,har_gpr,0.0321423233482162,0.04217123430153894
22,04.04.2022,11,2022,True,har_gpr,0.0315866891219672,0.04068951991617835
22,05.04.2022,11,2022,True,har_gpr,0.0316070081559687,0.04038361105533618
22,06.04.2022,11,2022,True,har_gpr,0.0320854442798596,0.03901859443327405
22,07.04.2022,11,2022,True,har_gpr,0.0329473149927351,0.03582922101074909
22,08.04.2022,11,2022,True,har_gpr,0.0342025779959831,0.033732126595126484
22,11.04.2022,11,2022,True,har_gpr,0.0327229288461388,0.03429177870177511
22,12.04.2022,11,2022,True,har_gpr,0.0311427539832437,0.03400090305400683
22,13.04.2022,11,2022,True,har_gpr,0.0304774559401121,0.036291154092169514
22,14.04.2022,11,2022,True,har_gpr,0.0303399999425954,0.034974956619967405
22,18.04.2022,11,2022,True,har_gpr,0.0306696113230554,0.032350779519579306
22,19.04.2022,11,2022,True,har_gpr,0.0289101004321454,0.03169155508253254
22,20.04.2022,11,2022,True,har_gpr,0.0288810380402249,0.03287799222196229
22,21.04.2022,11,2022,True,har_gpr,0.0287870118953716,0.030321792543271095
22,22.04.2022,11,2022,True,har_gpr,0.028516037522337,0.029079345709416997
22,25.04.2022,11,2022,True,har_gpr,0.026744906124815,0.028644504100141566
22,26.04.2022,11,2022,True,har_gpr,0.026879037912628,0.029632870868561756
22,27.04.2022,11,2022,True,har_gpr,0.0269964961322875,0.027691685681052722
22,28.04.2022,11,2022,True,har_gpr,0.0272227912932122,0.02681657232789482
22,29.04.2022,11,2022,True,har_gpr,0.030024572463102,0.027429539052704736
22,02.05.2022,11,2022,True,har_gpr,0.0297661396810485,0.026291841937751102
22,03.05.2022,11,2022,True,har_gpr,0.0291913693007264,0.02631943584767825
22,04.05.2022,11,2022,True,har_gpr,0.0276622877476018,0.026836793312985278
22,05.05.2022,11,2022,True,har_gpr,0.0276760668552573,0.029733513757991117
22,06.05.2022,11,2022,True,har_gpr,0.0279654370181129,0.02677152342170362
22,09.05.2022,11,2022,True,har_gpr,0.0242367448790506,0.026957943550240695
22,10.05.2022,11,2022,True,har_gpr,0.0228139217701334,0.03092860548970609
22,11.05.2022,11,2022,True,har_gpr,0.020991708213787,0.029866728651338766
22,12.05.2022,11,2022,True,har_gpr,0.0211918021935921,0.029800070241916946
22,13.05.2022,11,2022,True,har_gpr,0.0207148795107177,0.027423030987669936
22,16.05.2022,11,2022,True,har_gpr,0.0202672041304916,0.029500967270550894
22,17.05.2022,11,2022,True,har_gpr,0.0235108857884414,0.027516046285389843
22,18.05.2022,11,2022,True,har_gpr,0.0229190624691167,0.025676916398304512
22,19.05.2022,11,2022,True,har_gpr,0.0229915857213102,0.026116782024061744
22,20.05.2022,11,2022,True,har_gpr,0.0231865032394889,0.026571445261435366
22,23.05.2022,11,2022,True,har_gpr,0.0239147878684706,0.02509549411959983
22,24.05.2022,11,2022,True,har_gpr,0.0242005516743563,0.02411192607884264
22,25.05.2022,11,2022,True,har_gpr,0.0247390657585245,0.023343827907016904
22,26.05.2022,11,2022,True,har_gpr,0.0241702553240327,0.02246927234794778
22,27.05.2022,11,2022,True,har_gpr,0.023969645389907,0.023640355676920716
22,31.05.2022,11,2022,True,har_gpr,0.0236203773070055,0.02324207257331677
22,01.06.2022,11,2022,True,har_gpr,0.0269694669602016,0.02343804482082653
22,02.06.2022,11,2022,True,har_gpr,0.0268707185852562,0.02828414210594404
22,03.06.2022,11,2022,True,har_gpr,0.0281226478097824,0.02588446171450281
22,06.06.2022,11,2022,True,har_gpr,0.0287649105813449,0.026029697950391454
22,07.06.2022,11,2022,True,har_gpr,0.028630918745083,0.02513218550937333
22,08.06.2022,11,2022,True,har_gpr,0.0312742771188482,0.02288600298765507
22,09.06.2022,11,2022,True,har_gpr,0.0313349690073999,0.020373565601464243
22,10.06.2022,11,2022,True,har_gpr,0.0313519461002504,0.019025785120915975
22,13.06.2022,11,2022,True,har_gpr,0.0319179532012756,0.01941033920104266
22,14.06.2022,11,2022,True,har_gpr,0.0342197913268623,0.019083128468992676
22,15.06.2022,11,2022,True,har_gpr,0.0341832223498623,0.019269583707978315
22,16.06.2022,11,2022,True,har_gpr,0.0340105940798977,0.01921180490240234
22,17.06.2022,11,2022,True,har_gpr,0.0324332630845897,0.01865905340007755
22,21.06.2022,11,2022,True,har_gpr,0.032203779132889,0.02391764449161704
22,22.06.2022,11,2022,True,har_gpr,0.0322220156314794,0.022820408370336467
22,23.06.2022,11,2022,True,har_gpr,0.0321189020002426,0.023657925910139016
22,24.06.2022,11,2022,True,har_gpr,0.03186047197659,0.02338334577274861
22,27.06.2022,11,2022,True,har_gpr,0.031599253427672,0.024754259528103385
22,28.06.2022,11,2022,True,har_gpr,0.0316701816489112,0.022631361009013848
22,29.06.2022,11,2022,True,har_gpr,0.0372164205199059,0.023285822733769952
22,30.06.2022,11,2022,True,har_gpr,0.0372773247611741,0.022142693606429634
22,01.07.2022,11,2022,True,har_gpr,0.0376195425178959,0.020287846865057815
22,05.07.2022,11,2022,True,har_gpr,0.0339696839614774,0.021421579303903104
22,06.07.2022,11,2022,True,har_gpr,0.0338620295984974,0.029166618662200404
22,07.07.2022,11,2022,True,har_gpr,0.0329417999730098,0.025933502623864006
22,08.07.2022,11,2022,True,har_gpr,0.032426774923203,0.029113834252400717
22,11.07.2022,11,2022,True,har_gpr,0.0325892218191675,0.028976954262506637
22,12.07.2022,11,2022,True,har_gpr,0.0290968595546232,0.027609595471103067
22,13.07.2022,11,2022,True,har_gpr,0.0292642081810631,0.03168985825018098
22,14.07.2022,11,2022,True,har_gpr,0.0299925723280321,0.029054716996886703
22,15.07.2022,11,2022,True,har_gpr,0.0301058634111942,0.028472448408032865
22,18.07.2022,11,2022,True,har_gpr,0.0279927194473471,0.029277787075700733
22,19.07.2022,11,2022,True,har_gpr,0.0288906335533849,0.032678366986459026
22,20.07.2022,11,2022,True,har_gpr,0.0289201611806779,0.027467083335415258
22,21.07.2022,11,2022,True,har_gpr,0.0283992644035801,0.027242962363788033
22,22.07.2022,11,2022,True,har_gpr,0.029721404707699,0.02896261276250463
22,25.07.2022,11,2022,True,har_gpr,0.0294972512871832,0.02810514115437085
22,26.07.2022,11,2022,True,har_gpr,0.0297015759030508,0.02689497197416334
22,27.07.2022,11,2022,True,har_gpr,0.0295464919541627,0.026145407411428213
22,28.07.2022,11,2022,True,har_gpr,0.0308681740216131,0.02697962018206195
22,29.07.2022,11,2022,True,har_gpr,0.0324053354349936,0.025561280586321886
22,01.08.2022,11,2022,True,har_gpr,0.0260537405220678,0.026689625905849907
22,02.08.2022,11,2022,True,har_gpr,0.0274939024574125,0.036198380635509966
22,03.08.2022,11,2022,True,har_gpr,0.0264827886992088,0.03069325398505715
22,04.08.2022,11,2022,True,har_gpr,0.0258367337639486,0.03207760153454117
22,05.08.2022,11,2022,True,har_gpr,0.0280729717504238,0.031010310637608493
22,08.08.2022,11,2022,True,har_gpr,0.0279081412920063,0.029561488103424214
22,09.08.2022,11,2022,True,har_gpr,0.0294586003970448,0.027764418869617315
22,10.08.2022,11,2022,True,har_gpr,0.0294839291710609,0.02498368912002368
22,11.08.2022,11,2022,True,har_gpr,0.0290238427252988,0.024666900542862195
22,12.08.2022,11,2022,True,har_gpr,0.0290281995684974,0.024356342574035295
22,15.08.2022,11,2022,True,har_gpr,0.0292177551864778,0.024602491904851278
22,16.08.2022,11,2022,True,har_gpr,0.0286034948976153,0.025741953575684855
22,17.08.2022,11,2022,True,har_gpr,0.0284722955508275,0.02613868478665698
22,18.08.2022,11,2022,True,har_gpr,0.0277114323908375,0.025885308856760374
22,19.08.2022,11,2022,True,har_gpr,0.0277214263799524,0.027136372458196858
22,22.08.2022,11,2022,True,har_gpr,0.0278090954215743,0.02607544445086933
22,23.08.2022,11,2022,True,har_gpr,0.0278819422788389,0.025050326013324815
22,24.08.2022,11,2022,True,har_gpr,0.0278616267001414,0.026567069228947877
22,25.08.2022,11,2022,True,har_gpr,0.0286918711073359,0.025429666318847577
22,26.08.2022,11,2022,True,har_gpr,0.0296347369606192,0.026148240804262434
22,29.08.2022,11,2022,True,har_gpr,0.027849807291255,0.025869459857943627
22,30.08.2022,11,2022,True,har_gpr,0.0256327162439225,0.023095343164172406
22,31.08.2022,11,2022,True,har_gpr,0.0252912645049258,0.02705577775283567
22,01.09.2022,11,2022,True,har_gpr,0.0247706081508645,0.025865474033799
22,02.09.2022,11,2022,True,har_gpr,0.024998237028828,0.02796860642195216
22,06.09.2022,11,2022,True,har_gpr,0.0251012747988376,0.02649599799872346
22,07.09.2022,11,2022,True,har_gpr,0.0230896569441748,0.02402255859647254
22,08.09.2022,11,2022,True,har_gpr,0.0235037683105099,0.02699137088372971
22,09.09.2022,11,2022,True,har_gpr,0.0224730120780501,0.026117426102883944
22,12.09.2022,11,2022,True,har_gpr,0.0227180436047872,0.028126644985594102
22,13.09.2022,11,2022,True,har_gpr,0.0231723681271821,0.027565833215193444
22,14.09.2022,11,2022,True,har_gpr,0.0240563127269761,0.027081138516275347
22,15.09.2022,11,2022,True,har_gpr,0.0228228453201669,0.024761745518762975
22,16.09.2022,11,2022,True,har_gpr,0.0231015978823032,0.027327293975542902
22,19.09.2022,11,2022,True,har_gpr,0.0237513179738027,0.024837355497091262
22,20.09.2022,11,2022,True,har_gpr,0.023505209070857,0.024395730856534504
22,21.09.2022,11,2022,True,har_gpr,0.0235178631584243,0.02481576676441061
22,22.09.2022,11,2022,True,har_gpr,0.0235061225999028,0.02347294493951725
22,23.09.2022,11,2022,True,har_gpr,0.0206603314754278,0.022576526882963056
22,26.09.2022,11,2022,True,har_gpr,0.0200355273049476,0.02630000859688646
22,27.09.2022,11,2022,True,har_gpr,0.0196071300612476,0.024506154505523257
22,28.09.2022,11,2022,True,har_gpr,0.0187945276685506,0.02488412173375704
22,29.09.2022,11,2022,True,har_gpr,0.018811576864917,0.025596838012666566
22,30.09.2022,11,2022,True,har_gpr,0.0187366462947901,0.024393527550009193
22,03.10.2022,11,2022,True,har_gpr,0.0188731309408654,0.02226228107495461
22,04.10.2022,11,2022,True,har_gpr,0.0181327192453257,0.021694850279028323
22,05.10.2022,11,2022,True,har_gpr,0.0197078961975704,0.02328446544924239
22,06.10.2022,11,2022,True,har_gpr,0.0196982458214081,0.02075084612833951
22,07.10.2022,11,2022,True,har_gpr,0.0189658262822808,0.020150720352272604
22,10.10.2022,11,2022,True,har_gpr,0.0195608751601326,0.02065919263948892
22,11.10.2022,11,2022,True,har_gpr,0.0192959176051001,0.021250463117104323
22,12.10.2022,11,2022,True,har_gpr,0.0194776945815034,0.021735297668773107
22,13.10.2022,11,2022,True,har_gpr,0.020017871899523,0.02202668475717779
22,14.10.2022,11,2022,True,har_gpr,0.0188492663847833,0.021869449984363305
22,17.10.2022,11,2022,True,har_gpr,0.0190162575261346,0.022092821099417015
22,18.10.2022,11,2022,True,har_gpr,0.0200393935208501,0.021328836244587594
22,19.10.2022,11,2022,True,har_gpr,0.0197808922898949,0.021951161240252575
22,20.10.2022,11,2022,True,har_gpr,0.0197757417309751,0.023028147163111277
22,21.10.2022,11,2022,True,har_gpr,0.0197194867044838,0.021728042830104686
22,24.10.2022,11,2022,True,har_gpr,0.0208238982471381,0.019951780717322638
22,25.10.2022,11,2022,True,har_gpr,0.0210732225989385,0.01979823592067733
22,26.10.2022,11,2022,True,har_gpr,0.020123994876345,0.018957497094623285
22,27.10.2022,11,2022,True,har_gpr,0.019677981343837,0.019095216478977224
22,28.10.2022,11,2022,True,har_gpr,0.0210342477195799,0.018613722450864047
22,31.10.2022,11,2022,True,har_gpr,0.0215164121385401,0.019148427287591654
22,01.11.2022,11,2022,True,har_gpr,0.0216415082245376,0.019477035275388244
22,02.11.2022,11,2022,True,har_gpr,0.0220289411474174,0.01855564379985182
22,03.11.2022,11,2022,True,har_gpr,0.0231530022250262,0.018760187708286177
22,04.11.2022,11,2022,True,har_gpr,0.0208133546744952,0.018832978568565015
22,07.11.2022,11,2022,True,har_gpr,0.0207931972791395,0.02108297434996055
22,08.11.2022,11,2022,True,har_gpr,0.0206309243156547,0.01893436494180895
22,09.11.2022,11,2022,True,har_gpr,0.0214631747153672,0.020387055741588948
22,10.11.2022,11,2022,True,har_gpr,0.0229280709607954,0.02096232492864659
22,11.11.2022,11,2022,True,har_gpr,0.0229451903982152,0.020111791363000536
22,14.11.2022,11,2022,True,har_gpr,0.0225026492573263,0.019570370321011204
22,15.11.2022,11,2022,True,har_gpr,0.0226984146001376,0.02066059090730188
22,16.11.2022,11,2022,True,har_gpr,0.0229850540387175,0.01953643917638602
22,17.11.2022,11,2022,True,har_gpr,0.0222547335210105,0.01886841292057894
22,18.11.2022,11,2022,True,har_gpr,0.0228567616531034,0.020883690048279148
22,21.11.2022,11,2022,True,har_gpr,0.0229986145151096,0.019850798580492764
22,22.11.2022,11,2022,True,har_gpr,0.0243192928241615,0.01941450904304149
22,23.11.2022,11,2022,True,har_gpr,0.0233035628746108,0.019902815945380306
22,25.11.2022,11,2022,True,har_gpr,0.0230218720456593,0.021105302497251854
22,28.11.2022,11,2022,True,har_gpr,0.0231387802886937,0.020305458757617304
22,29.11.2022,11,2022,True,har_gpr,0.0249547613210564,0.019778160801817934
22,30.11.2022,11,2022,True,har_gpr,0.0260989769497485,0.01967178229778025
22,01.12.2022,11,2022,True,har_gpr,0.0279311985658584,0.02208478493989192
22,02.12.2022,11,2022,True,har_gpr,0.0280303372985178,0.021411626948969
22,05.12.2022,11,2022,True,har_gpr,0.0271878772096688,0.021148660556123078
22,06.12.2022,11,2022,True,har_gpr,0.025945659473457,0.021833463343254256
22,07.12.2022,11,2022,True,har_gpr,0.0251944220820281,0.023392241658167445
22,08.12.2022,11,2022,True,har_gpr,0.0257336219317719,0.02205574216543034
22,09.12.2022,11,2022,True,har_gpr,0.0258498949212437,0.02008211883556134
22,12.12.2022,11,2022,True,har_gpr,0.0255719640589573,0.019898850201983384
22,13.12.2022,11,2022,True,har_gpr,0.0247091748394369,0.021329141694542923
22,14.12.2022,11,2022,True,har_gpr,0.0243753119453574,0.022603350253217115
22,15.12.2022,11,2022,True,har_gpr,0.0241141887942768,0.02209841184056184
22,16.12.2022,11,2022,True,har_gpr,0.0233394464965294,0.022137468211035648
22,19.12.2022,11,2022,True,har_gpr,0.023317549644735,0.02298973561507963
22,20.12.2022,11,2022,True,har_gpr,0.0240797565306709,0.022070765624651052
22,21.12.2022,11,2022,True,har_gpr,0.0234863118673017,0.02120978593056296
22,22.12.2022,11,2022,True,har_gpr,0.0233305214427017,0.022638502851101028
22,23.12.2022,11,2022,True,har_gpr,0.0223272323184038,0.0216506684637628
22,27.12.2022,11,2022,True,har_gpr,0.0227938147885714,0.02283547243775185
22,28.12.2022,11,2022,True,har_gpr,0.0226393900950476,0.021851639643621912
22,29.12.2022,11,2022,True,har_gpr,0.0229013115158169,0.022521236414241176
22,30.12.2022,11,2022,True,har_gpr,0.0208248047750625,0.02187980724482018
22,03.01.2022,11,2022,True,har_x,0.0140393436894644,0.021658410415304266
22,04.01.2022,11,2022,True,har_x,0.0144432301570423,0.019894691689348893
22,05.01.2022,11,2022,True,har_x,0.0146946573407846,0.020307671804647966
22,06.01.2022,11,2022,True,har_x,0.0156442752243912,0.02194986370620687
22,07.01.2022,11,2022,True,har_x,0.0155703223141225,0.01927831632895857
22,10.01.2022,11,2022,True,har_x,0.0152390043196698,0.018805590968802008
22,11.01.2022,11,2022,True,har_x,0.0150601350350547,0.01918885917669242
22,12.01.2022,11,2022,True,har_x,0.0153951876769399,0.018582306414784377
22,13.01.2022,11,2022,True,har_x,0.0175077839839775,0.018414602107329658
22,14.01.2022,11,2022,True,har_x,0.0174234388992479,0.019372911988396472
22,18.01.2022,11,2022,True,har_x,0.0179147332394152,0.020957590033159623
22,19.01.2022,11,2022,True,har_x,0.0178471410912766,0.020790791962613794
22,20.01.2022,11,2022,True,har_x,0.0190907261579883,0.020320659798035344
22,21.01.2022,11,2022,True,har_x,0.0189925484718047,0.019609282662146486
22,24.01.2022,11,2022,True,har_x,0.0186548601275228,0.020229929741103405
22,25.01.2022,11,2022,True,har_x,0.0186806935547882,0.02236584878827042
22,26.01.2022,11,2022,True,har_x,0.0192408255722435,0.022386529387855656
22,27.01.2022,11,2022,True,har_x,0.0202920607521147,0.0217961382879138
22,28.01.2022,11,2022,True,har_x,0.024666948640495,0.022232239882620675
22,31.01.2022,11,2022,True,har_x,0.0256021722124493,0.0225134663368948
22,01.02.2022,11,2022,True,har_x,0.0274339741275797,0.020141794149379555
22,02.02.2022,11,2022,True,har_x,0.0280473938244474,0.02030849551237985
22,03.02.2022,11,2022,True,har_x,0.0284840911208605,0.020240976435877703
22,04.02.2022,11,2022,True,har_x,0.0437773524377274,0.02055527121835336
22,07.02.2022,11,2022,True,har_x,0.043988002409042,0.02137907961775245
22,08.02.2022,11,2022,True,har_x,0.0437654956756442,0.021064606993540357
22,09.02.2022,11,2022,True,har_x,0.0457451653051513,0.020483393748302315
22,10.02.2022,11,2022,True,har_x,0.0484269193419807,0.019520394853169382
22,11.02.2022,11,2022,True,har_x,0.0482287578548338,0.02099061389246186
22,14.02.2022,11,2022,True,har_x,0.0512236651489923,0.022838664350204377
22,15.02.2022,11,2022,True,har_x,0.0505193927598408,0.023389169305962656
22,16.02.2022,11,2022,True,har_x,0.0522111983674721,0.02381714100864357
22,17.02.2022,11,2022,True,har_x,0.051877389132175,0.024122093917262152
22,18.02.2022,11,2022,True,har_x,0.0526236492019078,0.025726629267591724
22,22.02.2022,11,2022,True,har_x,0.0528259061324389,0.02500376559838976
22,23.02.2022,11,2022,True,har_x,0.052790237418824,0.024758992999025637
22,24.02.2022,11,2022,True,har_x,0.0553697295898039,0.024289779588706855
22,25.02.2022,11,2022,True,har_x,0.0555273502057185,0.0234944095537784
22,28.02.2022,11,2022,True,har_x,0.0554859172541192,0.022882321712526583
22,01.03.2022,11,2022,True,har_x,0.0561653083558701,0.02462192411659106
22,02.03.2022,11,2022,True,har_x,0.0542288643551535,0.027886462884599
22,03.03.2022,11,2022,True,har_x,0.0545080186540193,0.02915468695945295
22,04.03.2022,11,2022,True,har_x,0.0523437014940903,0.03122056351763962
22,07.03.2022,11,2022,True,har_x,0.0522443251947148,0.0365391633592564
22,08.03.2022,11,2022,True,har_x,0.0511974636932509,0.03708745048378599
22,09.03.2022,11,2022,True,har_x,0.0425210226289569,0.03627821187127856
22,10.03.2022,11,2022,True,har_x,0.043263903492709,0.040214476923666115
22,11.03.2022,11,2022,True,har_x,0.0448970845863225,0.037966225278836994
22,14.03.2022,11,2022,True,har_x,0.0443510954210412,0.037471089522164734
22,15.03.2022,11,2022,True,har_x,0.0419093811523317,0.03639912971379272
22,16.03.2022,11,2022,True,har_x,0.0415852920272297,0.03610735930674897
22,17.03.2022,11,2022,True,har_x,0.0396564170920436,0.032611347639764726
22,18.03.2022,11,2022,True,har_x,0.0395780125752038,0.03825108530073159
22,21.03.2022,11,2022,True,har_x,0.0366270359970322,0.03782503883390194
22,22.03.2022,11,2022,True,har_x,0.0367231216096002,0.039815701442727953
22,23.03.2022,11,2022,True,har_x,0.0353920617961995,0.03778724652864984
22,24.03.2022,11,2022,True,har_x,0.0359565928648162,0.038779986704240224
22,25.03.2022,11,2022,True,har_x,0.0357599001187218,0.037274619944409226
22,28.03.2022,11,2022,True,har_x,0.0331963121513791,0.037283038823545285
22,29.03.2022,11,2022,True,har_x,0.0331524184237349,0.038156391305294815
22,30.03.2022,11,2022,True,har_x,0.032652369250783,0.03616177645055966
22,31.03.2022,11,2022,True,har_x,0.0313050065447476,0.03507518786133127
22,01.04.2022,11,2022,True,har_x,0.0321423233482162,0.03428288245667587
22,04.04.2022,11,2022,True,har_x,0.0315866891219672,0.03235474501933773
22,05.04.2022,11,2022,True,har_x,0.0316070081559687,0.03217400770351321
22,06.04.2022,11,2022,True,har_x,0.0320854442798596,0.03167826596786701
22,07.04.2022,11,2022,True,har_x,0.0329473149927351,0.030404559240440592
22,08.04.2022,11,2022,True,har_x,0.0342025779959831,0.030335129214112338
22,11.04.2022,11,2022,True,har_x,0.0327229288461388,0.030057686555970797
22,12.04.2022,11,2022,True,har_x,0.0311427539832437,0.030477897926414168
22,13.04.2022,11,2022,True,har_x,0.0304774559401121,0.03144720721064766
22,14.04.2022,11,2022,True,har_x,0.0303399999425954,0.029594251127751183
22,18.04.2022,11,2022,True,har_x,0.0306696113230554,0.029684444646081432
22,19.04.2022,11,2022,True,har_x,0.0289101004321454,0.028729025441190922
22,20.04.2022,11,2022,True,har_x,0.0288810380402249,0.02876975143061139
22,21.04.2022,11,2022,True,har_x,0.0287870118953716,0.02880771665967522
22,22.04.2022,11,2022,True,har_x,0.028516037522337,0.02751274654445377
22,25.04.2022,11,2022,True,har_x,0.026744906124815,0.027800405283088005
22,26.04.2022,11,2022,True,har_x,0.026879037912628,0.028701019867801044
22,27.04.2022,11,2022,True,har_x,0.0269964961322875,0.028459253216378957
22,28.04.2022,11,2022,True,har_x,0.0272227912932122,0.028228017020789958
22,29.04.2022,11,2022,True,har_x,0.030024572463102,0.027835502789088296
22,02.05.2022,11,2022,True,har_x,0.0297661396810485,0.027954090261437668
22,03.05.2022,11,2022,True,har_x,0.0291913693007264,0.02789740851941435
22,04.05.2022,11,2022,True,har_x,0.0276622877476018,0.028016287160481154
22,05.05.2022,11,2022,True,har_x,0.0276760668552573,0.028551664039204585
22,06.05.2022,11,2022,True,har_x,0.0279654370181129,0.02843140976285811
22,09.05.2022,11,2022,True,har_x,0.0242367448790506,0.028494254340405926
22,10.05.2022,11,2022,True,har_x,0.0228139217701334,0.03081489740628133
22,11.05.2022,11,2022,True,har_x,0.020991708213787,0.029963306990443594
22,12.05.2022,11,2022,True,har_x,0.0211918021935921,0.028947478325060373
22,13.05.2022,11,2022,True,har_x,0.0207148795107177,0.02818656957413291
22,16.05.2022,11,2022,True,har_x,0.0202672041304916,0.028156174452935678
22,17.05.2022,11,2022,True,har_x,0.0235108857884414,0.027736990446857145
22,18.05.2022,11,2022,True,har_x,0.0229190624691167,0.026617336628429474
22,19.05.2022,11,2022,True,har_x,0.0229915857213102,0.0272712854451961
22,20.05.2022,11,2022,True,har_x,0.0231865032394889,0.027154443400615087
22,23.05.2022,11,2022,True,har_x,0.0239147878684706,0.026590897376612035
22,24.05.2022,11,2022,True,har_x,0.0242005516743563,0.02548986423725213
22,25.05.2022,11,2022,True,har_x,0.0247390657585245,0.02468541289317072
22,26.05.2022,11,2022,True,har_x,0.0241702553240327,0.024210038493640517
22,27.05.2022,11,2022,True,har_x,0.023969645389907,0.0242021004230006
22,31.05.2022,11,2022,True,har_x,0.0236203773070055,0.02481592260486327
22,01.06.2022,11,2022,True,har_x,0.0269694669602016,0.025632439123094396
22,02.06.2022,11,2022,True,har_x,0.0268707185852562,0.026845821070222427
22,03.06.2022,11,2022,True,har_x,0.0281226478097824,0.0258491046360597
22,06.06.2022,11,2022,True,har_x,0.0287649105813449,0.02527791348973187
22,07.06.2022,11,2022,True,har_x,0.028630918745083,0.025726826479476106
22,08.06.2022,11,2022,True,har_x,0.0312742771188482,0.02431399072236585
22,09.06.2022,11,2022,True,har_x,0.0313349690073999,0.0227428170076132
22,10.06.2022,11,2022,True,har_x,0.0313519461002504,0.022296719994909106
22,13.06.2022,11,2022,True,har_x,0.0319179532012756,0.022058123050641226
22,14.06.2022,11,2022,True,har_x,0.0342197913268623,0.02363946899478639
22,15.06.2022,11,2022,True,har_x,0.0341832223498623,0.023346143991250155
22,16.06.2022,11,2022,True,har_x,0.0340105940798977,0.02336137985429127
22,17.06.2022,11,2022,True,har_x,0.0324332630845897,0.023022013139265454
22,21.06.2022,11,2022,True,har_x,0.032203779132889,0.02557185837477728
22,22.06.2022,11,2022,True,har_x,0.0322220156314794,0.024345688676509374
22,23.06.2022,11,2022,True,har_x,0.0321189020002426,0.02541850420909109
22,24.06.2022,11,2022,True,har_x,0.03186047197659,0.025226495881024796
22,27.06.2022,11,2022,True,har_x,0.031599253427672,0.02505020587365209
22,28.06.2022,11,2022,True,har_x,0.0316701816489112,0.024352317223379712
22,29.06.2022,11,2022,True,har_x,0.0372164205199059,0.024387973741579968
22,30.06.2022,11,2022,True,har_x,0.0372773247611741,0.02477569403981768
22,01.07.2022,11,2022,True,har_x,0.0376195425178959,0.02438481141602963
22,05.07.2022,11,2022,True,har_x,0.0339696839614774,0.024855188741499088
22,06.07.2022,11,2022,True,har_x,0.0338620295984974,0.02838162646972468
22,07.07.2022,11,2022,True,har_x,0.0329417999730098,0.02830023878218838
22,08.07.2022,11,2022,True,har_x,0.032426774923203,0.028668270964803948
22,11.07.2022,11,2022,True,har_x,0.0325892218191675,0.028469117657122307
22,12.07.2022,11,2022,True,har_x,0.0290968595546232,0.028298816075680043
22,13.07.2022,11,2022,True,har_x,0.0292642081810631,0.02959444376740048
22,14.07.2022,11,2022,True,har_x,0.0299925723280321,0.028147395364747925
22,15.07.2022,11,2022,True,har_x,0.0301058634111942,0.02833995935643483
22,18.07.2022,11,2022,True,har_x,0.0279927194473471,0.02804733130536775
22,19.07.2022,11,2022,True,har_x,0.0288906335533849,0.02842489667705468
22,20.07.2022,11,2022,True,har_x,0.0289201611806779,0.026449068228858924
22,21.07.2022,11,2022,True,har_x,0.0283992644035801,0.025976624555694522
22,22.07.2022,11,2022,True,har_x,0.029721404707699,0.027751890844442545
22,25.07.2022,11,2022,True,har_x,0.0294972512871832,0.026412016196564754
22,26.07.2022,11,2022,True,har_x,0.0297015759030508,0.025717950184254434
22,27.07.2022,11,2022,True,har_x,0.0295464919541627,0.025477191169142557
22,28.07.2022,11,2022,True,har_x,0.0308681740216131,0.026143247056492964
22,29.07.2022,11,2022,True,har_x,0.0324053354349936,0.025041294866643322
22,01.08.2022,11,2022,True,har_x,0.0260537405220678,0.024930248830054305
22,02.08.2022,11,2022,True,har_x,0.0274939024574125,0.029320504108613848
22,03.08.2022,11,2022,True,har_x,0.0264827886992088,0.029127443553726862
22,04.08.2022,11,2022,True,har_x,0.0258367337639486,0.02841922298646333
22,05.08.2022,11,2022,True,har_x,0.0280729717504238,0.029946098300964535
22,08.08.2022,11,2022,True,har_x,0.0279081412920063,0.02724050981335688
22,09.08.2022,11,2022,True,har_x,0.0294586003970448,0.025574002028448214
22,10.08.2022,11,2022,True,har_x,0.0294839291710609,0.02478915672869565
22,11.08.2022,11,2022,True,har_x,0.0290238427252988,0.024711628431222495
22,12.08.2022,11,2022,True,har_x,0.0290281995684974,0.024040792559173064
22,15.08.2022,11,2022,True,har_x,0.0292177551864778,0.02371950030603436
22,16.08.2022,11,2022,True,har_x,0.0286034948976153,0.025117601504322077
22,17.08.2022,11,2022,True,har_x,0.0284722955508275,0.02658558673701212
22,18.08.2022,11,2022,True,har_x,0.0277114323908375,0.027044702227287443
22,19.08.2022,11,2022,True,har_x,0.0277214263799524,0.025876864254359595
22,22.08.2022,11,2022,True,har_x,0.0278090954215743,0.02673686287417077
22,23.08.2022,11,2022,True,har_x,0.0278819422788389,0.026329825349955274
22,24.08.2022,11,2022,True,har_x,0.0278616267001414,0.025373773637830624
22,25.08.2022,11,2022,True,har_x,0.0286918711073359,0.02551166657639873
22,26.08.2022,11,2022,True,har_x,0.0296347369606192,0.025884349992684682
22,29.08.2022,11,2022,True,har_x,0.027849807291255,0.02520617869654081
22,30.08.2022,11,2022,True,har_x,0.0256327162439225,0.024737389639398963
22,31.08.2022,11,2022,True,har_x,0.0252912645049258,0.026684721122630067
22,01.09.2022,11,2022,True,har_x,0.0247706081508645,0.02732011815973377
22,02.09.2022,11,2022,True,har_x,0.024998237028828,0.028655541724071382
22,06.09.2022,11,2022,True,har_x,0.0251012747988376,0.028348596555510825
22,07.09.2022,11,2022,True,har_x,0.0230896569441748,0.02595675434385049
22,08.09.2022,11,2022,True,har_x,0.0235037683105099,0.027787037287435926
22,09.09.2022,11,2022,True,har_x,0.0224730120780501,0.027011992641079962
22,12.09.2022,11,2022,True,har_x,0.0227180436047872,0.026641931420417982
22,13.09.2022,11,2022,True,har_x,0.0231723681271821,0.024985030105068175
22,14.09.2022,11,2022,True,har_x,0.0240563127269761,0.025107587901886625
22,15.09.2022,11,2022,True,har_x,0.0228228453201669,0.024506803025781405
22,16.09.2022,11,2022,True,har_x,0.0231015978823032,0.025644162690430454
22,19.09.2022,11,2022,True,har_x,0.0237513179738027,0.025229395586648783
22,20.09.2022,11,2022,True,har_x,0.023505209070857,0.024731197996889755
22,21.09.2022,11,2022,True,har_x,0.0235178631584243,0.025363140500044238
22,22.09.2022,11,2022,True,har_x,0.0235061225999028,0.025138592230160246
22,23.09.2022,11,2022,True,har_x,0.0206603314754278,0.024237213648320086
22,26.09.2022,11,2022,True,har_x,0.0200355273049476,0.026647673047729005
22,27.09.2022,11,2022,True,har_x,0.0196071300612476,0.028362009662510807
22,28.09.2022,11,2022,True,har_x,0.0187945276685506,0.028294381872000385
22,29.09.2022,11,2022,True,har_x,0.018811576864917,0.02823950971911485
22,30.09.2022,11,2022,True,har_x,0.0187366462947901,0.027770101231490315
22,03.10.2022,11,2022,True,har_x,0.0188731309408654,0.02751714638292888
22,04.10.2022,11,2022,True,har_x,0.0181327192453257,0.02742395849680815
22,05.10.2022,11,2022,True,har_x,0.0197078961975704,0.028988212490219503
22,06.10.2022,11,2022,True,har_x,0.0196982458214081,0.026375810530114098
22,07.10.2022,11,2022,True,har_x,0.0189658262822808,0.02588915190926829
22,10.10.2022,11,2022,True,har_x,0.0195608751601326,0.026012390625519095
22,11.10.2022,11,2022,True,har_x,0.0192959176051001,0.025569813631767326
22,12.10.2022,11,2022,True,har_x,0.0194776945815034,0.02629146363300297
22,13.10.2022,11,2022,True,har_x,0.020017871899523,0.026244188471777938
22,14.10.2022,11,2022,True,har_x,0.0188492663847833,0.025859252247665006
22,17.10.2022,11,2022,True,har_x,0.0190162575261346,0.025718655035026405
22,18.10.2022,11,2022,True,har_x,0.0200393935208501,0.02537776773171515
22,19.10.2022,11,2022,True,har_x,0.0197808922898949,0.025071952616510372
22,20.10.2022,11,2022,True,har_x,0.0197757417309751,0.024911921945904136
22,21.10.2022,11,2022,True,har_x,0.0197194867044838,0.024663169651637642
22,24.10.2022,11,2022,True,har_x,0.0208238982471381,0.023774234697963616
22,25.10.2022,11,2022,True,har_x,0.0210732225989385,0.023771032433852486
22,26.10.2022,11,2022,True,har_x,0.020123994876345,0.023298333209788337
22,27.10.2022,11,2022,True,har_x,0.019677981343837,0.023715014461045212
22,28.10.2022,11,2022,True,har_x,0.0210342477195799,0.023764800039967466
22,31.10.2022,11,2022,True,har_x,0.0215164121385401,0.023532889508305663
22,01.11.2022,11,2022,True,har_x,0.0216415082245376,0.023698459742260945
22,02.11.2022,11,2022,True,har_x,0.0220289411474174,0.023341776233701164
22,03.11.2022,11,2022,True,har_x,0.0231530022250262,0.023575972019369194
22,04.11.2022,11,2022,True,har_x,0.0208133546744952,0.023128406471298317
22,07.11.2022,11,2022,True,har_x,0.0207931972791395,0.0241842130551191
22,08.11.2022,11,2022,True,har_x,0.0206309243156547,0.022714824002391863
22,09.11.2022,11,2022,True,har_x,0.0214631747153672,0.023089358564196853
22,10.11.2022,11,2022,True,har_x,0.0229280709607954,0.023382944562582393
22,11.11.2022,11,2022,True,har_x,0.0229451903982152,0.0225306642420602
22,14.11.2022,11,2022,True,har_x,0.0225026492573263,0.021744192321906584
22,15.11.2022,11,2022,True,har_x,0.0226984146001376,0.023162930821571327
22,16.11.2022,11,2022,True,har_x,0.0229850540387175,0.023745549083533553
22,17.11.2022,11,2022,True,har_x,0.0222547335210105,0.022921753451684457
22,18.11.2022,11,2022,True,har_x,0.0228567616531034,0.02352995997963335
22,21.11.2022,11,2022,True,har_x,0.0229986145151096,0.02337529082760369
22,22.11.2022,11,2022,True,har_x,0.0243192928241615,0.023393737136769625
22,23.11.2022,11,2022,True,har_x,0.0233035628746108,0.023219463449191728
22,25.11.2022,11,2022,True,har_x,0.0230218720456593,0.025408004676911223
22,28.11.2022,11,2022,True,har_x,0.0231387802886937,0.024696116155818102
22,29.11.2022,11,2022,True,har_x,0.0249547613210564,0.024651609358261422
22,30.11.2022,11,2022,True,har_x,0.0260989769497485,0.023686926991464206
22,01.12.2022,11,2022,True,har_x,0.0279311985658584,0.023715952734911637
22,02.12.2022,11,2022,True,har_x,0.0280303372985178,0.023345196201356767
22,05.12.2022,11,2022,True,har_x,0.0271878772096688,0.02330701564669431
22,06.12.2022,11,2022,True,har_x,0.025945659473457,0.023592109470699597
22,07.12.2022,11,2022,True,har_x,0.0251944220820281,0.024424169125248914
22,08.12.2022,11,2022,True,har_x,0.0257336219317719,0.02454533833975421
22,09.12.2022,11,2022,True,har_x,0.0258498949212437,0.023625774708355904
22,12.12.2022,11,2022,True,har_x,0.0255719640589573,0.023594316556044964
22,13.12.2022,11,2022,True,har_x,0.0247091748394369,0.023536195253040324
22,14.12.2022,11,2022,True,har_x,0.0243753119453574,0.02327478746773126
22,15.12.2022,11,2022,True,har_x,0.0241141887942768,0.022520161262530765
22,16.12.2022,11,2022,True,har_x,0.0233394464965294,0.02325651410551318
22,19.12.2022,11,2022,True,har_x,0.023317549644735,0.023045961072219394
22,20.12.2022,11,2022,True,har_x,0.0240797565306709,0.022953421199954607
22,21.12.2022,11,2022,True,har_x,0.0234863118673017,0.022413848798508544
22,22.12.2022,11,2022,True,har_x,0.0233305214427017,0.02251502526000883
22,23.12.2022,11,2022,True,har_x,0.0223272323184038,0.02250039953476409
22,27.12.2022,11,2022,True,har_x,0.0227938147885714,0.02252774638090145
22,28.12.2022,11,2022,True,har_x,0.0226393900950476,0.02306364840901093
22,29.12.2022,11,2022,True,har_x,0.0229013115158169,0.02342160083013171
22,30.12.2022,11,2022,True,har_x,0.0208248047750625,0.02273793753265289
66,03.01.2022,11,2022,True,har,0.0359810459985461,0.020622126542897298
66,04.01.2022,11,2022,True,har,0.0360318556638508,0.020266379371191728
66,05.01.2022,11,2022,True,har,0.0364743539932904,0.019600611558060765
66,06.01.2022,11,2022,True,har,0.0371346226301971,0.01916863353386705
66,07.01.2022,11,2022,True,har,0.0373745725322682,0.019455605417863092
66,10.01.2022,11,2022,True,har,0.0374240307086512,0.018000595230522227
66,11.01.2022,11,2022,True,har,0.0372538303212978,0.01876820019843458
66,12.01.2022,11,2022,True,har,0.0379248297439793,0.020628984708785852
66,13.01.2022,11,2022,True,har,0.0379299435722466,0.019726874513331997
66,14.01.2022,11,2022,True,har,0.0379067601181301,0.019498905855648303
66,18.01.2022,11,2022,True,har,0.0379422137632329,0.020076301393799748
66,19.01.2022,11,2022,True,har,0.038320847170036,0.019149311698796183
66,20.01.2022,11,2022,True,har,0.0384282355144986,0.017554680444253054
66,21.01.2022,11,2022,True,har,0.0384147014965996,0.017069189586257093
66,24.01.2022,11,2022,True,har,0.0383877703843282,0.01741376336975773
66,25.01.2022,11,2022,True,har,0.0383497492973685,0.018505586759630807
66,26.01.2022,11,2022,True,har,0.0383673201375149,0.018803073946290078
66,27.01.2022,11,2022,True,har,0.0384966781563014,0.019032812472272877
66,28.01.2022,11,2022,True,har,0.0389002440355693,0.01876520916959481
66,31.01.2022,11,2022,True,har,0.0388833719536807,0.01872755196037519
66,01.02.2022,11,2022,True,har,0.0387700392762436,0.017825388034844115
66,02.02.2022,11,2022,True,har,0.0395286178535673,0.019272685068806764
66,03.02.2022,11,2022,True,har,0.0397245608079109,0.01827572237724161
66,04.02.2022,11,2022,True,har,0.040046379479457,0.019047902479304494
66,07.02.2022,11,2022,True,har,0.0400341721580864,0.019614055533112087
66,08.02.2022,11,2022,True,har,0.0401600986029737,0.01912412573492722
66,09.02.2022,11,2022,True,har,0.0402360370845978,0.01979028047921315
66,10.02.2022,11,2022,True,har,0.0403384432364956,0.01889212796509602
66,11.02.2022,11,2022,True,har,0.0403180817963653,0.018468837561453223
66,14.02.2022,11,2022,True,har,0.0403605408229598,0.020310204052111643
66,15.02.2022,11,2022,True,har,0.0401095754308938,0.02005977842780862
66,16.02.2022,11,2022,True,har,0.0400793117976522,0.021679469061717888
66,17.02.2022,11,2022,True,har,0.0399827962040176,0.02119575543515285
66,18.02.2022,11,2022,True,har,0.0399811906732071,0.021832302313910545
66,22.02.2022,11,2022,True,har,0.0399193893825768,0.020828340913186628
66,23.02.2022,11,2022,True,har,0.039955874943997,0.02237958638120269
66,24.02.2022,11,2022,True,har,0.0400012116244846,0.020267858229037455
66,25.02.2022,11,2022,True,har,0.0405965641234071,0.021190575360118976
66,28.02.2022,11,2022,True,har,0.0404592199530943,0.020593096849924445
66,01.03.2022,11,2022,True,har,0.0402518095563431,0.021724097935474182
66,02.03.2022,11,2022,True,har,0.0392599386206486,0.022522228390542635
66,03.03.2022,11,2022,True,har,0.0391660336377213,0.0258516023366954
66,04.03.2022,11,2022,True,har,0.0384142860758949,0.025410688344908436
66,07.03.2022,11,2022,True,har,0.0380644778641463,0.027777583670795608
66,08.03.2022,11,2022,True,har,0.0377799886717801,0.02714326728019958
66,09.03.2022,11,2022,True,har,0.033460163989951,0.027020908414573844
66,10.03.2022,11,2022,True,har,0.033411824304156,0.040845987680868265
66,11.03.2022,11,2022,True,har,0.0333446835913015,0.036722813558711306
66,14.03.2022,11,2022,True,har,0.0326917161239285,0.036555580171087954
66,15.03.2022,11,2022,True,har,0.0323824155044069,0.03741779667020528
66,16.03.2022,11,2022,True,har,0.0323056659768031,0.03775621119639655
66,17.03.2022,11,2022,True,har,0.0308179073965322,0.03313466207051843
66,18.03.2022,11,2022,True,har,0.030846600201287,0.039112621139997514
66,21.03.2022,11,2022,True,har,0.0298372071238619,0.0363318920571301
66,22.03.2022,11,2022,True,har,0.029915397462017,0.03908349444241349
66,23.03.2022,11,2022,True,har,0.0293795537423045,0.03478906824159389
66,24.03.2022,11,2022,True,har,0.0293179101732609,0.035813524772546554
66,25.03.2022,11,2022,True,har,0.029303705575764,0.035006776798901844
66,28.03.2022,11,2022,True,har,0.0282093240288896,0.03466050097607551
66,29.03.2022,11,2022,True,har,0.0298925377625462,0.038275104392129555
66,30.03.2022,11,2022,True,har,0.0297500839612667,0.03652940570589581
66,31.03.2022,11,2022,True,har,0.0295380828134072,0.035361526331686446
66,01.04.2022,11,2022,True,har,0.0293831297153838,0.03676743183824269
66,04.04.2022,11,2022,True,har,0.0291548502458791,0.03507692613906854
66,05.04.2022,11,2022,True,har,0.0305188680409744,0.03469091225666769
66,06.04.2022,11,2022,True,har,0.0298028137061018,0.03356641117430695
66,07.04.2022,11,2022,True,har,0.0298025107687589,0.03210984089222179
66,08.04.2022,11,2022,True,har,0.0297907960752029,0.030095460341093706
66,11.04.2022,11,2022,True,har,0.0299242531017638,0.03069528697526136
66,12.04.2022,11,2022,True,har,0.0290103363645753,0.031000288205011835
66,13.04.2022,11,2022,True,har,0.0286141220393615,0.03328264175590945
66,14.04.2022,11,2022,True,har,0.0286317887794111,0.031930823104521396
66,18.04.2022,11,2022,True,har,0.0285843644735803,0.030109159242628244
66,19.04.2022,11,2022,True,har,0.027929886253378,0.029673527090696053
66,20.04.2022,11,2022,True,har,0.0279386043749966,0.03108142697904058
66,21.04.2022,11,2022,True,har,0.028005815630584,0.028610468387688697
66,22.04.2022,11,2022,True,har,0.0279461218360222,0.027790696836195
66,25.04.2022,11,2022,True,har,0.0276421500625855,0.027392972740569545
66,26.04.2022,11,2022,True,har,0.0298948121274882,0.028428058591984107
66,27.04.2022,11,2022,True,har,0.0298996524015309,0.026989078253345705
66,28.04.2022,11,2022,True,har,0.0301203115384471,0.02617907600596996
66,29.04.2022,11,2022,True,har,0.0302085107926793,0.026832825817680893
66,02.05.2022,11,2022,True,har,0.030185895299905,0.02605116053892844
66,03.05.2022,11,2022,True,har,0.0301494855010043,0.02467551843204937
66,04.05.2022,11,2022,True,har,0.0295129518105993,0.02521576381830547
66,05.05.2022,11,2022,True,har,0.0295381907848479,0.027669398549297335
66,06.05.2022,11,2022,True,har,0.0296304726703325,0.025305295035035383
66,09.05.2022,11,2022,True,har,0.0288023772344992,0.025491385467067244
66,10.05.2022,11,2022,True,har,0.0287716843878298,0.02934993300232276
66,11.05.2022,11,2022,True,har,0.0283098153605087,0.02843188151947825
66,12.05.2022,11,2022,True,har,0.0283810217324477,0.02857348248131339
66,13.05.2022,11,2022,True,har,0.0282520657303408,0.026507433708100922
66,16.05.2022,11,2022,True,har,0.0280685676715035,0.028402914660790056
66,17.05.2022,11,2022,True,har,0.0279792267131122,0.02662624148160817
66,18.05.2022,11,2022,True,har,0.0282583081114523,0.025269432675466122
66,19.05.2022,11,2022,True,har,0.0280806804202679,0.025577099537225183
66,20.05.2022,11,2022,True,har,0.028149346436321,0.025938349351359767
66,23.05.2022,11,2022,True,har,0.0282159721514887,0.02456386397990383
66,24.05.2022,11,2022,True,har,0.0286744187933914,0.0237543533365201
66,25.05.2022,11,2022,True,har,0.0294642524405904,0.0230913200857691
66,26.05.2022,11,2022,True,har,0.0293827005185698,0.02225139756881031
66,27.05.2022,11,2022,True,har,0.0296956274737709,0.023326593312862343
66,31.05.2022,11,2022,True,har,0.0294583419058865,0.02293590520282324
66,01.06.2022,11,2022,True,har,0.0287724661506406,0.023505962122760318
66,02.06.2022,11,2022,True,har,0.0293605960465979,0.02762172006648423
66,03.06.2022,11,2022,True,har,0.0293107400343521,0.025611842441431117
66,06.06.2022,11,2022,True,har,0.0298291240727151,0.025720904654883525
66,07.06.2022,11,2022,True,har,0.0298557932242724,0.025067650417029408
66,08.06.2022,11,2022,True,har,0.0296491357879683,0.02364844199166507
66,09.06.2022,11,2022,True,har,0.0297007105260375,0.021526150203094216
66,10.06.2022,11,2022,True,har,0.0299434805971712,0.02053997551339348
66,13.06.2022,11,2022,True,har,0.029958286885703,0.020870509450864543
66,14.06.2022,11,2022,True,har,0.029985783501645,0.02020531631319141
66,15.06.2022,11,2022,True,har,0.0299329078558604,0.02044338799180559
66,16.06.2022,11,2022,True,har,0.0298793768584439,0.020371084122055294
66,17.06.2022,11,2022,True,har,0.0291619977118783,0.02003402249376917
66,21.06.2022,11,2022,True,har,0.0296128097531949,0.024406862533817894
66,22.06.2022,11,2022,True,har,0.0296003712042859,0.02321532000211386
66,23.06.2022,11,2022,True,har,0.0298000053105317,0.02389845097299906
66,24.06.2022,11,2022,True,har,0.0299294641021887,0.02359237536697783
66,27.06.2022,11,2022,True,har,0.0298233688298359,0.024757812469443228
66,28.06.2022,11,2022,True,har,0.0296062438762756,0.023034707526681873
66,29.06.2022,11,2022,True,har,0.0296321728397637,0.023599845866962607
66,30.06.2022,11,2022,True,har,0.0299519542878922,0.022642352348002284
66,01.07.2022,11,2022,True,har,0.0298936395754209,0.021447043969113778
66,05.07.2022,11,2022,True,har,0.0282153539812095,0.022418432164989153
66,06.07.2022,11,2022,True,har,0.0284876883781293,0.028012144092838472
66,07.07.2022,11,2022,True,har,0.0281437215264751,0.024865845961567816
66,08.07.2022,11,2022,True,har,0.0280783703355719,0.02760550538145119
66,11.07.2022,11,2022,True,har,0.0281612522595563,0.027492557990988695
66,12.07.2022,11,2022,True,har,0.0268669063662217,0.026733486046346025
66,13.07.2022,11,2022,True,har,0.0271321780799561,0.030007031493042263
66,14.07.2022,11,2022,True,har,0.0271290426982418,0.027457246453741063
66,15.07.2022,11,2022,True,har,0.0270639359695228,0.026894316632075012
66,18.07.2022,11,2022,True,har,0.0265364683534384,0.02756958692556559
66,19.07.2022,11,2022,True,har,0.0264935368147666,0.030286274673844697
66,20.07.2022,11,2022,True,har,0.0265510549533524,0.025636020479655786
66,21.07.2022,11,2022,True,har,0.0263359111519029,0.025458514946315326
66,22.07.2022,11,2022,True,har,0.0263346601238024,0.027095799634641194
66,25.07.2022,11,2022,True,har,0.0263895454952513,0.02628407846082726
66,26.07.2022,11,2022,True,har,0.026440344538324,0.025400347948911724
66,27.07.2022,11,2022,True,har,0.0263289914129137,0.024744374941386205
66,28.07.2022,11,2022,True,har,0.0263355445001436,0.025582001028654464
66,29.07.2022,11,2022,True,har,0.0260972451384502,0.024215682891660144
66,01.08.2022,11,2022,True,har,0.0234667229662303,0.02518941260670562
66,02.08.2022,11,2022,True,har,0.023527863376581,0.03332232278171586
66,03.08.2022,11,2022,True,har,0.0236018618822443,0.028841194196261372
66,04.08.2022,11,2022,True,har,0.0233556171043362,0.03004281682577721
66,05.08.2022,11,2022,True,har,0.023569894610419,0.02918336923055305
66,08.08.2022,11,2022,True,har,0.0237254504609341,0.02786987020359263
66,09.08.2022,11,2022,True,har,0.0237652395091908,0.02642257030525063
66,10.08.2022,11,2022,True,har,0.0239202345738248,0.024502495576697834
66,11.08.2022,11,2022,True,har,0.0240308057585437,0.024174905511260086
66,12.08.2022,11,2022,True,har,0.0239930361426546,0.023798719336537755
66,15.08.2022,11,2022,True,har,0.0237156639685161,0.024073885520431926
66,16.08.2022,11,2022,True,har,0.023802109728616,0.024686346298710395
66,17.08.2022,11,2022,True,har,0.023911570456262,0.025024829133258812
66,18.08.2022,11,2022,True,har,0.0235764860040456,0.024702586447265612
66,19.08.2022,11,2022,True,har,0.0236192743877529,0.025789356176838696
66,22.08.2022,11,2022,True,har,0.0239573931093821,0.02475852951424195
66,23.08.2022,11,2022,True,har,0.0235447753223576,0.02409977696669645
66,24.08.2022,11,2022,True,har,0.0234932206854322,0.02529433456880894
66,25.08.2022,11,2022,True,har,0.0234105410877086,0.024255992609703545
66,26.08.2022,11,2022,True,har,0.023608094875647,0.024920985250539575
66,29.08.2022,11,2022,True,har,0.0231391710607828,0.024734079635688064
66,30.08.2022,11,2022,True,har,0.0222038134602856,0.0234670780175419
66,31.08.2022,11,2022,True,har,0.0223161419211775,0.02663075303622648
66,01.09.2022,11,2022,True,har,0.0222431369525173,0.025593291960327703
66,02.09.2022,11,2022,True,har,0.022431124816215,0.026800108441787533
66,06.09.2022,11,2022,True,har,0.0224678544741018,0.02537805322865657
66,07.09.2022,11,2022,True,har,0.021566423003555,0.02371343549886723
66,08.09.2022,11,2022,True,har,0.0217376940284165,0.026139703897625523
66,09.09.2022,11,2022,True,har,0.0215519698250332,0.025278213012876027
66,12.09.2022,11,2022,True,har,0.0217323183921606,0.02700465194069146
66,13.09.2022,11,2022,True,har,0.0218080891800468,0.02611338338797145
66,14.09.2022,11,2022,True,har,0.0219697584938601,0.02578474214724867
66,15.09.2022,11,2022,True,har,0.0216363150365228,0.0236833729184874
66,16.09.2022,11,2022,True,har,0.0216226258184203,0.02598757599442592
66,19.09.2022,11,2022,True,har,0.0218939529700427,0.023757743690478332
66,20.09.2022,11,2022,True,har,0.0218924488859795,0.02372890451498212
66,21.09.2022,11,2022,True,har,0.0223502673651535,0.02410952299135278
66,22.09.2022,11,2022,True,har,0.0223401056685316,0.023124040354576544
66,23.09.2022,11,2022,True,har,0.0215824241179509,0.02227638807587025
66,26.09.2022,11,2022,True,har,0.0214226555003463,0.025581064751592407
66,27.09.2022,11,2022,True,har,0.0218557242508089,0.024412003435237545
66,28.09.2022,11,2022,True,har,0.0221157687143806,0.024981008196753175
66,29.09.2022,11,2022,True,har,0.0230057977581531,0.025778373832292388
66,30.09.2022,11,2022,True,har,0.0230535966171241,0.024716370835691837
66,03.10.2022,11,2022,True,har,0.0230058712238432,0.022977847541921028
66,04.10.2022,11,2022,True,har,0.0226863324424107,0.022504425320228873
66,05.10.2022,11,2022,True,har,0.0225821718668623,0.023816133021861398
66,06.10.2022,11,2022,True,har,0.0229071009138023,0.02192353868853031
66,07.10.2022,11,2022,True,har,0.0225191388827867,0.02135192299457718
66,10.10.2022,11,2022,True,har,0.022531187755868,0.021911837018208993
66,11.10.2022,11,2022,True,har,0.0224444892946596,0.022415055504163957
66,12.10.2022,11,2022,True,har,0.0223607134951537,0.022887088111692877
66,13.10.2022,11,2022,True,har,0.0222407649997389,0.023108524602643718
66,14.10.2022,11,2022,True,har,0.0220287891521808,0.02312597848792792
66,17.10.2022,11,2022,True,har,0.0220457868101814,0.023123571578603373
66,18.10.2022,11,2022,True,har,0.0221309390771254,0.022098473587520484
66,19.10.2022,11,2022,True,har,0.0218770083695806,0.022686053268975395
66,20.10.2022,11,2022,True,har,0.0219724142541946,0.02360965080552006
66,21.10.2022,11,2022,True,har,0.0219370539827849,0.022358411382093366
66,24.10.2022,11,2022,True,har,0.0220657861359812,0.02119537980724044
66,25.10.2022,11,2022,True,har,0.0220633816951307,0.020566390578822598
66,26.10.2022,11,2022,True,har,0.0219599203344301,0.01986691597389784
66,27.10.2022,11,2022,True,har,0.0218869857174747,0.020152755263487913
66,28.10.2022,11,2022,True,har,0.0220707187789238,0.019710966675740883
66,31.10.2022,11,2022,True,har,0.0221370089710402,0.020180975150319774
66,01.11.2022,11,2022,True,har,0.0225567706623896,0.020304956122220615
66,02.11.2022,11,2022,True,har,0.0225661628704233,0.019647205632808917
66,03.11.2022,11,2022,True,har,0.0225100171789643,0.019856851048826327
66,04.11.2022,11,2022,True,har,0.0220932474957809,0.01988369362112404
66,07.11.2022,11,2022,True,har,0.022092562636284,0.021974779997854937
66,08.11.2022,11,2022,True,har,0.0219150268146097,0.02064157655861512
66,09.11.2022,11,2022,True,har,0.02165035726083,0.02196213264129976
66,10.11.2022,11,2022,True,har,0.0215973851708899,0.022401831724922876
66,11.11.2022,11,2022,True,har,0.0215500458762304,0.021680037425968884
66,14.11.2022,11,2022,True,har,0.0212672934051765,0.02129497727251333
66,15.11.2022,11,2022,True,har,0.0215136601441283,0.022228654893536655
66,16.11.2022,11,2022,True,har,0.0216573048812232,0.021221886359768998
66,17.11.2022,11,2022,True,har,0.0213461270440061,0.02070461309315133
66,18.11.2022,11,2022,True,har,0.0211700161378786,0.02237108662132759
66,21.11.2022,11,2022,True,har,0.0212881005983737,0.02130828616899681
66,22.11.2022,11,2022,True,har,0.0212557679472305,0.0205218131018962
66,23.11.2022,11,2022,True,har,0.0208562906701417,0.0209591104676818
66,25.11.2022,11,2022,True,har,0.020748121746444,0.022088456051623823
66,28.11.2022,11,2022,True,har,0.0207407271303949,0.02135785008904867
66,29.11.2022,11,2022,True,har,0.0211732991475003,0.020738635714659642
66,30.11.2022,11,2022,True,har,0.0208914441001236,0.02063181843008777
66,01.12.2022,11,2022,True,har,0.0208336151399846,0.022691497288346754
66,02.12.2022,11,2022,True,har,0.0208417299765884,0.021864667218699167
66,05.12.2022,11,2022,True,har,0.0206310965983567,0.02161330743613192
66,06.12.2022,11,2022,True,har,0.0206576032563187,0.022458264936294305
66,07.12.2022,11,2022,True,har,0.0212729730763332,0.02372863039696891
66,08.12.2022,11,2022,True,har,0.0212856007297338,0.022429492383273776
66,09.12.2022,11,2022,True,har,0.0214753794710335,0.020605335777767103
66,12.12.2022,11,2022,True,har,0.0212967357705413,0.020508487408829077
66,13.12.2022,11,2022,True,har,0.0210226666451283,0.02230292408280171
66,14.12.2022,11,2022,True,har,0.0209121520879315,0.02321946837050175
66,15.12.2022,11,2022,True,har,0.0208352010284609,0.0225632126604022
66,16.12.2022,11,2022,True,har,0.0206282424035588,0.02257399317798492
66,19.12.2022,11,2022,True,har,0.0212221497393957,0.023462984457634475
66,20.12.2022,11,2022,True,har,0.0212375844586086,0.022656350621417964
66,21.12.2022,11,2022,True,har,0.020963300152907,0.021817645642765924
66,22.12.2022,11,2022,True,har,0.0209499486497733,0.023036451103769277
66,23.12.2022,11,2022,True,har,0.0204804716325556,0.02225329226956559
66,27.12.2022,11,2022,True,har,0.0219115226542229,0.023195546683588537
66,28.12.2022,11,2022,True,har,0.021852348640961,0.022176105717405616
66,29.12.2022,11,2022,True,har,0.0217974490175892,0.02278787080244772
66,30.12.2022,11,2022,True,har,0.0211280626726101,0.022323179392789688
66,03.01.2022,11,2022,True,har_ovx,0.0359810459985461,0.02214065021908845
66,04.01.2022,11,2022,True,har_ovx,0.0360318556638508,0.020660530926739723
66,05.01.2022,11,2022,True,har_ovx,0.0364743539932904,0.021073092613469374
66,06.01.2022,11,2022,True,har_ovx,0.0371346226301971,0.022277680413250955
66,07.01.2022,11,2022,True,har_ovx,0.0373745725322682,0.020442548692823453
66,10.01.2022,11,2022,True,har_ovx,0.0374240307086512,0.019822028485342664
66,11.01.2022,11,2022,True,har_ovx,0.0372538303212978,0.020335286048333952
66,12.01.2022,11,2022,True,har_ovx,0.0379248297439793,0.02025937244563852
66,13.01.2022,11,2022,True,har_ovx,0.0379299435722466,0.01995332393720492
66,14.01.2022,11,2022,True,har_ovx,0.0379067601181301,0.020556661816240475
66,18.01.2022,11,2022,True,har_ovx,0.0379422137632329,0.021811012082606124
66,19.01.2022,11,2022,True,har_ovx,0.038320847170036,0.021726667421942646
66,20.01.2022,11,2022,True,har_ovx,0.0384282355144986,0.021311939685192474
66,21.01.2022,11,2022,True,har_ovx,0.0384147014965996,0.020817440853247347
66,24.01.2022,11,2022,True,har_ovx,0.0383877703843282,0.02131626752492634
66,25.01.2022,11,2022,True,har_ovx,0.0383497492973685,0.02308075961475125
66,26.01.2022,11,2022,True,har_ovx,0.0383673201375149,0.023179562848441335
66,27.01.2022,11,2022,True,har_ovx,0.0384966781563014,0.022778198954645605
66,28.01.2022,11,2022,True,har_ovx,0.0389002440355693,0.022974064943150952
66,31.01.2022,11,2022,True,har_ovx,0.0388833719536807,0.023167728165101792
66,01.02.2022,11,2022,True,har_ovx,0.0387700392762436,0.02142611793514127
66,02.02.2022,11,2022,True,har_ovx,0.0395286178535673,0.021714998292385726
66,03.02.2022,11,2022,True,har_ovx,0.0397245608079109,0.02141269142150771
66,04.02.2022,11,2022,True,har_ovx,0.040046379479457,0.021805362115543337
66,07.02.2022,11,2022,True,har_ovx,0.0400341721580864,0.02248349285244388
66,08.02.2022,11,2022,True,har_ovx,0.0401600986029737,0.02215285565742762
66,09.02.2022,11,2022,True,har_ovx,0.0402360370845978,0.02181328448575211
66,10.02.2022,11,2022,True,har_ovx,0.0403384432364956,0.0211055487297621
66,11.02.2022,11,2022,True,har_ovx,0.0403180817963653,0.022034234897196095
66,14.02.2022,11,2022,True,har_ovx,0.0403605408229598,0.023648883262856822
66,15.02.2022,11,2022,True,har_ovx,0.0401095754308938,0.02391041970848897
66,16.02.2022,11,2022,True,har_ovx,0.0400793117976522,0.024361211213813946
66,17.02.2022,11,2022,True,har_ovx,0.0399827962040176,0.024427583242119518
66,18.02.2022,11,2022,True,har_ovx,0.0399811906732071,0.025632305364824852
66,22.02.2022,11,2022,True,har_ovx,0.0399193893825768,0.024863058541717484
66,23.02.2022,11,2022,True,har_ovx,0.039955874943997,0.025019607479259007
66,24.02.2022,11,2022,True,har_ovx,0.0400012116244846,0.024172991753748096
66,25.02.2022,11,2022,True,har_ovx,0.0405965641234071,0.02416736201516062
66,28.02.2022,11,2022,True,har_ovx,0.0404592199530943,0.02398540144601327
66,01.03.2022,11,2022,True,har_ovx,0.0402518095563431,0.025161297164046536
66,02.03.2022,11,2022,True,har_ovx,0.0392599386206486,0.027671846659574353
66,03.03.2022,11,2022,True,har_ovx,0.0391660336377213,0.028918507168823833
66,04.03.2022,11,2022,True,har_ovx,0.0384142860758949,0.029550983183140714
66,07.03.2022,11,2022,True,har_ovx,0.0380644778641463,0.033527141438867085
66,08.03.2022,11,2022,True,har_ovx,0.0377799886717801,0.03363639962086573
66,09.03.2022,11,2022,True,har_ovx,0.033460163989951,0.0327955538684388
66,10.03.2022,11,2022,True,har_ovx,0.033411824304156,0.03723830093228214
66,11.03.2022,11,2022,True,har_ovx,0.0333446835913015,0.03407798058430557
66,14.03.2022,11,2022,True,har_ovx,0.0326917161239285,0.03404640502647523
66,15.03.2022,11,2022,True,har_ovx,0.0323824155044069,0.03350128756151301
66,16.03.2022,11,2022,True,har_ovx,0.0323056659768031,0.03278743646362661
66,17.03.2022,11,2022,True,har_ovx,0.0308179073965322,0.02940846335131855
66,18.03.2022,11,2022,True,har_ovx,0.030846600201287,0.0341417385987489
66,21.03.2022,11,2022,True,har_ovx,0.0298372071238619,0.03336955641442646
66,22.03.2022,11,2022,True,har_ovx,0.029915397462017,0.0347883519524632
66,23.03.2022,11,2022,True,har_ovx,0.0293795537423045,0.03246408120518278
66,24.03.2022,11,2022,True,har_ovx,0.0293179101732609,0.03340754208209619
66,25.03.2022,11,2022,True,har_ovx,0.029303705575764,0.03219555182337174
66,28.03.2022,11,2022,True,har_ovx,0.0282093240288896,0.03201579774946037
66,29.03.2022,11,2022,True,har_ovx,0.0298925377625462,0.03290677902139773
66,30.03.2022,11,2022,True,har_ovx,0.0297500839612667,0.03108339102936898
66,31.03.2022,11,2022,True,har_ovx,0.0295380828134072,0.030282013400636652
66,01.04.2022,11,2022,True,har_ovx,0.0293831297153838,0.02996670995277083
66,04.04.2022,11,2022,True,har_ovx,0.0291548502458791,0.028529757483517146
66,05.04.2022,11,2022,True,har_ovx,0.0305188680409744,0.028389215819037424
66,06.04.2022,11,2022,True,har_ovx,0.0298028137061018,0.02788861430663315
66,07.04.2022,11,2022,True,har_ovx,0.0298025107687589,0.02779116542545463
66,08.04.2022,11,2022,True,har_ovx,0.0297907960752029,0.02722229993782628
66,11.04.2022,11,2022,True,har_ovx,0.0299242531017638,0.027227603171790724
66,12.04.2022,11,2022,True,har_ovx,0.0290103363645753,0.02776985011153983
66,13.04.2022,11,2022,True,har_ovx,0.0286141220393615,0.029135381862220134
66,14.04.2022,11,2022,True,har_ovx,0.0286317887794111,0.027403024103734283
66,18.04.2022,11,2022,True,har_ovx,0.0285843644735803,0.02751113353791649
66,19.04.2022,11,2022,True,har_ovx,0.027929886253378,0.026720263951479133
66,20.04.2022,11,2022,True,har_ovx,0.0279386043749966,0.027314216067187723
66,21.04.2022,11,2022,True,har_ovx,0.028005815630584,0.026683221060798422
66,22.04.2022,11,2022,True,har_ovx,0.0279461218360222,0.02582298242509691
66,25.04.2022,11,2022,True,har_ovx,0.0276421500625855,0.025930178549240426
66,26.04.2022,11,2022,True,har_ovx,0.0298948121274882,0.02672376579897715
66,27.04.2022,11,2022,True,har_ovx,0.0298996524015309,0.02649529870274199
66,28.04.2022,11,2022,True,har_ovx,0.0301203115384471,0.026149009520571333
66,29.04.2022,11,2022,True,har_ovx,0.0302085107926793,0.026089041179971552
66,02.05.2022,11,2022,True,har_ovx,0.030185895299905,0.026200382837463183
66,03.05.2022,11,2022,True,har_ovx,0.0301494855010043,0.025778798259102426
66,04.05.2022,11,2022,True,har_ovx,0.0295129518105993,0.026039188672156183
66,05.05.2022,11,2022,True,har_ovx,0.0295381907848479,0.026824349537985112
66,06.05.2022,11,2022,True,har_ovx,0.0296304726703325,0.026488030152323042
66,09.05.2022,11,2022,True,har_ovx,0.0288023772344992,0.026584300623158804
66,10.05.2022,11,2022,True,har_ovx,0.0287716843878298,0.02889183038182558
66,11.05.2022,11,2022,True,har_ovx,0.0283098153605087,0.028135301182524157
66,12.05.2022,11,2022,True,har_ovx,0.0283810217324477,0.027604917727840003
66,13.05.2022,11,2022,True,har_ovx,0.0282520657303408,0.026700432447889035
66,16.05.2022,11,2022,True,har_ovx,0.0280685676715035,0.027097627859491796
66,17.05.2022,11,2022,True,har_ovx,0.0279792267131122,0.026288123113624884
66,18.05.2022,11,2022,True,har_ovx,0.0282583081114523,0.02544117514971308
66,19.05.2022,11,2022,True,har_ovx,0.0280806804202679,0.02589526824877144
66,20.05.2022,11,2022,True,har_ovx,0.028149346436321,0.02585383758592124
66,23.05.2022,11,2022,True,har_ovx,0.0282159721514887,0.025126034474333266
66,24.05.2022,11,2022,True,har_ovx,0.0286744187933914,0.024365436326671444
66,25.05.2022,11,2022,True,har_ovx,0.0294642524405904,0.023676911166546744
66,26.05.2022,11,2022,True,har_ovx,0.0293827005185698,0.023106807009063236
66,27.05.2022,11,2022,True,har_ovx,0.0296956274737709,0.023341163735893938
66,31.05.2022,11,2022,True,har_ovx,0.0294583419058865,0.023669169988531587
66,01.06.2022,11,2022,True,har_ovx,0.0287724661506406,0.02440778446423945
66,02.06.2022,11,2022,True,har_ovx,0.0293605960465979,0.026088446846195185
66,03.06.2022,11,2022,True,har_ovx,0.0293107400343521,0.025090090637783793
66,06.06.2022,11,2022,True,har_ovx,0.0298291240727151,0.024688706466781257
66,07.06.2022,11,2022,True,har_ovx,0.0298557932242724,0.02484698145916822
66,08.06.2022,11,2022,True,har_ovx,0.0296491357879683,0.024021250401257344
66,09.06.2022,11,2022,True,har_ovx,0.0297007105260375,0.022537291723870916
66,10.06.2022,11,2022,True,har_ovx,0.0299434805971712,0.022203330520653788
66,13.06.2022,11,2022,True,har_ovx,0.029958286885703,0.02209300033911587
66,14.06.2022,11,2022,True,har_ovx,0.029985783501645,0.02310614337531247
66,15.06.2022,11,2022,True,har_ovx,0.0299329078558604,0.02300520664645629
66,16.06.2022,11,2022,True,har_ovx,0.0298793768584439,0.02297278743725864
66,17.06.2022,11,2022,True,har_ovx,0.0291619977118783,0.022798313311898348
66,21.06.2022,11,2022,True,har_ovx,0.0296128097531949,0.02524883355219458
66,22.06.2022,11,2022,True,har_ovx,0.0296003712042859,0.02414182337003494
66,23.06.2022,11,2022,True,har_ovx,0.0298000053105317,0.024984850010439177
66,24.06.2022,11,2022,True,har_ovx,0.0299294641021887,0.02474008370984209
66,27.06.2022,11,2022,True,har_ovx,0.0298233688298359,0.024812016822700962
66,28.06.2022,11,2022,True,har_ovx,0.0296062438762756,0.02397036742971441
66,29.06.2022,11,2022,True,har_ovx,0.0296321728397637,0.02409715022997702
66,30.06.2022,11,2022,True,har_ovx,0.0299519542878922,0.024221931221364006
66,01.07.2022,11,2022,True,har_ovx,0.0298936395754209,0.02406920026654529
66,05.07.2022,11,2022,True,har_ovx,0.0282153539812095,0.024567263254115363
66,06.07.2022,11,2022,True,har_ovx,0.0284876883781293,0.027445103437088135
66,07.07.2022,11,2022,True,har_ovx,0.0281437215264751,0.026533472495628225
66,08.07.2022,11,2022,True,har_ovx,0.0280783703355719,0.02729439326309356
66,11.07.2022,11,2022,True,har_ovx,0.0281612522595563,0.02714942082014872
66,12.07.2022,11,2022,True,har_ovx,0.0268669063662217,0.027095248843104373
66,13.07.2022,11,2022,True,har_ovx,0.0271321780799561,0.028361071058347904
66,14.07.2022,11,2022,True,har_ovx,0.0271290426982418,0.026676214795491
66,15.07.2022,11,2022,True,har_ovx,0.0270639359695228,0.026650418792016795
66,18.07.2022,11,2022,True,har_ovx,0.0265364683534384,0.026542762407956017
66,19.07.2022,11,2022,True,har_ovx,0.0264935368147666,0.027086895180700454
66,20.07.2022,11,2022,True,har_ovx,0.0265510549533524,0.024709858610258574
66,21.07.2022,11,2022,True,har_ovx,0.0263359111519029,0.024361202393756026
66,22.07.2022,11,2022,True,har_ovx,0.0263346601238024,0.026036582243383802
66,25.07.2022,11,2022,True,har_ovx,0.0263895454952513,0.024893140073616107
66,26.07.2022,11,2022,True,har_ovx,0.026440344538324,0.02439310562250925
66,27.07.2022,11,2022,True,har_ovx,0.0263289914129137,0.02409996226299735
66,28.07.2022,11,2022,True,har_ovx,0.0263355445001436,0.024819112728550627
66,29.07.2022,11,2022,True,har_ovx,0.0260972451384502,0.02367277794535584
66,01.08.2022,11,2022,True,har_ovx,0.0234667229662303,0.023762335532994235
66,02.08.2022,11,2022,True,har_ovx,0.023527863376581,0.028184169114456488
66,03.08.2022,11,2022,True,har_ovx,0.0236018618822443,0.027499541070481286
66,04.08.2022,11,2022,True,har_ovx,0.0233556171043362,0.027208022073656433
66,05.08.2022,11,2022,True,har_ovx,0.023569894610419,0.028183329873145972
66,08.08.2022,11,2022,True,har_ovx,0.0237254504609341,0.025985847089123035
66,09.08.2022,11,2022,True,har_ovx,0.0237652395091908,0.024441089711576686
66,10.08.2022,11,2022,True,har_ovx,0.0239202345738248,0.02394629675459571
66,11.08.2022,11,2022,True,har_ovx,0.0240308057585437,0.02377694298753113
66,12.08.2022,11,2022,True,har_ovx,0.0239930361426546,0.02313076847664976
66,15.08.2022,11,2022,True,har_ovx,0.0237156639685161,0.023016038512391368
66,16.08.2022,11,2022,True,har_ovx,0.023802109728616,0.024180520566675995
66,17.08.2022,11,2022,True,har_ovx,0.023911570456262,0.025278883417732177
66,18.08.2022,11,2022,True,har_ovx,0.0235764860040456,0.025464713524911392
66,19.08.2022,11,2022,True,har_ovx,0.0236192743877529,0.024839783350898474
66,22.08.2022,11,2022,True,har_ovx,0.0239573931093821,0.02517510772532762
66,23.08.2022,11,2022,True,har_ovx,0.0235447753223576,0.024928974668190537
66,24.08.2022,11,2022,True,har_ovx,0.0234932206854322,0.024355113638675843
66,25.08.2022,11,2022,True,har_ovx,0.0234105410877086,0.024228541778485012
66,26.08.2022,11,2022,True,har_ovx,0.023608094875647,0.024649318775601885
66,29.08.2022,11,2022,True,har_ovx,0.0231391710607828,0.024183179497703412
66,30.08.2022,11,2022,True,har_ovx,0.0222038134602856,0.02446077906417316
66,31.08.2022,11,2022,True,har_ovx,0.0223161419211775,0.026203604021138718
66,01.09.2022,11,2022,True,har_ovx,0.0222431369525173,0.02646795526018325
66,02.09.2022,11,2022,True,har_ovx,0.022431124816215,0.027371455558504912
66,06.09.2022,11,2022,True,har_ovx,0.0224678544741018,0.02678373864436756
66,07.09.2022,11,2022,True,har_ovx,0.021566423003555,0.024918628985022086
66,08.09.2022,11,2022,True,har_ovx,0.0217376940284165,0.026513849321110103
66,09.09.2022,11,2022,True,har_ovx,0.0215519698250332,0.025742788925418397
66,12.09.2022,11,2022,True,har_ovx,0.0217323183921606,0.025781232990909085
66,13.09.2022,11,2022,True,har_ovx,0.0218080891800468,0.024235876772303655
66,14.09.2022,11,2022,True,har_ovx,0.0219697584938601,0.024339763111000678
66,15.09.2022,11,2022,True,har_ovx,0.0216363150365228,0.0234308798207938
66,16.09.2022,11,2022,True,har_ovx,0.0216226258184203,0.024728182684994732
66,19.09.2022,11,2022,True,har_ovx,0.0218939529700427,0.0239660658268501
66,20.09.2022,11,2022,True,har_ovx,0.0218924488859795,0.023754661781087223
66,21.09.2022,11,2022,True,har_ovx,0.0223502673651535,0.024282119736739372
66,22.09.2022,11,2022,True,har_ovx,0.0223401056685316,0.024090575758820863
66,23.09.2022,11,2022,True,har_ovx,0.0215824241179509,0.023231571022768852
66,26.09.2022,11,2022,True,har_ovx,0.0214226555003463,0.025605186565314908
66,27.09.2022,11,2022,True,har_ovx,0.0218557242508089,0.026620014491596407
66,28.09.2022,11,2022,True,har_ovx,0.0221157687143806,0.026887606324650905
66,29.09.2022,11,2022,True,har_ovx,0.0230057977581531,0.02714980168888413
66,30.09.2022,11,2022,True,har_ovx,0.0230535966171241,0.026616634690427514
66,03.10.2022,11,2022,True,har_ovx,0.0230058712238432,0.02619753843047489
66,04.10.2022,11,2022,True,har_ovx,0.0226863324424107,0.02603121562487494
66,05.10.2022,11,2022,True,har_ovx,0.0225821718668623,0.027314816663428394
66,06.10.2022,11,2022,True,har_ovx,0.0229071009138023,0.025376925576647932
66,07.10.2022,11,2022,True,har_ovx,0.0225191388827867,0.024883477540839305
66,10.10.2022,11,2022,True,har_ovx,0.022531187755868,0.025161072378674536
66,11.10.2022,11,2022,True,har_ovx,0.0224444892946596,0.024952524842652847
66,12.10.2022,11,2022,True,har_ovx,0.0223607134951537,0.025284426187658124
66,13.10.2022,11,2022,True,har_ovx,0.0222407649997389,0.025267460753209507
66,14.10.2022,11,2022,True,har_ovx,0.0220287891521808,0.02512834075429453
66,17.10.2022,11,2022,True,har_ovx,0.0220457868101814,0.024854189307649387
66,18.10.2022,11,2022,True,har_ovx,0.0221309390771254,0.02445925275460113
66,19.10.2022,11,2022,True,har_ovx,0.0218770083695806,0.02438477652516192
66,20.10.2022,11,2022,True,har_ovx,0.0219724142541946,0.024435328726882043
66,21.10.2022,11,2022,True,har_ovx,0.0219370539827849,0.023931501753599677
66,24.10.2022,11,2022,True,har_ovx,0.0220657861359812,0.023392189502245468
66,25.10.2022,11,2022,True,har_ovx,0.0220633816951307,0.023377295689444882
66,26.10.2022,11,2022,True,har_ovx,0.0219599203344301,0.02293332425138868
66,27.10.2022,11,2022,True,har_ovx,0.0218869857174747,0.02340933074875778
66,28.10.2022,11,2022,True,har_ovx,0.0220707187789238,0.023345692033926856
66,31.10.2022,11,2022,True,har_ovx,0.0221370089710402,0.023279167751217994
66,01.11.2022,11,2022,True,har_ovx,0.0225567706623896,0.02323661806604966
66,02.11.2022,11,2022,True,har_ovx,0.0225661628704233,0.022984346469230685
66,03.11.2022,11,2022,True,har_ovx,0.0225100171789643,0.023207017109471883
66,04.11.2022,11,2022,True,har_ovx,0.0220932474957809,0.02286555668869438
66,07.11.2022,11,2022,True,har_ovx,0.022092562636284,0.024116176946325237
66,08.11.2022,11,2022,True,har_ovx,0.0219150268146097,0.023004938046914142
66,09.11.2022,11,2022,True,har_ovx,0.02165035726083,0.023561682001592824
66,10.11.2022,11,2022,True,har_ovx,0.0215973851708899,0.02380168582316015
66,11.11.2022,11,2022,True,har_ovx,0.0215500458762304,0.02308773733684495
66,14.11.2022,11,2022,True,har_ovx,0.0212672934051765,0.022519844457041062
66,15.11.2022,11,2022,True,har_ovx,0.0215136601441283,0.023430950591980713
66,16.11.2022,11,2022,True,har_ovx,0.0216573048812232,0.02363709077906377
66,17.11.2022,11,2022,True,har_ovx,0.0213461270440061,0.02300621714608497
66,18.11.2022,11,2022,True,har_ovx,0.0211700161378786,0.023671153702651562
66,21.11.2022,11,2022,True,har_ovx,0.0212881005983737,0.02322055327332216
66,22.11.2022,11,2022,True,har_ovx,0.0212557679472305,0.023207531866331704
66,23.11.2022,11,2022,True,har_ovx,0.0208562906701417,0.02317461002453368
66,25.11.2022,11,2022,True,har_ovx,0.020748121746444,0.024993481382157477
66,28.11.2022,11,2022,True,har_ovx,0.0207407271303949,0.024327941270502997
66,29.11.2022,11,2022,True,har_ovx,0.0211732991475003,0.02416795072816256
66,30.11.2022,11,2022,True,har_ovx,0.0208914441001236,0.02345667148614905
66,01.12.2022,11,2022,True,har_ovx,0.0208336151399846,0.023827627465449325
66,02.12.2022,11,2022,True,har_ovx,0.0208417299765884,0.023280549897449758
66,05.12.2022,11,2022,True,har_ovx,0.0206310965983567,0.023186242976729228
66,06.12.2022,11,2022,True,har_ovx,0.0206576032563187,0.023717685726325585
66,07.12.2022,11,2022,True,har_ovx,0.0212729730763332,0.024476221719468692
66,08.12.2022,11,2022,True,har_ovx,0.0212856007297338,0.02420049578978721
66,09.12.2022,11,2022,True,har_ovx,0.0214753794710335,0.023113135604053345
66,12.12.2022,11,2022,True,har_ovx,0.0212967357705413,0.023135011602121155
66,13.12.2022,11,2022,True,har_ovx,0.0210226666451283,0.023521685122320897
66,14.12.2022,11,2022,True,har_ovx,0.0209121520879315,0.023346552735168627
66,15.12.2022,11,2022,True,har_ovx,0.0208352010284609,0.022507393702713263
66,16.12.2022,11,2022,True,har_ovx,0.0206282424035588,0.02301443130294943
66,19.12.2022,11,2022,True,har_ovx,0.0212221497393957,0.02315932544830168
66,20.12.2022,11,2022,True,har_ovx,0.0212375844586086,0.02287014369354014
66,21.12.2022,11,2022,True,har_ovx,0.020963300152907,0.022253767207460314
66,22.12.2022,11,2022,True,har_ovx,0.0209499486497733,0.022524847841196835
66,23.12.2022,11,2022,True,har_ovx,0.0204804716325556,0.022435081396303153
66,27.12.2022,11,2022,True,har_ovx,0.0219115226542229,0.022548132855722422
66,28.12.2022,11,2022,True,har_ovx,0.021852348640961,0.022737940866760748
66,29.12.2022,11,2022,True,har_ovx,0.0217974490175892,0.02312953446083193
66,30.12.2022,11,2022,True,har_ovx,0.0211280626726101,0.022635818974959327
66,03.01.2022,11,2022,True,har_gpr,0.0359810459985461,0.020232364976438925
66,04.01.2022,11,2022,True,har_gpr,0.0360318556638508,0.019933514858675505
66,05.01.2022,11,2022,True,har_gpr,0.0364743539932904,0.019266362090596775
66,06.01.2022,11,2022,True,har_gpr,0.0371346226301971,0.018833390228964006
66,07.01.2022,11,2022,True,har_gpr,0.0373745725322682,0.019121221985645257
66,10.01.2022,11,2022,True,har_gpr,0.0374240307086512,0.017662981032459796
66,11.01.2022,11,2022,True,har_gpr,0.0372538303212978,0.018668377015947167
66,12.01.2022,11,2022,True,har_gpr,0.0379248297439793,0.020534121395067943
66,13.01.2022,11,2022,True,har_gpr,0.0379299435722466,0.01962852851445466
66,14.01.2022,11,2022,True,har_gpr,0.0379067601181301,0.019399418579919656
66,18.01.2022,11,2022,True,har_gpr,0.0379422137632329,0.019979155762881444
66,19.01.2022,11,2022,True,har_gpr,0.038320847170036,0.018881485969388268
66,20.01.2022,11,2022,True,har_gpr,0.0384282355144986,0.01728377250866197
66,21.01.2022,11,2022,True,har_gpr,0.0384147014965996,0.016796580475175328
66,24.01.2022,11,2022,True,har_gpr,0.0383877703843282,0.017142119167373224
66,25.01.2022,11,2022,True,har_gpr,0.0383497492973685,0.01834096981914706
66,26.01.2022,11,2022,True,har_gpr,0.0383673201375149,0.01863920458619497
66,27.01.2022,11,2022,True,har_gpr,0.0384966781563014,0.01886908489486292
66,28.01.2022,11,2022,True,har_gpr,0.0389002440355693,0.018599940742484028
66,31.01.2022,11,2022,True,har_gpr,0.0388833719536807,0.018562297825354263
66,01.02.2022,11,2022,True,har_gpr,0.0387700392762436,0.017471870679435876
66,02.02.2022,11,2022,True,har_gpr,0.0395286178535673,0.01892228206195503
66,03.02.2022,11,2022,True,har_gpr,0.0397245608079109,0.017922106676118085
66,04.02.2022,11,2022,True,har_gpr,0.040046379479457,0.018696772254137926
66,07.02.2022,11,2022,True,har_gpr,0.0400341721580864,0.019264258813776518
66,08.02.2022,11,2022,True,har_gpr,0.0401600986029737,0.018956279527417505
66,09.02.2022,11,2022,True,har_gpr,0.0402360370845978,0.01962480678174714
66,10.02.2022,11,2022,True,har_gpr,0.0403384432364956,0.018724082567222286
66,11.02.2022,11,2022,True,har_gpr,0.0403180817963653,0.0182995450232326
66,14.02.2022,11,2022,True,har_gpr,0.0403605408229598,0.020146538971559824
66,15.02.2022,11,2022,True,har_gpr,0.0401095754308938,0.019944609957430064
66,16.02.2022,11,2022,True,har_gpr,0.0400793117976522,0.021567952714764266
66,17.02.2022,11,2022,True,har_gpr,0.0399827962040176,0.021081948508135752
66,18.02.2022,11,2022,True,har_gpr,0.0399811906732071,0.02171978012590577
66,22.02.2022,11,2022,True,har_gpr,0.0399193893825768,0.020713130806585916
66,23.02.2022,11,2022,True,har_gpr,0.039955874943997,0.02243818401358149
66,24.02.2022,11,2022,True,har_gpr,0.0400012116244846,0.020320200096953067
66,25.02.2022,11,2022,True,har_gpr,0.0405965641234071,0.021419460231146627
66,28.02.2022,11,2022,True,har_gpr,0.0404592199530943,0.02084819214328505
66,01.03.2022,11,2022,True,har_gpr,0.0402518095563431,0.02202753810202225
66,02.03.2022,11,2022,True,har_gpr,0.0392599386206486,0.02297814412802761
66,03.03.2022,11,2022,True,har_gpr,0.0391660336377213,0.02631975729026441
66,04.03.2022,11,2022,True,har_gpr,0.0384142860758949,0.026309275281871183
66,07.03.2022,11,2022,True,har_gpr,0.0380644778641463,0.028280610056397013
66,08.03.2022,11,2022,True,har_gpr,0.0377799886717801,0.027727506341437096
66,09.03.2022,11,2022,True,har_gpr,0.033460163989951,0.027887871642749484
66,10.03.2022,11,2022,True,har_gpr,0.033411824304156,0.041239469048261715
66,11.03.2022,11,2022,True,har_gpr,0.0333446835913015,0.03799533066629264
66,14.03.2022,11,2022,True,har_gpr,0.0326917161239285,0.03752051832551826
66,15.03.2022,11,2022,True,har_gpr,0.0323824155044069,0.03777318876358651
66,16.03.2022,11,2022,True,har_gpr,0.0323056659768031,0.03825960234501898
66,17.03.2022,11,2022,True,har_gpr,0.0308179073965322,0.033951790367133416
66,18.03.2022,11,2022,True,har_gpr,0.030846600201287,0.039706332951323205
66,21.03.2022,11,2022,True,har_gpr,0.0298372071238619,0.036585372164308946
66,22.03.2022,11,2022,True,har_gpr,0.029915397462017,0.039758224624453234
66,23.03.2022,11,2022,True,har_gpr,0.0293795537423045,0.03520228941142324
66,24.03.2022,11,2022,True,har_gpr,0.0293179101732609,0.036192600048710555
66,25.03.2022,11,2022,True,har_gpr,0.029303705575764,0.03544002205499838
66,28.03.2022,11,2022,True,har_gpr,0.0282093240288896,0.03542449075310252
66,29.03.2022,11,2022,True,har_gpr,0.0298925377625462,0.039206370551430246
66,30.03.2022,11,2022,True,har_gpr,0.0297500839612667,0.03745353224352395
66,31.03.2022,11,2022,True,har_gpr,0.0295380828134072,0.03628458502407551
66,01.04.2022,11,2022,True,har_gpr,0.0293831297153838,0.037694555792582636
66,04.04.2022,11,2022,True,har_gpr,0.0291548502458791,0.035428375518973
66,05.04.2022,11,2022,True,har_gpr,0.0305188680409744,0.03490284146866948
66,06.04.2022,11,2022,True,har_gpr,0.0298028137061018,0.03377466093224193
66,07.04.2022,11,2022,True,har_gpr,0.0298025107687589,0.03231938049991185
66,08.04.2022,11,2022,True,har_gpr,0.0297907960752029,0.030297601557071487
66,11.04.2022,11,2022,True,har_gpr,0.0299242531017638,0.03089980747755122
66,12.04.2022,11,2022,True,har_gpr,0.0290103363645753,0.03121009341156705
66,13.04.2022,11,2022,True,har_gpr,0.0286141220393615,0.033497320612273514
66,14.04.2022,11,2022,True,har_gpr,0.0286317887794111,0.03214159164891444
66,18.04.2022,11,2022,True,har_gpr,0.0285843644735803,0.030315822862885106
66,19.04.2022,11,2022,True,har_gpr,0.027929886253378,0.02998613457511329
66,20.04.2022,11,2022,True,har_gpr,0.0279386043749966,0.03139967334021867
66,21.04.2022,11,2022,True,har_gpr,0.028005815630584,0.02892061358231875
66,22.04.2022,11,2022,True,har_gpr,0.0279461218360222,0.028100408015611086
66,25.04.2022,11,2022,True,har_gpr,0.0276421500625855,0.027702237174266533
66,26.04.2022,11,2022,True,har_gpr,0.0298948121274882,0.02891807031107508
66,27.04.2022,11,2022,True,har_gpr,0.0298996524015309,0.02747536038861069
66,28.04.2022,11,2022,True,har_gpr,0.0301203115384471,0.026662088267533315
66,29.04.2022,11,2022,True,har_gpr,0.0302085107926793,0.02731842352734809
66,02.05.2022,11,2022,True,har_gpr,0.030185895299905,0.026534999641456877
66,03.05.2022,11,2022,True,har_gpr,0.0301494855010043,0.024626909765295444
66,04.05.2022,11,2022,True,har_gpr,0.0295129518105993,0.025168675673265677
66,05.05.2022,11,2022,True,har_gpr,0.0295381907848479,0.027628161818557154
66,06.05.2022,11,2022,True,har_gpr,0.0296304726703325,0.025256613375128575
66,09.05.2022,11,2022,True,har_gpr,0.0288023772344992,0.025443565753409083
66,10.05.2022,11,2022,True,har_gpr,0.0287716843878298,0.02948447165516461
66,11.05.2022,11,2022,True,har_gpr,0.0283098153605087,0.028562673076113793
66,12.05.2022,11,2022,True,har_gpr,0.0283810217324477,0.028705733428460792
66,13.05.2022,11,2022,True,har_gpr,0.0282520657303408,0.026632213151112
66,16.05.2022,11,2022,True,har_gpr,0.0280685676715035,0.028533871583876443
66,17.05.2022,11,2022,True,har_gpr,0.0279792267131122,0.026805950747582224
66,18.05.2022,11,2022,True,har_gpr,0.0282583081114523,0.02544667814577921
66,19.05.2022,11,2022,True,har_gpr,0.0280806804202679,0.025755315978884228
66,20.05.2022,11,2022,True,har_gpr,0.028149346436321,0.02611721128514048
66,23.05.2022,11,2022,True,har_gpr,0.0282159721514887,0.024738706675333223
66,24.05.2022,11,2022,True,har_gpr,0.0286744187933914,0.023878606958162994
66,25.05.2022,11,2022,True,har_gpr,0.0294642524405904,0.02321398954257352
66,26.05.2022,11,2022,True,har_gpr,0.0293827005185698,0.022373138971484484
66,27.05.2022,11,2022,True,har_gpr,0.0296956274737709,0.023452212775322136
66,31.05.2022,11,2022,True,har_gpr,0.0294583419058865,0.02305986011523042
66,01.06.2022,11,2022,True,har_gpr,0.0287724661506406,0.02379018158192997
66,02.06.2022,11,2022,True,har_gpr,0.0293605960465979,0.02773963356836396
66,03.06.2022,11,2022,True,har_gpr,0.0293107400343521,0.025722699031250948
66,06.06.2022,11,2022,True,har_gpr,0.0298291240727151,0.025832535409846147
66,07.06.2022,11,2022,True,har_gpr,0.0298557932242724,0.02526858029308737
66,08.06.2022,11,2022,True,har_gpr,0.0296491357879683,0.023847619207650255
66,09.06.2022,11,2022,True,har_gpr,0.0297007105260375,0.02172361979365792
66,10.06.2022,11,2022,True,har_gpr,0.0299434805971712,0.020733973366171637
66,13.06.2022,11,2022,True,har_gpr,0.029958286885703,0.021065417703211572
66,14.06.2022,11,2022,True,har_gpr,0.029985783501645,0.020349616626811094
66,15.06.2022,11,2022,True,har_gpr,0.0299329078558604,0.020588637848166457
66,16.06.2022,11,2022,True,har_gpr,0.0298793768584439,0.020517461201408477
66,17.06.2022,11,2022,True,har_gpr,0.0291619977118783,0.02017877001488495
66,21.06.2022,11,2022,True,har_gpr,0.0296128097531949,0.024562517003639792
66,22.06.2022,11,2022,True,har_gpr,0.0296003712042859,0.02309999817746604
66,23.06.2022,11,2022,True,har_gpr,0.0298000053105317,0.02378530543441453
66,24.06.2022,11,2022,True,har_gpr,0.0299294641021887,0.023477844155553006
66,27.06.2022,11,2022,True,har_gpr,0.0298233688298359,0.02464616055145793
66,28.06.2022,11,2022,True,har_gpr,0.0296062438762756,0.02293505868186158
66,29.06.2022,11,2022,True,har_gpr,0.0296321728397637,0.02350173501313187
66,30.06.2022,11,2022,True,har_gpr,0.0299519542878922,0.022541864661767712
66,01.07.2022,11,2022,True,har_gpr,0.0298936395754209,0.021344347477878715
66,05.07.2022,11,2022,True,har_gpr,0.0282153539812095,0.022318623680178975
66,06.07.2022,11,2022,True,har_gpr,0.0284876883781293,0.028237934540923323
66,07.07.2022,11,2022,True,har_gpr,0.0281437215264751,0.02508139677997748
66,08.07.2022,11,2022,True,har_gpr,0.0280783703355719,0.027826807826335783
66,11.07.2022,11,2022,True,har_gpr,0.0281612522595563,0.027712187963111753
66,12.07.2022,11,2022,True,har_gpr,0.0268669063662217,0.026573247073670196
66,13.07.2022,11,2022,True,har_gpr,0.0271321780799561,0.029858567268976073
66,14.07.2022,11,2022,True,har_gpr,0.0271290426982418,0.027298392271337554
66,15.07.2022,11,2022,True,har_gpr,0.0270639359695228,0.02673502676085212
66,18.07.2022,11,2022,True,har_gpr,0.0265364683534384,0.027412781226824882
66,19.07.2022,11,2022,True,har_gpr,0.0264935368147666,0.0304221712874124
66,20.07.2022,11,2022,True,har_gpr,0.0265510549533524,0.025761469061034045
66,21.07.2022,11,2022,True,har_gpr,0.0263359111519029,0.02558312481749593
66,22.07.2022,11,2022,True,har_gpr,0.0263346601238024,0.02722507270323036
66,25.07.2022,11,2022,True,har_gpr,0.0263895454952513,0.026410085247300066
66,26.07.2022,11,2022,True,har_gpr,0.026440344538324,0.025167684128956726
66,27.07.2022,11,2022,True,har_gpr,0.0263289914129137,0.024509669817707743
66,28.07.2022,11,2022,True,har_gpr,0.0263355445001436,0.02534975900657409
66,29.07.2022,11,2022,True,har_gpr,0.0260972451384502,0.023979994611910353
66,01.08.2022,11,2022,True,har_gpr,0.0234667229662303,0.02495717153664626
66,02.08.2022,11,2022,True,har_gpr,0.023527863376581,0.03332132469235128
66,03.08.2022,11,2022,True,har_gpr,0.0236018618822443,0.02882503304584769
66,04.08.2022,11,2022,True,har_gpr,0.0233556171043362,0.03003150073216868
66,05.08.2022,11,2022,True,har_gpr,0.023569894610419,0.029169790657753217
66,08.08.2022,11,2022,True,har_gpr,0.0237254504609341,0.027852577835238566
66,09.08.2022,11,2022,True,har_gpr,0.0237652395091908,0.02634770802706598
66,10.08.2022,11,2022,True,har_gpr,0.0239202345738248,0.02442315436347764
66,11.08.2022,11,2022,True,har_gpr,0.0240308057585437,0.024095827175653152
66,12.08.2022,11,2022,True,har_gpr,0.0239930361426546,0.023720174341107167
66,15.08.2022,11,2022,True,har_gpr,0.0237156639685161,0.023995000362833162
66,16.08.2022,11,2022,True,har_gpr,0.023802109728616,0.024780533178310776
66,17.08.2022,11,2022,True,har_gpr,0.023911570456262,0.025119324224046773
66,18.08.2022,11,2022,True,har_gpr,0.0235764860040456,0.02479523763874318
66,19.08.2022,11,2022,True,har_gpr,0.0236192743877529,0.025885177688639648
66,22.08.2022,11,2022,True,har_gpr,0.0239573931093821,0.024850144174905178
66,23.08.2022,11,2022,True,har_gpr,0.0235447753223576,0.023920334277169858
66,24.08.2022,11,2022,True,har_gpr,0.0234932206854322,0.025120030919519053
66,25.08.2022,11,2022,True,har_gpr,0.0234105410877086,0.02407757255705215
66,26.08.2022,11,2022,True,har_gpr,0.023608094875647,0.024744344583754678
66,29.08.2022,11,2022,True,har_gpr,0.0231391710607828,0.024556919101728653
66,30.08.2022,11,2022,True,har_gpr,0.0222038134602856,0.023445902710554148
66,31.08.2022,11,2022,True,har_gpr,0.0223161419211775,0.026615978510529378
66,01.09.2022,11,2022,True,har_gpr,0.0222431369525173,0.025574406697608913
66,02.09.2022,11,2022,True,har_gpr,0.022431124816215,0.02697868343730446
66,06.09.2022,11,2022,True,har_gpr,0.0224678544741018,0.025551206489974543
66,07.09.2022,11,2022,True,har_gpr,0.021566423003555,0.023651822737380965
66,08.09.2022,11,2022,True,har_gpr,0.0217376940284165,0.026086541044093962
66,09.09.2022,11,2022,True,har_gpr,0.0215519698250332,0.025220079800905647
66,12.09.2022,11,2022,True,har_gpr,0.0217323183921606,0.02695164472826973
66,13.09.2022,11,2022,True,har_gpr,0.0218080891800468,0.02621534014545485
66,14.09.2022,11,2022,True,har_gpr,0.0219697584938601,0.025885829507246542
66,15.09.2022,11,2022,True,har_gpr,0.0216363150365228,0.023781498318880243
66,16.09.2022,11,2022,True,har_gpr,0.0216226258184203,0.026091419328274065
66,19.09.2022,11,2022,True,har_gpr,0.0218939529700427,0.023855571919720594
66,20.09.2022,11,2022,True,har_gpr,0.0218924488859795,0.02364352840672103
66,21.09.2022,11,2022,True,har_gpr,0.0223502673651535,0.02402544590089229
66,22.09.2022,11,2022,True,har_gpr,0.0223401056685316,0.023037809386858732
66,23.09.2022,11,2022,True,har_gpr,0.0215824241179509,0.022188778204774058
66,26.09.2022,11,2022,True,har_gpr,0.0214226555003463,0.025502188743711227
66,27.09.2022,11,2022,True,har_gpr,0.0218557242508089,0.02441025597586619
66,28.09.2022,11,2022,True,har_gpr,0.0221157687143806,0.024980092773914036
66,29.09.2022,11,2022,True,har_gpr,0.0230057977581531,0.025779351575504972
66,30.09.2022,11,2022,True,har_gpr,0.0230535966171241,0.02471342788665783
66,03.10.2022,11,2022,True,har_gpr,0.0230058712238432,0.022971956582801187
66,04.10.2022,11,2022,True,har_gpr,0.0226863324424107,0.022434365593341787
66,05.10.2022,11,2022,True,har_gpr,0.0225821718668623,0.023750131499504796
66,06.10.2022,11,2022,True,har_gpr,0.0229071009138023,0.021853109507356087
66,07.10.2022,11,2022,True,har_gpr,0.0225191388827867,0.021280140751104428
66,10.10.2022,11,2022,True,har_gpr,0.022531187755868,0.02184315548744706
66,11.10.2022,11,2022,True,har_gpr,0.0224444892946596,0.02234540114439634
66,12.10.2022,11,2022,True,har_gpr,0.0223607134951537,0.02347761296634012
66,13.10.2022,11,2022,True,har_gpr,0.0222407649997389,0.023699373072108537
66,14.10.2022,11,2022,True,har_gpr,0.0220287891521808,0.02371703872509668
66,17.10.2022,11,2022,True,har_gpr,0.0220457868101814,0.02371556902260267
66,18.10.2022,11,2022,True,har_gpr,0.0221309390771254,0.02227934734305021
66,19.10.2022,11,2022,True,har_gpr,0.0218770083695806,0.022869384395593776
66,20.10.2022,11,2022,True,har_gpr,0.0219724142541946,0.02379515300956938
66,21.10.2022,11,2022,True,har_gpr,0.0219370539827849,0.022539740296573744
66,24.10.2022,11,2022,True,har_gpr,0.0220657861359812,0.021375855137733546
66,25.10.2022,11,2022,True,har_gpr,0.0220633816951307,0.020372193662116563
66,26.10.2022,11,2022,True,har_gpr,0.0219599203344301,0.01967168553515385
66,27.10.2022,11,2022,True,har_gpr,0.0218869857174747,0.019959722292472646
66,28.10.2022,11,2022,True,har_gpr,0.0220707187789238,0.019516388020836432
66,31.10.2022,11,2022,True,har_gpr,0.0221370089710402,0.019987011525692933
66,01.11.2022,11,2022,True,har_gpr,0.0225567706623896,0.020443389224427143
66,02.11.2022,11,2022,True,har_gpr,0.0225661628704233,0.019783843192162566
66,03.11.2022,11,2022,True,har_gpr,0.0225100171789643,0.019995073136190474
66,04.11.2022,11,2022,True,har_gpr,0.0220932474957809,0.02002195692978614
66,07.11.2022,11,2022,True,har_gpr,0.022092562636284,0.02211835724359119
66,08.11.2022,11,2022,True,har_gpr,0.0219150268146097,0.020581701151079008
66,09.11.2022,11,2022,True,har_gpr,0.02165035726083,0.021906022910616007
66,10.11.2022,11,2022,True,har_gpr,0.0215973851708899,0.022346624766637735
66,11.11.2022,11,2022,True,har_gpr,0.0215500458762304,0.021622092408779037
66,14.11.2022,11,2022,True,har_gpr,0.0212672934051765,0.021237667393808703
66,15.11.2022,11,2022,True,har_gpr,0.0215136601441283,0.022607797968784742
66,16.11.2022,11,2022,True,har_gpr,0.0216573048812232,0.021597473824790638
66,17.11.2022,11,2022,True,har_gpr,0.0213461270440061,0.021079677711613166
66,18.11.2022,11,2022,True,har_gpr,0.0211700161378786,0.022750803575953504
66,21.11.2022,11,2022,True,har_gpr,0.0212881005983737,0.0216856553237146
66,22.11.2022,11,2022,True,har_gpr,0.0212557679472305,0.020268845528346294
66,23.11.2022,11,2022,True,har_gpr,0.0208562906701417,0.020707563238997757
66,25.11.2022,11,2022,True,har_gpr,0.020748121746444,0.021840722348643357
66,28.11.2022,11,2022,True,har_gpr,0.0207407271303949,0.021107858693976682
66,29.11.2022,11,2022,True,har_gpr,0.0211732991475003,0.020353720949764696
66,30.11.2022,11,2022,True,har_gpr,0.0208914441001236,0.020246442965774686
66,01.12.2022,11,2022,True,har_gpr,0.0208336151399846,0.02231165815933816
66,02.12.2022,11,2022,True,har_gpr,0.0208417299765884,0.021532951450981462
66,05.12.2022,11,2022,True,har_gpr,0.0206310965983567,0.021281080872176995
66,06.12.2022,11,2022,True,har_gpr,0.0206576032563187,0.0224357033315285
66,07.12.2022,11,2022,True,har_gpr,0.0212729730763332,0.023708624645436327
66,08.12.2022,11,2022,True,har_gpr,0.0212856007297338,0.0224064135371329
66,09.12.2022,11,2022,True,har_gpr,0.0214753794710335,0.02057826943559636
66,12.12.2022,11,2022,True,har_gpr,0.0212967357705413,0.020480067554283353
66,13.12.2022,11,2022,True,har_gpr,0.0210226666451283,0.022629025420789813
66,14.12.2022,11,2022,True,har_gpr,0.0209121520879315,0.023547907256318647
66,15.12.2022,11,2022,True,har_gpr,0.0208352010284609,0.022889954014565603
66,16.12.2022,11,2022,True,har_gpr,0.0206282424035588,0.022900156184750296
66,19.12.2022,11,2022,True,har_gpr,0.0212221497393957,0.023791203697159695
66,20.12.2022,11,2022,True,har_gpr,0.0212375844586086,0.023085020747444254
66,21.12.2022,11,2022,True,har_gpr,0.020963300152907,0.022244459319163686
66,22.12.2022,11,2022,True,har_gpr,0.0209499486497733,0.02346739082330046
66,23.12.2022,11,2022,True,har_gpr,0.0204804716325556,0.022681887490836276
66,27.12.2022,11,2022,True,har_gpr,0.0219115226542229,0.023627509276232066
66,28.12.2022,11,2022,True,har_gpr,0.021852348640961,0.022383477888379494
66,29.12.2022,11,2022,True,har_gpr,0.0217974490175892,0.02299686400775299
66,30.12.2022,11,2022,True,har_gpr,0.0211280626726101,0.022531367379814187
66,03.01.2022,11,2022,True,har_x,0.0359810459985461,0.021808858294065956
66,04.01.2022,11,2022,True,har_x,0.0360318556638508,0.020103460582612066
66,05.01.2022,11,2022,True,har_x,0.0364743539932904,0.02052796511098639
66,06.01.2022,11,2022,True,har_x,0.0371346226301971,0.02175660957608841
66,07.01.2022,11,2022,True,har_x,0.0373745725322682,0.01988692330942683
66,10.01.2022,11,2022,True,har_x,0.0374240307086512,0.019280449808356158
66,11.01.2022,11,2022,True,har_x,0.0372538303212978,0.02058568113194601
66,12.01.2022,11,2022,True,har_x,0.0379248297439793,0.020483310330411748
66,13.01.2022,11,2022,True,har_x,0.0379299435722466,0.020176867165688495
66,14.01.2022,11,2022,True,har_x,0.0379067601181301,0.02079060616035418
66,18.01.2022,11,2022,True,har_x,0.0379422137632329,0.02206373417326055
66,19.01.2022,11,2022,True,har_x,0.038320847170036,0.0219460228627259
66,20.01.2022,11,2022,True,har_x,0.0384282355144986,0.021548046715531986
66,21.01.2022,11,2022,True,har_x,0.0384147014965996,0.02104587665381529
66,24.01.2022,11,2022,True,har_x,0.0383877703843282,0.02154906209290509
66,25.01.2022,11,2022,True,har_x,0.0383497492973685,0.02383899903294874
66,26.01.2022,11,2022,True,har_x,0.0383673201375149,0.023934360432230864
66,27.01.2022,11,2022,True,har_x,0.0384966781563014,0.023520387593714782
66,28.01.2022,11,2022,True,har_x,0.0389002440355693,0.023718955012194766
66,31.01.2022,11,2022,True,har_x,0.0388833719536807,0.02391721536617504
66,01.02.2022,11,2022,True,har_x,0.0387700392762436,0.021700144742890653
66,02.02.2022,11,2022,True,har_x,0.0395286178535673,0.021971915565970397
66,03.02.2022,11,2022,True,har_x,0.0397245608079109,0.021675732130674082
66,04.02.2022,11,2022,True,har_x,0.040046379479457,0.022067101287939542
66,07.02.2022,11,2022,True,har_x,0.0400341721580864,0.02274823012216205
66,08.02.2022,11,2022,True,har_x,0.0401600986029737,0.022959358063822256
66,09.02.2022,11,2022,True,har_x,0.0402360370845978,0.022610847271027072
66,10.02.2022,11,2022,True,har_x,0.0403384432364956,0.021897829717263582
66,11.02.2022,11,2022,True,har_x,0.0403180817963653,0.0228481164469877
66,14.02.2022,11,2022,True,har_x,0.0403605408229598,0.024471856182957174
66,15.02.2022,11,2022,True,har_x,0.0401095754308938,0.024731835460308726
66,16.02.2022,11,2022,True,har_x,0.0400793117976522,0.025168083550660254
66,17.02.2022,11,2022,True,har_x,0.0399827962040176,0.025236486212516878
66,18.02.2022,11,2022,True,har_x,0.0399811906732071,0.026451635216312917
66,22.02.2022,11,2022,True,har_x,0.0399193893825768,0.025684625700905545
66,23.02.2022,11,2022,True,har_x,0.039955874943997,0.026210533904630334
66,24.02.2022,11,2022,True,har_x,0.0400012116244846,0.02537665934814401
66,25.02.2022,11,2022,True,har_x,0.0405965641234071,0.026717367109941347
66,28.02.2022,11,2022,True,har_x,0.0404592199530943,0.02783240075711591
66,01.03.2022,11,2022,True,har_x,0.0402518095563431,0.02848137740299029
66,02.03.2022,11,2022,True,har_x,0.0392599386206486,0.03187445675367656
66,03.03.2022,11,2022,True,har_x,0.0391660336377213,0.0329488345471539
66,04.03.2022,11,2022,True,har_x,0.0384142860758949,0.03301541522772966
66,07.03.2022,11,2022,True,har_x,0.0380644778641463,0.03609073131808748
66,08.03.2022,11,2022,True,har_x,0.0377799886717801,0.036351514917485395
66,09.03.2022,11,2022,True,har_x,0.033460163989951,0.03554053768002996
66,10.03.2022,11,2022,True,har_x,0.033411824304156,0.039121999161276004
66,11.03.2022,11,2022,True,har_x,0.0333446835913015,0.03685281521408677
66,14.03.2022,11,2022,True,har_x,0.0326917161239285,0.03719956899139977
66,15.03.2022,11,2022,True,har_x,0.0323824155044069,0.035827470974629676
66,16.03.2022,11,2022,True,har_x,0.0323056659768031,0.03484778451801783
66,17.03.2022,11,2022,True,har_x,0.0308179073965322,0.033065355168213184
66,18.03.2022,11,2022,True,har_x,0.030846600201287,0.03606704980099888
66,21.03.2022,11,2022,True,har_x,0.0298372071238619,0.035100179172437934
66,22.03.2022,11,2022,True,har_x,0.029915397462017,0.03620927750239639
66,23.03.2022,11,2022,True,har_x,0.0293795537423045,0.03393787867052745
66,24.03.2022,11,2022,True,har_x,0.0293179101732609,0.03509058322142014
66,25.03.2022,11,2022,True,har_x,0.029303705575764,0.034322809480641744
66,28.03.2022,11,2022,True,har_x,0.0282093240288896,0.03459604148298752
66,29.03.2022,11,2022,True,har_x,0.0298925377625462,0.034930982503701156
66,30.03.2022,11,2022,True,har_x,0.0297500839612667,0.03308429022752437
66,31.03.2022,11,2022,True,har_x,0.0295380828134072,0.03229453308517455
66,01.04.2022,11,2022,True,har_x,0.0293831297153838,0.03195774615545989
66,04.04.2022,11,2022,True,har_x,0.0291548502458791,0.02942182550333387
66,05.04.2022,11,2022,True,har_x,0.0305188680409744,0.028996782032692694
66,06.04.2022,11,2022,True,har_x,0.0298028137061018,0.028496100756714594
66,07.04.2022,11,2022,True,har_x,0.0298025107687589,0.028423843402081716
66,08.04.2022,11,2022,True,har_x,0.0297907960752029,0.02786164219657959
66,11.04.2022,11,2022,True,har_x,0.0299242531017638,0.027862120482916274
66,12.04.2022,11,2022,True,har_x,0.0290103363645753,0.02870316503584139
66,13.04.2022,11,2022,True,har_x,0.0286141220393615,0.030045463945581424
66,14.04.2022,11,2022,True,har_x,0.0286317887794111,0.028304194362267557
66,18.04.2022,11,2022,True,har_x,0.0285843644735803,0.02843326649829103
66,19.04.2022,11,2022,True,har_x,0.027929886253378,0.027887519386086412
66,20.04.2022,11,2022,True,har_x,0.0279386043749966,0.028477889989533656
66,21.04.2022,11,2022,True,har_x,0.028005815630584,0.02786384565383436
66,22.04.2022,11,2022,True,har_x,0.0279461218360222,0.02700675101653814
66,25.04.2022,11,2022,True,har_x,0.0276421500625855,0.02712618912317577
66,26.04.2022,11,2022,True,har_x,0.0298948121274882,0.028260416994179798
66,27.04.2022,11,2022,True,har_x,0.0298996524015309,0.02804221188112407
66,28.04.2022,11,2022,True,har_x,0.0301203115384471,0.02769371700887065
66,29.04.2022,11,2022,True,har_x,0.0302085107926793,0.027627366427385096
66,02.05.2022,11,2022,True,har_x,0.030185895299905,0.02774859592832784
66,03.05.2022,11,2022,True,har_x,0.0301494855010043,0.025777223849017795
66,04.05.2022,11,2022,True,har_x,0.0295129518105993,0.026033269941616703
66,05.05.2022,11,2022,True,har_x,0.0295381907848479,0.026795340736444153
66,06.05.2022,11,2022,True,har_x,0.0296304726703325,0.0264714009260924
66,09.05.2022,11,2022,True,har_x,0.0288023772344992,0.02656899022410916
66,10.05.2022,11,2022,True,har_x,0.0287716843878298,0.029423911676839474
66,11.05.2022,11,2022,True,har_x,0.0283098153605087,0.028656876337738387
66,12.05.2022,11,2022,True,har_x,0.0283810217324477,0.028118828688775827
66,13.05.2022,11,2022,True,har_x,0.0282520657303408,0.027211850900706474
66,16.05.2022,11,2022,True,har_x,0.0280685676715035,0.02759670638166158
66,17.05.2022,11,2022,True,har_x,0.0279792267131122,0.026992266942158775
66,18.05.2022,11,2022,True,har_x,0.0282583081114523,0.026151859984249987
66,19.05.2022,11,2022,True,har_x,0.0280806804202679,0.02661252588236623
66,20.05.2022,11,2022,True,har_x,0.028149346436321,0.02656396918984658
66,23.05.2022,11,2022,True,har_x,0.0282159721514887,0.02584165534594685
66,24.05.2022,11,2022,True,har_x,0.0286744187933914,0.024895762234574716
66,25.05.2022,11,2022,True,har_x,0.0294642524405904,0.024205586397474527
66,26.05.2022,11,2022,True,har_x,0.0293827005185698,0.02364869385713444
66,27.05.2022,11,2022,True,har_x,0.0296956274737709,0.023878847764972504
66,31.05.2022,11,2022,True,har_x,0.0294583419058865,0.024214122809338396
66,01.06.2022,11,2022,True,har_x,0.0287724661506406,0.025386007167767344
66,02.06.2022,11,2022,True,har_x,0.0293605960465979,0.026746637904214283
66,03.06.2022,11,2022,True,har_x,0.0293107400343521,0.025743596639757116
66,06.06.2022,11,2022,True,har_x,0.0298291240727151,0.02533789190917029
66,07.06.2022,11,2022,True,har_x,0.0298557932242724,0.025739042178318062
66,08.06.2022,11,2022,True,har_x,0.0296491357879683,0.02492066517013661
66,09.06.2022,11,2022,True,har_x,0.0297007105260375,0.023467834968913536
66,10.06.2022,11,2022,True,har_x,0.0299434805971712,0.023130645725202355
66,13.06.2022,11,2022,True,har_x,0.029958286885703,0.023014294398439956
66,14.06.2022,11,2022,True,har_x,0.029985783501645,0.023650101614604634
66,15.06.2022,11,2022,True,har_x,0.0299329078558604,0.02354478071955593
66,16.06.2022,11,2022,True,har_x,0.0298793768584439,0.0235231851669418
66,17.06.2022,11,2022,True,har_x,0.0291619977118783,0.023341345044579503
66,21.06.2022,11,2022,True,har_x,0.0296128097531949,0.02577432662182012
66,22.06.2022,11,2022,True,har_x,0.0296003712042859,0.024255176222865115
66,23.06.2022,11,2022,True,har_x,0.0298000053105317,0.02510722716854869
66,24.06.2022,11,2022,True,har_x,0.0299294641021887,0.024859713692357826
66,27.06.2022,11,2022,True,har_x,0.0298233688298359,0.024916160331247002
66,28.06.2022,11,2022,True,har_x,0.0296062438762756,0.024234697558121323
66,29.06.2022,11,2022,True,har_x,0.0296321728397637,0.024356394755793768
66,30.06.2022,11,2022,True,har_x,0.0299519542878922,0.024496620158210303
66,01.07.2022,11,2022,True,har_x,0.0298936395754209,0.024354676273802445
66,05.07.2022,11,2022,True,har_x,0.0282153539812095,0.024850816834162685
66,06.07.2022,11,2022,True,har_x,0.0284876883781293,0.027654175500623705
66,07.07.2022,11,2022,True,har_x,0.0281437215264751,0.026763289426477575
66,08.07.2022,11,2022,True,har_x,0.0280783703355719,0.027489466517275272
66,11.07.2022,11,2022,True,har_x,0.0281612522595563,0.027333111840919667
66,12.07.2022,11,2022,True,har_x,0.0268669063662217,0.027132637851912923
66,13.07.2022,11,2022,True,har_x,0.0271321780799561,0.028405580179002698
66,14.07.2022,11,2022,True,har_x,0.0271290426982418,0.02670533401226009
66,15.07.2022,11,2022,True,har_x,0.0270639359695228,0.026695980514444956
66,18.07.2022,11,2022,True,har_x,0.0265364683534384,0.026583125732778233
66,19.07.2022,11,2022,True,har_x,0.0264935368147666,0.027373391266479162
66,20.07.2022,11,2022,True,har_x,0.0265510549533524,0.025035455148295874
66,21.07.2022,11,2022,True,har_x,0.0263359111519029,0.024680050160181065
66,22.07.2022,11,2022,True,har_x,0.0263346601238024,0.02636102936173162
66,25.07.2022,11,2022,True,har_x,0.0263895454952513,0.025202196916206943
66,26.07.2022,11,2022,True,har_x,0.026440344538324,0.024384466944322697
66,27.07.2022,11,2022,True,har_x,0.0263289914129137,0.024093014060596468
66,28.07.2022,11,2022,True,har_x,0.0263355445001436,0.02481229657430052
66,29.07.2022,11,2022,True,har_x,0.0260972451384502,0.02366928842314687
66,01.08.2022,11,2022,True,har_x,0.0234667229662303,0.023753855932147162
66,02.08.2022,11,2022,True,har_x,0.023527863376581,0.02841104447360819
66,03.08.2022,11,2022,True,har_x,0.0236018618822443,0.02774347049642261
66,04.08.2022,11,2022,True,har_x,0.0233556171043362,0.02744315358548431
66,05.08.2022,11,2022,True,har_x,0.023569894610419,0.028445313832383808
66,08.08.2022,11,2022,True,har_x,0.0237254504609341,0.026227464315148934
66,09.08.2022,11,2022,True,har_x,0.0237652395091908,0.024834263807624202
66,10.08.2022,11,2022,True,har_x,0.0239202345738248,0.024349675607708555
66,11.08.2022,11,2022,True,har_x,0.0240308057585437,0.02419156644606606
66,12.08.2022,11,2022,True,har_x,0.0239930361426546,0.02355339274111919
66,15.08.2022,11,2022,True,har_x,0.0237156639685161,0.023423501369805925
66,16.08.2022,11,2022,True,har_x,0.023802109728616,0.024335746150840023
66,17.08.2022,11,2022,True,har_x,0.023911570456262,0.02544411350515084
66,18.08.2022,11,2022,True,har_x,0.0235764860040456,0.025632518913424395
66,19.08.2022,11,2022,True,har_x,0.0236192743877529,0.02498434250592309
66,22.08.2022,11,2022,True,har_x,0.0239573931093821,0.025330927355178934
66,23.08.2022,11,2022,True,har_x,0.0235447753223576,0.024891593194280328
66,24.08.2022,11,2022,True,har_x,0.0234932206854322,0.02430944349593969
66,25.08.2022,11,2022,True,har_x,0.0234105410877086,0.024185728114607757
66,26.08.2022,11,2022,True,har_x,0.023608094875647,0.02460388386310528
66,29.08.2022,11,2022,True,har_x,0.0231391710607828,0.02413077116355537
66,30.08.2022,11,2022,True,har_x,0.0222038134602856,0.024665760086129293
66,31.08.2022,11,2022,True,har_x,0.0223161419211775,0.026387459447861597
66,01.09.2022,11,2022,True,har_x,0.0222431369525173,0.026660267988127147
66,02.09.2022,11,2022,True,har_x,0.022431124816215,0.02745635153635602
66,06.09.2022,11,2022,True,har_x,0.0224678544741018,0.02686882022734124
66,07.09.2022,11,2022,True,har_x,0.021566423003555,0.025087134504103766
66,08.09.2022,11,2022,True,har_x,0.0217376940284165,0.026695679286191713
66,09.09.2022,11,2022,True,har_x,0.0215519698250332,0.02590536711046944
66,12.09.2022,11,2022,True,har_x,0.0217323183921606,0.025925696908402927
66,13.09.2022,11,2022,True,har_x,0.0218080891800468,0.024368720344916717
66,14.09.2022,11,2022,True,har_x,0.0219697584938601,0.02447663762102187
66,15.09.2022,11,2022,True,har_x,0.0216363150365228,0.023602166459105733
66,16.09.2022,11,2022,True,har_x,0.0216226258184203,0.02488584915315553
66,19.09.2022,11,2022,True,har_x,0.0218939529700427,0.024141620347838018
66,20.09.2022,11,2022,True,har_x,0.0218924488859795,0.02393221724286956
66,21.09.2022,11,2022,True,har_x,0.0223502673651535,0.02446537419043123
66,22.09.2022,11,2022,True,har_x,0.0223401056685316,0.024282975154004637
66,23.09.2022,11,2022,True,har_x,0.0215824241179509,0.023428839130578152
66,26.09.2022,11,2022,True,har_x,0.0214226555003463,0.025796627234087086
66,27.09.2022,11,2022,True,har_x,0.0218557242508089,0.027237887747418286
66,28.09.2022,11,2022,True,har_x,0.0221157687143806,0.02749156489244831
66,29.09.2022,11,2022,True,har_x,0.0230057977581531,0.027741569510381748
66,30.09.2022,11,2022,True,har_x,0.0230535966171241,0.0272057355606307
66,03.10.2022,11,2022,True,har_x,0.0230058712238432,0.026812688352417343
66,04.10.2022,11,2022,True,har_x,0.0226863324424107,0.026625936600943978
66,05.10.2022,11,2022,True,har_x,0.0225821718668623,0.027919828708026298
66,06.10.2022,11,2022,True,har_x,0.0229071009138023,0.02597132333080656
66,07.10.2022,11,2022,True,har_x,0.0225191388827867,0.02547955337968391
66,10.10.2022,11,2022,True,har_x,0.022531187755868,0.025763618872830456
66,11.10.2022,11,2022,True,har_x,0.0224444892946596,0.02552766895546141
66,12.10.2022,11,2022,True,har_x,0.0223607134951537,0.026745020299650556
66,13.10.2022,11,2022,True,har_x,0.0222407649997389,0.026723555358606006
66,14.10.2022,11,2022,True,har_x,0.0220287891521808,0.02657937154881702
66,17.10.2022,11,2022,True,har_x,0.0220457868101814,0.026312306807084965
66,18.10.2022,11,2022,True,har_x,0.0221309390771254,0.025223921857346145
66,19.10.2022,11,2022,True,har_x,0.0218770083695806,0.025145838455447333
66,20.10.2022,11,2022,True,har_x,0.0219724142541946,0.025182981902124413
66,21.10.2022,11,2022,True,har_x,0.0219370539827849,0.024683926298490876
66,24.10.2022,11,2022,True,har_x,0.0220657861359812,0.02415869784498734
66,25.10.2022,11,2022,True,har_x,0.0220633816951307,0.023284195203360485
66,26.10.2022,11,2022,True,har_x,0.0219599203344301,0.02284747008442765
66,27.10.2022,11,2022,True,har_x,0.0218869857174747,0.02333458688638309
66,28.10.2022,11,2022,True,har_x,0.0220707187789238,0.023273586669256784
66,31.10.2022,11,2022,True,har_x,0.0221370089710402,0.023194711867614255
66,01.11.2022,11,2022,True,har_x,0.0225567706623896,0.023482557676118673
66,02.11.2022,11,2022,True,har_x,0.0225661628704233,0.023231053462212704
66,03.11.2022,11,2022,True,har_x,0.0225100171789643,0.023461648657784384
66,04.11.2022,11,2022,True,har_x,0.0220932474957809,0.023114612491001794
66,07.11.2022,11,2022,True,har_x,0.022092562636284,0.024353440470874718
66,08.11.2022,11,2022,True,har_x,0.0219150268146097,0.02336606214598625
66,09.11.2022,11,2022,True,har_x,0.02165035726083,0.02391508883023319
66,10.11.2022,11,2022,True,har_x,0.0215973851708899,0.02415273241577618
66,11.11.2022,11,2022,True,har_x,0.0215500458762304,0.023429711866946888
66,14.11.2022,11,2022,True,har_x,0.0212672934051765,0.022867641822387666
66,15.11.2022,11,2022,True,har_x,0.0215136601441283,0.024420057686440597
66,16.11.2022,11,2022,True,har_x,0.0216573048812232,0.02463742810170586
66,17.11.2022,11,2022,True,har_x,0.0213461270440061,0.024007569831756052
66,18.11.2022,11,2022,True,har_x,0.0211700161378786,0.024665153210496175
66,21.11.2022,11,2022,True,har_x,0.0212881005983737,0.02422866049272059
66,22.11.2022,11,2022,True,har_x,0.0212557679472305,0.023207504291955817
66,23.11.2022,11,2022,True,har_x,0.0208562906701417,0.023169747519639256
66,25.11.2022,11,2022,True,har_x,0.020748121746444,0.02500866830453604
66,28.11.2022,11,2022,True,har_x,0.0207407271303949,0.02434003947638989
66,29.11.2022,11,2022,True,har_x,0.0211732991475003,0.023946319935704733
66,30.11.2022,11,2022,True,har_x,0.0208914441001236,0.023223297019091475
66,01.12.2022,11,2022,True,har_x,0.0208336151399846,0.023574215358167658
66,02.12.2022,11,2022,True,har_x,0.0208417299765884,0.02299798583770939
66,05.12.2022,11,2022,True,har_x,0.0206310965983567,0.0229071711687009
66,06.12.2022,11,2022,True,har_x,0.0206576032563187,0.02372897818418352
66,07.12.2022,11,2022,True,har_x,0.0212729730763332,0.024479276704342596
66,08.12.2022,11,2022,True,har_x,0.0212856007297338,0.024222459397737213
66,09.12.2022,11,2022,True,har_x,0.0214753794710335,0.023150075410342967
66,12.12.2022,11,2022,True,har_x,0.0212967357705413,0.023163935105140174
66,13.12.2022,11,2022,True,har_x,0.0210226666451283,0.02421712388101816
66,14.12.2022,11,2022,True,har_x,0.0209121520879315,0.024030454061954223
66,15.12.2022,11,2022,True,har_x,0.0208352010284609,0.023191284731972597
66,16.12.2022,11,2022,True,har_x,0.0206282424035588,0.02370288452334642
66,19.12.2022,11,2022,True,har_x,0.0212221497393957,0.023832446383434725
66,20.12.2022,11,2022,True,har_x,0.0212375844586086,0.023709760119599285
66,21.12.2022,11,2022,True,har_x,0.020963300152907,0.023099062850128686
66,22.12.2022,11,2022,True,har_x,0.0209499486497733,0.023365551560152218
66,23.12.2022,11,2022,True,har_x,0.0204804716325556,0.023281032038545417
66,27.12.2022,11,2022,True,har_x,0.0219115226542229,0.023391872610156732
66,28.12.2022,11,2022,True,har_x,0.021852348640961,0.02326816011626504
66,29.12.2022,11,2022,True,har_x,0.0217974490175892,0.023657477394311347
66,30.12.2022,11,2022,True,har_x,0.0211280626726101,0.023162557712089724
126,03.01.2022,11,2022,True,har,0.0328461622498707,0.021385792488240102
126,04.01.2022,11,2022,True,har,0.0329942627096103,0.021187659553974995
126,05.01.2022,11,2022,True,har,0.0330364503233883,0.020620028307937854
126,06.01.2022,11,2022,True,har,0.0330179401779777,0.0202710923878902
126,07.01.2022,11,2022,True,har,0.0336995413634938,0.020455358153339175
126,10.01.2022,11,2022,True,har,0.0336812804032398,0.019543325613057955
126,11.01.2022,11,2022,True,har,0.0335552168134612,0.020017970456502474
126,12.01.2022,11,2022,True,har,0.0335874370783618,0.0211949998019646
126,13.01.2022,11,2022,True,har,0.0338550244316469,0.02063219197820413
126,14.01.2022,11,2022,True,har,0.033829614497597,0.02050458293589312
126,18.01.2022,11,2022,True,har,0.0338066964786511,0.020855522262238087
126,19.01.2022,11,2022,True,har,0.0339065166209731,0.020223158031207597
126,20.01.2022,11,2022,True,har,0.0339129400960524,0.01908656820353599
126,21.01.2022,11,2022,True,har,0.0339430125371272,0.018719359528747002
126,24.01.2022,11,2022,True,har,0.0339042796949252,0.01894000162624271
126,25.01.2022,11,2022,True,har,0.0338991467432075,0.019654892173304107
126,26.01.2022,11,2022,True,har,0.0338609366539043,0.019826321736496726
126,27.01.2022,11,2022,True,har,0.033925802192561,0.019987456633697546
126,28.01.2022,11,2022,True,har,0.0349983733525793,0.01985291063246405
126,31.01.2022,11,2022,True,har,0.0349834058999987,0.019827941896859637
126,01.02.2022,11,2022,True,har,0.035092765457506,0.019196684250805358
126,02.02.2022,11,2022,True,har,0.035183570131687,0.020171742828099717
126,03.02.2022,11,2022,True,har,0.035154994418948,0.01957928329618194
126,04.02.2022,11,2022,True,har,0.0351300086421561,0.020053870488996102
126,07.02.2022,11,2022,True,har,0.0351268108309671,0.020417760611758012
126,08.02.2022,11,2022,True,har,0.0350886930778386,0.020136679737741726
126,09.02.2022,11,2022,True,har,0.0351354580412287,0.02059242439415266
126,10.02.2022,11,2022,True,har,0.0351615107140696,0.019939400301792025
126,11.02.2022,11,2022,True,har,0.0351584300101813,0.019688492517864895
126,14.02.2022,11,2022,True,har,0.035203430867733,0.020877359577593277
126,15.02.2022,11,2022,True,har,0.0350982693264962,0.020738088136469227
126,16.02.2022,11,2022,True,har,0.0351766093129213,0.021855199959589667
126,17.02.2022,11,2022,True,har,0.0351320132030049,0.02158122860849946
126,18.02.2022,11,2022,True,har,0.035129009753637,0.022011583592748036
126,22.02.2022,11,2022,True,har,0.0351566250548576,0.021417760248561554
126,23.02.2022,11,2022,True,har,0.0351671350598068,0.02237394663445888
126,24.02.2022,11,2022,True,har,0.0351493917040409,0.021105955763777037
126,25.02.2022,11,2022,True,har,0.0351639106487345,0.02166299329845088
126,28.02.2022,11,2022,True,har,0.0352357214869483,0.021328007172910113
126,01.03.2022,11,2022,True,har,0.0354275475345878,0.022065853653941453
126,02.03.2022,11,2022,True,har,0.0348945836598397,0.02263983840284922
126,03.03.2022,11,2022,True,har,0.035050918558814,0.024876409278793934
126,04.03.2022,11,2022,True,har,0.0345182984121376,0.02468863539565174
126,07.03.2022,11,2022,True,har,0.034289665324616,0.026327655334727987
126,08.03.2022,11,2022,True,har,0.0343985831120525,0.02600530550536667
126,09.03.2022,11,2022,True,har,0.0321122305483058,0.025938164836139997
126,10.03.2022,11,2022,True,har,0.0323045905297404,0.035339423023516475
126,11.03.2022,11,2022,True,har,0.0322054172106455,0.03292669659370763
126,14.03.2022,11,2022,True,har,0.0318840709928499,0.032851816385654466
126,15.03.2022,11,2022,True,har,0.031333226185301,0.033512000082621916
126,16.03.2022,11,2022,True,har,0.0314429449479754,0.03393790243607886
126,17.03.2022,11,2022,True,har,0.0305110090021669,0.031206944040016837
126,18.03.2022,11,2022,True,har,0.0304970275934656,0.0349675197070857
126,21.03.2022,11,2022,True,har,0.0298638621121033,0.033295907062594596
126,22.03.2022,11,2022,True,har,0.0298699653798466,0.03506470091781594
126,23.03.2022,11,2022,True,har,0.0294910436464554,0.03252914126533756
126,24.03.2022,11,2022,True,har,0.0297331010708738,0.03321442215073046
126,25.03.2022,11,2022,True,har,0.0297618104983222,0.03276721220311348
126,28.03.2022,11,2022,True,har,0.0292513718077733,0.032544895171686204
126,29.03.2022,11,2022,True,har,0.0293886498606125,0.03488394852206067
126,30.03.2022,11,2022,True,har,0.0292685316818862,0.03382537283496316
126,31.03.2022,11,2022,True,har,0.0289508341019002,0.03297993067992006
126,01.04.2022,11,2022,True,har,0.0288303140874426,0.03388317507591476
126,04.04.2022,11,2022,True,har,0.0288564703600989,0.032730428743087125
126,05.04.2022,11,2022,True,har,0.0288948223087713,0.03246099025726193
126,06.04.2022,11,2022,True,har,0.0285257031898755,0.03171125653648347
126,07.04.2022,11,2022,True,har,0.0287119095737146,0.030158936665856215
126,08.04.2022,11,2022,True,har,0.0286868807167811,0.028963079745739372
126,11.04.2022,11,2022,True,har,0.0284897916383113,0.02929196051921603
126,12.04.2022,11,2022,True,har,0.0280084298381889,0.029435110544430557
126,13.04.2022,11,2022,True,har,0.0278616173636607,0.030727328570994906
126,14.04.2022,11,2022,True,har,0.0278816982433876,0.0299723624008627
126,18.04.2022,11,2022,True,har,0.0278513886053008,0.02858966227360795
126,19.04.2022,11,2022,True,har,0.0274958085434394,0.0283321710801598
126,20.04.2022,11,2022,True,har,0.0276032531546807,0.02904863479208151
126,21.04.2022,11,2022,True,har,0.0275688410383833,0.02759579827223574
126,22.04.2022,11,2022,True,har,0.027563738814054,0.02695661135381596
126,25.04.2022,11,2022,True,har,0.0273244063318994,0.026718597870228428
126,26.04.2022,11,2022,True,har,0.0272226481915866,0.027378107043782057
126,27.04.2022,11,2022,True,har,0.0273032816671641,0.026340269241912434
126,28.04.2022,11,2022,True,har,0.0272602043086221,0.02584330799913742
126,29.04.2022,11,2022,True,har,0.0272365260631908,0.02620301860709502
126,02.05.2022,11,2022,True,har,0.0272140504575492,0.02560459971523428
126,03.05.2022,11,2022,True,har,0.0271318667975298,0.024748713485492565
126,04.05.2022,11,2022,True,har,0.0268171727712527,0.025046328775842848
126,05.05.2022,11,2022,True,har,0.0268386585271802,0.02663080790520632
126,06.05.2022,11,2022,True,har,0.027063315529413,0.025016151232435467
126,09.05.2022,11,2022,True,har,0.0265617846593607,0.025124686376443384
126,10.05.2022,11,2022,True,har,0.0265006443772661,0.027630791349447847
126,11.05.2022,11,2022,True,har,0.0262552553004382,0.027036481705910605
126,12.05.2022,11,2022,True,har,0.0262774416124957,0.02703319858425636
126,13.05.2022,11,2022,True,har,0.0261502822733319,0.0257081485244993
126,16.05.2022,11,2022,True,har,0.0261791497500867,0.02687378923132571
126,17.05.2022,11,2022,True,har,0.0261373878475612,0.025869645532218453
126,18.05.2022,11,2022,True,har,0.0260612552338165,0.0248947167311695
126,19.05.2022,11,2022,True,har,0.0260999938347386,0.025128758224533483
126,20.05.2022,11,2022,True,har,0.0261710427046353,0.025372880121662646
126,23.05.2022,11,2022,True,har,0.0261565829739671,0.024544460053840172
126,24.05.2022,11,2022,True,har,0.0261783846386198,0.023919732422546136
126,25.05.2022,11,2022,True,har,0.0263266008135532,0.023497989231831426
126,26.05.2022,11,2022,True,har,0.026226903491181,0.023014677707451386
126,27.05.2022,11,2022,True,har,0.0261672386219336,0.023675201660825623
126,31.05.2022,11,2022,True,har,0.0260187453610275,0.023445339238475662
126,01.06.2022,11,2022,True,har,0.0257517520756101,0.023783355417257367
126,02.06.2022,11,2022,True,har,0.0257801246196223,0.0263856252978543
126,03.06.2022,11,2022,True,har,0.0257409176001181,0.025059770997235394
126,06.06.2022,11,2022,True,har,0.0258950899151605,0.025141105214306347
126,07.06.2022,11,2022,True,har,0.0260951519596806,0.024750030149473162
126,08.06.2022,11,2022,True,har,0.0260640766635484,0.023594479495179774
126,09.06.2022,11,2022,True,har,0.0260779972024879,0.02224485672652246
126,10.06.2022,11,2022,True,har,0.0260758505548554,0.021519409082176418
126,13.06.2022,11,2022,True,har,0.0261923558440211,0.02173123803180504
126,14.06.2022,11,2022,True,har,0.0263992506553393,0.021236884302196616
126,15.06.2022,11,2022,True,har,0.0264604333874061,0.02135178383871862
126,16.06.2022,11,2022,True,har,0.0264662806257415,0.02132647712221543
126,17.06.2022,11,2022,True,har,0.0261029209098568,0.02103491056045554
126,21.06.2022,11,2022,True,har,0.0260859007703074,0.023904376921160136
126,22.06.2022,11,2022,True,har,0.0260091145537961,0.023207566389233825
126,23.06.2022,11,2022,True,har,0.0261198621045042,0.023666241691289645
126,24.06.2022,11,2022,True,har,0.026005607495094,0.023502029375244853
126,27.06.2022,11,2022,True,har,0.0261694538732079,0.02425315577119118
126,28.06.2022,11,2022,True,har,0.0260631019538887,0.023201539836990356
126,29.06.2022,11,2022,True,har,0.0260565883141399,0.023562251940196323
126,30.06.2022,11,2022,True,har,0.0260552012267548,0.022937675461939228
126,01.07.2022,11,2022,True,har,0.0262743854789421,0.021975445334015437
126,05.07.2022,11,2022,True,har,0.0255587324080871,0.022601069089050012
126,06.07.2022,11,2022,True,har,0.0259154724140479,0.02636454651650248
126,07.07.2022,11,2022,True,har,0.0256845584776685,0.0245247157626636
126,08.07.2022,11,2022,True,har,0.0255890762307542,0.026264573696649043
126,11.07.2022,11,2022,True,har,0.0256277823228612,0.026180076741834785
126,12.07.2022,11,2022,True,har,0.0248225792077436,0.02573452543920732
126,13.07.2022,11,2022,True,har,0.0249984237754594,0.027971474087467446
126,14.07.2022,11,2022,True,har,0.0250467784026951,0.026458955909367934
126,15.07.2022,11,2022,True,har,0.0250115029586098,0.026138062561498577
126,18.07.2022,11,2022,True,har,0.0246084799964745,0.026583931343602266
126,19.07.2022,11,2022,True,har,0.0245993757365832,0.02835356125397038
126,20.07.2022,11,2022,True,har,0.0246379772070649,0.025477600366253808
126,21.07.2022,11,2022,True,har,0.0245703059874566,0.025353614039953374
126,22.07.2022,11,2022,True,har,0.024575681906732,0.026322625332465103
126,25.07.2022,11,2022,True,har,0.0245900565552553,0.02583325056333654
126,26.07.2022,11,2022,True,har,0.0245852872184625,0.025297921419586637
126,27.07.2022,11,2022,True,har,0.0245498234843748,0.024881837810246506
126,28.07.2022,11,2022,True,har,0.0245525549839626,0.025358120010479216
126,29.07.2022,11,2022,True,har,0.0244785763154744,0.024559994477654078
126,01.08.2022,11,2022,True,har,0.0230105788239709,0.02518749717699248
126,02.08.2022,11,2022,True,har,0.0230612359803982,0.03040527666858107
126,03.08.2022,11,2022,True,har,0.0228343249288321,0.02738522985879681
126,04.08.2022,11,2022,True,har,0.0228310336797828,0.028160260581791635
126,05.08.2022,11,2022,True,har,0.022850361632584,0.027580612961459618
126,08.08.2022,11,2022,True,har,0.0229872968455093,0.026773004802002478
126,09.08.2022,11,2022,True,har,0.023040406404869,0.0259773310737832
126,10.08.2022,11,2022,True,har,0.0230201408538348,0.024512351807108163
126,11.08.2022,11,2022,True,har,0.0230183912982525,0.0243389836232423
126,12.08.2022,11,2022,True,har,0.0229884682544504,0.024164929734375326
126,15.08.2022,11,2022,True,har,0.022845773925653,0.024300941374298245
126,16.08.2022,11,2022,True,har,0.0227013322154002,0.024509709256430548
126,17.08.2022,11,2022,True,har,0.0226636267399143,0.024723468846712494
126,18.08.2022,11,2022,True,har,0.0225897491217888,0.024563523715333484
126,19.08.2022,11,2022,True,har,0.0225891756552733,0.025255411269957145
126,22.08.2022,11,2022,True,har,0.0227335771280167,0.024645820823290594
126,23.08.2022,11,2022,True,har,0.0225374244854415,0.024227724104954586
126,24.08.2022,11,2022,True,har,0.0225442249467869,0.025062235649744743
126,25.08.2022,11,2022,True,har,0.0225003476737344,0.024418866568576683
126,26.08.2022,11,2022,True,har,0.0225058410396157,0.02482046152107254
126,29.08.2022,11,2022,True,har,0.0222068940819413,0.024673701161399178
126,30.08.2022,11,2022,True,har,0.0216621054122705,0.02334348010452318
126,31.08.2022,11,2022,True,har,0.0215549666079725,0.02547736617485644
126,01.09.2022,11,2022,True,har,0.021213332639367,0.024810894771982728
126,02.09.2022,11,2022,True,har,0.021411143816937,0.02561071828254665
126,06.09.2022,11,2022,True,har,0.0214192677255438,0.02476852694301974
126,07.09.2022,11,2022,True,har,0.0209235285557448,0.023772841061245678
126,08.09.2022,11,2022,True,har,0.0209317226817899,0.025404506964637717
126,09.09.2022,11,2022,True,har,0.0207106037645868,0.024890262816033334
126,12.09.2022,11,2022,True,har,0.0209914210004688,0.025999601938912063
126,13.09.2022,11,2022,True,har,0.0214175469013234,0.02547716268076778
126,14.09.2022,11,2022,True,har,0.021436263097162,0.02522184200001682
126,15.09.2022,11,2022,True,har,0.0213142757216949,0.023950384480853786
126,16.09.2022,11,2022,True,har,0.0213354105400921,0.025371969526048782
126,19.09.2022,11,2022,True,har,0.021413070738843,0.02398967130327545
126,20.09.2022,11,2022,True,har,0.0214490957339325,0.02397997547142998
126,21.09.2022,11,2022,True,har,0.0214535592612728,0.024215678553385286
126,22.09.2022,11,2022,True,har,0.0214620705130511,0.02350188319309256
126,23.09.2022,11,2022,True,har,0.0213672059873734,0.023004901064852548
126,26.09.2022,11,2022,True,har,0.0212702814190392,0.025066856659296935
126,27.09.2022,11,2022,True,har,0.0211399227065261,0.024352748310761528
126,28.09.2022,11,2022,True,har,0.0209331808521474,0.02458738584831288
126,29.09.2022,11,2022,True,har,0.0209293667585018,0.02500179588685711
126,30.09.2022,11,2022,True,har,0.0216745286021369,0.0243282631126814
126,03.10.2022,11,2022,True,har,0.0216542150847256,0.023179516862734607
126,04.10.2022,11,2022,True,har,0.0214518924254235,0.02291462954752788
126,05.10.2022,11,2022,True,har,0.0213947589575058,0.02378634772267091
126,06.10.2022,11,2022,True,har,0.021387576732684,0.02243331784245131
126,07.10.2022,11,2022,True,har,0.0211846792641429,0.022097081368578485
126,10.10.2022,11,2022,True,har,0.0212124337392789,0.02240422767808453
126,11.10.2022,11,2022,True,har,0.021177503307816,0.022712455874372196
126,12.10.2022,11,2022,True,har,0.0211106008764467,0.02301907265142832
126,13.10.2022,11,2022,True,har,0.0210644411947212,0.023173774139395014
126,14.10.2022,11,2022,True,har,0.0208832146740866,0.023108131879849995
126,17.10.2022,11,2022,True,har,0.0209518996939296,0.023212678725978375
126,18.10.2022,11,2022,True,har,0.0210067023050376,0.02259952361955217
126,19.10.2022,11,2022,True,har,0.0208790718920236,0.02295514523404438
126,20.10.2022,11,2022,True,har,0.0209162324785699,0.023545464530703636
126,21.10.2022,11,2022,True,har,0.0209842536212052,0.0228067689572061
126,24.10.2022,11,2022,True,har,0.0212513567055234,0.02189228018838394
126,25.10.2022,11,2022,True,har,0.0212673705956396,0.02143870483058634
126,26.10.2022,11,2022,True,har,0.021205235285525,0.02098496366736119
126,27.10.2022,11,2022,True,har,0.021164699830965,0.021092612450573468
126,28.10.2022,11,2022,True,har,0.0216088034507285,0.020821415141676302
126,31.10.2022,11,2022,True,har,0.0218699360122511,0.021112459504754048
126,01.11.2022,11,2022,True,har,0.0218735971171897,0.021199402462452978
126,02.11.2022,11,2022,True,har,0.0221055118943229,0.020709390749843546
126,03.11.2022,11,2022,True,har,0.0221771665536244,0.020833634498058223
126,04.11.2022,11,2022,True,har,0.0218643013074062,0.020868862011679395
126,07.11.2022,11,2022,True,har,0.0218842717916262,0.022125472434926605
126,08.11.2022,11,2022,True,har,0.0218265416431699,0.021303409470482766
126,09.11.2022,11,2022,True,har,0.0217076112394107,0.022113864097811107
126,10.11.2022,11,2022,True,har,0.0217247137576215,0.022421442837624993
126,11.11.2022,11,2022,True,har,0.0215978629785814,0.021948785768048727
126,14.11.2022,11,2022,True,har,0.0216014651349424,0.021673060648731476
126,15.11.2022,11,2022,True,har,0.0216157464262414,0.022333910889310422
126,16.11.2022,11,2022,True,har,0.0216013546783169,0.021703839134778913
126,17.11.2022,11,2022,True,har,0.021416737912839,0.02134967808089573
126,18.11.2022,11,2022,True,har,0.0213446330004719,0.022451697379812653
126,21.11.2022,11,2022,True,har,0.0214234054087854,0.021864159503800204
126,22.11.2022,11,2022,True,har,0.0215266396251325,0.021398461644568736
126,23.11.2022,11,2022,True,har,0.0213426183387463,0.021671263520382143
126,25.11.2022,11,2022,True,har,0.0216341366397449,0.02235108608451563
126,28.11.2022,11,2022,True,har,0.0216531594647254,0.02190315259082269
126,29.11.2022,11,2022,True,har,0.0217507482689717,0.021534903082954526
126,30.11.2022,11,2022,True,har,0.0217113948111339,0.021473121917316144
126,01.12.2022,11,2022,True,har,0.0216665341610931,0.022799469759622493
126,02.12.2022,11,2022,True,har,0.0216328597060199,0.022320438661131054
126,05.12.2022,11,2022,True,har,0.0214392193951431,0.02217359257482764
126,06.12.2022,11,2022,True,har,0.0211581711492066,0.022513215778037426
126,07.12.2022,11,2022,True,har,0.0210581614605448,0.02335612105921251
126,08.12.2022,11,2022,True,har,0.0213268022451138,0.022604007607655706
126,09.12.2022,11,2022,True,har,0.0215407648741624,0.021507663649289646
126,12.12.2022,11,2022,True,har,0.0214643747973542,0.02140683518773303
126,13.12.2022,11,2022,True,har,0.021455186692047,0.02245573906633954
126,14.12.2022,11,2022,True,har,0.0213668371261351,0.023133110171375273
126,15.12.2022,11,2022,True,har,0.0213230390546186,0.02282691303386038
126,16.12.2022,11,2022,True,har,0.021238871000821,0.022841133768363893
126,19.12.2022,11,2022,True,har,0.0215052413619191,0.023328102590007768
126,20.12.2022,11,2022,True,har,0.0215056201723879,0.02284075491381235
126,21.12.2022,11,2022,True,har,0.0213645608800274,0.022356921037957854
126,22.12.2022,11,2022,True,har,0.0214476627222567,0.0231482084828924
126,23.12.2022,11,2022,True,har,0.0213152293194556,0.022611282965070464
126,27.12.2022,11,2022,True,har,0.0213137882311634,0.02325955291284599
126,28.12.2022,11,2022,True,har,0.0213007557531426,0.022653609484264706
126,29.12.2022,11,2022,True,har,0.0212780676170751,0.023026697377336418
126,30.12.2022,11,2022,True,har,0.021048555763095,0.022687997484968383
126,03.01.2022,11,2022,True,har_ovx,0.0328461622498707,0.022195865739463
126,04.01.2022,11,2022,True,har_ovx,0.0329942627096103,0.021397704068052355
126,05.01.2022,11,2022,True,har_ovx,0.0330364503233883,0.02140565076296506
126,06.01.2022,11,2022,True,har_ovx,0.0330179401779777,0.02192980395753922
126,07.01.2022,11,2022,True,har_ovx,0.0336995413634938,0.020982350399492054
126,10.01.2022,11,2022,True,har_ovx,0.0336812804032398,0.020515406694914567
126,11.01.2022,11,2022,True,har_ovx,0.0335552168134612,0.02085464975260042
126,12.01.2022,11,2022,True,har_ovx,0.0335874370783618,0.020999869036976804
126,13.01.2022,11,2022,True,har_ovx,0.0338550244316469,0.020752731030068406
126,14.01.2022,11,2022,True,har_ovx,0.033829614497597,0.021067592318484745
126,18.01.2022,11,2022,True,har_ovx,0.0338066964786511,0.02178132591747309
126,19.01.2022,11,2022,True,har_ovx,0.0339065166209731,0.02159919005138963
126,20.01.2022,11,2022,True,har_ovx,0.0339129400960524,0.021092848302993964
126,21.01.2022,11,2022,True,har_ovx,0.0339430125371272,0.020719950711158515
126,24.01.2022,11,2022,True,har_ovx,0.0339042796949252,0.02102319824878992
126,25.01.2022,11,2022,True,har_ovx,0.0338991467432075,0.02209760273250096
126,26.01.2022,11,2022,True,har_ovx,0.0338609366539043,0.02216321298160627
126,27.01.2022,11,2022,True,har_ovx,0.033925802192561,0.021987103512147946
126,28.01.2022,11,2022,True,har_ovx,0.0349983733525793,0.022098296299794352
126,31.01.2022,11,2022,True,har_ovx,0.0349834058999987,0.022196877924786293
126,01.02.2022,11,2022,True,har_ovx,0.035092765457506,0.021119500383794874
126,02.02.2022,11,2022,True,har_ovx,0.035183570131687,0.021476414506508515
126,03.02.2022,11,2022,True,har_ovx,0.035154994418948,0.021252903756421453
126,04.02.2022,11,2022,True,har_ovx,0.0351300086421561,0.021526267607250637
126,07.02.2022,11,2022,True,har_ovx,0.0351268108309671,0.021950028999212355
126,08.02.2022,11,2022,True,har_ovx,0.0350886930778386,0.021752045303946532
126,09.02.2022,11,2022,True,har_ovx,0.0351354580412287,0.021672612010723583
126,10.02.2022,11,2022,True,har_ovx,0.0351615107140696,0.021120371614653927
126,11.02.2022,11,2022,True,har_ovx,0.0351584300101813,0.021590182918624207
126,14.02.2022,11,2022,True,har_ovx,0.035203430867733,0.022660500241694706
126,15.02.2022,11,2022,True,har_ovx,0.0350982693264962,0.022793039337473554
126,16.02.2022,11,2022,True,har_ovx,0.0351766093129213,0.0232866101856648
126,17.02.2022,11,2022,True,har_ovx,0.0351320132030049,0.02330416706990246
126,18.02.2022,11,2022,True,har_ovx,0.035129009753637,0.024037417435987803
126,22.02.2022,11,2022,True,har_ovx,0.0351566250548576,0.023567998241009774
126,23.02.2022,11,2022,True,har_ovx,0.0351671350598068,0.023782503294694845
126,24.02.2022,11,2022,True,har_ovx,0.0351493917040409,0.023186817683660883
126,25.02.2022,11,2022,True,har_ovx,0.0351639106487345,0.023250828250562905
126,28.02.2022,11,2022,True,har_ovx,0.0352357214869483,0.023136586244138828
126,01.03.2022,11,2022,True,har_ovx,0.0354275475345878,0.02389985692155268
126,02.03.2022,11,2022,True,har_ovx,0.0348945836598397,0.025387627716484493
126,03.03.2022,11,2022,True,har_ovx,0.035050918558814,0.02651444869055396
126,04.03.2022,11,2022,True,har_ovx,0.0345182984121376,0.026892637603148823
126,07.03.2022,11,2022,True,har_ovx,0.034289665324616,0.029393938271457615
126,08.03.2022,11,2022,True,har_ovx,0.0343985831120525,0.02946549554387565
126,09.03.2022,11,2022,True,har_ovx,0.0321122305483058,0.029014599032639136
126,10.03.2022,11,2022,True,har_ovx,0.0323045905297404,0.033410562454103565
126,11.03.2022,11,2022,True,har_ovx,0.0322054172106455,0.031498460636940145
126,14.03.2022,11,2022,True,har_ovx,0.0318840709928499,0.03149805245135303
126,15.03.2022,11,2022,True,har_ovx,0.031333226185301,0.03140973177755935
126,16.03.2022,11,2022,True,har_ovx,0.0314429449479754,0.03127608967536724
126,17.03.2022,11,2022,True,har_ovx,0.0305110090021669,0.029206184073448143
126,18.03.2022,11,2022,True,har_ovx,0.0304970275934656,0.03230551298697516
126,21.03.2022,11,2022,True,har_ovx,0.0298638621121033,0.03169825108713013
126,22.03.2022,11,2022,True,har_ovx,0.0298699653798466,0.03276107051195967
126,23.03.2022,11,2022,True,har_ovx,0.0294910436464554,0.03127167330216308
126,24.03.2022,11,2022,True,har_ovx,0.0297331010708738,0.03191973089811626
126,25.03.2022,11,2022,True,har_ovx,0.0297618104983222,0.03125297099575173
126,28.03.2022,11,2022,True,har_ovx,0.0292513718077733,0.031118756958620056
126,29.03.2022,11,2022,True,har_ovx,0.0293886498606125,0.032008940460987664
126,30.03.2022,11,2022,True,har_ovx,0.0292685316818862,0.03090379882734111
126,31.03.2022,11,2022,True,har_ovx,0.0289508341019002,0.030256297069241274
126,01.04.2022,11,2022,True,har_ovx,0.0288303140874426,0.030242820573458076
126,04.04.2022,11,2022,True,har_ovx,0.0288564703600989,0.029224751313757322
126,05.04.2022,11,2022,True,har_ovx,0.0288948223087713,0.02908617507687968
126,06.04.2022,11,2022,True,har_ovx,0.0285257031898755,0.028667471770120686
126,07.04.2022,11,2022,True,har_ovx,0.0287119095737146,0.02784794856213876
126,08.04.2022,11,2022,True,har_ovx,0.0286868807167811,0.027418555230766545
126,11.04.2022,11,2022,True,har_ovx,0.0284897916383113,0.027431977259658447
126,12.04.2022,11,2022,True,har_ovx,0.0280084298381889,0.027704309461380236
126,13.04.2022,11,2022,True,har_ovx,0.0278616173636607,0.028507473417191814
126,14.04.2022,11,2022,True,har_ovx,0.0278816982433876,0.027547905859668497
126,18.04.2022,11,2022,True,har_ovx,0.0278513886053008,0.02719483408616851
126,19.04.2022,11,2022,True,har_ovx,0.0274958085434394,0.026746412879745926
126,20.04.2022,11,2022,True,har_ovx,0.0276032531546807,0.027032815817766096
126,21.04.2022,11,2022,True,har_ovx,0.0275688410383833,0.026557271976825416
126,22.04.2022,11,2022,True,har_ovx,0.027563738814054,0.025898747320646856
126,25.04.2022,11,2022,True,har_ovx,0.0273244063318994,0.025930716461546172
126,26.04.2022,11,2022,True,har_ovx,0.0272226481915866,0.026463909717729474
126,27.04.2022,11,2022,True,har_ovx,0.0273032816671641,0.026071144077410503
126,28.04.2022,11,2022,True,har_ovx,0.0272602043086221,0.02581925512741865
126,29.04.2022,11,2022,True,har_ovx,0.0272365260631908,0.025800059820716665
126,02.05.2022,11,2022,True,har_ovx,0.0272140504575492,0.025678110137072524
126,03.05.2022,11,2022,True,har_ovx,0.0271318667975298,0.02533266636636326
126,04.05.2022,11,2022,True,har_ovx,0.0268171727712527,0.025481568841900937
126,05.05.2022,11,2022,True,har_ovx,0.0268386585271802,0.026176659770708915
126,06.05.2022,11,2022,True,har_ovx,0.027063315529413,0.02564047405065217
126,09.05.2022,11,2022,True,har_ovx,0.0265617846593607,0.025701799301757082
126,10.05.2022,11,2022,True,har_ovx,0.0265006443772661,0.027382800208113404
126,11.05.2022,11,2022,True,har_ovx,0.0262552553004382,0.026872030936467856
126,12.05.2022,11,2022,True,har_ovx,0.0262774416124957,0.026512155422974252
126,13.05.2022,11,2022,True,har_ovx,0.0261502822733319,0.0258022943582085
126,16.05.2022,11,2022,True,har_ovx,0.0261791497500867,0.026171790737272094
126,17.05.2022,11,2022,True,har_ovx,0.0261373878475612,0.025683616251602162
126,18.05.2022,11,2022,True,har_ovx,0.0260612552338165,0.024981623580511633
126,19.05.2022,11,2022,True,har_ovx,0.0260999938347386,0.025294173163656963
126,20.05.2022,11,2022,True,har_ovx,0.0261710427046353,0.025323234846251663
126,23.05.2022,11,2022,True,har_ovx,0.0261565829739671,0.024838197256860955
126,24.05.2022,11,2022,True,har_ovx,0.0261783846386198,0.024240841895657082
126,25.05.2022,11,2022,True,har_ovx,0.0263266008135532,0.023805300710629095
126,26.05.2022,11,2022,True,har_ovx,0.026226903491181,0.02346724325882528
126,27.05.2022,11,2022,True,har_ovx,0.0261672386219336,0.02368155981042696
126,31.05.2022,11,2022,True,har_ovx,0.0260187453610275,0.02383383756574472
126,01.06.2022,11,2022,True,har_ovx,0.0257517520756101,0.024262702122685383
126,02.06.2022,11,2022,True,har_ovx,0.0257801246196223,0.025565272203825068
126,03.06.2022,11,2022,True,har_ovx,0.0257409176001181,0.024775062578857802
126,06.06.2022,11,2022,True,har_ovx,0.0258950899151605,0.024584888625972835
126,07.06.2022,11,2022,True,har_ovx,0.0260951519596806,0.024625192610052398
126,08.06.2022,11,2022,True,har_ovx,0.0260640766635484,0.02378868435959472
126,09.06.2022,11,2022,True,har_ovx,0.0260779972024879,0.02278407429651104
126,10.06.2022,11,2022,True,har_ovx,0.0260758505548554,0.02240471031213545
126,13.06.2022,11,2022,True,har_ovx,0.0261923558440211,0.02238163424190772
126,14.06.2022,11,2022,True,har_ovx,0.0263992506553393,0.022782391965351017
126,15.06.2022,11,2022,True,har_ovx,0.0264604333874061,0.022717147630015262
126,16.06.2022,11,2022,True,har_ovx,0.0264662806257415,0.022715045392102076
126,17.06.2022,11,2022,True,har_ovx,0.0261029209098568,0.022508971412739897
126,21.06.2022,11,2022,True,har_ovx,0.0260859007703074,0.024354828315328744
126,22.06.2022,11,2022,True,har_ovx,0.0260091145537961,0.02369822793245992
126,23.06.2022,11,2022,True,har_ovx,0.0261198621045042,0.024243199848591496
126,24.06.2022,11,2022,True,har_ovx,0.026005607495094,0.02411056044764014
126,27.06.2022,11,2022,True,har_ovx,0.0261694538732079,0.024278820117522047
126,28.06.2022,11,2022,True,har_ovx,0.0260631019538887,0.02369784327382795
126,29.06.2022,11,2022,True,har_ovx,0.0260565883141399,0.023825161623062745
126,30.06.2022,11,2022,True,har_ovx,0.0260552012267548,0.02377754076269364
126,01.07.2022,11,2022,True,har_ovx,0.0262743854789421,0.023372414798907497
126,05.07.2022,11,2022,True,har_ovx,0.0255587324080871,0.02374667972190997
126,06.07.2022,11,2022,True,har_ovx,0.0259154724140479,0.026063071898927957
126,07.07.2022,11,2022,True,har_ovx,0.0256845584776685,0.0254100294396062
126,08.07.2022,11,2022,True,har_ovx,0.0255890762307542,0.02609391617057511
126,11.07.2022,11,2022,True,har_ovx,0.0256277823228612,0.02599018379631463
126,12.07.2022,11,2022,True,har_ovx,0.0248225792077436,0.025918456663917202
126,13.07.2022,11,2022,True,har_ovx,0.0249984237754594,0.027091128934893658
126,14.07.2022,11,2022,True,har_ovx,0.0250467784026951,0.026032548140135045
126,15.07.2022,11,2022,True,har_ovx,0.0250115029586098,0.0259993577752115
126,18.07.2022,11,2022,True,har_ovx,0.0246084799964745,0.02602906702660552
126,19.07.2022,11,2022,True,har_ovx,0.0245993757365832,0.02664085015038974
126,20.07.2022,11,2022,True,har_ovx,0.0246379772070649,0.024977064041029336
126,21.07.2022,11,2022,True,har_ovx,0.0245703059874566,0.02476110654036292
126,22.07.2022,11,2022,True,har_ovx,0.024575681906732,0.025752182824800355
126,25.07.2022,11,2022,True,har_ovx,0.0245900565552553,0.025083542412968285
126,26.07.2022,11,2022,True,har_ovx,0.0245852872184625,0.024755582319725033
126,27.07.2022,11,2022,True,har_ovx,0.0245498234843748,0.024532135246412533
126,28.07.2022,11,2022,True,har_ovx,0.0245525549839626,0.024946253029166775
126,29.07.2022,11,2022,True,har_ovx,0.0244785763154744,0.02426468918425971
126,01.08.2022,11,2022,True,har_ovx,0.0230105788239709,0.024422503765352276
126,02.08.2022,11,2022,True,har_ovx,0.0230612359803982,0.027661511380545796
126,03.08.2022,11,2022,True,har_ovx,0.0228343249288321,0.02665888488983291
126,04.08.2022,11,2022,True,har_ovx,0.0228310336797828,0.026640727650182813
126,05.08.2022,11,2022,True,har_ovx,0.022850361632584,0.02703933054481171
126,08.08.2022,11,2022,True,har_ovx,0.0229872968455093,0.025758836126844833
126,09.08.2022,11,2022,True,har_ovx,0.023040406404869,0.024914094045992156
126,10.08.2022,11,2022,True,har_ovx,0.0230201408538348,0.02420940260561073
126,11.08.2022,11,2022,True,har_ovx,0.0230183912982525,0.02412189016363915
126,12.08.2022,11,2022,True,har_ovx,0.0229884682544504,0.023805778527490815
126,15.08.2022,11,2022,True,har_ovx,0.022845773925653,0.02373241523830082
126,16.08.2022,11,2022,True,har_ovx,0.0227013322154002,0.02423733775054475
126,17.08.2022,11,2022,True,har_ovx,0.0226636267399143,0.024855808428933097
126,18.08.2022,11,2022,True,har_ovx,0.0225897491217888,0.02496510356381274
126,19.08.2022,11,2022,True,har_ovx,0.0225891756552733,0.024745057891175426
126,22.08.2022,11,2022,True,har_ovx,0.0227335771280167,0.024861228038803102
126,23.08.2022,11,2022,True,har_ovx,0.0225374244854415,0.02466411248224567
126,24.08.2022,11,2022,True,har_ovx,0.0225442249467869,0.02455896203678887
126,25.08.2022,11,2022,True,har_ovx,0.0225003476737344,0.024399162910912334
126,26.08.2022,11,2022,True,har_ovx,0.0225058410396157,0.024670998699325222
126,29.08.2022,11,2022,True,har_ovx,0.0222068940819413,0.024375150453921295
126,30.08.2022,11,2022,True,har_ovx,0.0216621054122705,0.0238734102445431
126,31.08.2022,11,2022,True,har_ovx,0.0215549666079725,0.025248328293654407
126,01.09.2022,11,2022,True,har_ovx,0.021213332639367,0.02527354144569533
126,02.09.2022,11,2022,True,har_ovx,0.021411143816937,0.02591237079860228
126,06.09.2022,11,2022,True,har_ovx,0.0214192677255438,0.02551166848083109
126,07.09.2022,11,2022,True,har_ovx,0.0209235285557448,0.024410108072613176
126,08.09.2022,11,2022,True,har_ovx,0.0209317226817899,0.02560307618895082
126,09.09.2022,11,2022,True,har_ovx,0.0207106037645868,0.025132330498401943
126,12.09.2022,11,2022,True,har_ovx,0.0209914210004688,0.025343209290265574
126,13.09.2022,11,2022,True,har_ovx,0.0214175469013234,0.02446885433630772
126,14.09.2022,11,2022,True,har_ovx,0.021436263097162,0.024444113665510494
126,15.09.2022,11,2022,True,har_ovx,0.0213142757216949,0.023811214051387822
126,16.09.2022,11,2022,True,har_ovx,0.0213354105400921,0.024696733311202618
126,19.09.2022,11,2022,True,har_ovx,0.021413070738843,0.02409564073670984
126,20.09.2022,11,2022,True,har_ovx,0.0214490957339325,0.023988795017374772
126,21.09.2022,11,2022,True,har_ovx,0.0214535592612728,0.024303548852750198
126,22.09.2022,11,2022,True,har_ovx,0.0214620705130511,0.024013430622256145
126,23.09.2022,11,2022,True,har_ovx,0.0213672059873734,0.023511059920849276
126,26.09.2022,11,2022,True,har_ovx,0.0212702814190392,0.025078654136604085
126,27.09.2022,11,2022,True,har_ovx,0.0211399227065261,0.02552742858365285
126,28.09.2022,11,2022,True,har_ovx,0.0209331808521474,0.02560082862965147
126,29.09.2022,11,2022,True,har_ovx,0.0209293667585018,0.0257301023175801
126,30.09.2022,11,2022,True,har_ovx,0.0216745286021369,0.025336256917660865
126,03.10.2022,11,2022,True,har_ovx,0.0216542150847256,0.02489275700105046
126,04.10.2022,11,2022,True,har_ovx,0.0214518924254235,0.024792795913355287
126,05.10.2022,11,2022,True,har_ovx,0.0213947589575058,0.025651265893499704
126,06.10.2022,11,2022,True,har_ovx,0.021387576732684,0.024273868124309053
126,07.10.2022,11,2022,True,har_ovx,0.0211846792641429,0.023979138687937333
126,10.10.2022,11,2022,True,har_ovx,0.0212124337392789,0.02413860278705158
126,11.10.2022,11,2022,True,har_ovx,0.021177503307816,0.024063984715808923
126,12.10.2022,11,2022,True,har_ovx,0.0211106008764467,0.024295642067998446
126,13.10.2022,11,2022,True,har_ovx,0.0210644411947212,0.024322897522713317
126,14.10.2022,11,2022,True,har_ovx,0.0208832146740866,0.024174106319819436
126,17.10.2022,11,2022,True,har_ovx,0.0209518996939296,0.024134965298151578
126,18.10.2022,11,2022,True,har_ovx,0.0210067023050376,0.023854670761822287
126,19.10.2022,11,2022,True,har_ovx,0.0208790718920236,0.023858916111003353
126,20.10.2022,11,2022,True,har_ovx,0.0209162324785699,0.02398371485617019
126,21.10.2022,11,2022,True,har_ovx,0.0209842536212052,0.023641474983657065
126,24.10.2022,11,2022,True,har_ovx,0.0212513567055234,0.023062560024824687
126,25.10.2022,11,2022,True,har_ovx,0.0212673705956396,0.0229359117738336
126,26.10.2022,11,2022,True,har_ovx,0.021205235285525,0.02261924694396901
126,27.10.2022,11,2022,True,har_ovx,0.021164699830965,0.022830845208042197
126,28.10.2022,11,2022,True,har_ovx,0.0216088034507285,0.022760484160592374
126,31.10.2022,11,2022,True,har_ovx,0.0218699360122511,0.022764686236597442
126,01.11.2022,11,2022,True,har_ovx,0.0218735971171897,0.02276231215187133
126,02.11.2022,11,2022,True,har_ovx,0.0221055118943229,0.022488176748542227
126,03.11.2022,11,2022,True,har_ovx,0.0221771665536244,0.022621095608912525
126,04.11.2022,11,2022,True,har_ovx,0.0218643013074062,0.02245979263884835
126,07.11.2022,11,2022,True,har_ovx,0.0218842717916262,0.023269263823498004
126,08.11.2022,11,2022,True,har_ovx,0.0218265416431699,0.02256230840524567
126,09.11.2022,11,2022,True,har_ovx,0.0217076112394107,0.02296666558928327
126,10.11.2022,11,2022,True,har_ovx,0.0217247137576215,0.023167579488300664
126,11.11.2022,11,2022,True,har_ovx,0.0215978629785814,0.022697367899943012
126,14.11.2022,11,2022,True,har_ovx,0.0216014651349424,0.022326406217744798
126,15.11.2022,11,2022,True,har_ovx,0.0216157464262414,0.022975031225805437
126,16.11.2022,11,2022,True,har_ovx,0.0216013546783169,0.022989935016851887
126,17.11.2022,11,2022,True,har_ovx,0.021416737912839,0.022576139998317084
126,18.11.2022,11,2022,True,har_ovx,0.0213446330004719,0.023145333553095438
126,21.11.2022,11,2022,True,har_ovx,0.0214234054087854,0.022884224859579555
126,22.11.2022,11,2022,True,har_ovx,0.0215266396251325,0.02282884258420948
126,23.11.2022,11,2022,True,har_ovx,0.0213426183387463,0.022851509941169707
126,25.11.2022,11,2022,True,har_ovx,0.0216341366397449,0.023901264643347023
126,28.11.2022,11,2022,True,har_ovx,0.0216531594647254,0.02348701761275614
126,29.11.2022,11,2022,True,har_ovx,0.0217507482689717,0.023362202154364645
126,30.11.2022,11,2022,True,har_ovx,0.0217113948111339,0.02297760754023916
126,01.12.2022,11,2022,True,har_ovx,0.0216665341610931,0.023404611592823258
126,02.12.2022,11,2022,True,har_ovx,0.0216328597060199,0.023074077566294645
126,05.12.2022,11,2022,True,har_ovx,0.0214392193951431,0.02301105569435171
126,06.12.2022,11,2022,True,har_ovx,0.0211581711492066,0.023185164854816122
126,07.12.2022,11,2022,True,har_ovx,0.0210581614605448,0.023754626563039182
126,08.12.2022,11,2022,True,har_ovx,0.0213268022451138,0.023548015126731645
126,09.12.2022,11,2022,True,har_ovx,0.0215407648741624,0.022844649187569357
126,12.12.2022,11,2022,True,har_ovx,0.0214643747973542,0.02280547615820102
126,13.12.2022,11,2022,True,har_ovx,0.021455186692047,0.02310479637264154
126,14.12.2022,11,2022,True,har_ovx,0.0213668371261351,0.023200156381757604
126,15.12.2022,11,2022,True,har_ovx,0.0213230390546186,0.022795827930224492
126,16.12.2022,11,2022,True,har_ovx,0.021238871000821,0.02307385686017381
126,19.12.2022,11,2022,True,har_ovx,0.0215052413619191,0.02316415546043874
126,20.12.2022,11,2022,True,har_ovx,0.0215056201723879,0.022951262232594395
126,21.12.2022,11,2022,True,har_ovx,0.0213645608800274,0.022585932267861125
126,22.12.2022,11,2022,True,har_ovx,0.0214476627222567,0.02287383235966751
126,23.12.2022,11,2022,True,har_ovx,0.0213152293194556,0.022705909029962223
126,27.12.2022,11,2022,True,har_ovx,0.0213137882311634,0.02291373815056013
126,28.12.2022,11,2022,True,har_ovx,0.0213007557531426,0.022949669128741447
126,29.12.2022,11,2022,True,har_ovx,0.0212780676170751,0.02320575320976501
126,30.12.2022,11,2022,True,har_ovx,0.021048555763095,0.022851958896811242
126,03.01.2022,11,2022,True,har_gpr,0.0328461622498707,0.02216941253702398
126,04.01.2022,11,2022,True,har_gpr,0.0329942627096103,0.02147883626298597
126,05.01.2022,11,2022,True,har_gpr,0.0330364503233883,0.020906961610487888
126,06.01.2022,11,2022,True,har_gpr,0.0330179401779777,0.020555602486748276
126,07.01.2022,11,2022,True,har_gpr,0.0336995413634938,0.02074041118313435
126,10.01.2022,11,2022,True,har_gpr,0.0336812804032398,0.019835325068264464
126,11.01.2022,11,2022,True,har_gpr,0.0335552168134612,0.02068023956189337
126,12.01.2022,11,2022,True,har_gpr,0.0335874370783618,0.021855193647238425
126,13.01.2022,11,2022,True,har_gpr,0.0338550244316469,0.021285699699760758
126,14.01.2022,11,2022,True,har_gpr,0.033829614497597,0.021155225206293603
126,18.01.2022,11,2022,True,har_gpr,0.0338066964786511,0.021510789230756226
126,19.01.2022,11,2022,True,har_gpr,0.0339065166209731,0.021378017302674336
126,20.01.2022,11,2022,True,har_gpr,0.0339129400960524,0.02024508502951286
126,21.01.2022,11,2022,True,har_gpr,0.0339430125371272,0.019872104445668063
126,24.01.2022,11,2022,True,har_gpr,0.0339042796949252,0.020092856976679507
126,25.01.2022,11,2022,True,har_gpr,0.0338991467432075,0.021202976460114112
126,26.01.2022,11,2022,True,har_gpr,0.0338609366539043,0.02137282777981264
126,27.01.2022,11,2022,True,har_gpr,0.033925802192561,0.02153101938718887
126,28.01.2022,11,2022,True,har_gpr,0.0349983733525793,0.021392419980358658
126,31.01.2022,11,2022,True,har_gpr,0.0349834058999987,0.021368294197133483
126,01.02.2022,11,2022,True,har_gpr,0.035092765457506,0.02069226191652867
126,02.02.2022,11,2022,True,har_gpr,0.035183570131687,0.02166333144905272
126,03.02.2022,11,2022,True,har_gpr,0.035154994418948,0.021069866876744614
126,04.02.2022,11,2022,True,har_gpr,0.0351300086421561,0.021546059993308643
126,07.02.2022,11,2022,True,har_gpr,0.0351268108309671,0.02190830937032484
126,08.02.2022,11,2022,True,har_gpr,0.0350886930778386,0.021804260734361123
126,09.02.2022,11,2022,True,har_gpr,0.0351354580412287,0.022265612860261394
126,10.02.2022,11,2022,True,har_gpr,0.0351615107140696,0.021607663973232123
126,11.02.2022,11,2022,True,har_gpr,0.0351584300101813,0.021357243893080774
126,14.02.2022,11,2022,True,har_gpr,0.035203430867733,0.02255077532287734
126,15.02.2022,11,2022,True,har_gpr,0.0350982693264962,0.022233025273217275
126,16.02.2022,11,2022,True,har_gpr,0.0351766093129213,0.023348328864775954
126,17.02.2022,11,2022,True,har_gpr,0.0351320132030049,0.02306909045807942
126,18.02.2022,11,2022,True,har_gpr,0.035129009753637,0.02349713262644102
126,22.02.2022,11,2022,True,har_gpr,0.0351566250548576,0.02290656781404366
126,23.02.2022,11,2022,True,har_gpr,0.0351671350598068,0.02386070724963218
126,24.02.2022,11,2022,True,har_gpr,0.0351493917040409,0.022594015270927467
126,25.02.2022,11,2022,True,har_gpr,0.0351639106487345,0.024554014308039784
126,28.02.2022,11,2022,True,har_gpr,0.0352357214869483,0.02601353617366375
126,01.03.2022,11,2022,True,har_gpr,0.0354275475345878,0.025821482693723398
126,02.03.2022,11,2022,True,har_gpr,0.0348945836598397,0.02713290960885229
126,03.03.2022,11,2022,True,har_gpr,0.035050918558814,0.02913512083001289
126,04.03.2022,11,2022,True,har_gpr,0.0345182984121376,0.026650285444442957
126,07.03.2022,11,2022,True,har_gpr,0.034289665324616,0.028259944886094793
126,08.03.2022,11,2022,True,har_gpr,0.0343985831120525,0.027865407292898395
126,09.03.2022,11,2022,True,har_gpr,0.0321122305483058,0.02691400263109402
126,10.03.2022,11,2022,True,har_gpr,0.0323045905297404,0.0368972672399007
126,11.03.2022,11,2022,True,har_gpr,0.0322054172106455,0.03280716451117635
126,14.03.2022,11,2022,True,har_gpr,0.0318840709928499,0.0343098055215425
126,15.03.2022,11,2022,True,har_gpr,0.031333226185301,0.035836181855948494
126,16.03.2022,11,2022,True,har_gpr,0.0314429449479754,0.03540341886711559
126,17.03.2022,11,2022,True,har_gpr,0.0305110090021669,0.03391084939268195
126,18.03.2022,11,2022,True,har_gpr,0.0304970275934656,0.035934659477288355
126,21.03.2022,11,2022,True,har_gpr,0.0298638621121033,0.0350563135614075
126,22.03.2022,11,2022,True,har_gpr,0.0298699653798466,0.035004797086454695
126,23.03.2022,11,2022,True,har_gpr,0.0294910436464554,0.03335773348473271
126,24.03.2022,11,2022,True,har_gpr,0.0297331010708738,0.034468371431948495
126,25.03.2022,11,2022,True,har_gpr,0.0297618104983222,0.03449545722104117
126,28.03.2022,11,2022,True,har_gpr,0.0292513718077733,0.03382388308090555
126,29.03.2022,11,2022,True,har_gpr,0.0293886498606125,0.03486816211322869
126,30.03.2022,11,2022,True,har_gpr,0.0292685316818862,0.033795286032984644
126,31.03.2022,11,2022,True,har_gpr,0.0289508341019002,0.03296077163473681
126,01.04.2022,11,2022,True,har_gpr,0.0288303140874426,0.03386559429815258
126,04.04.2022,11,2022,True,har_gpr,0.0288564703600989,0.03302307330055503
126,05.04.2022,11,2022,True,har_gpr,0.0288948223087713,0.03279782571824569
126,06.04.2022,11,2022,True,har_gpr,0.0285257031898755,0.032042134485230155
126,07.04.2022,11,2022,True,har_gpr,0.0287119095737146,0.030496264853405494
126,08.04.2022,11,2022,True,har_gpr,0.0286868807167811,0.029291615752540124
126,11.04.2022,11,2022,True,har_gpr,0.0284897916383113,0.029622970343337374
126,12.04.2022,11,2022,True,har_gpr,0.0280084298381889,0.030181174607903358
126,13.04.2022,11,2022,True,har_gpr,0.0278616173636607,0.03145355364545522
126,14.04.2022,11,2022,True,har_gpr,0.0278816982433876,0.030703195314418293
126,18.04.2022,11,2022,True,har_gpr,0.0278513886053008,0.029315722813293248
126,19.04.2022,11,2022,True,har_gpr,0.0274958085434394,0.029069340445274
126,20.04.2022,11,2022,True,har_gpr,0.0276032531546807,0.029789020513862154
126,21.04.2022,11,2022,True,har_gpr,0.0275688410383833,0.028333491589206193
126,22.04.2022,11,2022,True,har_gpr,0.027563738814054,0.027701877676198684
126,25.04.2022,11,2022,True,har_gpr,0.0273244063318994,0.027469657596118715
126,26.04.2022,11,2022,True,har_gpr,0.0272226481915866,0.0280314946975092
126,27.04.2022,11,2022,True,har_gpr,0.0273032816671641,0.026989161604761752
126,28.04.2022,11,2022,True,har_gpr,0.0272602043086221,0.026485575321254257
126,29.04.2022,11,2022,True,har_gpr,0.0272365260631908,0.026847992274522905
126,02.05.2022,11,2022,True,har_gpr,0.0272140504575492,0.026247270381151433
126,03.05.2022,11,2022,True,har_gpr,0.0271318667975298,0.024880776860307676
126,04.05.2022,11,2022,True,har_gpr,0.0268171727712527,0.02517601125900309
126,05.05.2022,11,2022,True,har_gpr,0.0268386585271802,0.026754324187490172
126,06.05.2022,11,2022,True,har_gpr,0.027063315529413,0.025127251799733494
126,09.05.2022,11,2022,True,har_gpr,0.0265617846593607,0.02523783767610608
126,10.05.2022,11,2022,True,har_gpr,0.0265006443772661,0.02798125080224748
126,11.05.2022,11,2022,True,har_gpr,0.0262552553004382,0.027377444846192197
126,12.05.2022,11,2022,True,har_gpr,0.0262774416124957,0.02737712863560878
126,13.05.2022,11,2022,True,har_gpr,0.0261502822733319,0.026038613888952924
126,16.05.2022,11,2022,True,har_gpr,0.0261791497500867,0.02720880727485349
126,17.05.2022,11,2022,True,har_gpr,0.0261373878475612,0.026311205380583725
126,18.05.2022,11,2022,True,har_gpr,0.0260612552338165,0.02534015910630631
126,19.05.2022,11,2022,True,har_gpr,0.0260999938347386,0.025577124304906888
126,20.05.2022,11,2022,True,har_gpr,0.0261710427046353,0.025819298298104563
126,23.05.2022,11,2022,True,har_gpr,0.0261565829739671,0.024991951006621913
126,24.05.2022,11,2022,True,har_gpr,0.0261783846386198,0.024264602224066636
126,25.05.2022,11,2022,True,har_gpr,0.0263266008135532,0.023844850103529686
126,26.05.2022,11,2022,True,har_gpr,0.026226903491181,0.023374933896564018
126,27.05.2022,11,2022,True,har_gpr,0.0261672386219336,0.02404081825798799
126,31.05.2022,11,2022,True,har_gpr,0.0260187453610275,0.02380763428291246
126,01.06.2022,11,2022,True,har_gpr,0.0257517520756101,0.024240408042853736
126,02.06.2022,11,2022,True,har_gpr,0.0257801246196223,0.027001465797445248
126,03.06.2022,11,2022,True,har_gpr,0.0257409176001181,0.025662113830099625
126,06.06.2022,11,2022,True,har_gpr,0.0258950899151605,0.025747632644237243
126,07.06.2022,11,2022,True,har_gpr,0.0260951519596806,0.02539020613977153
126,08.06.2022,11,2022,True,har_gpr,0.0260640766635484,0.024237582685176857
126,09.06.2022,11,2022,True,har_gpr,0.0260779972024879,0.022919663636609692
126,10.06.2022,11,2022,True,har_gpr,0.0260758505548554,0.022183475918146112
126,13.06.2022,11,2022,True,har_gpr,0.0261923558440211,0.022395306015211246
126,14.06.2022,11,2022,True,har_gpr,0.0263992506553393,0.021476339408855995
126,15.06.2022,11,2022,True,har_gpr,0.0264604333874061,0.021591414967327343
126,16.06.2022,11,2022,True,har_gpr,0.0264662806257415,0.021577227816015152
126,17.06.2022,11,2022,True,har_gpr,0.0261029209098568,0.021276298855804107
126,21.06.2022,11,2022,True,har_gpr,0.0260859007703074,0.024140844378906963
126,22.06.2022,11,2022,True,har_gpr,0.0260091145537961,0.0237409690920044
126,23.06.2022,11,2022,True,har_gpr,0.0261198621045042,0.024202993447518625
126,24.06.2022,11,2022,True,har_gpr,0.026005607495094,0.024036422290371322
126,27.06.2022,11,2022,True,har_gpr,0.0261694538732079,0.024785292479704183
126,28.06.2022,11,2022,True,har_gpr,0.0260631019538887,0.023901097682451012
126,29.06.2022,11,2022,True,har_gpr,0.0260565883141399,0.0242615925332191
126,30.06.2022,11,2022,True,har_gpr,0.0260552012267548,0.023638381051236373
126,01.07.2022,11,2022,True,har_gpr,0.0262743854789421,0.022673697343033226
126,05.07.2022,11,2022,True,har_gpr,0.0255587324080871,0.02330109082796396
126,06.07.2022,11,2022,True,har_gpr,0.0259154724140479,0.025945080043909535
126,07.07.2022,11,2022,True,har_gpr,0.0256845584776685,0.024102935494283047
126,08.07.2022,11,2022,True,har_gpr,0.0255890762307542,0.025828438247781055
126,11.07.2022,11,2022,True,har_gpr,0.0256277823228612,0.025733039627283866
126,12.07.2022,11,2022,True,har_gpr,0.0248225792077436,0.026323405222184296
126,13.07.2022,11,2022,True,har_gpr,0.0249984237754594,0.02858864096750965
126,14.07.2022,11,2022,True,har_gpr,0.0250467784026951,0.027057342028371727
126,15.07.2022,11,2022,True,har_gpr,0.0250115029586098,0.026746992484030997
126,18.07.2022,11,2022,True,har_gpr,0.0246084799964745,0.027198270691176443
126,19.07.2022,11,2022,True,har_gpr,0.0245993757365832,0.028408987619765683
126,20.07.2022,11,2022,True,har_gpr,0.0246379772070649,0.025556410049525642
126,21.07.2022,11,2022,True,har_gpr,0.0245703059874566,0.025429237427995768
126,22.07.2022,11,2022,True,har_gpr,0.024575681906732,0.02639507150820623
126,25.07.2022,11,2022,True,har_gpr,0.0245900565552553,0.0258996039509917
126,26.07.2022,11,2022,True,har_gpr,0.0245852872184625,0.026088209940642086
126,27.07.2022,11,2022,True,har_gpr,0.0245498234843748,0.02567059168619467
126,28.07.2022,11,2022,True,har_gpr,0.0245525549839626,0.02614477951543893
126,29.07.2022,11,2022,True,har_gpr,0.0244785763154744,0.025353224604988792
126,01.08.2022,11,2022,True,har_gpr,0.0230105788239709,0.02598667786688328
126,02.08.2022,11,2022,True,har_gpr,0.0230612359803982,0.03088584113386376
126,03.08.2022,11,2022,True,har_gpr,0.0228343249288321,0.0278365376320071
126,04.08.2022,11,2022,True,har_gpr,0.0228310336797828,0.02862339629445014
126,05.08.2022,11,2022,True,har_gpr,0.022850361632584,0.02804297432599597
126,08.08.2022,11,2022,True,har_gpr,0.0229872968455093,0.027236486190974366
126,09.08.2022,11,2022,True,har_gpr,0.023040406404869,0.02685293679039207
126,10.08.2022,11,2022,True,har_gpr,0.0230201408538348,0.025381371566890017
126,11.08.2022,11,2022,True,har_gpr,0.0230183912982525,0.025218748876178827
126,12.08.2022,11,2022,True,har_gpr,0.0229884682544504,0.02506012968018515
126,15.08.2022,11,2022,True,har_gpr,0.022845773925653,0.0251856975308108
126,16.08.2022,11,2022,True,har_gpr,0.0227013322154002,0.02443789019581965
126,17.08.2022,11,2022,True,har_gpr,0.0226636267399143,0.024646782733096305
126,18.08.2022,11,2022,True,har_gpr,0.0225897491217888,0.024482155612847115
126,19.08.2022,11,2022,True,har_gpr,0.0225891756552733,0.025175131076430553
126,22.08.2022,11,2022,True,har_gpr,0.0227335771280167,0.024558001934815724
126,23.08.2022,11,2022,True,har_gpr,0.0225374244854415,0.02475240902893488
126,24.08.2022,11,2022,True,har_gpr,0.0225442249467869,0.025604567325373584
126,25.08.2022,11,2022,True,har_gpr,0.0225003476737344,0.024952930673623717
126,26.08.2022,11,2022,True,har_gpr,0.0225058410396157,0.025352806414814605
126,29.08.2022,11,2022,True,har_gpr,0.0222068940819413,0.02520454908428319
126,30.08.2022,11,2022,True,har_gpr,0.0216621054122705,0.023696129747671386
126,31.08.2022,11,2022,True,har_gpr,0.0215549666079725,0.0258183676298568
126,01.09.2022,11,2022,True,har_gpr,0.021213332639367,0.02514237385155766
126,02.09.2022,11,2022,True,har_gpr,0.021411143816937,0.025135070369630075
126,06.09.2022,11,2022,True,har_gpr,0.0214192677255438,0.024285285167964413
126,07.09.2022,11,2022,True,har_gpr,0.0209235285557448,0.0241971629989202
126,08.09.2022,11,2022,True,har_gpr,0.0209317226817899,0.02584628622867905
126,09.09.2022,11,2022,True,har_gpr,0.0207106037645868,0.02531453471367846
126,12.09.2022,11,2022,True,har_gpr,0.0209914210004688,0.026426828547522825
126,13.09.2022,11,2022,True,har_gpr,0.0214175469013234,0.025382185288596808
126,14.09.2022,11,2022,True,har_gpr,0.021436263097162,0.025124716545344414
126,15.09.2022,11,2022,True,har_gpr,0.0213142757216949,0.023878588265583263
126,16.09.2022,11,2022,True,har_gpr,0.0213354105400921,0.025292471500758376
126,19.09.2022,11,2022,True,har_gpr,0.021413070738843,0.023913644206060364
126,20.09.2022,11,2022,True,har_gpr,0.0214490957339325,0.02452390753900127
126,21.09.2022,11,2022,True,har_gpr,0.0214535592612728,0.02476105415412455
126,22.09.2022,11,2022,True,har_gpr,0.0214620705130511,0.02404702926075729
126,23.09.2022,11,2022,True,har_gpr,0.0213672059873734,0.023559738145499862
126,26.09.2022,11,2022,True,har_gpr,0.0212702814190392,0.025615911203681896
126,27.09.2022,11,2022,True,har_gpr,0.0211399227065261,0.025208521280071193
126,28.09.2022,11,2022,True,har_gpr,0.0209331808521474,0.02543059969782381
126,29.09.2022,11,2022,True,har_gpr,0.0209293667585018,0.02583751055102636
126,30.09.2022,11,2022,True,har_gpr,0.0216745286021369,0.025156862927859742
126,03.10.2022,11,2022,True,har_gpr,0.0216542150847256,0.024020094001068873
126,04.10.2022,11,2022,True,har_gpr,0.0214518924254235,0.023930950694460117
126,05.10.2022,11,2022,True,har_gpr,0.0213947589575058,0.02480770541437594
126,06.10.2022,11,2022,True,har_gpr,0.021387576732684,0.023453004896517273
126,07.10.2022,11,2022,True,har_gpr,0.0211846792641429,0.023120059102126073
126,10.10.2022,11,2022,True,har_gpr,0.0212124337392789,0.023436144206785147
126,11.10.2022,11,2022,True,har_gpr,0.021177503307816,0.023725848652140166
126,12.10.2022,11,2022,True,har_gpr,0.0211106008764467,0.023123003119085966
126,13.10.2022,11,2022,True,har_gpr,0.0210644411947212,0.023276241828045288
126,14.10.2022,11,2022,True,har_gpr,0.0208832146740866,0.023207679139382126
126,17.10.2022,11,2022,True,har_gpr,0.0209518996939296,0.02332506402179174
126,18.10.2022,11,2022,True,har_gpr,0.0210067023050376,0.023053946481135155
126,19.10.2022,11,2022,True,har_gpr,0.0208790718920236,0.023414753041779
126,20.10.2022,11,2022,True,har_gpr,0.0209162324785699,0.02400218379477689
126,21.10.2022,11,2022,True,har_gpr,0.0209842536212052,0.023261427445208732
126,24.10.2022,11,2022,True,har_gpr,0.0212513567055234,0.022355478719692935
126,25.10.2022,11,2022,True,har_gpr,0.0212673705956396,0.021882676391023297
126,26.10.2022,11,2022,True,har_gpr,0.021205235285525,0.021435358916410133
126,27.10.2022,11,2022,True,har_gpr,0.021164699830965,0.021549539770530098
126,28.10.2022,11,2022,True,har_gpr,0.0216088034507285,0.02127651066523384
126,31.10.2022,11,2022,True,har_gpr,0.0218699360122511,0.02156189243972288
126,01.11.2022,11,2022,True,har_gpr,0.0218735971171897,0.021024276957993058
126,02.11.2022,11,2022,True,har_gpr,0.0221055118943229,0.020530682945744023
126,03.11.2022,11,2022,True,har_gpr,0.0221771665536244,0.020661960930286175
126,04.11.2022,11,2022,True,har_gpr,0.0218643013074062,0.020697916575128848
126,07.11.2022,11,2022,True,har_gpr,0.0218842717916262,0.021946667064736698
126,08.11.2022,11,2022,True,har_gpr,0.0218265416431699,0.021976007518783338
126,09.11.2022,11,2022,True,har_gpr,0.0217076112394107,0.022785495741333765
126,10.11.2022,11,2022,True,har_gpr,0.0217247137576215,0.023092149426525297
126,11.11.2022,11,2022,True,har_gpr,0.0215978629785814,0.022613299978801137
126,14.11.2022,11,2022,True,har_gpr,0.0216014651349424,0.022348771734066474
126,15.11.2022,11,2022,True,har_gpr,0.0216157464262414,0.022488772672925764
126,16.11.2022,11,2022,True,har_gpr,0.0216013546783169,0.021853624846695976
126,17.11.2022,11,2022,True,har_gpr,0.021416737912839,0.021505025632867537
126,18.11.2022,11,2022,True,har_gpr,0.0213446330004719,0.022609358982286647
126,21.11.2022,11,2022,True,har_gpr,0.0214234054087854,0.022031237020645265
126,22.11.2022,11,2022,True,har_gpr,0.0215266396251325,0.022178116796328678
126,23.11.2022,11,2022,True,har_gpr,0.0213426183387463,0.022452142477469107
126,25.11.2022,11,2022,True,har_gpr,0.0216341366397449,0.02313488473664217
126,28.11.2022,11,2022,True,har_gpr,0.0216531594647254,0.022686198589560287
126,29.11.2022,11,2022,True,har_gpr,0.0217507482689717,0.02241394008545344
126,30.11.2022,11,2022,True,har_gpr,0.0217113948111339,0.022351266213946126
126,01.12.2022,11,2022,True,har_gpr,0.0216665341610931,0.02367693626441776
126,02.12.2022,11,2022,True,har_gpr,0.0216328597060199,0.022984661838754222
126,05.12.2022,11,2022,True,har_gpr,0.0214392193951431,0.022839951014777177
126,06.12.2022,11,2022,True,har_gpr,0.0211581711492066,0.022581447332116204
126,07.12.2022,11,2022,True,har_gpr,0.0210581614605448,0.023418813144105318
126,08.12.2022,11,2022,True,har_gpr,0.0213268022451138,0.022674846412459503
126,09.12.2022,11,2022,True,har_gpr,0.0215407648741624,0.021590229502070804
126,12.12.2022,11,2022,True,har_gpr,0.0214643747973542,0.02147912600883875
126,13.12.2022,11,2022,True,har_gpr,0.021455186692047,0.022357361885770224
126,14.12.2022,11,2022,True,har_gpr,0.0213668371261351,0.023038193077192338
126,15.12.2022,11,2022,True,har_gpr,0.0213230390546186,0.02273900376349513
126,16.12.2022,11,2022,True,har_gpr,0.021238871000821,0.022749043243689513
126,19.12.2022,11,2022,True,har_gpr,0.0215052413619191,0.02322858905094821
126,20.12.2022,11,2022,True,har_gpr,0.0215056201723879,0.022633014309892317
126,21.12.2022,11,2022,True,har_gpr,0.0213645608800274,0.022155492416689463
126,22.12.2022,11,2022,True,har_gpr,0.0214476627222567,0.02295312337592438
126,23.12.2022,11,2022,True,har_gpr,0.0213152293194556,0.022412891483533034
126,27.12.2022,11,2022,True,har_gpr,0.0213137882311634,0.023069376224457004
126,28.12.2022,11,2022,True,har_gpr,0.0213007557531426,0.022722272781340248
126,29.12.2022,11,2022,True,har_gpr,0.0212780676170751,0.023093855817402406
126,30.12.2022,11,2022,True,har_gpr,0.021048555763095,0.02275651686754404
126,03.01.2022,11,2022,True,har_x,0.0328461622498707,0.023022048733837897
126,04.01.2022,11,2022,True,har_x,0.0329942627096103,0.021570669713626464
126,05.01.2022,11,2022,True,har_x,0.0330364503233883,0.02159003145810177
126,06.01.2022,11,2022,True,har_x,0.0330179401779777,0.022138007200142893
126,07.01.2022,11,2022,True,har_x,0.0336995413634938,0.02115561600962
126,10.01.2022,11,2022,True,har_x,0.0336812804032398,0.02071084636381063
126,11.01.2022,11,2022,True,har_x,0.0335552168134612,0.021717143991439543
126,12.01.2022,11,2022,True,har_x,0.0335874370783618,0.02182917277440751
126,13.01.2022,11,2022,True,har_x,0.0338550244316469,0.021580955024144626
126,14.01.2022,11,2022,True,har_x,0.033829614497597,0.02190538740664338
126,18.01.2022,11,2022,True,har_x,0.0338066964786511,0.022638381459880813
126,19.01.2022,11,2022,True,har_x,0.0339065166209731,0.02303597004906977
126,20.01.2022,11,2022,True,har_x,0.0339129400960524,0.022552919082893162
126,21.01.2022,11,2022,True,har_x,0.0339430125371272,0.022170755063129852
126,24.01.2022,11,2022,True,har_x,0.0339042796949252,0.022477321041569385
126,25.01.2022,11,2022,True,har_x,0.0338991467432075,0.024177924259840018
126,26.01.2022,11,2022,True,har_x,0.0338609366539043,0.024238321065818802
126,27.01.2022,11,2022,True,har_x,0.033925802192561,0.024047448440106305
126,28.01.2022,11,2022,True,har_x,0.0349983733525793,0.024160096938477375
126,31.01.2022,11,2022,True,har_x,0.0349834058999987,0.024263805296664817
126,01.02.2022,11,2022,True,har_x,0.035092765457506,0.022980399239701983
126,02.02.2022,11,2022,True,har_x,0.035183570131687,0.02331381442819336
126,03.02.2022,11,2022,True,har_x,0.035154994418948,0.023099048809088495
126,04.02.2022,11,2022,True,har_x,0.0351300086421561,0.023369525868201065
126,07.02.2022,11,2022,True,har_x,0.0351268108309671,0.023793646109183903
126,08.02.2022,11,2022,True,har_x,0.0350886930778386,0.02396719368946438
126,09.02.2022,11,2022,True,har_x,0.0351354580412287,0.023879819797448743
126,10.02.2022,11,2022,True,har_x,0.0351615107140696,0.023322371566864064
126,11.02.2022,11,2022,True,har_x,0.0351584300101813,0.023815257440714097
126,14.02.2022,11,2022,True,har_x,0.035203430867733,0.02489136265195103
126,15.02.2022,11,2022,True,har_x,0.0350982693264962,0.024822212628874206
126,16.02.2022,11,2022,True,har_x,0.0351766093129213,0.025295510775797732
126,17.02.2022,11,2022,True,har_x,0.0351320132030049,0.02531388718862853
126,18.02.2022,11,2022,True,har_x,0.035129009753637,0.026054348204660474
126,22.02.2022,11,2022,True,har_x,0.0351566250548576,0.02559208575880157
126,23.02.2022,11,2022,True,har_x,0.0351671350598068,0.025900029321653386
126,24.02.2022,11,2022,True,har_x,0.0351493917040409,0.025324417844448808
126,25.02.2022,11,2022,True,har_x,0.0351639106487345,0.027414457211197167
126,28.02.2022,11,2022,True,har_x,0.0352357214869483,0.02978129576756497
126,01.03.2022,11,2022,True,har_x,0.0354275475345878,0.02930616065398341
126,02.03.2022,11,2022,True,har_x,0.0348945836598397,0.0319379356767292
126,03.03.2022,11,2022,True,har_x,0.035050918558814,0.032716088403988756
126,04.03.2022,11,2022,True,har_x,0.0345182984121376,0.0302686152990837
126,07.03.2022,11,2022,True,har_x,0.034289665324616,0.032482096134248795
126,08.03.2022,11,2022,True,har_x,0.0343985831120525,0.032524383401938806
126,09.03.2022,11,2022,True,har_x,0.0321122305483058,0.031047702796147245
126,10.03.2022,11,2022,True,har_x,0.0323045905297404,0.03574731119476613
126,11.03.2022,11,2022,True,har_x,0.0322054172106455,0.03216883071514141
126,14.03.2022,11,2022,True,har_x,0.0318840709928499,0.03411594920648847
126,15.03.2022,11,2022,True,har_x,0.031333226185301,0.03476568923593566
126,16.03.2022,11,2022,True,har_x,0.0314429449479754,0.03354265620469829
126,17.03.2022,11,2022,True,har_x,0.0305110090021669,0.03340897421306111
126,18.03.2022,11,2022,True,har_x,0.0304970275934656,0.03395287044376503
126,21.03.2022,11,2022,True,har_x,0.0298638621121033,0.034230236373119116
126,22.03.2022,11,2022,True,har_x,0.0298699653798466,0.03307122745508909
126,23.03.2022,11,2022,True,har_x,0.0294910436464554,0.03265190235205231
126,24.03.2022,11,2022,True,har_x,0.0297331010708738,0.033856836500418146
126,25.03.2022,11,2022,True,har_x,0.0297618104983222,0.03387018946107484
126,28.03.2022,11,2022,True,har_x,0.0292513718077733,0.03335388289964683
126,29.03.2022,11,2022,True,har_x,0.0293886498606125,0.032540902434151336
126,30.03.2022,11,2022,True,har_x,0.0292685316818862,0.03141061996085037
126,31.03.2022,11,2022,True,har_x,0.0289508341019002,0.030783848866080415
126,01.04.2022,11,2022,True,har_x,0.0288303140874426,0.030745495822050103
126,04.04.2022,11,2022,True,har_x,0.0288564703600989,0.029756917304354907
126,05.04.2022,11,2022,True,har_x,0.0288948223087713,0.029586188708480135
126,06.04.2022,11,2022,True,har_x,0.0285257031898755,0.02916770314363177
126,07.04.2022,11,2022,True,har_x,0.0287119095737146,0.028379879696432297
126,08.04.2022,11,2022,True,har_x,0.0286868807167811,0.02795892695481099
126,11.04.2022,11,2022,True,har_x,0.0284897916383113,0.02796688240464161
126,12.04.2022,11,2022,True,har_x,0.0280084298381889,0.028814657469303704
126,13.04.2022,11,2022,True,har_x,0.0278616173636607,0.029576859639190226
126,14.04.2022,11,2022,True,har_x,0.0278816982433876,0.0286152867545797
126,18.04.2022,11,2022,True,har_x,0.0278513886053008,0.02828575336441985
126,19.04.2022,11,2022,True,har_x,0.0274958085434394,0.02792023949956938
126,20.04.2022,11,2022,True,har_x,0.0276032531546807,0.02820002947509849
126,21.04.2022,11,2022,True,har_x,0.0275688410383833,0.027747848156507014
126,22.04.2022,11,2022,True,har_x,0.027563738814054,0.02709875061993383
126,25.04.2022,11,2022,True,har_x,0.0273244063318994,0.027147202782379948
126,26.04.2022,11,2022,True,har_x,0.0272226481915866,0.0276678163090074
126,27.04.2022,11,2022,True,har_x,0.0273032816671641,0.027287115537321747
126,28.04.2022,11,2022,True,har_x,0.0272602043086221,0.027032107294248032
126,29.04.2022,11,2022,True,har_x,0.0272365260631908,0.027005845529441363
126,02.05.2022,11,2022,True,har_x,0.0272140504575492,0.026894738485501203
126,03.05.2022,11,2022,True,har_x,0.0271318667975298,0.025497903727117847
126,04.05.2022,11,2022,True,har_x,0.0268171727712527,0.025639460164756156
126,05.05.2022,11,2022,True,har_x,0.0268386585271802,0.026300766581174646
126,06.05.2022,11,2022,True,har_x,0.027063315529413,0.025777485221793284
126,09.05.2022,11,2022,True,har_x,0.0265617846593607,0.025840600955747087
126,10.05.2022,11,2022,True,har_x,0.0265006443772661,0.027945089040569707
126,11.05.2022,11,2022,True,har_x,0.0262552553004382,0.027421720328358955
126,12.05.2022,11,2022,True,har_x,0.0262774416124957,0.027055162161113894
126,13.05.2022,11,2022,True,har_x,0.0261502822733319,0.02634214992839338
126,16.05.2022,11,2022,True,har_x,0.0261791497500867,0.026695796500140548
126,17.05.2022,11,2022,True,har_x,0.0261373878475612,0.026404976133529556
126,18.05.2022,11,2022,True,har_x,0.0260612552338165,0.025715527661306473
126,19.05.2022,11,2022,True,har_x,0.0260999938347386,0.026035266175429107
126,20.05.2022,11,2022,True,har_x,0.0261710427046353,0.02605512547918602
126,23.05.2022,11,2022,True,har_x,0.0261565829739671,0.025580481454252835
126,24.05.2022,11,2022,True,har_x,0.0261783846386198,0.02480844656734956
126,25.05.2022,11,2022,True,har_x,0.0263266008135532,0.024374379194079844
126,26.05.2022,11,2022,True,har_x,0.026226903491181,0.024059220892175645
126,27.05.2022,11,2022,True,har_x,0.0261672386219336,0.024268786968459598
126,31.05.2022,11,2022,True,har_x,0.0260187453610275,0.024427792898340968
126,01.06.2022,11,2022,True,har_x,0.0257517520756101,0.025100183173754433
126,02.06.2022,11,2022,True,har_x,0.0257801246196223,0.02646111718651775
126,03.06.2022,11,2022,True,har_x,0.0257409176001181,0.02566531175626723
126,06.06.2022,11,2022,True,har_x,0.0258950899151605,0.02547273254517973
126,07.06.2022,11,2022,True,har_x,0.0260951519596806,0.025635222935819404
126,08.06.2022,11,2022,True,har_x,0.0260640766635484,0.024811473474409543
126,09.06.2022,11,2022,True,har_x,0.0260779972024879,0.023861096773394267
126,10.06.2022,11,2022,True,har_x,0.0260758505548554,0.023475744806385045
126,13.06.2022,11,2022,True,har_x,0.0261923558440211,0.023445660266288932
126,14.06.2022,11,2022,True,har_x,0.0263992506553393,0.02325892040414036
126,15.06.2022,11,2022,True,har_x,0.0264604333874061,0.02318859721957479
126,16.06.2022,11,2022,True,har_x,0.0264662806257415,0.02320337074617331
126,17.06.2022,11,2022,True,har_x,0.0261029209098568,0.022985942883249903
126,21.06.2022,11,2022,True,har_x,0.0260859007703074,0.024798337426250833
126,22.06.2022,11,2022,True,har_x,0.0260091145537961,0.024361809816570906
126,23.06.2022,11,2022,True,har_x,0.0261198621045042,0.02491543201836458
126,24.06.2022,11,2022,True,har_x,0.026005607495094,0.02477983622040836
126,27.06.2022,11,2022,True,har_x,0.0261694538732079,0.02492790987470661
126,28.06.2022,11,2022,True,har_x,0.0260631019538887,0.02460031513673714
126,29.06.2022,11,2022,True,har_x,0.0260565883141399,0.02472070799430287
126,30.06.2022,11,2022,True,har_x,0.0260552012267548,0.024692102756963673
126,01.07.2022,11,2022,True,har_x,0.0262743854789421,0.024299718869731212
126,05.07.2022,11,2022,True,har_x,0.0255587324080871,0.024669994858607075
126,06.07.2022,11,2022,True,har_x,0.0259154724140479,0.0256327345565706
126,07.07.2022,11,2022,True,har_x,0.0256845584776685,0.025009213758218934
126,08.07.2022,11,2022,True,har_x,0.0255890762307542,0.02564248086716401
126,11.07.2022,11,2022,True,har_x,0.0256277823228612,0.02552202580759995
126,12.07.2022,11,2022,True,har_x,0.0248225792077436,0.02661632813981631
126,13.07.2022,11,2022,True,har_x,0.0249984237754594,0.027801082260416055
126,14.07.2022,11,2022,True,har_x,0.0250467784026951,0.026725486541099894
126,15.07.2022,11,2022,True,har_x,0.0250115029586098,0.026716013411161553
126,18.07.2022,11,2022,True,har_x,0.0246084799964745,0.026741334966951903
126,19.07.2022,11,2022,True,har_x,0.0245993757365832,0.026753582437389328
126,20.07.2022,11,2022,True,har_x,0.0246379772070649,0.02515561030354998
126,21.07.2022,11,2022,True,har_x,0.0245703059874566,0.024931800336179057
126,22.07.2022,11,2022,True,har_x,0.024575681906732,0.02592152018698137
126,25.07.2022,11,2022,True,har_x,0.0245900565552553,0.025236963566966735
126,26.07.2022,11,2022,True,har_x,0.0245852872184625,0.0256576498750612
126,27.07.2022,11,2022,True,har_x,0.0245498234843748,0.025437120405009866
126,28.07.2022,11,2022,True,har_x,0.0245525549839626,0.025847543022256086
126,29.07.2022,11,2022,True,har_x,0.0244785763154744,0.02517714386059778
126,01.08.2022,11,2022,True,har_x,0.0230105788239709,0.025330116242148468
126,02.08.2022,11,2022,True,har_x,0.0230612359803982,0.028227084087053173
126,03.08.2022,11,2022,True,har_x,0.0228343249288321,0.02723961623074554
126,04.08.2022,11,2022,True,har_x,0.0228310336797828,0.02721522305025995
126,05.08.2022,11,2022,True,har_x,0.022850361632584,0.02764270940618275
126,08.08.2022,11,2022,True,har_x,0.0229872968455093,0.026346716926477307
126,09.08.2022,11,2022,True,har_x,0.023040406404869,0.02602546737501537
126,10.08.2022,11,2022,True,har_x,0.0230201408538348,0.025332937338502497
126,11.08.2022,11,2022,True,har_x,0.0230183912982525,0.025263346199668864
126,12.08.2022,11,2022,True,har_x,0.0229884682544504,0.024964614192736753
126,15.08.2022,11,2022,True,har_x,0.022845773925653,0.02486975198400267
126,16.08.2022,11,2022,True,har_x,0.0227013322154002,0.024194561970250408
126,17.08.2022,11,2022,True,har_x,0.0226636267399143,0.02481935285734638
126,18.08.2022,11,2022,True,har_x,0.0225897491217888,0.024929836551562896
126,19.08.2022,11,2022,True,har_x,0.0225891756552733,0.02468388204960214
126,22.08.2022,11,2022,True,har_x,0.0227335771280167,0.02481057583986402
126,23.08.2022,11,2022,True,har_x,0.0225374244854415,0.025270689986205967
126,24.08.2022,11,2022,True,har_x,0.0225442249467869,0.025163024430364833
126,25.08.2022,11,2022,True,har_x,0.0225003476737344,0.025004979931055264
126,26.08.2022,11,2022,True,har_x,0.0225058410396157,0.025271191194416797
126,29.08.2022,11,2022,True,har_x,0.0222068940819413,0.024968152069683426
126,30.08.2022,11,2022,True,har_x,0.0216621054122705,0.024356159347791055
126,31.08.2022,11,2022,True,har_x,0.0215549666079725,0.02569434390089585
126,01.09.2022,11,2022,True,har_x,0.021213332639367,0.025726165387181296
126,02.09.2022,11,2022,True,har_x,0.021411143816937,0.025392174388400728
126,06.09.2022,11,2022,True,har_x,0.0214192677255438,0.024992214470851277
126,07.09.2022,11,2022,True,har_x,0.0209235285557448,0.024967038864863348
126,08.09.2022,11,2022,True,har_x,0.0209317226817899,0.02617505705033051
126,09.09.2022,11,2022,True,har_x,0.0207106037645868,0.02567871736188605
126,12.09.2022,11,2022,True,har_x,0.0209914210004688,0.025867797795366913
126,13.09.2022,11,2022,True,har_x,0.0214175469013234,0.024375780966536073
126,14.09.2022,11,2022,True,har_x,0.021436263097162,0.02435484478937463
126,15.09.2022,11,2022,True,har_x,0.0213142757216949,0.023776150765562273
126,16.09.2022,11,2022,True,har_x,0.0213354105400921,0.024636814685755452
126,19.09.2022,11,2022,True,har_x,0.021413070738843,0.024062342501551374
126,20.09.2022,11,2022,True,har_x,0.0214490957339325,0.024673506949728592
126,21.09.2022,11,2022,True,har_x,0.0214535592612728,0.02499348455534777
126,22.09.2022,11,2022,True,har_x,0.0214620705130511,0.02471522630107765
126,23.09.2022,11,2022,True,har_x,0.0213672059873734,0.024225521419009636
126,26.09.2022,11,2022,True,har_x,0.0212702814190392,0.0257739047584207
126,27.09.2022,11,2022,True,har_x,0.0211399227065261,0.026733664984134965
126,28.09.2022,11,2022,True,har_x,0.0209331808521474,0.02678459737956483
126,29.09.2022,11,2022,True,har_x,0.0209293667585018,0.026895138661405367
126,30.09.2022,11,2022,True,har_x,0.0216745286021369,0.02649820997717836
126,03.10.2022,11,2022,True,har_x,0.0216542150847256,0.02609222765857364
126,04.10.2022,11,2022,True,har_x,0.0214518924254235,0.02619380210261918
126,05.10.2022,11,2022,True,har_x,0.0213947589575058,0.027061137919810477
126,06.10.2022,11,2022,True,har_x,0.021387576732684,0.025677909148054838
126,07.10.2022,11,2022,True,har_x,0.0211846792641429,0.02538841564419097
126,10.10.2022,11,2022,True,har_x,0.0212124337392789,0.025557171882691687
126,11.10.2022,11,2022,True,har_x,0.021177503307816,0.025443982675221265
126,12.10.2022,11,2022,True,har_x,0.0211106008764467,0.024887081392067266
126,13.10.2022,11,2022,True,har_x,0.0210644411947212,0.024908434153313893
126,14.10.2022,11,2022,True,har_x,0.0208832146740866,0.024752864612394895
126,17.10.2022,11,2022,True,har_x,0.0209518996939296,0.024727745872938665
126,18.10.2022,11,2022,True,har_x,0.0210067023050376,0.02464114155655468
126,19.10.2022,11,2022,True,har_x,0.0208790718920236,0.024642665610488886
126,20.10.2022,11,2022,True,har_x,0.0209162324785699,0.024749749135653712
126,21.10.2022,11,2022,True,har_x,0.0209842536212052,0.024415178635295416
126,24.10.2022,11,2022,True,har_x,0.0212513567055234,0.023858023922590423
126,25.10.2022,11,2022,True,har_x,0.0212673705956396,0.023455413807638117
126,26.10.2022,11,2022,True,har_x,0.021205235285525,0.023151492234961938
126,27.10.2022,11,2022,True,har_x,0.021164699830965,0.02337652840630527
126,28.10.2022,11,2022,True,har_x,0.0216088034507285,0.023309220654759735
126,31.10.2022,11,2022,True,har_x,0.0218699360122511,0.023296689794243767
126,01.11.2022,11,2022,True,har_x,0.0218735971171897,0.022667668917925085
126,02.11.2022,11,2022,True,har_x,0.0221055118943229,0.022394314347458463
126,03.11.2022,11,2022,True,har_x,0.0221771665536244,0.02253813897074876
126,04.11.2022,11,2022,True,har_x,0.0218643013074062,0.022371632416636766
126,07.11.2022,11,2022,True,har_x,0.0218842717916262,0.023158585705061966
126,08.11.2022,11,2022,True,har_x,0.0218265416431699,0.023479626876568585
126,09.11.2022,11,2022,True,har_x,0.0217076112394107,0.023871633796188733
126,10.11.2022,11,2022,True,har_x,0.0217247137576215,0.02406840206412102
126,11.11.2022,11,2022,True,har_x,0.0215978629785814,0.023588137603523206
126,14.11.2022,11,2022,True,har_x,0.0216014651349424,0.023229994011001336
126,15.11.2022,11,2022,True,har_x,0.0216157464262414,0.023468452844058987
126,16.11.2022,11,2022,True,har_x,0.0216013546783169,0.02349499957584456
126,17.11.2022,11,2022,True,har_x,0.021416737912839,0.02308670247186021
126,18.11.2022,11,2022,True,har_x,0.0213446330004719,0.023644701510827978
126,21.11.2022,11,2022,True,har_x,0.0214234054087854,0.023406057324376815
126,22.11.2022,11,2022,True,har_x,0.0215266396251325,0.023764689386012713
126,23.11.2022,11,2022,True,har_x,0.0213426183387463,0.023781823993485423
126,25.11.2022,11,2022,True,har_x,0.0216341366397449,0.02484944060951119
126,28.11.2022,11,2022,True,har_x,0.0216531594647254,0.024434038424348468
126,29.11.2022,11,2022,True,har_x,0.0217507482689717,0.024354991834292662
126,30.11.2022,11,2022,True,har_x,0.0217113948111339,0.023958604068728993
126,01.12.2022,11,2022,True,har_x,0.0216665341610931,0.02435895821439028
126,02.12.2022,11,2022,True,har_x,0.0216328597060199,0.023775326605473508
126,05.12.2022,11,2022,True,har_x,0.0214392193951431,0.023717708229608222
126,06.12.2022,11,2022,True,har_x,0.0211581711492066,0.02328210666501554
126,07.12.2022,11,2022,True,har_x,0.0210581614605448,0.02383657990050556
126,08.12.2022,11,2022,True,har_x,0.0213268022451138,0.023657242367234276
126,09.12.2022,11,2022,True,har_x,0.0215407648741624,0.022980743053713736
126,12.12.2022,11,2022,True,har_x,0.0214643747973542,0.02292841778376774
126,13.12.2022,11,2022,True,har_x,0.021455186692047,0.023215349287064514
126,14.12.2022,11,2022,True,har_x,0.0213668371261351,0.023298402837157985
126,15.12.2022,11,2022,True,har_x,0.0213230390546186,0.022900022954445706
126,16.12.2022,11,2022,True,har_x,0.021238871000821,0.023180364662839514
126,19.12.2022,11,2022,True,har_x,0.0215052413619191,0.023248592958023246
126,20.12.2022,11,2022,True,har_x,0.0215056201723879,0.0229665597854134
126,21.12.2022,11,2022,True,har_x,0.0213645608800274,0.022612909064021813
126,22.12.2022,11,2022,True,har_x,0.0214476627222567,0.022895821894640934
126,23.12.2022,11,2022,True,har_x,0.0213152293194556,0.022733732544786917
126,27.12.2022,11,2022,True,har_x,0.0213137882311634,0.02294085340086104
126,28.12.2022,11,2022,True,har_x,0.0213007557531426,0.02319605343645082
126,29.12.2022,11,2022,True,har_x,0.0212780676170751,0.02344714520119208
126,30.12.2022,11,2022,True,har_x,0.021048555763095,0.02309423155221779
5,03.01.2023,12,2023,True,har,0.0276396268580522,0.023614659556729575
5,04.01.2023,12,2023,True,har,0.0123583764420852,0.025210601464340676
5,05.01.2023,12,2023,True,har,0.0124685946508967,0.026788445927147707
5,06.01.2023,12,2023,True,har,0.0094419124605225,0.02499532181915798
5,09.01.2023,12,2023,True,har,0.010258205954111,0.02429181099348089
5,10.01.2023,12,2023,True,har,0.0154842101420287,0.023899959494507492
5,11.01.2023,12,2023,True,har,0.01128509296825,0.02334553271215276
5,12.01.2023,12,2023,True,har,0.0113947494506046,0.023035951580563804
5,13.01.2023,12,2023,True,har,0.0108245852837568,0.02214755848312617
5,17.01.2023,12,2023,True,har,0.0172874050690672,0.021640056896594782
5,18.01.2023,12,2023,True,har,0.0161252426649728,0.021264429813934817
5,19.01.2023,12,2023,True,har,0.0164456236930298,0.02131620731941871
5,20.01.2023,12,2023,True,har,0.0150245972301693,0.021098617699470096
5,23.01.2023,12,2023,True,har,0.0159613586049091,0.021295384423894042
5,24.01.2023,12,2023,True,har,0.0132194976243082,0.020613396922142986
5,25.01.2023,12,2023,True,har,0.0146656316315692,0.021858008467422304
5,26.01.2023,12,2023,True,har,0.0071503587875558,0.02038013275560082
5,27.01.2023,12,2023,True,har,0.0093987177220375,0.0209501640400969
5,30.01.2023,12,2023,True,har,0.0155003745133301,0.02060561389721641
5,31.01.2023,12,2023,True,har,0.0246958616701561,0.021191920335759937
5,01.02.2023,12,2023,True,har,0.0234535448587186,0.019255340945369917
5,02.02.2023,12,2023,True,har,0.0232916649981737,0.01847581585889283
5,03.02.2023,12,2023,True,har,0.0146155613974019,0.014832476780263847
5,06.02.2023,12,2023,True,har,0.0157690636079108,0.016334962894794604
5,07.02.2023,12,2023,True,har,0.0146867643145916,0.016565564635405334
5,08.02.2023,12,2023,True,har,0.0131385087620229,0.018601351883248254
5,09.02.2023,12,2023,True,har,0.0126582076545148,0.018228219418500148
5,10.02.2023,12,2023,True,har,0.0110738469537601,0.017224928500146376
5,13.02.2023,12,2023,True,har,0.0106369498542801,0.01713634232385642
5,14.02.2023,12,2023,True,har,0.0144876812153629,0.016524205972010736
5,15.02.2023,12,2023,True,har,0.0203583820136955,0.01678562808160318
5,16.02.2023,12,2023,True,har,0.0221218283033382,0.016290899318565883
5,17.02.2023,12,2023,True,har,0.0192671560344488,0.016083546823161075
5,21.02.2023,12,2023,True,har,0.0210529371949741,0.016782190640824694
5,22.02.2023,12,2023,True,har,0.0113623241007806,0.01600496199850712
5,23.02.2023,12,2023,True,har,0.0096459006616742,0.0173897838155378
5,24.02.2023,12,2023,True,har,0.009822875111543,0.018045873791549445
5,27.02.2023,12,2023,True,har,0.0058563917540962,0.01784673929943146
5,28.02.2023,12,2023,True,har,0.0185883517042271,0.017530303880607723
5,01.03.2023,12,2023,True,har,0.0183506930939391,0.017906040887300842
5,02.03.2023,12,2023,True,har,0.0178815429443334,0.0168026864941359
5,03.03.2023,12,2023,True,har,0.0184070062397683,0.01631422295410922
5,06.03.2023,12,2023,True,har,0.0184669198736468,0.01655386481490675
5,07.03.2023,12,2023,True,har,0.0208931153203159,0.015097431714604325
5,08.03.2023,12,2023,True,har,0.0254116674969614,0.01812138515130934
5,09.03.2023,12,2023,True,har,0.0303345527700721,0.016448070133584524
5,10.03.2023,12,2023,True,har,0.0244680509572848,0.016370331720356696
5,13.03.2023,12,2023,True,har,0.0294268858237242,0.016680897505948204
5,14.03.2023,12,2023,True,har,0.0300060834587361,0.016869012190251796
5,15.03.2023,12,2023,True,har,0.0179363884642936,0.018808110966044823
5,16.03.2023,12,2023,True,har,0.019189074788504,0.020901999172327188
5,17.03.2023,12,2023,True,har,0.015612812376288,0.020630409673277377
5,20.03.2023,12,2023,True,har,0.0224781796048341,0.020608757564315898
5,21.03.2023,12,2023,True,har,0.0219181645559732,0.020656472021647262
5,22.03.2023,12,2023,True,har,0.021846249801113,0.02142213626619205
5,23.03.2023,12,2023,True,har,0.0204421087200323,0.02022757005386041
5,24.03.2023,12,2023,True,har,0.0171309120280819,0.01976128050308538
5,27.03.2023,12,2023,True,har,0.0264435419838134,0.01937646711766324
5,28.03.2023,12,2023,True,har,0.0272242019289282,0.02213222633691457
5,29.03.2023,12,2023,True,har,0.0263338350328724,0.020946583603826983
5,30.03.2023,12,2023,True,har,0.0271893909742498,0.020836851028179802
5,31.03.2023,12,2023,True,har,0.0294774657620381,0.02106303819972349
5,03.04.2023,12,2023,True,har,0.009962887856394,0.020512937172441525
5,04.04.2023,12,2023,True,har,0.0127615787985088,0.025430795315089932
5,05.04.2023,12,2023,True,har,0.0156247079312825,0.02310271145380932
5,06.04.2023,12,2023,True,har,0.0156143202597452,0.022997165397927954
5,10.04.2023,12,2023,True,har,0.0173884248332747,0.022957140544402732
5,11.04.2023,12,2023,True,har,0.0151301170011371,0.023393157460848035
5,12.04.2023,12,2023,True,har,0.0104590059851031,0.021685864601400293
5,13.04.2023,12,2023,True,har,0.0123845583382961,0.02073603880142915
5,14.04.2023,12,2023,True,har,0.0137295194963794,0.018776860283685585
5,17.04.2023,12,2023,True,har,0.0165148117991857,0.018447976146541832
5,18.04.2023,12,2023,True,har,0.0181389158631814,0.0187696175131556
5,19.04.2023,12,2023,True,har,0.0223367664261638,0.018129752376401014
5,20.04.2023,12,2023,True,har,0.0231556106456433,0.01863829396251747
5,21.04.2023,12,2023,True,har,0.0245616004122448,0.019400118610832184
5,24.04.2023,12,2023,True,har,0.0225494744729541,0.01890056138762667
5,25.04.2023,12,2023,True,har,0.0295968444844796,0.0191389290236349
5,26.04.2023,12,2023,True,har,0.0299461806828967,0.019031524694196472
5,27.04.2023,12,2023,True,har,0.0288378455161623,0.0209465199454608
5,28.04.2023,12,2023,True,har,0.0358988756557641,0.02024175582044041
5,01.05.2023,12,2023,True,har,0.0389798645885172,0.020564761147673558
5,02.05.2023,12,2023,True,har,0.0294251930468851,0.020057068316713687
5,03.05.2023,12,2023,True,har,0.019708613692762,0.020385337841332028
5,04.05.2023,12,2023,True,har,0.0238804544295554,0.02097628438686192
5,05.05.2023,12,2023,True,har,0.016909251891812,0.019881246063267344
5,08.05.2023,12,2023,True,har,0.0139389543937526,0.02283841801634641
5,09.05.2023,12,2023,True,har,0.012777482549368,0.023171785049641562
5,10.05.2023,12,2023,True,har,0.0187952932607222,0.021704484891530505
5,11.05.2023,12,2023,True,har,0.0176525443600319,0.02071572762634563
5,12.05.2023,12,2023,True,har,0.0165714075051547,0.021262676585443153
5,15.05.2023,12,2023,True,har,0.0156290491112849,0.020427702613193516
5,16.05.2023,12,2023,True,har,0.0155998554833694,0.020496422567981742
5,17.05.2023,12,2023,True,har,0.0131589256689395,0.02011038478144375
5,18.05.2023,12,2023,True,har,0.0179079896331291,0.02176048552847873
5,19.05.2023,12,2023,True,har,0.0179668483003192,0.02110936402155434
5,22.05.2023,12,2023,True,har,0.0281343948680254,0.020658474525516345
5,23.05.2023,12,2023,True,har,0.026345981588688,0.020490709172117677
5,24.05.2023,12,2023,True,har,0.0270779003574679,0.02049436073204653
5,25.05.2023,12,2023,True,har,0.0290317526191771,0.019807455043112883
5,26.05.2023,12,2023,True,har,0.0289243602455673,0.020847206307794987
5,30.05.2023,12,2023,True,har,0.0162367779321265,0.020249673266944757
5,31.05.2023,12,2023,True,har,0.0121986233191978,0.02329016585015784
5,01.06.2023,12,2023,True,har,0.0144462170758328,0.020653723242322588
5,02.06.2023,12,2023,True,har,0.0112639220403105,0.02012850141958411
5,05.06.2023,12,2023,True,har,0.0178327506549398,0.020753163861577863
5,06.06.2023,12,2023,True,har,0.027774826960707,0.01927258413158378
5,07.06.2023,12,2023,True,har,0.0267954184806313,0.017809352255834538
5,08.06.2023,12,2023,True,har,0.0327945157527153,0.017608666548782247
5,09.06.2023,12,2023,True,har,0.032018342768278,0.01789662198383646
5,12.06.2023,12,2023,True,har,0.0227983836053225,0.017612605803932067
5,13.06.2023,12,2023,True,har,0.0195809461383429,0.019994877523245594
5,14.06.2023,12,2023,True,har,0.027906593609946,0.021342252237775628
5,15.06.2023,12,2023,True,har,0.022040619531132,0.02088927692390698
5,16.06.2023,12,2023,True,har,0.0207446595030496,0.02214572017965069
5,20.06.2023,12,2023,True,har,0.0226223791771807,0.021487423515482357
5,21.06.2023,12,2023,True,har,0.0251349641590446,0.020720217436682613
5,22.06.2023,12,2023,True,har,0.0181972590339107,0.020793592693967015
5,23.06.2023,12,2023,True,har,0.0182147677712753,0.02303294058000861
5,26.06.2023,12,2023,True,har,0.018373180250702,0.02128261027536108
5,27.06.2023,12,2023,True,har,0.0129798699188765,0.020796618678138434
5,28.06.2023,12,2023,True,har,0.0119162548056661,0.021842273936962132
5,29.06.2023,12,2023,True,har,0.0143003006453645,0.021098208629507637
5,30.06.2023,12,2023,True,har,0.0171654538673396,0.019890010245948445
5,03.07.2023,12,2023,True,har,0.0169401796408376,0.019681033361467544
5,05.07.2023,12,2023,True,har,0.0149943275504006,0.01911794627775669
5,06.07.2023,12,2023,True,har,0.0139078396085534,0.019810782235951886
5,07.07.2023,12,2023,True,har,0.0171163413401828,0.019035702834489916
5,10.07.2023,12,2023,True,har,0.0187913421669,0.020258208241697575
5,11.07.2023,12,2023,True,har,0.0170481485063298,0.020024122911094983
5,12.07.2023,12,2023,True,har,0.0164032952635319,0.020382268361218432
5,13.07.2023,12,2023,True,har,0.0138169238820353,0.018381278642222415
5,14.07.2023,12,2023,True,har,0.0140137742280526,0.017884022481169267
5,17.07.2023,12,2023,True,har,0.0099118979617441,0.01835562734626553
5,18.07.2023,12,2023,True,har,0.0097009726820288,0.01803623326877212
5,19.07.2023,12,2023,True,har,0.0118958980881184,0.017853989914489513
5,20.07.2023,12,2023,True,har,0.0116518498711319,0.017374584822862416
5,21.07.2023,12,2023,True,har,0.0110634062828966,0.01699593995089201
5,24.07.2023,12,2023,True,har,0.0092171923939887,0.01589998509830168
5,25.07.2023,12,2023,True,har,0.0107257001805028,0.015800465692370425
5,26.07.2023,12,2023,True,har,0.0145126456739033,0.015548191436770688
5,27.07.2023,12,2023,True,har,0.0166132639574499,0.014759642846967208
5,28.07.2023,12,2023,True,har,0.0171039497857322,0.014674690795486212
5,31.07.2023,12,2023,True,har,0.0178666442963039,0.01443943840238252
5,01.08.2023,12,2023,True,har,0.0178207955040386,0.014231504848850617
5,02.08.2023,12,2023,True,har,0.0125777968740463,0.014498035149324108
5,03.08.2023,12,2023,True,har,0.0137170261956302,0.015382952839478478
5,04.08.2023,12,2023,True,har,0.0126957772134105,0.015949998493287508
5,07.08.2023,12,2023,True,har,0.0119465456119987,0.015331972817995646
5,08.08.2023,12,2023,True,har,0.0131440292132512,0.015346669242383482
5,09.08.2023,12,2023,True,har,0.0088889618809297,0.01500571990328865
5,10.08.2023,12,2023,True,har,0.0114259574075461,0.01488493048659104
5,11.08.2023,12,2023,True,har,0.0122260322398602,0.015074307923573073
5,14.08.2023,12,2023,True,har,0.0121612296236772,0.014194509029062937
5,15.08.2023,12,2023,True,har,0.0105229970105364,0.01376684567180886
5,16.08.2023,12,2023,True,har,0.0081466044629395,0.014428471469425181
5,17.08.2023,12,2023,True,har,0.0068911015095584,0.014576646765097559
5,18.08.2023,12,2023,True,har,0.0089003605104022,0.014567540409928914
5,21.08.2023,12,2023,True,har,0.0087184258046507,0.014394887369240085
5,22.08.2023,12,2023,True,har,0.009712466850442,0.013891050474758464
5,23.08.2023,12,2023,True,har,0.0063754823678332,0.01369982750297578
5,24.08.2023,12,2023,True,har,0.0061579465074129,0.01366387739221266
5,25.08.2023,12,2023,True,har,0.0077526358958294,0.013023512763771478
5,28.08.2023,12,2023,True,har,0.0057093661503291,0.013631569566302019
5,29.08.2023,12,2023,True,har,0.0064589975787512,0.013208627540632067
5,30.08.2023,12,2023,True,har,0.0106316032623419,0.013748153043129176
5,31.08.2023,12,2023,True,har,0.010553964805798,0.012667536377612053
5,01.09.2023,12,2023,True,har,0.0090855939740271,0.01231604860698164
5,05.09.2023,12,2023,True,har,0.0087147227069122,0.012933636875123208
5,06.09.2023,12,2023,True,har,0.0090589535778943,0.012785024372568956
5,07.09.2023,12,2023,True,har,0.0094403655658136,0.012508544418008038
5,08.09.2023,12,2023,True,har,0.0097924035247802,0.012726431495397227
5,11.09.2023,12,2023,True,har,0.0090666194176305,0.012451962682566448
5,12.09.2023,12,2023,True,har,0.0087173975250952,0.012117951011383308
5,13.09.2023,12,2023,True,har,0.0103783725912345,0.012613721770419296
5,14.09.2023,12,2023,True,har,0.0052882737646455,0.011753214596958902
5,15.09.2023,12,2023,True,har,0.0049917960742639,0.011808024420931845
5,18.09.2023,12,2023,True,har,0.0036045958097589,0.011380580829175613
5,19.09.2023,12,2023,True,har,0.0056683580237689,0.011387594775273336
5,20.09.2023,12,2023,True,har,0.0121947029179839,0.01115463167096099
5,21.09.2023,12,2023,True,har,0.0145101610735249,0.011649522568451795
5,22.09.2023,12,2023,True,har,0.0145449194582467,0.01076472332727273
5,25.09.2023,12,2023,True,har,0.0284142813321385,0.010721821314193827
5,26.09.2023,12,2023,True,har,0.0279490153772324,0.010534730055515721
5,27.09.2023,12,2023,True,har,0.0281346143672981,0.010830829968965987
5,28.09.2023,12,2023,True,har,0.0275330537871046,0.012627480105072732
5,29.09.2023,12,2023,True,har,0.0291613449116335,0.012911144536063221
5,02.10.2023,12,2023,True,har,0.0365815232470808,0.012586292558110685
5,03.10.2023,12,2023,True,har,0.0363160517257226,0.018066913049828225
5,04.10.2023,12,2023,True,har,0.025704847824488,0.01649438534302636
5,05.10.2023,12,2023,True,har,0.0230469547843731,0.02090497215941113
5,06.10.2023,12,2023,True,har,0.0324579330803447,0.02007274044032887
5,09.10.2023,12,2023,True,har,0.0302988503954193,0.019779230110051706
5,10.10.2023,12,2023,True,har,0.0298995556083549,0.022757595293203103
5,11.10.2023,12,2023,True,har,0.0262154972060289,0.021564371847842097
5,12.10.2023,12,2023,True,har,0.0256583379880025,0.021364125925733165
5,13.10.2023,12,2023,True,har,0.0119000723436411,0.02026758509723664
5,16.10.2023,12,2023,True,har,0.0163644702134202,0.024716285619752882
5,17.10.2023,12,2023,True,har,0.0185146512801715,0.023468335154798788
5,18.10.2023,12,2023,True,har,0.0202090567374044,0.02315592612898093
5,19.10.2023,12,2023,True,har,0.0206805579071839,0.023464176387064474
5,20.10.2023,12,2023,True,har,0.0271205472902357,0.023265043965820915
5,23.10.2023,12,2023,True,har,0.0290260848461242,0.02196841239228419
5,24.10.2023,12,2023,True,har,0.0278909630287332,0.023310439864971274
5,25.10.2023,12,2023,True,har,0.0266462918560428,0.023445436807921508
5,26.10.2023,12,2023,True,har,0.0302582754125347,0.023534047975082732
5,27.10.2023,12,2023,True,har,0.0254125092455742,0.0238325988224338
5,30.10.2023,12,2023,True,har,0.0229655101278537,0.025038610494340023
5,31.10.2023,12,2023,True,har,0.0280094739291827,0.02463360668379281
5,01.11.2023,12,2023,True,har,0.0270500205154968,0.023624445460432242
5,02.11.2023,12,2023,True,har,0.0207047311267345,0.02300492085791686
5,03.11.2023,12,2023,True,har,0.0250134049843958,0.023254686947660655
5,06.11.2023,12,2023,True,har,0.0265182523289876,0.02312317680852441
5,07.11.2023,12,2023,True,har,0.0170253957533898,0.021258080367991462
5,08.11.2023,12,2023,True,har,0.0131017206448079,0.02377717918155135
5,09.11.2023,12,2023,True,har,0.0263042864319339,0.0233509238447465
5,10.11.2023,12,2023,True,har,0.0327284700421104,0.022342733127795188
5,13.11.2023,12,2023,True,har,0.0337925686744847,0.020933493991568106
5,14.11.2023,12,2023,True,har,0.0338047304991651,0.021116434965229955
5,15.11.2023,12,2023,True,har,0.0329383364987479,0.019985588300518383
5,16.11.2023,12,2023,True,har,0.0227885361714671,0.01978725255434995
5,17.11.2023,12,2023,True,har,0.0142350941495137,0.02262847735051013
5,20.11.2023,12,2023,True,har,0.0142514061693856,0.02443625039261286
5,21.11.2023,12,2023,True,har,0.0166345541355314,0.024181622074737473
5,22.11.2023,12,2023,True,har,0.0163701610128103,0.02351954966779448
5,24.11.2023,12,2023,True,har,0.0278500738815136,0.023110777300590354
5,27.11.2023,12,2023,True,har,0.0279870955808391,0.022433669546255204
5,28.11.2023,12,2023,True,har,0.0239298124409514,0.020740370890152893
5,29.11.2023,12,2023,True,har,0.0199378188382239,0.02097969466829199
5,30.11.2023,12,2023,True,har,0.019910023164775,0.021339134496694567
5,01.12.2023,12,2023,True,har,0.0221961860933049,0.02030558939775997
5,04.12.2023,12,2023,True,har,0.0225479947932704,0.023324835061635994
5,05.12.2023,12,2023,True,har,0.0269132669078279,0.02211201640167584
5,06.12.2023,12,2023,True,har,0.0233296602092097,0.021765203004370313
5,07.12.2023,12,2023,True,har,0.0269509270852575,0.021973672356307795
5,08.12.2023,12,2023,True,har,0.0252446878928931,0.020709429534562854
5,11.12.2023,12,2023,True,har,0.0262885122004951,0.021889516352070485
5,12.12.2023,12,2023,True,har,0.0114047741106841,0.021071684745001457
5,13.12.2023,12,2023,True,har,0.0122511546625801,0.022865773582808155
5,14.12.2023,12,2023,True,har,0.0098794318787481,0.02217220432470958
5,15.12.2023,12,2023,True,har,0.0106114002283347,0.023632471381872456
5,18.12.2023,12,2023,True,har,0.0127249370221294,0.021319760125842416
5,19.12.2023,12,2023,True,har,0.0157886423957642,0.020921395910176128
5,20.12.2023,12,2023,True,har,0.0170811685563439,0.019536262482848274
5,21.12.2023,12,2023,True,har,0.0182209461690754,0.01935908987138497
5,22.12.2023,12,2023,True,har,0.0185840705790135,0.01910420847418555
5,26.12.2023,12,2023,True,har,0.0211046756454291,0.018989739531874102
5,27.12.2023,12,2023,True,har,0.0203376487091512,0.020148705390832074
5,28.12.2023,12,2023,True,har,0.0209589444237759,0.02008635696280587
5,29.12.2023,12,2023,True,har,0.0254623309935811,0.02001079905916206
5,03.01.2023,12,2023,True,har_ovx,0.0276396268580522,0.021500972893297297
5,04.01.2023,12,2023,True,har_ovx,0.0123583764420852,0.022996475854730188
5,05.01.2023,12,2023,True,har_ovx,0.0124685946508967,0.023970055000404437
5,06.01.2023,12,2023,True,har_ovx,0.0094419124605225,0.023106820830895713
5,09.01.2023,12,2023,True,har_ovx,0.010258205954111,0.02259917659184747
5,10.01.2023,12,2023,True,har_ovx,0.0154842101420287,0.02240962654714296
5,11.01.2023,12,2023,True,har_ovx,0.01128509296825,0.021963431355202498
5,12.01.2023,12,2023,True,har_ovx,0.0113947494506046,0.02168746029905046
5,13.01.2023,12,2023,True,har_ovx,0.0108245852837568,0.020843609052521275
5,17.01.2023,12,2023,True,har_ovx,0.0172874050690672,0.020335952139562952
5,18.01.2023,12,2023,True,har_ovx,0.0161252426649728,0.020994506706281245
5,19.01.2023,12,2023,True,har_ovx,0.0164456236930298,0.0205502923225576
5,20.01.2023,12,2023,True,har_ovx,0.0150245972301693,0.02043647127783814
5,23.01.2023,12,2023,True,har_ovx,0.0159613586049091,0.0200107452139306
5,24.01.2023,12,2023,True,har_ovx,0.0132194976243082,0.0197205923321098
5,25.01.2023,12,2023,True,har_ovx,0.0146656316315692,0.020180103259908027
5,26.01.2023,12,2023,True,har_ovx,0.0071503587875558,0.020077878645782737
5,27.01.2023,12,2023,True,har_ovx,0.0093987177220375,0.01992656777193805
5,30.01.2023,12,2023,True,har_ovx,0.0155003745133301,0.020089802335876282
5,31.01.2023,12,2023,True,har_ovx,0.0246958616701561,0.020733518548467698
5,01.02.2023,12,2023,True,har_ovx,0.0234535448587186,0.01969247302049993
5,02.02.2023,12,2023,True,har_ovx,0.0232916649981737,0.01900703760680809
5,03.02.2023,12,2023,True,har_ovx,0.0146155613974019,0.018219119542476445
5,06.02.2023,12,2023,True,har_ovx,0.0157690636079108,0.018834973098118882
5,07.02.2023,12,2023,True,har_ovx,0.0146867643145916,0.01875949991198554
5,08.02.2023,12,2023,True,har_ovx,0.0131385087620229,0.018445288739162374
5,09.02.2023,12,2023,True,har_ovx,0.0126582076545148,0.018425063818941607
5,10.02.2023,12,2023,True,har_ovx,0.0110738469537601,0.0177197156697798
5,13.02.2023,12,2023,True,har_ovx,0.0106369498542801,0.017727967127840874
5,14.02.2023,12,2023,True,har_ovx,0.0144876812153629,0.01843383533531485
5,15.02.2023,12,2023,True,har_ovx,0.0203583820136955,0.018019562334620157
5,16.02.2023,12,2023,True,har_ovx,0.0221218283033382,0.017629299275619327
5,17.02.2023,12,2023,True,har_ovx,0.0192671560344488,0.01730969148065096
5,21.02.2023,12,2023,True,har_ovx,0.0210529371949741,0.017690377551981825
5,22.02.2023,12,2023,True,har_ovx,0.0113623241007806,0.018106333527099755
5,23.02.2023,12,2023,True,har_ovx,0.0096459006616742,0.018651823323238836
5,24.02.2023,12,2023,True,har_ovx,0.009822875111543,0.018259802280971047
5,27.02.2023,12,2023,True,har_ovx,0.0058563917540962,0.018466207771416568
5,28.02.2023,12,2023,True,har_ovx,0.0185883517042271,0.018559402730459917
5,01.03.2023,12,2023,True,har_ovx,0.0183506930939391,0.017750723266694874
5,02.03.2023,12,2023,True,har_ovx,0.0178815429443334,0.018157914734036194
5,03.03.2023,12,2023,True,har_ovx,0.0184070062397683,0.017636761430345038
5,06.03.2023,12,2023,True,har_ovx,0.0184669198736468,0.017473140081048697
5,07.03.2023,12,2023,True,har_ovx,0.0208931153203159,0.01633432563455525
5,08.03.2023,12,2023,True,har_ovx,0.0254116674969614,0.01704884691032008
5,09.03.2023,12,2023,True,har_ovx,0.0303345527700721,0.016653012909946273
5,10.03.2023,12,2023,True,har_ovx,0.0244680509572848,0.01712209450251795
5,13.03.2023,12,2023,True,har_ovx,0.0294268858237242,0.017915254719074698
5,14.03.2023,12,2023,True,har_ovx,0.0300060834587361,0.01837273393274377
5,15.03.2023,12,2023,True,har_ovx,0.0179363884642936,0.022272186019444733
5,16.03.2023,12,2023,True,har_ovx,0.019189074788504,0.023705339210241618
5,17.03.2023,12,2023,True,har_ovx,0.015612812376288,0.023524223182226193
5,20.03.2023,12,2023,True,har_ovx,0.0224781796048341,0.02457509387659149
5,21.03.2023,12,2023,True,har_ovx,0.0219181645559732,0.024514676810777323
5,22.03.2023,12,2023,True,har_ovx,0.021846249801113,0.023522692297502416
5,23.03.2023,12,2023,True,har_ovx,0.0204421087200323,0.02294091302450367
5,24.03.2023,12,2023,True,har_ovx,0.0171309120280819,0.022822514719899017
5,27.03.2023,12,2023,True,har_ovx,0.0264435419838134,0.023283100933859817
5,28.03.2023,12,2023,True,har_ovx,0.0272242019289282,0.02265269340067138
5,29.03.2023,12,2023,True,har_ovx,0.0263338350328724,0.02224857365215678
5,30.03.2023,12,2023,True,har_ovx,0.0271893909742498,0.021868573932607757
5,31.03.2023,12,2023,True,har_ovx,0.0294774657620381,0.021388238796465932
5,03.04.2023,12,2023,True,har_ovx,0.009962887856394,0.02070636409248356
5,04.04.2023,12,2023,True,har_ovx,0.0127615787985088,0.02123348318325569
5,05.04.2023,12,2023,True,har_ovx,0.0156247079312825,0.02113502771581012
5,06.04.2023,12,2023,True,har_ovx,0.0156143202597452,0.02100499411751186
5,10.04.2023,12,2023,True,har_ovx,0.0173884248332747,0.019319084288068347
5,11.04.2023,12,2023,True,har_ovx,0.0151301170011371,0.019142250287220698
5,12.04.2023,12,2023,True,har_ovx,0.0104590059851031,0.018830240049015935
5,13.04.2023,12,2023,True,har_ovx,0.0123845583382961,0.01822752133670111
5,14.04.2023,12,2023,True,har_ovx,0.0137295194963794,0.017201446379054863
5,17.04.2023,12,2023,True,har_ovx,0.0165148117991857,0.017126999341626176
5,18.04.2023,12,2023,True,har_ovx,0.0181389158631814,0.01717554498519213
5,19.04.2023,12,2023,True,har_ovx,0.0223367664261638,0.017498431650939145
5,20.04.2023,12,2023,True,har_ovx,0.0231556106456433,0.01781247479693006
5,21.04.2023,12,2023,True,har_ovx,0.0245616004122448,0.018719094896225065
5,24.04.2023,12,2023,True,har_ovx,0.0225494744729541,0.018266702454056358
5,25.04.2023,12,2023,True,har_ovx,0.0295968444844796,0.017887868716149353
5,26.04.2023,12,2023,True,har_ovx,0.0299461806828967,0.018574411178214408
5,27.04.2023,12,2023,True,har_ovx,0.0288378455161623,0.019957056604621964
5,28.04.2023,12,2023,True,har_ovx,0.0358988756557641,0.01949873419170072
5,01.05.2023,12,2023,True,har_ovx,0.0389798645885172,0.018710658795243036
5,02.05.2023,12,2023,True,har_ovx,0.0294251930468851,0.018832875409736424
5,03.05.2023,12,2023,True,har_ovx,0.019708613692762,0.019557017019611822
5,04.05.2023,12,2023,True,har_ovx,0.0238804544295554,0.021295137149102417
5,05.05.2023,12,2023,True,har_ovx,0.016909251891812,0.021589245683991856
5,08.05.2023,12,2023,True,har_ovx,0.0139389543937526,0.01964765609853207
5,09.05.2023,12,2023,True,har_ovx,0.012777482549368,0.019208393326855498
5,10.05.2023,12,2023,True,har_ovx,0.0187952932607222,0.018933554810044596
5,11.05.2023,12,2023,True,har_ovx,0.0176525443600319,0.018310489213690644
5,12.05.2023,12,2023,True,har_ovx,0.0165714075051547,0.018957670479371483
5,15.05.2023,12,2023,True,har_ovx,0.0156290491112849,0.019492764985637893
5,16.05.2023,12,2023,True,har_ovx,0.0155998554833694,0.018723188606995983
5,17.05.2023,12,2023,True,har_ovx,0.0131589256689395,0.01903865291625184
5,18.05.2023,12,2023,True,har_ovx,0.0179079896331291,0.019393841628835076
5,19.05.2023,12,2023,True,har_ovx,0.0179668483003192,0.01918375945505024
5,22.05.2023,12,2023,True,har_ovx,0.0281343948680254,0.019112803611115864
5,23.05.2023,12,2023,True,har_ovx,0.026345981588688,0.018928660234290528
5,24.05.2023,12,2023,True,har_ovx,0.0270779003574679,0.018708287863447266
5,25.05.2023,12,2023,True,har_ovx,0.0290317526191771,0.018698385369515343
5,26.05.2023,12,2023,True,har_ovx,0.0289243602455673,0.019205922045983176
5,30.05.2023,12,2023,True,har_ovx,0.0162367779321265,0.01891865012659204
5,31.05.2023,12,2023,True,har_ovx,0.0121986233191978,0.020739612641776328
5,01.06.2023,12,2023,True,har_ovx,0.0144462170758328,0.020636036298778762
5,02.06.2023,12,2023,True,har_ovx,0.0112639220403105,0.02025313460655022
5,05.06.2023,12,2023,True,har_ovx,0.0178327506549398,0.02006298555023576
5,06.06.2023,12,2023,True,har_ovx,0.027774826960707,0.01894941934220623
5,07.06.2023,12,2023,True,har_ovx,0.0267954184806313,0.01819560748835119
5,08.06.2023,12,2023,True,har_ovx,0.0327945157527153,0.01743856577579931
5,09.06.2023,12,2023,True,har_ovx,0.032018342768278,0.01783708996481563
5,12.06.2023,12,2023,True,har_ovx,0.0227983836053225,0.01721398429767381
5,13.06.2023,12,2023,True,har_ovx,0.0195809461383429,0.01861006345488896
5,14.06.2023,12,2023,True,har_ovx,0.027906593609946,0.01747360756041736
5,15.06.2023,12,2023,True,har_ovx,0.022040619531132,0.01804058533283891
5,16.06.2023,12,2023,True,har_ovx,0.0207446595030496,0.017917623901537446
5,20.06.2023,12,2023,True,har_ovx,0.0226223791771807,0.017924075506516958
5,21.06.2023,12,2023,True,har_ovx,0.0251349641590446,0.01853388912023545
5,22.06.2023,12,2023,True,har_ovx,0.0181972590339107,0.017982709846017148
5,23.06.2023,12,2023,True,har_ovx,0.0182147677712753,0.018942602074062335
5,26.06.2023,12,2023,True,har_ovx,0.018373180250702,0.019036351828824953
5,27.06.2023,12,2023,True,har_ovx,0.0129798699188765,0.01937873280437128
5,28.06.2023,12,2023,True,har_ovx,0.0119162548056661,0.020431170393335633
5,29.06.2023,12,2023,True,har_ovx,0.0143003006453645,0.019233640737826945
5,30.06.2023,12,2023,True,har_ovx,0.0171654538673396,0.018648610055336252
5,03.07.2023,12,2023,True,har_ovx,0.0169401796408376,0.017732899625686114
5,05.07.2023,12,2023,True,har_ovx,0.0149943275504006,0.01781018411565235
5,06.07.2023,12,2023,True,har_ovx,0.0139078396085534,0.01788906329173554
5,07.07.2023,12,2023,True,har_ovx,0.0171163413401828,0.01839535583229283
5,10.07.2023,12,2023,True,har_ovx,0.0187913421669,0.01827372759606883
5,11.07.2023,12,2023,True,har_ovx,0.0170481485063298,0.019745414398462773
5,12.07.2023,12,2023,True,har_ovx,0.0164032952635319,0.01751030179823656
5,13.07.2023,12,2023,True,har_ovx,0.0138169238820353,0.017107605451296144
5,14.07.2023,12,2023,True,har_ovx,0.0140137742280526,0.015883207470336603
5,17.07.2023,12,2023,True,har_ovx,0.0099118979617441,0.01593340572522492
5,18.07.2023,12,2023,True,har_ovx,0.0097009726820288,0.016307843973441566
5,19.07.2023,12,2023,True,har_ovx,0.0118958980881184,0.016059185350549635
5,20.07.2023,12,2023,True,har_ovx,0.0116518498711319,0.016201344930075995
5,21.07.2023,12,2023,True,har_ovx,0.0110634062828966,0.01577726698496911
5,24.07.2023,12,2023,True,har_ovx,0.0092171923939887,0.015021299688260804
5,25.07.2023,12,2023,True,har_ovx,0.0107257001805028,0.01520779076273852
5,26.07.2023,12,2023,True,har_ovx,0.0145126456739033,0.015434257076628113
5,27.07.2023,12,2023,True,har_ovx,0.0166132639574499,0.014897504532530212
5,28.07.2023,12,2023,True,har_ovx,0.0171039497857322,0.014468329552564194
5,31.07.2023,12,2023,True,har_ovx,0.0178666442963039,0.014590055536530156
5,01.08.2023,12,2023,True,har_ovx,0.0178207955040386,0.014230732957532872
5,02.08.2023,12,2023,True,har_ovx,0.0125777968740463,0.014233680983986913
5,03.08.2023,12,2023,True,har_ovx,0.0137170261956302,0.014460871682398527
5,04.08.2023,12,2023,True,har_ovx,0.0126957772134105,0.01450891284848339
5,07.08.2023,12,2023,True,har_ovx,0.0119465456119987,0.01422765234462504
5,08.08.2023,12,2023,True,har_ovx,0.0131440292132512,0.014122158211093205
5,09.08.2023,12,2023,True,har_ovx,0.0088889618809297,0.013793398663279883
5,10.08.2023,12,2023,True,har_ovx,0.0114259574075461,0.014311761965769191
5,11.08.2023,12,2023,True,har_ovx,0.0122260322398602,0.013902795605649047
5,14.08.2023,12,2023,True,har_ovx,0.0121612296236772,0.014008907199755314
5,15.08.2023,12,2023,True,har_ovx,0.0105229970105364,0.013665282977137701
5,16.08.2023,12,2023,True,har_ovx,0.0081466044629395,0.01405091656500561
5,17.08.2023,12,2023,True,har_ovx,0.0068911015095584,0.014254324877608384
5,18.08.2023,12,2023,True,har_ovx,0.0089003605104022,0.014596400023267444
5,21.08.2023,12,2023,True,har_ovx,0.0087184258046507,0.01419401181189988
5,22.08.2023,12,2023,True,har_ovx,0.009712466850442,0.014245754191839731
5,23.08.2023,12,2023,True,har_ovx,0.0063754823678332,0.014070657832239288
5,24.08.2023,12,2023,True,har_ovx,0.0061579465074129,0.01401413271936431
5,25.08.2023,12,2023,True,har_ovx,0.0077526358958294,0.014066607827284012
5,28.08.2023,12,2023,True,har_ovx,0.0057093661503291,0.01407375162737874
5,29.08.2023,12,2023,True,har_ovx,0.0064589975787512,0.01402575570500309
5,30.08.2023,12,2023,True,har_ovx,0.0106316032623419,0.01366435672504733
5,31.08.2023,12,2023,True,har_ovx,0.010553964805798,0.013078743526605053
5,01.09.2023,12,2023,True,har_ovx,0.0090855939740271,0.012848400650524304
5,05.09.2023,12,2023,True,har_ovx,0.0087147227069122,0.013284572721322845
5,06.09.2023,12,2023,True,har_ovx,0.0090589535778943,0.013742757650542208
5,07.09.2023,12,2023,True,har_ovx,0.0094403655658136,0.013637897624787843
5,08.09.2023,12,2023,True,har_ovx,0.0097924035247802,0.013338908176566753
5,11.09.2023,12,2023,True,har_ovx,0.0090666194176305,0.013077511403769213
5,12.09.2023,12,2023,True,har_ovx,0.0087173975250952,0.012038300372678704
5,13.09.2023,12,2023,True,har_ovx,0.0103783725912345,0.011979825935939693
5,14.09.2023,12,2023,True,har_ovx,0.0052882737646455,0.012149706578777614
5,15.09.2023,12,2023,True,har_ovx,0.0049917960742639,0.012513401981579608
5,18.09.2023,12,2023,True,har_ovx,0.0036045958097589,0.012789205833386979
5,19.09.2023,12,2023,True,har_ovx,0.0056683580237689,0.013053059563106213
5,20.09.2023,12,2023,True,har_ovx,0.0121947029179839,0.013936076110670931
5,21.09.2023,12,2023,True,har_ovx,0.0145101610735249,0.014005946879416368
5,22.09.2023,12,2023,True,har_ovx,0.0145449194582467,0.014236157259959541
5,25.09.2023,12,2023,True,har_ovx,0.0284142813321385,0.01397482213397729
5,26.09.2023,12,2023,True,har_ovx,0.0279490153772324,0.014069610523073484
5,27.09.2023,12,2023,True,har_ovx,0.0281346143672981,0.014176802977791898
5,28.09.2023,12,2023,True,har_ovx,0.0275330537871046,0.014875395186448728
5,29.09.2023,12,2023,True,har_ovx,0.0291613449116335,0.014785133917500009
5,02.10.2023,12,2023,True,har_ovx,0.0365815232470808,0.015041856620363706
5,03.10.2023,12,2023,True,har_ovx,0.0363160517257226,0.01599605654771416
5,04.10.2023,12,2023,True,har_ovx,0.025704847824488,0.01649425204477203
5,05.10.2023,12,2023,True,har_ovx,0.0230469547843731,0.018139995124821177
5,06.10.2023,12,2023,True,har_ovx,0.0324579330803447,0.018775896424732395
5,09.10.2023,12,2023,True,har_ovx,0.0302988503954193,0.018473907424057665
5,10.10.2023,12,2023,True,har_ovx,0.0298995556083549,0.02050387009787117
5,11.10.2023,12,2023,True,har_ovx,0.0262154972060289,0.02040623299330959
5,12.10.2023,12,2023,True,har_ovx,0.0256583379880025,0.020132466567339843
5,13.10.2023,12,2023,True,har_ovx,0.0119000723436411,0.01987418011923274
5,16.10.2023,12,2023,True,har_ovx,0.0163644702134202,0.022741772797715082
5,17.10.2023,12,2023,True,har_ovx,0.0185146512801715,0.021519833432975494
5,18.10.2023,12,2023,True,har_ovx,0.0202090567374044,0.021801960785501458
5,19.10.2023,12,2023,True,har_ovx,0.0206805579071839,0.02293961574855724
5,20.10.2023,12,2023,True,har_ovx,0.0271205472902357,0.023466012529867686
5,23.10.2023,12,2023,True,har_ovx,0.0290260848461242,0.0226522882877382
5,24.10.2023,12,2023,True,har_ovx,0.0278909630287332,0.021982862030124648
5,25.10.2023,12,2023,True,har_ovx,0.0266462918560428,0.02180978911534051
5,26.10.2023,12,2023,True,har_ovx,0.0302582754125347,0.02320570625723691
5,27.10.2023,12,2023,True,har_ovx,0.0254125092455742,0.022912881359144488
5,30.10.2023,12,2023,True,har_ovx,0.0229655101278537,0.02417647822919885
5,31.10.2023,12,2023,True,har_ovx,0.0280094739291827,0.0229469364136075
5,01.11.2023,12,2023,True,har_ovx,0.0270500205154968,0.022263259439048853
5,02.11.2023,12,2023,True,har_ovx,0.0207047311267345,0.021140510169611618
5,03.11.2023,12,2023,True,har_ovx,0.0250134049843958,0.02095986181333047
5,06.11.2023,12,2023,True,har_ovx,0.0265182523289876,0.020571591599619132
5,07.11.2023,12,2023,True,har_ovx,0.0170253957533898,0.019372742364073946
5,08.11.2023,12,2023,True,har_ovx,0.0131017206448079,0.02057997908564468
5,09.11.2023,12,2023,True,har_ovx,0.0263042864319339,0.021301500702266486
5,10.11.2023,12,2023,True,har_ovx,0.0327284700421104,0.02160870823351624
5,13.11.2023,12,2023,True,har_ovx,0.0337925686744847,0.020170274325448045
5,14.11.2023,12,2023,True,har_ovx,0.0338047304991651,0.020297080487748677
5,15.11.2023,12,2023,True,har_ovx,0.0329383364987479,0.019824411595456115
5,16.11.2023,12,2023,True,har_ovx,0.0227885361714671,0.020108455328189792
5,17.11.2023,12,2023,True,har_ovx,0.0142350941495137,0.021591096779076308
5,20.11.2023,12,2023,True,har_ovx,0.0142514061693856,0.021387772663242103
5,21.11.2023,12,2023,True,har_ovx,0.0166345541355314,0.020974035570134934
5,22.11.2023,12,2023,True,har_ovx,0.0163701610128103,0.0207967413187095
5,24.11.2023,12,2023,True,har_ovx,0.0278500738815136,0.02221156096718608
5,27.11.2023,12,2023,True,har_ovx,0.0279870955808391,0.022274538132926743
5,28.11.2023,12,2023,True,har_ovx,0.0239298124409514,0.022163195516785097
5,29.11.2023,12,2023,True,har_ovx,0.0199378188382239,0.021798260853266034
5,30.11.2023,12,2023,True,har_ovx,0.019910023164775,0.02183177015409635
5,01.12.2023,12,2023,True,har_ovx,0.0221961860933049,0.020332738474671107
5,04.12.2023,12,2023,True,har_ovx,0.0225479947932704,0.019220670196813897
5,05.12.2023,12,2023,True,har_ovx,0.0269132669078279,0.020146734135890267
5,06.12.2023,12,2023,True,har_ovx,0.0233296602092097,0.019461148524970405
5,07.12.2023,12,2023,True,har_ovx,0.0269509270852575,0.020541921979006682
5,08.12.2023,12,2023,True,har_ovx,0.0252446878928931,0.019809441960917155
5,11.12.2023,12,2023,True,har_ovx,0.0262885122004951,0.01933490258323555
5,12.12.2023,12,2023,True,har_ovx,0.0114047741106841,0.018948055543787236
5,13.12.2023,12,2023,True,har_ovx,0.0122511546625801,0.019472504128966166
5,14.12.2023,12,2023,True,har_ovx,0.0098794318787481,0.01966603325266187
5,15.12.2023,12,2023,True,har_ovx,0.0106114002283347,0.018910257893303306
5,18.12.2023,12,2023,True,har_ovx,0.0127249370221294,0.018938459944589855
5,19.12.2023,12,2023,True,har_ovx,0.0157886423957642,0.01930920964575003
5,20.12.2023,12,2023,True,har_ovx,0.0170811685563439,0.018370115497651843
5,21.12.2023,12,2023,True,har_ovx,0.0182209461690754,0.018393966084812807
5,22.12.2023,12,2023,True,har_ovx,0.0185840705790135,0.018548452337654443
5,26.12.2023,12,2023,True,har_ovx,0.0211046756454291,0.01769717745234233
5,27.12.2023,12,2023,True,har_ovx,0.0203376487091512,0.018260992401324203
5,28.12.2023,12,2023,True,har_ovx,0.0209589444237759,0.018597995140570034
5,29.12.2023,12,2023,True,har_ovx,0.0254623309935811,0.018957973056333503
5,03.01.2023,12,2023,True,har_gpr,0.0276396268580522,0.024455936880554568
5,04.01.2023,12,2023,True,har_gpr,0.0123583764420852,0.026026689865183205
5,05.01.2023,12,2023,True,har_gpr,0.0124685946508967,0.026510132385629895
5,06.01.2023,12,2023,True,har_gpr,0.0094419124605225,0.024726960791419443
5,09.01.2023,12,2023,True,har_gpr,0.010258205954111,0.024026027556558884
5,10.01.2023,12,2023,True,har_gpr,0.0154842101420287,0.02351176979718781
5,11.01.2023,12,2023,True,har_gpr,0.01128509296825,0.022979639600892197
5,12.01.2023,12,2023,True,har_gpr,0.0113947494506046,0.02272567738979182
5,13.01.2023,12,2023,True,har_gpr,0.0108245852837568,0.02184310191625849
5,17.01.2023,12,2023,True,har_gpr,0.0172874050690672,0.021349292525388835
5,18.01.2023,12,2023,True,har_gpr,0.0161252426649728,0.0213347740962041
5,19.01.2023,12,2023,True,har_gpr,0.0164456236930298,0.02136112779663466
5,20.01.2023,12,2023,True,har_gpr,0.0150245972301693,0.021160815065198943
5,23.01.2023,12,2023,True,har_gpr,0.0159613586049091,0.021355814030305897
5,24.01.2023,12,2023,True,har_gpr,0.0132194976243082,0.020332085816078826
5,25.01.2023,12,2023,True,har_gpr,0.0146656316315692,0.02154061778377038
5,26.01.2023,12,2023,True,har_gpr,0.0071503587875558,0.020077571934016818
5,27.01.2023,12,2023,True,har_gpr,0.0093987177220375,0.02063922106697721
5,30.01.2023,12,2023,True,har_gpr,0.0155003745133301,0.02030373786060127
5,31.01.2023,12,2023,True,har_gpr,0.0246958616701561,0.022301303493578024
5,01.02.2023,12,2023,True,har_gpr,0.0234535448587186,0.020381976094135137
5,02.02.2023,12,2023,True,har_gpr,0.0232916649981737,0.01958703215267323
5,03.02.2023,12,2023,True,har_gpr,0.0146155613974019,0.015977731805372503
5,06.02.2023,12,2023,True,har_gpr,0.0157690636079108,0.017462601326931358
5,07.02.2023,12,2023,True,har_gpr,0.0146867643145916,0.01677606291450882
5,08.02.2023,12,2023,True,har_gpr,0.0131385087620229,0.018763404900054417
5,09.02.2023,12,2023,True,har_gpr,0.0126582076545148,0.018403550775100887
5,10.02.2023,12,2023,True,har_gpr,0.0110738469537601,0.018559300965557024
5,13.02.2023,12,2023,True,har_gpr,0.0106369498542801,0.018502216626565243
5,14.02.2023,12,2023,True,har_gpr,0.0144876812153629,0.016662193179970967
5,15.02.2023,12,2023,True,har_gpr,0.0203583820136955,0.016924157118161434
5,16.02.2023,12,2023,True,har_gpr,0.0221218283033382,0.01644054440111059
5,17.02.2023,12,2023,True,har_gpr,0.0192671560344488,0.016234789508715014
5,21.02.2023,12,2023,True,har_gpr,0.0210529371949741,0.016930236407500434
5,22.02.2023,12,2023,True,har_gpr,0.0113623241007806,0.016142217131525197
5,23.02.2023,12,2023,True,har_gpr,0.0096459006616742,0.01749689146205597
5,24.02.2023,12,2023,True,har_gpr,0.009822875111543,0.0181325950540058
5,27.02.2023,12,2023,True,har_gpr,0.0058563917540962,0.01792935370293303
5,28.02.2023,12,2023,True,har_gpr,0.0185883517042271,0.01799327303565297
5,01.03.2023,12,2023,True,har_gpr,0.0183506930939391,0.01835707135388342
5,02.03.2023,12,2023,True,har_gpr,0.0178815429443334,0.017732025858127574
5,03.03.2023,12,2023,True,har_gpr,0.0184070062397683,0.01725044265997145
5,06.03.2023,12,2023,True,har_gpr,0.0184669198736468,0.017485876092324763
5,07.03.2023,12,2023,True,har_gpr,0.0208931153203159,0.015247935450952791
5,08.03.2023,12,2023,True,har_gpr,0.0254116674969614,0.01820377241085872
5,09.03.2023,12,2023,True,har_gpr,0.0303345527700721,0.016542298285679075
5,10.03.2023,12,2023,True,har_gpr,0.0244680509572848,0.01646379245190987
5,13.03.2023,12,2023,True,har_gpr,0.0294268858237242,0.016771744097633788
5,14.03.2023,12,2023,True,har_gpr,0.0300060834587361,0.017717035228791263
5,15.03.2023,12,2023,True,har_gpr,0.0179363884642936,0.01963944520601798
5,16.03.2023,12,2023,True,har_gpr,0.019189074788504,0.021712293102914785
5,17.03.2023,12,2023,True,har_gpr,0.015612812376288,0.021436332584753335
5,20.03.2023,12,2023,True,har_gpr,0.0224781796048341,0.021436264544933463
5,21.03.2023,12,2023,True,har_gpr,0.0219181645559732,0.02043967027633768
5,22.03.2023,12,2023,True,har_gpr,0.021846249801113,0.021199200515084022
5,23.03.2023,12,2023,True,har_gpr,0.0204421087200323,0.02005871627007393
5,24.03.2023,12,2023,True,har_gpr,0.0171309120280819,0.019589952128204708
5,27.03.2023,12,2023,True,har_gpr,0.0264435419838134,0.01921973214531223
5,28.03.2023,12,2023,True,har_gpr,0.0272242019289282,0.022501928952786802
5,29.03.2023,12,2023,True,har_gpr,0.0263338350328724,0.021334266484346914
5,30.03.2023,12,2023,True,har_gpr,0.0271893909742498,0.021225722400506453
5,31.03.2023,12,2023,True,har_gpr,0.0294774657620381,0.021454652767260066
5,03.04.2023,12,2023,True,har_gpr,0.009962887856394,0.020921873543619837
5,04.04.2023,12,2023,True,har_gpr,0.0127615787985088,0.02501372203394437
5,05.04.2023,12,2023,True,har_gpr,0.0156247079312825,0.022710142991840057
5,06.04.2023,12,2023,True,har_gpr,0.0156143202597452,0.02260822442092538
5,10.04.2023,12,2023,True,har_gpr,0.0173884248332747,0.02256377295497184
5,11.04.2023,12,2023,True,har_gpr,0.0151301170011371,0.02420013638165782
5,12.04.2023,12,2023,True,har_gpr,0.0104590059851031,0.02257567246872111
5,13.04.2023,12,2023,True,har_gpr,0.0123845583382961,0.02161003830820007
5,14.04.2023,12,2023,True,har_gpr,0.0137295194963794,0.01963750414288888
5,17.04.2023,12,2023,True,har_gpr,0.0165148117991857,0.01931411168977335
5,18.04.2023,12,2023,True,har_gpr,0.0181389158631814,0.018538275758994065
5,19.04.2023,12,2023,True,har_gpr,0.0223367664261638,0.017916778673921743
5,20.04.2023,12,2023,True,har_gpr,0.0231556106456433,0.01843739881670688
5,21.04.2023,12,2023,True,har_gpr,0.0245616004122448,0.01918921554591434
5,24.04.2023,12,2023,True,har_gpr,0.0225494744729541,0.018691761902142664
5,25.04.2023,12,2023,True,har_gpr,0.0295968444844796,0.020322468965022017
5,26.04.2023,12,2023,True,har_gpr,0.0299461806828967,0.02020193759777948
5,27.04.2023,12,2023,True,har_gpr,0.0288378455161623,0.022093433472704396
5,28.04.2023,12,2023,True,har_gpr,0.0358988756557641,0.021399161330169537
5,01.05.2023,12,2023,True,har_gpr,0.0389798645885172,0.021713207299790566
5,02.05.2023,12,2023,True,har_gpr,0.0294251930468851,0.020092165262235825
5,03.05.2023,12,2023,True,har_gpr,0.019708613692762,0.020364179569862296
5,04.05.2023,12,2023,True,har_gpr,0.0238804544295554,0.020960168838403473
5,05.05.2023,12,2023,True,har_gpr,0.016909251891812,0.019887799496601456
5,08.05.2023,12,2023,True,har_gpr,0.0139389543937526,0.022799674142304778
5,09.05.2023,12,2023,True,har_gpr,0.012777482549368,0.022037820038522157
5,10.05.2023,12,2023,True,har_gpr,0.0187952932607222,0.020620071416999987
5,11.05.2023,12,2023,True,har_gpr,0.0176525443600319,0.01966980053959496
5,12.05.2023,12,2023,True,har_gpr,0.0165714075051547,0.020195913195214205
5,15.05.2023,12,2023,True,har_gpr,0.0156290491112849,0.019395293599628195
5,16.05.2023,12,2023,True,har_gpr,0.0155998554833694,0.021190375316325557
5,17.05.2023,12,2023,True,har_gpr,0.0131589256689395,0.02081403137745405
5,18.05.2023,12,2023,True,har_gpr,0.0179079896331291,0.02242795057630912
5,19.05.2023,12,2023,True,har_gpr,0.0179668483003192,0.02178736553900658
5,22.05.2023,12,2023,True,har_gpr,0.0281343948680254,0.02134609158777462
5,23.05.2023,12,2023,True,har_gpr,0.026345981588688,0.02003006484847189
5,24.05.2023,12,2023,True,har_gpr,0.0270779003574679,0.020030944926184523
5,25.05.2023,12,2023,True,har_gpr,0.0290317526191771,0.019349678352297357
5,26.05.2023,12,2023,True,har_gpr,0.0289243602455673,0.020365725318729412
5,30.05.2023,12,2023,True,har_gpr,0.0162367779321265,0.019776193607968583
5,31.05.2023,12,2023,True,har_gpr,0.0121986233191978,0.023424850241551946
5,01.06.2023,12,2023,True,har_gpr,0.0144462170758328,0.02080915515456892
5,02.06.2023,12,2023,True,har_gpr,0.0112639220403105,0.02027465196973363
5,05.06.2023,12,2023,True,har_gpr,0.0178327506549398,0.020890173620145395
5,06.06.2023,12,2023,True,har_gpr,0.027774826960707,0.019335694770367205
5,07.06.2023,12,2023,True,har_gpr,0.0267954184806313,0.017928705917806875
5,08.06.2023,12,2023,True,har_gpr,0.0327945157527153,0.01774442415633534
5,09.06.2023,12,2023,True,har_gpr,0.032018342768278,0.01802044489570762
5,12.06.2023,12,2023,True,har_gpr,0.0227983836053225,0.017749092593730583
5,13.06.2023,12,2023,True,har_gpr,0.0195809461383429,0.0192176798155878
5,14.06.2023,12,2023,True,har_gpr,0.027906593609946,0.020525565428856564
5,15.06.2023,12,2023,True,har_gpr,0.022040619531132,0.020085843366192555
5,16.06.2023,12,2023,True,har_gpr,0.0207446595030496,0.021307750170937972
5,20.06.2023,12,2023,True,har_gpr,0.0226223791771807,0.020662510664415927
5,21.06.2023,12,2023,True,har_gpr,0.0251349641590446,0.021535966928595086
5,22.06.2023,12,2023,True,har_gpr,0.0181972590339107,0.02162068287493206
5,23.06.2023,12,2023,True,har_gpr,0.0182147677712753,0.023813973154186707
5,26.06.2023,12,2023,True,har_gpr,0.018373180250702,0.022105466089592782
5,27.06.2023,12,2023,True,har_gpr,0.0129798699188765,0.022168070775484786
5,28.06.2023,12,2023,True,har_gpr,0.0119162548056661,0.023195834368857526
5,29.06.2023,12,2023,True,har_gpr,0.0143003006453645,0.022440179098837356
5,30.06.2023,12,2023,True,har_gpr,0.0171654538673396,0.021271678139633255
5,03.07.2023,12,2023,True,har_gpr,0.0169401796408376,0.021060585289157333
5,05.07.2023,12,2023,True,har_gpr,0.0149943275504006,0.0179609969722046
5,06.07.2023,12,2023,True,har_gpr,0.0139078396085534,0.018667678903500993
5,07.07.2023,12,2023,True,har_gpr,0.0171163413401828,0.017908756377977744
5,10.07.2023,12,2023,True,har_gpr,0.0187913421669,0.019110495848401746
5,11.07.2023,12,2023,True,har_gpr,0.0170481485063298,0.020763413864475423
5,12.07.2023,12,2023,True,har_gpr,0.0164032952635319,0.021117167960868037
5,13.07.2023,12,2023,True,har_gpr,0.0138169238820353,0.019128282556957345
5,14.07.2023,12,2023,True,har_gpr,0.0140137742280526,0.018631789873974507
5,17.07.2023,12,2023,True,har_gpr,0.0099118979617441,0.019088080520112433
5,18.07.2023,12,2023,True,har_gpr,0.0097009726820288,0.018191680721856816
5,19.07.2023,12,2023,True,har_gpr,0.0118958980881184,0.018018581434561885
5,20.07.2023,12,2023,True,har_gpr,0.0116518498711319,0.017547507330918612
5,21.07.2023,12,2023,True,har_gpr,0.0110634062828966,0.017179913965603977
5,24.07.2023,12,2023,True,har_gpr,0.0092171923939887,0.01607335809213966
5,25.07.2023,12,2023,True,har_gpr,0.0107257001805028,0.016655393580435766
5,26.07.2023,12,2023,True,har_gpr,0.0145126456739033,0.016408537697125948
5,27.07.2023,12,2023,True,har_gpr,0.0166132639574499,0.015609843530849024
5,28.07.2023,12,2023,True,har_gpr,0.0171039497857322,0.015522219156351316
5,31.07.2023,12,2023,True,har_gpr,0.0178666442963039,0.01529278072151101
5,01.08.2023,12,2023,True,har_gpr,0.0178207955040386,0.015319963373347425
5,02.08.2023,12,2023,True,har_gpr,0.0125777968740463,0.014824438369537951
5,03.08.2023,12,2023,True,har_gpr,0.0137170261956302,0.015687144937648865
5,04.08.2023,12,2023,True,har_gpr,0.0126957772134105,0.01624421042605146
5,07.08.2023,12,2023,True,har_gpr,0.0119465456119987,0.01562814644714468
5,08.08.2023,12,2023,True,har_gpr,0.0131440292132512,0.015631716267608568
5,09.08.2023,12,2023,True,har_gpr,0.0088889618809297,0.01529082968957626
5,10.08.2023,12,2023,True,har_gpr,0.0114259574075461,0.01519047094009229
5,11.08.2023,12,2023,True,har_gpr,0.0122260322398602,0.01537634694623029
5,14.08.2023,12,2023,True,har_gpr,0.0121612296236772,0.014504063195892165
5,15.08.2023,12,2023,True,har_gpr,0.0105229970105364,0.014031519710255978
5,16.08.2023,12,2023,True,har_gpr,0.0081466044629395,0.01468447003110947
5,17.08.2023,12,2023,True,har_gpr,0.0068911015095584,0.014851341285749015
5,18.08.2023,12,2023,True,har_gpr,0.0089003605104022,0.014835348675753328
5,21.08.2023,12,2023,True,har_gpr,0.0087184258046507,0.014658754443161937
5,22.08.2023,12,2023,True,har_gpr,0.009712466850442,0.013799656047288132
5,23.08.2023,12,2023,True,har_gpr,0.0063754823678332,0.013614999980969412
5,24.08.2023,12,2023,True,har_gpr,0.0061579465074129,0.013587379408015542
5,25.08.2023,12,2023,True,har_gpr,0.0077526358958294,0.012955739342380874
5,28.08.2023,12,2023,True,har_gpr,0.0057093661503291,0.013549795426896723
5,29.08.2023,12,2023,True,har_gpr,0.0064589975787512,0.01269123659957802
5,30.08.2023,12,2023,True,har_gpr,0.0106316032623419,0.013221082968571898
5,31.08.2023,12,2023,True,har_gpr,0.010553964805798,0.012158052409655938
5,01.09.2023,12,2023,True,har_gpr,0.0090855939740271,0.011803277632242277
5,05.09.2023,12,2023,True,har_gpr,0.0087147227069122,0.012410725357909845
5,06.09.2023,12,2023,True,har_gpr,0.0090589535778943,0.01325648965511031
5,07.09.2023,12,2023,True,har_gpr,0.0094403655658136,0.012981495732499581
5,08.09.2023,12,2023,True,har_gpr,0.0097924035247802,0.013180126786138405
5,11.09.2023,12,2023,True,har_gpr,0.0090666194176305,0.012905279379092378
5,12.09.2023,12,2023,True,har_gpr,0.0087173975250952,0.01198289302327965
5,13.09.2023,12,2023,True,har_gpr,0.0103783725912345,0.01247329841283955
5,14.09.2023,12,2023,True,har_gpr,0.0052882737646455,0.011616739065250915
5,15.09.2023,12,2023,True,har_gpr,0.0049917960742639,0.01166091490154896
5,18.09.2023,12,2023,True,har_gpr,0.0036045958097589,0.011239914505530366
5,19.09.2023,12,2023,True,har_gpr,0.0056683580237689,0.01169814014304764
5,20.09.2023,12,2023,True,har_gpr,0.0121947029179839,0.011468598072629578
5,21.09.2023,12,2023,True,har_gpr,0.0145101610735249,0.011952857111804077
5,22.09.2023,12,2023,True,har_gpr,0.0145449194582467,0.011092842591117678
5,25.09.2023,12,2023,True,har_gpr,0.0284142813321385,0.01105230570190408
5,26.09.2023,12,2023,True,har_gpr,0.0279490153772324,0.010782302055181756
5,27.09.2023,12,2023,True,har_gpr,0.0281346143672981,0.011065987158174445
5,28.09.2023,12,2023,True,har_gpr,0.0275330537871046,0.012825763507345265
5,29.09.2023,12,2023,True,har_gpr,0.0291613449116335,0.013107025516582525
5,02.10.2023,12,2023,True,har_gpr,0.0365815232470808,0.01278731894671685
5,03.10.2023,12,2023,True,har_gpr,0.0363160517257226,0.01721513037580942
5,04.10.2023,12,2023,True,har_gpr,0.025704847824488,0.015666152452240747
5,05.10.2023,12,2023,True,har_gpr,0.0230469547843731,0.02005484375552475
5,06.10.2023,12,2023,True,har_gpr,0.0324579330803447,0.019243004548071308
5,09.10.2023,12,2023,True,har_gpr,0.0302988503954193,0.0189489776301906
5,10.10.2023,12,2023,True,har_gpr,0.0298995556083549,0.021880578920147956
5,11.10.2023,12,2023,True,har_gpr,0.0262154972060289,0.024673037027730757
5,12.10.2023,12,2023,True,har_gpr,0.0256583379880025,0.024512764055528095
5,13.10.2023,12,2023,True,har_gpr,0.0119000723436411,0.023436165521709393
5,16.10.2023,12,2023,True,har_gpr,0.0163644702134202,0.027822355176049425
5,17.10.2023,12,2023,True,har_gpr,0.0185146512801715,0.027207653731185923
5,18.10.2023,12,2023,True,har_gpr,0.0202090567374044,0.026902122410576067
5,19.10.2023,12,2023,True,har_gpr,0.0206805579071839,0.0272200286204203
5,20.10.2023,12,2023,True,har_gpr,0.0271205472902357,0.027995296797524855
5,23.10.2023,12,2023,True,har_gpr,0.0290260848461242,0.026762630943546965
5,24.10.2023,12,2023,True,har_gpr,0.0278909630287332,0.027550383472995918
5,25.10.2023,12,2023,True,har_gpr,0.0266462918560428,0.027678809094625046
5,26.10.2023,12,2023,True,har_gpr,0.0302582754125347,0.02775817881290416
5,27.10.2023,12,2023,True,har_gpr,0.0254125092455742,0.02805426924199352
5,30.10.2023,12,2023,True,har_gpr,0.0229655101278537,0.029231061136419254
5,31.10.2023,12,2023,True,har_gpr,0.0280094739291827,0.026655978371294034
5,01.11.2023,12,2023,True,har_gpr,0.0270500205154968,0.025667428628659318
5,02.11.2023,12,2023,True,har_gpr,0.0207047311267345,0.025036308271613364
5,03.11.2023,12,2023,True,har_gpr,0.0250134049843958,0.025273367175301133
5,06.11.2023,12,2023,True,har_gpr,0.0265182523289876,0.02516519227943844
5,07.11.2023,12,2023,True,har_gpr,0.0170253957533898,0.022825083861709998
5,08.11.2023,12,2023,True,har_gpr,0.0131017206448079,0.025305355004176983
5,09.11.2023,12,2023,True,har_gpr,0.0263042864319339,0.02489147553771573
5,10.11.2023,12,2023,True,har_gpr,0.0327284700421104,0.02392050944721762
5,13.11.2023,12,2023,True,har_gpr,0.0337925686744847,0.022483449972074486
5,14.11.2023,12,2023,True,har_gpr,0.0338047304991651,0.021605730848142032
5,15.11.2023,12,2023,True,har_gpr,0.0329383364987479,0.02052256959999557
5,16.11.2023,12,2023,True,har_gpr,0.0227885361714671,0.02033399225583068
5,17.11.2023,12,2023,True,har_gpr,0.0142350941495137,0.023103841561491874
5,20.11.2023,12,2023,True,har_gpr,0.0142514061693856,0.024889015516660628
5,21.11.2023,12,2023,True,har_gpr,0.0166345541355314,0.026189567748656675
5,22.11.2023,12,2023,True,har_gpr,0.0163701610128103,0.025536242295342022
5,24.11.2023,12,2023,True,har_gpr,0.0278500738815136,0.025128499161797158
5,27.11.2023,12,2023,True,har_gpr,0.0279870955808391,0.024490725464044016
5,28.11.2023,12,2023,True,har_gpr,0.0239298124409514,0.022052298638075892
5,29.11.2023,12,2023,True,har_gpr,0.0199378188382239,0.02228503518880665
5,30.11.2023,12,2023,True,har_gpr,0.019910023164775,0.022636184064173354
5,01.12.2023,12,2023,True,har_gpr,0.0221961860933049,0.021609265273749553
5,04.12.2023,12,2023,True,har_gpr,0.0225479947932704,0.02309531111554273
5,05.12.2023,12,2023,True,har_gpr,0.0269132669078279,0.021899250744697674
5,06.12.2023,12,2023,True,har_gpr,0.0233296602092097,0.021488627772679892
5,07.12.2023,12,2023,True,har_gpr,0.0269509270852575,0.021701499215081823
5,08.12.2023,12,2023,True,har_gpr,0.0252446878928931,0.020453094181334463
5,11.12.2023,12,2023,True,har_gpr,0.0262885122004951,0.021614293138553103
5,12.12.2023,12,2023,True,har_gpr,0.0114047741106841,0.022079008755753957
5,13.12.2023,12,2023,True,har_gpr,0.0122511546625801,0.023838463482717377
5,14.12.2023,12,2023,True,har_gpr,0.0098794318787481,0.023172015542750325
5,15.12.2023,12,2023,True,har_gpr,0.0106114002283347,0.02460942062638665
5,18.12.2023,12,2023,True,har_gpr,0.0127249370221294,0.022316129387816293
5,19.12.2023,12,2023,True,har_gpr,0.0157886423957642,0.021659047527023308
5,20.12.2023,12,2023,True,har_gpr,0.0170811685563439,0.020340116310340724
5,21.12.2023,12,2023,True,har_gpr,0.0182209461690754,0.020164095710046265
5,22.12.2023,12,2023,True,har_gpr,0.0185840705790135,0.0199205860865578
5,26.12.2023,12,2023,True,har_gpr,0.0211046756454291,0.019802535898665985
5,27.12.2023,12,2023,True,har_gpr,0.0203376487091512,0.020943145762986053
5,28.12.2023,12,2023,True,har_gpr,0.0209589444237759,0.021617158103947105
5,29.12.2023,12,2023,True,har_gpr,0.0254623309935811,0.021536489955180857
5,03.01.2023,12,2023,True,har_x,0.0276396268580522,0.02254791365177303
5,04.01.2023,12,2023,True,har_x,0.0123583764420852,0.024011465453739785
5,05.01.2023,12,2023,True,har_x,0.0124685946508967,0.023583368937364263
5,06.01.2023,12,2023,True,har_x,0.0094419124605225,0.02275219105819861
5,09.01.2023,12,2023,True,har_x,0.010258205954111,0.022251837444373868
5,10.01.2023,12,2023,True,har_x,0.0154842101420287,0.02184731377750444
5,11.01.2023,12,2023,True,har_x,0.01128509296825,0.021429523639300587
5,12.01.2023,12,2023,True,har_x,0.0113947494506046,0.021221273020785778
5,13.01.2023,12,2023,True,har_x,0.0108245852837568,0.02038446324518185
5,17.01.2023,12,2023,True,har_x,0.0172874050690672,0.019892806820276547
5,18.01.2023,12,2023,True,har_x,0.0161252426649728,0.02100946258747237
5,19.01.2023,12,2023,True,har_x,0.0164456236930298,0.02052338163828387
5,20.01.2023,12,2023,True,har_x,0.0150245972301693,0.020432581656484834
5,23.01.2023,12,2023,True,har_x,0.0159613586049091,0.01998968011617523
5,24.01.2023,12,2023,True,har_x,0.0132194976243082,0.01939768707214596
5,25.01.2023,12,2023,True,har_x,0.0146656316315692,0.01979651384904355
5,26.01.2023,12,2023,True,har_x,0.0071503587875558,0.01974411760050973
5,27.01.2023,12,2023,True,har_x,0.0093987177220375,0.019566142455759262
5,30.01.2023,12,2023,True,har_x,0.0155003745133301,0.019752137700784947
5,31.01.2023,12,2023,True,har_x,0.0246958616701561,0.021929894441557497
5,01.02.2023,12,2023,True,har_x,0.0234535448587186,0.020930186727740645
5,02.02.2023,12,2023,True,har_x,0.0232916649981737,0.020229778034607567
5,03.02.2023,12,2023,True,har_x,0.0146155613974019,0.019551257416762977
5,06.02.2023,12,2023,True,har_x,0.0157690636079108,0.020125771473362423
5,07.02.2023,12,2023,True,har_x,0.0146867643145916,0.019041584628297404
5,08.02.2023,12,2023,True,har_x,0.0131385087620229,0.018613889805758375
5,09.02.2023,12,2023,True,har_x,0.0126582076545148,0.018617001356413136
5,10.02.2023,12,2023,True,har_x,0.0110738469537601,0.019408499809436083
5,13.02.2023,12,2023,True,har_x,0.0106369498542801,0.01945704506185004
5,14.02.2023,12,2023,True,har_x,0.0144876812153629,0.01879106236650034
5,15.02.2023,12,2023,True,har_x,0.0203583820136955,0.0183613878378967
5,16.02.2023,12,2023,True,har_x,0.0221218283033382,0.01798619834948817
5,17.02.2023,12,2023,True,har_x,0.0192671560344488,0.017665738342729245
5,21.02.2023,12,2023,True,har_x,0.0210529371949741,0.01803617645862726
5,22.02.2023,12,2023,True,har_x,0.0113623241007806,0.018134585712650704
5,23.02.2023,12,2023,True,har_x,0.0096459006616742,0.018625734498515473
5,24.02.2023,12,2023,True,har_x,0.009822875111543,0.018183436097093948
5,27.02.2023,12,2023,True,har_x,0.0058563917540962,0.018394485829565266
5,28.02.2023,12,2023,True,har_x,0.0185883517042271,0.019135873725615503
5,01.03.2023,12,2023,True,har_x,0.0183506930939391,0.018284591952891508
5,02.03.2023,12,2023,True,har_x,0.0178815429443334,0.019347640565312792
5,03.03.2023,12,2023,True,har_x,0.0184070062397683,0.018833781039454524
5,06.03.2023,12,2023,True,har_x,0.0184669198736468,0.018655745968748458
5,07.03.2023,12,2023,True,har_x,0.0208931153203159,0.016463814606344388
5,08.03.2023,12,2023,True,har_x,0.0254116674969614,0.017043324054066947
5,09.03.2023,12,2023,True,har_x,0.0303345527700721,0.016691218384098153
5,10.03.2023,12,2023,True,har_x,0.0244680509572848,0.017173132635204747
5,13.03.2023,12,2023,True,har_x,0.0294268858237242,0.017975152686111065
5,14.03.2023,12,2023,True,har_x,0.0300060834587361,0.019391493722530913
5,15.03.2023,12,2023,True,har_x,0.0179363884642936,0.023320470647795067
5,16.03.2023,12,2023,True,har_x,0.019189074788504,0.024713141888079784
5,17.03.2023,12,2023,True,har_x,0.015612812376288,0.024527016881887676
5,20.03.2023,12,2023,True,har_x,0.0224781796048341,0.02563016104488513
5,21.03.2023,12,2023,True,har_x,0.0219181645559732,0.024284076197240895
5,22.03.2023,12,2023,True,har_x,0.021846249801113,0.023242284719653245
5,23.03.2023,12,2023,True,har_x,0.0204421087200323,0.022738981879572295
5,24.03.2023,12,2023,True,har_x,0.0171309120280819,0.022625756574039823
5,27.03.2023,12,2023,True,har_x,0.0264435419838134,0.023124363125129572
5,28.03.2023,12,2023,True,har_x,0.0272242019289282,0.02297112955138854
5,29.03.2023,12,2023,True,har_x,0.0263338350328724,0.02260535077405648
5,30.03.2023,12,2023,True,har_x,0.0271893909742498,0.022219995001513122
5,31.03.2023,12,2023,True,har_x,0.0294774657620381,0.021725999259964407
5,03.04.2023,12,2023,True,har_x,0.009962887856394,0.021060888904701102
5,04.04.2023,12,2023,True,har_x,0.0127615787985088,0.020570943824953985
5,05.04.2023,12,2023,True,har_x,0.0156247079312825,0.020552391014679032
5,06.04.2023,12,2023,True,har_x,0.0156143202597452,0.020426047633794273
5,10.04.2023,12,2023,True,har_x,0.0173884248332747,0.018694585899862417
5,11.04.2023,12,2023,True,har_x,0.0151301170011371,0.019855136331735256
5,12.04.2023,12,2023,True,har_x,0.0104590059851031,0.019675081861190127
5,13.04.2023,12,2023,True,har_x,0.0123845583382961,0.01906245729408858
5,14.04.2023,12,2023,True,har_x,0.0137295194963794,0.018043232546081554
5,17.04.2023,12,2023,True,har_x,0.0165148117991857,0.017980806258583622
5,18.04.2023,12,2023,True,har_x,0.0181389158631814,0.016855478865849045
5,19.04.2023,12,2023,True,har_x,0.0223367664261638,0.017222548940129766
5,20.04.2023,12,2023,True,har_x,0.0231556106456433,0.01754715540213449
5,21.04.2023,12,2023,True,har_x,0.0245616004122448,0.01844585708686423
5,24.04.2023,12,2023,True,har_x,0.0225494744729541,0.017996066606973116
5,25.04.2023,12,2023,True,har_x,0.0295968444844796,0.01921594832757476
5,26.04.2023,12,2023,True,har_x,0.0299461806828967,0.019907174077371418
5,27.04.2023,12,2023,True,har_x,0.0288378455161623,0.021250005180485233
5,28.04.2023,12,2023,True,har_x,0.0358988756557641,0.02080831934057341
5,01.05.2023,12,2023,True,har_x,0.0389798645885172,0.019982792341028
5,02.05.2023,12,2023,True,har_x,0.0294251930468851,0.018775741572482452
5,03.05.2023,12,2023,True,har_x,0.019708613692762,0.019446265858703342
5,04.05.2023,12,2023,True,har_x,0.0238804544295554,0.02121784133761227
5,05.05.2023,12,2023,True,har_x,0.016909251891812,0.02157048792658218
5,08.05.2023,12,2023,True,har_x,0.0139389543937526,0.01945747800063559
5,09.05.2023,12,2023,True,har_x,0.012777482549368,0.017693620248425062
5,10.05.2023,12,2023,True,har_x,0.0187952932607222,0.017505325605533775
5,11.05.2023,12,2023,True,har_x,0.0176525443600319,0.016936930542554695
5,12.05.2023,12,2023,True,har_x,0.0165714075051547,0.017562395624866303
5,15.05.2023,12,2023,True,har_x,0.0156290491112849,0.01817104286081671
5,16.05.2023,12,2023,True,har_x,0.0155998554833694,0.019538466114180003
5,17.05.2023,12,2023,True,har_x,0.0131589256689395,0.019881970588386682
5,18.05.2023,12,2023,True,har_x,0.0179079896331291,0.02016416239896152
5,19.05.2023,12,2023,True,har_x,0.0179668483003192,0.019976559928774812
5,22.05.2023,12,2023,True,har_x,0.0281343948680254,0.01992561351309322
5,23.05.2023,12,2023,True,har_x,0.026345981588688,0.018185940132334776
5,24.05.2023,12,2023,True,har_x,0.0270779003574679,0.017957139576134568
5,25.05.2023,12,2023,True,har_x,0.0290317526191771,0.017970965219734056
5,26.05.2023,12,2023,True,har_x,0.0289243602455673,0.018438015377648123
5,30.05.2023,12,2023,True,har_x,0.0162367779321265,0.018166712099409458
5,31.05.2023,12,2023,True,har_x,0.0121986233191978,0.020754215291385963
5,01.06.2023,12,2023,True,har_x,0.0144462170758328,0.020735251894037025
5,02.06.2023,12,2023,True,har_x,0.0112639220403105,0.020345500346324822
5,05.06.2023,12,2023,True,har_x,0.0178327506549398,0.020124757624655747
5,06.06.2023,12,2023,True,har_x,0.027774826960707,0.01890001894170085
5,07.06.2023,12,2023,True,har_x,0.0267954184806313,0.018229615988118023
5,08.06.2023,12,2023,True,har_x,0.0327945157527153,0.01747838475970714
5,09.06.2023,12,2023,True,har_x,0.032018342768278,0.017865843031905807
5,12.06.2023,12,2023,True,har_x,0.0227983836053225,0.017249450121645162
5,13.06.2023,12,2023,True,har_x,0.0195809461383429,0.017649315014398672
5,14.06.2023,12,2023,True,har_x,0.027906593609946,0.016405086180757332
5,15.06.2023,12,2023,True,har_x,0.022040619531132,0.017011596175632585
5,16.06.2023,12,2023,True,har_x,0.0207446595030496,0.01681524313303835
5,20.06.2023,12,2023,True,har_x,0.0226223791771807,0.016852154239861722
5,21.06.2023,12,2023,True,har_x,0.0251349641590446,0.01939978075989733
5,22.06.2023,12,2023,True,har_x,0.0181972590339107,0.018846990389114953
5,23.06.2023,12,2023,True,har_x,0.0182147677712753,0.01972270169484441
5,26.06.2023,12,2023,True,har_x,0.018373180250702,0.019908825195211474
5,27.06.2023,12,2023,True,har_x,0.0129798699188765,0.020962632276300356
5,28.06.2023,12,2023,True,har_x,0.0119162548056661,0.021995467636447084
5,29.06.2023,12,2023,True,har_x,0.0143003006453645,0.02077305161940758
5,30.06.2023,12,2023,True,har_x,0.0171654538673396,0.02024882595853205
5,03.07.2023,12,2023,True,har_x,0.0169401796408376,0.019313468795517357
5,05.07.2023,12,2023,True,har_x,0.0149943275504006,0.016269221718717367
5,06.07.2023,12,2023,True,har_x,0.0139078396085534,0.016350654142726906
5,07.07.2023,12,2023,True,har_x,0.0171163413401828,0.01690596027217124
5,10.07.2023,12,2023,True,har_x,0.0187913421669,0.01672829056470563
5,11.07.2023,12,2023,True,har_x,0.0170481485063298,0.02060791693992251
5,12.07.2023,12,2023,True,har_x,0.0164032952635319,0.018304670431908112
5,13.07.2023,12,2023,True,har_x,0.0138169238820353,0.017954670040136674
5,14.07.2023,12,2023,True,har_x,0.0140137742280526,0.016713694238505463
5,17.07.2023,12,2023,True,har_x,0.0099118979617441,0.01673572003965754
5,18.07.2023,12,2023,True,har_x,0.0097009726820288,0.01645833983610278
5,19.07.2023,12,2023,True,har_x,0.0118958980881184,0.016218627351288668
5,20.07.2023,12,2023,True,har_x,0.0116518498711319,0.016385132546488677
5,21.07.2023,12,2023,True,har_x,0.0110634062828966,0.015972936993404938
5,24.07.2023,12,2023,True,har_x,0.0092171923939887,0.015213730971648276
5,25.07.2023,12,2023,True,har_x,0.0107257001805028,0.016256263486889702
5,26.07.2023,12,2023,True,har_x,0.0145126456739033,0.01650029683170475
5,27.07.2023,12,2023,True,har_x,0.0166132639574499,0.015957658703886986
5,28.07.2023,12,2023,True,har_x,0.0171039497857322,0.015517303278976385
5,31.07.2023,12,2023,True,har_x,0.0178666442963039,0.015654225319765964
5,01.08.2023,12,2023,True,har_x,0.0178207955040386,0.01557197329606954
5,02.08.2023,12,2023,True,har_x,0.0125777968740463,0.014570091818031497
5,03.08.2023,12,2023,True,har_x,0.0137170261956302,0.01475576559206276
5,04.08.2023,12,2023,True,har_x,0.0126957772134105,0.014779495202925697
5,07.08.2023,12,2023,True,har_x,0.0119465456119987,0.014508210121059142
5,08.08.2023,12,2023,True,har_x,0.0131440292132512,0.014500509445310597
5,09.08.2023,12,2023,True,har_x,0.0088889618809297,0.014172071449337199
5,10.08.2023,12,2023,True,har_x,0.0114259574075461,0.014730504680222507
5,11.08.2023,12,2023,True,har_x,0.0122260322398602,0.014302582606249198
5,14.08.2023,12,2023,True,har_x,0.0121612296236772,0.01444122998927457
5,15.08.2023,12,2023,True,har_x,0.0105229970105364,0.014010223563965687
5,16.08.2023,12,2023,True,har_x,0.0081466044629395,0.01437938017787867
5,17.08.2023,12,2023,True,har_x,0.0068911015095584,0.01460622771965624
5,18.08.2023,12,2023,True,har_x,0.0089003605104022,0.014948299580630197
5,21.08.2023,12,2023,True,har_x,0.0087184258046507,0.014535638584815875
5,22.08.2023,12,2023,True,har_x,0.009712466850442,0.014130945655784016
5,23.08.2023,12,2023,True,har_x,0.0063754823678332,0.013964027294017464
5,24.08.2023,12,2023,True,har_x,0.0061579465074129,0.013917062705819473
5,25.08.2023,12,2023,True,har_x,0.0077526358958294,0.013996333068442428
5,28.08.2023,12,2023,True,har_x,0.0057093661503291,0.013972937679209489
5,29.08.2023,12,2023,True,har_x,0.0064589975787512,0.013378824361149674
5,30.08.2023,12,2023,True,har_x,0.0106316032623419,0.012984622433570837
5,31.08.2023,12,2023,True,har_x,0.010553964805798,0.012431347047713034
5,01.09.2023,12,2023,True,har_x,0.0090855939740271,0.012200526884654785
5,05.09.2023,12,2023,True,har_x,0.0087147227069122,0.012620773706204213
5,06.09.2023,12,2023,True,har_x,0.0090589535778943,0.014132463986865216
5,07.09.2023,12,2023,True,har_x,0.0094403655658136,0.014032955152222009
5,08.09.2023,12,2023,True,har_x,0.0097924035247802,0.01369871504431025
5,11.09.2023,12,2023,True,har_x,0.0090666194176305,0.013437222085134518
5,12.09.2023,12,2023,True,har_x,0.0087173975250952,0.011757608788431016
5,13.09.2023,12,2023,True,har_x,0.0103783725912345,0.011680117915358465
5,14.09.2023,12,2023,True,har_x,0.0052882737646455,0.01187913728150831
5,15.09.2023,12,2023,True,har_x,0.0049917960742639,0.012238929858208571
5,18.09.2023,12,2023,True,har_x,0.0036045958097589,0.012538576187163166
5,19.09.2023,12,2023,True,har_x,0.0056683580237689,0.01328289856660132
5,20.09.2023,12,2023,True,har_x,0.0121947029179839,0.014197076579940647
5,21.09.2023,12,2023,True,har_x,0.0145101610735249,0.014244461934501183
5,22.09.2023,12,2023,True,har_x,0.0145449194582467,0.014530818545270783
5,25.09.2023,12,2023,True,har_x,0.0284142813321385,0.014266778754130894
5,26.09.2023,12,2023,True,har_x,0.0279490153772324,0.014225660024620524
5,27.09.2023,12,2023,True,har_x,0.0281346143672981,0.014314021503621151
5,28.09.2023,12,2023,True,har_x,0.0275330537871046,0.014943481016364696
5,29.09.2023,12,2023,True,har_x,0.0291613449116335,0.014840354510096482
5,02.10.2023,12,2023,True,har_x,0.0365815232470808,0.01511673761439181
5,03.10.2023,12,2023,True,har_x,0.0363160517257226,0.014787652384782414
5,04.10.2023,12,2023,True,har_x,0.025704847824488,0.01536162628670813
5,05.10.2023,12,2023,True,har_x,0.0230469547843731,0.01691701989463848
5,06.10.2023,12,2023,True,har_x,0.0324579330803447,0.017610770901465348
5,09.10.2023,12,2023,True,har_x,0.0302988503954193,0.0173071292214142
5,10.10.2023,12,2023,True,har_x,0.0298995556083549,0.01926089936052101
5,11.10.2023,12,2023,True,har_x,0.0262154972060289,0.024269714825243954
5,12.10.2023,12,2023,True,har_x,0.0256583379880025,0.024042034569399708
5,13.10.2023,12,2023,True,har_x,0.0119000723436411,0.02382666282779775
5,16.10.2023,12,2023,True,har_x,0.0163644702134202,0.026585069106521603
5,17.10.2023,12,2023,True,har_x,0.0185146512801715,0.026321117286149318
5,18.10.2023,12,2023,True,har_x,0.0202090567374044,0.0266252895757109
5,19.10.2023,12,2023,True,har_x,0.0206805579071839,0.027795519236531684
5,20.10.2023,12,2023,True,har_x,0.0271205472902357,0.029663990528964988
5,23.10.2023,12,2023,True,har_x,0.0290260848461242,0.028936904920981332
5,24.10.2023,12,2023,True,har_x,0.0278909630287332,0.02749165259679819
5,25.10.2023,12,2023,True,har_x,0.0266462918560428,0.027302956458769484
5,26.10.2023,12,2023,True,har_x,0.0302582754125347,0.028720289667338156
5,27.10.2023,12,2023,True,har_x,0.0254125092455742,0.02841015132389783
5,30.10.2023,12,2023,True,har_x,0.0229655101278537,0.029641042095097766
5,31.10.2023,12,2023,True,har_x,0.0280094739291827,0.025523581066737966
5,01.11.2023,12,2023,True,har_x,0.0270500205154968,0.024870177771364577
5,02.11.2023,12,2023,True,har_x,0.0207047311267345,0.023723271103805815
5,03.11.2023,12,2023,True,har_x,0.0250134049843958,0.023516747770296186
5,06.11.2023,12,2023,True,har_x,0.0265182523289876,0.023149436183597827
5,07.11.2023,12,2023,True,har_x,0.0170253957533898,0.02154516200636644
5,08.11.2023,12,2023,True,har_x,0.0131017206448079,0.02267684781544047
5,09.11.2023,12,2023,True,har_x,0.0263042864319339,0.023440102016673344
5,10.11.2023,12,2023,True,har_x,0.0327284700421104,0.023822213932315785
5,13.11.2023,12,2023,True,har_x,0.0337925686744847,0.022351005609202872
5,14.11.2023,12,2023,True,har_x,0.0338047304991651,0.021146794935937817
5,15.11.2023,12,2023,True,har_x,0.0329383364987479,0.020745607549931534
5,16.11.2023,12,2023,True,har_x,0.0227885361714671,0.021053838937574232
5,17.11.2023,12,2023,True,har_x,0.0142350941495137,0.022421066987138
5,20.11.2023,12,2023,True,har_x,0.0142514061693856,0.02214142144761079
5,21.11.2023,12,2023,True,har_x,0.0166345541355314,0.023433216094414983
5,22.11.2023,12,2023,True,har_x,0.0163701610128103,0.023276977676329264
5,24.11.2023,12,2023,True,har_x,0.0278500738815136,0.02473801739500173
5,27.11.2023,12,2023,True,har_x,0.0279870955808391,0.024866040607599987
5,28.11.2023,12,2023,True,har_x,0.0239298124409514,0.023859477743784028
5,29.11.2023,12,2023,True,har_x,0.0199378188382239,0.02347275050825597
5,30.11.2023,12,2023,True,har_x,0.019910023164775,0.023488295835141924
5,01.12.2023,12,2023,True,har_x,0.0221961860933049,0.02198480931443005
5,04.12.2023,12,2023,True,har_x,0.0225479947932704,0.018886265619046293
5,05.12.2023,12,2023,True,har_x,0.0269132669078279,0.019882326407791685
5,06.12.2023,12,2023,True,har_x,0.0233296602092097,0.01898976098298169
5,07.12.2023,12,2023,True,har_x,0.0269509270852575,0.020098717861537888
5,08.12.2023,12,2023,True,har_x,0.0252446878928931,0.019395882250832493
5,11.12.2023,12,2023,True,har_x,0.0262885122004951,0.018859717476688832
5,12.12.2023,12,2023,True,har_x,0.0114047741106841,0.020249097622765166
5,13.12.2023,12,2023,True,har_x,0.0122511546625801,0.020703692249744804
5,14.12.2023,12,2023,True,har_x,0.0098794318787481,0.020949519647749163
5,15.12.2023,12,2023,True,har_x,0.0106114002283347,0.020113484725797177
5,18.12.2023,12,2023,True,har_x,0.0127249370221294,0.020220199636317264
5,19.12.2023,12,2023,True,har_x,0.0157886423957642,0.02052514985688193
5,20.12.2023,12,2023,True,har_x,0.0170811685563439,0.019674726870945108
5,21.12.2023,12,2023,True,har_x,0.0182209461690754,0.019704265502775827
5,22.12.2023,12,2023,True,har_x,0.0185840705790135,0.01988205242673787
5,26.12.2023,12,2023,True,har_x,0.0211046756454291,0.01900848714043681
5,27.12.2023,12,2023,True,har_x,0.0203376487091512,0.01953733257536173
5,28.12.2023,12,2023,True,har_x,0.0209589444237759,0.020755287481710464
5,29.12.2023,12,2023,True,har_x,0.0254623309935811,0.021119846466597262
22,03.01.2023,12,2023,True,har,0.0193515590231717,0.02513074054029158
22,04.01.2023,12,2023,True,har,0.015669449869361,0.026844157171550254
22,05.01.2023,12,2023,True,har,0.016920937984416,0.02862999518668686
22,06.01.2023,12,2023,True,har,0.0171397678512204,0.026564407885209057
22,09.01.2023,12,2023,True,har,0.017128777185531,0.025839460237477456
22,10.01.2023,12,2023,True,har,0.0176175237987587,0.0252138247005462
22,11.01.2023,12,2023,True,har,0.0164581209322758,0.024375663755584556
22,12.01.2023,12,2023,True,har,0.0164004821876756,0.023637100529444975
22,13.01.2023,12,2023,True,har,0.016111298030538,0.0226561508714157
22,17.01.2023,12,2023,True,har,0.0160347206739082,0.022029489564331272
22,18.01.2023,12,2023,True,har,0.016768573191207,0.02164635645977922
22,19.01.2023,12,2023,True,har,0.0164445852099527,0.022050812126594065
22,20.01.2023,12,2023,True,har,0.0169494204714395,0.021667749675016515
22,23.01.2023,12,2023,True,har,0.0175625432150422,0.02188880800293753
22,24.01.2023,12,2023,True,har,0.0172085162465789,0.02111617220580002
22,25.01.2023,12,2023,True,har,0.0172682845664583,0.022811135936337358
22,26.01.2023,12,2023,True,har,0.0173572412098978,0.021130542065037464
22,27.01.2023,12,2023,True,har,0.017334471432915,0.02187257250262667
22,30.01.2023,12,2023,True,har,0.0168331691770253,0.021401432254577697
22,31.01.2023,12,2023,True,har,0.0170101764179538,0.022125895823310072
22,01.02.2023,12,2023,True,har,0.0163941076297617,0.020093414154491226
22,02.02.2023,12,2023,True,har,0.018000409209883,0.019761206487946686
22,03.02.2023,12,2023,True,har,0.0169907369903069,0.016084517451178598
22,06.02.2023,12,2023,True,har,0.0170577113550186,0.017783485717023904
22,07.02.2023,12,2023,True,har,0.0157986535020339,0.01810276930935002
22,08.02.2023,12,2023,True,har,0.0161135454751052,0.020659746923393525
22,09.02.2023,12,2023,True,har,0.0181846480464576,0.020016751978778047
22,10.02.2023,12,2023,True,har,0.0196727684919191,0.01901321238553133
22,13.02.2023,12,2023,True,har,0.0200720810678781,0.018673803801370025
22,14.02.2023,12,2023,True,har,0.0203614514953121,0.01791666507275983
22,15.02.2023,12,2023,True,har,0.0207172640731752,0.01822245346807118
22,16.02.2023,12,2023,True,har,0.0215044975783279,0.017564363400989175
22,17.02.2023,12,2023,True,har,0.0215878098044962,0.01737010484731247
22,21.02.2023,12,2023,True,har,0.0216109647915393,0.018223347918177518
22,22.02.2023,12,2023,True,har,0.0209198908057939,0.017151078832949473
22,23.02.2023,12,2023,True,har,0.0224558959113802,0.01900321064639089
22,24.02.2023,12,2023,True,har,0.0223397679901299,0.019734002866286935
22,27.02.2023,12,2023,True,har,0.0223052078946839,0.01953817208386113
22,28.02.2023,12,2023,True,har,0.022128093993961,0.019059986154618576
22,01.03.2023,12,2023,True,har,0.022150873173151,0.01961814855278883
22,02.03.2023,12,2023,True,har,0.0261357542311379,0.017931858747069603
22,03.03.2023,12,2023,True,har,0.0259849427467869,0.017425656784643986
22,06.03.2023,12,2023,True,har,0.0259665517811534,0.01775546351940179
22,07.03.2023,12,2023,True,har,0.0248669651588038,0.016166615724768345
22,08.03.2023,12,2023,True,har,0.0249358503016512,0.019921961427912492
22,09.03.2023,12,2023,True,har,0.0249586919713104,0.018083846350869952
22,10.03.2023,12,2023,True,har,0.0251118380030454,0.018077793560690156
22,13.03.2023,12,2023,True,har,0.0246771311810124,0.01839182577313521
22,14.03.2023,12,2023,True,har,0.0225564313182902,0.018713666564236196
22,15.03.2023,12,2023,True,har,0.0197355699422465,0.02075711391241771
22,16.03.2023,12,2023,True,har,0.0197091627953175,0.02289969926761496
22,17.03.2023,12,2023,True,har,0.0194578296907085,0.02238429454716461
22,20.03.2023,12,2023,True,har,0.02046665545334,0.022179954704120663
22,21.03.2023,12,2023,True,har,0.0201558531469177,0.022314380107269514
22,22.03.2023,12,2023,True,har,0.020013832184029,0.023138593964323103
22,23.03.2023,12,2023,True,har,0.0206653529311021,0.021393276722632172
22,24.03.2023,12,2023,True,har,0.0223065862245417,0.020951461013752185
22,27.03.2023,12,2023,True,har,0.0205976253007821,0.02045157554256371
22,28.03.2023,12,2023,True,har,0.0207915889079086,0.023618400090179237
22,29.03.2023,12,2023,True,har,0.0207734164786863,0.022049093823008504
22,30.03.2023,12,2023,True,har,0.0233582524845152,0.02192038196978624
22,31.03.2023,12,2023,True,har,0.0246325857155883,0.022152909397696166
22,03.04.2023,12,2023,True,har,0.0196593938881014,0.021398716657683045
22,04.04.2023,12,2023,True,har,0.0218553693166903,0.026961002268521314
22,05.04.2023,12,2023,True,har,0.0226278625734761,0.024060161046930532
22,06.04.2023,12,2023,True,har,0.0226952475433795,0.023927224499979714
22,10.04.2023,12,2023,True,har,0.0227330808461533,0.02395856547862269
22,11.04.2023,12,2023,True,har,0.0224171947054902,0.024609867908383806
22,12.04.2023,12,2023,True,har,0.0216704449737911,0.022131353177441533
22,13.04.2023,12,2023,True,har,0.0220872531612796,0.021547104173474284
22,14.04.2023,12,2023,True,har,0.0220073441575912,0.019983250433000047
22,17.04.2023,12,2023,True,har,0.022949034134982,0.019520111280384504
22,18.04.2023,12,2023,True,har,0.0230218377698363,0.020140894858704142
22,19.04.2023,12,2023,True,har,0.02278987303652,0.01918642079127285
22,20.04.2023,12,2023,True,har,0.0224132652295278,0.01965082419445719
22,21.04.2023,12,2023,True,har,0.0225199430764156,0.02048038006412861
22,24.04.2023,12,2023,True,har,0.0227812736856685,0.019858293150924557
22,25.04.2023,12,2023,True,har,0.0229342503426524,0.020318246804828275
22,26.04.2023,12,2023,True,har,0.0215594714572664,0.020497342762070093
22,27.04.2023,12,2023,True,har,0.0234620179769151,0.022584378682943183
22,28.04.2023,12,2023,True,har,0.0231938199585666,0.021561658670368307
22,01.05.2023,12,2023,True,har,0.0238564631335598,0.022011532400860116
22,02.05.2023,12,2023,True,har,0.0219115265520043,0.02127893175252281
22,03.05.2023,12,2023,True,har,0.0199371724734708,0.022740414434932996
22,04.05.2023,12,2023,True,har,0.0200131361145073,0.023079321983626024
22,05.05.2023,12,2023,True,har,0.0184468039806321,0.021489855999249324
22,08.05.2023,12,2023,True,har,0.0180240678572491,0.02494584708225695
22,09.05.2023,12,2023,True,har,0.0182386494669992,0.02515947362949615
22,10.05.2023,12,2023,True,har,0.0198902170101001,0.023103446768421708
22,11.05.2023,12,2023,True,har,0.020981530213953,0.021832095547116424
22,12.05.2023,12,2023,True,har,0.0210907620184259,0.022621507658118687
22,15.05.2023,12,2023,True,har,0.0220902097591133,0.021387104197504225
22,16.05.2023,12,2023,True,har,0.0222115706408367,0.021324295986281765
22,17.05.2023,12,2023,True,har,0.0215277886636179,0.02077504162999949
22,18.05.2023,12,2023,True,har,0.0215757692531831,0.02287089367642489
22,19.05.2023,12,2023,True,har,0.0232077384845356,0.02205801917057052
22,22.05.2023,12,2023,True,har,0.0231726469204681,0.02144684015900682
22,23.05.2023,12,2023,True,har,0.0230457317642019,0.021278471871332374
22,24.05.2023,12,2023,True,har,0.0231095559960712,0.021370716759966067
22,25.05.2023,12,2023,True,har,0.0232187059881258,0.0207872059949945
22,26.05.2023,12,2023,True,har,0.0231388341866983,0.022056328519547336
22,30.05.2023,12,2023,True,har,0.0210263151722418,0.021270119330314724
22,31.05.2023,12,2023,True,har,0.0208538657453961,0.024989543712192468
22,01.06.2023,12,2023,True,har,0.0210822622601066,0.022146004512276607
22,02.06.2023,12,2023,True,har,0.0204415999912974,0.021907795138169723
22,05.06.2023,12,2023,True,har,0.0210763629642878,0.022585928679926273
22,06.06.2023,12,2023,True,har,0.0211643094430391,0.021068166951058724
22,07.06.2023,12,2023,True,har,0.0215767489306453,0.019067936140507342
22,08.06.2023,12,2023,True,har,0.0213856750613018,0.01871375294295908
22,09.06.2023,12,2023,True,har,0.0211676136211213,0.0191552263088077
22,12.06.2023,12,2023,True,har,0.0194489535815982,0.01877240338167989
22,13.06.2023,12,2023,True,har,0.0188862152061694,0.02154562432905318
22,14.06.2023,12,2023,True,har,0.0186345205848223,0.02314841660460219
22,15.06.2023,12,2023,True,har,0.0174697551197225,0.022413282772539442
22,16.06.2023,12,2023,True,har,0.0173231414404854,0.024109229611259192
22,20.06.2023,12,2023,True,har,0.0174614538385304,0.023180683678900936
22,21.06.2023,12,2023,True,har,0.0176431737114109,0.021951299902749
22,22.06.2023,12,2023,True,har,0.0149047202265153,0.02193056584122889
22,23.06.2023,12,2023,True,har,0.015079692264944,0.024666511186274567
22,26.06.2023,12,2023,True,har,0.015243561400451,0.022292655015426113
22,27.06.2023,12,2023,True,har,0.0134676771204709,0.02181828395182382
22,28.06.2023,12,2023,True,har,0.0129328463336767,0.02315047918091047
22,29.06.2023,12,2023,True,har,0.0132774851167217,0.022641309756301034
22,30.06.2023,12,2023,True,har,0.0144106945743932,0.020905318930990575
22,03.07.2023,12,2023,True,har,0.0147959418403921,0.020784104042564068
22,05.07.2023,12,2023,True,har,0.0141711701681135,0.020255221077747125
22,06.07.2023,12,2023,True,har,0.0144998538332231,0.020888522769302323
22,07.07.2023,12,2023,True,har,0.0138328008545123,0.019783268115173513
22,10.07.2023,12,2023,True,har,0.013663049385961,0.02132030144761754
22,11.07.2023,12,2023,True,har,0.0137070125860064,0.021049941661838337
22,12.07.2023,12,2023,True,har,0.0136624481961559,0.02152438188839223
22,13.07.2023,12,2023,True,har,0.0135736861477523,0.019529040714409952
22,14.07.2023,12,2023,True,har,0.0133614431662723,0.019153556761412515
22,17.07.2023,12,2023,True,har,0.0133476898903733,0.019783799122503783
22,18.07.2023,12,2023,True,har,0.0131552133214876,0.01959507043226264
22,19.07.2023,12,2023,True,har,0.0131637716422082,0.019292719618553722
22,20.07.2023,12,2023,True,har,0.0132473627396547,0.018659931757065103
22,21.07.2023,12,2023,True,har,0.0128973573627162,0.01819363539865492
22,24.07.2023,12,2023,True,har,0.012403110879553,0.017533693028965392
22,25.07.2023,12,2023,True,har,0.0121845462694473,0.017252147139069245
22,26.07.2023,12,2023,True,har,0.012355495143586,0.016876145582421863
22,27.07.2023,12,2023,True,har,0.011897328533569,0.016308785247346767
22,28.07.2023,12,2023,True,har,0.0120538236488698,0.016337048700136126
22,31.07.2023,12,2023,True,har,0.0120042978774648,0.015995301385866707
22,01.08.2023,12,2023,True,har,0.0121090691454845,0.01567861025706322
22,02.08.2023,12,2023,True,har,0.0117179951113208,0.01600501252787582
22,03.08.2023,12,2023,True,har,0.0112650031059135,0.017170010824847006
22,04.08.2023,12,2023,True,har,0.0110632735084573,0.017810886790751775
22,07.08.2023,12,2023,True,har,0.0109182274017995,0.017159094013669746
22,08.08.2023,12,2023,True,har,0.0108726718744491,0.017178600675186114
22,09.08.2023,12,2023,True,har,0.0104475519981917,0.01687725369512167
22,10.08.2023,12,2023,True,har,0.0103064107787143,0.016568796345946227
22,11.08.2023,12,2023,True,har,0.0103478683215413,0.016751600993064497
22,14.08.2023,12,2023,True,har,0.0107265530165851,0.015819600222026487
22,15.08.2023,12,2023,True,har,0.0098420906274665,0.015452463645365642
22,16.08.2023,12,2023,True,har,0.0085651772566612,0.016211990908374368
22,17.08.2023,12,2023,True,har,0.0086588950075788,0.016114547549580468
22,18.08.2023,12,2023,True,har,0.0091162068622506,0.016110033521546795
22,21.08.2023,12,2023,True,har,0.0090531900731698,0.016012890940387714
22,22.08.2023,12,2023,True,har,0.0088664648381192,0.015522671480278062
22,23.08.2023,12,2023,True,har,0.0083243122615552,0.015284079245269717
22,24.08.2023,12,2023,True,har,0.0082985217738731,0.015190056237091926
22,25.08.2023,12,2023,True,har,0.0093810110357388,0.014452740401418548
22,28.08.2023,12,2023,True,har,0.0100702665634395,0.015263281084238814
22,29.08.2023,12,2023,True,har,0.010026998612041,0.014697187312051512
22,30.08.2023,12,2023,True,har,0.0153372834777247,0.015396437970019352
22,31.08.2023,12,2023,True,har,0.0152026440030065,0.014164348124326126
22,01.09.2023,12,2023,True,har,0.0193687722845591,0.013972567897707537
22,05.09.2023,12,2023,True,har,0.0193345629275546,0.01470557826331947
22,06.09.2023,12,2023,True,har,0.0193310990708583,0.014420682663856963
22,07.09.2023,12,2023,True,har,0.0214884751820163,0.014065898721051216
22,08.09.2023,12,2023,True,har,0.0214146239718779,0.014513251668093637
22,11.09.2023,12,2023,True,har,0.0218122360366209,0.014287461702845793
22,12.09.2023,12,2023,True,har,0.0214686453796243,0.013794958489455196
22,13.09.2023,12,2023,True,har,0.0248221649210404,0.014434349998689928
22,14.09.2023,12,2023,True,har,0.0245526533148331,0.013517091607107486
22,15.09.2023,12,2023,True,har,0.0245556369409957,0.013866176888167403
22,18.09.2023,12,2023,True,har,0.024869023276908,0.013255454776424602
22,19.09.2023,12,2023,True,har,0.0249796705122023,0.01326442743846868
22,20.09.2023,12,2023,True,har,0.0249238164937335,0.012979513038863175
22,21.09.2023,12,2023,True,har,0.0254851956084777,0.013613227322132387
22,22.09.2023,12,2023,True,har,0.025770536572527,0.01247658994329413
22,25.09.2023,12,2023,True,har,0.0263463029481849,0.012389281329185466
22,26.09.2023,12,2023,True,har,0.0267173525954776,0.012149811778213141
22,27.09.2023,12,2023,True,har,0.0267940548140453,0.012628849179209723
22,28.09.2023,12,2023,True,har,0.0275482827927616,0.014834255499269457
22,29.09.2023,12,2023,True,har,0.0275498821303965,0.014968526635895932
22,02.10.2023,12,2023,True,har,0.0264197539661282,0.014516025162318539
22,03.10.2023,12,2023,True,har,0.0271211238889912,0.02069407237537311
22,04.10.2023,12,2023,True,har,0.0246033014827405,0.01859885045422764
22,05.10.2023,12,2023,True,har,0.0242027126612306,0.023189626490835183
22,06.10.2023,12,2023,True,har,0.0258636256846257,0.02186273141433416
22,09.10.2023,12,2023,True,har,0.0244718321558384,0.021482101176200353
22,10.10.2023,12,2023,True,har,0.0245732522558827,0.024972805781370226
22,11.10.2023,12,2023,True,har,0.0246863870054366,0.023390095194315976
22,12.10.2023,12,2023,True,har,0.0248978451168117,0.022848123736425592
22,13.10.2023,12,2023,True,har,0.0213897065568391,0.02147166667963705
22,16.10.2023,12,2023,True,har,0.0214361183562219,0.026595824103851688
22,17.10.2023,12,2023,True,har,0.0232208176904787,0.024762682930759602
22,18.10.2023,12,2023,True,har,0.0248115702520002,0.024303326228361663
22,19.10.2023,12,2023,True,har,0.0252629442295056,0.02458298934982199
22,20.10.2023,12,2023,True,har,0.0252983760204304,0.024255211248951872
22,23.10.2023,12,2023,True,har,0.0248818809372874,0.022251189274142442
22,24.10.2023,12,2023,True,har,0.0248050693412323,0.024005932056625684
22,25.10.2023,12,2023,True,har,0.0240561202846233,0.02415198086010889
22,26.10.2023,12,2023,True,har,0.0242860506686515,0.024378172707528113
22,27.10.2023,12,2023,True,har,0.0236883587309733,0.024681217246032016
22,30.10.2023,12,2023,True,har,0.0227087651937275,0.02612949983024959
22,31.10.2023,12,2023,True,har,0.0247573480248378,0.025988348438166508
22,01.11.2023,12,2023,True,har,0.0240275408938579,0.0245417502009331
22,02.11.2023,12,2023,True,har,0.0231318560560717,0.024456744189369006
22,03.11.2023,12,2023,True,har,0.0239098275167502,0.02477463949541376
22,06.11.2023,12,2023,True,har,0.0238255353970281,0.02433281164506586
22,07.11.2023,12,2023,True,har,0.0232020283910743,0.022317980998613447
22,08.11.2023,12,2023,True,har,0.0226810388071064,0.025350473975895245
22,09.11.2023,12,2023,True,har,0.023808104887314,0.024664842747521627
22,10.11.2023,12,2023,True,har,0.0236585610272213,0.023134567726434203
22,13.11.2023,12,2023,True,har,0.0245756901377228,0.022391056623828717
22,14.11.2023,12,2023,True,har,0.0245747663368332,0.02256388251161838
22,15.11.2023,12,2023,True,har,0.0248226962977263,0.020860199058524976
22,16.11.2023,12,2023,True,har,0.0228935553042145,0.02070612721855166
22,17.11.2023,12,2023,True,har,0.0211901372130333,0.024361529566391944
22,20.11.2023,12,2023,True,har,0.0206445732357432,0.02613949200271197
22,21.11.2023,12,2023,True,har,0.0206375172444499,0.025679802543985244
22,22.11.2023,12,2023,True,har,0.021388376736611,0.02481680229882783
22,24.11.2023,12,2023,True,har,0.02141419502368,0.024493358787298934
22,27.11.2023,12,2023,True,har,0.0216202358493343,0.02350879997897152
22,28.11.2023,12,2023,True,har,0.0213121753783969,0.02143919252838076
22,29.11.2023,12,2023,True,har,0.0209859018057342,0.021856408978419
22,30.11.2023,12,2023,True,har,0.0222573249556524,0.022236345635695973
22,01.12.2023,12,2023,True,har,0.0197870270231866,0.02113228275734939
22,04.12.2023,12,2023,True,har,0.0199249715498713,0.025058260747445875
22,05.12.2023,12,2023,True,har,0.0211345669069602,0.023444844410411753
22,06.12.2023,12,2023,True,har,0.0197648251281914,0.022915149100239927
22,07.12.2023,12,2023,True,har,0.0199067814975298,0.0232958453701905
22,08.12.2023,12,2023,True,har,0.019340702003589,0.021679187984206524
22,11.12.2023,12,2023,True,har,0.0194653756529334,0.023127998873214033
22,12.12.2023,12,2023,True,har,0.0174521025769769,0.022122945998386732
22,13.12.2023,12,2023,True,har,0.0173637398610036,0.024436281087521498
22,14.12.2023,12,2023,True,har,0.0164156206353523,0.023271135105476078
22,15.12.2023,12,2023,True,har,0.0165057046167272,0.02498193664804243
22,18.12.2023,12,2023,True,har,0.016545152834068,0.022460906681082506
22,19.12.2023,12,2023,True,har,0.0162653982630203,0.022463787003285225
22,20.12.2023,12,2023,True,har,0.0162692653760275,0.020405031787480977
22,21.12.2023,12,2023,True,har,0.0173831204712133,0.02014092978285886
22,22.12.2023,12,2023,True,har,0.0175086095834143,0.019756799724959875
22,26.12.2023,12,2023,True,har,0.0170876248399675,0.01970583601752237
22,27.12.2023,12,2023,True,har,0.0166081705586605,0.02113364286716654
22,28.12.2023,12,2023,True,har,0.0165185246225759,0.021143933394446146
22,29.12.2023,12,2023,True,har,0.0181194711180249,0.0211285984940981
22,03.01.2023,12,2023,True,har_ovx,0.0193515590231717,0.022978057819404766
22,04.01.2023,12,2023,True,har_ovx,0.015669449869361,0.024588687187746122
22,05.01.2023,12,2023,True,har_ovx,0.016920937984416,0.025757019135955767
22,06.01.2023,12,2023,True,har_ovx,0.0171397678512204,0.024642166506038378
22,09.01.2023,12,2023,True,har_ovx,0.017128777185531,0.02411746420722992
22,10.01.2023,12,2023,True,har_ovx,0.0176175237987587,0.02369844502487634
22,11.01.2023,12,2023,True,har_ovx,0.0164581209322758,0.022971246662794327
22,12.01.2023,12,2023,True,har_ovx,0.0164004821876756,0.022266955557616784
22,13.01.2023,12,2023,True,har_ovx,0.016111298030538,0.021331892600467726
22,17.01.2023,12,2023,True,har_ovx,0.0160347206739082,0.020705233734838645
22,18.01.2023,12,2023,True,har_ovx,0.016768573191207,0.02137840416585938
22,19.01.2023,12,2023,True,har_ovx,0.0164445852099527,0.021275938894496665
22,20.01.2023,12,2023,True,har_ovx,0.0169494204714395,0.02099896281726494
22,23.01.2023,12,2023,True,har_ovx,0.0175625432150422,0.02058421826759253
22,24.01.2023,12,2023,True,har_ovx,0.0172085162465789,0.020212043658326163
22,25.01.2023,12,2023,True,har_ovx,0.0172682845664583,0.021104446861103833
22,26.01.2023,12,2023,True,har_ovx,0.0173572412098978,0.020829400308702138
22,27.01.2023,12,2023,True,har_ovx,0.017334471432915,0.020834304472778793
22,30.01.2023,12,2023,True,har_ovx,0.0168331691770253,0.02088198002741072
22,31.01.2023,12,2023,True,har_ovx,0.0170101764179538,0.02166471761349057
22,01.02.2023,12,2023,True,har_ovx,0.0163941076297617,0.020547248126221447
22,02.02.2023,12,2023,True,har_ovx,0.018000409209883,0.020310480914650736
22,03.02.2023,12,2023,True,har_ovx,0.0169907369903069,0.019550267008786173
22,06.02.2023,12,2023,True,har_ovx,0.0170577113550186,0.020343172659016723
22,07.02.2023,12,2023,True,har_ovx,0.0157986535020339,0.02035004604902511
22,08.02.2023,12,2023,True,har_ovx,0.0161135454751052,0.020506178953409906
22,09.02.2023,12,2023,True,har_ovx,0.0181846480464576,0.020224145486191128
22,10.02.2023,12,2023,True,har_ovx,0.0196727684919191,0.019525094601357623
22,13.02.2023,12,2023,True,har_ovx,0.0200720810678781,0.01928454636565485
22,14.02.2023,12,2023,True,har_ovx,0.0203614514953121,0.01987392128376736
22,15.02.2023,12,2023,True,har_ovx,0.0207172640731752,0.019489440175246425
22,16.02.2023,12,2023,True,har_ovx,0.0215044975783279,0.01893838097183373
22,17.02.2023,12,2023,True,har_ovx,0.0215878098044962,0.01862947113393363
22,21.02.2023,12,2023,True,har_ovx,0.0216109647915393,0.019157422428171898
22,22.02.2023,12,2023,True,har_ovx,0.0209198908057939,0.019304436976420345
22,23.02.2023,12,2023,True,har_ovx,0.0224558959113802,0.02029838670823849
22,24.02.2023,12,2023,True,har_ovx,0.0223397679901299,0.019958887724940543
22,27.02.2023,12,2023,True,har_ovx,0.0223052078946839,0.020177365421449846
22,28.02.2023,12,2023,True,har_ovx,0.022128093993961,0.020117727735096055
22,01.03.2023,12,2023,True,har_ovx,0.022150873173151,0.019465971902321286
22,02.03.2023,12,2023,True,har_ovx,0.0261357542311379,0.01932312604269349
22,03.03.2023,12,2023,True,har_ovx,0.0259849427467869,0.018783574291067126
22,06.03.2023,12,2023,True,har_ovx,0.0259665517811534,0.018701323848458858
22,07.03.2023,12,2023,True,har_ovx,0.0248669651588038,0.01743718298620371
22,08.03.2023,12,2023,True,har_ovx,0.0249358503016512,0.01883268835299108
22,09.03.2023,12,2023,True,har_ovx,0.0249586919713104,0.018299892274938317
22,10.03.2023,12,2023,True,har_ovx,0.0251118380030454,0.018852114321117164
22,13.03.2023,12,2023,True,har_ovx,0.0246771311810124,0.01965894912562907
22,14.03.2023,12,2023,True,har_ovx,0.0225564313182902,0.020255562672382536
22,15.03.2023,12,2023,True,har_ovx,0.0197355699422465,0.02430051019690207
22,16.03.2023,12,2023,True,har_ovx,0.0197091627953175,0.02576804783070332
22,17.03.2023,12,2023,True,har_ovx,0.0194578296907085,0.025345924387238622
22,20.03.2023,12,2023,True,har_ovx,0.02046665545334,0.026236884598218057
22,21.03.2023,12,2023,True,har_ovx,0.0201558531469177,0.02626101826588441
22,22.03.2023,12,2023,True,har_ovx,0.020013832184029,0.025289992220597746
22,23.03.2023,12,2023,True,har_ovx,0.0206653529311021,0.024171088337370267
22,24.03.2023,12,2023,True,har_ovx,0.0223065862245417,0.024084691267416154
22,27.03.2023,12,2023,True,har_ovx,0.0205976253007821,0.024448251883078524
22,28.03.2023,12,2023,True,har_ovx,0.0207915889079086,0.02415596364591073
22,29.03.2023,12,2023,True,har_ovx,0.0207734164786863,0.023385801568738658
22,30.03.2023,12,2023,True,har_ovx,0.0233582524845152,0.022981140783793645
22,31.03.2023,12,2023,True,har_ovx,0.0246325857155883,0.022491981687454376
22,03.04.2023,12,2023,True,har_ovx,0.0196593938881014,0.021603542770403973
22,04.04.2023,12,2023,True,har_ovx,0.0218553693166903,0.022679995856102433
22,05.04.2023,12,2023,True,har_ovx,0.0226278625734761,0.022057899919227984
22,06.04.2023,12,2023,True,har_ovx,0.0226952475433795,0.02189997739543191
22,10.04.2023,12,2023,True,har_ovx,0.0227330808461533,0.02025039061106075
22,11.04.2023,12,2023,True,har_ovx,0.0224171947054902,0.020275433176228097
22,12.04.2023,12,2023,True,har_ovx,0.0216704449737911,0.01922252928982577
22,13.04.2023,12,2023,True,har_ovx,0.0220872531612796,0.018992408092956752
22,14.04.2023,12,2023,True,har_ovx,0.0220073441575912,0.018381297901131334
22,17.04.2023,12,2023,True,har_ovx,0.022949034134982,0.018178350275762103
22,18.04.2023,12,2023,True,har_ovx,0.0230218377698363,0.018519665948059413
22,19.04.2023,12,2023,True,har_ovx,0.02278987303652,0.018549037388086255
22,20.04.2023,12,2023,True,har_ovx,0.0224132652295278,0.018814479592785843
22,21.04.2023,12,2023,True,har_ovx,0.0225199430764156,0.019791721316633787
22,24.04.2023,12,2023,True,har_ovx,0.0227812736856685,0.019218254382418247
22,25.04.2023,12,2023,True,har_ovx,0.0229342503426524,0.019047569782700384
22,26.04.2023,12,2023,True,har_ovx,0.0215594714572664,0.02003701944123546
22,27.04.2023,12,2023,True,har_ovx,0.0234620179769151,0.02157988588987242
22,28.04.2023,12,2023,True,har_ovx,0.0231938199585666,0.020809709359860512
22,01.05.2023,12,2023,True,har_ovx,0.0238564631335598,0.020124659568637793
22,02.05.2023,12,2023,True,har_ovx,0.0219115265520043,0.02003579380273046
22,03.05.2023,12,2023,True,har_ovx,0.0199371724734708,0.02189961693896274
22,04.05.2023,12,2023,True,har_ovx,0.0200131361145073,0.02341047308998187
22,05.05.2023,12,2023,True,har_ovx,0.0184468039806321,0.023240853244805446
22,08.05.2023,12,2023,True,har_ovx,0.0180240678572491,0.021692793562640776
22,09.05.2023,12,2023,True,har_ovx,0.0182386494669992,0.021117751316261528
22,10.05.2023,12,2023,True,har_ovx,0.0198902170101001,0.02028043080752391
22,11.05.2023,12,2023,True,har_ovx,0.020981530213953,0.01938270573872105
22,12.05.2023,12,2023,True,har_ovx,0.0210907620184259,0.02027413104178109
22,15.05.2023,12,2023,True,har_ovx,0.0220902097591133,0.020439450828098067
22,16.05.2023,12,2023,True,har_ovx,0.0222115706408367,0.019520599131294666
22,17.05.2023,12,2023,True,har_ovx,0.0215277886636179,0.01968809457629713
22,18.05.2023,12,2023,True,har_ovx,0.0215757692531831,0.020460633805126152
22,19.05.2023,12,2023,True,har_ovx,0.0232077384845356,0.020098571936183973
22,22.05.2023,12,2023,True,har_ovx,0.0231726469204681,0.01987575757741402
22,23.05.2023,12,2023,True,har_ovx,0.0230457317642019,0.019690640711972594
22,24.05.2023,12,2023,True,har_ovx,0.0231095559960712,0.0195539181888401
22,25.05.2023,12,2023,True,har_ovx,0.0232187059881258,0.019661574054586003
22,26.05.2023,12,2023,True,har_ovx,0.0231388341866983,0.020386781838093115
22,30.05.2023,12,2023,True,har_ovx,0.0210263151722418,0.01991795124888271
22,31.05.2023,12,2023,True,har_ovx,0.0208538657453961,0.02239052438127529
22,01.06.2023,12,2023,True,har_ovx,0.0210822622601066,0.022134559156501983
22,02.06.2023,12,2023,True,har_ovx,0.0204415999912974,0.022041270161167997
22,05.06.2023,12,2023,True,har_ovx,0.0210763629642878,0.0218871611784812
22,06.06.2023,12,2023,True,har_ovx,0.0211643094430391,0.020744613690522228
22,07.06.2023,12,2023,True,har_ovx,0.0215767489306453,0.019469473975243103
22,08.06.2023,12,2023,True,har_ovx,0.0213856750613018,0.018547212544421612
22,09.06.2023,12,2023,True,har_ovx,0.0211676136211213,0.019101370201072387
22,12.06.2023,12,2023,True,har_ovx,0.0194489535815982,0.018372313347209922
22,13.06.2023,12,2023,True,har_ovx,0.0188862152061694,0.02013748165724103
22,14.06.2023,12,2023,True,har_ovx,0.0186345205848223,0.019203505442993297
22,15.06.2023,12,2023,True,har_ovx,0.0174697551197225,0.01951060842654257
22,16.06.2023,12,2023,True,har_ovx,0.0173231414404854,0.01979705580833037
22,20.06.2023,12,2023,True,har_ovx,0.0174614538385304,0.019548032105090873
22,21.06.2023,12,2023,True,har_ovx,0.0176431737114109,0.019725436359400376
22,22.06.2023,12,2023,True,har_ovx,0.0149047202265153,0.01906684665316226
22,23.06.2023,12,2023,True,har_ovx,0.015079692264944,0.020495177485747293
22,26.06.2023,12,2023,True,har_ovx,0.015243561400451,0.020005865477051528
22,27.06.2023,12,2023,True,har_ovx,0.0134676771204709,0.020377464088033592
22,28.06.2023,12,2023,True,har_ovx,0.0129328463336767,0.021715883256847975
22,29.06.2023,12,2023,True,har_ovx,0.0132774851167217,0.020743467916153065
22,30.06.2023,12,2023,True,har_ovx,0.0144106945743932,0.019644784702045823
22,03.07.2023,12,2023,True,har_ovx,0.0147959418403921,0.018801692161619702
22,05.07.2023,12,2023,True,har_ovx,0.0141711701681135,0.018926850988329164
22,06.07.2023,12,2023,True,har_ovx,0.0144998538332231,0.018932765601890812
22,07.07.2023,12,2023,True,har_ovx,0.0138328008545123,0.019136885715849074
22,10.07.2023,12,2023,True,har_ovx,0.013663049385961,0.01930046695953945
22,11.07.2023,12,2023,True,har_ovx,0.0137070125860064,0.02077242854987097
22,12.07.2023,12,2023,True,har_ovx,0.0136624481961559,0.01859819061354192
22,13.07.2023,12,2023,True,har_ovx,0.0135736861477523,0.01823540707606189
22,14.07.2023,12,2023,True,har_ovx,0.0133614431662723,0.017117126570858458
22,17.07.2023,12,2023,True,har_ovx,0.0133476898903733,0.017316788801420763
22,18.07.2023,12,2023,True,har_ovx,0.0131552133214876,0.01783654440438813
22,19.07.2023,12,2023,True,har_ovx,0.0131637716422082,0.017466541194947754
22,20.07.2023,12,2023,True,har_ovx,0.0132473627396547,0.01746890257456125
22,21.07.2023,12,2023,True,har_ovx,0.0128973573627162,0.016956304108447735
22,24.07.2023,12,2023,True,har_ovx,0.012403110879553,0.016642936214590804
22,25.07.2023,12,2023,True,har_ovx,0.0121845462694473,0.01665360339571411
22,26.07.2023,12,2023,True,har_ovx,0.012355495143586,0.016766809256135752
22,27.07.2023,12,2023,True,har_ovx,0.011897328533569,0.016456461701323002
22,28.07.2023,12,2023,True,har_ovx,0.0120538236488698,0.01613296086545185
22,31.07.2023,12,2023,True,har_ovx,0.0120042978774648,0.016156008270946157
22,01.08.2023,12,2023,True,har_ovx,0.0121090691454845,0.01568486172824657
22,02.08.2023,12,2023,True,har_ovx,0.0117179951113208,0.015741998447810705
22,03.08.2023,12,2023,True,har_ovx,0.0112650031059135,0.016234771155757402
22,04.08.2023,12,2023,True,har_ovx,0.0110632735084573,0.016345475891849447
22,07.08.2023,12,2023,True,har_ovx,0.0109182274017995,0.01603784336737242
22,08.08.2023,12,2023,True,har_ovx,0.0108726718744491,0.01593464330197771
22,09.08.2023,12,2023,True,har_ovx,0.0104475519981917,0.015645737864651205
22,10.08.2023,12,2023,True,har_ovx,0.0103064107787143,0.015990078620966547
22,11.08.2023,12,2023,True,har_ovx,0.0103478683215413,0.015561875083908067
22,14.08.2023,12,2023,True,har_ovx,0.0107265530165851,0.015636966696812266
22,15.08.2023,12,2023,True,har_ovx,0.0098420906274665,0.015355577641012932
22,16.08.2023,12,2023,True,har_ovx,0.0085651772566612,0.01583297772278276
22,17.08.2023,12,2023,True,har_ovx,0.0086588950075788,0.015792132407220615
22,18.08.2023,12,2023,True,har_ovx,0.0091162068622506,0.016146418828304965
22,21.08.2023,12,2023,True,har_ovx,0.0090531900731698,0.01581459757298066
22,22.08.2023,12,2023,True,har_ovx,0.0088664648381192,0.015891840704775187
22,23.08.2023,12,2023,True,har_ovx,0.0083243122615552,0.01566975070835376
22,24.08.2023,12,2023,True,har_ovx,0.0082985217738731,0.015554687064574314
22,25.08.2023,12,2023,True,har_ovx,0.0093810110357388,0.01552518989978665
22,28.08.2023,12,2023,True,har_ovx,0.0100702665634395,0.0157216312439494
22,29.08.2023,12,2023,True,har_ovx,0.010026998612041,0.015538826139821826
22,30.08.2023,12,2023,True,har_ovx,0.0153372834777247,0.015317629954999953
22,31.08.2023,12,2023,True,har_ovx,0.0152026440030065,0.014591395200454261
22,01.09.2023,12,2023,True,har_ovx,0.0193687722845591,0.01452307026040821
22,05.09.2023,12,2023,True,har_ovx,0.0193345629275546,0.015070538464404603
22,06.09.2023,12,2023,True,har_ovx,0.0193310990708583,0.015405509259223335
22,07.09.2023,12,2023,True,har_ovx,0.0214884751820163,0.015226263547821242
22,08.09.2023,12,2023,True,har_ovx,0.0214146239718779,0.01514551372471221
22,11.09.2023,12,2023,True,har_ovx,0.0218122360366209,0.014933030489424477
22,12.09.2023,12,2023,True,har_ovx,0.0214686453796243,0.01372065326132906
22,13.09.2023,12,2023,True,har_ovx,0.0248221649210404,0.013793594625025447
22,14.09.2023,12,2023,True,har_ovx,0.0245526533148331,0.013928945388459364
22,15.09.2023,12,2023,True,har_ovx,0.0245556369409957,0.01459288529366493
22,18.09.2023,12,2023,True,har_ovx,0.024869023276908,0.014700845430870668
22,19.09.2023,12,2023,True,har_ovx,0.0249796705122023,0.014972060299194675
22,20.09.2023,12,2023,True,har_ovx,0.0249238164937335,0.015826967446089413
22,21.09.2023,12,2023,True,har_ovx,0.0254851956084777,0.016026345126878894
22,22.09.2023,12,2023,True,har_ovx,0.025770536572527,0.016028785748848497
22,25.09.2023,12,2023,True,har_ovx,0.0263463029481849,0.01571848565050523
22,26.09.2023,12,2023,True,har_ovx,0.0267173525954776,0.0157669422635228
22,27.09.2023,12,2023,True,har_ovx,0.0267940548140453,0.016052751976694875
22,28.09.2023,12,2023,True,har_ovx,0.0275482827927616,0.017135957344274838
22,29.09.2023,12,2023,True,har_ovx,0.0275498821303965,0.016888754861061856
22,02.10.2023,12,2023,True,har_ovx,0.0264197539661282,0.017030519923862064
22,03.10.2023,12,2023,True,har_ovx,0.0271211238889912,0.01858423389360565
22,04.10.2023,12,2023,True,har_ovx,0.0246033014827405,0.01860512077840261
22,05.10.2023,12,2023,True,har_ovx,0.0242027126612306,0.020370965941652015
22,06.10.2023,12,2023,True,har_ovx,0.0258636256846257,0.020544555206689716
22,09.10.2023,12,2023,True,har_ovx,0.0244718321558384,0.020155618694210377
22,10.10.2023,12,2023,True,har_ovx,0.0245732522558827,0.022676534837288646
22,11.10.2023,12,2023,True,har_ovx,0.0246863870054366,0.0222137360639667
22,12.10.2023,12,2023,True,har_ovx,0.0248978451168117,0.021596733149409523
22,13.10.2023,12,2023,True,har_ovx,0.0213897065568391,0.021076985532640317
22,16.10.2023,12,2023,True,har_ovx,0.0214361183562219,0.024584671886371347
22,17.10.2023,12,2023,True,har_ovx,0.0232208176904787,0.02277943796691137
22,18.10.2023,12,2023,True,har_ovx,0.0248115702520002,0.02292759316283927
22,19.10.2023,12,2023,True,har_ovx,0.0252629442295056,0.024054025894619233
22,20.10.2023,12,2023,True,har_ovx,0.0252983760204304,0.02446746137981163
22,23.10.2023,12,2023,True,har_ovx,0.0248818809372874,0.02295744845197103
22,24.10.2023,12,2023,True,har_ovx,0.0248050693412323,0.022657151818596094
22,25.10.2023,12,2023,True,har_ovx,0.0240561202846233,0.022488674779671536
22,26.10.2023,12,2023,True,har_ovx,0.0242860506686515,0.024049750425970018
22,27.10.2023,12,2023,True,har_ovx,0.0236883587309733,0.02374881151202672
22,30.10.2023,12,2023,True,har_ovx,0.0227087651937275,0.025255554374218524
22,31.10.2023,12,2023,True,har_ovx,0.0247573480248378,0.02427202499043269
22,01.11.2023,12,2023,True,har_ovx,0.0240275408938579,0.023158877951326623
22,02.11.2023,12,2023,True,har_ovx,0.0231318560560717,0.022558917880762044
22,03.11.2023,12,2023,True,har_ovx,0.0239098275167502,0.02243729665654355
22,06.11.2023,12,2023,True,har_ovx,0.0238255353970281,0.021733604031784697
22,07.11.2023,12,2023,True,har_ovx,0.0232020283910743,0.02039974229487286
22,08.11.2023,12,2023,True,har_ovx,0.0226810388071064,0.022091212516860116
22,09.11.2023,12,2023,True,har_ovx,0.023808104887314,0.022578305597182474
22,10.11.2023,12,2023,True,har_ovx,0.0236585610272213,0.022392254752040278
22,13.11.2023,12,2023,True,har_ovx,0.0245756901377228,0.021618162636209862
22,14.11.2023,12,2023,True,har_ovx,0.0245747663368332,0.021733739510475122
22,15.11.2023,12,2023,True,har_ovx,0.0248226962977263,0.020703024643142567
22,16.11.2023,12,2023,True,har_ovx,0.0228935553042145,0.021041275060436977
22,17.11.2023,12,2023,True,har_ovx,0.0211901372130333,0.023307785663829357
22,20.11.2023,12,2023,True,har_ovx,0.0206445732357432,0.023032005609833088
22,21.11.2023,12,2023,True,har_ovx,0.0206375172444499,0.022410376681342308
22,22.11.2023,12,2023,True,har_ovx,0.021388376736611,0.022043015838945575
22,24.11.2023,12,2023,True,har_ovx,0.02141419502368,0.023581760808008688
22,27.11.2023,12,2023,True,har_ovx,0.0216202358493343,0.023353126189296258
22,28.11.2023,12,2023,True,har_ovx,0.0213121753783969,0.022899673366153332
22,29.11.2023,12,2023,True,har_ovx,0.0209859018057342,0.022699377137413115
22,30.11.2023,12,2023,True,har_ovx,0.0222573249556524,0.02274649294252517
22,01.12.2023,12,2023,True,har_ovx,0.0197870270231866,0.021167417446510725
22,04.12.2023,12,2023,True,har_ovx,0.0199249715498713,0.020872531925560763
22,05.12.2023,12,2023,True,har_ovx,0.0211345669069602,0.0214445387404106
22,06.12.2023,12,2023,True,har_ovx,0.0197648251281914,0.02056906307317825
22,07.12.2023,12,2023,True,har_ovx,0.0199067814975298,0.02183992923615342
22,08.12.2023,12,2023,True,har_ovx,0.019340702003589,0.020767339066528834
22,11.12.2023,12,2023,True,har_ovx,0.0194653756529334,0.020525707253030573
22,12.12.2023,12,2023,True,har_ovx,0.0174521025769769,0.01996138694494641
22,13.12.2023,12,2023,True,har_ovx,0.0173637398610036,0.02097692559595781
22,14.12.2023,12,2023,True,har_ovx,0.0164156206353523,0.020718612434215078
22,15.12.2023,12,2023,True,har_ovx,0.0165057046167272,0.020165691244394813
22,18.12.2023,12,2023,True,har_ovx,0.016545152834068,0.02003613947229582
22,19.12.2023,12,2023,True,har_ovx,0.0162653982630203,0.020823805078968388
22,20.12.2023,12,2023,True,har_ovx,0.0162692653760275,0.019221284433561157
22,21.12.2023,12,2023,True,har_ovx,0.0173831204712133,0.019162750094124294
22,22.12.2023,12,2023,True,har_ovx,0.0175086095834143,0.019196850946719555
22,26.12.2023,12,2023,True,har_ovx,0.0170876248399675,0.018393373778622227
22,27.12.2023,12,2023,True,har_ovx,0.0166081705586605,0.019212711454009178
22,28.12.2023,12,2023,True,har_ovx,0.0165185246225759,0.019630902097325112
22,29.12.2023,12,2023,True,har_ovx,0.0181194711180249,0.020060332762312786
22,03.01.2023,12,2023,True,har_gpr,0.0193515590231717,0.025432240994060176
22,04.01.2023,12,2023,True,har_gpr,0.015669449869361,0.02712927924056404
22,05.01.2023,12,2023,True,har_gpr,0.016920937984416,0.028431396923251886
22,06.01.2023,12,2023,True,har_gpr,0.0171397678512204,0.02637760991675941
22,09.01.2023,12,2023,True,har_gpr,0.017128777185531,0.025655515546990717
22,10.01.2023,12,2023,True,har_gpr,0.0176175237987587,0.025117079291485545
22,11.01.2023,12,2023,True,har_gpr,0.0164581209322758,0.02429419055339324
22,12.01.2023,12,2023,True,har_gpr,0.0164004821876756,0.02358785153278052
22,13.01.2023,12,2023,True,har_gpr,0.016111298030538,0.0226125830880868
22,17.01.2023,12,2023,True,har_gpr,0.0160347206739082,0.021994876614713294
22,18.01.2023,12,2023,True,har_gpr,0.016768573191207,0.021825672922946023
22,19.01.2023,12,2023,True,har_gpr,0.0164445852099527,0.022213445901918802
22,20.01.2023,12,2023,True,har_gpr,0.0169494204714395,0.021841066774925897
22,23.01.2023,12,2023,True,har_gpr,0.0175625432150422,0.022060593022440525
22,24.01.2023,12,2023,True,har_gpr,0.0172085162465789,0.020871618085047044
22,25.01.2023,12,2023,True,har_gpr,0.0172682845664583,0.02254131311494781
22,26.01.2023,12,2023,True,har_gpr,0.0173572412098978,0.020873221794814514
22,27.01.2023,12,2023,True,har_gpr,0.017334471432915,0.021607920904624944
22,30.01.2023,12,2023,True,har_gpr,0.0168331691770253,0.021143374730326226
22,31.01.2023,12,2023,True,har_gpr,0.0170101764179538,0.023049581691641306
22,01.02.2023,12,2023,True,har_gpr,0.0163941076297617,0.021030166006320277
22,02.02.2023,12,2023,True,har_gpr,0.018000409209883,0.02068624512957446
22,03.02.2023,12,2023,True,har_gpr,0.0169907369903069,0.01703287338772266
22,06.02.2023,12,2023,True,har_gpr,0.0170577113550186,0.018718083546451172
22,07.02.2023,12,2023,True,har_gpr,0.0157986535020339,0.018280771168889258
22,08.02.2023,12,2023,True,har_gpr,0.0161135454751052,0.020804245816648782
22,09.02.2023,12,2023,True,har_gpr,0.0181846480464576,0.02017179989387294
22,10.02.2023,12,2023,True,har_gpr,0.0196727684919191,0.019635295139806455
22,13.02.2023,12,2023,True,har_gpr,0.0200720810678781,0.01931407606696281
22,14.02.2023,12,2023,True,har_gpr,0.0203614514953121,0.017683026239987777
22,15.02.2023,12,2023,True,har_gpr,0.0207172640731752,0.017987955426628573
22,16.02.2023,12,2023,True,har_gpr,0.0215044975783279,0.017338201023870327
22,17.02.2023,12,2023,True,har_gpr,0.0215878098044962,0.01714490835076144
22,21.02.2023,12,2023,True,har_gpr,0.0216109647915393,0.01799321147660852
22,22.02.2023,12,2023,True,har_gpr,0.0209198908057939,0.017642937183619117
22,23.02.2023,12,2023,True,har_gpr,0.0224558959113802,0.019472048819097636
22,24.02.2023,12,2023,True,har_gpr,0.0223397679901299,0.020191096774591927
22,27.02.2023,12,2023,True,har_gpr,0.0223052078946839,0.0199937032255241
22,28.02.2023,12,2023,True,har_gpr,0.022128093993961,0.019342995996670276
22,01.03.2023,12,2023,True,har_gpr,0.022150873173151,0.01989241337929907
22,02.03.2023,12,2023,True,har_gpr,0.0261357542311379,0.01838983138312337
22,03.03.2023,12,2023,True,har_gpr,0.0259849427467869,0.01788801028956382
22,06.03.2023,12,2023,True,har_gpr,0.0259665517811534,0.018214174872550483
22,07.03.2023,12,2023,True,har_gpr,0.0248669651588038,0.016433768349518582
22,08.03.2023,12,2023,True,har_gpr,0.0249358503016512,0.02014171279778323
22,09.03.2023,12,2023,True,har_gpr,0.0249586919713104,0.018314578590257303
22,10.03.2023,12,2023,True,har_gpr,0.0251118380030454,0.018307347110004053
22,13.03.2023,12,2023,True,har_gpr,0.0246771311810124,0.01861951652645937
22,14.03.2023,12,2023,True,har_gpr,0.0225564313182902,0.019291901001728423
22,15.03.2023,12,2023,True,har_gpr,0.0197355699422465,0.02132242394073023
22,16.03.2023,12,2023,True,har_gpr,0.0197091627953175,0.023450521980185872
22,17.03.2023,12,2023,True,har_gpr,0.0194578296907085,0.022936929599349686
22,20.03.2023,12,2023,True,har_gpr,0.02046665545334,0.022745123935271252
22,21.03.2023,12,2023,True,har_gpr,0.0201558531469177,0.022329943879033545
22,22.03.2023,12,2023,True,har_gpr,0.020013832184029,0.023149030148677308
22,23.03.2023,12,2023,True,har_gpr,0.0206653529311021,0.021438597546082933
22,24.03.2023,12,2023,True,har_gpr,0.0223065862245417,0.020996207491654345
22,27.03.2023,12,2023,True,har_gpr,0.0205976253007821,0.020505400968379574
22,28.03.2023,12,2023,True,har_gpr,0.0207915889079086,0.024138034739142607
22,29.03.2023,12,2023,True,har_gpr,0.0207734164786863,0.022584582435146976
22,30.03.2023,12,2023,True,har_gpr,0.0233582524845152,0.022456892771084373
22,31.03.2023,12,2023,True,har_gpr,0.0246325857155883,0.022690166955983603
22,03.04.2023,12,2023,True,har_gpr,0.0196593938881014,0.021947848898132876
22,04.04.2023,12,2023,True,har_gpr,0.0218553693166903,0.026845267692961663
22,05.04.2023,12,2023,True,har_gpr,0.0226278625734761,0.023968094386746814
22,06.04.2023,12,2023,True,har_gpr,0.0226952475433795,0.02383741733591106
22,10.04.2023,12,2023,True,har_gpr,0.0227330808461533,0.023865813609718785
22,11.04.2023,12,2023,True,har_gpr,0.0224171947054902,0.025415707629541033
22,12.04.2023,12,2023,True,har_gpr,0.0216704449737911,0.022989400997669097
22,13.04.2023,12,2023,True,har_gpr,0.0220872531612796,0.02239469932292116
22,14.04.2023,12,2023,True,har_gpr,0.0220073441575912,0.02082308709507421
22,17.04.2023,12,2023,True,har_gpr,0.022949034134982,0.020364957536973854
22,18.04.2023,12,2023,True,har_gpr,0.0230218377698363,0.020012912343860205
22,19.04.2023,12,2023,True,har_gpr,0.02278987303652,0.01907247384101047
22,20.04.2023,12,2023,True,har_gpr,0.0224132652295278,0.01954209085931647
22,21.04.2023,12,2023,True,har_gpr,0.0225199430764156,0.020364605193597743
22,24.04.2023,12,2023,True,har_gpr,0.0227812736856685,0.019746128771802034
22,25.04.2023,12,2023,True,har_gpr,0.0229342503426524,0.021149977661623513
22,26.04.2023,12,2023,True,har_gpr,0.0215594714572664,0.021319302236401723
22,27.04.2023,12,2023,True,har_gpr,0.0234620179769151,0.02338938235917145
22,28.04.2023,12,2023,True,har_gpr,0.0231938199585666,0.0223772166027022
22,01.05.2023,12,2023,True,har_gpr,0.0238564631335598,0.022820584225353633
22,02.05.2023,12,2023,True,har_gpr,0.0219115265520043,0.021451551065669046
22,03.05.2023,12,2023,True,har_gpr,0.0199371724734708,0.022870911831064093
22,04.05.2023,12,2023,True,har_gpr,0.0200131361145073,0.023214433898390577
22,05.05.2023,12,2023,True,har_gpr,0.0184468039806321,0.021644325077240855
22,08.05.2023,12,2023,True,har_gpr,0.0180240678572491,0.02506678722382364
22,09.05.2023,12,2023,True,har_gpr,0.0182386494669992,0.0246168727754854
22,10.05.2023,12,2023,True,har_gpr,0.0198902170101001,0.02259467505097017
22,11.05.2023,12,2023,True,har_gpr,0.020981530213953,0.02134693293730555
22,12.05.2023,12,2023,True,har_gpr,0.0210907620184259,0.022122325259375634
22,15.05.2023,12,2023,True,har_gpr,0.0220902097591133,0.020910902883275625
22,16.05.2023,12,2023,True,har_gpr,0.0222115706408367,0.021676857441836155
22,17.05.2023,12,2023,True,har_gpr,0.0215277886636179,0.021135066042392535
22,18.05.2023,12,2023,True,har_gpr,0.0215757692531831,0.02320487690333942
22,19.05.2023,12,2023,True,har_gpr,0.0232077384845356,0.022400351216234408
22,22.05.2023,12,2023,True,har_gpr,0.0231726469204681,0.021796685063069685
22,23.05.2023,12,2023,True,har_gpr,0.0230457317642019,0.021338927852972225
22,24.05.2023,12,2023,True,har_gpr,0.0231095559960712,0.021428676806739457
22,25.05.2023,12,2023,True,har_gpr,0.0232187059881258,0.020847711249423983
22,26.05.2023,12,2023,True,har_gpr,0.0231388341866983,0.022100704375523774
22,30.05.2023,12,2023,True,har_gpr,0.0210263151722418,0.021321929857721685
22,31.05.2023,12,2023,True,har_gpr,0.0208538657453961,0.025254032122935803
22,01.06.2023,12,2023,True,har_gpr,0.0210822622601066,0.022428050098949843
22,02.06.2023,12,2023,True,har_gpr,0.0204415999912974,0.022182657611202194
22,05.06.2023,12,2023,True,har_gpr,0.0210763629642878,0.02285461193984462
22,06.06.2023,12,2023,True,har_gpr,0.0211643094430391,0.021362070543195808
22,07.06.2023,12,2023,True,har_gpr,0.0215767489306453,0.019398061740915382
22,08.06.2023,12,2023,True,har_gpr,0.0213856750613018,0.01905396149503449
22,09.06.2023,12,2023,True,har_gpr,0.0211676136211213,0.019487254898829614
22,12.06.2023,12,2023,True,har_gpr,0.0194489535815982,0.019112199270455984
22,13.06.2023,12,2023,True,har_gpr,0.0188862152061694,0.021076222279331498
22,14.06.2023,12,2023,True,har_gpr,0.0186345205848223,0.022654612924699655
22,15.06.2023,12,2023,True,har_gpr,0.0174697551197225,0.021930338608643057
22,16.06.2023,12,2023,True,har_gpr,0.0173231414404854,0.023601856817740956
22,20.06.2023,12,2023,True,har_gpr,0.0174614538385304,0.0226843165301715
22,21.06.2023,12,2023,True,har_gpr,0.0176431737114109,0.02256196895991336
22,22.06.2023,12,2023,True,har_gpr,0.0149047202265153,0.02254763044769053
22,23.06.2023,12,2023,True,har_gpr,0.015079692264944,0.025251118838366234
22,26.06.2023,12,2023,True,har_gpr,0.015243561400451,0.022908530013691843
22,27.06.2023,12,2023,True,har_gpr,0.0134676771204709,0.022685592752770593
22,28.06.2023,12,2023,True,har_gpr,0.0129328463336767,0.02400356637531265
22,29.06.2023,12,2023,True,har_gpr,0.0132774851167217,0.02348727620229787
22,30.06.2023,12,2023,True,har_gpr,0.0144106945743932,0.021779213215957712
22,03.07.2023,12,2023,True,har_gpr,0.0147959418403921,0.021656230752847904
22,05.07.2023,12,2023,True,har_gpr,0.0141711701681135,0.01983801208012669
22,06.07.2023,12,2023,True,har_gpr,0.0144998538332231,0.020477198233918723
22,07.07.2023,12,2023,True,har_gpr,0.0138328008545123,0.019385427738961274
22,10.07.2023,12,2023,True,har_gpr,0.013663049385961,0.02090618267287059
22,11.07.2023,12,2023,True,har_gpr,0.0137070125860064,0.021524925499008297
22,12.07.2023,12,2023,True,har_gpr,0.0136624481961559,0.021995053583977325
22,13.07.2023,12,2023,True,har_gpr,0.0135736861477523,0.020009136602895723
22,14.07.2023,12,2023,True,har_gpr,0.0133614431662723,0.01963331853964976
22,17.07.2023,12,2023,True,har_gpr,0.0133476898903733,0.02025338725270763
22,18.07.2023,12,2023,True,har_gpr,0.0131552133214876,0.01967361878245906
22,19.07.2023,12,2023,True,har_gpr,0.0131637716422082,0.019377494462355694
22,20.07.2023,12,2023,True,har_gpr,0.0132473627396547,0.01875158526630451
22,21.07.2023,12,2023,True,har_gpr,0.0128973573627162,0.018292340693754787
22,24.07.2023,12,2023,True,har_gpr,0.012403110879553,0.017623687831618544
22,25.07.2023,12,2023,True,har_gpr,0.0121845462694473,0.017675347919375417
22,26.07.2023,12,2023,True,har_gpr,0.012355495143586,0.01730403012719573
22,27.07.2023,12,2023,True,har_gpr,0.011897328533569,0.01673049155267546
22,28.07.2023,12,2023,True,har_gpr,0.0120538236488698,0.01675614270972782
22,31.07.2023,12,2023,True,har_gpr,0.0120042978774648,0.01641899547746411
22,01.08.2023,12,2023,True,har_gpr,0.0121090691454845,0.016243641820084934
22,02.08.2023,12,2023,True,har_gpr,0.0117179951113208,0.016304461485858814
22,03.08.2023,12,2023,True,har_gpr,0.0112650031059135,0.017453634842211734
22,04.08.2023,12,2023,True,har_gpr,0.0110632735084573,0.018087777665857487
22,07.08.2023,12,2023,True,har_gpr,0.0109182274017995,0.0174385539551009
22,08.08.2023,12,2023,True,har_gpr,0.0108726718744491,0.017202626746698674
22,09.08.2023,12,2023,True,har_gpr,0.0104475519981917,0.01690143323212652
22,10.08.2023,12,2023,True,har_gpr,0.0103064107787143,0.016605235357492074
22,11.08.2023,12,2023,True,har_gpr,0.0103478683215413,0.01678613748140832
22,14.08.2023,12,2023,True,har_gpr,0.0107265530165851,0.015860040342820736
22,15.08.2023,12,2023,True,har_gpr,0.0098420906274665,0.015544111864696605
22,16.08.2023,12,2023,True,har_gpr,0.0085651772566612,0.016297000375569873
22,17.08.2023,12,2023,True,har_gpr,0.0086588950075788,0.016211276672834923
22,18.08.2023,12,2023,True,har_gpr,0.0091162068622506,0.01620352417409603
22,21.08.2023,12,2023,True,har_gpr,0.0090531900731698,0.016103863359971854
22,22.08.2023,12,2023,True,har_gpr,0.0088664648381192,0.015499966257618916
22,23.08.2023,12,2023,True,har_gpr,0.0083243122615552,0.01526543461900908
22,24.08.2023,12,2023,True,har_gpr,0.0082985217738731,0.015176133469397652
22,25.08.2023,12,2023,True,har_gpr,0.0093810110357388,0.0144454249418759
22,28.08.2023,12,2023,True,har_gpr,0.0100702665634395,0.015245540487583524
22,29.08.2023,12,2023,True,har_gpr,0.010026998612041,0.014494077494886232
22,30.08.2023,12,2023,True,har_gpr,0.0153372834777247,0.015185621287425777
22,31.08.2023,12,2023,True,har_gpr,0.0152026440030065,0.013965844495879346
22,01.09.2023,12,2023,True,har_gpr,0.0193687722845591,0.013771053103478242
22,05.09.2023,12,2023,True,har_gpr,0.0193345629275546,0.014496592778729438
22,06.09.2023,12,2023,True,har_gpr,0.0193310990708583,0.01513438493525451
22,07.09.2023,12,2023,True,har_gpr,0.0214884751820163,0.01478189096499371
22,08.09.2023,12,2023,True,har_gpr,0.0214146239718779,0.015216772822214742
22,11.09.2023,12,2023,True,har_gpr,0.0218122360366209,0.014990679187862213
22,12.09.2023,12,2023,True,har_gpr,0.0214686453796243,0.013970825613876903
22,13.09.2023,12,2023,True,har_gpr,0.0248221649210404,0.01460481469892257
22,14.09.2023,12,2023,True,har_gpr,0.0245526533148331,0.013691829775153201
22,15.09.2023,12,2023,True,har_gpr,0.0245556369409957,0.01403187919591426
22,18.09.2023,12,2023,True,har_gpr,0.024869023276908,0.01342746537607873
22,19.09.2023,12,2023,True,har_gpr,0.0249796705122023,0.013848838521603934
22,20.09.2023,12,2023,True,har_gpr,0.0249238164937335,0.013566669019271381
22,21.09.2023,12,2023,True,har_gpr,0.0254851956084777,0.014192605208753572
22,22.09.2023,12,2023,True,har_gpr,0.025770536572527,0.013072602503687742
22,25.09.2023,12,2023,True,har_gpr,0.0263463029481849,0.012987077371992183
22,26.09.2023,12,2023,True,har_gpr,0.0267173525954776,0.01279330716790165
22,27.09.2023,12,2023,True,har_gpr,0.0267940548140453,0.01326352647676285
22,28.09.2023,12,2023,True,har_gpr,0.0275482827927616,0.015442788418503788
22,29.09.2023,12,2023,True,har_gpr,0.0275498821303965,0.015577423661566888
22,02.10.2023,12,2023,True,har_gpr,0.0264197539661282,0.015129673620725514
22,03.10.2023,12,2023,True,har_gpr,0.0271211238889912,0.020489174683626724
22,04.10.2023,12,2023,True,har_gpr,0.0246033014827405,0.01841502996247032
22,05.10.2023,12,2023,True,har_gpr,0.0242027126612306,0.02298463550989432
22,06.10.2023,12,2023,True,har_gpr,0.0258636256846257,0.021675534473807344
22,09.10.2023,12,2023,True,har_gpr,0.0244718321558384,0.02129641825115991
22,10.10.2023,12,2023,True,har_gpr,0.0245732522558827,0.024752688902224037
22,11.10.2023,12,2023,True,har_gpr,0.0246863870054366,0.024868948337926085
22,12.10.2023,12,2023,True,har_gpr,0.0248978451168117,0.0243505469490947
22,13.10.2023,12,2023,True,har_gpr,0.0213897065568391,0.02298927143231115
22,16.10.2023,12,2023,True,har_gpr,0.0214361183562219,0.028066619587928707
22,17.10.2023,12,2023,True,har_gpr,0.0232208176904787,0.026175506493616434
22,18.10.2023,12,2023,True,har_gpr,0.0248115702520002,0.025721942622423246
22,19.10.2023,12,2023,True,har_gpr,0.0252629442295056,0.02600587361200254
22,20.10.2023,12,2023,True,har_gpr,0.0252983760204304,0.025913610172472443
22,23.10.2023,12,2023,True,har_gpr,0.0248818809372874,0.02395138288877158
22,24.10.2023,12,2023,True,har_gpr,0.0248050693412323,0.025513658432811125
22,25.10.2023,12,2023,True,har_gpr,0.0240561202846233,0.025656247151658526
22,26.10.2023,12,2023,True,har_gpr,0.0242860506686515,0.025876111870759517
22,27.10.2023,12,2023,True,har_gpr,0.0236883587309733,0.026177374293304325
22,30.10.2023,12,2023,True,har_gpr,0.0227087651937275,0.027606471251851027
22,31.10.2023,12,2023,True,har_gpr,0.0247573480248378,0.026762855423678553
22,01.11.2023,12,2023,True,har_gpr,0.0240275408938579,0.02533371911555442
22,02.11.2023,12,2023,True,har_gpr,0.0231318560560717,0.02523727765495258
22,03.11.2023,12,2023,True,har_gpr,0.0239098275167502,0.025547868834167126
22,06.11.2023,12,2023,True,har_gpr,0.0238255353970281,0.025121334477220803
22,07.11.2023,12,2023,True,har_gpr,0.0232020283910743,0.022503480870150874
22,08.11.2023,12,2023,True,har_gpr,0.0226810388071064,0.025506098464676732
22,09.11.2023,12,2023,True,har_gpr,0.023808104887314,0.024830558446197137
22,10.11.2023,12,2023,True,har_gpr,0.0236585610272213,0.023326598336339203
22,13.11.2023,12,2023,True,har_gpr,0.0245756901377228,0.02256387870075756
22,14.11.2023,12,2023,True,har_gpr,0.0245747663368332,0.02223633809185468
22,15.11.2023,12,2023,True,har_gpr,0.0248226962977263,0.020564748853926246
22,16.11.2023,12,2023,True,har_gpr,0.0228935553042145,0.02041498686424958
22,17.11.2023,12,2023,True,har_gpr,0.0211901372130333,0.02402070686291714
22,20.11.2023,12,2023,True,har_gpr,0.0206445732357432,0.0257850812879999
22,21.11.2023,12,2023,True,har_gpr,0.0206375172444499,0.0265829148382417
22,22.11.2023,12,2023,True,har_gpr,0.021388376736611,0.025727986876986422
22,24.11.2023,12,2023,True,har_gpr,0.02141419502368,0.025404655672054282
22,27.11.2023,12,2023,True,har_gpr,0.0216202358493343,0.024443831371165608
22,28.11.2023,12,2023,True,har_gpr,0.0213121753783969,0.022022514471706816
22,29.11.2023,12,2023,True,har_gpr,0.0209859018057342,0.02243379442648737
22,30.11.2023,12,2023,True,har_gpr,0.0222573249556524,0.022808909154224687
22,01.12.2023,12,2023,True,har_gpr,0.0197870270231866,0.021710885141365096
22,04.12.2023,12,2023,True,har_gpr,0.0199249715498713,0.024833092909098995
22,05.12.2023,12,2023,True,har_gpr,0.0211345669069602,0.023235246619956098
22,06.12.2023,12,2023,True,har_gpr,0.0197648251281914,0.022934276916899306
22,07.12.2023,12,2023,True,har_gpr,0.0199067814975298,0.02331427033108985
22,08.12.2023,12,2023,True,har_gpr,0.019340702003589,0.021712201447345657
22,11.12.2023,12,2023,True,har_gpr,0.0194653756529334,0.02314630957364053
22,12.12.2023,12,2023,True,har_gpr,0.0174521025769769,0.022401977968927136
22,13.12.2023,12,2023,True,har_gpr,0.0173637398610036,0.024688711494237903
22,14.12.2023,12,2023,True,har_gpr,0.0164156206353523,0.023543897336736487
22,15.12.2023,12,2023,True,har_gpr,0.0165057046167272,0.02523785578021444
22,18.12.2023,12,2023,True,har_gpr,0.016545152834068,0.022733155037052113
22,19.12.2023,12,2023,True,har_gpr,0.0162653982630203,0.02209121907372394
22,20.12.2023,12,2023,True,har_gpr,0.0162692653760275,0.020075009018721425
22,21.12.2023,12,2023,True,har_gpr,0.0173831204712133,0.019812966327562125
22,22.12.2023,12,2023,True,har_gpr,0.0175086095834143,0.019436361230767682
22,26.12.2023,12,2023,True,har_gpr,0.0170876248399675,0.019383096282786963
22,27.12.2023,12,2023,True,har_gpr,0.0166081705586605,0.020796486484510393
22,28.12.2023,12,2023,True,har_gpr,0.0165185246225759,0.02126752829839909
22,29.12.2023,12,2023,True,har_gpr,0.0181194711180249,0.021249152020975468
22,03.01.2023,12,2023,True,har_x,0.0193515590231717,0.02351552775636929
22,04.01.2023,12,2023,True,har_x,0.015669449869361,0.025104368848114744
22,05.01.2023,12,2023,True,har_x,0.016920937984416,0.025487191846164232
22,06.01.2023,12,2023,True,har_x,0.0171397678512204,0.02439394459060168
22,09.01.2023,12,2023,True,har_x,0.017128777185531,0.02387422245112129
22,10.01.2023,12,2023,True,har_x,0.0176175237987587,0.023447591497947284
22,11.01.2023,12,2023,True,har_x,0.0164581209322758,0.02274030308787655
22,12.01.2023,12,2023,True,har_x,0.0164004821876756,0.022079799728082466
22,13.01.2023,12,2023,True,har_x,0.016111298030538,0.02115104789955382
22,17.01.2023,12,2023,True,har_x,0.0160347206739082,0.020535633906995726
22,18.01.2023,12,2023,True,har_x,0.016768573191207,0.021507272472280396
22,19.01.2023,12,2023,True,har_x,0.0164445852099527,0.021378287553758524
22,20.01.2023,12,2023,True,har_x,0.0169494204714395,0.021116337969801727
22,23.01.2023,12,2023,True,har_x,0.0175625432150422,0.020692879301140187
22,24.01.2023,12,2023,True,har_x,0.0172085162465789,0.019936573887795427
22,25.01.2023,12,2023,True,har_x,0.0172682845664583,0.020789538306382818
22,26.01.2023,12,2023,True,har_x,0.0173572412098978,0.020543800719488838
22,27.01.2023,12,2023,True,har_x,0.017334471432915,0.02053263726634417
22,30.01.2023,12,2023,True,har_x,0.0168331691770253,0.02059387609091872
22,31.01.2023,12,2023,True,har_x,0.0170101764179538,0.022687310013198892
22,01.02.2023,12,2023,True,har_x,0.0163941076297617,0.02159515038829242
22,02.02.2023,12,2023,True,har_x,0.018000409209883,0.021345926160882208
22,03.02.2023,12,2023,True,har_x,0.0169907369903069,0.020646651821422213
22,06.02.2023,12,2023,True,har_x,0.0170577113550186,0.021413811148524673
22,07.02.2023,12,2023,True,har_x,0.0157986535020339,0.020572252230488565
22,08.02.2023,12,2023,True,har_x,0.0161135454751052,0.02066096505730322
22,09.02.2023,12,2023,True,har_x,0.0181846480464576,0.020394846350520236
22,10.02.2023,12,2023,True,har_x,0.0196727684919191,0.0204991945143888
22,13.02.2023,12,2023,True,har_x,0.0200720810678781,0.020284294006592228
22,14.02.2023,12,2023,True,har_x,0.0203614514953121,0.019833323684763635
22,15.02.2023,12,2023,True,har_x,0.0207172640731752,0.01944096630796266
22,16.02.2023,12,2023,True,har_x,0.0215044975783279,0.01890080033341484
22,17.02.2023,12,2023,True,har_x,0.0215878098044962,0.018591890093565693
22,21.02.2023,12,2023,True,har_x,0.0216109647915393,0.01911205850358375
22,22.02.2023,12,2023,True,har_x,0.0209198908057939,0.019662945903541902
22,23.02.2023,12,2023,True,har_x,0.0224558959113802,0.020620825233180082
22,24.02.2023,12,2023,True,har_x,0.0223397679901299,0.020253562138078454
22,27.02.2023,12,2023,True,har_x,0.0223052078946839,0.02047387773990013
22,28.02.2023,12,2023,True,har_x,0.022128093993961,0.020502866384534246
22,01.03.2023,12,2023,True,har_x,0.022150873173151,0.019827372102308102
22,02.03.2023,12,2023,True,har_x,0.0261357542311379,0.020026534371081286
22,03.03.2023,12,2023,True,har_x,0.0259849427467869,0.019492203155384965
22,06.03.2023,12,2023,True,har_x,0.0259665517811534,0.01940144152233778
22,07.03.2023,12,2023,True,har_x,0.0248669651588038,0.017668908120923615
22,08.03.2023,12,2023,True,har_x,0.0249358503016512,0.018980731620334947
22,09.03.2023,12,2023,True,har_x,0.0249586919713104,0.018473916430104403
22,10.03.2023,12,2023,True,har_x,0.0251118380030454,0.01903134198296421
22,13.03.2023,12,2023,True,har_x,0.0246771311810124,0.019841413386563228
22,14.03.2023,12,2023,True,har_x,0.0225564313182902,0.020988661841538685
22,15.03.2023,12,2023,True,har_x,0.0197355699422465,0.025041011796265725
22,16.03.2023,12,2023,True,har_x,0.0197091627953175,0.026483361075941507
22,17.03.2023,12,2023,True,har_x,0.0194578296907085,0.026061209591603574
22,20.03.2023,12,2023,True,har_x,0.02046665545334,0.02698118620760621
22,21.03.2023,12,2023,True,har_x,0.0201558531469177,0.026212792472726495
22,22.03.2023,12,2023,True,har_x,0.020013832184029,0.025216190658248372
22,23.03.2023,12,2023,True,har_x,0.0206653529311021,0.024148378469767643
22,24.03.2023,12,2023,True,har_x,0.0223065862245417,0.024064467313032453
22,27.03.2023,12,2023,True,har_x,0.0205976253007821,0.02444934318155389
22,28.03.2023,12,2023,True,har_x,0.0207915889079086,0.02462128093012064
22,29.03.2023,12,2023,True,har_x,0.0207734164786863,0.023876972737423768
22,30.03.2023,12,2023,True,har_x,0.0233582524845152,0.023470358302948843
22,31.03.2023,12,2023,True,har_x,0.0246325857155883,0.022974870891512702
22,03.04.2023,12,2023,True,har_x,0.0196593938881014,0.022099460283128192
22,04.04.2023,12,2023,True,har_x,0.0218553693166903,0.022374492287730814
22,05.04.2023,12,2023,True,har_x,0.0226278625734761,0.02180196052096489
22,06.04.2023,12,2023,True,har_x,0.0226952475433795,0.021646678358086736
22,10.04.2023,12,2023,True,har_x,0.0227330808461533,0.019974775339815294
22,11.04.2023,12,2023,True,har_x,0.0224171947054902,0.021048815708329546
22,12.04.2023,12,2023,True,har_x,0.0216704449737911,0.020078676451296778
22,13.04.2023,12,2023,True,har_x,0.0220872531612796,0.019839470050935303
22,14.04.2023,12,2023,True,har_x,0.0220073441575912,0.01922853801870215
22,17.04.2023,12,2023,True,har_x,0.022949034134982,0.019033755333443553
22,18.04.2023,12,2023,True,har_x,0.0230218377698363,0.018323877984910978
22,19.04.2023,12,2023,True,har_x,0.02278987303652,0.018380344515595115
22,20.04.2023,12,2023,True,har_x,0.0224132652295278,0.01865203229938837
22,21.04.2023,12,2023,True,har_x,0.0225199430764156,0.019622419460627368
22,24.04.2023,12,2023,True,har_x,0.0227812736856685,0.019052432357180852
22,25.04.2023,12,2023,True,har_x,0.0229342503426524,0.02004566514725669
22,26.04.2023,12,2023,True,har_x,0.0215594714572664,0.0210327002005046
22,27.04.2023,12,2023,True,har_x,0.0234620179769151,0.022549352653878738
22,28.04.2023,12,2023,True,har_x,0.0231938199585666,0.021792592444553456
22,01.05.2023,12,2023,True,har_x,0.0238564631335598,0.021087238930662094
22,02.05.2023,12,2023,True,har_x,0.0219115265520043,0.02013402890276844
22,03.05.2023,12,2023,True,har_x,0.0199371724734708,0.021953276207253406
22,04.05.2023,12,2023,True,har_x,0.0200131361145073,0.023481977532073105
22,05.05.2023,12,2023,True,har_x,0.0184468039806321,0.023349182438882243
22,08.05.2023,12,2023,True,har_x,0.0180240678572491,0.021706250071233158
22,09.05.2023,12,2023,True,har_x,0.0182386494669992,0.020244747694456996
22,10.05.2023,12,2023,True,har_x,0.0198902170101001,0.019462408980114334
22,11.05.2023,12,2023,True,har_x,0.020981530213953,0.018599588521998483
22,12.05.2023,12,2023,True,har_x,0.0210907620184259,0.01947482658514054
22,15.05.2023,12,2023,True,har_x,0.0220902097591133,0.01968416526612916
22,16.05.2023,12,2023,True,har_x,0.0222115706408367,0.020020296428153766
22,17.05.2023,12,2023,True,har_x,0.0215277886636179,0.020204314744439424
22,18.05.2023,12,2023,True,har_x,0.0215757692531831,0.020931163339408507
22,19.05.2023,12,2023,True,har_x,0.0232077384845356,0.020583549316856766
22,22.05.2023,12,2023,True,har_x,0.0231726469204681,0.020373604300338504
22,23.05.2023,12,2023,True,har_x,0.0230457317642019,0.019490621193866454
22,24.05.2023,12,2023,True,har_x,0.0231095559960712,0.01934871448778394
22,25.05.2023,12,2023,True,har_x,0.0232187059881258,0.01946806591940033
22,26.05.2023,12,2023,True,har_x,0.0231388341866983,0.02016742826612194
22,30.05.2023,12,2023,True,har_x,0.0210263151722418,0.019709884222251638
22,31.05.2023,12,2023,True,har_x,0.0208538657453961,0.022571077660006933
22,01.06.2023,12,2023,True,har_x,0.0210822622601066,0.02236305731731999
22,02.06.2023,12,2023,True,har_x,0.0204415999912974,0.02226317039698737
22,05.06.2023,12,2023,True,har_x,0.0210763629642878,0.02209220315519266
22,06.06.2023,12,2023,True,har_x,0.0211643094430391,0.02093289951986757
22,07.06.2023,12,2023,True,har_x,0.0215767489306453,0.019711684081512446
22,08.06.2023,12,2023,True,har_x,0.0213856750613018,0.0187962335988183
22,09.06.2023,12,2023,True,har_x,0.0211676136211213,0.019341641438769135
22,12.06.2023,12,2023,True,har_x,0.0194489535815982,0.018618860751880944
22,13.06.2023,12,2023,True,har_x,0.0188862152061694,0.019500817642945638
22,14.06.2023,12,2023,True,har_x,0.0186345205848223,0.018507023442574114
22,15.06.2023,12,2023,True,har_x,0.0174697551197225,0.01883776027339991
22,16.06.2023,12,2023,True,har_x,0.0173231414404854,0.019079206866844244
22,20.06.2023,12,2023,True,har_x,0.0174614538385304,0.01884978177313403
22,21.06.2023,12,2023,True,har_x,0.0176431737114109,0.020419282040120574
22,22.06.2023,12,2023,True,har_x,0.0149047202265153,0.019762366230982997
22,23.06.2023,12,2023,True,har_x,0.015079692264944,0.02113708909762591
22,26.06.2023,12,2023,True,har_x,0.015243561400451,0.02070515687573205
22,27.06.2023,12,2023,True,har_x,0.0134676771204709,0.021481435961828596
22,28.06.2023,12,2023,True,har_x,0.0129328463336767,0.02280386470391444
22,29.06.2023,12,2023,True,har_x,0.0132774851167217,0.021817058243160235
22,30.06.2023,12,2023,True,har_x,0.0144106945743932,0.02075910559491083
22,03.07.2023,12,2023,True,har_x,0.0147959418403921,0.01990606107029832
22,05.07.2023,12,2023,True,har_x,0.0141711701681135,0.018141232130279794
22,06.07.2023,12,2023,True,har_x,0.0144998538332231,0.01814982231989066
22,07.07.2023,12,2023,True,har_x,0.0138328008545123,0.018383321229746834
22,10.07.2023,12,2023,True,har_x,0.013663049385961,0.018513140801750295
22,11.07.2023,12,2023,True,har_x,0.0137070125860064,0.021377515047802286
22,12.07.2023,12,2023,True,har_x,0.0136624481961559,0.019169491069659064
22,13.07.2023,12,2023,True,har_x,0.0135736861477523,0.018835610706597967
22,14.07.2023,12,2023,True,har_x,0.0133614431662723,0.01770927166850399
22,17.07.2023,12,2023,True,har_x,0.0133476898903733,0.01789149421851943
22,18.07.2023,12,2023,True,har_x,0.0131552133214876,0.01793404049835733
22,19.07.2023,12,2023,True,har_x,0.0131637716422082,0.017570925865615466
22,20.07.2023,12,2023,True,har_x,0.0132473627396547,0.017587953289769247
22,21.07.2023,12,2023,True,har_x,0.0128973573627162,0.01708382157493305
22,24.07.2023,12,2023,True,har_x,0.012403110879553,0.016764663509048833
22,25.07.2023,12,2023,True,har_x,0.0121845462694473,0.01728099498798036
22,26.07.2023,12,2023,True,har_x,0.012355495143586,0.017404696415333848
22,27.07.2023,12,2023,True,har_x,0.011897328533569,0.01708913730417706
22,28.07.2023,12,2023,True,har_x,0.0120538236488698,0.016759074572969233
22,31.07.2023,12,2023,True,har_x,0.0120042978774648,0.016791376295482874
22,01.08.2023,12,2023,True,har_x,0.0121090691454845,0.016506269772751585
22,02.08.2023,12,2023,True,har_x,0.0117179951113208,0.01605717308574372
22,03.08.2023,12,2023,True,har_x,0.0112650031059135,0.016523541904298934
22,04.08.2023,12,2023,True,har_x,0.0110632735084573,0.016620050893201455
22,07.08.2023,12,2023,True,har_x,0.0109182274017995,0.016318552917806706
22,08.08.2023,12,2023,True,har_x,0.0108726718744491,0.016068851312968587
22,09.08.2023,12,2023,True,har_x,0.0104475519981917,0.015780202348995482
22,10.08.2023,12,2023,True,har_x,0.0103064107787143,0.016147961819472364
22,11.08.2023,12,2023,True,har_x,0.0103478683215413,0.015710308476625752
22,14.08.2023,12,2023,True,har_x,0.0107265530165851,0.015803294480715054
22,15.08.2023,12,2023,True,har_x,0.0098420906274665,0.015529836132219681
22,16.08.2023,12,2023,True,har_x,0.0085651772566612,0.0159964533985098
22,17.08.2023,12,2023,True,har_x,0.0086588950075788,0.01597130136573402
22,18.08.2023,12,2023,True,har_x,0.0091162068622506,0.01632460194868475
22,21.08.2023,12,2023,True,har_x,0.0090531900731698,0.015986976939518577
22,22.08.2023,12,2023,True,har_x,0.0088664648381192,0.015841436205574218
22,23.08.2023,12,2023,True,har_x,0.0083243122615552,0.015624795273554822
22,24.08.2023,12,2023,True,har_x,0.0082985217738731,0.015515942507204504
22,25.08.2023,12,2023,True,har_x,0.0093810110357388,0.015501958838925791
22,28.08.2023,12,2023,True,har_x,0.0100702665634395,0.015679400083297233
22,29.08.2023,12,2023,True,har_x,0.010026998612041,0.01519471847249981
22,30.08.2023,12,2023,True,har_x,0.0153372834777247,0.014954611002095395
22,31.08.2023,12,2023,True,har_x,0.0152026440030065,0.01424887927721274
22,01.09.2023,12,2023,True,har_x,0.0193687722845591,0.01417876943738522
22,05.09.2023,12,2023,True,har_x,0.0193345629275546,0.014715393555296247
22,06.09.2023,12,2023,True,har_x,0.0193310990708583,0.016029507512394923
22,07.09.2023,12,2023,True,har_x,0.0214884751820163,0.015854145347338495
22,08.09.2023,12,2023,True,har_x,0.0214146239718779,0.015751794722640877
22,11.09.2023,12,2023,True,har_x,0.0218122360366209,0.015539123339444209
22,12.09.2023,12,2023,True,har_x,0.0214686453796243,0.013753540065975452
22,13.09.2023,12,2023,True,har_x,0.0248221649210404,0.013814761362013029
22,14.09.2023,12,2023,True,har_x,0.0245526533148331,0.013965963080705086
22,15.09.2023,12,2023,True,har_x,0.0245556369409957,0.01462354873797752
22,18.09.2023,12,2023,True,har_x,0.024869023276908,0.014745910205336457
22,19.09.2023,12,2023,True,har_x,0.0249796705122023,0.015457795327802254
22,20.09.2023,12,2023,True,har_x,0.0249238164937335,0.01632843929124325
22,21.09.2023,12,2023,True,har_x,0.0254851956084777,0.016513817936743447
22,22.09.2023,12,2023,True,har_x,0.025770536572527,0.016549485314479074
22,25.09.2023,12,2023,True,har_x,0.0263463029481849,0.01623877922934911
22,26.09.2023,12,2023,True,har_x,0.0267173525954776,0.016276497446615135
22,27.09.2023,12,2023,True,har_x,0.0267940548140453,0.016549592935107653
22,28.09.2023,12,2023,True,har_x,0.0275482827927616,0.01758895767328454
22,29.09.2023,12,2023,True,har_x,0.0275498821303965,0.017336587758191295
22,02.10.2023,12,2023,True,har_x,0.0264197539661282,0.017489924589798124
22,03.10.2023,12,2023,True,har_x,0.0271211238889912,0.0180500999124605
22,04.10.2023,12,2023,True,har_x,0.0246033014827405,0.01811688817343448
22,05.10.2023,12,2023,True,har_x,0.0242027126612306,0.019829635944539452
22,06.10.2023,12,2023,True,har_x,0.0258636256846257,0.020039032118757856
22,09.10.2023,12,2023,True,har_x,0.0244718321558384,0.019650583317907505
22,10.10.2023,12,2023,True,har_x,0.0245732522558827,0.02212023128253012
22,11.10.2023,12,2023,True,har_x,0.0246863870054366,0.024471794359000675
22,12.10.2023,12,2023,True,har_x,0.0248978451168117,0.023885376221258258
22,13.10.2023,12,2023,True,har_x,0.0213897065568391,0.023392675461970908
22,16.10.2023,12,2023,True,har_x,0.0214361183562219,0.026827847402487722
22,17.10.2023,12,2023,True,har_x,0.0232208176904787,0.025288262214009545
22,18.10.2023,12,2023,True,har_x,0.0248115702520002,0.025449508101790117
22,19.10.2023,12,2023,True,har_x,0.0252629442295056,0.026592153795567626
22,20.10.2023,12,2023,True,har_x,0.0252983760204304,0.02760028554134038
22,23.10.2023,12,2023,True,har_x,0.0248818809372874,0.0261482473718021
22,24.10.2023,12,2023,True,har_x,0.0248050693412323,0.02545967417090439
22,25.10.2023,12,2023,True,har_x,0.0240561202846233,0.025282762817419493
22,26.10.2023,12,2023,True,har_x,0.0242860506686515,0.026850917684162024
22,27.10.2023,12,2023,True,har_x,0.0236883587309733,0.02654115701554362
22,30.10.2023,12,2023,True,har_x,0.0227087651937275,0.02802450873222541
22,31.10.2023,12,2023,True,har_x,0.0247573480248378,0.02562801382267381
22,01.11.2023,12,2023,True,har_x,0.0240275408938579,0.02453764662928273
22,02.11.2023,12,2023,True,har_x,0.0231318560560717,0.023920390268904485
22,03.11.2023,12,2023,True,har_x,0.0239098275167502,0.023784001349630907
22,06.11.2023,12,2023,True,har_x,0.0238255353970281,0.023096570170816805
22,07.11.2023,12,2023,True,har_x,0.0232020283910743,0.02121678388245885
22,08.11.2023,12,2023,True,har_x,0.0226810388071064,0.02285904543709509
22,09.11.2023,12,2023,True,har_x,0.023808104887314,0.02337039543030947
22,10.11.2023,12,2023,True,har_x,0.0236585610272213,0.023230891243987743
22,13.11.2023,12,2023,True,har_x,0.0245756901377228,0.02243311026521265
22,14.11.2023,12,2023,True,har_x,0.0245747663368332,0.02177596708927135
22,15.11.2023,12,2023,True,har_x,0.0248226962977263,0.020792361637123384
22,16.11.2023,12,2023,True,har_x,0.0228935553042145,0.021142970640863963
22,17.11.2023,12,2023,True,har_x,0.0211901372130333,0.02333382501853476
22,20.11.2023,12,2023,True,har_x,0.0206445732357432,0.023017314132582834
22,21.11.2023,12,2023,True,har_x,0.0206375172444499,0.02381290907425155
22,22.11.2023,12,2023,True,har_x,0.021388376736611,0.023459507302769043
22,24.11.2023,12,2023,True,har_x,0.02141419502368,0.025019471747170306
22,27.11.2023,12,2023,True,har_x,0.0216202358493343,0.0248304437066887
22,28.11.2023,12,2023,True,har_x,0.0213121753783969,0.023852137700990927
22,29.11.2023,12,2023,True,har_x,0.0209859018057342,0.023638699599371125
22,30.11.2023,12,2023,True,har_x,0.0222573249556524,0.023675634925642522
22,01.12.2023,12,2023,True,har_x,0.0197870270231866,0.02209766266201879
22,04.12.2023,12,2023,True,har_x,0.0199249715498713,0.020596238915962555
22,05.12.2023,12,2023,True,har_x,0.0211345669069602,0.021208762488500767
22,06.12.2023,12,2023,True,har_x,0.0197648251281914,0.02042466546061904
22,07.12.2023,12,2023,True,har_x,0.0199067814975298,0.02170708955728039
22,08.12.2023,12,2023,True,har_x,0.019340702003589,0.020655838548430113
22,11.12.2023,12,2023,True,har_x,0.0194653756529334,0.020378655719560695
22,12.12.2023,12,2023,True,har_x,0.0174521025769769,0.020564171292464524
22,13.12.2023,12,2023,True,har_x,0.0173637398610036,0.021534721929112398
22,14.12.2023,12,2023,True,har_x,0.0164156206353523,0.021310140904527108
22,15.12.2023,12,2023,True,har_x,0.0165057046167272,0.020712286578134398
22,18.12.2023,12,2023,True,har_x,0.016545152834068,0.0206272138550442
22,19.12.2023,12,2023,True,har_x,0.0162653982630203,0.020949009110274218
22,20.12.2023,12,2023,True,har_x,0.0162692653760275,0.01940549679519046
22,21.12.2023,12,2023,True,har_x,0.0173831204712133,0.019350896824132706
22,22.12.2023,12,2023,True,har_x,0.0175086095834143,0.019399023321334388
22,26.12.2023,12,2023,True,har_x,0.0170876248399675,0.018584278947902263
22,27.12.2023,12,2023,True,har_x,0.0166081705586605,0.019380478747719115
22,28.12.2023,12,2023,True,har_x,0.0165185246225759,0.02040140300375195
22,29.12.2023,12,2023,True,har_x,0.0181194711180249,0.02083174063041179
66,03.01.2023,12,2023,True,har,0.0204085439916315,0.024768354565714405
66,04.01.2023,12,2023,True,har,0.0193709106616889,0.02601107473506572
66,05.01.2023,12,2023,True,har,0.0194701157775218,0.027349701527802237
66,06.01.2023,12,2023,True,har,0.0195647219835738,0.025705214976046862
66,09.01.2023,12,2023,True,har,0.0195052670698106,0.025166823518362164
66,10.01.2023,12,2023,True,har,0.0196412112543058,0.02468317115774639
66,11.01.2023,12,2023,True,har,0.0192621954616806,0.0239824587251374
66,12.01.2023,12,2023,True,har,0.0193131883040984,0.02339101225846907
66,13.01.2023,12,2023,True,har,0.0194523958010689,0.022634762905233863
66,17.01.2023,12,2023,True,har,0.0194486549787576,0.02215296857095431
66,18.01.2023,12,2023,True,har,0.0194789778289605,0.021863623301322008
66,19.01.2023,12,2023,True,har,0.0196098032804617,0.022272008340486312
66,20.01.2023,12,2023,True,har,0.0200247421158367,0.02195657958540128
66,23.01.2023,12,2023,True,har,0.0200415740024958,0.02212732887308108
66,24.01.2023,12,2023,True,har,0.0199554536725892,0.02152962351905234
66,25.01.2023,12,2023,True,har,0.0199560513013634,0.022908640394131652
66,26.01.2023,12,2023,True,har,0.0207817769685072,0.021605227438433596
66,27.01.2023,12,2023,True,har,0.0212929836798847,0.022220936029486826
66,30.01.2023,12,2023,True,har,0.0211849934799745,0.021833415749132112
66,31.01.2023,12,2023,True,har,0.0217544123692444,0.022414797552038755
66,01.02.2023,12,2023,True,har,0.0218375233333682,0.020920565869573266
66,02.02.2023,12,2023,True,har,0.0218348778418864,0.02087391989433889
66,03.02.2023,12,2023,True,har,0.021638338604485,0.018260268860858735
66,06.02.2023,12,2023,True,har,0.021683601820214,0.019563856390710413
66,07.02.2023,12,2023,True,har,0.021294011848489,0.01977926989543105
66,08.02.2023,12,2023,True,har,0.0212641062695281,0.02179122629017241
66,09.02.2023,12,2023,True,har,0.0212567637948914,0.021210577184940085
66,10.02.2023,12,2023,True,har,0.0213495797533254,0.020483460308131966
66,13.02.2023,12,2023,True,har,0.0213989211813461,0.02020229772756264
66,14.02.2023,12,2023,True,har,0.0213639176101084,0.01957426070626308
66,15.02.2023,12,2023,True,har,0.021382655953251,0.01982712510667268
66,16.02.2023,12,2023,True,har,0.0214408833456166,0.019287974860444916
66,17.02.2023,12,2023,True,har,0.021385181429329,0.019157582614271876
66,21.02.2023,12,2023,True,har,0.0216275028781129,0.019863924812716316
66,22.02.2023,12,2023,True,har,0.0213634622419033,0.018952311857161792
66,23.02.2023,12,2023,True,har,0.0218995904493751,0.020477997571329398
66,24.02.2023,12,2023,True,har,0.0218732542049083,0.020987826034827614
66,27.02.2023,12,2023,True,har,0.0220566792132978,0.020830537363433314
66,28.02.2023,12,2023,True,har,0.0221706495622346,0.02043508299135215
66,01.03.2023,12,2023,True,har,0.0221845914168928,0.020908318193675394
66,02.03.2023,12,2023,True,har,0.0221744282300619,0.019504388163447843
66,03.03.2023,12,2023,True,har,0.0221399543442809,0.019144866132091355
66,06.03.2023,12,2023,True,har,0.0221713419597615,0.01942458468272339
66,07.03.2023,12,2023,True,har,0.0218721097369705,0.018246990605415868
66,08.03.2023,12,2023,True,har,0.0223725375623151,0.02119333378791529
66,09.03.2023,12,2023,True,har,0.0227543480002493,0.019784479544713757
66,10.03.2023,12,2023,True,har,0.0227248265231359,0.019817881221246357
66,13.03.2023,12,2023,True,har,0.0229477685398536,0.020042505166825084
66,14.03.2023,12,2023,True,har,0.0224233204757398,0.02033782062246443
66,15.03.2023,12,2023,True,har,0.0215838314228159,0.021846926318883308
66,16.03.2023,12,2023,True,har,0.0216076222099061,0.02338233327843238
66,17.03.2023,12,2023,True,har,0.0219661571675395,0.022848184554750947
66,20.03.2023,12,2023,True,har,0.0219291134956414,0.022670242601316268
66,21.03.2023,12,2023,True,har,0.0217866523764819,0.022761336193984363
66,22.03.2023,12,2023,True,har,0.0218967619534767,0.023381460763426683
66,23.03.2023,12,2023,True,har,0.0220805030032677,0.021972135281592912
66,24.03.2023,12,2023,True,har,0.0220376653105049,0.021650949559395602
66,27.03.2023,12,2023,True,har,0.0214570533544544,0.021268284308343616
66,28.03.2023,12,2023,True,har,0.0214394883823142,0.023693726901969973
66,29.03.2023,12,2023,True,har,0.0216932172542623,0.02238120135755045
66,30.03.2023,12,2023,True,har,0.0216338328529756,0.022279607843951325
66,31.03.2023,12,2023,True,har,0.0218491263761715,0.022464630601877457
66,03.04.2023,12,2023,True,har,0.0204129695337048,0.021853413151225843
66,04.04.2023,12,2023,True,har,0.0206099922725894,0.026103355005597205
66,05.04.2023,12,2023,True,har,0.0206453629234411,0.023723514166294344
66,06.04.2023,12,2023,True,har,0.0207418044735283,0.023622671618164087
66,10.04.2023,12,2023,True,har,0.0208185771693255,0.023670555267500275
66,11.04.2023,12,2023,True,har,0.0207977107389198,0.024221954384228563
66,12.04.2023,12,2023,True,har,0.0207211525886006,0.022248084547611742
66,13.04.2023,12,2023,True,har,0.0206586300509846,0.02196764464099573
66,14.04.2023,12,2023,True,har,0.0206578487843292,0.02098928620038
66,17.04.2023,12,2023,True,har,0.0206788077771228,0.020590679578695904
66,18.04.2023,12,2023,True,har,0.0208406822420299,0.02116380697768208
66,19.04.2023,12,2023,True,har,0.0207441187255364,0.02034580960019767
66,20.04.2023,12,2023,True,har,0.0205438716395053,0.02070653781976576
66,21.04.2023,12,2023,True,har,0.0206167144600132,0.021322093566344548
66,24.04.2023,12,2023,True,har,0.0205841354779547,0.020800749062126422
66,25.04.2023,12,2023,True,har,0.0203702046745597,0.021211471136444053
66,26.04.2023,12,2023,True,har,0.0197868091662774,0.021459484054546275
66,27.04.2023,12,2023,True,har,0.0199430244584686,0.02301499972017966
66,28.04.2023,12,2023,True,har,0.0200567732964197,0.022116828304917898
66,01.05.2023,12,2023,True,har,0.020102827386875,0.022489181511402462
66,02.05.2023,12,2023,True,har,0.019047954536782,0.021871677612040532
66,03.05.2023,12,2023,True,har,0.0183170301143339,0.023393484956497373
66,04.05.2023,12,2023,True,har,0.0183892461403756,0.023518916290434757
66,05.05.2023,12,2023,True,har,0.0179624282372,0.02214538512336009
66,08.05.2023,12,2023,True,har,0.0177847973053158,0.02481974436361993
66,09.05.2023,12,2023,True,har,0.0178107802246835,0.024889991614220185
66,10.05.2023,12,2023,True,har,0.0178389871512292,0.02321366723367345
66,11.05.2023,12,2023,True,har,0.0178088015760729,0.02225099409548134
66,12.05.2023,12,2023,True,har,0.0177566422780814,0.022897506716356417
66,15.05.2023,12,2023,True,har,0.0177073191181258,0.021881341737009525
66,16.05.2023,12,2023,True,har,0.0177060504206892,0.021802593601427805
66,17.05.2023,12,2023,True,har,0.0174426658796867,0.02133886692221503
66,18.05.2023,12,2023,True,har,0.0173880584444897,0.02301097612816074
66,19.05.2023,12,2023,True,har,0.0173764205353298,0.022356375786313665
66,22.05.2023,12,2023,True,har,0.0174313763240749,0.021848297518217284
66,23.05.2023,12,2023,True,har,0.0173927783048183,0.02173469135339302
66,24.05.2023,12,2023,True,har,0.0173014884221336,0.02184316570823288
66,25.05.2023,12,2023,True,har,0.0169341746165433,0.02149074237290958
66,26.05.2023,12,2023,True,har,0.0169539742803409,0.022473959392469094
66,30.05.2023,12,2023,True,har,0.0160287800168674,0.021814834092807066
66,31.05.2023,12,2023,True,har,0.0160092559315346,0.02473491225804706
66,01.06.2023,12,2023,True,har,0.0158408783811517,0.02259112535221786
66,02.06.2023,12,2023,True,har,0.0156598442534788,0.022544858484308417
66,05.06.2023,12,2023,True,har,0.0156624316707656,0.023043583336928707
66,06.06.2023,12,2023,True,har,0.0156340236883173,0.021925457289055632
66,07.06.2023,12,2023,True,har,0.0156981097008371,0.020343312592803548
66,08.06.2023,12,2023,True,har,0.0155872728580356,0.020052901761265635
66,09.06.2023,12,2023,True,har,0.0155489694617207,0.020423608288540587
66,12.06.2023,12,2023,True,har,0.0145614623828578,0.020129773808153426
66,13.06.2023,12,2023,True,har,0.0140893809473874,0.022262914943684556
66,14.06.2023,12,2023,True,har,0.0139130341611278,0.02345142267944542
66,15.06.2023,12,2023,True,har,0.0135022432588846,0.022795677707421476
66,16.06.2023,12,2023,True,har,0.0134711038525915,0.024174740391975775
66,20.06.2023,12,2023,True,har,0.0133900589363864,0.02338220835356286
66,21.06.2023,12,2023,True,har,0.0132979772299089,0.022361729621616352
66,22.06.2023,12,2023,True,har,0.0122104457588206,0.022333275774763333
66,23.06.2023,12,2023,True,har,0.0125128823420357,0.024471928036821897
66,26.06.2023,12,2023,True,har,0.01267159173738,0.022513825842633537
66,27.06.2023,12,2023,True,har,0.012118543602733,0.022187103325392178
66,28.06.2023,12,2023,True,har,0.0135550392556619,0.02326984363502857
66,29.06.2023,12,2023,True,har,0.0135546559690195,0.02298579125809108
66,30.06.2023,12,2023,True,har,0.0154750475803946,0.02154543537063414
66,03.07.2023,12,2023,True,har,0.0157092251918051,0.02149811811502593
66,05.07.2023,12,2023,True,har,0.0154149629158588,0.021128592069787545
66,06.07.2023,12,2023,True,har,0.0161698626372455,0.021611591559362393
66,07.07.2023,12,2023,True,har,0.0159384213030929,0.020665601355838545
66,10.07.2023,12,2023,True,har,0.0161211440629618,0.02190528835694248
66,11.07.2023,12,2023,True,har,0.0159213397471587,0.02166506565889682
66,12.07.2023,12,2023,True,har,0.0172363791670631,0.022065744013171646
66,13.07.2023,12,2023,True,har,0.0172577091889868,0.020638217234364018
66,14.07.2023,12,2023,True,har,0.0170770131015848,0.02043256969204933
66,17.07.2023,12,2023,True,har,0.0170174925521633,0.02093361933956796
66,18.07.2023,12,2023,True,har,0.0169762764719308,0.02084159771366132
66,19.07.2023,12,2023,True,har,0.0169772862011169,0.020582672852449205
66,20.07.2023,12,2023,True,har,0.0173200194548818,0.02005799994484735
66,21.07.2023,12,2023,True,har,0.0174044363687648,0.01970312860915311
66,24.07.2023,12,2023,True,har,0.0174538053696786,0.01942510162031958
66,25.07.2023,12,2023,True,har,0.0177017671954627,0.019174746948671075
66,26.07.2023,12,2023,True,har,0.0179884547474534,0.01884619318474665
66,27.07.2023,12,2023,True,har,0.0184131699123343,0.018516517988147407
66,28.07.2023,12,2023,True,har,0.0183842758727514,0.018592033673400975
66,31.07.2023,12,2023,True,har,0.0188021693217147,0.01829993403089762
66,01.08.2023,12,2023,True,har,0.0190486454134901,0.018036854345636753
66,02.08.2023,12,2023,True,har,0.0190925056287442,0.018287422612145478
66,03.08.2023,12,2023,True,har,0.0188844719582193,0.019227740159913305
66,04.08.2023,12,2023,True,har,0.0195340724414503,0.019707506256718865
66,07.08.2023,12,2023,True,har,0.0197382050046233,0.01921397863702539
66,08.08.2023,12,2023,True,har,0.0197119738083904,0.019223172636761706
66,09.08.2023,12,2023,True,har,0.019735701012405,0.019023271061235768
66,10.08.2023,12,2023,True,har,0.019755006331512,0.01876153526563847
66,11.08.2023,12,2023,True,har,0.0197433556955323,0.018880421994685728
66,14.08.2023,12,2023,True,har,0.0198155166664033,0.01818917907360148
66,15.08.2023,12,2023,True,har,0.0205537557816967,0.017957900732828012
66,16.08.2023,12,2023,True,har,0.0210887239544052,0.01854353869900337
66,17.08.2023,12,2023,True,har,0.021229693746385,0.018398686074419943
66,18.08.2023,12,2023,True,har,0.0212053271554885,0.018373577264928095
66,21.08.2023,12,2023,True,har,0.0212117386762282,0.018330640000920016
66,22.08.2023,12,2023,True,har,0.0213019699689304,0.017981709771252827
66,23.08.2023,12,2023,True,har,0.0212884512102123,0.017801932684115236
66,24.08.2023,12,2023,True,har,0.0214528005411466,0.017729099631549717
66,25.08.2023,12,2023,True,har,0.0214961829268835,0.017160576712734764
66,28.08.2023,12,2023,True,har,0.0214993024872729,0.017824252762350945
66,29.08.2023,12,2023,True,har,0.0222505265601882,0.017348385215295043
66,30.08.2023,12,2023,True,har,0.0222706730061161,0.017920960266853046
66,31.08.2023,12,2023,True,har,0.0222389477311511,0.01698754108730153
66,01.09.2023,12,2023,True,har,0.0225272309239913,0.016924701098323305
66,05.09.2023,12,2023,True,har,0.0223971595308981,0.017495490399629374
66,06.09.2023,12,2023,True,har,0.0226132126256437,0.017244544085392312
66,07.09.2023,12,2023,True,har,0.0226139125445471,0.01694345882698078
66,08.09.2023,12,2023,True,har,0.0229749395166142,0.017335593541280402
66,11.09.2023,12,2023,True,har,0.0230679728011863,0.017195068053404178
66,12.09.2023,12,2023,True,har,0.0233396768314045,0.016777639101708194
66,13.09.2023,12,2023,True,har,0.0233407632734044,0.017312159044559607
66,14.09.2023,12,2023,True,har,0.0233194746007914,0.016616600366840855
66,15.09.2023,12,2023,True,har,0.0234292364450926,0.01700337830286185
66,18.09.2023,12,2023,True,har,0.0234324908634435,0.01647139197615931
66,19.09.2023,12,2023,True,har,0.0234321691372478,0.016485674478057787
66,20.09.2023,12,2023,True,har,0.0234208751920197,0.01625795841340774
66,21.09.2023,12,2023,True,har,0.0236646738902784,0.01676692760817306
66,22.09.2023,12,2023,True,har,0.0237405266008856,0.01587265533029623
66,25.09.2023,12,2023,True,har,0.0237965023500537,0.01579140641775294
66,26.09.2023,12,2023,True,har,0.0238327129266656,0.015606289460905351
66,27.09.2023,12,2023,True,har,0.0235749448896768,0.016019695020578144
66,28.09.2023,12,2023,True,har,0.0239227499555097,0.017749313851279657
66,29.09.2023,12,2023,True,har,0.0239304314781653,0.017755384026492568
66,02.10.2023,12,2023,True,har,0.0233168790247372,0.017367147696441834
66,03.10.2023,12,2023,True,har,0.0236383441349974,0.02204572362246049
66,04.10.2023,12,2023,True,har,0.0227578065181109,0.020285802203550023
66,05.10.2023,12,2023,True,har,0.0226611868741436,0.023700634951844116
66,06.10.2023,12,2023,True,har,0.0226717291432126,0.022512822390014592
66,09.10.2023,12,2023,True,har,0.0220958689762346,0.02218056926581849
66,10.10.2023,12,2023,True,har,0.022091551655897,0.024883028492546172
66,11.10.2023,12,2023,True,har,0.0219633237315478,0.023555278761992437
66,12.10.2023,12,2023,True,har,0.0220590934196978,0.02310303860152447
66,13.10.2023,12,2023,True,har,0.020903339529312,0.021998619650627056
66,16.10.2023,12,2023,True,har,0.0210123934556579,0.025944009825931705
66,17.10.2023,12,2023,True,har,0.0210125223658691,0.02436126511689633
66,18.10.2023,12,2023,True,har,0.0208957377102703,0.023963171427790583
66,19.10.2023,12,2023,True,har,0.0212058376728025,0.024187697539102774
66,20.10.2023,12,2023,True,har,0.0212881920200228,0.023895134213306267
66,23.10.2023,12,2023,True,har,0.0211319488769239,0.02224105077991064
66,24.10.2023,12,2023,True,har,0.0210215960220957,0.023664829045581003
66,25.10.2023,12,2023,True,har,0.0208653177532833,0.023755683873470775
66,26.10.2023,12,2023,True,har,0.0211427252746017,0.02396791347967693
66,27.10.2023,12,2023,True,har,0.0208878835687455,0.024185548729071617
66,30.10.2023,12,2023,True,har,0.0205489526834414,0.025288857012058047
66,31.10.2023,12,2023,True,har,0.0205810089659891,0.025291183344851836
66,01.11.2023,12,2023,True,har,0.0202502484023989,0.024048145759717164
66,02.11.2023,12,2023,True,har,0.020342473711209,0.024246965249482104
66,03.11.2023,12,2023,True,har,0.0201784917582811,0.02447532751011251
66,06.11.2023,12,2023,True,har,0.0201737725666915,0.024055934337175656
66,07.11.2023,12,2023,True,har,0.0195042124506729,0.022546676804028783
66,08.11.2023,12,2023,True,har,0.019320236684158,0.024939433261799336
66,09.11.2023,12,2023,True,har,0.0193963058856672,0.0243300400104179
66,10.11.2023,12,2023,True,har,0.0192983408239608,0.023036085348117363
66,13.11.2023,12,2023,True,har,0.0193055871082811,0.022765455131558872
66,14.11.2023,12,2023,True,har,0.0193329213843551,0.02287199474591687
66,15.11.2023,12,2023,True,har,0.0192520876085133,0.021458269250868748
66,16.11.2023,12,2023,True,har,0.0185761038454473,0.0214040902887411
66,17.11.2023,12,2023,True,har,0.0179555560979457,0.02431196151164483
66,20.11.2023,12,2023,True,har,0.0178462212640099,0.02552812396417707
66,21.11.2023,12,2023,True,har,0.0178454490130886,0.025088916129993484
66,22.11.2023,12,2023,True,har,0.01782915431231,0.02436878262974853
66,24.11.2023,12,2023,True,har,0.0176986371357018,0.024181873849588607
66,27.11.2023,12,2023,True,har,0.0177104150434034,0.023419925026859256
66,28.11.2023,12,2023,True,har,0.0175623653889845,0.02182314394509269
66,29.11.2023,12,2023,True,har,0.0174866673350996,0.022208665971547942
66,30.11.2023,12,2023,True,har,0.0174820104383919,0.022471509010749055
66,01.12.2023,12,2023,True,har,0.016439907338104,0.021639680636030806
66,04.12.2023,12,2023,True,har,0.0163779442801575,0.024803330608520753
66,05.12.2023,12,2023,True,har,0.0163243268504219,0.023444316041170563
66,06.12.2023,12,2023,True,har,0.0158483449375197,0.023012995145843675
66,07.12.2023,12,2023,True,har,0.0159345704579031,0.02340723786366705
66,08.12.2023,12,2023,True,har,0.0157052982811751,0.022069852562549255
66,11.12.2023,12,2023,True,har,0.0158314835596371,0.023225100657936155
66,12.12.2023,12,2023,True,har,0.0150502638182405,0.022405012762248114
66,13.12.2023,12,2023,True,har,0.0151670045534554,0.024284824475027465
66,14.12.2023,12,2023,True,har,0.0147366128267572,0.02325335411239899
66,15.12.2023,12,2023,True,har,0.0147508353004302,0.02457771770324141
66,18.12.2023,12,2023,True,har,0.0147068652643649,0.02266671475059808
66,19.12.2023,12,2023,True,har,0.0146188773572344,0.022845687678837892
66,20.12.2023,12,2023,True,har,0.0146123216265731,0.021178219631083676
66,21.12.2023,12,2023,True,har,0.0147113790281443,0.02093803748613043
66,22.12.2023,12,2023,True,har,0.0146978454478442,0.020621427908721544
66,26.12.2023,12,2023,True,har,0.014534032202728,0.020607070793479766
66,27.12.2023,12,2023,True,har,0.0143424154863403,0.021748756135832152
66,28.12.2023,12,2023,True,har,0.0142534083138144,0.02176108826717267
66,29.12.2023,12,2023,True,har,0.0140474823799801,0.021765772626837716
66,03.01.2023,12,2023,True,har_ovx,0.0204085439916315,0.023184808220840063
66,04.01.2023,12,2023,True,har_ovx,0.0193709106616889,0.024348548485966404
66,05.01.2023,12,2023,True,har_ovx,0.0194701157775218,0.025221962283265974
66,06.01.2023,12,2023,True,har_ovx,0.0195647219835738,0.024288234551835812
66,09.01.2023,12,2023,True,har_ovx,0.0195052670698106,0.02389938226234819
66,10.01.2023,12,2023,True,har_ovx,0.0196412112543058,0.023575032198712237
66,11.01.2023,12,2023,True,har_ovx,0.0192621954616806,0.02295928315257456
66,12.01.2023,12,2023,True,har_ovx,0.0193131883040984,0.022401583939229947
66,13.01.2023,12,2023,True,har_ovx,0.0194523958010689,0.021678858031188096
66,17.01.2023,12,2023,True,har_ovx,0.0194486549787576,0.021198232751547606
66,18.01.2023,12,2023,True,har_ovx,0.0194789778289605,0.021700965383800723
66,19.01.2023,12,2023,True,har_ovx,0.0196098032804617,0.0217262086165418
66,20.01.2023,12,2023,True,har_ovx,0.0200247421158367,0.02149246136629193
66,23.01.2023,12,2023,True,har_ovx,0.0200415740024958,0.02118609840371241
66,24.01.2023,12,2023,True,har_ovx,0.0199554536725892,0.020888633759433194
66,25.01.2023,12,2023,True,har_ovx,0.0199560513013634,0.02166303203972761
66,26.01.2023,12,2023,True,har_ovx,0.0207817769685072,0.021413836363614533
66,27.01.2023,12,2023,True,har_ovx,0.0212929836798847,0.021476699815548464
66,30.01.2023,12,2023,True,har_ovx,0.0211849934799745,0.021479011868435583
66,31.01.2023,12,2023,True,har_ovx,0.0217544123692444,0.02210422994924468
66,01.02.2023,12,2023,True,har_ovx,0.0218375233333682,0.021296574372302132
66,02.02.2023,12,2023,True,har_ovx,0.0218348778418864,0.021320390202432593
66,03.02.2023,12,2023,True,har_ovx,0.021638338604485,0.020896864116690807
66,06.02.2023,12,2023,True,har_ovx,0.021683601820214,0.021520560060202754
66,07.02.2023,12,2023,True,har_ovx,0.021294011848489,0.021498304644482234
66,08.02.2023,12,2023,True,har_ovx,0.0212641062695281,0.021705161142368937
66,09.02.2023,12,2023,True,har_ovx,0.0212567637948914,0.021395624545294062
66,10.02.2023,12,2023,True,har_ovx,0.0213495797533254,0.02089626117706322
66,13.02.2023,12,2023,True,har_ovx,0.0213989211813461,0.020693931379419564
66,14.02.2023,12,2023,True,har_ovx,0.0213639176101084,0.021075306529311305
66,15.02.2023,12,2023,True,har_ovx,0.021382655953251,0.020810919395907533
66,16.02.2023,12,2023,True,har_ovx,0.0214408833456166,0.020352420640871692
66,17.02.2023,12,2023,True,har_ovx,0.021385181429329,0.02013606561905671
66,21.02.2023,12,2023,True,har_ovx,0.0216275028781129,0.0205998669622916
66,22.02.2023,12,2023,True,har_ovx,0.0213634622419033,0.020602804395260504
66,23.02.2023,12,2023,True,har_ovx,0.0218995904493751,0.02148373068193974
66,24.02.2023,12,2023,True,har_ovx,0.0218732542049083,0.021187511231335013
66,27.02.2023,12,2023,True,har_ovx,0.0220566792132978,0.021340040195225167
66,28.02.2023,12,2023,True,har_ovx,0.0221706495622346,0.021259962968370218
66,01.03.2023,12,2023,True,har_ovx,0.0221845914168928,0.02082447731264126
66,02.03.2023,12,2023,True,har_ovx,0.0221744282300619,0.02058313116513808
66,03.03.2023,12,2023,True,har_ovx,0.0221399543442809,0.02019909675782184
66,06.03.2023,12,2023,True,har_ovx,0.0221713419597615,0.020169698762652857
66,07.03.2023,12,2023,True,har_ovx,0.0218721097369705,0.01923667872084977
66,08.03.2023,12,2023,True,har_ovx,0.0223725375623151,0.02040774022390557
66,09.03.2023,12,2023,True,har_ovx,0.0227543480002493,0.01997720361123887
66,10.03.2023,12,2023,True,har_ovx,0.0227248265231359,0.020429903138023953
66,13.03.2023,12,2023,True,har_ovx,0.0229477685398536,0.0210244143940618
66,14.03.2023,12,2023,True,har_ovx,0.0224233204757398,0.021526210575127814
66,15.03.2023,12,2023,True,har_ovx,0.0215838314228159,0.02453810461854167
66,16.03.2023,12,2023,True,har_ovx,0.0216076222099061,0.025566159757519115
66,17.03.2023,12,2023,True,har_ovx,0.0219661571675395,0.02509883287217729
66,20.03.2023,12,2023,True,har_ovx,0.0219291134956414,0.02574619235595141
66,21.03.2023,12,2023,True,har_ovx,0.0217866523764819,0.02575181046102374
66,22.03.2023,12,2023,True,har_ovx,0.0218967619534767,0.025024797976545672
66,23.03.2023,12,2023,True,har_ovx,0.0220805030032677,0.024091003270534143
66,24.03.2023,12,2023,True,har_ovx,0.0220376653105049,0.024035497792697313
66,27.03.2023,12,2023,True,har_ovx,0.0214570533544544,0.02430253720185099
66,28.03.2023,12,2023,True,har_ovx,0.0214394883823142,0.02413039974692928
66,29.03.2023,12,2023,True,har_ovx,0.0216932172542623,0.023416702675668873
66,30.03.2023,12,2023,True,har_ovx,0.0216338328529756,0.023107906768822566
66,31.03.2023,12,2023,True,har_ovx,0.0218491263761715,0.0227522179273886
66,03.04.2023,12,2023,True,har_ovx,0.0204129695337048,0.022041460279440234
66,04.04.2023,12,2023,True,har_ovx,0.0206099922725894,0.02292386460002046
66,05.04.2023,12,2023,True,har_ovx,0.0206453629234411,0.022251552612634565
66,06.04.2023,12,2023,True,har_ovx,0.0207418044735283,0.022132343107938008
66,10.04.2023,12,2023,True,har_ovx,0.0208185771693255,0.02091803199371353
66,11.04.2023,12,2023,True,har_ovx,0.0207977107389198,0.0209986076888272
66,12.04.2023,12,2023,True,har_ovx,0.0207211525886006,0.02010373655711214
66,13.04.2023,12,2023,True,har_ovx,0.0206586300509846,0.020086958932127023
66,14.04.2023,12,2023,True,har_ovx,0.0206578487843292,0.01982068165783944
66,17.04.2023,12,2023,True,har_ovx,0.0206788077771228,0.01961699317186475
66,18.04.2023,12,2023,True,har_ovx,0.0208406822420299,0.019979854479742667
66,19.04.2023,12,2023,True,har_ovx,0.0207441187255364,0.019900818409259093
66,20.04.2023,12,2023,True,har_ovx,0.0205438716395053,0.02011525567909774
66,21.04.2023,12,2023,True,har_ovx,0.0206167144600132,0.020841308088271934
66,24.04.2023,12,2023,True,har_ovx,0.0205841354779547,0.020355165950132266
66,25.04.2023,12,2023,True,har_ovx,0.0203702046745597,0.020291326890822213
66,26.04.2023,12,2023,True,har_ovx,0.0197868091662774,0.021146804237789113
66,27.04.2023,12,2023,True,har_ovx,0.0199430244584686,0.022293320246605734
66,28.04.2023,12,2023,True,har_ovx,0.0200567732964197,0.021583389108135856
66,01.05.2023,12,2023,True,har_ovx,0.020102827386875,0.021103439803647744
66,02.05.2023,12,2023,True,har_ovx,0.019047954536782,0.020969649994200805
66,03.05.2023,12,2023,True,har_ovx,0.0183170301143339,0.022790616467680325
66,04.05.2023,12,2023,True,har_ovx,0.0183892461403756,0.023795871915172753
66,05.05.2023,12,2023,True,har_ovx,0.0179624282372,0.023487385182383455
66,08.05.2023,12,2023,True,har_ovx,0.0177847973053158,0.022404644181854894
66,09.05.2023,12,2023,True,har_ovx,0.0178107802246835,0.021881375713817777
66,10.05.2023,12,2023,True,har_ovx,0.0178389871512292,0.021123478041454178
66,11.05.2023,12,2023,True,har_ovx,0.0178088015760729,0.02044564432742922
66,12.05.2023,12,2023,True,har_ovx,0.0177566422780814,0.02116704298587806
66,15.05.2023,12,2023,True,har_ovx,0.0177073191181258,0.021204424059283203
66,16.05.2023,12,2023,True,har_ovx,0.0177060504206892,0.020484755047856892
66,17.05.2023,12,2023,True,har_ovx,0.0174426658796867,0.020559222703662373
66,18.05.2023,12,2023,True,har_ovx,0.0173880584444897,0.021236436521762807
66,19.05.2023,12,2023,True,har_ovx,0.0173764205353298,0.02092016909687075
66,22.05.2023,12,2023,True,har_ovx,0.0174313763240749,0.020703693594218767
66,23.05.2023,12,2023,True,har_ovx,0.0173927783048183,0.020577897411115254
66,24.05.2023,12,2023,True,har_ovx,0.0173014884221336,0.020514590544788054
66,25.05.2023,12,2023,True,har_ovx,0.0169341746165433,0.02068180935967349
66,26.05.2023,12,2023,True,har_ovx,0.0169539742803409,0.021255171966059347
66,30.05.2023,12,2023,True,har_ovx,0.0160287800168674,0.02083357235519287
66,31.05.2023,12,2023,True,har_ovx,0.0160092559315346,0.022815216686597604
66,01.06.2023,12,2023,True,har_ovx,0.0158408783811517,0.022612214511081738
66,02.06.2023,12,2023,True,har_ovx,0.0156598442534788,0.02267405991506794
66,05.06.2023,12,2023,True,har_ovx,0.0156624316707656,0.022547584104413345
66,06.06.2023,12,2023,True,har_ovx,0.0156340236883173,0.021709817166863488
66,07.06.2023,12,2023,True,har_ovx,0.0156981097008371,0.020677392012936804
66,08.06.2023,12,2023,True,har_ovx,0.0155872728580356,0.019962557725642743
66,09.06.2023,12,2023,True,har_ovx,0.0155489694617207,0.02041694906234929
66,12.06.2023,12,2023,True,har_ovx,0.0145614623828578,0.019864694723543
66,13.06.2023,12,2023,True,har_ovx,0.0140893809473874,0.02123987888930034
66,14.06.2023,12,2023,True,har_ovx,0.0139130341611278,0.02052003145140134
66,15.06.2023,12,2023,True,har_ovx,0.0135022432588846,0.02064654627747864
66,16.06.2023,12,2023,True,har_ovx,0.0134711038525915,0.0209656767784054
66,20.06.2023,12,2023,True,har_ovx,0.0133900589363864,0.020682857334742955
66,21.06.2023,12,2023,True,har_ovx,0.0132979772299089,0.020722509064541858
66,22.06.2023,12,2023,True,har_ovx,0.0122104457588206,0.020217080514007894
66,23.06.2023,12,2023,True,har_ovx,0.0125128823420357,0.021371880915909493
66,26.06.2023,12,2023,True,har_ovx,0.01267159173738,0.0208296368022006
66,27.06.2023,12,2023,True,har_ovx,0.012118543602733,0.021138219193198023
66,28.06.2023,12,2023,True,har_ovx,0.0135550392556619,0.02222571352968041
66,29.06.2023,12,2023,True,har_ovx,0.0135546559690195,0.021592037953291444
66,30.06.2023,12,2023,True,har_ovx,0.0154750475803946,0.02063250216252174
66,03.07.2023,12,2023,True,har_ovx,0.0157092251918051,0.020043201999494997
66,05.07.2023,12,2023,True,har_ovx,0.0154149629158588,0.020164045264368265
66,06.07.2023,12,2023,True,har_ovx,0.0161698626372455,0.020179730361614513
66,07.07.2023,12,2023,True,har_ovx,0.0159384213030929,0.020216243539053456
66,10.07.2023,12,2023,True,har_ovx,0.0161211440629618,0.020424971376399804
66,11.07.2023,12,2023,True,har_ovx,0.0159213397471587,0.02149071143196371
66,12.07.2023,12,2023,True,har_ovx,0.0172363791670631,0.019903783235869575
66,13.07.2023,12,2023,True,har_ovx,0.0172577091889868,0.01970100206749644
66,14.07.2023,12,2023,True,har_ovx,0.0170770131015848,0.018938060914699774
66,17.07.2023,12,2023,True,har_ovx,0.0170174925521633,0.01911463820471606
66,18.07.2023,12,2023,True,har_ovx,0.0169762764719308,0.019553284123241598
66,19.07.2023,12,2023,True,har_ovx,0.0169772862011169,0.019244310343294407
66,20.07.2023,12,2023,True,har_ovx,0.0173200194548818,0.01919621425828093
66,21.07.2023,12,2023,True,har_ovx,0.0174044363687648,0.01880764464388651
66,24.07.2023,12,2023,True,har_ovx,0.0174538053696786,0.018788999176857963
66,25.07.2023,12,2023,True,har_ovx,0.0177017671954627,0.018760073359267486
66,26.07.2023,12,2023,True,har_ovx,0.0179884547474534,0.018798529387466557
66,27.07.2023,12,2023,True,har_ovx,0.0184131699123343,0.01865999741624814
66,28.07.2023,12,2023,True,har_ovx,0.0183842758727514,0.018471619286399118
66,31.07.2023,12,2023,True,har_ovx,0.0188021693217147,0.018453384058728556
66,01.08.2023,12,2023,True,har_ovx,0.0190486454134901,0.0180751434390031
66,02.08.2023,12,2023,True,har_ovx,0.0190925056287442,0.01812302761697218
66,03.08.2023,12,2023,True,har_ovx,0.0188844719582193,0.018557620957544062
66,04.08.2023,12,2023,True,har_ovx,0.0195340724414503,0.01863880676865082
66,07.08.2023,12,2023,True,har_ovx,0.0197382050046233,0.018402760379977907
66,08.08.2023,12,2023,True,har_ovx,0.0197119738083904,0.018319435542758652
66,09.08.2023,12,2023,True,har_ovx,0.019735701012405,0.0181286249702519
66,10.08.2023,12,2023,True,har_ovx,0.019755006331512,0.01835959876707098
66,11.08.2023,12,2023,True,har_ovx,0.0197433556955323,0.01801937477140262
66,14.08.2023,12,2023,True,har_ovx,0.0198155166664033,0.018083826000030882
66,15.08.2023,12,2023,True,har_ovx,0.0205537557816967,0.017916998151840335
66,16.08.2023,12,2023,True,har_ovx,0.0210887239544052,0.018290852339901333
66,17.08.2023,12,2023,True,har_ovx,0.021229693746385,0.018190831815290548
66,18.08.2023,12,2023,True,har_ovx,0.0212053271554885,0.018433609207297915
66,21.08.2023,12,2023,True,har_ovx,0.0212117386762282,0.01821396999833467
66,22.08.2023,12,2023,True,har_ovx,0.0213019699689304,0.01829058468580333
66,23.08.2023,12,2023,True,har_ovx,0.0212884512102123,0.018123913014334032
66,24.08.2023,12,2023,True,har_ovx,0.0214528005411466,0.01803655127674513
66,25.08.2023,12,2023,True,har_ovx,0.0214961829268835,0.01799939486642385
66,28.08.2023,12,2023,True,har_ovx,0.0214993024872729,0.018201675925584485
66,29.08.2023,12,2023,True,har_ovx,0.0222505265601882,0.018013131642446
66,30.08.2023,12,2023,True,har_ovx,0.0222706730061161,0.01789484246275071
66,31.08.2023,12,2023,True,har_ovx,0.0222389477311511,0.01734193480783748
66,01.09.2023,12,2023,True,har_ovx,0.0225272309239913,0.017371690569204814
66,05.09.2023,12,2023,True,har_ovx,0.0223971595308981,0.017802944175195682
66,06.09.2023,12,2023,True,har_ovx,0.0226132126256437,0.018018197965261867
66,07.09.2023,12,2023,True,har_ovx,0.0226139125445471,0.01784814827957154
66,08.09.2023,12,2023,True,har_ovx,0.0229749395166142,0.017841892128911747
66,11.09.2023,12,2023,True,har_ovx,0.0230679728011863,0.017711190756945064
66,12.09.2023,12,2023,True,har_ovx,0.0233396768314045,0.01675382741480533
66,13.09.2023,12,2023,True,har_ovx,0.0233407632734044,0.01686391700373853
66,14.09.2023,12,2023,True,har_ovx,0.0233194746007914,0.016957462100625532
66,15.09.2023,12,2023,True,har_ovx,0.0234292364450926,0.017580625779832697
66,18.09.2023,12,2023,True,har_ovx,0.0234324908634435,0.017587379531371433
66,19.09.2023,12,2023,True,har_ovx,0.0234321691372478,0.017798921782540153
66,20.09.2023,12,2023,True,har_ovx,0.0234208751920197,0.018426724408236644
66,21.09.2023,12,2023,True,har_ovx,0.0236646738902784,0.01860927997547568
66,22.09.2023,12,2023,True,har_ovx,0.0237405266008856,0.01857191391065438
66,25.09.2023,12,2023,True,har_ovx,0.0237965023500537,0.01832338043523145
66,26.09.2023,12,2023,True,har_ovx,0.0238327129266656,0.018354962235693155
66,27.09.2023,12,2023,True,har_ovx,0.0235749448896768,0.01862256307371153
66,28.09.2023,12,2023,True,har_ovx,0.0239227499555097,0.019508060309143566
66,29.09.2023,12,2023,True,har_ovx,0.0239304314781653,0.01922662705088333
66,02.10.2023,12,2023,True,har_ovx,0.0233168790247372,0.019284053595950354
66,03.10.2023,12,2023,True,har_ovx,0.0236383441349974,0.020489101760604273
66,04.10.2023,12,2023,True,har_ovx,0.0227578065181109,0.020316042396800363
66,05.10.2023,12,2023,True,har_ovx,0.0226611868741436,0.02161438660810361
66,06.10.2023,12,2023,True,har_ovx,0.0226717291432126,0.021552094370670682
66,09.10.2023,12,2023,True,har_ovx,0.0220958689762346,0.02121236342060369
66,10.10.2023,12,2023,True,har_ovx,0.022091551655897,0.023185726720282462
66,11.10.2023,12,2023,True,har_ovx,0.0219633237315478,0.022697401391408377
66,12.10.2023,12,2023,True,har_ovx,0.0220590934196978,0.022194392663307607
66,13.10.2023,12,2023,True,har_ovx,0.020903339529312,0.02173334992839376
66,16.10.2023,12,2023,True,har_ovx,0.0210123934556579,0.024464539094279956
66,17.10.2023,12,2023,True,har_ovx,0.0210125223658691,0.022902417954925605
66,18.10.2023,12,2023,True,har_ovx,0.0208957377102703,0.022960170781804987
66,19.10.2023,12,2023,True,har_ovx,0.0212058376728025,0.023822624351754446
66,20.10.2023,12,2023,True,har_ovx,0.0212881920200228,0.024086469190467107
66,23.10.2023,12,2023,True,har_ovx,0.0211319488769239,0.022809277301688823
66,24.10.2023,12,2023,True,har_ovx,0.0210215960220957,0.022689492742133305
66,25.10.2023,12,2023,True,har_ovx,0.0208653177532833,0.02254317578089053
66,26.10.2023,12,2023,True,har_ovx,0.0211427252746017,0.023756614478726828
66,27.10.2023,12,2023,True,har_ovx,0.0208878835687455,0.02352089344429193
66,30.10.2023,12,2023,True,har_ovx,0.0205489526834414,0.02466570312411928
66,31.10.2023,12,2023,True,har_ovx,0.0205810089659891,0.02403448884647235
66,01.11.2023,12,2023,True,har_ovx,0.0202502484023989,0.023041164822597375
66,02.11.2023,12,2023,True,har_ovx,0.020342473711209,0.022853998216169655
66,03.11.2023,12,2023,True,har_ovx,0.0201784917582811,0.02275068891352784
66,06.11.2023,12,2023,True,har_ovx,0.0201737725666915,0.022137121551250583
66,07.11.2023,12,2023,True,har_ovx,0.0195042124506729,0.02113862124224438
66,08.11.2023,12,2023,True,har_ovx,0.019320236684158,0.022524559960092085
66,09.11.2023,12,2023,True,har_ovx,0.0193963058856672,0.02279540170535903
66,10.11.2023,12,2023,True,har_ovx,0.0192983408239608,0.022512737308587466
66,13.11.2023,12,2023,True,har_ovx,0.0193055871082811,0.02221596358196355
66,14.11.2023,12,2023,True,har_ovx,0.0193329213843551,0.022278837996017216
66,15.11.2023,12,2023,True,har_ovx,0.0192520876085133,0.02137417604930119
66,16.11.2023,12,2023,True,har_ovx,0.0185761038454473,0.02169160986326603
66,17.11.2023,12,2023,True,har_ovx,0.0179555560979457,0.023552641563332463
66,20.11.2023,12,2023,True,har_ovx,0.0178462212640099,0.023225196754618996
66,21.11.2023,12,2023,True,har_ovx,0.0178454490130886,0.022663457144475846
66,22.11.2023,12,2023,True,har_ovx,0.01782915431231,0.022314614503347673
66,24.11.2023,12,2023,True,har_ovx,0.0176986371357018,0.02352568066682415
66,27.11.2023,12,2023,True,har_ovx,0.0177104150434034,0.023336032646917224
66,28.11.2023,12,2023,True,har_ovx,0.0175623653889845,0.022955400694954886
66,29.11.2023,12,2023,True,har_ovx,0.0174866673350996,0.022877743291033162
66,30.11.2023,12,2023,True,har_ovx,0.0174820104383919,0.022889757090016866
66,01.12.2023,12,2023,True,har_ovx,0.016439907338104,0.02170055579438456
66,04.12.2023,12,2023,True,har_ovx,0.0163779442801575,0.021692843265466725
66,05.12.2023,12,2023,True,har_ovx,0.0163243268504219,0.021972789426868082
66,06.12.2023,12,2023,True,har_ovx,0.0158483449375197,0.021283764449875543
66,07.12.2023,12,2023,True,har_ovx,0.0159345704579031,0.022348744844717647
66,08.12.2023,12,2023,True,har_ovx,0.0157052982811751,0.02141837664874443
66,11.12.2023,12,2023,True,har_ovx,0.0158314835596371,0.021304711305888034
66,12.12.2023,12,2023,True,har_ovx,0.0150502638182405,0.020814380657372518
66,13.12.2023,12,2023,True,har_ovx,0.0151670045534554,0.021719563731542137
66,14.12.2023,12,2023,True,har_ovx,0.0147366128267572,0.0213698311765911
66,15.12.2023,12,2023,True,har_ovx,0.0147508353004302,0.020994451598458936
66,18.12.2023,12,2023,True,har_ovx,0.0147068652643649,0.0208772813255697
66,19.12.2023,12,2023,True,har_ovx,0.0146188773572344,0.021644680033051793
66,20.12.2023,12,2023,True,har_ovx,0.0146123216265731,0.020326330195343523
66,21.12.2023,12,2023,True,har_ovx,0.0147113790281443,0.020239751485185017
66,22.12.2023,12,2023,True,har_ovx,0.0146978454478442,0.020238087320310127
66,26.12.2023,12,2023,True,har_ovx,0.014534032202728,0.019658414897093822
66,27.12.2023,12,2023,True,har_ovx,0.0143424154863403,0.020343411032865823
66,28.12.2023,12,2023,True,har_ovx,0.0142534083138144,0.02066019038207504
66,29.12.2023,12,2023,True,har_ovx,0.0140474823799801,0.020997971230618258
66,03.01.2023,12,2023,True,har_gpr,0.0204085439916315,0.02512717392899724
66,04.01.2023,12,2023,True,har_gpr,0.0193709106616889,0.02634857810967163
66,05.01.2023,12,2023,True,har_gpr,0.0194701157775218,0.02709281650321127
66,06.01.2023,12,2023,True,har_gpr,0.0195647219835738,0.025464694997223664
66,09.01.2023,12,2023,True,har_gpr,0.0195052670698106,0.02493023247216766
66,10.01.2023,12,2023,True,har_gpr,0.0196412112543058,0.024598674743156506
66,11.01.2023,12,2023,True,har_gpr,0.0192621954616806,0.02391801062836434
66,12.01.2023,12,2023,True,har_gpr,0.0193131883040984,0.023367816845363293
66,13.01.2023,12,2023,True,har_gpr,0.0194523958010689,0.02261931765193604
66,17.01.2023,12,2023,True,har_gpr,0.0194486549787576,0.02214919682759257
66,18.01.2023,12,2023,True,har_gpr,0.0194789778289605,0.022140366280561947
66,19.01.2023,12,2023,True,har_gpr,0.0196098032804617,0.02252697097394758
66,20.01.2023,12,2023,True,har_gpr,0.0200247421158367,0.022225361055861894
66,23.01.2023,12,2023,True,har_gpr,0.0200415740024958,0.022394044088218584
66,24.01.2023,12,2023,True,har_gpr,0.0199554536725892,0.021198909829108353
66,25.01.2023,12,2023,True,har_gpr,0.0199560513013634,0.02254466251325042
66,26.01.2023,12,2023,True,har_gpr,0.0207817769685072,0.021258063979675466
66,27.01.2023,12,2023,True,har_gpr,0.0212929836798847,0.02186386623917674
66,30.01.2023,12,2023,True,har_gpr,0.0211849934799745,0.021485069521832316
66,31.01.2023,12,2023,True,har_gpr,0.0217544123692444,0.023699280003137053
66,01.02.2023,12,2023,True,har_gpr,0.0218375233333682,0.022222391735069666
66,02.02.2023,12,2023,True,har_gpr,0.0218348778418864,0.022160129443568623
66,03.02.2023,12,2023,True,har_gpr,0.021638338604485,0.01957701850246075
66,06.02.2023,12,2023,True,har_gpr,0.021683601820214,0.020862261960082378
66,07.02.2023,12,2023,True,har_gpr,0.021294011848489,0.02003463738603044
66,08.02.2023,12,2023,True,har_gpr,0.0212641062695281,0.02200257543379129
66,09.02.2023,12,2023,True,har_gpr,0.0212567637948914,0.02143603965672079
66,10.02.2023,12,2023,True,har_gpr,0.0213495797533254,0.021268702007088275
66,13.02.2023,12,2023,True,har_gpr,0.0213989211813461,0.021010814033164404
66,14.02.2023,12,2023,True,har_gpr,0.0213639176101084,0.019201378345361255
66,15.02.2023,12,2023,True,har_gpr,0.021382655953251,0.01945289628696666
66,16.02.2023,12,2023,True,har_gpr,0.0214408833456166,0.018924815301982423
66,17.02.2023,12,2023,True,har_gpr,0.021385181429329,0.01879566329797457
66,21.02.2023,12,2023,True,har_gpr,0.0216275028781129,0.019495032264585013
66,22.02.2023,12,2023,True,har_gpr,0.0213634622419033,0.019704201941696513
66,23.02.2023,12,2023,True,har_gpr,0.0218995904493751,0.02119924988922991
66,24.02.2023,12,2023,True,har_gpr,0.0218732542049083,0.021694071610525636
66,27.02.2023,12,2023,True,har_gpr,0.0220566792132978,0.021534952985159766
66,28.02.2023,12,2023,True,har_gpr,0.0221706495622346,0.020817735087209296
66,01.03.2023,12,2023,True,har_gpr,0.0221845914168928,0.021279388421016614
66,02.03.2023,12,2023,True,har_gpr,0.0221744282300619,0.02009154317405122
66,03.03.2023,12,2023,True,har_gpr,0.0221399543442809,0.019737703345430527
66,06.03.2023,12,2023,True,har_gpr,0.0221713419597615,0.02001250493913504
66,07.03.2023,12,2023,True,har_gpr,0.0218721097369705,0.018648188411809964
66,08.03.2023,12,2023,True,har_gpr,0.0223725375623151,0.02153220320803561
66,09.03.2023,12,2023,True,har_gpr,0.0227543480002493,0.020138255401495008
66,10.03.2023,12,2023,True,har_gpr,0.0227248265231359,0.02016998772555117
66,13.03.2023,12,2023,True,har_gpr,0.0229477685398536,0.020392159205428386
66,14.03.2023,12,2023,True,har_gpr,0.0224233204757398,0.021123912433574588
66,15.03.2023,12,2023,True,har_gpr,0.0215838314228159,0.022615816241440462
66,16.03.2023,12,2023,True,har_gpr,0.0216076222099061,0.024132230514428317
66,17.03.2023,12,2023,True,har_gpr,0.0219661571675395,0.023601331941257027
66,20.03.2023,12,2023,True,har_gpr,0.0219291134956414,0.02343944464556484
66,21.03.2023,12,2023,True,har_gpr,0.0217866523764819,0.022826480669578843
66,22.03.2023,12,2023,True,har_gpr,0.0218967619534767,0.023439719712446072
66,23.03.2023,12,2023,True,har_gpr,0.0220805030032677,0.02207579660140087
66,24.03.2023,12,2023,True,har_gpr,0.0220376653105049,0.021754049068250365
66,27.03.2023,12,2023,True,har_gpr,0.0214570533544544,0.021383133521807374
66,28.03.2023,12,2023,True,har_gpr,0.0214394883823142,0.024457340987090393
66,29.03.2023,12,2023,True,har_gpr,0.0216932172542623,0.023166257254540877
66,30.03.2023,12,2023,True,har_gpr,0.0216338328529756,0.02306604173197488
66,31.03.2023,12,2023,True,har_gpr,0.0218491263761715,0.02325184469598028
66,03.04.2023,12,2023,True,har_gpr,0.0204129695337048,0.022656214378894937
66,04.04.2023,12,2023,True,har_gpr,0.0206099922725894,0.025993850090713436
66,05.04.2023,12,2023,True,har_gpr,0.0206453629234411,0.023646297053932248
66,06.04.2023,12,2023,True,har_gpr,0.0207418044735283,0.02354837898494586
66,10.04.2023,12,2023,True,har_gpr,0.0208185771693255,0.023592409285798425
66,11.04.2023,12,2023,True,har_gpr,0.0207977107389198,0.025367508788337566
66,12.04.2023,12,2023,True,har_gpr,0.0207211525886006,0.02346135379173582
66,13.04.2023,12,2023,True,har_gpr,0.0206586300509846,0.023167227641135976
66,14.04.2023,12,2023,True,har_gpr,0.0206578487843292,0.02217888186814494
66,17.04.2023,12,2023,True,har_gpr,0.0206788077771228,0.0217870753478064
66,18.04.2023,12,2023,True,har_gpr,0.0208406822420299,0.02100752632473805
66,19.04.2023,12,2023,True,har_gpr,0.0207441187255364,0.020208215736754718
66,20.04.2023,12,2023,True,har_gpr,0.0205438716395053,0.02057524765920731
66,21.04.2023,12,2023,True,har_gpr,0.0206167144600132,0.021181538361068532
66,24.04.2023,12,2023,True,har_gpr,0.0205841354779547,0.020665319796240436
66,25.04.2023,12,2023,True,har_gpr,0.0203702046745597,0.022342762752650375
66,26.04.2023,12,2023,True,har_gpr,0.0197868091662774,0.02257779477380341
66,27.04.2023,12,2023,True,har_gpr,0.0199430244584686,0.02411092766563734
66,28.04.2023,12,2023,True,har_gpr,0.0200567732964197,0.023227217061854197
66,01.05.2023,12,2023,True,har_gpr,0.020102827386875,0.02359096432680706
66,02.05.2023,12,2023,True,har_gpr,0.019047954536782,0.022143972585279174
66,03.05.2023,12,2023,True,har_gpr,0.0183170301143339,0.023609800870273836
66,04.05.2023,12,2023,True,har_gpr,0.0183892461403756,0.023741520273593372
66,05.05.2023,12,2023,True,har_gpr,0.0179624282372,0.022394088269771715
66,08.05.2023,12,2023,True,har_gpr,0.0177847973053158,0.025024020202089426
66,09.05.2023,12,2023,True,har_gpr,0.0178107802246835,0.024220527778897584
66,10.05.2023,12,2023,True,har_gpr,0.0178389871512292,0.022588585702388836
66,11.05.2023,12,2023,True,har_gpr,0.0178088015760729,0.021656399969462864
66,12.05.2023,12,2023,True,har_gpr,0.0177566422780814,0.022284555280488623
66,15.05.2023,12,2023,True,har_gpr,0.0177073191181258,0.02129845799673171
66,16.05.2023,12,2023,True,har_gpr,0.0177060504206892,0.022259999734091714
66,17.05.2023,12,2023,True,har_gpr,0.0174426658796867,0.0218062170948543
66,18.05.2023,12,2023,True,har_gpr,0.0173880584444897,0.023443929360151085
66,19.05.2023,12,2023,True,har_gpr,0.0173764205353298,0.02280048642959629
66,22.05.2023,12,2023,True,har_gpr,0.0174313763240749,0.022302435012327683
66,23.05.2023,12,2023,True,har_gpr,0.0173927783048183,0.021902803706337577
66,24.05.2023,12,2023,True,har_gpr,0.0173014884221336,0.022007890463867665
66,25.05.2023,12,2023,True,har_gpr,0.0169341746165433,0.02165855334962074
66,26.05.2023,12,2023,True,har_gpr,0.0169539742803409,0.02262062761489818
66,30.05.2023,12,2023,True,har_gpr,0.0160287800168674,0.02197161010739441
66,31.05.2023,12,2023,True,har_gpr,0.0160092559315346,0.025136696143784353
66,01.06.2023,12,2023,True,har_gpr,0.0158408783811517,0.02301651726529317
66,02.06.2023,12,2023,True,har_gpr,0.0156598442534788,0.02296065077723526
66,05.06.2023,12,2023,True,har_gpr,0.0156624316707656,0.0234512888697766
66,06.06.2023,12,2023,True,har_gpr,0.0156340236883173,0.02238247375493218
66,07.06.2023,12,2023,True,har_gpr,0.0156981097008371,0.0208474555105983
66,08.06.2023,12,2023,True,har_gpr,0.0155872728580356,0.02057007481974134
66,09.06.2023,12,2023,True,har_gpr,0.0155489694617207,0.020930042074020362
66,12.06.2023,12,2023,True,har_gpr,0.0145614623828578,0.020646238600594547
66,13.06.2023,12,2023,True,har_gpr,0.0140893809473874,0.021654941821403085
66,14.06.2023,12,2023,True,har_gpr,0.0139130341611278,0.022811910729607393
66,15.06.2023,12,2023,True,har_gpr,0.0135022432588846,0.022170744707111105
66,16.06.2023,12,2023,True,har_gpr,0.0134711038525915,0.02351760750305916
66,20.06.2023,12,2023,True,har_gpr,0.0133900589363864,0.022739892382632323
66,21.06.2023,12,2023,True,har_gpr,0.0132979772299089,0.023202794653528022
66,22.06.2023,12,2023,True,har_gpr,0.0122104457588206,0.023182493893158053
66,23.06.2023,12,2023,True,har_gpr,0.0125128823420357,0.025278399509314757
66,26.06.2023,12,2023,True,har_gpr,0.01267159173738,0.023361805290961636
66,27.06.2023,12,2023,True,har_gpr,0.012118543602733,0.023347129294029906
66,28.06.2023,12,2023,True,har_gpr,0.0135550392556619,0.02441085513413607
66,29.06.2023,12,2023,True,har_gpr,0.0135546559690195,0.024117579239675106
66,30.06.2023,12,2023,True,har_gpr,0.0154750475803946,0.02271401459943357
66,03.07.2023,12,2023,True,har_gpr,0.0157092251918051,0.022664312175656093
66,05.07.2023,12,2023,True,har_gpr,0.0154149629158588,0.020654856872663087
66,06.07.2023,12,2023,True,har_gpr,0.0161698626372455,0.021144947511012327
66,07.07.2023,12,2023,True,har_gpr,0.0159384213030929,0.02021709195978231
66,10.07.2023,12,2023,True,har_gpr,0.0161211440629618,0.02143505097085437
66,11.07.2023,12,2023,True,har_gpr,0.0159213397471587,0.02230609775500185
66,12.07.2023,12,2023,True,har_gpr,0.0172363791670631,0.022700882686888222
66,13.07.2023,12,2023,True,har_gpr,0.0172577091889868,0.021285892609087552
66,14.07.2023,12,2023,True,har_gpr,0.0170770131015848,0.021079637542335865
66,17.07.2023,12,2023,True,har_gpr,0.0170174925521633,0.021567392055616263
66,18.07.2023,12,2023,True,har_gpr,0.0169762764719308,0.02095087079241689
66,19.07.2023,12,2023,True,har_gpr,0.0169772862011169,0.020700114032411763
66,20.07.2023,12,2023,True,har_gpr,0.0173200194548818,0.020184678951008162
66,21.07.2023,12,2023,True,har_gpr,0.0174044363687648,0.019838967233747742
66,24.07.2023,12,2023,True,har_gpr,0.0174538053696786,0.019549206330870386
66,25.07.2023,12,2023,True,har_gpr,0.0177017671954627,0.019718661321019508
66,26.07.2023,12,2023,True,har_gpr,0.0179884547474534,0.01939643130174921
66,27.07.2023,12,2023,True,har_gpr,0.0184131699123343,0.019058761056198567
66,28.07.2023,12,2023,True,har_gpr,0.0183842758727514,0.019130700487603874
66,31.07.2023,12,2023,True,har_gpr,0.0188021693217147,0.018844750436293866
66,01.08.2023,12,2023,True,har_gpr,0.0190486454134901,0.018767336226083963
66,02.08.2023,12,2023,True,har_gpr,0.0190925056287442,0.018714224935273766
66,03.08.2023,12,2023,True,har_gpr,0.0188844719582193,0.019633664875767065
66,04.08.2023,12,2023,True,har_gpr,0.0195340724414503,0.020104618944785328
66,07.08.2023,12,2023,True,har_gpr,0.0197382050046233,0.01961467412929989
66,08.08.2023,12,2023,True,har_gpr,0.0197119738083904,0.01922933676354948
66,09.08.2023,12,2023,True,har_gpr,0.019735701012405,0.019029648431305116
66,10.08.2023,12,2023,True,har_gpr,0.019755006331512,0.01878369790295187
66,11.08.2023,12,2023,True,har_gpr,0.0197433556955323,0.018900180508500005
66,14.08.2023,12,2023,True,har_gpr,0.0198155166664033,0.018216808726211398
66,15.08.2023,12,2023,True,har_gpr,0.0205537557816967,0.01807128441252623
66,16.08.2023,12,2023,True,har_gpr,0.0210887239544052,0.018648090999936317
66,17.08.2023,12,2023,True,har_gpr,0.021229693746385,0.01851843941422633
66,18.08.2023,12,2023,True,har_gpr,0.0212053271554885,0.018489345693230762
66,21.08.2023,12,2023,True,har_gpr,0.0212117386762282,0.01844312913763616
66,22.08.2023,12,2023,True,har_gpr,0.0213019699689304,0.01796820928301282
66,23.08.2023,12,2023,True,har_gpr,0.0212884512102123,0.017793681834998992
66,24.08.2023,12,2023,True,har_gpr,0.0214528005411466,0.017726871403389754
66,25.08.2023,12,2023,True,har_gpr,0.0214961829268835,0.017167127225917195
66,28.08.2023,12,2023,True,har_gpr,0.0214993024872729,0.017816971321749458
66,29.08.2023,12,2023,True,har_gpr,0.0222505265601882,0.017115177500586796
66,30.08.2023,12,2023,True,har_gpr,0.0222706730061161,0.01767744562828765
66,31.08.2023,12,2023,True,har_gpr,0.0222389477311511,0.0167602231381444
66,01.09.2023,12,2023,True,har_gpr,0.0225272309239913,0.016693280324964213
66,05.09.2023,12,2023,True,har_gpr,0.0223971595308981,0.017254175561964135
66,06.09.2023,12,2023,True,har_gpr,0.0226132126256437,0.01829295242358745
66,07.09.2023,12,2023,True,har_gpr,0.0226139125445471,0.01799510036638915
66,08.09.2023,12,2023,True,har_gpr,0.0229749395166142,0.018370989000194772
66,11.09.2023,12,2023,True,har_gpr,0.0230679728011863,0.018230049679329965
66,12.09.2023,12,2023,True,har_gpr,0.0233396768314045,0.017077970502696115
66,13.09.2023,12,2023,True,har_gpr,0.0233407632734044,0.01760509108363798
66,14.09.2023,12,2023,True,har_gpr,0.0233194746007914,0.01691541084048326
66,15.09.2023,12,2023,True,har_gpr,0.0234292364450926,0.01729000091943632
66,18.09.2023,12,2023,True,har_gpr,0.0234324908634435,0.016766636190872253
66,19.09.2023,12,2023,True,har_gpr,0.0234321691372478,0.01735648806976042
66,20.09.2023,12,2023,True,har_gpr,0.0234208751920197,0.017132445214785807
66,21.09.2023,12,2023,True,har_gpr,0.0236646738902784,0.017631118781818417
66,22.09.2023,12,2023,True,har_gpr,0.0237405266008856,0.016758614069831555
66,25.09.2023,12,2023,True,har_gpr,0.0237965023500537,0.016679736736606433
66,26.09.2023,12,2023,True,har_gpr,0.0238327129266656,0.01657713278485328
66,27.09.2023,12,2023,True,har_gpr,0.0235749448896768,0.016978904624893966
66,28.09.2023,12,2023,True,har_gpr,0.0239227499555097,0.018674062232025
66,29.09.2023,12,2023,True,har_gpr,0.0239304314781653,0.018680984127429107
66,02.10.2023,12,2023,True,har_gpr,0.0233168790247372,0.018299205044319714
66,03.10.2023,12,2023,True,har_gpr,0.0236383441349974,0.02185955230390844
66,04.10.2023,12,2023,True,har_gpr,0.0227578065181109,0.020128181228654927
66,05.10.2023,12,2023,True,har_gpr,0.0226611868741436,0.02351418822388824
66,06.10.2023,12,2023,True,har_gpr,0.0226717291432126,0.02235042729745164
66,09.10.2023,12,2023,True,har_gpr,0.0220958689762346,0.022020496226678527
66,10.10.2023,12,2023,True,har_gpr,0.022091551655897,0.024677357952979897
66,11.10.2023,12,2023,True,har_gpr,0.0219633237315478,0.025418676245806564
66,12.10.2023,12,2023,True,har_gpr,0.0220590934196978,0.02499669911766731
66,13.10.2023,12,2023,True,har_gpr,0.020903339529312,0.02391247331343843
66,16.10.2023,12,2023,True,har_gpr,0.0210123934556579,0.027795756229755497
66,17.10.2023,12,2023,True,har_gpr,0.0210125223658691,0.026032469164991395
66,18.10.2023,12,2023,True,har_gpr,0.0208957377102703,0.02564217459179057
66,19.10.2023,12,2023,True,har_gpr,0.0212058376728025,0.025871887139639387
66,20.10.2023,12,2023,True,har_gpr,0.0212881920200228,0.025806226481432163
66,23.10.2023,12,2023,True,har_gpr,0.0211319488769239,0.02420664571369282
66,24.10.2023,12,2023,True,har_gpr,0.0210215960220957,0.025411272539133053
66,25.10.2023,12,2023,True,har_gpr,0.0208653177532833,0.025497775202606515
66,26.10.2023,12,2023,True,har_gpr,0.0211427252746017,0.025701695991892797
66,27.10.2023,12,2023,True,har_gpr,0.0208878835687455,0.02591697997375454
66,30.10.2023,12,2023,True,har_gpr,0.0205489526834414,0.026995266423264552
66,31.10.2023,12,2023,True,har_gpr,0.0205810089659891,0.026216142168531697
66,01.11.2023,12,2023,True,har_gpr,0.0202502484023989,0.02499662765419613
66,02.11.2023,12,2023,True,har_gpr,0.020342473711209,0.025179772958579507
66,03.11.2023,12,2023,True,har_gpr,0.0201784917582811,0.025398801639767356
66,06.11.2023,12,2023,True,har_gpr,0.0201737725666915,0.024999369473113205
66,07.11.2023,12,2023,True,har_gpr,0.0195042124506729,0.02262177144451402
66,08.11.2023,12,2023,True,har_gpr,0.019320236684158,0.02497474732143945
66,09.11.2023,12,2023,True,har_gpr,0.0193963058856672,0.024378893905503303
66,10.11.2023,12,2023,True,har_gpr,0.0192983408239608,0.02311963140756823
66,13.11.2023,12,2023,True,har_gpr,0.0193055871082811,0.022823705198239397
66,14.11.2023,12,2023,True,har_gpr,0.0193329213843551,0.02230471145510153
66,15.11.2023,12,2023,True,har_gpr,0.0192520876085133,0.02093301433431289
66,16.11.2023,12,2023,True,har_gpr,0.0185761038454473,0.020884059198514642
66,17.11.2023,12,2023,True,har_gpr,0.0179555560979457,0.023726592056278924
66,20.11.2023,12,2023,True,har_gpr,0.0178462212640099,0.024925294626529523
66,21.11.2023,12,2023,True,har_gpr,0.0178454490130886,0.026215546569489732
66,22.11.2023,12,2023,True,har_gpr,0.01782915431231,0.02550637997637613
66,24.11.2023,12,2023,True,har_gpr,0.0176986371357018,0.02531950050161541
66,27.11.2023,12,2023,True,har_gpr,0.0177104150434034,0.02458812859444722
66,28.11.2023,12,2023,True,har_gpr,0.0175623653889845,0.022550709427550965
66,29.11.2023,12,2023,True,har_gpr,0.0174866673350996,0.022928179335736185
66,30.11.2023,12,2023,True,har_gpr,0.0174820104383919,0.023184853295823798
66,01.12.2023,12,2023,True,har_gpr,0.016439907338104,0.022361205512311005
66,04.12.2023,12,2023,True,har_gpr,0.0163779442801575,0.024497418712448257
66,05.12.2023,12,2023,True,har_gpr,0.0163243268504219,0.023159573142755217
66,06.12.2023,12,2023,True,har_gpr,0.0158483449375197,0.02309167903099881
66,07.12.2023,12,2023,True,har_gpr,0.0159345704579031,0.02348432585724565
66,08.12.2023,12,2023,True,har_gpr,0.0157052982811751,0.022166754885493325
66,11.12.2023,12,2023,True,har_gpr,0.0158314835596371,0.023302396472642276
66,12.12.2023,12,2023,True,har_gpr,0.0150502638182405,0.022704470018372835
66,13.12.2023,12,2023,True,har_gpr,0.0151670045534554,0.02454885687155408
66,14.12.2023,12,2023,True,har_gpr,0.0147366128267572,0.02354439776432645
66,15.12.2023,12,2023,True,har_gpr,0.0147508353004302,0.024846456254388957
66,18.12.2023,12,2023,True,har_gpr,0.0147068652643649,0.02295739821962617
66,19.12.2023,12,2023,True,har_gpr,0.0146188773572344,0.022173425403467523
66,20.12.2023,12,2023,True,har_gpr,0.0146123216265731,0.02056130121067945
66,21.12.2023,12,2023,True,har_gpr,0.0147113790281443,0.02032405139798489
66,22.12.2023,12,2023,True,har_gpr,0.0146978454478442,0.020017272369959056
66,26.12.2023,12,2023,True,har_gpr,0.014534032202728,0.019999917074051583
66,27.12.2023,12,2023,True,har_gpr,0.0143424154863403,0.021122356979194207
66,28.12.2023,12,2023,True,har_gpr,0.0142534083138144,0.021744956950763894
66,29.12.2023,12,2023,True,har_gpr,0.0140474823799801,0.021745727822677544
66,03.01.2023,12,2023,True,har_x,0.0204085439916315,0.02374051441253711
66,04.01.2023,12,2023,True,har_x,0.0193709106616889,0.024877240996584154
66,05.01.2023,12,2023,True,har_x,0.0194701157775218,0.02488367067642387
66,06.01.2023,12,2023,True,har_x,0.0195647219835738,0.02397941478483516
66,09.01.2023,12,2023,True,har_x,0.0195052670698106,0.02359732843798343
66,10.01.2023,12,2023,True,har_x,0.0196412112543058,0.02335862729392208
66,11.01.2023,12,2023,True,har_x,0.0192621954616806,0.022767909698894653
66,12.01.2023,12,2023,True,har_x,0.0193131883040984,0.02226265462184771
66,13.01.2023,12,2023,True,har_x,0.0194523958010689,0.021548612253501187
66,17.01.2023,12,2023,True,har_x,0.0194486549787576,0.021081931158453734
66,18.01.2023,12,2023,True,har_x,0.0194789778289605,0.021952074569409095
66,19.01.2023,12,2023,True,har_x,0.0196098032804617,0.02194424971584535
66,20.01.2023,12,2023,True,har_x,0.0200247421158367,0.02172889236814665
66,23.01.2023,12,2023,True,har_x,0.0200415740024958,0.021411349128029826
66,24.01.2023,12,2023,True,har_x,0.0199554536725892,0.02051334775456977
66,25.01.2023,12,2023,True,har_x,0.0199560513013634,0.02123783439668625
66,26.01.2023,12,2023,True,har_x,0.0207817769685072,0.021026696112792214
66,27.01.2023,12,2023,True,har_x,0.0212929836798847,0.02106856897899621
66,30.01.2023,12,2023,True,har_x,0.0211849934799745,0.02108816455425502
66,31.01.2023,12,2023,True,har_x,0.0217544123692444,0.023532539237711477
66,01.02.2023,12,2023,True,har_x,0.0218375233333682,0.022757370107896677
66,02.02.2023,12,2023,True,har_x,0.0218348778418864,0.022765051246631994
66,03.02.2023,12,2023,True,har_x,0.021638338604485,0.022418523854679684
66,06.02.2023,12,2023,True,har_x,0.021683601820214,0.02300899548857599
66,07.02.2023,12,2023,True,har_x,0.021294011848489,0.02181588210383541
66,08.02.2023,12,2023,True,har_x,0.0212641062695281,0.021937544154219148
66,09.02.2023,12,2023,True,har_x,0.0212567637948914,0.02164869131562155
66,10.02.2023,12,2023,True,har_x,0.0213495797533254,0.022005888944524946
66,13.02.2023,12,2023,True,har_x,0.0213989211813461,0.021834310506526063
66,14.02.2023,12,2023,True,har_x,0.0213639176101084,0.020848749751687098
66,15.02.2023,12,2023,True,har_x,0.021382655953251,0.020573828608099903
66,16.02.2023,12,2023,True,har_x,0.0214408833456166,0.020129349055514337
66,17.02.2023,12,2023,True,har_x,0.021385181429329,0.019912922220838344
66,21.02.2023,12,2023,True,har_x,0.0216275028781129,0.02036569089197607
66,22.02.2023,12,2023,True,har_x,0.0213634622419033,0.021300674308352016
66,23.02.2023,12,2023,True,har_x,0.0218995904493751,0.022135117026276727
66,24.02.2023,12,2023,True,har_x,0.0218732542049083,0.021804832849940038
66,27.02.2023,12,2023,True,har_x,0.0220566792132978,0.02196027884909608
66,28.02.2023,12,2023,True,har_x,0.0221706495622346,0.021751014926101427
66,01.03.2023,12,2023,True,har_x,0.0221845914168928,0.021285283295654416
66,02.03.2023,12,2023,True,har_x,0.0221744282300619,0.02140411920432866
66,03.03.2023,12,2023,True,har_x,0.0221399543442809,0.021026496217304094
66,06.03.2023,12,2023,True,har_x,0.0221713419597615,0.02098601277558074
66,07.03.2023,12,2023,True,har_x,0.0218721097369705,0.019638734481988527
66,08.03.2023,12,2023,True,har_x,0.0223725375623151,0.020703986241970614
66,09.03.2023,12,2023,True,har_x,0.0227543480002493,0.020307543175236965
66,10.03.2023,12,2023,True,har_x,0.0227248265231359,0.02076657428189644
66,13.03.2023,12,2023,True,har_x,0.0229477685398536,0.0213651885512634
66,14.03.2023,12,2023,True,har_x,0.0224233204757398,0.02248599261468139
66,15.03.2023,12,2023,True,har_x,0.0215838314228159,0.025506806519986647
66,16.03.2023,12,2023,True,har_x,0.0216076222099061,0.02650307506109976
66,17.03.2023,12,2023,True,har_x,0.0219661571675395,0.026037832533812078
66,20.03.2023,12,2023,True,har_x,0.0219291134956414,0.026720816021277297
66,21.03.2023,12,2023,True,har_x,0.0217866523764819,0.025793212825907828
66,22.03.2023,12,2023,True,har_x,0.0218967619534767,0.025033402716005345
66,23.03.2023,12,2023,True,har_x,0.0220805030032677,0.024162944304382847
66,24.03.2023,12,2023,True,har_x,0.0220376653105049,0.02411110648015304
66,27.03.2023,12,2023,True,har_x,0.0214570533544544,0.02440464812411218
66,28.03.2023,12,2023,True,har_x,0.0214394883823142,0.024895603708212033
66,29.03.2023,12,2023,True,har_x,0.0216932172542623,0.024216057241855354
66,30.03.2023,12,2023,True,har_x,0.0216338328529756,0.02390485932094614
66,31.03.2023,12,2023,True,har_x,0.0218491263761715,0.023540619773792786
66,03.04.2023,12,2023,True,har_x,0.0204129695337048,0.02284621767601238
66,04.04.2023,12,2023,True,har_x,0.0206099922725894,0.022638768704979623
66,05.04.2023,12,2023,True,har_x,0.0206453629234411,0.02203207771329273
66,06.04.2023,12,2023,True,har_x,0.0207418044735283,0.021916083680562175
66,10.04.2023,12,2023,True,har_x,0.0208185771693255,0.020673535139909546
66,11.04.2023,12,2023,True,har_x,0.0207977107389198,0.022156621972371938
66,12.04.2023,12,2023,True,har_x,0.0207211525886006,0.021363957924577643
66,13.04.2023,12,2023,True,har_x,0.0206586300509846,0.02133598841682981
66,14.04.2023,12,2023,True,har_x,0.0206578487843292,0.021070692934207807
66,17.04.2023,12,2023,True,har_x,0.0206788077771228,0.020877847590742505
66,18.04.2023,12,2023,True,har_x,0.0208406822420299,0.019755513525869194
66,19.04.2023,12,2023,True,har_x,0.0207441187255364,0.019711297758123098
66,20.04.2023,12,2023,True,har_x,0.0205438716395053,0.019932209485796777
66,21.04.2023,12,2023,True,har_x,0.0206167144600132,0.020649585349837504
66,24.04.2023,12,2023,True,har_x,0.0205841354779547,0.020168774973007814
66,25.04.2023,12,2023,True,har_x,0.0203702046745597,0.021607805811781625
66,26.04.2023,12,2023,True,har_x,0.0197868091662774,0.022460025285514666
66,27.04.2023,12,2023,True,har_x,0.0199430244584686,0.023573142860627408
66,28.04.2023,12,2023,True,har_x,0.0200567732964197,0.022881581376547926
66,01.05.2023,12,2023,True,har_x,0.020102827386875,0.022375798858248988
66,02.05.2023,12,2023,True,har_x,0.019047954536782,0.021192526588414615
66,03.05.2023,12,2023,True,har_x,0.0183170301143339,0.02295597856866991
66,04.05.2023,12,2023,True,har_x,0.0183892461403756,0.023984324374335925
66,05.05.2023,12,2023,True,har_x,0.0179624282372,0.023723986543940232
66,08.05.2023,12,2023,True,har_x,0.0177847973053158,0.022520228764250392
66,09.05.2023,12,2023,True,har_x,0.0178107802246835,0.02089747755717934
66,10.05.2023,12,2023,True,har_x,0.0178389871512292,0.020208786437229984
66,11.05.2023,12,2023,True,har_x,0.0178088015760729,0.019573656625330293
66,12.05.2023,12,2023,True,har_x,0.0177566422780814,0.02027484151345903
66,15.05.2023,12,2023,True,har_x,0.0177073191181258,0.02036748674244984
66,16.05.2023,12,2023,True,har_x,0.0177060504206892,0.021074606791978975
66,17.05.2023,12,2023,True,har_x,0.0174426658796867,0.021170297061998553
66,18.05.2023,12,2023,True,har_x,0.0173880584444897,0.021789360330708895
66,19.05.2023,12,2023,True,har_x,0.0173764205353298,0.021491807523971757
66,22.05.2023,12,2023,True,har_x,0.0174313763240749,0.021291963536173835
66,23.05.2023,12,2023,True,har_x,0.0173927783048183,0.02054161367628574
66,24.05.2023,12,2023,True,har_x,0.0173014884221336,0.020471499654367033
66,25.05.2023,12,2023,True,har_x,0.0169341746165433,0.020652937909550723
66,26.05.2023,12,2023,True,har_x,0.0169539742803409,0.021193794168528377
66,30.05.2023,12,2023,True,har_x,0.0160287800168674,0.020787278341400515
66,31.05.2023,12,2023,True,har_x,0.0160092559315346,0.023160278828305264
66,01.06.2023,12,2023,True,har_x,0.0158408783811517,0.0230193610253867
66,02.06.2023,12,2023,True,har_x,0.0156598442534788,0.023072580464627682
66,05.06.2023,12,2023,True,har_x,0.0156624316707656,0.02292483878728469
66,06.06.2023,12,2023,True,har_x,0.0156340236883173,0.022107405714724776
66,07.06.2023,12,2023,True,har_x,0.0156981097008371,0.02114182865986551
66,08.06.2023,12,2023,True,har_x,0.0155872728580356,0.020434965594096015
66,09.06.2023,12,2023,True,har_x,0.0155489694617207,0.020878376962346124
66,12.06.2023,12,2023,True,har_x,0.0145614623828578,0.02033356216861807
66,13.06.2023,12,2023,True,har_x,0.0140893809473874,0.02046333968705099
66,14.06.2023,12,2023,True,har_x,0.0139130341611278,0.01966913193671708
66,15.06.2023,12,2023,True,har_x,0.0135022432588846,0.019826269362685642
66,16.06.2023,12,2023,True,har_x,0.0134711038525915,0.02008831883378533
66,20.06.2023,12,2023,True,har_x,0.0133900589363864,0.019831124826344734
66,21.06.2023,12,2023,True,har_x,0.0132979772299089,0.021663057092164463
66,22.06.2023,12,2023,True,har_x,0.0122104457588206,0.021159038513404387
66,23.06.2023,12,2023,True,har_x,0.0125128823420357,0.022245893359026665
66,26.06.2023,12,2023,True,har_x,0.01267159173738,0.021777161749782115
66,27.06.2023,12,2023,True,har_x,0.012118543602733,0.022539690706935255
66,28.06.2023,12,2023,True,har_x,0.0135550392556619,0.02360623002070353
66,29.06.2023,12,2023,True,har_x,0.0135546559690195,0.0229547721326467
66,30.06.2023,12,2023,True,har_x,0.0154750475803946,0.02204682611417152
66,03.07.2023,12,2023,True,har_x,0.0157092251918051,0.021444782243543674
66,05.07.2023,12,2023,True,har_x,0.0154149629158588,0.019369039570065746
66,06.07.2023,12,2023,True,har_x,0.0161698626372455,0.019386415301991956
66,07.07.2023,12,2023,True,har_x,0.0159384213030929,0.019461086991321153
66,10.07.2023,12,2023,True,har_x,0.0161211440629618,0.01962629702923691
66,11.07.2023,12,2023,True,har_x,0.0159213397471587,0.02226826917540102
66,12.07.2023,12,2023,True,har_x,0.0172363791670631,0.020637943847274146
66,13.07.2023,12,2023,True,har_x,0.0172577091889868,0.020472215864611367
66,14.07.2023,12,2023,True,har_x,0.0170770131015848,0.019698672623096724
66,17.07.2023,12,2023,True,har_x,0.0170174925521633,0.019853414764398187
66,18.07.2023,12,2023,True,har_x,0.0169762764719308,0.0196762274928401
66,19.07.2023,12,2023,True,har_x,0.0169772862011169,0.019375882870290656
66,20.07.2023,12,2023,True,har_x,0.0173200194548818,0.019346818567002433
66,21.07.2023,12,2023,True,har_x,0.0174044363687648,0.01896865434614437
66,24.07.2023,12,2023,True,har_x,0.0174538053696786,0.018942157354373955
66,25.07.2023,12,2023,True,har_x,0.0177017671954627,0.01949263821988023
66,26.07.2023,12,2023,True,har_x,0.0179884547474534,0.019544776916400358
66,27.07.2023,12,2023,True,har_x,0.0184131699123343,0.01940007758127052
66,28.07.2023,12,2023,True,har_x,0.0183842758727514,0.019203063823516275
66,31.07.2023,12,2023,True,har_x,0.0188021693217147,0.019196778704624017
66,01.08.2023,12,2023,True,har_x,0.0190486454134901,0.019048213591912902
66,02.08.2023,12,2023,True,har_x,0.0190925056287442,0.018584761340353157
66,03.08.2023,12,2023,True,har_x,0.0188844719582193,0.018985814881585343
66,04.08.2023,12,2023,True,har_x,0.0195340724414503,0.019049132519953164
66,07.08.2023,12,2023,True,har_x,0.0197382050046233,0.018821382630060193
66,08.08.2023,12,2023,True,har_x,0.0197119738083904,0.018409021237353215
66,09.08.2023,12,2023,True,har_x,0.019735701012405,0.01821858525837236
66,10.08.2023,12,2023,True,har_x,0.019755006331512,0.01847831376001723
66,11.08.2023,12,2023,True,har_x,0.0197433556955323,0.018126346626246275
66,14.08.2023,12,2023,True,har_x,0.0198155166664033,0.01821375900367208
66,15.08.2023,12,2023,True,har_x,0.0205537557816967,0.018103250024703015
66,16.08.2023,12,2023,True,har_x,0.0210887239544052,0.01846320854532951
66,17.08.2023,12,2023,True,har_x,0.021229693746385,0.018382434239029143
66,18.08.2023,12,2023,True,har_x,0.0212053271554885,0.018624671980732917
66,21.08.2023,12,2023,True,har_x,0.0212117386762282,0.01839778865899182
66,22.08.2023,12,2023,True,har_x,0.0213019699689304,0.018258435060954658
66,23.08.2023,12,2023,True,har_x,0.0212884512102123,0.018098420867442077
66,24.08.2023,12,2023,True,har_x,0.0214528005411466,0.018018428136477967
66,25.08.2023,12,2023,True,har_x,0.0214961829268835,0.01800114275593405
66,28.08.2023,12,2023,True,har_x,0.0214993024872729,0.018179097124396176
66,29.08.2023,12,2023,True,har_x,0.0222505265601882,0.017662533813840666
66,30.08.2023,12,2023,True,har_x,0.0222706730061161,0.017519880134089585
66,31.08.2023,12,2023,True,har_x,0.0222389477311511,0.01699292614341371
66,01.09.2023,12,2023,True,har_x,0.0225272309239913,0.01702012701214588
66,05.09.2023,12,2023,True,har_x,0.0223971595308981,0.01743749724609762
66,06.09.2023,12,2023,True,har_x,0.0226132126256437,0.019056402740343193
66,07.09.2023,12,2023,True,har_x,0.0226139125445471,0.018891815747659975
66,08.09.2023,12,2023,True,har_x,0.0229749395166142,0.0188586609597155
66,11.09.2023,12,2023,True,har_x,0.0230679728011863,0.018727707523103244
66,12.09.2023,12,2023,True,har_x,0.0233396768314045,0.016957737417861357
66,13.09.2023,12,2023,True,har_x,0.0233407632734044,0.017052262818610296
66,14.09.2023,12,2023,True,har_x,0.0233194746007914,0.01716656449775138
66,15.09.2023,12,2023,True,har_x,0.0234292364450926,0.01778102333965874
66,18.09.2023,12,2023,True,har_x,0.0234324908634435,0.017806804390998177
66,19.09.2023,12,2023,True,har_x,0.0234321691372478,0.01864719398747374
66,20.09.2023,12,2023,True,har_x,0.0234208751920197,0.019295106903845526
66,21.09.2023,12,2023,True,har_x,0.0236646738902784,0.01945979355995934
66,22.09.2023,12,2023,True,har_x,0.0237405266008856,0.019464188200539884
66,25.09.2023,12,2023,True,har_x,0.0237965023500537,0.019215184571499372
66,26.09.2023,12,2023,True,har_x,0.0238327129266656,0.019290232599577697
66,27.09.2023,12,2023,True,har_x,0.0235749448896768,0.01954169382609036
66,28.09.2023,12,2023,True,har_x,0.0239227499555097,0.020371554892909587
66,29.09.2023,12,2023,True,har_x,0.0239304314781653,0.02008445337474344
66,02.10.2023,12,2023,True,har_x,0.0233168790247372,0.020157041608172818
66,03.10.2023,12,2023,True,har_x,0.0236383441349974,0.020024624463674166
66,04.10.2023,12,2023,True,har_x,0.0227578065181109,0.019911708496032177
66,05.10.2023,12,2023,True,har_x,0.0226611868741436,0.021140211989748248
66,06.10.2023,12,2023,True,har_x,0.0226717291432126,0.02112479814900811
66,09.10.2023,12,2023,True,har_x,0.0220958689762346,0.020786498457293096
66,10.10.2023,12,2023,True,har_x,0.022091551655897,0.022694245364319507
66,11.10.2023,12,2023,True,har_x,0.0219633237315478,0.02527043368705658
66,12.10.2023,12,2023,True,har_x,0.0220590934196978,0.024804169596340863
66,13.10.2023,12,2023,True,har_x,0.020903339529312,0.024377900971241442
66,16.10.2023,12,2023,True,har_x,0.0210123934556579,0.027015984836556282
66,17.10.2023,12,2023,True,har_x,0.0210125223658691,0.025520009355398048
66,18.10.2023,12,2023,True,har_x,0.0208957377102703,0.025594770283153934
66,19.10.2023,12,2023,True,har_x,0.0212058376728025,0.026476683641562658
66,20.10.2023,12,2023,True,har_x,0.0212881920200228,0.027267529628400428
66,23.10.2023,12,2023,True,har_x,0.0211319488769239,0.026062363906117388
66,24.10.2023,12,2023,True,har_x,0.0210215960220957,0.02554665906926284
66,25.10.2023,12,2023,True,har_x,0.0208653177532833,0.025390156278340174
66,26.10.2023,12,2023,True,har_x,0.0211427252746017,0.02661268042899977
66,27.10.2023,12,2023,True,har_x,0.0208878835687455,0.026365746050388914
66,30.10.2023,12,2023,True,har_x,0.0205489526834414,0.027481533878828155
66,31.10.2023,12,2023,True,har_x,0.0205810089659891,0.025461414962235807
66,01.11.2023,12,2023,True,har_x,0.0202502484023989,0.024498226735400926
66,02.11.2023,12,2023,True,har_x,0.020342473711209,0.02428773252501466
66,03.11.2023,12,2023,True,har_x,0.0201784917582811,0.024166419476839313
66,06.11.2023,12,2023,True,har_x,0.0201737725666915,0.023572941681864377
66,07.11.2023,12,2023,True,har_x,0.0195042124506729,0.021710161424302737
66,08.11.2023,12,2023,True,har_x,0.019320236684158,0.023032636607327708
66,09.11.2023,12,2023,True,har_x,0.0193963058856672,0.023334828955228096
66,10.11.2023,12,2023,True,har_x,0.0192983408239608,0.023111196293209308
66,13.11.2023,12,2023,True,har_x,0.0193055871082811,0.02278460140258021
66,14.11.2023,12,2023,True,har_x,0.0193329213843551,0.02197371366548702
66,15.11.2023,12,2023,True,har_x,0.0192520876085133,0.02112808811792411
66,16.11.2023,12,2023,True,har_x,0.0185761038454473,0.02146007979709757
66,17.11.2023,12,2023,True,har_x,0.0179555560979457,0.023225503095349088
66,20.11.2023,12,2023,True,har_x,0.0178462212640099,0.022847411776418747
66,21.11.2023,12,2023,True,har_x,0.0178454490130886,0.024229146927430993
66,22.11.2023,12,2023,True,har_x,0.01782915431231,0.023898826988827875
66,24.11.2023,12,2023,True,har_x,0.0176986371357018,0.025136560470302684
66,27.11.2023,12,2023,True,har_x,0.0177104150434034,0.024995376682725366
66,28.11.2023,12,2023,True,har_x,0.0175623653889845,0.02402237284465974
66,29.11.2023,12,2023,True,har_x,0.0174866673350996,0.02392749207109394
66,30.11.2023,12,2023,True,har_x,0.0174820104383919,0.02392704176938994
66,01.12.2023,12,2023,True,har_x,0.016439907338104,0.022739821884026536
66,04.12.2023,12,2023,True,har_x,0.0163779442801575,0.0213116367023704
66,05.12.2023,12,2023,True,har_x,0.0163243268504219,0.021644594933392183
66,06.12.2023,12,2023,True,har_x,0.0158483449375197,0.0212267272759232
66,07.12.2023,12,2023,True,har_x,0.0159345704579031,0.02230472571297209
66,08.12.2023,12,2023,True,har_x,0.0157052982811751,0.021402888885070737
66,11.12.2023,12,2023,True,har_x,0.0158314835596371,0.02124353932134124
66,12.12.2023,12,2023,True,har_x,0.0150502638182405,0.02137648196693305
66,13.12.2023,12,2023,True,har_x,0.0151670045534554,0.0222236904278976
66,14.12.2023,12,2023,True,har_x,0.0147366128267572,0.02191723691004224
66,15.12.2023,12,2023,True,har_x,0.0147508353004302,0.02148455745174416
66,18.12.2023,12,2023,True,har_x,0.0147068652643649,0.021424947808048992
66,19.12.2023,12,2023,True,har_x,0.0146188773572344,0.0213264631421621
66,20.12.2023,12,2023,True,har_x,0.0146123216265731,0.020081090913179313
66,21.12.2023,12,2023,True,har_x,0.0147113790281443,0.020000041577879817
66,22.12.2023,12,2023,True,har_x,0.0146978454478442,0.020015943125737158
66,26.12.2023,12,2023,True,har_x,0.014534032202728,0.01942207551318057
66,27.12.2023,12,2023,True,har_x,0.0143424154863403,0.02007710256671779
66,28.12.2023,12,2023,True,har_x,0.0142534083138144,0.021150122654809818
66,29.12.2023,12,2023,True,har_x,0.0140474823799801,0.02148930811524641
126,03.01.2023,12,2023,True,har,0.0206667410437392,0.024483165354428862
126,04.01.2023,12,2023,True,har,0.0202429804395313,0.025366318543838622
126,05.01.2023,12,2023,True,har,0.0202392373151631,0.026292458932128282
126,06.01.2023,12,2023,True,har,0.0203323279649401,0.025187379871839152
126,09.01.2023,12,2023,True,har,0.0203113621875484,0.024804898868148007
126,10.01.2023,12,2023,True,har,0.0203519521927018,0.024496353642615844
126,11.01.2023,12,2023,True,har,0.0202211844265255,0.02405807335142764
126,12.01.2023,12,2023,True,har,0.0202223207374922,0.02370637263213271
126,13.01.2023,12,2023,True,har,0.0202194954116529,0.02318640353081513
126,17.01.2023,12,2023,True,har,0.0202071219252996,0.0228628662129264
126,18.01.2023,12,2023,True,har,0.0201871518509467,0.022658301587312395
126,19.01.2023,12,2023,True,har,0.0202130029324882,0.02286852767689624
126,20.01.2023,12,2023,True,har,0.0202392708529053,0.02267496973078726
126,23.01.2023,12,2023,True,har,0.0202551471269099,0.02279181150434936
126,24.01.2023,12,2023,True,har,0.0201615052363508,0.022383845774444164
126,25.01.2023,12,2023,True,har,0.0202124304384591,0.02327175081844647
126,26.01.2023,12,2023,True,har,0.0201795395104967,0.022383799032295117
126,27.01.2023,12,2023,True,har,0.0201722825776812,0.022780670892991062
126,30.01.2023,12,2023,True,har,0.0201004617848679,0.022532386954531948
126,31.01.2023,12,2023,True,har,0.02017764306014,0.02291604643267202
126,01.02.2023,12,2023,True,har,0.0202050307666478,0.02185458937616429
126,02.02.2023,12,2023,True,har,0.0202220983375812,0.021696962934870553
126,03.02.2023,12,2023,True,har,0.0200906625127008,0.019793358711486932
126,06.02.2023,12,2023,True,har,0.0200760838889342,0.020686573920190784
126,07.02.2023,12,2023,True,har,0.0199143171146471,0.020835706019026033
126,08.02.2023,12,2023,True,har,0.0198970132940854,0.02216940515194023
126,09.02.2023,12,2023,True,har,0.019890997078162,0.021823125059505354
126,10.02.2023,12,2023,True,har,0.0198032321433656,0.021296897209338313
126,13.02.2023,12,2023,True,har,0.019849323199747,0.021138809450268622
126,14.02.2023,12,2023,True,har,0.0198790711113203,0.020729818861669365
126,15.02.2023,12,2023,True,har,0.0198914945813407,0.020896606566991754
126,16.02.2023,12,2023,True,har,0.0199032600180172,0.02054883332978384
126,17.02.2023,12,2023,True,har,0.0197753986334379,0.020449305222325118
126,21.02.2023,12,2023,True,har,0.019780861414107,0.020910838971778527
126,22.02.2023,12,2023,True,har,0.0196169004978324,0.020334935839450317
126,23.02.2023,12,2023,True,har,0.0195389742785095,0.02131598484499129
126,24.02.2023,12,2023,True,har,0.0195483228043541,0.021681316771783945
126,27.02.2023,12,2023,True,har,0.0195328731876842,0.021572063827627327
126,28.02.2023,12,2023,True,har,0.0195042726067608,0.02132371264970942
126,01.03.2023,12,2023,True,har,0.0195030235033753,0.021619082593303134
126,02.03.2023,12,2023,True,har,0.0195245110037242,0.020741256730345825
126,03.03.2023,12,2023,True,har,0.0195670879489332,0.020481074987327718
126,06.03.2023,12,2023,True,har,0.0196190187833633,0.020658021654338228
126,07.03.2023,12,2023,True,har,0.0193798413818887,0.019832237183225073
126,08.03.2023,12,2023,True,har,0.0193796415175688,0.021792204723166075
126,09.03.2023,12,2023,True,har,0.0193515222747106,0.020819974455266198
126,10.03.2023,12,2023,True,har,0.0193128394215688,0.020822112867072442
126,13.03.2023,12,2023,True,har,0.0192229220062369,0.02098517016577146
126,14.03.2023,12,2023,True,har,0.0188332417608086,0.021160535237552815
126,15.03.2023,12,2023,True,har,0.0183342661625395,0.022229351646662676
126,16.03.2023,12,2023,True,har,0.0183041929652558,0.02333960480681308
126,17.03.2023,12,2023,True,har,0.0181655765332947,0.023038478737348874
126,20.03.2023,12,2023,True,har,0.0181489435156316,0.022944142135565306
126,21.03.2023,12,2023,True,har,0.018095993114955,0.023000417903199257
126,22.03.2023,12,2023,True,har,0.0180402539580654,0.023433833834624884
126,23.03.2023,12,2023,True,har,0.0180100754278741,0.022535538708545667
126,24.03.2023,12,2023,True,har,0.0179677324300151,0.02230011806842283
126,27.03.2023,12,2023,True,har,0.0176276884681429,0.022045397202834525
126,28.03.2023,12,2023,True,har,0.0177701821220427,0.023702518042105394
126,29.03.2023,12,2023,True,har,0.0178039828191126,0.022861752756027205
126,30.03.2023,12,2023,True,har,0.0177776561809762,0.022793511635814973
126,31.03.2023,12,2023,True,har,0.018341538388136,0.022921160151436606
126,03.04.2023,12,2023,True,har,0.0174865213238842,0.02252752638261346
126,04.04.2023,12,2023,True,har,0.0182437518145343,0.025444580269809017
126,05.04.2023,12,2023,True,har,0.0183354330952946,0.02389039737971457
126,06.04.2023,12,2023,True,har,0.0183430368162616,0.02382259020420954
126,10.04.2023,12,2023,True,har,0.0186821187701611,0.02383937568743309
126,11.04.2023,12,2023,True,har,0.018630890321852,0.024183387647391336
126,12.04.2023,12,2023,True,har,0.018641941364035,0.022917168598229228
126,13.04.2023,12,2023,True,har,0.0185994685241064,0.02261810199605812
126,14.04.2023,12,2023,True,har,0.019240206430114,0.021806012107372996
126,17.04.2023,12,2023,True,har,0.0192103607303609,0.021556258472124615
126,18.04.2023,12,2023,True,har,0.0192114663795395,0.021890336967069282
126,19.04.2023,12,2023,True,har,0.0191862587234657,0.02138213116758485
126,20.04.2023,12,2023,True,har,0.019065996297026,0.02164125250592253
126,21.04.2023,12,2023,True,har,0.019061128945519,0.02207287970889304
126,24.04.2023,12,2023,True,har,0.0191759040488888,0.02173518354580083
126,25.04.2023,12,2023,True,har,0.0191364447557939,0.021977192317892396
126,26.04.2023,12,2023,True,har,0.018906673514733,0.02207933579990882
126,27.04.2023,12,2023,True,har,0.0190341720185735,0.023167749730163445
126,28.04.2023,12,2023,True,har,0.0191537921002299,0.022612012300908077
126,01.05.2023,12,2023,True,har,0.0194043963313762,0.02284920226835884
126,02.05.2023,12,2023,True,har,0.018825928689615,0.0224609994625264
126,03.05.2023,12,2023,True,har,0.0186945824492899,0.023258023275948954
126,04.05.2023,12,2023,True,har,0.0188229225671923,0.02342212285152345
126,05.05.2023,12,2023,True,har,0.0186585548814006,0.022567335018786792
126,08.05.2023,12,2023,True,har,0.0185598418093311,0.02437987816423779
126,09.05.2023,12,2023,True,har,0.0189566730746504,0.0244745303275085
126,10.05.2023,12,2023,True,har,0.0190597482953456,0.02340180858627177
126,11.05.2023,12,2023,True,har,0.0189876547955118,0.022756809438054422
126,12.05.2023,12,2023,True,har,0.0190204381191343,0.023167608619406765
126,15.05.2023,12,2023,True,har,0.019015549666522,0.022525914191268002
126,16.05.2023,12,2023,True,har,0.0190106524748547,0.022497554571271387
126,17.05.2023,12,2023,True,har,0.0189200443016973,0.022205473002550345
126,18.05.2023,12,2023,True,har,0.0193508867745727,0.023305270580734984
126,19.05.2023,12,2023,True,har,0.0196762029040964,0.022874800230449542
126,22.05.2023,12,2023,True,har,0.0197560375444055,0.022550054403912473
126,23.05.2023,12,2023,True,har,0.0197337849825915,0.022465170845543683
126,24.05.2023,12,2023,True,har,0.0196678434484359,0.02251810113474828
126,25.05.2023,12,2023,True,har,0.0195745413472768,0.022226061821600338
126,26.05.2023,12,2023,True,har,0.0195718820708434,0.022885877826120116
126,30.05.2023,12,2023,True,har,0.0192238567774869,0.022463564174685216
126,31.05.2023,12,2023,True,har,0.0192439374941907,0.024411687671372702
126,01.06.2023,12,2023,True,har,0.019155019039559,0.022915362130415146
126,02.06.2023,12,2023,True,har,0.0195409156567846,0.022801806156980034
126,05.06.2023,12,2023,True,har,0.0195547202758209,0.023153128398609623
126,06.06.2023,12,2023,True,har,0.0195721839502491,0.022354915486469385
126,07.06.2023,12,2023,True,har,0.019852852753731,0.02132579911335534
126,08.06.2023,12,2023,True,har,0.0198222611865582,0.021147392313909316
126,09.06.2023,12,2023,True,har,0.0198893760468509,0.021378338704161573
126,12.06.2023,12,2023,True,har,0.0195573465423918,0.021184401183631282
126,13.06.2023,12,2023,True,har,0.0196180038598805,0.022635008075652937
126,14.06.2023,12,2023,True,har,0.0196124532278659,0.023451808039142315
126,15.06.2023,12,2023,True,har,0.0195858680786038,0.023055562379236998
126,16.06.2023,12,2023,True,har,0.0195550866468767,0.023945184162488357
126,20.06.2023,12,2023,True,har,0.0196033280314245,0.023447232810066478
126,21.06.2023,12,2023,True,har,0.0196055444617857,0.02281349281668704
126,22.06.2023,12,2023,True,har,0.0192859496343296,0.022810003893239308
126,23.06.2023,12,2023,True,har,0.0192859086159809,0.024239696313330734
126,26.06.2023,12,2023,True,har,0.019287073619016,0.022984566864813514
126,27.06.2023,12,2023,True,har,0.0192587625836138,0.022740975169533505
126,28.06.2023,12,2023,True,har,0.0192149265406241,0.023447505640375375
126,29.06.2023,12,2023,True,har,0.0192683446400432,0.023182442297409418
126,30.06.2023,12,2023,True,har,0.0193225511856253,0.02227093806270985
126,03.07.2023,12,2023,True,har,0.019367867582838,0.022211593199196383
126,05.07.2023,12,2023,True,har,0.0194168694985184,0.02193505148733437
126,06.07.2023,12,2023,True,har,0.0194314331624049,0.022284782682020315
126,07.07.2023,12,2023,True,har,0.019347301429212,0.021692170199035403
126,10.07.2023,12,2023,True,har,0.01956510716566,0.022505723342208288
126,11.07.2023,12,2023,True,har,0.019542796476234,0.022351250421224465
126,12.07.2023,12,2023,True,har,0.0195459829415575,0.022606929323287468
126,13.07.2023,12,2023,True,har,0.0195085660879774,0.021567023203431325
126,14.07.2023,12,2023,True,har,0.0194680556539224,0.021380023377036542
126,17.07.2023,12,2023,True,har,0.019407093696409,0.02170671750369419
126,18.07.2023,12,2023,True,har,0.0193698426638074,0.021607843581758247
126,19.07.2023,12,2023,True,har,0.0194195047587209,0.021449697799681942
126,20.07.2023,12,2023,True,har,0.019427842966135,0.02111231477190437
126,21.07.2023,12,2023,True,har,0.0194363329130336,0.020872875510320327
126,24.07.2023,12,2023,True,har,0.0193567432326003,0.02054732376812185
126,25.07.2023,12,2023,True,har,0.0193397019620063,0.02040587245569529
126,26.07.2023,12,2023,True,har,0.0195057026473885,0.020203137271768246
126,27.07.2023,12,2023,True,har,0.0194918438363586,0.019908036851090653
126,28.07.2023,12,2023,True,har,0.019513679643094,0.019929406462971023
126,31.07.2023,12,2023,True,har,0.0195110500951192,0.01974692415626525
126,01.08.2023,12,2023,True,har,0.0195391064095938,0.019582199652516945
126,02.08.2023,12,2023,True,har,0.0197391189353931,0.01975086306208247
126,03.08.2023,12,2023,True,har,0.0196839582029877,0.02036214129523426
126,04.08.2023,12,2023,True,har,0.0196637605859579,0.020694364402495256
126,07.08.2023,12,2023,True,har,0.0196586819765362,0.020348681064070902
126,08.08.2023,12,2023,True,har,0.0196516940297895,0.020356300029666315
126,09.08.2023,12,2023,True,har,0.0197877254265659,0.020200240387574935
126,10.08.2023,12,2023,True,har,0.0197656812414369,0.02004866066460277
126,11.08.2023,12,2023,True,har,0.0197610183922584,0.020140028537716848
126,14.08.2023,12,2023,True,har,0.0197715171073418,0.019652000886882008
126,15.08.2023,12,2023,True,har,0.0197645065743192,0.019465079795430718
126,16.08.2023,12,2023,True,har,0.019755213779053,0.0198641715177752
126,17.08.2023,12,2023,True,har,0.0197531430813059,0.019816786810543014
126,18.08.2023,12,2023,True,har,0.0197763285452484,0.019805131582575252
126,21.08.2023,12,2023,True,har,0.0197880688440754,0.019754881454644966
126,22.08.2023,12,2023,True,har,0.0197951576254512,0.019498452326860233
126,23.08.2023,12,2023,True,har,0.0198992268794075,0.019376992826535523
126,24.08.2023,12,2023,True,har,0.0199237048265385,0.019333663956689614
126,25.08.2023,12,2023,True,har,0.0199244270742012,0.018946497153608004
126,28.08.2023,12,2023,True,har,0.019924383343799,0.01937451389355665
126,29.08.2023,12,2023,True,har,0.0198919568265811,0.01907091461819349
126,30.08.2023,12,2023,True,har,0.0198879405682672,0.01944219351809449
126,31.08.2023,12,2023,True,har,0.0198748509901715,0.01880038814867849
126,01.09.2023,12,2023,True,har,0.0198114770577724,0.018708449941009744
126,05.09.2023,12,2023,True,har,0.0197789364234755,0.01909300105370935
126,06.09.2023,12,2023,True,har,0.0197694681316114,0.018944341329474822
126,07.09.2023,12,2023,True,har,0.0197800898323901,0.01875139635312087
126,08.09.2023,12,2023,True,har,0.0197653979757211,0.01898197893267686
126,11.09.2023,12,2023,True,har,0.0197668290906163,0.018866153566387982
126,12.09.2023,12,2023,True,har,0.0198516732401415,0.018605249584627025
126,13.09.2023,12,2023,True,har,0.0199098732558821,0.018949423773975092
126,14.09.2023,12,2023,True,har,0.019827129755991,0.018463789278091797
126,15.09.2023,12,2023,True,har,0.0198954283562402,0.018660216780980118
126,18.09.2023,12,2023,True,har,0.0198961975257224,0.018329196015586222
126,19.09.2023,12,2023,True,har,0.019946454633661,0.01833672511160564
126,20.09.2023,12,2023,True,har,0.0199342250454668,0.018185887182238493
126,21.09.2023,12,2023,True,har,0.0199359105578622,0.018519223876257127
126,22.09.2023,12,2023,True,har,0.0199869995359058,0.01792912199723026
126,25.09.2023,12,2023,True,har,0.0199922393807692,0.01788219661113745
126,26.09.2023,12,2023,True,har,0.0199803044695484,0.017759086693922156
126,27.09.2023,12,2023,True,har,0.0198800823441343,0.01801190185080601
126,28.09.2023,12,2023,True,har,0.0198536641992953,0.019165469085763873
126,29.09.2023,12,2023,True,har,0.0199162145043328,0.01921986189949334
126,02.10.2023,12,2023,True,har,0.0194308287444779,0.018975851106813133
126,03.10.2023,12,2023,True,har,0.0194729930385042,0.022201700351283347
126,04.10.2023,12,2023,True,har,0.018773886595153,0.02107759481162523
126,05.10.2023,12,2023,True,har,0.0186978058968354,0.023495832774312303
126,06.10.2023,12,2023,True,har,0.0187180002777024,0.022776973288545166
126,09.10.2023,12,2023,True,har,0.0183835412321141,0.02256672767961195
126,10.10.2023,12,2023,True,har,0.0183913899848252,0.02439681823918371
126,11.10.2023,12,2023,True,har,0.0183040564996638,0.023547622729560423
126,12.10.2023,12,2023,True,har,0.0183074083438163,0.02328594289067183
126,13.10.2023,12,2023,True,har,0.0176304357128845,0.022559430711141984
126,16.10.2023,12,2023,True,har,0.0178008558120678,0.025247653632883234
126,17.10.2023,12,2023,True,har,0.0177995673645468,0.024264381972759968
126,18.10.2023,12,2023,True,har,0.017728262154004,0.024017442592010364
126,19.10.2023,12,2023,True,har,0.0177076041294154,0.024176652118162723
126,20.10.2023,12,2023,True,har,0.0177688020888074,0.02400028683441474
126,23.10.2023,12,2023,True,har,0.0176275812665895,0.02296474121328613
126,24.10.2023,12,2023,True,har,0.0175675647582065,0.023889654582669693
126,25.10.2023,12,2023,True,har,0.0174524438078117,0.023958810465162315
126,26.10.2023,12,2023,True,har,0.0173472511574217,0.02407802538129651
126,27.10.2023,12,2023,True,har,0.0171649745681349,0.024235567860319485
126,30.10.2023,12,2023,True,har,0.0175095414370971,0.024983735798250126
126,31.10.2023,12,2023,True,har,0.0175117521271814,0.024915581825681786
126,01.11.2023,12,2023,True,har,0.0172910811530705,0.024138722494327344
126,02.11.2023,12,2023,True,har,0.0171374613627497,0.024125284716735956
126,03.11.2023,12,2023,True,har,0.0170187965717627,0.0242820042200821
126,06.11.2023,12,2023,True,har,0.0170221476753812,0.024052834930605935
126,07.11.2023,12,2023,True,har,0.0165881389004346,0.022996867484052073
126,08.11.2023,12,2023,True,har,0.0164681647245645,0.02459537605751528
126,09.11.2023,12,2023,True,har,0.0164710166471378,0.02422617302705564
126,10.11.2023,12,2023,True,har,0.0164327608544007,0.023420723994998654
126,13.11.2023,12,2023,True,har,0.0163948126544592,0.023047280175084114
126,14.11.2023,12,2023,True,har,0.0164041290136011,0.02313186278942797
126,15.11.2023,12,2023,True,har,0.016358991383958,0.022244665363267545
126,16.11.2023,12,2023,True,har,0.0157921825661046,0.022180692500469716
126,17.11.2023,12,2023,True,har,0.0154104843934935,0.024090536006272388
126,20.11.2023,12,2023,True,har,0.0153341811774433,0.02499833413320584
126,21.11.2023,12,2023,True,har,0.0153446310501887,0.02474284926517959
126,22.11.2023,12,2023,True,har,0.0153582573434472,0.024279790286674832
126,24.11.2023,12,2023,True,har,0.0154449478985528,0.02411747638925296
126,27.11.2023,12,2023,True,har,0.0154446055727046,0.02362342427971337
126,28.11.2023,12,2023,True,har,0.0154486282584494,0.022550357808249176
126,29.11.2023,12,2023,True,har,0.0153731058652128,0.022778146516840958
126,30.11.2023,12,2023,True,har,0.0157912720243028,0.02296968020827212
126,01.12.2023,12,2023,True,har,0.0152108272032784,0.02238757923966104
126,04.12.2023,12,2023,True,har,0.0152148097566034,0.024450517104765014
126,05.12.2023,12,2023,True,har,0.0152717558383722,0.02358314163150859
126,06.12.2023,12,2023,True,har,0.0148777311896073,0.023311211053197264
126,07.12.2023,12,2023,True,har,0.0150309426851331,0.023534577437331172
126,08.12.2023,12,2023,True,har,0.0148892999813665,0.022668509163994315
126,11.12.2023,12,2023,True,har,0.0149040025524189,0.02343384316678608
126,12.12.2023,12,2023,True,har,0.0145073638919081,0.02289561803873857
126,13.12.2023,12,2023,True,har,0.0144629449865454,0.024119429685505987
126,14.12.2023,12,2023,True,har,0.0143043325321793,0.023497810397769575
126,15.12.2023,12,2023,True,har,0.0143433662849891,0.024394771239864898
126,18.12.2023,12,2023,True,har,0.0142632109460586,0.023067382781626972
126,19.12.2023,12,2023,True,har,0.0142053237330959,0.023084888307029976
126,20.12.2023,12,2023,True,har,0.0142172133557571,0.022026505466752135
126,21.12.2023,12,2023,True,har,0.0142538893250926,0.021880374534898137
126,22.12.2023,12,2023,True,har,0.014249347113902,0.021681200918779515
126,26.12.2023,12,2023,True,har,0.0141268138161365,0.021654852807844197
126,27.12.2023,12,2023,True,har,0.0140322616453145,0.02240981356246379
126,28.12.2023,12,2023,True,har,0.0139535039561815,0.022407331228956308
126,29.12.2023,12,2023,True,har,0.0138653100329523,0.022397422113640895
126,03.01.2023,12,2023,True,har_ovx,0.0206667410437392,0.02351784706391864
126,04.01.2023,12,2023,True,har_ovx,0.0202429804395313,0.024351812016282885
126,05.01.2023,12,2023,True,har_ovx,0.0202392373151631,0.024995014811639946
126,06.01.2023,12,2023,True,har_ovx,0.0203323279649401,0.024328499551630398
126,09.01.2023,12,2023,True,har_ovx,0.0203113621875484,0.024038484813587002
126,10.01.2023,12,2023,True,har_ovx,0.0203519521927018,0.02382384266640818
126,11.01.2023,12,2023,True,har_ovx,0.0202211844265255,0.02343950935766893
126,12.01.2023,12,2023,True,har_ovx,0.0202223207374922,0.0231036029055474
126,13.01.2023,12,2023,True,har_ovx,0.0202194954116529,0.02260797973216884
126,17.01.2023,12,2023,True,har_ovx,0.0202071219252996,0.022286110777458987
126,18.01.2023,12,2023,True,har_ovx,0.0201871518509467,0.02255958891283445
126,19.01.2023,12,2023,True,har_ovx,0.0202130029324882,0.02253774408160739
126,20.01.2023,12,2023,True,har_ovx,0.0202392708529053,0.022393230352161293
126,23.01.2023,12,2023,True,har_ovx,0.0202551471269099,0.022222369312633456
126,24.01.2023,12,2023,True,har_ovx,0.0201615052363508,0.02199790465340408
126,25.01.2023,12,2023,True,har_ovx,0.0202124304384591,0.02251654546018714
126,26.01.2023,12,2023,True,har_ovx,0.0201795395104967,0.022269031133511155
126,27.01.2023,12,2023,True,har_ovx,0.0201722825776812,0.02232930759990189
126,30.01.2023,12,2023,True,har_ovx,0.0201004617848679,0.022317312617660796
126,31.01.2023,12,2023,True,har_ovx,0.02017764306014,0.022724100816733508
126,01.02.2023,12,2023,True,har_ovx,0.0202050307666478,0.022080314779129823
126,02.02.2023,12,2023,True,har_ovx,0.0202220983375812,0.021961022126315132
126,03.02.2023,12,2023,True,har_ovx,0.0200906625127008,0.021378921010243884
126,06.02.2023,12,2023,True,har_ovx,0.0200760838889342,0.021857652656766934
126,07.02.2023,12,2023,True,har_ovx,0.0199143171146471,0.021866770670320376
126,08.02.2023,12,2023,True,har_ovx,0.0198970132940854,0.02210830546444741
126,09.02.2023,12,2023,True,har_ovx,0.019890997078162,0.021929562175619144
126,10.02.2023,12,2023,True,har_ovx,0.0198032321433656,0.02154301255590156
126,13.02.2023,12,2023,True,har_ovx,0.019849323199747,0.021429634748343078
126,14.02.2023,12,2023,True,har_ovx,0.0198790711113203,0.021632589914002152
126,15.02.2023,12,2023,True,har_ovx,0.0198914945813407,0.021486045834261572
126,16.02.2023,12,2023,True,har_ovx,0.0199032600180172,0.0211896356422382
126,17.02.2023,12,2023,True,har_ovx,0.0197753986334379,0.021038415194855137
126,21.02.2023,12,2023,True,har_ovx,0.019780861414107,0.0213482530219051
126,22.02.2023,12,2023,True,har_ovx,0.0196169004978324,0.02132894069779301
126,23.02.2023,12,2023,True,har_ovx,0.0195389742785095,0.021913764763336094
126,24.02.2023,12,2023,True,har_ovx,0.0195483228043541,0.02179621348236428
126,27.02.2023,12,2023,True,har_ovx,0.0195328731876842,0.02187517595929053
126,28.02.2023,12,2023,True,har_ovx,0.0195042726067608,0.02181768323623965
126,01.03.2023,12,2023,True,har_ovx,0.0195030235033753,0.02156410763383502
126,02.03.2023,12,2023,True,har_ovx,0.0195245110037242,0.021390127802628892
126,03.03.2023,12,2023,True,har_ovx,0.0195670879489332,0.021115505045670606
126,06.03.2023,12,2023,True,har_ovx,0.0196190187833633,0.021104574750991166
126,07.03.2023,12,2023,True,har_ovx,0.0193798413818887,0.020428967923886775
126,08.03.2023,12,2023,True,har_ovx,0.0193796415175688,0.021311246706025744
126,09.03.2023,12,2023,True,har_ovx,0.0193515222747106,0.020934515446396303
126,10.03.2023,12,2023,True,har_ovx,0.0193128394215688,0.02118736303969906
126,13.03.2023,12,2023,True,har_ovx,0.0192229220062369,0.021572260422648207
126,14.03.2023,12,2023,True,har_ovx,0.0188332417608086,0.021869031303066895
126,15.03.2023,12,2023,True,har_ovx,0.0183342661625395,0.023835928483770794
126,16.03.2023,12,2023,True,har_ovx,0.0183041929652558,0.024638044492871304
126,17.03.2023,12,2023,True,har_ovx,0.0181655765332947,0.0243859749713383
126,20.03.2023,12,2023,True,har_ovx,0.0181489435156316,0.024786071869393585
126,21.03.2023,12,2023,True,har_ovx,0.018095993114955,0.02479344838055642
126,22.03.2023,12,2023,True,har_ovx,0.0180402539580654,0.024414312253977777
126,23.03.2023,12,2023,True,har_ovx,0.0180100754278741,0.02380460858208339
126,24.03.2023,12,2023,True,har_ovx,0.0179677324300151,0.023730867447246735
126,27.03.2023,12,2023,True,har_ovx,0.0176276884681429,0.023866816261080465
126,28.03.2023,12,2023,True,har_ovx,0.0177701821220427,0.02395321520699497
126,29.03.2023,12,2023,True,har_ovx,0.0178039828191126,0.02348179438292375
126,30.03.2023,12,2023,True,har_ovx,0.0177776561809762,0.023289564979107582
126,31.03.2023,12,2023,True,har_ovx,0.018341538388136,0.023090249864439083
126,03.04.2023,12,2023,True,har_ovx,0.0174865213238842,0.022639047294983623
126,04.04.2023,12,2023,True,har_ovx,0.0182437518145343,0.02351439965452068
126,05.04.2023,12,2023,True,har_ovx,0.0183354330952946,0.02300361155660798
126,06.04.2023,12,2023,True,har_ovx,0.0183430368162616,0.022924793153085914
126,10.04.2023,12,2023,True,har_ovx,0.0186821187701611,0.022182424806856685
126,11.04.2023,12,2023,True,har_ovx,0.018630890321852,0.02224042833957754
126,12.04.2023,12,2023,True,har_ovx,0.018641941364035,0.021624626555835167
126,13.04.2023,12,2023,True,har_ovx,0.0185994685241064,0.021483001189381037
126,14.04.2023,12,2023,True,har_ovx,0.019240206430114,0.021100389071004713
126,17.04.2023,12,2023,True,har_ovx,0.0192103607303609,0.020970989671818638
126,18.04.2023,12,2023,True,har_ovx,0.0192114663795395,0.021174206310767812
126,19.04.2023,12,2023,True,har_ovx,0.0191862587234657,0.021115470331332688
126,20.04.2023,12,2023,True,har_ovx,0.019065996297026,0.021282085866072137
126,21.04.2023,12,2023,True,har_ovx,0.019061128945519,0.021778394976941298
126,24.04.2023,12,2023,True,har_ovx,0.0191759040488888,0.021466446459967443
126,25.04.2023,12,2023,True,har_ovx,0.0191364447557939,0.021421072162886697
126,26.04.2023,12,2023,True,har_ovx,0.018906673514733,0.021885264655431995
126,27.04.2023,12,2023,True,har_ovx,0.0190341720185735,0.022722862855028864
126,28.04.2023,12,2023,True,har_ovx,0.0191537921002299,0.02228829095143272
126,01.05.2023,12,2023,True,har_ovx,0.0194043963313762,0.02201121838156527
126,02.05.2023,12,2023,True,har_ovx,0.018825928689615,0.02191736666772017
126,03.05.2023,12,2023,True,har_ovx,0.0186945824492899,0.02288017695549948
126,04.05.2023,12,2023,True,har_ovx,0.0188229225671923,0.023575977633585703
126,05.05.2023,12,2023,True,har_ovx,0.0186585548814006,0.023371940446313286
126,08.05.2023,12,2023,True,har_ovx,0.0185598418093311,0.022914821555124507
126,09.05.2023,12,2023,True,har_ovx,0.0189566730746504,0.022656239099278636
126,10.05.2023,12,2023,True,har_ovx,0.0190597482953456,0.02214184243141363
126,11.05.2023,12,2023,True,har_ovx,0.0189876547955118,0.021667665739179227
126,12.05.2023,12,2023,True,har_ovx,0.0190204381191343,0.0221212880804934
126,15.05.2023,12,2023,True,har_ovx,0.019015549666522,0.022116289009984018
126,16.05.2023,12,2023,True,har_ovx,0.0190106524748547,0.02170219115114467
126,17.05.2023,12,2023,True,har_ovx,0.0189200443016973,0.02173653094878409
126,18.05.2023,12,2023,True,har_ovx,0.0193508867745727,0.022230988780384337
126,19.05.2023,12,2023,True,har_ovx,0.0196762029040964,0.02200754574374801
126,22.05.2023,12,2023,True,har_ovx,0.0197560375444055,0.021861184190815112
126,23.05.2023,12,2023,True,har_ovx,0.0197337849825915,0.021768692756680526
126,24.05.2023,12,2023,True,har_ovx,0.0196678434484359,0.021716843579566984
126,25.05.2023,12,2023,True,har_ovx,0.0195745413472768,0.02173544520783554
126,26.05.2023,12,2023,True,har_ovx,0.0195718820708434,0.022145949714169076
126,30.05.2023,12,2023,True,har_ovx,0.0192238567774869,0.0218713423343179
126,31.05.2023,12,2023,True,har_ovx,0.0192439374941907,0.023243579786692076
126,01.06.2023,12,2023,True,har_ovx,0.019155019039559,0.022923557910209464
126,02.06.2023,12,2023,True,har_ovx,0.0195409156567846,0.022872323556722488
126,05.06.2023,12,2023,True,har_ovx,0.0195547202758209,0.022846711857681733
126,06.06.2023,12,2023,True,har_ovx,0.0195721839502491,0.022221837093635868
126,07.06.2023,12,2023,True,har_ovx,0.019852852753731,0.02152594937060484
126,08.06.2023,12,2023,True,har_ovx,0.0198222611865582,0.02109222032448587
126,09.06.2023,12,2023,True,har_ovx,0.0198893760468509,0.02137192968482793
126,12.06.2023,12,2023,True,har_ovx,0.0195573465423918,0.021022495148673815
126,13.06.2023,12,2023,True,har_ovx,0.0196180038598805,0.022009456493480864
126,14.06.2023,12,2023,True,har_ovx,0.0196124532278659,0.021679045767464482
126,15.06.2023,12,2023,True,har_ovx,0.0195858680786038,0.02175826904522312
126,16.06.2023,12,2023,True,har_ovx,0.0195550866468767,0.02200467650190147
126,20.06.2023,12,2023,True,har_ovx,0.0196033280314245,0.021818909285189356
126,21.06.2023,12,2023,True,har_ovx,0.0196055444617857,0.02182482888871825
126,22.06.2023,12,2023,True,har_ovx,0.0192859496343296,0.02153331966040512
126,23.06.2023,12,2023,True,har_ovx,0.0192859086159809,0.02236365930084417
126,26.06.2023,12,2023,True,har_ovx,0.019287073619016,0.021970312677668018
126,27.06.2023,12,2023,True,har_ovx,0.0192587625836138,0.022108784256317217
126,28.06.2023,12,2023,True,har_ovx,0.0192149265406241,0.0228119235880175
126,29.06.2023,12,2023,True,har_ovx,0.0192683446400432,0.022336969718635514
126,30.06.2023,12,2023,True,har_ovx,0.0193225511856253,0.0217211035035068
126,03.07.2023,12,2023,True,har_ovx,0.019367867582838,0.021335093413072836
126,05.07.2023,12,2023,True,har_ovx,0.0194168694985184,0.021354524253069336
126,06.07.2023,12,2023,True,har_ovx,0.0194314331624049,0.021417896330924252
126,07.07.2023,12,2023,True,har_ovx,0.019347301429212,0.02142279067764897
126,10.07.2023,12,2023,True,har_ovx,0.01956510716566,0.021609762388069758
126,11.07.2023,12,2023,True,har_ovx,0.019542796476234,0.022244012070647343
126,12.07.2023,12,2023,True,har_ovx,0.0195459829415575,0.021301665538566078
126,13.07.2023,12,2023,True,har_ovx,0.0195085660879774,0.02100210218457413
126,14.07.2023,12,2023,True,har_ovx,0.0194680556539224,0.020478590780097634
126,17.07.2023,12,2023,True,har_ovx,0.019407093696409,0.020608853900644618
126,18.07.2023,12,2023,True,har_ovx,0.0193698426638074,0.020829112222964345
126,19.07.2023,12,2023,True,har_ovx,0.0194195047587209,0.02064197628714048
126,20.07.2023,12,2023,True,har_ovx,0.019427842966135,0.020594501519698424
126,21.07.2023,12,2023,True,har_ovx,0.0194363329130336,0.02033523447626194
126,24.07.2023,12,2023,True,har_ovx,0.0193567432326003,0.020161662744002423
126,25.07.2023,12,2023,True,har_ovx,0.0193397019620063,0.02015328177538339
126,26.07.2023,12,2023,True,har_ovx,0.0195057026473885,0.020173794737574975
126,27.07.2023,12,2023,True,har_ovx,0.0194918438363586,0.0199939871296983
126,28.07.2023,12,2023,True,har_ovx,0.019513679643094,0.019854871370611798
126,31.07.2023,12,2023,True,har_ovx,0.0195110500951192,0.019838995870554717
126,01.08.2023,12,2023,True,har_ovx,0.0195391064095938,0.019605938739363886
126,02.08.2023,12,2023,True,har_ovx,0.0197391189353931,0.019652228095526508
126,03.08.2023,12,2023,True,har_ovx,0.0196839582029877,0.019955373095762348
126,04.08.2023,12,2023,True,har_ovx,0.0196637605859579,0.020046844412438862
126,07.08.2023,12,2023,True,har_ovx,0.0196586819765362,0.01985869461722569
126,08.08.2023,12,2023,True,har_ovx,0.0196516940297895,0.019811198122143533
126,09.08.2023,12,2023,True,har_ovx,0.0197877254265659,0.01966088809125128
126,10.08.2023,12,2023,True,har_ovx,0.0197656812414369,0.019804681050303613
126,11.08.2023,12,2023,True,har_ovx,0.0197610183922584,0.019620548413384974
126,14.08.2023,12,2023,True,har_ovx,0.0197715171073418,0.019589381213047166
126,15.08.2023,12,2023,True,har_ovx,0.0197645065743192,0.019440813590577245
126,16.08.2023,12,2023,True,har_ovx,0.019755213779053,0.0197100334313659
126,17.08.2023,12,2023,True,har_ovx,0.0197531430813059,0.01968977697926945
126,18.08.2023,12,2023,True,har_ovx,0.0197763285452484,0.0198411953203372
126,21.08.2023,12,2023,True,har_ovx,0.0197880688440754,0.01968461396952821
126,22.08.2023,12,2023,True,har_ovx,0.0197951576254512,0.01968517692156192
126,23.08.2023,12,2023,True,har_ovx,0.0198992268794075,0.01957159248962682
126,24.08.2023,12,2023,True,har_ovx,0.0199237048265385,0.01951865166821522
126,25.08.2023,12,2023,True,har_ovx,0.0199244270742012,0.019453352477605206
126,28.08.2023,12,2023,True,har_ovx,0.019924383343799,0.01960051780787399
126,29.08.2023,12,2023,True,har_ovx,0.0198919568265811,0.019473101624058388
126,30.08.2023,12,2023,True,har_ovx,0.0198879405682672,0.01942565872589961
126,31.08.2023,12,2023,True,har_ovx,0.0198748509901715,0.019015502634602856
126,01.09.2023,12,2023,True,har_ovx,0.0198114770577724,0.018977400982085644
126,05.09.2023,12,2023,True,har_ovx,0.0197789364234755,0.019275673541307964
126,06.09.2023,12,2023,True,har_ovx,0.0197694681316114,0.019408298634507718
126,07.09.2023,12,2023,True,har_ovx,0.0197800898323901,0.019296844010805076
126,08.09.2023,12,2023,True,har_ovx,0.0197653979757211,0.019286899854642416
126,11.09.2023,12,2023,True,har_ovx,0.0197668290906163,0.019176895887150228
126,12.09.2023,12,2023,True,har_ovx,0.0198516732401415,0.018593804718313255
126,13.09.2023,12,2023,True,har_ovx,0.0199098732558821,0.018678701319359975
126,14.09.2023,12,2023,True,har_ovx,0.019827129755991,0.01867115232006828
126,15.09.2023,12,2023,True,har_ovx,0.0198954283562402,0.019004934606005087
126,18.09.2023,12,2023,True,har_ovx,0.0198961975257224,0.01900235872596654
126,19.09.2023,12,2023,True,har_ovx,0.019946454633661,0.019127824239346773
126,20.09.2023,12,2023,True,har_ovx,0.0199342250454668,0.019492540888364922
126,21.09.2023,12,2023,True,har_ovx,0.0199359105578622,0.01962727320052067
126,22.09.2023,12,2023,True,har_ovx,0.0199869995359058,0.01955488091872311
126,25.09.2023,12,2023,True,har_ovx,0.0199922393807692,0.019408011389794567
126,26.09.2023,12,2023,True,har_ovx,0.0199803044695484,0.019415446311476445
126,27.09.2023,12,2023,True,har_ovx,0.0198800823441343,0.019578399719356085
126,28.09.2023,12,2023,True,har_ovx,0.0198536641992953,0.020217878154563225
126,29.09.2023,12,2023,True,har_ovx,0.0199162145043328,0.02010300826328679
126,02.10.2023,12,2023,True,har_ovx,0.0194308287444779,0.020130004770435247
126,03.10.2023,12,2023,True,har_ovx,0.0194729930385042,0.021251668828826436
126,04.10.2023,12,2023,True,har_ovx,0.018773886595153,0.02109438442394701
126,05.10.2023,12,2023,True,har_ovx,0.0186978058968354,0.022224714788977692
126,06.10.2023,12,2023,True,har_ovx,0.0187180002777024,0.022192624176664514
126,09.10.2023,12,2023,True,har_ovx,0.0183835412321141,0.021981517068163613
126,10.10.2023,12,2023,True,har_ovx,0.0183913899848252,0.023362269541549133
126,11.10.2023,12,2023,True,har_ovx,0.0183040564996638,0.023027415768956325
126,12.10.2023,12,2023,True,har_ovx,0.0183074083438163,0.022732784301815835
126,13.10.2023,12,2023,True,har_ovx,0.0176304357128845,0.022398689506413345
126,16.10.2023,12,2023,True,har_ovx,0.0178008558120678,0.024340626233761382
126,17.10.2023,12,2023,True,har_ovx,0.0177995673645468,0.023381332574562756
126,18.10.2023,12,2023,True,har_ovx,0.017728262154004,0.023411452269281825
126,19.10.2023,12,2023,True,har_ovx,0.0177076041294154,0.02395072448770156
126,20.10.2023,12,2023,True,har_ovx,0.0177688020888074,0.02411111095728613
126,23.10.2023,12,2023,True,har_ovx,0.0176275812665895,0.023306378919640873
126,24.10.2023,12,2023,True,har_ovx,0.0175675647582065,0.023296279400967016
126,25.10.2023,12,2023,True,har_ovx,0.0174524438078117,0.023224047873226836
126,26.10.2023,12,2023,True,har_ovx,0.0173472511574217,0.023943991043238716
126,27.10.2023,12,2023,True,har_ovx,0.0171649745681349,0.023828445519327144
126,30.10.2023,12,2023,True,har_ovx,0.0175095414370971,0.024599332304708964
126,31.10.2023,12,2023,True,har_ovx,0.0175117521271814,0.024148650329240778
126,01.11.2023,12,2023,True,har_ovx,0.0172910811530705,0.023531177654675405
126,02.11.2023,12,2023,True,har_ovx,0.0171374613627497,0.02327755307288097
126,03.11.2023,12,2023,True,har_ovx,0.0170187965717627,0.023235992724886113
126,06.11.2023,12,2023,True,har_ovx,0.0170221476753812,0.022891670404687987
126,07.11.2023,12,2023,True,har_ovx,0.0165881389004346,0.02214861206071799
126,08.11.2023,12,2023,True,har_ovx,0.0164681647245645,0.02313018337225224
126,09.11.2023,12,2023,True,har_ovx,0.0164710166471378,0.02329490764769754
126,10.11.2023,12,2023,True,har_ovx,0.0164327608544007,0.0231038088277197
126,13.11.2023,12,2023,True,har_ovx,0.0163948126544592,0.02271114503968751
126,14.11.2023,12,2023,True,har_ovx,0.0164041290136011,0.022770354022851918
126,15.11.2023,12,2023,True,har_ovx,0.016358991383958,0.02219420528656227
126,16.11.2023,12,2023,True,har_ovx,0.0157921825661046,0.02235024572805718
126,17.11.2023,12,2023,True,har_ovx,0.0154104843934935,0.023619843337605292
126,20.11.2023,12,2023,True,har_ovx,0.0153341811774433,0.023600245279371088
126,21.11.2023,12,2023,True,har_ovx,0.0153446310501887,0.02327612438769674
126,22.11.2023,12,2023,True,har_ovx,0.0153582573434472,0.023041537862845525
126,24.11.2023,12,2023,True,har_ovx,0.0154449478985528,0.02371867526970102
126,27.11.2023,12,2023,True,har_ovx,0.0154446055727046,0.023567417064425968
126,28.11.2023,12,2023,True,har_ovx,0.0154486282584494,0.023229585811376584
126,29.11.2023,12,2023,True,har_ovx,0.0153731058652128,0.023175287659817828
126,30.11.2023,12,2023,True,har_ovx,0.0157912720243028,0.023216610659474588
126,01.12.2023,12,2023,True,har_ovx,0.0152108272032784,0.02242360771609405
126,04.12.2023,12,2023,True,har_ovx,0.0152148097566034,0.02256565180727475
126,05.12.2023,12,2023,True,har_ovx,0.0152717558383722,0.022693839399589837
126,06.12.2023,12,2023,True,har_ovx,0.0148777311896073,0.02226770681455269
126,07.12.2023,12,2023,True,har_ovx,0.0150309426851331,0.02288754712066659
126,08.12.2023,12,2023,True,har_ovx,0.0148892999813665,0.022275656072542668
126,11.12.2023,12,2023,True,har_ovx,0.0149040025524189,0.022272165509028434
126,12.12.2023,12,2023,True,har_ovx,0.0145073638919081,0.021937943373380252
126,13.12.2023,12,2023,True,har_ovx,0.0144629449865454,0.022565602999327423
126,14.12.2023,12,2023,True,har_ovx,0.0143043325321793,0.022360737325166528
126,15.12.2023,12,2023,True,har_ovx,0.0143433662849891,0.022230467253853817
126,18.12.2023,12,2023,True,har_ovx,0.0142632109460586,0.02199019583289528
126,19.12.2023,12,2023,True,har_ovx,0.0142053237330959,0.022356754373684413
126,20.12.2023,12,2023,True,har_ovx,0.0142172133557571,0.021511257565652555
126,21.12.2023,12,2023,True,har_ovx,0.0142538893250926,0.02146012094650252
126,22.12.2023,12,2023,True,har_ovx,0.014249347113902,0.021451223272992023
126,26.12.2023,12,2023,True,har_ovx,0.0141268138161365,0.021084901676281038
126,27.12.2023,12,2023,True,har_ovx,0.0140322616453145,0.02155923204674972
126,28.12.2023,12,2023,True,har_ovx,0.0139535039561815,0.0217412534008073
126,29.12.2023,12,2023,True,har_ovx,0.0138653100329523,0.021931862737854114
126,03.01.2023,12,2023,True,har_gpr,0.0206667410437392,0.02446345724354775
126,04.01.2023,12,2023,True,har_gpr,0.0202429804395313,0.025320841800834545
126,05.01.2023,12,2023,True,har_gpr,0.0202392373151631,0.025985214797760045
126,06.01.2023,12,2023,True,har_gpr,0.0203323279649401,0.02490848074448125
126,09.01.2023,12,2023,True,har_gpr,0.0203113621875484,0.024532059070659404
126,10.01.2023,12,2023,True,har_gpr,0.0203519521927018,0.02466663184584716
126,11.01.2023,12,2023,True,har_gpr,0.0202211844265255,0.024255940735160318
126,12.01.2023,12,2023,True,har_gpr,0.0202223207374922,0.02395261313570784
126,13.01.2023,12,2023,True,har_gpr,0.0202194954116529,0.02344484633877179
126,17.01.2023,12,2023,True,har_gpr,0.0202071219252996,0.023136266618609732
126,18.01.2023,12,2023,True,har_gpr,0.0201871518509467,0.02319590942802746
126,19.01.2023,12,2023,True,har_gpr,0.0202130029324882,0.023376293617709556
126,20.01.2023,12,2023,True,har_gpr,0.0202392708529053,0.023200110622898677
126,23.01.2023,12,2023,True,har_gpr,0.0202551471269099,0.023313842410572515
126,24.01.2023,12,2023,True,har_gpr,0.0201615052363508,0.02195001078791993
126,25.01.2023,12,2023,True,har_gpr,0.0202124304384591,0.022791848978675356
126,26.01.2023,12,2023,True,har_gpr,0.0201795395104967,0.021928994352052214
126,27.01.2023,12,2023,True,har_gpr,0.0201722825776812,0.02231010596819502
126,30.01.2023,12,2023,True,har_gpr,0.0201004617848679,0.022074274974073202
126,31.01.2023,12,2023,True,har_gpr,0.02017764306014,0.024632001691777566
126,01.02.2023,12,2023,True,har_gpr,0.0202050307666478,0.02359357662293737
126,02.02.2023,12,2023,True,har_gpr,0.0202220983375812,0.02340999912203462
126,03.02.2023,12,2023,True,har_gpr,0.0200906625127008,0.021542696121607367
126,06.02.2023,12,2023,True,har_gpr,0.0200760838889342,0.02240979622579319
126,07.02.2023,12,2023,True,har_gpr,0.0199143171146471,0.02117964388703922
126,08.02.2023,12,2023,True,har_gpr,0.0198970132940854,0.022453893197569377
126,09.02.2023,12,2023,True,har_gpr,0.019890997078162,0.02212957020129511
126,10.02.2023,12,2023,True,har_gpr,0.0198032321433656,0.021726892477501307
126,13.02.2023,12,2023,True,har_gpr,0.019849323199747,0.021596144375874652
126,14.02.2023,12,2023,True,har_gpr,0.0198790711113203,0.01980464862263586
126,15.02.2023,12,2023,True,har_gpr,0.0198914945813407,0.019967926750910567
126,16.02.2023,12,2023,True,har_gpr,0.0199032600180172,0.01963624107918381
126,17.02.2023,12,2023,True,har_gpr,0.0197753986334379,0.01953784461341334
126,21.02.2023,12,2023,True,har_gpr,0.019780861414107,0.019986088654376618
126,22.02.2023,12,2023,True,har_gpr,0.0196169004978324,0.021810899076284786
126,23.02.2023,12,2023,True,har_gpr,0.0195389742785095,0.022746810793036667
126,24.02.2023,12,2023,True,har_gpr,0.0195483228043541,0.02309580162387614
126,27.02.2023,12,2023,True,har_gpr,0.0195328731876842,0.02298566901827183
126,28.02.2023,12,2023,True,har_gpr,0.0195042726067608,0.021704822576405755
126,01.03.2023,12,2023,True,har_gpr,0.0195030235033753,0.021983391931150377
126,02.03.2023,12,2023,True,har_gpr,0.0195245110037242,0.021136431870506133
126,03.03.2023,12,2023,True,har_gpr,0.0195670879489332,0.020882820614271703
126,06.03.2023,12,2023,True,har_gpr,0.0196190187833633,0.021051907013251304
126,07.03.2023,12,2023,True,har_gpr,0.0193798413818887,0.020551935529002967
126,08.03.2023,12,2023,True,har_gpr,0.0193796415175688,0.02242751288005604
126,09.03.2023,12,2023,True,har_gpr,0.0193515222747106,0.02147814984461901
126,10.03.2023,12,2023,True,har_gpr,0.0193128394215688,0.021476614395155608
126,13.03.2023,12,2023,True,har_gpr,0.0192229220062369,0.02163666954675999
126,14.03.2023,12,2023,True,har_gpr,0.0188332417608086,0.02204164971696924
126,15.03.2023,12,2023,True,har_gpr,0.0183342661625395,0.023087222170752392
126,16.03.2023,12,2023,True,har_gpr,0.0183041929652558,0.02417442031412468
126,17.03.2023,12,2023,True,har_gpr,0.0181655765332947,0.0238856596096576
126,20.03.2023,12,2023,True,har_gpr,0.0181489435156316,0.023810412022045268
126,21.03.2023,12,2023,True,har_gpr,0.018095993114955,0.023326901716205245
126,22.03.2023,12,2023,True,har_gpr,0.0180402539580654,0.023750427523302198
126,23.03.2023,12,2023,True,har_gpr,0.0180100754278741,0.02291102421283387
126,24.03.2023,12,2023,True,har_gpr,0.0179677324300151,0.02267577102579718
126,27.03.2023,12,2023,True,har_gpr,0.0176276884681429,0.022435520060605077
126,28.03.2023,12,2023,True,har_gpr,0.0177701821220427,0.024981122174208815
126,29.03.2023,12,2023,True,har_gpr,0.0178039828191126,0.024174734561907753
126,30.03.2023,12,2023,True,har_gpr,0.0177776561809762,0.02410860098672457
126,31.03.2023,12,2023,True,har_gpr,0.018341538388136,0.024235883500687647
126,03.04.2023,12,2023,True,har_gpr,0.0174865213238842,0.023863473177250693
126,04.04.2023,12,2023,True,har_gpr,0.0182437518145343,0.02558763283209491
126,05.04.2023,12,2023,True,har_gpr,0.0183354330952946,0.024086780101092654
126,06.04.2023,12,2023,True,har_gpr,0.0183430368162616,0.024022559690002162
126,10.04.2023,12,2023,True,har_gpr,0.0186821187701611,0.024033892519948016
126,11.04.2023,12,2023,True,har_gpr,0.018630890321852,0.025873534495839165
126,12.04.2023,12,2023,True,har_gpr,0.018641941364035,0.024693055595478082
126,13.04.2023,12,2023,True,har_gpr,0.0185994685241064,0.02437308093775345
126,14.04.2023,12,2023,True,har_gpr,0.019240206430114,0.023545060127016314
126,17.04.2023,12,2023,True,har_gpr,0.0192103607303609,0.02330652208284105
126,18.04.2023,12,2023,True,har_gpr,0.0192114663795395,0.021766957382538723
126,19.04.2023,12,2023,True,har_gpr,0.0191862587234657,0.0212867157632188
126,20.04.2023,12,2023,True,har_gpr,0.019065996297026,0.021550648561372673
126,21.04.2023,12,2023,True,har_gpr,0.019061128945519,0.021970240166580165
126,24.04.2023,12,2023,True,har_gpr,0.0191759040488888,0.021642596274821613
126,25.04.2023,12,2023,True,har_gpr,0.0191364447557939,0.02329455698866373
126,26.04.2023,12,2023,True,har_gpr,0.018906673514733,0.02337654106286897
126,27.04.2023,12,2023,True,har_gpr,0.0190341720185735,0.024435328226459253
126,28.04.2023,12,2023,True,har_gpr,0.0191537921002299,0.023904657651072404
126,01.05.2023,12,2023,True,har_gpr,0.0194043963313762,0.02412954364171941
126,02.05.2023,12,2023,True,har_gpr,0.018825928689615,0.023004995414226247
126,03.05.2023,12,2023,True,har_gpr,0.0186945824492899,0.02371631486113936
126,04.05.2023,12,2023,True,har_gpr,0.0188229225671923,0.023892629008120975
126,05.05.2023,12,2023,True,har_gpr,0.0186585548814006,0.02307957864223346
126,08.05.2023,12,2023,True,har_gpr,0.0185598418093311,0.024830219961329062
126,09.05.2023,12,2023,True,har_gpr,0.0189566730746504,0.024074324754891886
126,10.05.2023,12,2023,True,har_gpr,0.0190597482953456,0.023061996021289225
126,11.05.2023,12,2023,True,har_gpr,0.0189876547955118,0.02245392051427123
126,12.05.2023,12,2023,True,har_gpr,0.0190204381191343,0.022839971650246798
126,15.05.2023,12,2023,True,har_gpr,0.019015549666522,0.02223870122733783
126,16.05.2023,12,2023,True,har_gpr,0.0190106524748547,0.022837314504983948
126,17.05.2023,12,2023,True,har_gpr,0.0189200443016973,0.02256010528893512
126,18.05.2023,12,2023,True,har_gpr,0.0193508867745727,0.02361183498524831
126,19.05.2023,12,2023,True,har_gpr,0.0196762029040964,0.02319796357719067
126,22.05.2023,12,2023,True,har_gpr,0.0197560375444055,0.02288825401678077
126,23.05.2023,12,2023,True,har_gpr,0.0197337849825915,0.023253039199099462
126,24.05.2023,12,2023,True,har_gpr,0.0196678434484359,0.023300095790735262
126,25.05.2023,12,2023,True,har_gpr,0.0195745413472768,0.023008806718509422
126,26.05.2023,12,2023,True,har_gpr,0.0195718820708434,0.0236406431305709
126,30.05.2023,12,2023,True,har_gpr,0.0192238567774869,0.023234948309839774
126,31.05.2023,12,2023,True,har_gpr,0.0192439374941907,0.02513150467125163
126,01.06.2023,12,2023,True,har_gpr,0.019155019039559,0.023669359686061396
126,02.06.2023,12,2023,True,har_gpr,0.0195409156567846,0.02353955459261666
126,05.06.2023,12,2023,True,har_gpr,0.0195547202758209,0.02388071010599807
126,06.06.2023,12,2023,True,har_gpr,0.0195721839502491,0.02325587977082024
126,07.06.2023,12,2023,True,har_gpr,0.019852852753731,0.022287329698460288
126,08.06.2023,12,2023,True,har_gpr,0.0198222611865582,0.022125198248636638
126,09.06.2023,12,2023,True,har_gpr,0.0198893760468509,0.022341338507312236
126,12.06.2023,12,2023,True,har_gpr,0.0195573465423918,0.022159631964549086
126,13.06.2023,12,2023,True,har_gpr,0.0196180038598805,0.022050495772914347
126,14.06.2023,12,2023,True,har_gpr,0.0196124532278659,0.022829418091065548
126,15.06.2023,12,2023,True,har_gpr,0.0195858680786038,0.02245619664968576
126,16.06.2023,12,2023,True,har_gpr,0.0195550866468767,0.02330092770204162
126,20.06.2023,12,2023,True,har_gpr,0.0196033280314245,0.02282640340823732
126,21.06.2023,12,2023,True,har_gpr,0.0196055444617857,0.02384900759356031
126,22.06.2023,12,2023,True,har_gpr,0.0192859496343296,0.02385499041554951
126,23.06.2023,12,2023,True,har_gpr,0.0192859086159809,0.025226458229770772
126,26.06.2023,12,2023,True,har_gpr,0.019287073619016,0.024031721581411855
126,27.06.2023,12,2023,True,har_gpr,0.0192587625836138,0.023947197386916072
126,28.06.2023,12,2023,True,har_gpr,0.0192149265406241,0.02462524395037237
126,29.06.2023,12,2023,True,har_gpr,0.0192683446400432,0.024346848684606976
126,30.06.2023,12,2023,True,har_gpr,0.0193225511856253,0.023486850602805493
126,03.07.2023,12,2023,True,har_gpr,0.019367867582838,0.023423113338552005
126,05.07.2023,12,2023,True,har_gpr,0.0194168694985184,0.021991770170051564
126,06.07.2023,12,2023,True,har_gpr,0.0194314331624049,0.022346890195181726
126,07.07.2023,12,2023,True,har_gpr,0.019347301429212,0.02178283019996352
126,10.07.2023,12,2023,True,har_gpr,0.01956510716566,0.022564222309869587
126,11.07.2023,12,2023,True,har_gpr,0.019542796476234,0.023036160917280595
126,12.07.2023,12,2023,True,har_gpr,0.0195459829415575,0.02328188649530193
126,13.07.2023,12,2023,True,har_gpr,0.0195085660879774,0.022257794456696515
126,14.07.2023,12,2023,True,har_gpr,0.0194680556539224,0.02206743240740397
126,17.07.2023,12,2023,True,har_gpr,0.019407093696409,0.02237658669664151
126,18.07.2023,12,2023,True,har_gpr,0.0193698426638074,0.02169014206616738
126,19.07.2023,12,2023,True,har_gpr,0.0194195047587209,0.021543262754987944
126,20.07.2023,12,2023,True,har_gpr,0.019427842966135,0.021220149588547902
126,21.07.2023,12,2023,True,har_gpr,0.0194363329130336,0.020992167814484743
126,24.07.2023,12,2023,True,har_gpr,0.0193567432326003,0.02064506849487265
126,25.07.2023,12,2023,True,har_gpr,0.0193397019620063,0.020773452776200366
126,26.07.2023,12,2023,True,har_gpr,0.0195057026473885,0.020580933588601903
126,27.07.2023,12,2023,True,har_gpr,0.0194918438363586,0.02027408973154944
126,28.07.2023,12,2023,True,har_gpr,0.019513679643094,0.020288817069366694
126,31.07.2023,12,2023,True,har_gpr,0.0195110500951192,0.020115726260449628
126,01.08.2023,12,2023,True,har_gpr,0.0195391064095938,0.020131830674957066
126,02.08.2023,12,2023,True,har_gpr,0.0197391189353931,0.020354883599885847
126,03.08.2023,12,2023,True,har_gpr,0.0196839582029877,0.020937009974321172
126,04.08.2023,12,2023,True,har_gpr,0.0196637605859579,0.02125794538843438
126,07.08.2023,12,2023,True,har_gpr,0.0196586819765362,0.020918237173404897
126,08.08.2023,12,2023,True,har_gpr,0.0196516940297895,0.02009561189538888
126,09.08.2023,12,2023,True,har_gpr,0.0197877254265659,0.019939349729684357
126,10.08.2023,12,2023,True,har_gpr,0.0197656812414369,0.019807156224786196
126,11.08.2023,12,2023,True,har_gpr,0.0197610183922584,0.01989631986721671
126,14.08.2023,12,2023,True,har_gpr,0.0197715171073418,0.01941906852822392
126,15.08.2023,12,2023,True,har_gpr,0.0197645065743192,0.019455492516730292
126,16.08.2023,12,2023,True,har_gpr,0.019755213779053,0.019842088066622694
126,17.08.2023,12,2023,True,har_gpr,0.0197531430813059,0.01981491810394164
126,18.08.2023,12,2023,True,har_gpr,0.0197763285452484,0.019800076906736058
126,21.08.2023,12,2023,True,har_gpr,0.0197880688440754,0.019745086682380165
126,22.08.2023,12,2023,True,har_gpr,0.0197951576254512,0.01954756494400313
126,23.08.2023,12,2023,True,har_gpr,0.0198992268794075,0.019432483155483137
126,24.08.2023,12,2023,True,har_gpr,0.0199237048265385,0.01939601838233773
126,25.08.2023,12,2023,True,har_gpr,0.0199244270742012,0.019021203978343084
126,28.08.2023,12,2023,True,har_gpr,0.019924383343799,0.019429211581453557
126,29.08.2023,12,2023,True,har_gpr,0.0198919568265811,0.019048007472406203
126,30.08.2023,12,2023,True,har_gpr,0.0198879405682672,0.019403771583675
126,31.08.2023,12,2023,True,har_gpr,0.0198748509901715,0.018783419390299868
126,01.09.2023,12,2023,True,har_gpr,0.0198114770577724,0.018683576899145432
126,05.09.2023,12,2023,True,har_gpr,0.0197789364234755,0.019054314141767333
126,06.09.2023,12,2023,True,har_gpr,0.0197694681316114,0.020738157746258718
126,07.09.2023,12,2023,True,har_gpr,0.0197800898323901,0.020551466571095363
126,08.09.2023,12,2023,True,har_gpr,0.0197653979757211,0.02076045407729716
126,11.09.2023,12,2023,True,har_gpr,0.0197668290906163,0.020643397616343418
126,12.09.2023,12,2023,True,har_gpr,0.0198516732401415,0.019363111120935046
126,13.09.2023,12,2023,True,har_gpr,0.0199098732558821,0.019694728520875386
126,14.09.2023,12,2023,True,har_gpr,0.019827129755991,0.019218453295140298
126,15.09.2023,12,2023,True,har_gpr,0.0198954283562402,0.01939451811370602
126,18.09.2023,12,2023,True,har_gpr,0.0198961975257224,0.019078233386509824
126,19.09.2023,12,2023,True,har_gpr,0.019946454633661,0.019895768947750653
126,20.09.2023,12,2023,True,har_gpr,0.0199342250454668,0.019750407509013607
126,21.09.2023,12,2023,True,har_gpr,0.0199359105578622,0.020069153881717865
126,22.09.2023,12,2023,True,har_gpr,0.0199869995359058,0.01950784032794212
126,25.09.2023,12,2023,True,har_gpr,0.0199922393807692,0.019464506095403098
126,26.09.2023,12,2023,True,har_gpr,0.0199803044695484,0.019594754154341726
126,27.09.2023,12,2023,True,har_gpr,0.0198800823441343,0.019830966522089506
126,28.09.2023,12,2023,True,har_gpr,0.0198536641992953,0.020937311692206424
126,29.09.2023,12,2023,True,har_gpr,0.0199162145043328,0.020996961288460896
126,02.10.2023,12,2023,True,har_gpr,0.0194308287444779,0.02076364704456033
126,03.10.2023,12,2023,True,har_gpr,0.0194729930385042,0.022564763984735607
126,04.10.2023,12,2023,True,har_gpr,0.018773886595153,0.021486850565325268
126,05.10.2023,12,2023,True,har_gpr,0.0186978058968354,0.023862203266874864
126,06.10.2023,12,2023,True,har_gpr,0.0187180002777024,0.023182679089713495
126,09.10.2023,12,2023,True,har_gpr,0.0183835412321141,0.02297837139943237
126,10.10.2023,12,2023,True,har_gpr,0.0183913899848252,0.024745098075987692
126,11.10.2023,12,2023,True,har_gpr,0.0183040564996638,0.02463336737727669
126,12.10.2023,12,2023,True,har_gpr,0.0183074083438163,0.02440808597444263
126,13.10.2023,12,2023,True,har_gpr,0.0176304357128845,0.023710877656302594
126,16.10.2023,12,2023,True,har_gpr,0.0178008558120678,0.02631235959592951
126,17.10.2023,12,2023,True,har_gpr,0.0177995673645468,0.024369619884188273
126,18.10.2023,12,2023,True,har_gpr,0.017728262154004,0.024135075494809533
126,19.10.2023,12,2023,True,har_gpr,0.0177076041294154,0.02429831279997597
126,20.10.2023,12,2023,True,har_gpr,0.0177688020888074,0.023708932238246067
126,23.10.2023,12,2023,True,har_gpr,0.0176275812665895,0.022745348852351154
126,24.10.2023,12,2023,True,har_gpr,0.0175675647582065,0.023707315645687475
126,25.10.2023,12,2023,True,har_gpr,0.0174524438078117,0.02377230238159169
126,26.10.2023,12,2023,True,har_gpr,0.0173472511574217,0.0238797991759791
126,27.10.2023,12,2023,True,har_gpr,0.0171649745681349,0.024034417578682778
126,30.10.2023,12,2023,True,har_gpr,0.0175095414370971,0.024750629455525135
126,31.10.2023,12,2023,True,har_gpr,0.0175117521271814,0.025014201395996447
126,01.11.2023,12,2023,True,har_gpr,0.0172910811530705,0.024274728853666574
126,02.11.2023,12,2023,True,har_gpr,0.0171374613627497,0.024231559351226974
126,03.11.2023,12,2023,True,har_gpr,0.0170187965717627,0.02437782445920735
126,06.11.2023,12,2023,True,har_gpr,0.0170221476753812,0.024175798330803022
126,07.11.2023,12,2023,True,har_gpr,0.0165881389004346,0.021711218628161544
126,08.11.2023,12,2023,True,har_gpr,0.0164681647245645,0.02325224852318289
126,09.11.2023,12,2023,True,har_gpr,0.0164710166471378,0.02290434787518051
126,10.11.2023,12,2023,True,har_gpr,0.0164327608544007,0.022147946002365294
126,13.11.2023,12,2023,True,har_gpr,0.0163948126544592,0.021735111474474777
126,14.11.2023,12,2023,True,har_gpr,0.0164041290136011,0.021464899431616558
126,15.11.2023,12,2023,True,har_gpr,0.016358991383958,0.02063462589395971
126,16.11.2023,12,2023,True,har_gpr,0.0157921825661046,0.020573648777755985
126,17.11.2023,12,2023,True,har_gpr,0.0154104843934935,0.02239433151605501
126,20.11.2023,12,2023,True,har_gpr,0.0153341811774433,0.02328406737236712
126,21.11.2023,12,2023,True,har_gpr,0.0153446310501887,0.025280297156875804
126,22.11.2023,12,2023,True,har_gpr,0.0153582573434472,0.02483517397567181
126,24.11.2023,12,2023,True,har_gpr,0.0154449478985528,0.024671046052737317
126,27.11.2023,12,2023,True,har_gpr,0.0154446055727046,0.024213901091554697
126,28.11.2023,12,2023,True,har_gpr,0.0154486282584494,0.022897515349303912
126,29.11.2023,12,2023,True,har_gpr,0.0153731058652128,0.023111807779454926
126,30.11.2023,12,2023,True,har_gpr,0.0157912720243028,0.023296712286866403
126,01.12.2023,12,2023,True,har_gpr,0.0152108272032784,0.022726795671549237
126,04.12.2023,12,2023,True,har_gpr,0.0152148097566034,0.023998674476001396
126,05.12.2023,12,2023,True,har_gpr,0.0152717558383722,0.023166181229559612
126,06.12.2023,12,2023,True,har_gpr,0.0148777311896073,0.023731005651156746
126,07.12.2023,12,2023,True,har_gpr,0.0150309426851331,0.023946118815728966
126,08.12.2023,12,2023,True,har_gpr,0.0148892999813665,0.023112282948986138
126,11.12.2023,12,2023,True,har_gpr,0.0149040025524189,0.023848905986321667
126,12.12.2023,12,2023,True,har_gpr,0.0145073638919081,0.022603870374329378
126,13.12.2023,12,2023,True,har_gpr,0.0144629449865454,0.023775649954829677
126,14.12.2023,12,2023,True,har_gpr,0.0143043325321793,0.02319432876861033
126,15.12.2023,12,2023,True,har_gpr,0.0143433662849891,0.024060286216015855
126,18.12.2023,12,2023,True,har_gpr,0.0142632109460586,0.02276481029028895
126,19.12.2023,12,2023,True,har_gpr,0.0142053237330959,0.02096418925427052
126,20.12.2023,12,2023,True,har_gpr,0.0142172133557571,0.019977448957256835
126,21.12.2023,12,2023,True,har_gpr,0.0142538893250926,0.019837340852422284
126,22.12.2023,12,2023,True,har_gpr,0.014249347113902,0.01965127581480867
126,26.12.2023,12,2023,True,har_gpr,0.0141268138161365,0.01962065866643602
126,27.12.2023,12,2023,True,har_gpr,0.0140322616453145,0.0203472480867142
126,28.12.2023,12,2023,True,har_gpr,0.0139535039561815,0.02096336563928604
126,29.12.2023,12,2023,True,har_gpr,0.0138653100329523,0.02094848392634057
126,03.01.2023,12,2023,True,har_x,0.0206667410437392,0.023630210268064583
126,04.01.2023,12,2023,True,har_x,0.0202429804395313,0.024436004896954897
126,05.01.2023,12,2023,True,har_x,0.0202392373151631,0.024662914768252317
126,06.01.2023,12,2023,True,har_x,0.0203323279649401,0.02402514776334109
126,09.01.2023,12,2023,True,har_x,0.0203113621875484,0.023741315867681325
126,10.01.2023,12,2023,True,har_x,0.0203519521927018,0.023927871158287838
126,11.01.2023,12,2023,True,har_x,0.0202211844265255,0.023573068257475023
126,12.01.2023,12,2023,True,har_x,0.0202223207374922,0.023291536380347116
126,13.01.2023,12,2023,True,har_x,0.0202194954116529,0.02280825857951288
126,17.01.2023,12,2023,True,har_x,0.0202071219252996,0.022502591778307643
126,18.01.2023,12,2023,True,har_x,0.0201871518509467,0.023082571186596505
126,19.01.2023,12,2023,True,har_x,0.0202130029324882,0.023028238326863112
126,20.01.2023,12,2023,True,har_x,0.0202392708529053,0.022902879974178246
126,23.01.2023,12,2023,True,har_x,0.0202551471269099,0.022728370003094817
126,24.01.2023,12,2023,True,har_x,0.0201615052363508,0.021545878647209412
126,25.01.2023,12,2023,True,har_x,0.0202124304384591,0.022014979062907628
126,26.01.2023,12,2023,True,har_x,0.0201795395104967,0.021794303912164362
126,27.01.2023,12,2023,True,har_x,0.0201722825776812,0.02183794460895672
126,30.01.2023,12,2023,True,har_x,0.0201004617848679,0.02183945030761947
126,31.01.2023,12,2023,True,har_x,0.02017764306014,0.024523114874004062
126,01.02.2023,12,2023,True,har_x,0.0202050307666478,0.023904211250412297
126,02.02.2023,12,2023,True,har_x,0.0202220983375812,0.02375804399085258
126,03.02.2023,12,2023,True,har_x,0.0200906625127008,0.023217269218802475
126,06.02.2023,12,2023,True,har_x,0.0200760838889342,0.023668124122207916
126,07.02.2023,12,2023,True,har_x,0.0199143171146471,0.022229254627298602
126,08.02.2023,12,2023,True,har_x,0.0198970132940854,0.022405606273421766
126,09.02.2023,12,2023,True,har_x,0.019890997078162,0.022249854785226723
126,10.02.2023,12,2023,True,har_x,0.0198032321433656,0.022158408602705557
126,13.02.2023,12,2023,True,har_x,0.019849323199747,0.02207583969416598
126,14.02.2023,12,2023,True,har_x,0.0198790711113203,0.020781122264517858
126,15.02.2023,12,2023,True,har_x,0.0198914945813407,0.02063089053267183
126,16.02.2023,12,2023,True,har_x,0.0199032600180172,0.020351411202039885
126,17.02.2023,12,2023,True,har_x,0.0197753986334379,0.020201405956696686
126,21.02.2023,12,2023,True,har_x,0.019780861414107,0.02049807349392812
126,22.02.2023,12,2023,True,har_x,0.0196169004978324,0.02275263503705463
126,23.02.2023,12,2023,True,har_x,0.0195389742785095,0.02328971652448426
126,24.02.2023,12,2023,True,har_x,0.0195483228043541,0.023152827209577783
126,27.02.2023,12,2023,True,har_x,0.0195328731876842,0.023230585950576442
126,28.02.2023,12,2023,True,har_x,0.0195042726067608,0.02225337526024617
126,01.03.2023,12,2023,True,har_x,0.0195030235033753,0.021981252703968432
126,02.03.2023,12,2023,True,har_x,0.0195245110037242,0.021910850230919814
126,03.03.2023,12,2023,True,har_x,0.0195670879489332,0.021643432043236675
126,06.03.2023,12,2023,True,har_x,0.0196190187833633,0.021624163502966746
126,07.03.2023,12,2023,True,har_x,0.0193798413818887,0.021137348572230985
126,08.03.2023,12,2023,True,har_x,0.0193796415175688,0.02192797895133319
126,09.03.2023,12,2023,True,har_x,0.0193515222747106,0.02157541912620855
126,10.03.2023,12,2023,True,har_x,0.0193128394215688,0.021825088258201418
126,13.03.2023,12,2023,True,har_x,0.0192229220062369,0.02220713474608321
126,14.03.2023,12,2023,True,har_x,0.0188332417608086,0.022837986956588573
126,15.03.2023,12,2023,True,har_x,0.0183342661625395,0.02478201362136891
126,16.03.2023,12,2023,True,har_x,0.0183041929652558,0.025558809284164884
126,17.03.2023,12,2023,True,har_x,0.0181655765332947,0.025317703732053894
126,20.03.2023,12,2023,True,har_x,0.0181489435156316,0.025739996418743034
126,21.03.2023,12,2023,True,har_x,0.018095993114955,0.025075472001857592
126,22.03.2023,12,2023,True,har_x,0.0180402539580654,0.02468482885721831
126,23.03.2023,12,2023,True,har_x,0.0180100754278741,0.024139482022880084
126,24.03.2023,12,2023,True,har_x,0.0179677324300151,0.024065712905719787
126,27.03.2023,12,2023,True,har_x,0.0176276884681429,0.02421819009584234
126,28.03.2023,12,2023,True,har_x,0.0177701821220427,0.025225201929061497
126,29.03.2023,12,2023,True,har_x,0.0178039828191126,0.024789437735168642
126,30.03.2023,12,2023,True,har_x,0.0177776561809762,0.024599168043978645
126,31.03.2023,12,2023,True,har_x,0.018341538388136,0.024399446523144238
126,03.04.2023,12,2023,True,har_x,0.0174865213238842,0.023970815649341125
126,04.04.2023,12,2023,True,har_x,0.0182437518145343,0.02358649562380062
126,05.04.2023,12,2023,True,har_x,0.0183354330952946,0.02313118482062946
126,06.04.2023,12,2023,True,har_x,0.0183430368162616,0.023056290220696204
126,10.04.2023,12,2023,True,har_x,0.0186821187701611,0.02230686082205397
126,11.04.2023,12,2023,True,har_x,0.018630890321852,0.0239659915321764
126,12.04.2023,12,2023,True,har_x,0.018641941364035,0.023444918428560134
126,13.04.2023,12,2023,True,har_x,0.0185994685241064,0.02328126744331866
126,14.04.2023,12,2023,True,har_x,0.019240206430114,0.022882033773925593
126,17.04.2023,12,2023,True,har_x,0.0192103607303609,0.022764212780641967
126,18.04.2023,12,2023,True,har_x,0.0192114663795395,0.02102345527838228
126,19.04.2023,12,2023,True,har_x,0.0191862587234657,0.020994598981176723
126,20.04.2023,12,2023,True,har_x,0.019065996297026,0.021167579221261803
126,21.04.2023,12,2023,True,har_x,0.019061128945519,0.021651156367849873
126,24.04.2023,12,2023,True,har_x,0.0191759040488888,0.021348978795777407
126,25.04.2023,12,2023,True,har_x,0.0191364447557939,0.022852990126784215
126,26.04.2023,12,2023,True,har_x,0.018906673514733,0.023296707729182516
126,27.04.2023,12,2023,True,har_x,0.0190341720185735,0.024102490970038987
126,28.04.2023,12,2023,True,har_x,0.0191537921002299,0.02369327526294475
126,01.05.2023,12,2023,True,har_x,0.0194043963313762,0.023402409093099756
126,02.05.2023,12,2023,True,har_x,0.018825928689615,0.022440254039290865
126,03.05.2023,12,2023,True,har_x,0.0186945824492899,0.02331381443955585
126,04.05.2023,12,2023,True,har_x,0.0188229225671923,0.024022817300823483
126,05.05.2023,12,2023,True,har_x,0.0186585548814006,0.023862566785480946
126,08.05.2023,12,2023,True,har_x,0.0185598418093311,0.023336664909781094
126,09.05.2023,12,2023,True,har_x,0.0189566730746504,0.022103401290539497
126,10.05.2023,12,2023,True,har_x,0.0190597482953456,0.021654449897097073
126,11.05.2023,12,2023,True,har_x,0.0189876547955118,0.021221318292755482
126,12.05.2023,12,2023,True,har_x,0.0190204381191343,0.02164846899730463
126,15.05.2023,12,2023,True,har_x,0.019015549666522,0.021687905417836526
126,16.05.2023,12,2023,True,har_x,0.0190106524748547,0.022132316514177672
126,17.05.2023,12,2023,True,har_x,0.0189200443016973,0.022182671442017673
126,18.05.2023,12,2023,True,har_x,0.0193508867745727,0.022625354131534214
126,19.05.2023,12,2023,True,har_x,0.0196762029040964,0.022419463891162214
126,22.05.2023,12,2023,True,har_x,0.0197560375444055,0.022289013629640794
126,23.05.2023,12,2023,True,har_x,0.0197337849825915,0.022446300355042192
126,24.05.2023,12,2023,True,har_x,0.0196678434484359,0.02238831964853419
126,25.05.2023,12,2023,True,har_x,0.0195745413472768,0.0224089624036602
126,26.05.2023,12,2023,True,har_x,0.0195718820708434,0.022789078617051685
126,30.05.2023,12,2023,True,har_x,0.0192238567774869,0.022531545100907657
126,31.05.2023,12,2023,True,har_x,0.0192439374941907,0.02394788063052438
126,01.06.2023,12,2023,True,har_x,0.019155019039559,0.023664926054635
126,02.06.2023,12,2023,True,har_x,0.0195409156567846,0.02359698220667544
126,05.06.2023,12,2023,True,har_x,0.0195547202758209,0.02355980773949553
126,06.06.2023,12,2023,True,har_x,0.0195721839502491,0.023087948269314967
126,07.06.2023,12,2023,True,har_x,0.019852852753731,0.02245838200540957
126,08.06.2023,12,2023,True,har_x,0.0198222611865582,0.022042146361533992
126,09.06.2023,12,2023,True,har_x,0.0198893760468509,0.022306137043252613
126,12.06.2023,12,2023,True,har_x,0.0195573465423918,0.021969947818911442
126,13.06.2023,12,2023,True,har_x,0.0196180038598805,0.021338314043238233
126,14.06.2023,12,2023,True,har_x,0.0196124532278659,0.020964264439371987
126,15.06.2023,12,2023,True,har_x,0.0195858680786038,0.021067965883635607
126,16.06.2023,12,2023,True,har_x,0.0195550866468767,0.021265745594270084
126,20.06.2023,12,2023,True,har_x,0.0196033280314245,0.021104519176214604
126,21.06.2023,12,2023,True,har_x,0.0196055444617857,0.022932682151877486
126,22.06.2023,12,2023,True,har_x,0.0192859496343296,0.022651436850660234
126,23.06.2023,12,2023,True,har_x,0.0192859086159809,0.023418943175727857
126,26.06.2023,12,2023,True,har_x,0.019287073619016,0.023090259110396177
126,27.06.2023,12,2023,True,har_x,0.0192587625836138,0.02346424625768026
126,28.06.2023,12,2023,True,har_x,0.0192149265406241,0.02413785487031629
126,29.06.2023,12,2023,True,har_x,0.0192683446400432,0.023648099510601903
126,30.06.2023,12,2023,True,har_x,0.0193225511856253,0.02308734985818627
126,03.07.2023,12,2023,True,har_x,0.019367867582838,0.022696325651417038
126,05.07.2023,12,2023,True,har_x,0.0194168694985184,0.021232507392292186
126,06.07.2023,12,2023,True,har_x,0.0194314331624049,0.021302777256320935
126,07.07.2023,12,2023,True,har_x,0.019347301429212,0.021337973084688776
126,10.07.2023,12,2023,True,har_x,0.01956510716566,0.02149051185681391
126,11.07.2023,12,2023,True,har_x,0.019542796476234,0.023009225367104355
126,12.07.2023,12,2023,True,har_x,0.0195459829415575,0.022054929482555795
126,13.07.2023,12,2023,True,har_x,0.0195085660879774,0.02177315411697804
126,14.07.2023,12,2023,True,har_x,0.0194680556539224,0.021246013651403405
126,17.07.2023,12,2023,True,har_x,0.019407093696409,0.02135707067120029
126,18.07.2023,12,2023,True,har_x,0.0193698426638074,0.020932480812989283
126,19.07.2023,12,2023,True,har_x,0.0194195047587209,0.020757332665796664
126,20.07.2023,12,2023,True,har_x,0.019427842966135,0.02072501953195517
126,21.07.2023,12,2023,True,har_x,0.0194363329130336,0.020478220889656753
126,24.07.2023,12,2023,True,har_x,0.0193567432326003,0.020282836068163307
126,25.07.2023,12,2023,True,har_x,0.0193397019620063,0.020634960242076315
126,26.07.2023,12,2023,True,har_x,0.0195057026473885,0.020666274535073744
126,27.07.2023,12,2023,True,har_x,0.0194918438363586,0.020473909219747836
126,28.07.2023,12,2023,True,har_x,0.019513679643094,0.020327857013398617
126,31.07.2023,12,2023,True,har_x,0.0195110500951192,0.020321982414915896
126,01.08.2023,12,2023,True,har_x,0.0195391064095938,0.020296213866597402
126,02.08.2023,12,2023,True,har_x,0.0197391189353931,0.0202768897602278
126,03.08.2023,12,2023,True,har_x,0.0196839582029877,0.020548674597562638
126,04.08.2023,12,2023,True,har_x,0.0196637605859579,0.020627608732747278
126,07.08.2023,12,2023,True,har_x,0.0196586819765362,0.020445577321142203
126,08.08.2023,12,2023,True,har_x,0.0196516940297895,0.019609571533461403
126,09.08.2023,12,2023,True,har_x,0.0197877254265659,0.01945905551247794
126,10.08.2023,12,2023,True,har_x,0.0197656812414369,0.019624807049665148
126,11.08.2023,12,2023,True,har_x,0.0197610183922584,0.019437616515329353
126,14.08.2023,12,2023,True,har_x,0.0197715171073418,0.019418425896021736
126,15.08.2023,12,2023,True,har_x,0.0197645065743192,0.019474632124016376
126,16.08.2023,12,2023,True,har_x,0.019755213779053,0.01973057773209421
126,17.08.2023,12,2023,True,har_x,0.0197531430813059,0.01973237471634728
126,18.08.2023,12,2023,True,har_x,0.0197763285452484,0.01987995510643369
126,21.08.2023,12,2023,True,har_x,0.0197880688440754,0.01971809839739094
126,22.08.2023,12,2023,True,har_x,0.0197951576254512,0.01972029002843242
126,23.08.2023,12,2023,True,har_x,0.0198992268794075,0.019613745255066956
126,24.08.2023,12,2023,True,har_x,0.0199237048265385,0.019568572146081306
126,25.08.2023,12,2023,True,har_x,0.0199244270742012,0.019516731596661698
126,28.08.2023,12,2023,True,har_x,0.019924383343799,0.01964246042716338
126,29.08.2023,12,2023,True,har_x,0.0198919568265811,0.019374815372288322
126,30.08.2023,12,2023,True,har_x,0.0198879405682672,0.01931062329751193
126,31.08.2023,12,2023,True,har_x,0.0198748509901715,0.018923708621986196
126,01.09.2023,12,2023,True,har_x,0.0198114770577724,0.01887770414414186
126,05.09.2023,12,2023,True,har_x,0.0197789364234755,0.01916129486914392
126,06.09.2023,12,2023,True,har_x,0.0197694681316114,0.02118340238545814
126,07.09.2023,12,2023,True,har_x,0.0197800898323901,0.021078164084267794
126,08.09.2023,12,2023,True,har_x,0.0197653979757211,0.021044473643540486
126,11.09.2023,12,2023,True,har_x,0.0197668290906163,0.020933233494574696
126,12.09.2023,12,2023,True,har_x,0.0198516732401415,0.01929328497550546
126,13.09.2023,12,2023,True,har_x,0.0199098732558821,0.019365156924865727
126,14.09.2023,12,2023,True,har_x,0.019827129755991,0.01936771610854965
126,15.09.2023,12,2023,True,har_x,0.0198954283562402,0.019680887955197714
126,18.09.2023,12,2023,True,har_x,0.0198961975257224,0.019693675589461647
126,19.09.2023,12,2023,True,har_x,0.019946454633661,0.020656143216382802
126,20.09.2023,12,2023,True,har_x,0.0199342250454668,0.0210273610129093
126,21.09.2023,12,2023,True,har_x,0.0199359105578622,0.02114640950477823
126,22.09.2023,12,2023,True,har_x,0.0199869995359058,0.021105787346188273
126,25.09.2023,12,2023,True,har_x,0.0199922393807692,0.02096250595231805
126,26.09.2023,12,2023,True,har_x,0.0199803044695484,0.021197466777952353
126,27.09.2023,12,2023,True,har_x,0.0198800823441343,0.021342714071030194
126,28.09.2023,12,2023,True,har_x,0.0198536641992953,0.021931262740394024
126,29.09.2023,12,2023,True,har_x,0.0199162145043328,0.02182070111594349
126,02.10.2023,12,2023,True,har_x,0.0194308287444779,0.021858975973182967
126,03.10.2023,12,2023,True,har_x,0.0194729930385042,0.021466414442403
126,04.10.2023,12,2023,True,har_x,0.018773886595153,0.021357702996641477
126,05.10.2023,12,2023,True,har_x,0.0186978058968354,0.022442607457117326
126,06.10.2023,12,2023,True,har_x,0.0187180002777024,0.022451766158937236
126,09.10.2023,12,2023,True,har_x,0.0183835412321141,0.02224612225382039
126,10.10.2023,12,2023,True,har_x,0.0183913899848252,0.023559418048991032
126,11.10.2023,12,2023,True,har_x,0.0183040564996638,0.024535803867572908
126,12.10.2023,12,2023,True,har_x,0.0183074083438163,0.0242817159211323
126,13.10.2023,12,2023,True,har_x,0.0176304357128845,0.023978873373488648
126,16.10.2023,12,2023,True,har_x,0.0178008558120678,0.02582853529941385
126,17.10.2023,12,2023,True,har_x,0.0177995673645468,0.02405701335654526
126,18.10.2023,12,2023,True,har_x,0.017728262154004,0.02410029636539098
126,19.10.2023,12,2023,True,har_x,0.0177076041294154,0.02464554855984144
126,20.10.2023,12,2023,True,har_x,0.0177688020888074,0.024564651879632658
126,23.10.2023,12,2023,True,har_x,0.0176275812665895,0.02383803980403764
126,24.10.2023,12,2023,True,har_x,0.0175675647582065,0.02377671552531183
126,25.10.2023,12,2023,True,har_x,0.0174524438078117,0.02369929733926676
126,26.10.2023,12,2023,True,har_x,0.0173472511574217,0.024407724467258224
126,27.10.2023,12,2023,True,har_x,0.0171649745681349,0.024288627327670953
126,30.10.2023,12,2023,True,har_x,0.0175095414370971,0.025024959294417243
126,31.10.2023,12,2023,True,har_x,0.0175117521271814,0.0245548429336657
126,01.11.2023,12,2023,True,har_x,0.0172910811530705,0.023975956364784237
126,02.11.2023,12,2023,True,har_x,0.0171374613627497,0.02369208801535643
126,03.11.2023,12,2023,True,har_x,0.0170187965717627,0.023638370641392237
126,06.11.2023,12,2023,True,har_x,0.0170221476753812,0.023323097777558838
126,07.11.2023,12,2023,True,har_x,0.0165881389004346,0.02117259636918958
126,08.11.2023,12,2023,True,har_x,0.0164681647245645,0.022093197789289986
126,09.11.2023,12,2023,True,har_x,0.0164710166471378,0.022280738710281797
126,10.11.2023,12,2023,True,har_x,0.0164327608544007,0.022142583215809253
126,13.11.2023,12,2023,True,har_x,0.0163948126544592,0.021708268929353347
126,14.11.2023,12,2023,True,har_x,0.0164041290136011,0.021268417187124633
126,15.11.2023,12,2023,True,har_x,0.016358991383958,0.02075379115005256
126,16.11.2023,12,2023,True,har_x,0.0157921825661046,0.02091454852606211
126,17.11.2023,12,2023,True,har_x,0.0154104843934935,0.022088178611306325
126,20.11.2023,12,2023,True,har_x,0.0153341811774433,0.022046672281036996
126,21.11.2023,12,2023,True,har_x,0.0153446310501887,0.024094729328630337
126,22.11.2023,12,2023,True,har_x,0.0153582573434472,0.023878697142881794
126,24.11.2023,12,2023,True,har_x,0.0154449478985528,0.02455560659646503
126,27.11.2023,12,2023,True,har_x,0.0154446055727046,0.02444582345654653
126,28.11.2023,12,2023,True,har_x,0.0154486282584494,0.02376396033847755
126,29.11.2023,12,2023,True,har_x,0.0153731058652128,0.023695495436006027
126,30.11.2023,12,2023,True,har_x,0.0157912720243028,0.023729053358076083
126,01.12.2023,12,2023,True,har_x,0.0152108272032784,0.022948114901858503
126,04.12.2023,12,2023,True,har_x,0.0152148097566034,0.02210268045233483
126,05.12.2023,12,2023,True,har_x,0.0152717558383722,0.022267808488774153
126,06.12.2023,12,2023,True,har_x,0.0148777311896073,0.0226244446648989
126,07.12.2023,12,2023,True,har_x,0.0150309426851331,0.02323790022303575
126,08.12.2023,12,2023,True,har_x,0.0148892999813665,0.022659112531059032
126,11.12.2023,12,2023,True,har_x,0.0149040025524189,0.022624498226192093
126,12.12.2023,12,2023,True,har_x,0.0145073638919081,0.021817587128050764
126,13.12.2023,12,2023,True,har_x,0.0144629449865454,0.02239002619888072
126,14.12.2023,12,2023,True,har_x,0.0143043325321793,0.02222797512302913
126,15.12.2023,12,2023,True,har_x,0.0143433662849891,0.022063401469606243
126,18.12.2023,12,2023,True,har_x,0.0142632109460586,0.021857743061761695
126,19.12.2023,12,2023,True,har_x,0.0142053237330959,0.02046241805645602
126,20.12.2023,12,2023,True,har_x,0.0142172133557571,0.019695062435654366
126,21.12.2023,12,2023,True,har_x,0.0142538893250926,0.019649903458806798
126,22.12.2023,12,2023,True,har_x,0.014249347113902,0.019655427948463425
126,26.12.2023,12,2023,True,har_x,0.0141268138161365,0.019283960848895353
126,27.12.2023,12,2023,True,har_x,0.0140322616453145,0.019728356522325945
126,28.12.2023,12,2023,True,har_x,0.0139535039561815,0.020609870392812354
126,29.12.2023,12,2023,True,har_x,0.0138653100329523,0.020795302492169356
5,02.01.2024,13,2024,True,har,0.0258054822145162,0.020259375611962952
5,03.01.2024,13,2024,True,har,0.0215568202641957,0.01870987942175333
5,04.01.2024,13,2024,True,har,0.0219004517498587,0.02002542618544126
5,05.01.2024,13,2024,True,har,0.0213084852353616,0.019359303439457593
5,08.01.2024,13,2024,True,har,0.0112131109021047,0.01843106023900094
5,09.01.2024,13,2024,True,har,0.0089426625374633,0.02033195852958035
5,10.01.2024,13,2024,True,har,0.0084468579849992,0.01982248411576092
5,11.01.2024,13,2024,True,har,0.0100048471580564,0.019346061034019996
5,12.01.2024,13,2024,True,har,0.011977776310578,0.018088843758368913
5,16.01.2024,13,2024,True,har,0.012881065315661,0.018085182011703445
5,17.01.2024,13,2024,True,har,0.0119908544281166,0.016207700574646322
5,18.01.2024,13,2024,True,har,0.0158809486267291,0.016194144260406343
5,19.01.2024,13,2024,True,har,0.0134688238577828,0.016341594687001193
5,22.01.2024,13,2024,True,har,0.0169742142336101,0.016040914789928844
5,23.01.2024,13,2024,True,har,0.0156176569428138,0.01681941676125952
5,24.01.2024,13,2024,True,har,0.0186126764915043,0.01659400774345551
5,25.01.2024,13,2024,True,har,0.0199072353614607,0.016529280126269846
5,26.01.2024,13,2024,True,har,0.015356486944979,0.017658873444609625
5,29.01.2024,13,2024,True,har,0.0188104107046998,0.016841998333985808
5,30.01.2024,13,2024,True,har,0.0192640116592454,0.017065288433959706
5,31.01.2024,13,2024,True,har,0.0207167348230667,0.016352503710898678
5,01.02.2024,13,2024,True,har,0.0168784882809725,0.016776150718728112
5,02.02.2024,13,2024,True,har,0.0100261747940156,0.018185735557714144
5,05.02.2024,13,2024,True,har,0.0119944928616919,0.01752054516220312
5,06.02.2024,13,2024,True,har,0.0119350475725745,0.017423816249326124
5,07.02.2024,13,2024,True,har,0.0163635157922588,0.01633826116660677
5,08.02.2024,13,2024,True,har,0.0115346801132796,0.016177828766117487
5,09.02.2024,13,2024,True,har,0.0115782564425437,0.017084201785798843
5,12.02.2024,13,2024,True,har,0.0137930433755538,0.015925331139049925
5,13.02.2024,13,2024,True,har,0.0136448990256748,0.015917860265525854
5,14.02.2024,13,2024,True,har,0.0109255665660342,0.01613318950663193
5,15.02.2024,13,2024,True,har,0.0153138617588775,0.016828701102402026
5,16.02.2024,13,2024,True,har,0.0160234686214918,0.01646328844795073
5,20.02.2024,13,2024,True,har,0.0158014485752921,0.01619461143468543
5,21.02.2024,13,2024,True,har,0.0155475133539858,0.016508114523384042
5,22.02.2024,13,2024,True,har,0.0151702525331849,0.016337349345864838
5,23.02.2024,13,2024,True,har,0.007013133406958,0.016115816372446686
5,26.02.2024,13,2024,True,har,0.0080966040078043,0.016756791911011634
5,27.02.2024,13,2024,True,har,0.0047995792032772,0.01639932064641892
5,28.02.2024,13,2024,True,har,0.008321338287503,0.01642909841211172
5,29.02.2024,13,2024,True,har,0.008349260004213,0.016045198530231897
5,01.03.2024,13,2024,True,har,0.0092385483213127,0.015803130136737918
5,04.03.2024,13,2024,True,har,0.0088795935307197,0.013405428685040051
5,05.03.2024,13,2024,True,har,0.0079474218359359,0.01334384445884753
5,06.03.2024,13,2024,True,har,0.0136252664053409,0.013237104804321337
5,07.03.2024,13,2024,True,har,0.0147802727682528,0.013630110470703949
5,08.03.2024,13,2024,True,har,0.0125335441745528,0.013316606491268004
5,11.03.2024,13,2024,True,har,0.0126507647621997,0.01273030575929475
5,12.03.2024,13,2024,True,har,0.0104848904481924,0.012405007200339008
5,13.03.2024,13,2024,True,har,0.0141054491333633,0.012390807015421359
5,14.03.2024,13,2024,True,har,0.0125413907110362,0.014170480767188312
5,15.03.2024,13,2024,True,har,0.0127308608781814,0.013995486980535297
5,18.03.2024,13,2024,True,har,0.011822811828639,0.013184661824469703
5,19.03.2024,13,2024,True,har,0.0114841193509543,0.013944654749148765
5,20.03.2024,13,2024,True,har,0.0085450294153654,0.013117698226090104
5,21.03.2024,13,2024,True,har,0.0108189853099513,0.014112900199377599
5,22.03.2024,13,2024,True,har,0.010282673881252,0.013579046063649325
5,25.03.2024,13,2024,True,har,0.0107381857211561,0.012719939420609425
5,26.03.2024,13,2024,True,har,0.008997255110273,0.013071521385897985
5,27.03.2024,13,2024,True,har,0.0078359043253663,0.012694595392553892
5,28.03.2024,13,2024,True,har,0.0072999442239828,0.012371917221223383
5,01.04.2024,13,2024,True,har,0.0101002406980024,0.013199640579908564
5,02.04.2024,13,2024,True,har,0.0105844859147706,0.012760211980801775
5,03.04.2024,13,2024,True,har,0.0116020143723166,0.013296633969441295
5,04.04.2024,13,2024,True,har,0.0101050545811301,0.012598788445028554
5,05.04.2024,13,2024,True,har,0.010554870282056,0.012833387208030136
5,08.04.2024,13,2024,True,har,0.0099443369885481,0.012537409576767746
5,09.04.2024,13,2024,True,har,0.0082960305619001,0.012757387954387966
5,10.04.2024,13,2024,True,har,0.0144576405445757,0.013162329905033555
5,11.04.2024,13,2024,True,har,0.0146084044949107,0.01325295482248035
5,12.04.2024,13,2024,True,har,0.0134146379529365,0.01260787879485956
5,15.04.2024,13,2024,True,har,0.0134499547265859,0.012401847477249603
5,16.04.2024,13,2024,True,har,0.0170717521907732,0.012296464926003833
5,17.04.2024,13,2024,True,har,0.0084911864860151,0.011711500969771799
5,18.04.2024,13,2024,True,har,0.0090828910836417,0.014397396408867145
5,19.04.2024,13,2024,True,har,0.0089994466090762,0.013296949426550436
5,22.04.2024,13,2024,True,har,0.0116176341084687,0.013192914743826153
5,23.04.2024,13,2024,True,har,0.0094630846340109,0.013218638234637897
5,24.04.2024,13,2024,True,har,0.0246927334635698,0.013876083897021578
5,25.04.2024,13,2024,True,har,0.0230594428660824,0.012865369854795482
5,26.04.2024,13,2024,True,har,0.0211152527956203,0.013202896671649481
5,29.04.2024,13,2024,True,har,0.0229354897382448,0.012777013750813021
5,30.04.2024,13,2024,True,har,0.0232591336763714,0.013403589723478689
5,01.05.2024,13,2024,True,har,0.0056787054236997,0.012715968898257251
5,02.05.2024,13,2024,True,har,0.0057783285934369,0.01796795738781186
5,03.05.2024,13,2024,True,har,0.0076228562521582,0.01628336078723064
5,06.05.2024,13,2024,True,har,0.008070336871057,0.01618787088115932
5,07.05.2024,13,2024,True,har,0.009727123514694,0.016291347735006456
5,08.05.2024,13,2024,True,har,0.0096308334903322,0.01620994798328554
5,09.05.2024,13,2024,True,har,0.0100831838229605,0.014700955156377964
5,10.05.2024,13,2024,True,har,0.0083307600836815,0.014705532378808736
5,13.05.2024,13,2024,True,har,0.0083385079751383,0.015040301939963831
5,14.05.2024,13,2024,True,har,0.0076444929767489,0.015044785205230886
5,15.05.2024,13,2024,True,har,0.0092352213158502,0.01535630533279535
5,16.05.2024,13,2024,True,har,0.008051529586961,0.014418962497306705
5,17.05.2024,13,2024,True,har,0.0083820626722115,0.014587478385916895
5,20.05.2024,13,2024,True,har,0.0158210018236568,0.014610363460760823
5,21.05.2024,13,2024,True,har,0.0154023763842773,0.01447485843189299
5,22.05.2024,13,2024,True,har,0.0177816762864278,0.014254107795498055
5,23.05.2024,13,2024,True,har,0.0175187258545602,0.01451315960566412
5,24.05.2024,13,2024,True,har,0.0243173093052012,0.014018735944235302
5,28.05.2024,13,2024,True,har,0.0150734611864313,0.014220308822948032
5,29.05.2024,13,2024,True,har,0.0196046307331696,0.016051792652324898
5,30.05.2024,13,2024,True,har,0.0231071539287254,0.015569441841738
5,31.05.2024,13,2024,True,har,0.0231030516163072,0.013477107763627564
5,03.06.2024,13,2024,True,har,0.0148656631994437,0.012972435852446482
5,04.06.2024,13,2024,True,har,0.0112371029768833,0.016401121892915052
5,05.06.2024,13,2024,True,har,0.011298968950862,0.014883519140110532
5,06.06.2024,13,2024,True,har,0.0107777802422255,0.015508776679255052
5,07.06.2024,13,2024,True,har,0.0104241707959972,0.016394178665682577
5,10.06.2024,13,2024,True,har,0.0081968352485315,0.015960780862609623
5,11.06.2024,13,2024,True,har,0.0084465774372864,0.016461439529213483
5,12.06.2024,13,2024,True,har,0.0086056852894052,0.015578716975656937
5,13.06.2024,13,2024,True,har,0.0102542053198127,0.015647686677582293
5,14.06.2024,13,2024,True,har,0.0093725996858029,0.015422781601949681
5,17.06.2024,13,2024,True,har,0.0101701912636657,0.015347349372050302
5,18.06.2024,13,2024,True,har,0.0082973994401333,0.015946333241255585
5,20.06.2024,13,2024,True,har,0.0102443825873264,0.015923313580300958
5,21.06.2024,13,2024,True,har,0.0095515313268888,0.015606573029830643
5,24.06.2024,13,2024,True,har,0.0088980824269128,0.015631707730371418
5,25.06.2024,13,2024,True,har,0.0064297452386895,0.015613212597110036
5,26.06.2024,13,2024,True,har,0.0077782672447863,0.015892039943461365
5,27.06.2024,13,2024,True,har,0.0081691832869895,0.01492117413084171
5,28.06.2024,13,2024,True,har,0.009217291228172,0.015426660741494205
5,01.07.2024,13,2024,True,har,0.0100965334321605,0.01445516968506733
5,02.07.2024,13,2024,True,har,0.0109645196857126,0.014416399028005109
5,03.07.2024,13,2024,True,har,0.0082173723497057,0.01171874616537372
5,05.07.2024,13,2024,True,har,0.0077977988749311,0.011703116432491636
5,08.07.2024,13,2024,True,har,0.0071294765661503,0.011941967492791722
5,09.07.2024,13,2024,True,har,0.0073158195713405,0.01198980150590838
5,10.07.2024,13,2024,True,har,0.0108377310505852,0.012498037937261505
5,11.07.2024,13,2024,True,har,0.0106482683758035,0.011552654654366671
5,12.07.2024,13,2024,True,har,0.0169376970324585,0.01130235653463468
5,15.07.2024,13,2024,True,har,0.0169047265176553,0.011275002761623949
5,16.07.2024,13,2024,True,har,0.0173890818859488,0.011184936049906311
5,17.07.2024,13,2024,True,har,0.015158817599137,0.011823922805734464
5,18.07.2024,13,2024,True,har,0.016555049610957,0.011970735791956129
5,19.07.2024,13,2024,True,har,0.0122363348944198,0.011274036464908058
5,22.07.2024,13,2024,True,har,0.013518618770242,0.013807123897644755
5,23.07.2024,13,2024,True,har,0.0130707298839295,0.013095383672546812
5,24.07.2024,13,2024,True,har,0.0190108365166652,0.013626572573672191
5,25.07.2024,13,2024,True,har,0.0186211838235645,0.013285454209719168
5,26.07.2024,13,2024,True,har,0.0224073226997793,0.013490846053420515
5,29.07.2024,13,2024,True,har,0.0222044350091091,0.013207686642818083
5,30.07.2024,13,2024,True,har,0.0224220216724915,0.013577234224157832
5,31.07.2024,13,2024,True,har,0.0216052209993511,0.013563502016639837
5,01.08.2024,13,2024,True,har,0.021968492749457,0.015501303404939961
5,02.08.2024,13,2024,True,har,0.0112526138103219,0.01499317574505523
5,05.08.2024,13,2024,True,har,0.0126937228946928,0.01676310056272473
5,06.08.2024,13,2024,True,har,0.0200065740793384,0.016014124608690495
5,07.08.2024,13,2024,True,har,0.0204510445883571,0.015928493702865178
5,08.08.2024,13,2024,True,har,0.0210393953055911,0.017160753985282457
5,09.08.2024,13,2024,True,har,0.0230628554732755,0.016993811170954894
5,12.08.2024,13,2024,True,har,0.0162054188096779,0.016116702939040925
5,13.08.2024,13,2024,True,har,0.0156361417703887,0.0180303850497443
5,14.08.2024,13,2024,True,har,0.0158593309505223,0.018452144068367243
5,15.08.2024,13,2024,True,har,0.0155978158009035,0.01805149532904849
5,16.08.2024,13,2024,True,har,0.0204336128353989,0.01850468592526968
5,19.08.2024,13,2024,True,har,0.0192207516705093,0.01822948537930479
5,20.08.2024,13,2024,True,har,0.0237572542293139,0.01837471327100988
5,21.08.2024,13,2024,True,har,0.0229981595451223,0.017653734839804813
5,22.08.2024,13,2024,True,har,0.0230953116702069,0.017913597688671935
5,23.08.2024,13,2024,True,har,0.0226221716789139,0.018085247386161393
5,26.08.2024,13,2024,True,har,0.0298748689676557,0.019069398505733966
5,27.08.2024,13,2024,True,har,0.0298795409461254,0.01966121944869383
5,28.08.2024,13,2024,True,har,0.0309083229065782,0.020124285223945982
5,29.08.2024,13,2024,True,har,0.0251986388110254,0.019296425509074705
5,30.08.2024,13,2024,True,har,0.0296464737032885,0.019488063161339664
5,03.09.2024,13,2024,True,har,0.0189544689618427,0.01855649108990729
5,04.09.2024,13,2024,True,har,0.0239202918112198,0.023696852534964865
5,05.09.2024,13,2024,True,har,0.0264717373394413,0.022445565141206616
5,06.09.2024,13,2024,True,har,0.0240922000955978,0.021678230392161563
5,09.09.2024,13,2024,True,har,0.0246587483138208,0.02186837241877756
5,10.09.2024,13,2024,True,har,0.0102725443959187,0.0220093755417199
5,11.09.2024,13,2024,True,har,0.0106298381640568,0.021411892648392952
5,12.09.2024,13,2024,True,har,0.0100434009913556,0.021802051908600628
5,13.09.2024,13,2024,True,har,0.0101103853008132,0.022368536321243537
5,16.09.2024,13,2024,True,har,0.0110046351052229,0.021506522688554804
5,17.09.2024,13,2024,True,har,0.0120168165459135,0.022038827783743685
5,18.09.2024,13,2024,True,har,0.0171998702811602,0.020668501200267028
5,19.09.2024,13,2024,True,har,0.0170793142208766,0.020374579640527486
5,20.09.2024,13,2024,True,har,0.0182609315583074,0.020835088879671886
5,23.09.2024,13,2024,True,har,0.0183238597630375,0.020375868036750393
5,24.09.2024,13,2024,True,har,0.0208381264826438,0.02009101680538384
5,25.09.2024,13,2024,True,har,0.0181334037061057,0.019908331029840645
5,26.09.2024,13,2024,True,har,0.0210549695587609,0.02046901077832769
5,27.09.2024,13,2024,True,har,0.0210254062716337,0.02081429867124821
5,30.09.2024,13,2024,True,har,0.0193518676174676,0.020139714365049872
5,01.10.2024,13,2024,True,har,0.0373034153395419,0.020023229393207373
5,02.10.2024,13,2024,True,har,0.0381233837254078,0.01811626619513748
5,03.10.2024,13,2024,True,har,0.0348577718886663,0.017204308849022097
5,04.10.2024,13,2024,True,har,0.0350764468699775,0.020439886112983356
5,07.10.2024,13,2024,True,har,0.0302649875492052,0.0187515113010914
5,08.10.2024,13,2024,True,har,0.0286737953994168,0.020137384653070974
5,09.10.2024,13,2024,True,har,0.0288600596540762,0.022576446956980356
5,10.10.2024,13,2024,True,har,0.0187130636868414,0.021559784457546492
5,11.10.2024,13,2024,True,har,0.018207755115068,0.022591821533070745
5,14.10.2024,13,2024,True,har,0.0228351718472672,0.021788250078122698
5,15.10.2024,13,2024,True,har,0.0163728575140547,0.022115046572396883
5,16.10.2024,13,2024,True,har,0.0185105303641143,0.023748534704843033
5,17.10.2024,13,2024,True,har,0.0189791274696222,0.022682955211375304
5,18.10.2024,13,2024,True,har,0.017727529658969,0.021770345616177585
5,21.10.2024,13,2024,True,har,0.0351252489228331,0.022332336746459763
5,22.10.2024,13,2024,True,har,0.0309286027332552,0.022794326435122914
5,23.10.2024,13,2024,True,har,0.0342756768367731,0.022597746772212837
5,24.10.2024,13,2024,True,har,0.0348852888260083,0.022327843182116877
5,25.10.2024,13,2024,True,har,0.0320828982796816,0.0217855474707023
5,28.10.2024,13,2024,True,har,0.0132244750146413,0.02230308480252709
5,29.10.2024,13,2024,True,har,0.0111039192699589,0.02714085476776045
5,30.10.2024,13,2024,True,har,0.0130370494055871,0.024938005889114892
5,31.10.2024,13,2024,True,har,0.0130850541921041,0.025841026811159296
5,01.11.2024,13,2024,True,har,0.0189549873479954,0.024159464238499698
5,04.11.2024,13,2024,True,har,0.0168631387264669,0.02369811553322925
5,05.11.2024,13,2024,True,har,0.0158600857697305,0.022446045622469844
5,06.11.2024,13,2024,True,har,0.0173221830157605,0.020484547369076428
5,07.11.2024,13,2024,True,har,0.0161257069167078,0.020697609653292606
5,08.11.2024,13,2024,True,har,0.0155898661011414,0.01982699010659094
5,11.11.2024,13,2024,True,har,0.0186535601040035,0.02096167030645165
5,12.11.2024,13,2024,True,har,0.0186862647934543,0.021131080552554332
5,13.11.2024,13,2024,True,har,0.0192361223049969,0.019232710749020027
5,14.11.2024,13,2024,True,har,0.0208887552717721,0.01950259610526416
5,15.11.2024,13,2024,True,har,0.0151691652343193,0.019372217216249602
5,18.11.2024,13,2024,True,har,0.0188758818005118,0.01983966486669457
5,19.11.2024,13,2024,True,har,0.0188843701899054,0.020880062178419433
5,20.11.2024,13,2024,True,har,0.0186351076677361,0.019644324045709628
5,21.11.2024,13,2024,True,har,0.0154662383270448,0.019762726587673644
5,22.11.2024,13,2024,True,har,0.0130571587777859,0.02047774542068234
5,25.11.2024,13,2024,True,har,0.0144660725275627,0.019594081323071708
5,26.11.2024,13,2024,True,har,0.0170018529377082,0.017755128028795395
5,27.11.2024,13,2024,True,har,0.0169860121681976,0.017062662669195906
5,29.11.2024,13,2024,True,har,0.0175249257898276,0.016630955928906094
5,02.12.2024,13,2024,True,har,0.0181665935526134,0.016343264506065536
5,03.12.2024,13,2024,True,har,0.0126635665352143,0.01671569405587872
5,04.12.2024,13,2024,True,har,0.0129831931544724,0.01696128628396519
5,05.12.2024,13,2024,True,har,0.0128105555670943,0.01719291054870964
5,06.12.2024,13,2024,True,har,0.0089917256249083,0.016774010295866355
5,09.12.2024,13,2024,True,har,0.0111004904868422,0.017068737104509665
5,10.12.2024,13,2024,True,har,0.012921815537479,0.01695703200159092
5,11.12.2024,13,2024,True,har,0.0097376752631711,0.015412165745817795
5,12.12.2024,13,2024,True,har,0.0101956155735922,0.016204965291770925
5,13.12.2024,13,2024,True,har,0.0055958154413272,0.015745277443896012
5,16.12.2024,13,2024,True,har,0.0052365061456049,0.01595125686620681
5,17.12.2024,13,2024,True,har,0.0077155980519003,0.015511147599271323
5,18.12.2024,13,2024,True,har,0.0079795310584347,0.014835112088080651
5,19.12.2024,13,2024,True,har,0.0086243802365775,0.014405911146295577
5,20.12.2024,13,2024,True,har,0.0085101305373277,0.014554128932746203
5,23.12.2024,13,2024,True,har,0.0072673442546261,0.013573122032713509
5,24.12.2024,13,2024,True,har,0.0084759161373568,0.013408667339792098
5,26.12.2024,13,2024,True,har,0.0060647180784431,0.013017281607847465
5,27.12.2024,13,2024,True,har,0.0073956071815334,0.012833302382770133
5,30.12.2024,13,2024,True,har,0.0074018453547897,0.013277988278430818
5,31.12.2024,13,2024,True,har,0.0112744980645349,0.013032035516320963
5,02.01.2024,13,2024,True,har_ovx,0.0258054822145162,0.01892600484206948
5,03.01.2024,13,2024,True,har_ovx,0.0215568202641957,0.019492511607040613
5,04.01.2024,13,2024,True,har_ovx,0.0219004517498587,0.019390311359795645
5,05.01.2024,13,2024,True,har_ovx,0.0213084852353616,0.019205367853122105
5,08.01.2024,13,2024,True,har_ovx,0.0112131109021047,0.018229275236462224
5,09.01.2024,13,2024,True,har_ovx,0.0089426625374633,0.01883330282311467
5,10.01.2024,13,2024,True,har_ovx,0.0084468579849992,0.018571561182599602
5,11.01.2024,13,2024,True,har_ovx,0.0100048471580564,0.018692428247896277
5,12.01.2024,13,2024,True,har_ovx,0.011977776310578,0.01845064134852668
5,16.01.2024,13,2024,True,har_ovx,0.012881065315661,0.019878603032567475
5,17.01.2024,13,2024,True,har_ovx,0.0119908544281166,0.01868989800169811
5,18.01.2024,13,2024,True,har_ovx,0.0158809486267291,0.018177985341464014
5,19.01.2024,13,2024,True,har_ovx,0.0134688238577828,0.017703270817671177
5,22.01.2024,13,2024,True,har_ovx,0.0169742142336101,0.01760723239871708
5,23.01.2024,13,2024,True,har_ovx,0.0156176569428138,0.017659098657362385
5,24.01.2024,13,2024,True,har_ovx,0.0186126764915043,0.017446427632777935
5,25.01.2024,13,2024,True,har_ovx,0.0199072353614607,0.017065233515704496
5,26.01.2024,13,2024,True,har_ovx,0.015356486944979,0.01751555500332619
5,29.01.2024,13,2024,True,har_ovx,0.0188104107046998,0.017354224944259037
5,30.01.2024,13,2024,True,har_ovx,0.0192640116592454,0.017945256243573064
5,31.01.2024,13,2024,True,har_ovx,0.0207167348230667,0.017777918033087137
5,01.02.2024,13,2024,True,har_ovx,0.0168784882809725,0.018166697149047964
5,02.02.2024,13,2024,True,har_ovx,0.0100261747940156,0.017629531167175343
5,05.02.2024,13,2024,True,har_ovx,0.0119944928616919,0.01752768624726847
5,06.02.2024,13,2024,True,har_ovx,0.0119350475725745,0.017384412500936534
5,07.02.2024,13,2024,True,har_ovx,0.0163635157922588,0.016481129574102464
5,08.02.2024,13,2024,True,har_ovx,0.0115346801132796,0.01571758347090229
5,09.02.2024,13,2024,True,har_ovx,0.0115782564425437,0.01598600997585544
5,12.02.2024,13,2024,True,har_ovx,0.0137930433755538,0.01630082431081309
5,13.02.2024,13,2024,True,har_ovx,0.0136448990256748,0.016412606889640163
5,14.02.2024,13,2024,True,har_ovx,0.0109255665660342,0.016280195636854778
5,15.02.2024,13,2024,True,har_ovx,0.0153138617588775,0.0165249446746815
5,16.02.2024,13,2024,True,har_ovx,0.0160234686214918,0.016194303388077858
5,20.02.2024,13,2024,True,har_ovx,0.0158014485752921,0.015753225868805783
5,21.02.2024,13,2024,True,har_ovx,0.0155475133539858,0.01611026022768716
5,22.02.2024,13,2024,True,har_ovx,0.0151702525331849,0.015831809035749777
5,23.02.2024,13,2024,True,har_ovx,0.007013133406958,0.01562431699638385
5,26.02.2024,13,2024,True,har_ovx,0.0080966040078043,0.01584242556274441
5,27.02.2024,13,2024,True,har_ovx,0.0047995792032772,0.01602653932977177
5,28.02.2024,13,2024,True,har_ovx,0.008321338287503,0.01587537679309062
5,29.02.2024,13,2024,True,har_ovx,0.008349260004213,0.015856270853581534
5,01.03.2024,13,2024,True,har_ovx,0.0092385483213127,0.01588621895972702
5,04.03.2024,13,2024,True,har_ovx,0.0088795935307197,0.01505846728735994
5,05.03.2024,13,2024,True,har_ovx,0.0079474218359359,0.014688029588787677
5,06.03.2024,13,2024,True,har_ovx,0.0136252664053409,0.014602438716853457
5,07.03.2024,13,2024,True,har_ovx,0.0147802727682528,0.014414788867758708
5,08.03.2024,13,2024,True,har_ovx,0.0125335441745528,0.01444352393411935
5,11.03.2024,13,2024,True,har_ovx,0.0126507647621997,0.014125524091525182
5,12.03.2024,13,2024,True,har_ovx,0.0104848904481924,0.013931565493617763
5,13.03.2024,13,2024,True,har_ovx,0.0141054491333633,0.014014253834785134
5,14.03.2024,13,2024,True,har_ovx,0.0125413907110362,0.014310674149631646
5,15.03.2024,13,2024,True,har_ovx,0.0127308608781814,0.015092987557697213
5,18.03.2024,13,2024,True,har_ovx,0.011822811828639,0.01438813809987418
5,19.03.2024,13,2024,True,har_ovx,0.0114841193509543,0.01445153115342915
5,20.03.2024,13,2024,True,har_ovx,0.0085450294153654,0.01413708648976764
5,21.03.2024,13,2024,True,har_ovx,0.0108189853099513,0.01412638383029197
5,22.03.2024,13,2024,True,har_ovx,0.010282673881252,0.013661938270838706
5,25.03.2024,13,2024,True,har_ovx,0.0107381857211561,0.013110758540643901
5,26.03.2024,13,2024,True,har_ovx,0.008997255110273,0.01332513490510129
5,27.03.2024,13,2024,True,har_ovx,0.0078359043253663,0.013228705755957968
5,28.03.2024,13,2024,True,har_ovx,0.0072999442239828,0.012973704018187746
5,01.04.2024,13,2024,True,har_ovx,0.0101002406980024,0.012916838788020421
5,02.04.2024,13,2024,True,har_ovx,0.0105844859147706,0.01348568358560691
5,03.04.2024,13,2024,True,har_ovx,0.0116020143723166,0.013986699089949439
5,04.04.2024,13,2024,True,har_ovx,0.0101050545811301,0.013944439005341421
5,05.04.2024,13,2024,True,har_ovx,0.010554870282056,0.015096476201003772
5,08.04.2024,13,2024,True,har_ovx,0.0099443369885481,0.015183599484763501
5,09.04.2024,13,2024,True,har_ovx,0.0082960305619001,0.01449486697516859
5,10.04.2024,13,2024,True,har_ovx,0.0144576405445757,0.013990648412092039
5,11.04.2024,13,2024,True,har_ovx,0.0146084044949107,0.014413325438492488
5,12.04.2024,13,2024,True,har_ovx,0.0134146379529365,0.014714767663704453
5,15.04.2024,13,2024,True,har_ovx,0.0134499547265859,0.014988802050357014
5,16.04.2024,13,2024,True,har_ovx,0.0170717521907732,0.01629854220489157
5,17.04.2024,13,2024,True,har_ovx,0.0084911864860151,0.015417089858029673
5,18.04.2024,13,2024,True,har_ovx,0.0090828910836417,0.015623669064731973
5,19.04.2024,13,2024,True,har_ovx,0.0089994466090762,0.014991867698837652
5,22.04.2024,13,2024,True,har_ovx,0.0116176341084687,0.015151908770499125
5,23.04.2024,13,2024,True,har_ovx,0.0094630846340109,0.014327723485231467
5,24.04.2024,13,2024,True,har_ovx,0.0246927334635698,0.014011872689200257
5,25.04.2024,13,2024,True,har_ovx,0.0230594428660824,0.014032329056309611
5,26.04.2024,13,2024,True,har_ovx,0.0211152527956203,0.013790641109221397
5,29.04.2024,13,2024,True,har_ovx,0.0229354897382448,0.013516450535582819
5,30.04.2024,13,2024,True,har_ovx,0.0232591336763714,0.013609897545838566
5,01.05.2024,13,2024,True,har_ovx,0.0056787054236997,0.013502387159054068
5,02.05.2024,13,2024,True,har_ovx,0.0057783285934369,0.014772393457911617
5,03.05.2024,13,2024,True,har_ovx,0.0076228562521582,0.0144271418661205
5,06.05.2024,13,2024,True,har_ovx,0.008070336871057,0.014525798307826559
5,07.05.2024,13,2024,True,har_ovx,0.009727123514694,0.014763158405102764
5,08.05.2024,13,2024,True,har_ovx,0.0096308334903322,0.014475378867727144
5,09.05.2024,13,2024,True,har_ovx,0.0100831838229605,0.014271873925942976
5,10.05.2024,13,2024,True,har_ovx,0.0083307600836815,0.014304461943156372
5,13.05.2024,13,2024,True,har_ovx,0.0083385079751383,0.014243079368399782
5,14.05.2024,13,2024,True,har_ovx,0.0076444929767489,0.014372716146863626
5,15.05.2024,13,2024,True,har_ovx,0.0092352213158502,0.014377041630845551
5,16.05.2024,13,2024,True,har_ovx,0.008051529586961,0.01417276897496788
5,17.05.2024,13,2024,True,har_ovx,0.0083820626722115,0.01382574472592483
5,20.05.2024,13,2024,True,har_ovx,0.0158210018236568,0.014208436703864055
5,21.05.2024,13,2024,True,har_ovx,0.0154023763842773,0.014162112377540115
5,22.05.2024,13,2024,True,har_ovx,0.0177816762864278,0.013824756161876964
5,23.05.2024,13,2024,True,har_ovx,0.0175187258545602,0.013985513742277987
5,24.05.2024,13,2024,True,har_ovx,0.0243173093052012,0.014262448005275723
5,28.05.2024,13,2024,True,har_ovx,0.0150734611864313,0.013876276396068348
5,29.05.2024,13,2024,True,har_ovx,0.0196046307331696,0.014159173682239413
5,30.05.2024,13,2024,True,har_ovx,0.0231071539287254,0.013932773297976198
5,31.05.2024,13,2024,True,har_ovx,0.0231030516163072,0.013948651449208196
5,03.06.2024,13,2024,True,har_ovx,0.0148656631994437,0.01441820695055007
5,04.06.2024,13,2024,True,har_ovx,0.0112371029768833,0.015188919121057652
5,05.06.2024,13,2024,True,har_ovx,0.011298968950862,0.015109492748441283
5,06.06.2024,13,2024,True,har_ovx,0.0107777802422255,0.014699507209655974
5,07.06.2024,13,2024,True,har_ovx,0.0104241707959972,0.014295728973116772
5,10.06.2024,13,2024,True,har_ovx,0.0081968352485315,0.013847090751396533
5,11.06.2024,13,2024,True,har_ovx,0.0084465774372864,0.01362322955184174
5,12.06.2024,13,2024,True,har_ovx,0.0086056852894052,0.013591984624241629
5,13.06.2024,13,2024,True,har_ovx,0.0102542053198127,0.01327701360681755
5,14.06.2024,13,2024,True,har_ovx,0.0093725996858029,0.013156121737644987
5,17.06.2024,13,2024,True,har_ovx,0.0101701912636657,0.013238135352710286
5,18.06.2024,13,2024,True,har_ovx,0.0082973994401333,0.0130585379578711
5,20.06.2024,13,2024,True,har_ovx,0.0102443825873264,0.01296252028734439
5,21.06.2024,13,2024,True,har_ovx,0.0095515313268888,0.013142168201115797
5,24.06.2024,13,2024,True,har_ovx,0.0088980824269128,0.01330124857888837
5,25.06.2024,13,2024,True,har_ovx,0.0064297452386895,0.013525443222062283
5,26.06.2024,13,2024,True,har_ovx,0.0077782672447863,0.013697717437959875
5,27.06.2024,13,2024,True,har_ovx,0.0081691832869895,0.013695101320418034
5,28.06.2024,13,2024,True,har_ovx,0.009217291228172,0.013719638316315395
5,01.07.2024,13,2024,True,har_ovx,0.0100965334321605,0.013659494710701365
5,02.07.2024,13,2024,True,har_ovx,0.0109645196857126,0.013917796575976008
5,03.07.2024,13,2024,True,har_ovx,0.0082173723497057,0.012466899020473236
5,05.07.2024,13,2024,True,har_ovx,0.0077977988749311,0.011880169805401507
5,08.07.2024,13,2024,True,har_ovx,0.0071294765661503,0.011678736938209392
5,09.07.2024,13,2024,True,har_ovx,0.0073158195713405,0.011687933578661392
5,10.07.2024,13,2024,True,har_ovx,0.0108377310505852,0.011944293466291899
5,11.07.2024,13,2024,True,har_ovx,0.0106482683758035,0.011635343571359364
5,12.07.2024,13,2024,True,har_ovx,0.0169376970324585,0.01161411312828409
5,15.07.2024,13,2024,True,har_ovx,0.0169047265176553,0.011646795712898254
5,16.07.2024,13,2024,True,har_ovx,0.0173890818859488,0.011545547885567383
5,17.07.2024,13,2024,True,har_ovx,0.015158817599137,0.011842549339459461
5,18.07.2024,13,2024,True,har_ovx,0.016555049610957,0.01212545684805719
5,19.07.2024,13,2024,True,har_ovx,0.0122363348944198,0.012233964232549887
5,22.07.2024,13,2024,True,har_ovx,0.013518618770242,0.01306042239167226
5,23.07.2024,13,2024,True,har_ovx,0.0130707298839295,0.013145222719528466
5,24.07.2024,13,2024,True,har_ovx,0.0190108365166652,0.013109756638152578
5,25.07.2024,13,2024,True,har_ovx,0.0186211838235645,0.013177787766200565
5,26.07.2024,13,2024,True,har_ovx,0.0224073226997793,0.013093123384593404
5,29.07.2024,13,2024,True,har_ovx,0.0222044350091091,0.014228230234316538
5,30.07.2024,13,2024,True,har_ovx,0.0224220216724915,0.0147081717867686
5,31.07.2024,13,2024,True,har_ovx,0.0216052209993511,0.01499240632037161
5,01.08.2024,13,2024,True,har_ovx,0.021968492749457,0.016233126006874883
5,02.08.2024,13,2024,True,har_ovx,0.0112526138103219,0.016102453491066746
5,05.08.2024,13,2024,True,har_ovx,0.0126937228946928,0.01844174082351975
5,06.08.2024,13,2024,True,har_ovx,0.0200065740793384,0.020347243330865277
5,07.08.2024,13,2024,True,har_ovx,0.0204510445883571,0.01915261957585572
5,08.08.2024,13,2024,True,har_ovx,0.0210393953055911,0.01841184542850421
5,09.08.2024,13,2024,True,har_ovx,0.0230628554732755,0.017285788147308176
5,12.08.2024,13,2024,True,har_ovx,0.0162054188096779,0.0167020992151097
5,13.08.2024,13,2024,True,har_ovx,0.0156361417703887,0.017686421529042484
5,14.08.2024,13,2024,True,har_ovx,0.0158593309505223,0.017132484484542666
5,15.08.2024,13,2024,True,har_ovx,0.0155978158009035,0.01642602344548845
5,16.08.2024,13,2024,True,har_ovx,0.0204336128353989,0.016376677663231566
5,19.08.2024,13,2024,True,har_ovx,0.0192207516705093,0.0161819605990596
5,20.08.2024,13,2024,True,har_ovx,0.0237572542293139,0.01663704367450014
5,21.08.2024,13,2024,True,har_ovx,0.0229981595451223,0.016650186494374285
5,22.08.2024,13,2024,True,har_ovx,0.0230953116702069,0.016869933829179534
5,23.08.2024,13,2024,True,har_ovx,0.0226221716789139,0.016562837773963755
5,26.08.2024,13,2024,True,har_ovx,0.0298748689676557,0.01626558125085625
5,27.08.2024,13,2024,True,har_ovx,0.0298795409461254,0.016573130532345798
5,28.08.2024,13,2024,True,har_ovx,0.0309083229065782,0.016828659794442737
5,29.08.2024,13,2024,True,har_ovx,0.0251986388110254,0.017036090761042583
5,30.08.2024,13,2024,True,har_ovx,0.0296464737032885,0.016922658623290614
5,03.09.2024,13,2024,True,har_ovx,0.0189544689618427,0.017224475229946454
5,04.09.2024,13,2024,True,har_ovx,0.0239202918112198,0.01896428316045457
5,05.09.2024,13,2024,True,har_ovx,0.0264717373394413,0.02015019511761237
5,06.09.2024,13,2024,True,har_ovx,0.0240922000955978,0.019537361685974468
5,09.09.2024,13,2024,True,har_ovx,0.0246587483138208,0.019796810883577917
5,10.09.2024,13,2024,True,har_ovx,0.0102725443959187,0.019688715784591897
5,11.09.2024,13,2024,True,har_ovx,0.0106298381640568,0.020574684875607045
5,12.09.2024,13,2024,True,har_ovx,0.0100434009913556,0.019894003305285506
5,13.09.2024,13,2024,True,har_ovx,0.0101103853008132,0.019416414180330514
5,16.09.2024,13,2024,True,har_ovx,0.0110046351052229,0.01901607587646709
5,17.09.2024,13,2024,True,har_ovx,0.0120168165459135,0.01886257072908815
5,18.09.2024,13,2024,True,har_ovx,0.0171998702811602,0.018908767119797033
5,19.09.2024,13,2024,True,har_ovx,0.0170793142208766,0.01929253801637518
5,20.09.2024,13,2024,True,har_ovx,0.0182609315583074,0.018331969172807043
5,23.09.2024,13,2024,True,har_ovx,0.0183238597630375,0.017745567619522104
5,24.09.2024,13,2024,True,har_ovx,0.0208381264826438,0.018420435765079648
5,25.09.2024,13,2024,True,har_ovx,0.0181334037061057,0.01799159119751757
5,26.09.2024,13,2024,True,har_ovx,0.0210549695587609,0.01825849549203213
5,27.09.2024,13,2024,True,har_ovx,0.0210254062716337,0.020372915602898705
5,30.09.2024,13,2024,True,har_ovx,0.0193518676174676,0.020317437423431013
5,01.10.2024,13,2024,True,har_ovx,0.0373034153395419,0.020396397597784693
5,02.10.2024,13,2024,True,har_ovx,0.0381233837254078,0.02057886772980181
5,03.10.2024,13,2024,True,har_ovx,0.0348577718886663,0.021941785384826818
5,04.10.2024,13,2024,True,har_ovx,0.0350764468699775,0.025464138391836075
5,07.10.2024,13,2024,True,har_ovx,0.0302649875492052,0.022347083735173447
5,08.10.2024,13,2024,True,har_ovx,0.0286737953994168,0.023211274942102716
5,09.10.2024,13,2024,True,har_ovx,0.0288600596540762,0.025105356028976032
5,10.10.2024,13,2024,True,har_ovx,0.0187130636868414,0.02388513880632616
5,11.10.2024,13,2024,True,har_ovx,0.018207755115068,0.025295288305837445
5,14.10.2024,13,2024,True,har_ovx,0.0228351718472672,0.025524228013196804
5,15.10.2024,13,2024,True,har_ovx,0.0163728575140547,0.02513003151783689
5,16.10.2024,13,2024,True,har_ovx,0.0185105303641143,0.02431652291148121
5,17.10.2024,13,2024,True,har_ovx,0.0189791274696222,0.024158827043400034
5,18.10.2024,13,2024,True,har_ovx,0.017727529658969,0.023635017023679462
5,21.10.2024,13,2024,True,har_ovx,0.0351252489228331,0.02377176763149139
5,22.10.2024,13,2024,True,har_ovx,0.0309286027332552,0.023720569572534423
5,23.10.2024,13,2024,True,har_ovx,0.0342756768367731,0.024018452226060624
5,24.10.2024,13,2024,True,har_ovx,0.0348852888260083,0.02403184039085127
5,25.10.2024,13,2024,True,har_ovx,0.0320828982796816,0.023495384358542162
5,28.10.2024,13,2024,True,har_ovx,0.0132244750146413,0.024391470607946643
5,29.10.2024,13,2024,True,har_ovx,0.0111039192699589,0.022954596393515755
5,30.10.2024,13,2024,True,har_ovx,0.0130370494055871,0.02280961490900327
5,31.10.2024,13,2024,True,har_ovx,0.0130850541921041,0.022358408511204637
5,01.11.2024,13,2024,True,har_ovx,0.0189549873479954,0.024814313058465258
5,04.11.2024,13,2024,True,har_ovx,0.0168631387264669,0.023041134543817288
5,05.11.2024,13,2024,True,har_ovx,0.0158600857697305,0.023247754103027818
5,06.11.2024,13,2024,True,har_ovx,0.0173221830157605,0.022819619581584533
5,07.11.2024,13,2024,True,har_ovx,0.0161257069167078,0.022502334298160752
5,08.11.2024,13,2024,True,har_ovx,0.0155898661011414,0.021361772373830305
5,11.11.2024,13,2024,True,har_ovx,0.0186535601040035,0.020036676725240603
5,12.11.2024,13,2024,True,har_ovx,0.0186862647934543,0.019691605567047583
5,13.11.2024,13,2024,True,har_ovx,0.0192361223049969,0.01810243910514698
5,14.11.2024,13,2024,True,har_ovx,0.0208887552717721,0.019171168890847846
5,15.11.2024,13,2024,True,har_ovx,0.0151691652343193,0.016814703873104422
5,18.11.2024,13,2024,True,har_ovx,0.0188758818005118,0.018349575358091168
5,19.11.2024,13,2024,True,har_ovx,0.0188843701899054,0.01921265801089221
5,20.11.2024,13,2024,True,har_ovx,0.0186351076677361,0.019319477357854678
5,21.11.2024,13,2024,True,har_ovx,0.0154662383270448,0.01906402474808231
5,22.11.2024,13,2024,True,har_ovx,0.0130571587777859,0.019189676183651194
5,25.11.2024,13,2024,True,har_ovx,0.0144660725275627,0.018631592120127164
5,26.11.2024,13,2024,True,har_ovx,0.0170018529377082,0.018382859972764173
5,27.11.2024,13,2024,True,har_ovx,0.0169860121681976,0.018960599685527813
5,29.11.2024,13,2024,True,har_ovx,0.0175249257898276,0.01819054701807155
5,02.12.2024,13,2024,True,har_ovx,0.0181665935526134,0.017359327955717308
5,03.12.2024,13,2024,True,har_ovx,0.0126635665352143,0.017269907622265025
5,04.12.2024,13,2024,True,har_ovx,0.0129831931544724,0.017154673174432006
5,05.12.2024,13,2024,True,har_ovx,0.0128105555670943,0.016992767361148246
5,06.12.2024,13,2024,True,har_ovx,0.0089917256249083,0.015379451538740267
5,09.12.2024,13,2024,True,har_ovx,0.0111004904868422,0.015920780595050164
5,10.12.2024,13,2024,True,har_ovx,0.012921815537479,0.0146224705434796
5,11.12.2024,13,2024,True,har_ovx,0.0097376752631711,0.014705732707997597
5,12.12.2024,13,2024,True,har_ovx,0.0101956155735922,0.016033745826545383
5,13.12.2024,13,2024,True,har_ovx,0.0055958154413272,0.016708685249107395
5,16.12.2024,13,2024,True,har_ovx,0.0052365061456049,0.017171624441795156
5,17.12.2024,13,2024,True,har_ovx,0.0077155980519003,0.01649603478372807
5,18.12.2024,13,2024,True,har_ovx,0.0079795310584347,0.015188972392986663
5,19.12.2024,13,2024,True,har_ovx,0.0086243802365775,0.015900992834586642
5,20.12.2024,13,2024,True,har_ovx,0.0085101305373277,0.015097247774840434
5,23.12.2024,13,2024,True,har_ovx,0.0072673442546261,0.01445634760227403
5,24.12.2024,13,2024,True,har_ovx,0.0084759161373568,0.014701806671583908
5,26.12.2024,13,2024,True,har_ovx,0.0060647180784431,0.014490310808942555
5,27.12.2024,13,2024,True,har_ovx,0.0073956071815334,0.014399597272085635
5,30.12.2024,13,2024,True,har_ovx,0.0074018453547897,0.014517450652982222
5,31.12.2024,13,2024,True,har_ovx,0.0112744980645349,0.014761937686412957
5,02.01.2024,13,2024,True,har_gpr,0.0258054822145162,0.021534571885672087
5,03.01.2024,13,2024,True,har_gpr,0.0215568202641957,0.019082277391715415
5,04.01.2024,13,2024,True,har_gpr,0.0219004517498587,0.02038330947569313
5,05.01.2024,13,2024,True,har_gpr,0.0213084852353616,0.019726721304748937
5,08.01.2024,13,2024,True,har_gpr,0.0112131109021047,0.01879342387811227
5,09.01.2024,13,2024,True,har_gpr,0.0089426625374633,0.02031608063499577
5,10.01.2024,13,2024,True,har_gpr,0.0084468579849992,0.019809422753108624
5,11.01.2024,13,2024,True,har_gpr,0.0100048471580564,0.019353152826099684
5,12.01.2024,13,2024,True,har_gpr,0.011977776310578,0.018094527074408406
5,16.01.2024,13,2024,True,har_gpr,0.012881065315661,0.018092307575852656
5,17.01.2024,13,2024,True,har_gpr,0.0119908544281166,0.017743767754961816
5,18.01.2024,13,2024,True,har_gpr,0.0158809486267291,0.017738088357511957
5,19.01.2024,13,2024,True,har_gpr,0.0134688238577828,0.017884576306637156
5,22.01.2024,13,2024,True,har_gpr,0.0169742142336101,0.01757986242519755
5,23.01.2024,13,2024,True,har_gpr,0.0156176569428138,0.018180026149209966
5,24.01.2024,13,2024,True,har_gpr,0.0186126764915043,0.017954511751409746
5,25.01.2024,13,2024,True,har_gpr,0.0199072353614607,0.01789353810254171
5,26.01.2024,13,2024,True,har_gpr,0.015356486944979,0.019000478094358585
5,29.01.2024,13,2024,True,har_gpr,0.0188104107046998,0.01819803726889367
5,30.01.2024,13,2024,True,har_gpr,0.0192640116592454,0.01772749210918388
5,31.01.2024,13,2024,True,har_gpr,0.0207167348230667,0.017022451470529137
5,01.02.2024,13,2024,True,har_gpr,0.0168784882809725,0.017431292630349357
5,02.02.2024,13,2024,True,har_gpr,0.0100261747940156,0.01882915501321121
5,05.02.2024,13,2024,True,har_gpr,0.0119944928616919,0.018188623614318528
5,06.02.2024,13,2024,True,har_gpr,0.0119350475725745,0.01778678358010747
5,07.02.2024,13,2024,True,har_gpr,0.0163635157922588,0.016699004202262127
5,08.02.2024,13,2024,True,har_gpr,0.0115346801132796,0.01600645201785521
5,09.02.2024,13,2024,True,har_gpr,0.0115782564425437,0.016922604837454586
5,12.02.2024,13,2024,True,har_gpr,0.0137930433755538,0.01579872056936869
5,13.02.2024,13,2024,True,har_gpr,0.0136448990256748,0.016969141037688935
5,14.02.2024,13,2024,True,har_gpr,0.0109255665660342,0.017182709464680215
5,15.02.2024,13,2024,True,har_gpr,0.0153138617588775,0.017858645508461838
5,16.02.2024,13,2024,True,har_gpr,0.0160234686214918,0.017512850280767094
5,20.02.2024,13,2024,True,har_gpr,0.0158014485752921,0.017246260524522827
5,21.02.2024,13,2024,True,har_gpr,0.0155475133539858,0.01764970599477081
5,22.02.2024,13,2024,True,har_gpr,0.0151702525331849,0.01748106379599975
5,23.02.2024,13,2024,True,har_gpr,0.007013133406958,0.017270956097276753
5,26.02.2024,13,2024,True,har_gpr,0.0080966040078043,0.017888796719293366
5,27.02.2024,13,2024,True,har_gpr,0.0047995792032772,0.018044793423865692
5,28.02.2024,13,2024,True,har_gpr,0.008321338287503,0.018074790558881806
5,29.02.2024,13,2024,True,har_gpr,0.008349260004213,0.01769570775166091
5,01.03.2024,13,2024,True,har_gpr,0.0092385483213127,0.01745497433205803
5,04.03.2024,13,2024,True,har_gpr,0.0088795935307197,0.014455945558243283
5,05.03.2024,13,2024,True,har_gpr,0.0079474218359359,0.014561587587570647
5,06.03.2024,13,2024,True,har_gpr,0.0136252664053409,0.01288792389522162
5,07.03.2024,13,2024,True,har_gpr,0.0147802727682528,0.013265867536292423
5,08.03.2024,13,2024,True,har_gpr,0.0125335441745528,0.012955447758105303
5,11.03.2024,13,2024,True,har_gpr,0.0126507647621997,0.01236189974182316
5,12.03.2024,13,2024,True,har_gpr,0.0104848904481924,0.012040667366393372
5,13.03.2024,13,2024,True,har_gpr,0.0141054491333633,0.013368203568462024
5,14.03.2024,13,2024,True,har_gpr,0.0125413907110362,0.01511853528057079
5,15.03.2024,13,2024,True,har_gpr,0.0127308608781814,0.01494135610284112
5,18.03.2024,13,2024,True,har_gpr,0.011822811828639,0.014144140272238908
5,19.03.2024,13,2024,True,har_gpr,0.0114841193509543,0.01474781322125328
5,20.03.2024,13,2024,True,har_gpr,0.0085450294153654,0.013933185491929585
5,21.03.2024,13,2024,True,har_gpr,0.0108189853099513,0.014910534246013275
5,22.03.2024,13,2024,True,har_gpr,0.010282673881252,0.014387304330324695
5,25.03.2024,13,2024,True,har_gpr,0.0107381857211561,0.013526307708211362
5,26.03.2024,13,2024,True,har_gpr,0.008997255110273,0.014499648676147508
5,27.03.2024,13,2024,True,har_gpr,0.0078359043253663,0.014126818897963609
5,28.03.2024,13,2024,True,har_gpr,0.0072999442239828,0.013817412328679451
5,01.04.2024,13,2024,True,har_gpr,0.0101002406980024,0.014631817457033543
5,02.04.2024,13,2024,True,har_gpr,0.0105844859147706,0.013144944435351514
5,03.04.2024,13,2024,True,har_gpr,0.0116020143723166,0.013674821995381288
5,04.04.2024,13,2024,True,har_gpr,0.0101050545811301,0.01298754557599116
5,05.04.2024,13,2024,True,har_gpr,0.010554870282056,0.013224208132797885
5,08.04.2024,13,2024,True,har_gpr,0.0099443369885481,0.012932943003525562
5,09.04.2024,13,2024,True,har_gpr,0.0082960305619001,0.01306175202574817
5,10.04.2024,13,2024,True,har_gpr,0.0144576405445757,0.013464295082584872
5,11.04.2024,13,2024,True,har_gpr,0.0146084044949107,0.013550390226032577
5,12.04.2024,13,2024,True,har_gpr,0.0134146379529365,0.012912290535013662
5,15.04.2024,13,2024,True,har_gpr,0.0134499547265859,0.012704372204048364
5,16.04.2024,13,2024,True,har_gpr,0.0170717521907732,0.014663710714937585
5,17.04.2024,13,2024,True,har_gpr,0.0084911864860151,0.014086210461094054
5,18.04.2024,13,2024,True,har_gpr,0.0090828910836417,0.016738813379424608
5,19.04.2024,13,2024,True,har_gpr,0.0089994466090762,0.015645826336707663
5,22.04.2024,13,2024,True,har_gpr,0.0116176341084687,0.015546715205810708
5,23.04.2024,13,2024,True,har_gpr,0.0094630846340109,0.014515588907219639
5,24.04.2024,13,2024,True,har_gpr,0.0246927334635698,0.015154394586212972
5,25.04.2024,13,2024,True,har_gpr,0.0230594428660824,0.014182450362027456
5,26.04.2024,13,2024,True,har_gpr,0.0211152527956203,0.014515681243726642
5,29.04.2024,13,2024,True,har_gpr,0.0229354897382448,0.014091637811969298
5,30.04.2024,13,2024,True,har_gpr,0.0232591336763714,0.015004905750210209
5,01.05.2024,13,2024,True,har_gpr,0.0056787054236997,0.01432778721409153
5,02.05.2024,13,2024,True,har_gpr,0.0057783285934369,0.019505331080015335
5,03.05.2024,13,2024,True,har_gpr,0.0076228562521582,0.017841404778857775
5,06.05.2024,13,2024,True,har_gpr,0.008070336871057,0.017752230083093287
5,07.05.2024,13,2024,True,har_gpr,0.009727123514694,0.015877076611772116
5,08.05.2024,13,2024,True,har_gpr,0.0096308334903322,0.015795010583037644
5,09.05.2024,13,2024,True,har_gpr,0.0100831838229605,0.014357633512107136
5,10.05.2024,13,2024,True,har_gpr,0.0083307600836815,0.014362237230123151
5,13.05.2024,13,2024,True,har_gpr,0.0083385079751383,0.014686623431587238
5,14.05.2024,13,2024,True,har_gpr,0.0076444929767489,0.016349917691966302
5,15.05.2024,13,2024,True,har_gpr,0.0092352213158502,0.016653194512183767
5,16.05.2024,13,2024,True,har_gpr,0.008051529586961,0.015717967866787728
5,17.05.2024,13,2024,True,har_gpr,0.0083820626722115,0.015884148877360154
5,20.05.2024,13,2024,True,har_gpr,0.0158210018236568,0.015913683535717232
5,21.05.2024,13,2024,True,har_gpr,0.0154023763842773,0.015100486294887657
5,22.05.2024,13,2024,True,har_gpr,0.0177816762864278,0.014880473947540503
5,23.05.2024,13,2024,True,har_gpr,0.0175187258545602,0.015132446650734264
5,24.05.2024,13,2024,True,har_gpr,0.0243173093052012,0.014644289540836748
5,28.05.2024,13,2024,True,har_gpr,0.0150734611864313,0.014843781634050918
5,29.05.2024,13,2024,True,har_gpr,0.0196046307331696,0.016806884776390738
5,30.05.2024,13,2024,True,har_gpr,0.0231071539287254,0.01633141745055326
5,31.05.2024,13,2024,True,har_gpr,0.0231030516163072,0.014223909644169655
5,03.06.2024,13,2024,True,har_gpr,0.0148656631994437,0.013725530848660732
5,04.06.2024,13,2024,True,har_gpr,0.0112371029768833,0.016509603968114326
5,05.06.2024,13,2024,True,har_gpr,0.011298968950862,0.015038802437352353
5,06.06.2024,13,2024,True,har_gpr,0.0107777802422255,0.01564530296872635
5,07.06.2024,13,2024,True,har_gpr,0.0104241707959972,0.016514446449858427
5,10.06.2024,13,2024,True,har_gpr,0.0081968352485315,0.01608545949713132
5,11.06.2024,13,2024,True,har_gpr,0.0084465774372864,0.016598247891662497
5,12.06.2024,13,2024,True,har_gpr,0.0086056852894052,0.015736647430635957
5,13.06.2024,13,2024,True,har_gpr,0.0102542053198127,0.015803970000138088
5,14.06.2024,13,2024,True,har_gpr,0.0093725996858029,0.015583067397737248
5,17.06.2024,13,2024,True,har_gpr,0.0101701912636657,0.015509142736444121
5,18.06.2024,13,2024,True,har_gpr,0.0082973994401333,0.01624680181187555
5,20.06.2024,13,2024,True,har_gpr,0.0102443825873264,0.016224782382000875
5,21.06.2024,13,2024,True,har_gpr,0.0095515313268888,0.01590971370011457
5,24.06.2024,13,2024,True,har_gpr,0.0088980824269128,0.015927666592286956
5,25.06.2024,13,2024,True,har_gpr,0.0064297452386895,0.01761240937953617
5,26.06.2024,13,2024,True,har_gpr,0.0077782672447863,0.017887243474387693
5,27.06.2024,13,2024,True,har_gpr,0.0081691832869895,0.0169263486890555
5,28.06.2024,13,2024,True,har_gpr,0.009217291228172,0.017420824106389794
5,01.07.2024,13,2024,True,har_gpr,0.0100965334321605,0.016455643868575214
5,02.07.2024,13,2024,True,har_gpr,0.0109645196857126,0.013781834641273503
5,03.07.2024,13,2024,True,har_gpr,0.0082173723497057,0.01109243063065042
5,05.07.2024,13,2024,True,har_gpr,0.0077977988749311,0.011068596496498434
5,08.07.2024,13,2024,True,har_gpr,0.0071294765661503,0.011306994775190283
5,09.07.2024,13,2024,True,har_gpr,0.0073158195713405,0.011818223303199251
5,10.07.2024,13,2024,True,har_gpr,0.0108377310505852,0.012321971332144382
5,11.07.2024,13,2024,True,har_gpr,0.0106482683758035,0.011374828549024493
5,12.07.2024,13,2024,True,har_gpr,0.0169376970324585,0.011136215813295222
5,15.07.2024,13,2024,True,har_gpr,0.0169047265176553,0.01111041985085228
5,16.07.2024,13,2024,True,har_gpr,0.0173890818859488,0.010419813251121696
5,17.07.2024,13,2024,True,har_gpr,0.015158817599137,0.01105499217814002
5,18.07.2024,13,2024,True,har_gpr,0.016555049610957,0.011186375321731043
5,19.07.2024,13,2024,True,har_gpr,0.0122363348944198,0.010494817476135718
5,22.07.2024,13,2024,True,har_gpr,0.013518618770242,0.012994204941001088
5,23.07.2024,13,2024,True,har_gpr,0.0130707298839295,0.013570978640859021
5,24.07.2024,13,2024,True,har_gpr,0.0190108365166652,0.01409613489595607
5,25.07.2024,13,2024,True,har_gpr,0.0186211838235645,0.013766676785347261
5,26.07.2024,13,2024,True,har_gpr,0.0224073226997793,0.01396652394170472
5,29.07.2024,13,2024,True,har_gpr,0.0222044350091091,0.013699074358185041
5,30.07.2024,13,2024,True,har_gpr,0.0224220216724915,0.014067419033703442
5,31.07.2024,13,2024,True,har_gpr,0.0216052209993511,0.014056230684209664
5,01.08.2024,13,2024,True,har_gpr,0.021968492749457,0.01596675807936396
5,02.08.2024,13,2024,True,har_gpr,0.0112526138103219,0.015265998735221692
5,05.08.2024,13,2024,True,har_gpr,0.0126937228946928,0.017015132192864896
5,06.08.2024,13,2024,True,har_gpr,0.0200065740793384,0.017565908950717305
5,07.08.2024,13,2024,True,har_gpr,0.0204510445883571,0.01748062522680234
5,08.08.2024,13,2024,True,har_gpr,0.0210393953055911,0.018710446205484118
5,09.08.2024,13,2024,True,har_gpr,0.0230628554732755,0.01854593518576745
5,12.08.2024,13,2024,True,har_gpr,0.0162054188096779,0.01771433623763986
5,13.08.2024,13,2024,True,har_gpr,0.0156361417703887,0.01823339151694219
5,14.08.2024,13,2024,True,har_gpr,0.0158593309505223,0.01862875521442702
5,15.08.2024,13,2024,True,har_gpr,0.0155978158009035,0.018228503489030094
5,16.08.2024,13,2024,True,har_gpr,0.0204336128353989,0.018678176115289637
5,19.08.2024,13,2024,True,har_gpr,0.0192207516705093,0.01839408373781602
5,20.08.2024,13,2024,True,har_gpr,0.0237572542293139,0.018819421799427534
5,21.08.2024,13,2024,True,har_gpr,0.0229981595451223,0.018106393455568588
5,22.08.2024,13,2024,True,har_gpr,0.0230953116702069,0.018362725506333187
5,23.08.2024,13,2024,True,har_gpr,0.0226221716789139,0.018535480186177983
5,26.08.2024,13,2024,True,har_gpr,0.0298748689676557,0.019497640357274693
5,27.08.2024,13,2024,True,har_gpr,0.0298795409461254,0.02094917055700788
5,28.08.2024,13,2024,True,har_gpr,0.0309083229065782,0.021395582328691293
5,29.08.2024,13,2024,True,har_gpr,0.0251986388110254,0.020574063037292374
5,30.08.2024,13,2024,True,har_gpr,0.0296464737032885,0.02076392092050177
5,03.09.2024,13,2024,True,har_gpr,0.0189544689618427,0.01983439665684919
5,04.09.2024,13,2024,True,har_gpr,0.0239202918112198,0.024943301528242638
5,05.09.2024,13,2024,True,har_gpr,0.0264717373394413,0.023707000242305817
5,06.09.2024,13,2024,True,har_gpr,0.0240922000955978,0.02293925220887016
5,09.09.2024,13,2024,True,har_gpr,0.0246587483138208,0.02314650242201932
5,10.09.2024,13,2024,True,har_gpr,0.0102725443959187,0.02282579586309873
5,11.09.2024,13,2024,True,har_gpr,0.0106298381640568,0.022264533119114676
5,12.09.2024,13,2024,True,har_gpr,0.0100434009913556,0.02263940646874179
5,13.09.2024,13,2024,True,har_gpr,0.0101103853008132,0.023195927005595668
5,16.09.2024,13,2024,True,har_gpr,0.0110046351052229,0.022347624177601985
5,17.09.2024,13,2024,True,har_gpr,0.0120168165459135,0.0216832848631432
5,18.09.2024,13,2024,True,har_gpr,0.0171998702811602,0.02037308189859554
5,19.09.2024,13,2024,True,har_gpr,0.0170793142208766,0.020081226724791786
5,20.09.2024,13,2024,True,har_gpr,0.0182609315583074,0.02053963074056745
5,23.09.2024,13,2024,True,har_gpr,0.0183238597630375,0.02008330984296309
5,24.09.2024,13,2024,True,har_gpr,0.0208381264826438,0.021234059501960254
5,25.09.2024,13,2024,True,har_gpr,0.0181334037061057,0.02104430753776171
5,26.09.2024,13,2024,True,har_gpr,0.0210549695587609,0.021581864674978926
5,27.09.2024,13,2024,True,har_gpr,0.0210254062716337,0.02192704522355065
5,30.09.2024,13,2024,True,har_gpr,0.0193518676174676,0.021253318412983495
5,01.10.2024,13,2024,True,har_gpr,0.0373034153395419,0.021042642764761553
5,02.10.2024,13,2024,True,har_gpr,0.0381233837254078,0.01851028599078345
5,03.10.2024,13,2024,True,har_gpr,0.0348577718886663,0.017615169942439945
5,04.10.2024,13,2024,True,har_gpr,0.0350764468699775,0.020826856474298654
5,07.10.2024,13,2024,True,har_gpr,0.0302649875492052,0.01915086604440276
5,08.10.2024,13,2024,True,har_gpr,0.0286737953994168,0.019631615549533733
5,09.10.2024,13,2024,True,har_gpr,0.0288600596540762,0.021993722738442148
5,10.10.2024,13,2024,True,har_gpr,0.0187130636868414,0.020985069716505683
5,11.10.2024,13,2024,True,har_gpr,0.018207755115068,0.022022715891089218
5,14.10.2024,13,2024,True,har_gpr,0.0228351718472672,0.021227353046292283
5,15.10.2024,13,2024,True,har_gpr,0.0163728575140547,0.02156966746390742
5,16.10.2024,13,2024,True,har_gpr,0.0185105303641143,0.02407162802530909
5,17.10.2024,13,2024,True,har_gpr,0.0189791274696222,0.023017363927060268
5,18.10.2024,13,2024,True,har_gpr,0.017727529658969,0.022145776434730643
5,21.10.2024,13,2024,True,har_gpr,0.0351252489228331,0.022705418250973858
5,22.10.2024,13,2024,True,har_gpr,0.0309286027332552,0.023078699330222042
5,23.10.2024,13,2024,True,har_gpr,0.0342756768367731,0.022906979600902672
5,24.10.2024,13,2024,True,har_gpr,0.0348852888260083,0.02263072660378035
5,25.10.2024,13,2024,True,har_gpr,0.0320828982796816,0.022088159535061644
5,28.10.2024,13,2024,True,har_gpr,0.0132244750146413,0.022606834321530742
5,29.10.2024,13,2024,True,har_gpr,0.0111039192699589,0.027759373376989784
5,30.10.2024,13,2024,True,har_gpr,0.0130370494055871,0.02559055115588373
5,31.10.2024,13,2024,True,har_gpr,0.0130850541921041,0.026475353402800935
5,01.11.2024,13,2024,True,har_gpr,0.0189549873479954,0.02479382783446562
5,04.11.2024,13,2024,True,har_gpr,0.0168631387264669,0.024113619105824782
5,05.11.2024,13,2024,True,har_gpr,0.0158600857697305,0.02268462686021259
5,06.11.2024,13,2024,True,har_gpr,0.0173221830157605,0.020737187763385963
5,07.11.2024,13,2024,True,har_gpr,0.0161257069167078,0.02094165648383685
5,08.11.2024,13,2024,True,har_gpr,0.0155898661011414,0.020069968229275117
5,11.11.2024,13,2024,True,har_gpr,0.0186535601040035,0.02117650949283366
5,12.11.2024,13,2024,True,har_gpr,0.0186862647934543,0.02135338956269129
5,13.11.2024,13,2024,True,har_gpr,0.0192361223049969,0.019393748373696743
5,14.11.2024,13,2024,True,har_gpr,0.0208887552717721,0.019656297735531826
5,15.11.2024,13,2024,True,har_gpr,0.0151691652343193,0.019531306024398502
5,18.11.2024,13,2024,True,har_gpr,0.0188758818005118,0.019996011992249707
5,19.11.2024,13,2024,True,har_gpr,0.0188843701899054,0.02345204761909681
5,20.11.2024,13,2024,True,har_gpr,0.0186351076677361,0.022224929169527643
5,21.11.2024,13,2024,True,har_gpr,0.0154662383270448,0.022339075206619968
5,22.11.2024,13,2024,True,har_gpr,0.0130571587777859,0.023043817111475264
5,25.11.2024,13,2024,True,har_gpr,0.0144660725275627,0.022185569302766345
5,26.11.2024,13,2024,True,har_gpr,0.0170018529377082,0.018002045967656415
5,27.11.2024,13,2024,True,har_gpr,0.0169860121681976,0.017317152940368064
5,29.11.2024,13,2024,True,har_gpr,0.0175249257898276,0.01688699938327604
5,02.12.2024,13,2024,True,har_gpr,0.0181665935526134,0.01661199837688958
5,03.12.2024,13,2024,True,har_gpr,0.0126635665352143,0.018237220821163056
5,04.12.2024,13,2024,True,har_gpr,0.0129831931544724,0.018474264456781832
5,05.12.2024,13,2024,True,har_gpr,0.0128105555670943,0.018697448273397716
5,06.12.2024,13,2024,True,har_gpr,0.0089917256249083,0.018282892792871104
5,09.12.2024,13,2024,True,har_gpr,0.0111004904868422,0.018572357870747482
5,10.12.2024,13,2024,True,har_gpr,0.012921815537479,0.017915034015737435
5,11.12.2024,13,2024,True,har_gpr,0.0097376752631711,0.01639638411290284
5,12.12.2024,13,2024,True,har_gpr,0.0101956155735922,0.01718297057291581
5,13.12.2024,13,2024,True,har_gpr,0.0055958154413272,0.016728818982607512
5,16.12.2024,13,2024,True,har_gpr,0.0052365061456049,0.01694687838654961
5,17.12.2024,13,2024,True,har_gpr,0.0077155980519003,0.017212146185438416
5,18.12.2024,13,2024,True,har_gpr,0.0079795310584347,0.016527553393552986
5,19.12.2024,13,2024,True,har_gpr,0.0086243802365775,0.01611353672174485
5,20.12.2024,13,2024,True,har_gpr,0.0085101305373277,0.016258641588154696
5,23.12.2024,13,2024,True,har_gpr,0.0072673442546261,0.01529815206580621
5,24.12.2024,13,2024,True,har_gpr,0.0084759161373568,0.014251986671758822
5,26.12.2024,13,2024,True,har_gpr,0.0060647180784431,0.013847409610842553
5,27.12.2024,13,2024,True,har_gpr,0.0073956071815334,0.01366483998543165
5,30.12.2024,13,2024,True,har_gpr,0.0074018453547897,0.014104662319206996
5,31.12.2024,13,2024,True,har_gpr,0.0112744980645349,0.013128393894952819
5,02.01.2024,13,2024,True,har_x,0.0258054822145162,0.020835168693210657
5,03.01.2024,13,2024,True,har_x,0.0215568202641957,0.020249618169332354
5,04.01.2024,13,2024,True,har_x,0.0219004517498587,0.020097348976415328
5,05.01.2024,13,2024,True,har_x,0.0213084852353616,0.019933081036301464
5,08.01.2024,13,2024,True,har_x,0.0112131109021047,0.018950874022340896
5,09.01.2024,13,2024,True,har_x,0.0089426625374633,0.018821648869024363
5,10.01.2024,13,2024,True,har_x,0.0084468579849992,0.018567788294170922
5,11.01.2024,13,2024,True,har_x,0.0100048471580564,0.01872585893711337
5,12.01.2024,13,2024,True,har_x,0.011977776310578,0.01850717428702689
5,16.01.2024,13,2024,True,har_x,0.012881065315661,0.01997189440427485
5,17.01.2024,13,2024,True,har_x,0.0119908544281166,0.021063306543937548
5,18.01.2024,13,2024,True,har_x,0.0158809486267291,0.020549045226882764
5,19.01.2024,13,2024,True,har_x,0.0134688238577828,0.020059147769440476
5,22.01.2024,13,2024,True,har_x,0.0169742142336101,0.019962548188151904
5,23.01.2024,13,2024,True,har_x,0.0156176569428138,0.019852663036232378
5,24.01.2024,13,2024,True,har_x,0.0186126764915043,0.01963893870800189
5,25.01.2024,13,2024,True,har_x,0.0199072353614607,0.01925444032435581
5,26.01.2024,13,2024,True,har_x,0.015356486944979,0.019663964993198956
5,29.01.2024,13,2024,True,har_x,0.0188104107046998,0.019533945852560467
5,30.01.2024,13,2024,True,har_x,0.0192640116592454,0.01885463055438485
5,31.01.2024,13,2024,True,har_x,0.0207167348230667,0.01870890701968533
5,01.02.2024,13,2024,True,har_x,0.0168784882809725,0.01908032510798293
5,02.02.2024,13,2024,True,har_x,0.0100261747940156,0.018484307464908003
5,05.02.2024,13,2024,True,har_x,0.0119944928616919,0.018422999122392703
5,06.02.2024,13,2024,True,har_x,0.0119350475725745,0.01792428348293356
5,07.02.2024,13,2024,True,har_x,0.0163635157922588,0.01702305002385543
5,08.02.2024,13,2024,True,har_x,0.0115346801132796,0.015659011611884068
5,09.02.2024,13,2024,True,har_x,0.0115782564425437,0.015925428940380487
5,12.02.2024,13,2024,True,har_x,0.0137930433755538,0.016314703838386443
5,13.02.2024,13,2024,True,har_x,0.0136448990256748,0.017668600956350658
5,14.02.2024,13,2024,True,har_x,0.0109255665660342,0.017526372472933767
5,15.02.2024,13,2024,True,har_x,0.0153138617588775,0.017737666101063927
5,16.02.2024,13,2024,True,har_x,0.0160234686214918,0.0174309677274121
5,20.02.2024,13,2024,True,har_x,0.0158014485752921,0.01698738861640146
5,21.02.2024,13,2024,True,har_x,0.0155475133539858,0.017793642284137077
5,22.02.2024,13,2024,True,har_x,0.0151702525331849,0.017514554151192647
5,23.02.2024,13,2024,True,har_x,0.007013133406958,0.017320723161700018
5,26.02.2024,13,2024,True,har_x,0.0080966040078043,0.017503190751382368
5,27.02.2024,13,2024,True,har_x,0.0047995792032772,0.01849556779921847
5,28.02.2024,13,2024,True,har_x,0.008321338287503,0.018340513216910534
5,29.02.2024,13,2024,True,har_x,0.008349260004213,0.01833461723589758
5,01.03.2024,13,2024,True,har_x,0.0092385483213127,0.01837282632607335
5,04.03.2024,13,2024,True,har_x,0.0088795935307197,0.016335629466798462
5,05.03.2024,13,2024,True,har_x,0.0079474218359359,0.016420610985890153
5,06.03.2024,13,2024,True,har_x,0.0136252664053409,0.014195016597898638
5,07.03.2024,13,2024,True,har_x,0.0147802727682528,0.013975803925806364
5,08.03.2024,13,2024,True,har_x,0.0125335441745528,0.014015365582511721
5,11.03.2024,13,2024,True,har_x,0.0126507647621997,0.01369669729663114
5,12.03.2024,13,2024,True,har_x,0.0104848904481924,0.013509814500817837
5,13.03.2024,13,2024,True,har_x,0.0141054491333633,0.01536350418677231
5,14.03.2024,13,2024,True,har_x,0.0125413907110362,0.015591496557694245
5,15.03.2024,13,2024,True,har_x,0.0127308608781814,0.01639358950221251
5,18.03.2024,13,2024,True,har_x,0.011822811828639,0.01570580563209824
5,19.03.2024,13,2024,True,har_x,0.0114841193509543,0.01554912384280802
5,20.03.2024,13,2024,True,har_x,0.0085450294153654,0.01526043769341089
5,21.03.2024,13,2024,True,har_x,0.0108189853099513,0.015205362108412952
5,22.03.2024,13,2024,True,har_x,0.010282673881252,0.014753633011964775
5,25.03.2024,13,2024,True,har_x,0.0107381857211561,0.014208182018730316
5,26.03.2024,13,2024,True,har_x,0.008997255110273,0.01550444064243961
5,27.03.2024,13,2024,True,har_x,0.0078359043253663,0.01541870561072613
5,28.03.2024,13,2024,True,har_x,0.0072999442239828,0.015180509180137091
5,01.04.2024,13,2024,True,har_x,0.0101002406980024,0.015087892654530982
5,02.04.2024,13,2024,True,har_x,0.0105844859147706,0.013993038699013222
5,03.04.2024,13,2024,True,har_x,0.0116020143723166,0.014487108418639457
5,04.04.2024,13,2024,True,har_x,0.0101050545811301,0.014472006994627274
5,05.04.2024,13,2024,True,har_x,0.010554870282056,0.015649637101539892
5,08.04.2024,13,2024,True,har_x,0.0099443369885481,0.01575072492989794
5,09.04.2024,13,2024,True,har_x,0.0082960305619001,0.015209654974865636
5,10.04.2024,13,2024,True,har_x,0.0144576405445757,0.014680677950374836
5,11.04.2024,13,2024,True,har_x,0.0146084044949107,0.015106214063736249
5,12.04.2024,13,2024,True,har_x,0.0134146379529365,0.015438562395801755
5,15.04.2024,13,2024,True,har_x,0.0134499547265859,0.015722063358125305
5,16.04.2024,13,2024,True,har_x,0.0170717521907732,0.01951577530420814
5,17.04.2024,13,2024,True,har_x,0.0084911864860151,0.01863569378785903
5,18.04.2024,13,2024,True,har_x,0.0090828910836417,0.01874565418474708
5,19.04.2024,13,2024,True,har_x,0.0089994466090762,0.018131243765401473
5,22.04.2024,13,2024,True,har_x,0.0116176341084687,0.018303462233924324
5,23.04.2024,13,2024,True,har_x,0.0094630846340109,0.015643835233355146
5,24.04.2024,13,2024,True,har_x,0.0246927334635698,0.015283787804360913
5,25.04.2024,13,2024,True,har_x,0.0230594428660824,0.015373550692825965
5,26.04.2024,13,2024,True,har_x,0.0211152527956203,0.015113399830280727
5,29.04.2024,13,2024,True,har_x,0.0229354897382448,0.014844562733209601
5,30.04.2024,13,2024,True,har_x,0.0232591336763714,0.01577549051587341
5,01.05.2024,13,2024,True,har_x,0.0056787054236997,0.01569384677007734
5,02.05.2024,13,2024,True,har_x,0.0057783285934369,0.01678367800009087
5,03.05.2024,13,2024,True,har_x,0.0076228562521582,0.016490414649977393
5,06.05.2024,13,2024,True,har_x,0.008070336871057,0.016601773870236584
5,07.05.2024,13,2024,True,har_x,0.009727123514694,0.014591011350964836
5,08.05.2024,13,2024,True,har_x,0.0096308334903322,0.014297221788132438
5,09.05.2024,13,2024,True,har_x,0.0100831838229605,0.01420965615848744
5,10.05.2024,13,2024,True,har_x,0.0083307600836815,0.014242801675496792
5,13.05.2024,13,2024,True,har_x,0.0083385079751383,0.014160592748948278
5,14.05.2024,13,2024,True,har_x,0.0076444929767489,0.016238060359921553
5,15.05.2024,13,2024,True,har_x,0.0092352213158502,0.016225748021207506
5,16.05.2024,13,2024,True,har_x,0.008051529586961,0.01604122641450114
5,17.05.2024,13,2024,True,har_x,0.0083820626722115,0.015679112525520213
5,20.05.2024,13,2024,True,har_x,0.0158210018236568,0.016078512486818634
5,21.05.2024,13,2024,True,har_x,0.0154023763842773,0.01493209019112166
5,22.05.2024,13,2024,True,har_x,0.0177816762864278,0.014593532203324733
5,23.05.2024,13,2024,True,har_x,0.0175187258545602,0.01474377555219065
5,24.05.2024,13,2024,True,har_x,0.0243173093052012,0.015046318993514652
5,28.05.2024,13,2024,True,har_x,0.0150734611864313,0.014643687129128669
5,29.05.2024,13,2024,True,har_x,0.0196046307331696,0.015044847004879692
5,30.05.2024,13,2024,True,har_x,0.0231071539287254,0.01483096161005913
5,31.05.2024,13,2024,True,har_x,0.0231030516163072,0.014882290575091606
5,03.06.2024,13,2024,True,har_x,0.0148656631994437,0.015381075124695534
5,04.06.2024,13,2024,True,har_x,0.0112371029768833,0.015263765983903289
5,05.06.2024,13,2024,True,har_x,0.011298968950862,0.015271122274528716
5,06.06.2024,13,2024,True,har_x,0.0107777802422255,0.014814037768293755
5,07.06.2024,13,2024,True,har_x,0.0104241707959972,0.01436050745179915
5,10.06.2024,13,2024,True,har_x,0.0081968352485315,0.013915174039208734
5,11.06.2024,13,2024,True,har_x,0.0084465774372864,0.013571677508599566
5,12.06.2024,13,2024,True,har_x,0.0086056852894052,0.013583746925255888
5,13.06.2024,13,2024,True,har_x,0.0102542053198127,0.013258014433522645
5,14.06.2024,13,2024,True,har_x,0.0093725996858029,0.013143706343066514
5,17.06.2024,13,2024,True,har_x,0.0101701912636657,0.013231293366915838
5,18.06.2024,13,2024,True,har_x,0.0082973994401333,0.01346650616930882
5,20.06.2024,13,2024,True,har_x,0.0102443825873264,0.01336918347193524
5,21.06.2024,13,2024,True,har_x,0.0095515313268888,0.013562047676482945
5,24.06.2024,13,2024,True,har_x,0.0088980824269128,0.013716102426009883
5,25.06.2024,13,2024,True,har_x,0.0064297452386895,0.01618132944279094
5,26.06.2024,13,2024,True,har_x,0.0077782672447863,0.016346563208991027
5,27.06.2024,13,2024,True,har_x,0.0081691832869895,0.016378414282886847
5,28.06.2024,13,2024,True,har_x,0.009217291228172,0.016379387943068893
5,01.07.2024,13,2024,True,har_x,0.0100965334321605,0.016347627480500275
5,02.07.2024,13,2024,True,har_x,0.0109645196857126,0.013193400660050392
5,03.07.2024,13,2024,True,har_x,0.0082173723497057,0.011783338501185524
5,05.07.2024,13,2024,True,har_x,0.0077977988749311,0.011174078613576457
5,08.07.2024,13,2024,True,har_x,0.0071294765661503,0.010961009423611669
5,09.07.2024,13,2024,True,har_x,0.0073158195713405,0.011285672172077578
5,10.07.2024,13,2024,True,har_x,0.0108377310505852,0.011530919728031636
5,11.07.2024,13,2024,True,har_x,0.0106482683758035,0.01123480672869952
5,12.07.2024,13,2024,True,har_x,0.0169376970324585,0.011232709129629542
5,15.07.2024,13,2024,True,har_x,0.0169047265176553,0.011268733878286507
5,16.07.2024,13,2024,True,har_x,0.0173890818859488,0.01081841264848982
5,17.07.2024,13,2024,True,har_x,0.015158817599137,0.011103658399483398
5,18.07.2024,13,2024,True,har_x,0.016555049610957,0.011372108957070384
5,19.07.2024,13,2024,True,har_x,0.0122363348944198,0.011504713159622778
5,22.07.2024,13,2024,True,har_x,0.013518618770242,0.012252789644212439
5,23.07.2024,13,2024,True,har_x,0.0130707298839295,0.013775431343485264
5,24.07.2024,13,2024,True,har_x,0.0190108365166652,0.013720514504063353
5,25.07.2024,13,2024,True,har_x,0.0186211838235645,0.013811291674060505
5,26.07.2024,13,2024,True,har_x,0.0224073226997793,0.013713008149426291
5,29.07.2024,13,2024,True,har_x,0.0222044350091091,0.014901659651665176
5,30.07.2024,13,2024,True,har_x,0.0224220216724915,0.015153080677746072
5,31.07.2024,13,2024,True,har_x,0.0216052209993511,0.015447277764760936
5,01.08.2024,13,2024,True,har_x,0.021968492749457,0.016639943865697296
5,02.08.2024,13,2024,True,har_x,0.0112526138103219,0.016229422855873418
5,05.08.2024,13,2024,True,har_x,0.0126937228946928,0.018559812753534063
5,06.08.2024,13,2024,True,har_x,0.0200065740793384,0.022409730648085057
5,07.08.2024,13,2024,True,har_x,0.0204510445883571,0.021188191077551558
5,08.08.2024,13,2024,True,har_x,0.0210393953055911,0.020398609551809787
5,09.08.2024,13,2024,True,har_x,0.0230628554732755,0.01925078358121707
5,12.08.2024,13,2024,True,har_x,0.0162054188096779,0.01872710254947845
5,13.08.2024,13,2024,True,har_x,0.0156361417703887,0.018088821809387447
5,14.08.2024,13,2024,True,har_x,0.0158593309505223,0.01747897486235821
5,15.08.2024,13,2024,True,har_x,0.0155978158009035,0.01676482441294868
5,16.08.2024,13,2024,True,har_x,0.0204336128353989,0.016699508060472365
5,19.08.2024,13,2024,True,har_x,0.0192207516705093,0.016496554517273776
5,20.08.2024,13,2024,True,har_x,0.0237572542293139,0.01750086557361987
5,21.08.2024,13,2024,True,har_x,0.0229981595451223,0.017539237746501672
5,22.08.2024,13,2024,True,har_x,0.0230953116702069,0.017754763489113493
5,23.08.2024,13,2024,True,har_x,0.0226221716789139,0.017437322961288755
5,26.08.2024,13,2024,True,har_x,0.0298748689676557,0.017083865474200113
5,27.08.2024,13,2024,True,har_x,0.0298795409461254,0.01825236054924668
5,28.08.2024,13,2024,True,har_x,0.0309083229065782,0.01848260263965751
5,29.08.2024,13,2024,True,har_x,0.0251986388110254,0.018721527964592727
5,30.08.2024,13,2024,True,har_x,0.0296464737032885,0.018599075243906582
5,03.09.2024,13,2024,True,har_x,0.0189544689618427,0.018933262230565254
5,04.09.2024,13,2024,True,har_x,0.0239202918112198,0.02034695898546631
5,05.09.2024,13,2024,True,har_x,0.0264717373394413,0.021604416902442046
5,06.09.2024,13,2024,True,har_x,0.0240922000955978,0.020993589288620555
5,09.09.2024,13,2024,True,har_x,0.0246587483138208,0.021276967068134207
5,10.09.2024,13,2024,True,har_x,0.0102725443959187,0.0205427632264348
5,11.09.2024,13,2024,True,har_x,0.0106298381640568,0.02150990596315465
5,12.09.2024,13,2024,True,har_x,0.0100434009913556,0.02078351370117614
5,13.09.2024,13,2024,True,har_x,0.0101103853008132,0.020268689399499336
5,16.09.2024,13,2024,True,har_x,0.0110046351052229,0.01989432306440106
5,17.09.2024,13,2024,True,har_x,0.0120168165459135,0.01840690193398419
5,18.09.2024,13,2024,True,har_x,0.0171998702811602,0.01855768095456866
5,19.09.2024,13,2024,True,har_x,0.0170793142208766,0.01895910252991153
5,20.09.2024,13,2024,True,har_x,0.0182609315583074,0.017963133990391907
5,23.09.2024,13,2024,True,har_x,0.0183238597630375,0.01737598095044199
5,24.09.2024,13,2024,True,har_x,0.0208381264826438,0.019626419037776715
5,25.09.2024,13,2024,True,har_x,0.0181334037061057,0.019184360345839375
5,26.09.2024,13,2024,True,har_x,0.0210549695587609,0.019417630515336858
5,27.09.2024,13,2024,True,har_x,0.0210254062716337,0.02157500882223288
5,30.09.2024,13,2024,True,har_x,0.0193518676174676,0.021533620246778917
5,01.10.2024,13,2024,True,har_x,0.0373034153395419,0.021786448438014822
5,02.10.2024,13,2024,True,har_x,0.0381233837254078,0.021521496850821813
5,03.10.2024,13,2024,True,har_x,0.0348577718886663,0.022957408219109483
5,04.10.2024,13,2024,True,har_x,0.0350764468699775,0.026462558563455956
5,07.10.2024,13,2024,True,har_x,0.0302649875492052,0.023321243272697488
5,08.10.2024,13,2024,True,har_x,0.0286737953994168,0.02273239733466493
5,09.10.2024,13,2024,True,har_x,0.0288600596540762,0.024523969318803768
5,10.10.2024,13,2024,True,har_x,0.0187130636868414,0.023304321271912933
5,11.10.2024,13,2024,True,har_x,0.018207755115068,0.02473284128096658
5,14.10.2024,13,2024,True,har_x,0.0228351718472672,0.024993335651030714
5,15.10.2024,13,2024,True,har_x,0.0163728575140547,0.02460128854593459
5,16.10.2024,13,2024,True,har_x,0.0185105303641143,0.024804072836421023
5,17.10.2024,13,2024,True,har_x,0.0189791274696222,0.02467753516329314
5,18.10.2024,13,2024,True,har_x,0.017727529658969,0.02421154443193706
5,21.10.2024,13,2024,True,har_x,0.0351252489228331,0.02433672056693652
5,22.10.2024,13,2024,True,har_x,0.0309286027332552,0.024046791269413323
5,23.10.2024,13,2024,True,har_x,0.0342756768367731,0.024386405363557837
5,24.10.2024,13,2024,True,har_x,0.0348852888260083,0.024398400733052012
5,25.10.2024,13,2024,True,har_x,0.0320828982796816,0.0238612441543788
5,28.10.2024,13,2024,True,har_x,0.0132244750146413,0.024769193368850084
5,29.10.2024,13,2024,True,har_x,0.0111039192699589,0.023792587819033283
5,30.10.2024,13,2024,True,har_x,0.0130370494055871,0.02373173444588616
5,31.10.2024,13,2024,True,har_x,0.0130850541921041,0.023227808989303305
5,01.11.2024,13,2024,True,har_x,0.0189549873479954,0.025783384484487217
5,04.11.2024,13,2024,True,har_x,0.0168631387264669,0.023627367830123477
5,05.11.2024,13,2024,True,har_x,0.0158600857697305,0.02351018118630162
5,06.11.2024,13,2024,True,har_x,0.0173221830157605,0.023134035085180537
5,07.11.2024,13,2024,True,har_x,0.0161257069167078,0.022794024561900324
5,08.11.2024,13,2024,True,har_x,0.0155898661011414,0.021646055438438977
5,11.11.2024,13,2024,True,har_x,0.0186535601040035,0.02022962503051213
5,12.11.2024,13,2024,True,har_x,0.0186862647934543,0.019881204539772972
5,13.11.2024,13,2024,True,har_x,0.0192361223049969,0.01806187674548122
5,14.11.2024,13,2024,True,har_x,0.0208887552717721,0.01914182375292126
5,15.11.2024,13,2024,True,har_x,0.0151691652343193,0.01673752844000239
5,18.11.2024,13,2024,True,har_x,0.0188758818005118,0.018296758735076184
5,19.11.2024,13,2024,True,har_x,0.0188843701899054,0.022925567860790225
5,20.11.2024,13,2024,True,har_x,0.0186351076677361,0.02307211000141584
5,21.11.2024,13,2024,True,har_x,0.0154662383270448,0.022803289670414742
5,22.11.2024,13,2024,True,har_x,0.0130571587777859,0.022903753781065895
5,25.11.2024,13,2024,True,har_x,0.0144660725275627,0.022382763779345786
5,26.11.2024,13,2024,True,har_x,0.0170018529377082,0.01893596038258692
5,27.11.2024,13,2024,True,har_x,0.0169860121681976,0.0195507876957352
5,29.11.2024,13,2024,True,har_x,0.0175249257898276,0.01877420692900626
5,02.12.2024,13,2024,True,har_x,0.0181665935526134,0.017944818383085644
5,03.12.2024,13,2024,True,har_x,0.0126635665352143,0.019727289451184543
5,04.12.2024,13,2024,True,har_x,0.0129831931544724,0.019594228355832875
5,05.12.2024,13,2024,True,har_x,0.0128105555670943,0.01941217346261938
5,06.12.2024,13,2024,True,har_x,0.0089917256249083,0.017773524377510008
5,09.12.2024,13,2024,True,har_x,0.0111004904868422,0.018315705912247165
5,10.12.2024,13,2024,True,har_x,0.012921815537479,0.01639900426035221
5,11.12.2024,13,2024,True,har_x,0.0097376752631711,0.01655136443066022
5,12.12.2024,13,2024,True,har_x,0.0101956155735922,0.017886713265361766
5,13.12.2024,13,2024,True,har_x,0.0055958154413272,0.018594015660397006
5,16.12.2024,13,2024,True,har_x,0.0052365061456049,0.019078583018262388
5,17.12.2024,13,2024,True,har_x,0.0077155980519003,0.018723930455513873
5,18.12.2024,13,2024,True,har_x,0.0079795310584347,0.01739198054423085
5,19.12.2024,13,2024,True,har_x,0.0086243802365775,0.018148778387596595
5,20.12.2024,13,2024,True,har_x,0.0085101305373277,0.017318713438165993
5,23.12.2024,13,2024,True,har_x,0.0072673442546261,0.01670963376773678
5,24.12.2024,13,2024,True,har_x,0.0084759161373568,0.01581127393492234
5,26.12.2024,13,2024,True,har_x,0.0060647180784431,0.015589775725654283
5,27.12.2024,13,2024,True,har_x,0.0073956071815334,0.015502121819281813
5,30.12.2024,13,2024,True,har_x,0.0074018453547897,0.015607079823458471
5,31.12.2024,13,2024,True,har_x,0.0112744980645349,0.01494908637104589
22,02.01.2024,13,2024,True,har,0.0182331624257302,0.021417839416009114
22,03.01.2024,13,2024,True,har,0.017087131376673,0.020104855944920175
22,04.01.2024,13,2024,True,har,0.0170592923001595,0.02159132245118884
22,05.01.2024,13,2024,True,har,0.016839767321392,0.020645039732421946
22,08.01.2024,13,2024,True,har,0.016150863084851,0.020004321478465197
22,09.01.2024,13,2024,True,har,0.0157811836346703,0.022147927889105058
22,10.01.2024,13,2024,True,har,0.0155628833361531,0.021507467273910032
22,11.01.2024,13,2024,True,har,0.0155875335123138,0.02073024354363315
22,12.01.2024,13,2024,True,har,0.0158911307497111,0.01966097817934308
22,16.01.2024,13,2024,True,har,0.0161385851113936,0.0196773979885596
22,17.01.2024,13,2024,True,har,0.0160707544126414,0.017359812574068746
22,18.01.2024,13,2024,True,har,0.0162025690820137,0.017302203688287686
22,19.01.2024,13,2024,True,har,0.0161389088941382,0.017558126506959416
22,22.01.2024,13,2024,True,har,0.0157688186272712,0.01725880496458177
22,23.01.2024,13,2024,True,har,0.0166971539071154,0.018209907262616242
22,24.01.2024,13,2024,True,har,0.0168003020564435,0.017876948731744502
22,25.01.2024,13,2024,True,har,0.0158506307176211,0.017768635522602313
22,26.01.2024,13,2024,True,har,0.0155896561599503,0.019296727733457017
22,29.01.2024,13,2024,True,har,0.015279141627168,0.018228485524718292
22,30.01.2024,13,2024,True,har,0.0152403444636836,0.018618887609131652
22,31.01.2024,13,2024,True,har,0.0150479780451031,0.017818245393118406
22,01.02.2024,13,2024,True,har,0.0126510215374736,0.018472993440948215
22,02.02.2024,13,2024,True,har,0.0120139113104586,0.020091415836849473
22,05.02.2024,13,2024,True,har,0.0119717962259463,0.018966410493725567
22,06.02.2024,13,2024,True,har,0.012252222569154,0.018939053845653392
22,07.02.2024,13,2024,True,har,0.0121815802702951,0.018042890389984495
22,08.02.2024,13,2024,True,har,0.0104318088518199,0.01799359295198747
22,09.02.2024,13,2024,True,har,0.0116772974611738,0.01888241150035786
22,12.02.2024,13,2024,True,har,0.0120983016943355,0.017163042132667852
22,13.02.2024,13,2024,True,har,0.0119933757924729,0.017197353950798744
22,14.02.2024,13,2024,True,har,0.0119625065057502,0.017483884637360517
22,15.02.2024,13,2024,True,har,0.0116559156023233,0.018392243677821427
22,16.02.2024,13,2024,True,har,0.012268440470372,0.017830804367027567
22,20.02.2024,13,2024,True,har,0.0118357038541254,0.01748380961060036
22,21.02.2024,13,2024,True,har,0.0118081378660591,0.017969374858422635
22,22.02.2024,13,2024,True,har,0.0121139950372158,0.01773566571978612
22,23.02.2024,13,2024,True,har,0.0107367130435762,0.017386374907858666
22,26.02.2024,13,2024,True,har,0.0105979442488166,0.01843759625867133
22,27.02.2024,13,2024,True,har,0.0107425628365395,0.01796451868425258
22,28.02.2024,13,2024,True,har,0.0107526305570219,0.018014210780396965
22,29.02.2024,13,2024,True,har,0.0111955830796837,0.017473953664640787
22,01.03.2024,13,2024,True,har,0.0111731964925588,0.017255615447314326
22,04.03.2024,13,2024,True,har,0.0110858434986444,0.014790014490633038
22,05.03.2024,13,2024,True,har,0.0106800328602567,0.014927120798784499
22,06.03.2024,13,2024,True,har,0.0109528121844719,0.014654898318672852
22,07.03.2024,13,2024,True,har,0.0113625477313129,0.015212718215799198
22,08.03.2024,13,2024,True,har,0.0110420656958601,0.014777999382992322
22,11.03.2024,13,2024,True,har,0.0113553163926945,0.01450362638183216
22,12.03.2024,13,2024,True,har,0.0112558134968294,0.014069473908699962
22,13.03.2024,13,2024,True,har,0.0103595838898385,0.014035405063042319
22,14.03.2024,13,2024,True,har,0.0099556704120135,0.016186980885028002
22,15.03.2024,13,2024,True,har,0.0122100364788518,0.01596497650141101
22,18.03.2024,13,2024,True,har,0.011616832981996,0.014918267796516123
22,19.03.2024,13,2024,True,har,0.0115611155066932,0.01582709739729369
22,20.03.2024,13,2024,True,har,0.010995659410846,0.01481966844859891
22,21.03.2024,13,2024,True,har,0.0114686518611005,0.01602665688337198
22,22.03.2024,13,2024,True,har,0.0114791545373582,0.015265117207401733
22,25.03.2024,13,2024,True,har,0.0112708356151674,0.014589503009073614
22,26.03.2024,13,2024,True,har,0.0111958089356493,0.015007882234912437
22,27.03.2024,13,2024,True,har,0.0115718753747905,0.014524309941218515
22,28.03.2024,13,2024,True,har,0.0111784000262616,0.014027170688799374
22,01.04.2024,13,2024,True,har,0.0157208924154886,0.015069151561388156
22,02.04.2024,13,2024,True,har,0.0151791831680394,0.014432025041514421
22,03.04.2024,13,2024,True,har,0.015127990287511,0.015161315046733629
22,04.04.2024,13,2024,True,har,0.0147117861896321,0.014288869165117731
22,05.04.2024,13,2024,True,har,0.0145642595198065,0.014569707540295684
22,08.04.2024,13,2024,True,har,0.0146554045849629,0.014155674716208395
22,09.04.2024,13,2024,True,har,0.0146407264886888,0.01454434638876359
22,10.04.2024,13,2024,True,har,0.0144104892026149,0.01494146039553115
22,11.04.2024,13,2024,True,har,0.0145601027412762,0.015091983688359267
22,12.04.2024,13,2024,True,har,0.01444184606915,0.01441181153150995
22,15.04.2024,13,2024,True,har,0.0145615159140922,0.01425954904380012
22,16.04.2024,13,2024,True,har,0.0147103009058658,0.014074463667599936
22,17.04.2024,13,2024,True,har,0.0135860044361891,0.013445169431524778
22,18.04.2024,13,2024,True,har,0.0135894839734689,0.016507550403518142
22,19.04.2024,13,2024,True,har,0.0136679591103426,0.015146921996311317
22,22.04.2024,13,2024,True,har,0.0138181632989988,0.014992468883618985
22,23.04.2024,13,2024,True,har,0.013170199835224,0.01503569456354675
22,24.04.2024,13,2024,True,har,0.0134595887916105,0.015990954345498975
22,25.04.2024,13,2024,True,har,0.0144693516814315,0.01447895313117482
22,26.04.2024,13,2024,True,har,0.0143904049251947,0.014898576478972605
22,29.04.2024,13,2024,True,har,0.014769775271896,0.014448568334549675
22,30.04.2024,13,2024,True,har,0.0147583446177617,0.01522804061093441
22,01.05.2024,13,2024,True,har,0.0131628586275841,0.014433566706643499
22,02.05.2024,13,2024,True,har,0.013204390611883,0.020398709494832086
22,03.05.2024,13,2024,True,har,0.0135215409106726,0.01813453906518507
22,06.05.2024,13,2024,True,har,0.0141806477991554,0.01803483585453916
22,07.05.2024,13,2024,True,har,0.0141829819184601,0.018160693929744186
22,08.05.2024,13,2024,True,har,0.0152458868364363,0.018073275293263365
22,09.05.2024,13,2024,True,har,0.0152453571013082,0.01586471478833835
22,10.05.2024,13,2024,True,har,0.0151237156205243,0.01585148676983487
22,13.05.2024,13,2024,True,har,0.0150511268452194,0.016383872596825312
22,14.05.2024,13,2024,True,har,0.0148355288697292,0.016315929502776095
22,15.05.2024,13,2024,True,har,0.0153828426362777,0.016747599821554403
22,16.05.2024,13,2024,True,har,0.0155529757343877,0.015842991576902846
22,17.05.2024,13,2024,True,har,0.0154853219425094,0.016037381825865997
22,20.05.2024,13,2024,True,har,0.0155219542027669,0.01599235713795688
22,21.05.2024,13,2024,True,har,0.0154204212142047,0.015797198871166047
22,22.05.2024,13,2024,True,har,0.0154120882811916,0.015678384770916667
22,23.05.2024,13,2024,True,har,0.0153007262502782,0.016015096044837397
22,24.05.2024,13,2024,True,har,0.0154129197360001,0.015452100281835204
22,28.05.2024,13,2024,True,har,0.0145373267479743,0.015681315405117968
22,29.05.2024,13,2024,True,har,0.0144117893483619,0.01788297360060765
22,30.05.2024,13,2024,True,har,0.013574598880175,0.01717709831353772
22,31.05.2024,13,2024,True,har,0.0136915636567781,0.015772522838263223
22,03.06.2024,13,2024,True,har,0.0100481440696783,0.015053082441827913
22,04.06.2024,13,2024,True,har,0.0099369164901794,0.018896642130065304
22,05.06.2024,13,2024,True,har,0.0104707019708945,0.01663716453025077
22,06.06.2024,13,2024,True,har,0.0099338679682777,0.017426217901062368
22,07.06.2024,13,2024,True,har,0.0098436550728211,0.018474701690438564
22,10.06.2024,13,2024,True,har,0.0086730915637395,0.01787292097954146
22,11.06.2024,13,2024,True,har,0.0087045301318858,0.01816701202559877
22,12.06.2024,13,2024,True,har,0.0091211750396269,0.016889914974289662
22,13.06.2024,13,2024,True,har,0.0096928860505059,0.01702472952487468
22,14.06.2024,13,2024,True,har,0.0096747540784296,0.01670645702741267
22,17.06.2024,13,2024,True,har,0.0108701493612635,0.016619581819204407
22,18.06.2024,13,2024,True,har,0.0104392327247216,0.0172753855425461
22,20.06.2024,13,2024,True,har,0.0108433475853765,0.017164209054167837
22,21.06.2024,13,2024,True,har,0.0110759151394408,0.016778730701137362
22,24.06.2024,13,2024,True,har,0.0110331944072497,0.016909248375533616
22,25.06.2024,13,2024,True,har,0.0112026227023383,0.01689849010633366
22,26.06.2024,13,2024,True,har,0.0115643049881287,0.017219032570511036
22,27.06.2024,13,2024,True,har,0.0112122373583429,0.016162248586093497
22,28.06.2024,13,2024,True,har,0.012946533667273,0.016858412632355647
22,01.07.2024,13,2024,True,har,0.013128708022165,0.015802572315486763
22,02.07.2024,13,2024,True,har,0.0146802067147718,0.015763874178542237
22,03.07.2024,13,2024,True,har,0.0141233765047889,0.013397016259379429
22,05.07.2024,13,2024,True,har,0.0142188078874483,0.013592677619369317
22,08.07.2024,13,2024,True,har,0.0155144553198311,0.013760546571840213
22,09.07.2024,13,2024,True,har,0.0156894622807295,0.013859248430386838
22,10.07.2024,13,2024,True,har,0.0157247856354849,0.01439078976273363
22,11.07.2024,13,2024,True,har,0.0174251425124863,0.013526076573207833
22,12.07.2024,13,2024,True,har,0.0178421630788625,0.013142902831323211
22,15.07.2024,13,2024,True,har,0.017949527701373,0.013105493334363505
22,16.07.2024,13,2024,True,har,0.0182160205253612,0.01295772948138412
22,17.07.2024,13,2024,True,har,0.0180632668447531,0.013677271592687328
22,18.07.2024,13,2024,True,har,0.0186766809138357,0.01404111271998951
22,19.07.2024,13,2024,True,har,0.0178050271190988,0.013203338201430435
22,22.07.2024,13,2024,True,har,0.0179848786156412,0.01613428090018166
22,23.07.2024,13,2024,True,har,0.0181583032345602,0.015119038208130193
22,24.07.2024,13,2024,True,har,0.0188155825571843,0.015812815578924784
22,25.07.2024,13,2024,True,har,0.0199013608738821,0.015270308724412013
22,26.07.2024,13,2024,True,har,0.0202616968929956,0.015512323688723451
22,29.07.2024,13,2024,True,har,0.0200920392783353,0.015142639274139402
22,30.07.2024,13,2024,True,har,0.0201520235289104,0.015549476323708924
22,31.07.2024,13,2024,True,har,0.0195574633946778,0.015477467769322482
22,01.08.2024,13,2024,True,har,0.023867841192386,0.017617458061435887
22,02.08.2024,13,2024,True,har,0.0229771755652971,0.016994635716380654
22,05.08.2024,13,2024,True,har,0.0229629976059289,0.01899698882601042
22,06.08.2024,13,2024,True,har,0.0233434793232938,0.017921851310884623
22,07.08.2024,13,2024,True,har,0.0227792195185713,0.017795323527640173
22,08.08.2024,13,2024,True,har,0.023618606453021,0.019116673651077713
22,09.08.2024,13,2024,True,har,0.0241525972126583,0.018789125650548917
22,12.08.2024,13,2024,True,har,0.023293845448274,0.017384026209212075
22,13.08.2024,13,2024,True,har,0.0230933549371986,0.019477462791846076
22,14.08.2024,13,2024,True,har,0.0234800429962866,0.02004290065668437
22,15.08.2024,13,2024,True,har,0.0233680417698259,0.01960531361908955
22,16.08.2024,13,2024,True,har,0.0232067534945966,0.020085367052983895
22,19.08.2024,13,2024,True,har,0.0230379178613176,0.019984816367758465
22,20.08.2024,13,2024,True,har,0.0230320602917889,0.019855905958594593
22,21.08.2024,13,2024,True,har,0.0228854657809796,0.018912530757473348
22,22.08.2024,13,2024,True,har,0.0229495891231459,0.019284022671122353
22,23.08.2024,13,2024,True,har,0.0227301579755006,0.01941699717649008
22,26.08.2024,13,2024,True,har,0.0219248426851458,0.020634945457988017
22,27.08.2024,13,2024,True,har,0.0216848316980793,0.021171068530527117
22,28.08.2024,13,2024,True,har,0.0216328327982984,0.021710486920800354
22,29.08.2024,13,2024,True,har,0.0220780147701043,0.020787865438179468
22,30.08.2024,13,2024,True,har,0.0220154528316957,0.021030016133407003
22,03.09.2024,13,2024,True,har,0.0198471195708663,0.0201937697028945
22,04.09.2024,13,2024,True,har,0.0195017366739664,0.02571478688798465
22,05.09.2024,13,2024,True,har,0.0207073631226051,0.02385856981746778
22,06.09.2024,13,2024,True,har,0.0228402022908103,0.023052857275490196
22,09.09.2024,13,2024,True,har,0.0229093226395804,0.023241262601718854
22,10.09.2024,13,2024,True,har,0.0220832677807712,0.023426910978140328
22,11.09.2024,13,2024,True,har,0.0219653368619007,0.022739157551038162
22,12.09.2024,13,2024,True,har,0.0223695272316873,0.023076755395715545
22,13.09.2024,13,2024,True,har,0.0243589610762019,0.023675652142774027
22,16.09.2024,13,2024,True,har,0.0241548882920754,0.022600523910997334
22,17.09.2024,13,2024,True,har,0.0240113209496501,0.023246151337288686
22,18.09.2024,13,2024,True,har,0.0243622191361222,0.02124324880570827
22,19.09.2024,13,2024,True,har,0.0243666275146597,0.020825679695284264
22,20.09.2024,13,2024,True,har,0.0248488627570082,0.02142572194117306
22,23.09.2024,13,2024,True,har,0.024993562059168,0.020868276195521965
22,24.09.2024,13,2024,True,har,0.0247774693992974,0.020722843041367116
22,25.09.2024,13,2024,True,har,0.0246946948172621,0.02076869881440897
22,26.09.2024,13,2024,True,har,0.0277303749923369,0.02162363252321675
22,27.09.2024,13,2024,True,har,0.027716135717486,0.021946955425207637
22,30.09.2024,13,2024,True,har,0.028048334736306,0.021131625286996154
22,01.10.2024,13,2024,True,har,0.0275923378294705,0.0210006929012461
22,02.10.2024,13,2024,True,har,0.0275710795544624,0.019884705796434025
22,03.10.2024,13,2024,True,har,0.0260226786879414,0.01865649632983317
22,04.10.2024,13,2024,True,har,0.0260286651256768,0.02222370448208224
22,07.10.2024,13,2024,True,har,0.0246484055172192,0.020129126140773314
22,08.10.2024,13,2024,True,har,0.0227285971152738,0.021673611212490698
22,09.10.2024,13,2024,True,har,0.0231985104121863,0.02490315211953581
22,10.10.2024,13,2024,True,har,0.0222333931670077,0.02348036765225788
22,11.10.2024,13,2024,True,har,0.0222630681802727,0.024602135423685362
22,14.10.2024,13,2024,True,har,0.022061557765702,0.023448862541953275
22,15.10.2024,13,2024,True,har,0.0202816541623702,0.023694878245644035
22,16.10.2024,13,2024,True,har,0.0207286555894198,0.025317550824173564
22,17.10.2024,13,2024,True,har,0.0218986677254509,0.0237825134056057
22,18.10.2024,13,2024,True,har,0.0215206309783285,0.022487895856481477
22,21.10.2024,13,2024,True,har,0.0212424929583164,0.023175421414690603
22,22.10.2024,13,2024,True,har,0.0210431623700208,0.023789745851872705
22,23.10.2024,13,2024,True,har,0.0210202333444137,0.02336322504450515
22,24.10.2024,13,2024,True,har,0.0218797827435018,0.023117938520142677
22,25.10.2024,13,2024,True,har,0.0212662022622113,0.022588495148601326
22,28.10.2024,13,2024,True,har,0.0163600137348805,0.023176174771502654
22,29.10.2024,13,2024,True,har,0.0163205405121638,0.0288408228450596
22,30.10.2024,13,2024,True,har,0.0161199659310954,0.025846322246051393
22,31.10.2024,13,2024,True,har,0.0168966400676919,0.027035867676442865
22,01.11.2024,13,2024,True,har,0.0173390975269486,0.025482766222332087
22,04.11.2024,13,2024,True,har,0.016240513018894,0.02482068357850007
22,05.11.2024,13,2024,True,har,0.0163258409970066,0.023112243828318585
22,06.11.2024,13,2024,True,har,0.0166672543268843,0.021027069261558146
22,07.11.2024,13,2024,True,har,0.0164920573736783,0.021347772876555517
22,08.11.2024,13,2024,True,har,0.0163125399721513,0.020642290447576594
22,11.11.2024,13,2024,True,har,0.0150958361006008,0.022143430510010845
22,12.11.2024,13,2024,True,har,0.015372073071668,0.02223671357597195
22,13.11.2024,13,2024,True,har,0.0154748803562021,0.02016736654633253
22,14.11.2024,13,2024,True,har,0.015628121467238,0.020547128457095654
22,15.11.2024,13,2024,True,har,0.0148700810688922,0.020346398874333017
22,18.11.2024,13,2024,True,har,0.0133772881810164,0.020977246837222345
22,19.11.2024,13,2024,True,har,0.0133790608415546,0.022179259787485715
22,20.11.2024,13,2024,True,har,0.0133294770850245,0.02066052615658854
22,21.11.2024,13,2024,True,har,0.0129536500393912,0.020895239011240477
22,22.11.2024,13,2024,True,har,0.0126449495319101,0.02178148411546161
22,25.11.2024,13,2024,True,har,0.0112946365885678,0.020614054186138837
22,26.11.2024,13,2024,True,har,0.0112768991953784,0.019542140476076726
22,27.11.2024,13,2024,True,har,0.0112868978230719,0.018551170222842868
22,29.11.2024,13,2024,True,har,0.011793148322839,0.018137228757529218
22,02.12.2024,13,2024,True,har,0.0112030205560252,0.017736824991846714
22,03.12.2024,13,2024,True,har,0.0101426004965039,0.018128195068156064
22,04.12.2024,13,2024,True,har,0.009280073285598,0.01855795715163725
22,05.12.2024,13,2024,True,har,0.009710928631746,0.01879111620798898
22,06.12.2024,13,2024,True,har,0.0128536441777658,0.018207147897304318
22,09.12.2024,13,2024,True,har,0.0129004270877763,0.0186479682510129
22,10.12.2024,13,2024,True,har,0.0134850314465886,0.018601475389410132
22,11.12.2024,13,2024,True,har,0.0139550807622982,0.016786499872207754
22,12.12.2024,13,2024,True,har,0.014213055409172,0.01774201341065964
22,13.12.2024,13,2024,True,har,0.0142092344655273,0.017086189871359698
22,16.12.2024,13,2024,True,har,0.0148087602306923,0.017247471082311318
22,17.12.2024,13,2024,True,har,0.0146092779554251,0.01689221611908944
22,18.12.2024,13,2024,True,har,0.0148507981071064,0.01645981877165639
22,19.12.2024,13,2024,True,har,0.01468570566618,0.015810773460409027
22,20.12.2024,13,2024,True,har,0.0153900380425454,0.016026864536580136
22,23.12.2024,13,2024,True,har,0.0153246803685952,0.014850191623982847
22,24.12.2024,13,2024,True,har,0.0154619847741126,0.014745816760468301
22,26.12.2024,13,2024,True,har,0.0154044613755214,0.014694264339640512
22,27.12.2024,13,2024,True,har,0.0152510977740918,0.01442049797989602
22,30.12.2024,13,2024,True,har,0.0154599817257405,0.014953651997071006
22,31.12.2024,13,2024,True,har,0.0154585551823588,0.014595029336132721
22,02.01.2024,13,2024,True,har_ovx,0.0182331624257302,0.020042729098888996
22,03.01.2024,13,2024,True,har_ovx,0.017087131376673,0.02089976547777645
22,04.01.2024,13,2024,True,har_ovx,0.0170592923001595,0.02093018981415478
22,05.01.2024,13,2024,True,har_ovx,0.016839767321392,0.020480052801172308
22,08.01.2024,13,2024,True,har_ovx,0.016150863084851,0.019789257073232983
22,09.01.2024,13,2024,True,har_ovx,0.0157811836346703,0.020600104714547655
22,10.01.2024,13,2024,True,har_ovx,0.0155628833361531,0.020215360397277934
22,11.01.2024,13,2024,True,har_ovx,0.0155875335123138,0.020052386711985955
22,12.01.2024,13,2024,True,har_ovx,0.0158911307497111,0.020024518809880563
22,16.01.2024,13,2024,True,har_ovx,0.0161385851113936,0.021508797941778592
22,17.01.2024,13,2024,True,har_ovx,0.0160707544126414,0.019900368111839116
22,18.01.2024,13,2024,True,har_ovx,0.0162025690820137,0.01933143675568528
22,19.01.2024,13,2024,True,har_ovx,0.0161389088941382,0.018948188600483126
22,22.01.2024,13,2024,True,har_ovx,0.0157688186272712,0.018859466377569252
22,23.01.2024,13,2024,True,har_ovx,0.0166971539071154,0.019063718059612295
22,24.01.2024,13,2024,True,har_ovx,0.0168003020564435,0.018745135140045065
22,25.01.2024,13,2024,True,har_ovx,0.0158506307176211,0.01831244900067669
22,26.01.2024,13,2024,True,har_ovx,0.0155896561599503,0.0191406478548434
22,29.01.2024,13,2024,True,har_ovx,0.015279141627168,0.018746881333755412
22,30.01.2024,13,2024,True,har_ovx,0.0152403444636836,0.019513806424694982
22,31.01.2024,13,2024,True,har_ovx,0.0150479780451031,0.01927364105405789
22,01.02.2024,13,2024,True,har_ovx,0.0126510215374736,0.019891179160067787
22,02.02.2024,13,2024,True,har_ovx,0.0120139113104586,0.019510334869900448
22,05.02.2024,13,2024,True,har_ovx,0.0119717962259463,0.01896611681832284
22,06.02.2024,13,2024,True,har_ovx,0.012252222569154,0.01889151359311399
22,07.02.2024,13,2024,True,har_ovx,0.0121815802702951,0.018182150427686058
22,08.02.2024,13,2024,True,har_ovx,0.0104318088518199,0.017514054914998252
22,09.02.2024,13,2024,True,har_ovx,0.0116772974611738,0.017746758929005096
22,12.02.2024,13,2024,True,har_ovx,0.0120983016943355,0.01754246607034063
22,13.02.2024,13,2024,True,har_ovx,0.0119933757924729,0.01769928216042285
22,14.02.2024,13,2024,True,har_ovx,0.0119625065057502,0.017628395925768862
22,15.02.2024,13,2024,True,har_ovx,0.0116559156023233,0.018073250097892925
22,16.02.2024,13,2024,True,har_ovx,0.012268440470372,0.017548105087728916
22,20.02.2024,13,2024,True,har_ovx,0.0118357038541254,0.017025219496571185
22,21.02.2024,13,2024,True,har_ovx,0.0118081378660591,0.017554344178393848
22,22.02.2024,13,2024,True,har_ovx,0.0121139950372158,0.01721083336277543
22,23.02.2024,13,2024,True,har_ovx,0.0107367130435762,0.016876450244320572
22,26.02.2024,13,2024,True,har_ovx,0.0105979442488166,0.01749131228721531
22,27.02.2024,13,2024,True,har_ovx,0.0107425628365395,0.017575113488297458
22,28.02.2024,13,2024,True,har_ovx,0.0107526305570219,0.017439002691363177
22,29.02.2024,13,2024,True,har_ovx,0.0111955830796837,0.017274408373525316
22,01.03.2024,13,2024,True,har_ovx,0.0111731964925588,0.01733501772024974
22,04.03.2024,13,2024,True,har_ovx,0.0110858434986444,0.01648047534310912
22,05.03.2024,13,2024,True,har_ovx,0.0106800328602567,0.01629967679498625
22,06.03.2024,13,2024,True,har_ovx,0.0109528121844719,0.01604966040180885
22,07.03.2024,13,2024,True,har_ovx,0.0113625477313129,0.01601123234963906
22,08.03.2024,13,2024,True,har_ovx,0.0110420656958601,0.015928772522862785
22,11.03.2024,13,2024,True,har_ovx,0.0113553163926945,0.0159280454803274
22,12.03.2024,13,2024,True,har_ovx,0.0112558134968294,0.01562968629067127
22,13.03.2024,13,2024,True,har_ovx,0.0103595838898385,0.015694901359627346
22,14.03.2024,13,2024,True,har_ovx,0.0099556704120135,0.016322032952721936
22,15.03.2024,13,2024,True,har_ovx,0.0122100364788518,0.0170826296899036
22,18.03.2024,13,2024,True,har_ovx,0.011616832981996,0.016146718023952983
22,19.03.2024,13,2024,True,har_ovx,0.0115611155066932,0.016339213113370412
22,20.03.2024,13,2024,True,har_ovx,0.010995659410846,0.015859108828950683
22,21.03.2024,13,2024,True,har_ovx,0.0114686518611005,0.016032742563388123
22,22.03.2024,13,2024,True,har_ovx,0.0114791545373582,0.015344308594420151
22,25.03.2024,13,2024,True,har_ovx,0.0112708356151674,0.014984080549396301
22,26.03.2024,13,2024,True,har_ovx,0.0111958089356493,0.015260610199986643
22,27.03.2024,13,2024,True,har_ovx,0.0115718753747905,0.015065841074335357
22,28.03.2024,13,2024,True,har_ovx,0.0111784000262616,0.014639026340089536
22,01.04.2024,13,2024,True,har_ovx,0.0157208924154886,0.014771877533219612
22,02.04.2024,13,2024,True,har_ovx,0.0151791831680394,0.015170621835246515
22,03.04.2024,13,2024,True,har_ovx,0.015127990287511,0.015861647852170726
22,04.04.2024,13,2024,True,har_ovx,0.0147117861896321,0.015663175562103733
22,05.04.2024,13,2024,True,har_ovx,0.0145642595198065,0.01688394857027817
22,08.04.2024,13,2024,True,har_ovx,0.0146554045849629,0.01686388732568609
22,09.04.2024,13,2024,True,har_ovx,0.0146407264886888,0.016319854736889572
22,10.04.2024,13,2024,True,har_ovx,0.0144104892026149,0.015784339601339924
22,11.04.2024,13,2024,True,har_ovx,0.0145601027412762,0.016275099048617958
22,12.04.2024,13,2024,True,har_ovx,0.01444184606915,0.016566196242833488
22,15.04.2024,13,2024,True,har_ovx,0.0145615159140922,0.016906188677719626
22,16.04.2024,13,2024,True,har_ovx,0.0147103009058658,0.01817291328899074
22,17.04.2024,13,2024,True,har_ovx,0.0135860044361891,0.017240118512362894
22,18.04.2024,13,2024,True,har_ovx,0.0135894839734689,0.01775565315110017
22,19.04.2024,13,2024,True,har_ovx,0.0136679591103426,0.01687888861249489
22,22.04.2024,13,2024,True,har_ovx,0.0138181632989988,0.016995438994315805
22,23.04.2024,13,2024,True,har_ovx,0.013170199835224,0.01616690894029147
22,24.04.2024,13,2024,True,har_ovx,0.0134595887916105,0.01612197137518015
22,25.04.2024,13,2024,True,har_ovx,0.0144693516814315,0.015670163375501138
22,26.04.2024,13,2024,True,har_ovx,0.0143904049251947,0.015494939506380565
22,29.04.2024,13,2024,True,har_ovx,0.014769775271896,0.01520113191754914
22,30.04.2024,13,2024,True,har_ovx,0.0147583446177617,0.015432689397126447
22,01.05.2024,13,2024,True,har_ovx,0.0131628586275841,0.015234148297806272
22,02.05.2024,13,2024,True,har_ovx,0.013204390611883,0.01710838139675019
22,03.05.2024,13,2024,True,har_ovx,0.0135215409106726,0.016223624433980115
22,06.05.2024,13,2024,True,har_ovx,0.0141806477991554,0.01632264920661354
22,07.05.2024,13,2024,True,har_ovx,0.0141829819184601,0.016586001007274316
22,08.05.2024,13,2024,True,har_ovx,0.0152458868364363,0.01628715671186736
22,09.05.2024,13,2024,True,har_ovx,0.0152453571013082,0.015419810024585423
22,10.05.2024,13,2024,True,har_ovx,0.0151237156205243,0.015435465319019537
22,13.05.2024,13,2024,True,har_ovx,0.0150511268452194,0.015560187463578505
22,14.05.2024,13,2024,True,har_ovx,0.0148355288697292,0.015621260105620085
22,15.05.2024,13,2024,True,har_ovx,0.0153828426362777,0.01573706461773499
22,16.05.2024,13,2024,True,har_ovx,0.0155529757343877,0.01558500392039765
22,17.05.2024,13,2024,True,har_ovx,0.0154853219425094,0.01525042870681613
22,20.05.2024,13,2024,True,har_ovx,0.0155219542027669,0.015574427823850705
22,21.05.2024,13,2024,True,har_ovx,0.0154204212142047,0.015471336213557898
22,22.05.2024,13,2024,True,har_ovx,0.0154120882811916,0.015232221927862012
22,23.05.2024,13,2024,True,har_ovx,0.0153007262502782,0.015467666324647784
22,24.05.2024,13,2024,True,har_ovx,0.0154129197360001,0.015696480165988534
22,28.05.2024,13,2024,True,har_ovx,0.0145373267479743,0.015322600092121748
22,29.05.2024,13,2024,True,har_ovx,0.0144117893483619,0.01593323305066789
22,30.05.2024,13,2024,True,har_ovx,0.013574598880175,0.01549197942846283
22,31.05.2024,13,2024,True,har_ovx,0.0136915636567781,0.016247112444060352
22,03.06.2024,13,2024,True,har_ovx,0.0100481440696783,0.016528903210309174
22,04.06.2024,13,2024,True,har_ovx,0.0099369164901794,0.017641446701918834
22,05.06.2024,13,2024,True,har_ovx,0.0104707019708945,0.01686178867897394
22,06.06.2024,13,2024,True,har_ovx,0.0099338679682777,0.01658841893542072
22,07.06.2024,13,2024,True,har_ovx,0.0098436550728211,0.0163135059918834
22,10.06.2024,13,2024,True,har_ovx,0.0086730915637395,0.015697866471807757
22,11.06.2024,13,2024,True,har_ovx,0.0087045301318858,0.01524779960089494
22,12.06.2024,13,2024,True,har_ovx,0.0091211750396269,0.014846960036136073
22,13.06.2024,13,2024,True,har_ovx,0.0096928860505059,0.01458746916806571
22,14.06.2024,13,2024,True,har_ovx,0.0096747540784296,0.01437669269576971
22,17.06.2024,13,2024,True,har_ovx,0.0108701493612635,0.014451360418788573
22,18.06.2024,13,2024,True,har_ovx,0.0104392327247216,0.014307021749633966
22,20.06.2024,13,2024,True,har_ovx,0.0108433475853765,0.014121750702359213
22,21.06.2024,13,2024,True,har_ovx,0.0110759151394408,0.01424625156498736
22,24.06.2024,13,2024,True,har_ovx,0.0110331944072497,0.014513733040776388
22,25.06.2024,13,2024,True,har_ovx,0.0112026227023383,0.014751588095487147
22,26.06.2024,13,2024,True,har_ovx,0.0115643049881287,0.014962438327010831
22,27.06.2024,13,2024,True,har_ovx,0.0112122373583429,0.014899862309919895
22,28.06.2024,13,2024,True,har_ovx,0.012946533667273,0.015101291115594426
22,01.07.2024,13,2024,True,har_ovx,0.013128708022165,0.014981603719592434
22,02.07.2024,13,2024,True,har_ovx,0.0146802067147718,0.0152474311258918
22,03.07.2024,13,2024,True,har_ovx,0.0141233765047889,0.014158966402242585
22,05.07.2024,13,2024,True,har_ovx,0.0142188078874483,0.013767705396544743
22,08.07.2024,13,2024,True,har_ovx,0.0155144553198311,0.013484433527095042
22,09.07.2024,13,2024,True,har_ovx,0.0156894622807295,0.013543345160711193
22,10.07.2024,13,2024,True,har_ovx,0.0157247856354849,0.013816069001539644
22,11.07.2024,13,2024,True,har_ovx,0.0174251425124863,0.013604695796395585
22,12.07.2024,13,2024,True,har_ovx,0.0178421630788625,0.013457008820696184
22,15.07.2024,13,2024,True,har_ovx,0.017949527701373,0.013481164964327866
22,16.07.2024,13,2024,True,har_ovx,0.0182160205253612,0.013322300596858593
22,17.07.2024,13,2024,True,har_ovx,0.0180632668447531,0.013689849962548836
22,18.07.2024,13,2024,True,har_ovx,0.0186766809138357,0.014192361744909156
22,19.07.2024,13,2024,True,har_ovx,0.0178050271190988,0.014182151864202361
22,22.07.2024,13,2024,True,har_ovx,0.0179848786156412,0.015358697608453839
22,23.07.2024,13,2024,True,har_ovx,0.0181583032345602,0.015163434370165606
22,24.07.2024,13,2024,True,har_ovx,0.0188155825571843,0.01527438470470166
22,25.07.2024,13,2024,True,har_ovx,0.0199013608738821,0.01515280494942817
22,26.07.2024,13,2024,True,har_ovx,0.0202616968929956,0.015097219141721525
22,29.07.2024,13,2024,True,har_ovx,0.0200920392783353,0.016181841271258518
22,30.07.2024,13,2024,True,har_ovx,0.0201520235289104,0.01670153143991006
22,31.07.2024,13,2024,True,har_ovx,0.0195574633946778,0.016935438761489122
22,01.08.2024,13,2024,True,har_ovx,0.023867841192386,0.018358416616545675
22,02.08.2024,13,2024,True,har_ovx,0.0229771755652971,0.018124024658654668
22,05.08.2024,13,2024,True,har_ovx,0.0229629976059289,0.020707522464653107
22,06.08.2024,13,2024,True,har_ovx,0.0233434793232938,0.022357895659528844
22,07.08.2024,13,2024,True,har_ovx,0.0227792195185713,0.0210945342288306
22,08.08.2024,13,2024,True,har_ovx,0.023618606453021,0.020390221246011718
22,09.08.2024,13,2024,True,har_ovx,0.0241525972126583,0.019080589344154145
22,12.08.2024,13,2024,True,har_ovx,0.023293845448274,0.01797859452371401
22,13.08.2024,13,2024,True,har_ovx,0.0230933549371986,0.019115824891710154
22,14.08.2024,13,2024,True,har_ovx,0.0234800429962866,0.018681019931309856
22,15.08.2024,13,2024,True,har_ovx,0.0233680417698259,0.017930660377841176
22,16.08.2024,13,2024,True,har_ovx,0.0232067534945966,0.01789479578282489
22,19.08.2024,13,2024,True,har_ovx,0.0230379178613176,0.01787628422836946
22,20.08.2024,13,2024,True,har_ovx,0.0230320602917889,0.01806526938811349
22,21.08.2024,13,2024,True,har_ovx,0.0228854657809796,0.01787710877770964
22,22.08.2024,13,2024,True,har_ovx,0.0229495891231459,0.01820637604276443
22,23.08.2024,13,2024,True,har_ovx,0.0227301579755006,0.01784842149477673
22,26.08.2024,13,2024,True,har_ovx,0.0219248426851458,0.01775064386918939
22,27.08.2024,13,2024,True,har_ovx,0.0216848316980793,0.017994688405574964
22,28.08.2024,13,2024,True,har_ovx,0.0216328327982984,0.01832136869880347
22,29.08.2024,13,2024,True,har_ovx,0.0220780147701043,0.018461909583958373
22,30.08.2024,13,2024,True,har_ovx,0.0220154528316957,0.01839062929722168
22,03.09.2024,13,2024,True,har_ovx,0.0198471195708663,0.018819434173765748
22,04.09.2024,13,2024,True,har_ovx,0.0195017366739664,0.020846380158417374
22,05.09.2024,13,2024,True,har_ovx,0.0207073631226051,0.021495597297348783
22,06.09.2024,13,2024,True,har_ovx,0.0228402022908103,0.020849747874189556
22,09.09.2024,13,2024,True,har_ovx,0.0229093226395804,0.021107526738705328
22,10.09.2024,13,2024,True,har_ovx,0.0220832677807712,0.021038392056337486
22,11.09.2024,13,2024,True,har_ovx,0.0219653368619007,0.021870493461473732
22,12.09.2024,13,2024,True,har_ovx,0.0223695272316873,0.021111195069136342
22,13.09.2024,13,2024,True,har_ovx,0.0243589610762019,0.02063916292700912
22,16.09.2024,13,2024,True,har_ovx,0.0241548882920754,0.020039457963854288
22,17.09.2024,13,2024,True,har_ovx,0.0240113209496501,0.01998045950451513
22,18.09.2024,13,2024,True,har_ovx,0.0243622191361222,0.019432814386919017
22,19.09.2024,13,2024,True,har_ovx,0.0243666275146597,0.019711603668746636
22,20.09.2024,13,2024,True,har_ovx,0.0248488627570082,0.018852559980747734
22,23.09.2024,13,2024,True,har_ovx,0.024993562059168,0.01816596792438401
22,24.09.2024,13,2024,True,har_ovx,0.0247774693992974,0.019004235004184446
22,25.09.2024,13,2024,True,har_ovx,0.0246946948172621,0.018796368053945994
22,26.09.2024,13,2024,True,har_ovx,0.0277303749923369,0.01934851620058784
22,27.09.2024,13,2024,True,har_ovx,0.027716135717486,0.021485880329620274
22,30.09.2024,13,2024,True,har_ovx,0.028048334736306,0.021307598283796
22,01.10.2024,13,2024,True,har_ovx,0.0275923378294705,0.02137735646849353
22,02.10.2024,13,2024,True,har_ovx,0.0275710795544624,0.022400858437534612
22,03.10.2024,13,2024,True,har_ovx,0.0260226786879414,0.02350831302272929
22,04.10.2024,13,2024,True,har_ovx,0.0260286651256768,0.027364248906676075
22,07.10.2024,13,2024,True,har_ovx,0.0246484055172192,0.023809505169646094
22,08.10.2024,13,2024,True,har_ovx,0.0227285971152738,0.024815795531813213
22,09.10.2024,13,2024,True,har_ovx,0.0231985104121863,0.027482408263797393
22,10.10.2024,13,2024,True,har_ovx,0.0222333931670077,0.025855330783908434
22,11.10.2024,13,2024,True,har_ovx,0.0222630681802727,0.02736216683566615
22,14.10.2024,13,2024,True,har_ovx,0.022061557765702,0.027271389377992408
22,15.10.2024,13,2024,True,har_ovx,0.0202816541623702,0.026776996597135304
22,16.10.2024,13,2024,True,har_ovx,0.0207286555894198,0.025888061187769634
22,17.10.2024,13,2024,True,har_ovx,0.0218986677254509,0.025288910702460123
22,18.10.2024,13,2024,True,har_ovx,0.0215206309783285,0.02439428372253616
22,21.10.2024,13,2024,True,har_ovx,0.0212424929583164,0.024643995058174356
22,22.10.2024,13,2024,True,har_ovx,0.0210431623700208,0.0247315716535903
22,23.10.2024,13,2024,True,har_ovx,0.0210202333444137,0.024812411166370563
22,24.10.2024,13,2024,True,har_ovx,0.0218797827435018,0.0248583221274802
22,25.10.2024,13,2024,True,har_ovx,0.0212662022622113,0.024335495456896228
22,28.10.2024,13,2024,True,har_ovx,0.0163600137348805,0.025309943793712892
22,29.10.2024,13,2024,True,har_ovx,0.0163205405121638,0.024532661582214024
22,30.10.2024,13,2024,True,har_ovx,0.0161199659310954,0.023655962116883665
22,31.10.2024,13,2024,True,har_ovx,0.0168966400676919,0.02345439727596507
22,01.11.2024,13,2024,True,har_ovx,0.0173390975269486,0.026145416409680405
22,04.11.2024,13,2024,True,har_ovx,0.016240513018894,0.024139332126153032
22,05.11.2024,13,2024,True,har_ovx,0.0163258409970066,0.023926732842821773
22,06.11.2024,13,2024,True,har_ovx,0.0166672543268843,0.023416629948888153
22,07.11.2024,13,2024,True,har_ovx,0.0164920573736783,0.02319289704735662
22,08.11.2024,13,2024,True,har_ovx,0.0163125399721513,0.02221029771608338
22,11.11.2024,13,2024,True,har_ovx,0.0150958361006008,0.021186355201637207
22,12.11.2024,13,2024,True,har_ovx,0.015372073071668,0.02075186848585278
22,13.11.2024,13,2024,True,har_ovx,0.0154748803562021,0.01900277313394494
22,14.11.2024,13,2024,True,har_ovx,0.015628121467238,0.020201013218673798
22,15.11.2024,13,2024,True,har_ovx,0.0148700810688922,0.017717746080974837
22,18.11.2024,13,2024,True,har_ovx,0.0133772881810164,0.019441350875158768
22,19.11.2024,13,2024,True,har_ovx,0.0133790608415546,0.020459935865363994
22,20.11.2024,13,2024,True,har_ovx,0.0133294770850245,0.02032157829951672
22,21.11.2024,13,2024,True,har_ovx,0.0129536500393912,0.02017201579242367
22,22.11.2024,13,2024,True,har_ovx,0.0126449495319101,0.02045217902236977
22,25.11.2024,13,2024,True,har_ovx,0.0112946365885678,0.01962028841160112
22,26.11.2024,13,2024,True,har_ovx,0.0112768991953784,0.020176331359862194
22,27.11.2024,13,2024,True,har_ovx,0.0112868978230719,0.020491046397477355
22,29.11.2024,13,2024,True,har_ovx,0.011793148322839,0.019730401067746085
22,02.12.2024,13,2024,True,har_ovx,0.0112030205560252,0.01877294454561521
22,03.12.2024,13,2024,True,har_ovx,0.0101426004965039,0.018689482213951576
22,04.12.2024,13,2024,True,har_ovx,0.009280073285598,0.01874789510479056
22,05.12.2024,13,2024,True,har_ovx,0.009710928631746,0.018577878306361765
22,06.12.2024,13,2024,True,har_ovx,0.0128536441777658,0.016770733438402394
22,09.12.2024,13,2024,True,har_ovx,0.0129004270877763,0.01746314569828687
22,10.12.2024,13,2024,True,har_ovx,0.0134850314465886,0.016199554001141002
22,11.12.2024,13,2024,True,har_ovx,0.0139550807622982,0.01605660083069218
22,12.12.2024,13,2024,True,har_ovx,0.014213055409172,0.017558945426058813
22,13.12.2024,13,2024,True,har_ovx,0.0142092344655273,0.018068678106776356
22,16.12.2024,13,2024,True,har_ovx,0.0148087602306923,0.018492584961510124
22,17.12.2024,13,2024,True,har_ovx,0.0146092779554251,0.017896234073296248
22,18.12.2024,13,2024,True,har_ovx,0.0148507981071064,0.016816068398654606
22,19.12.2024,13,2024,True,har_ovx,0.01468570566618,0.01733869588070367
22,20.12.2024,13,2024,True,har_ovx,0.0153900380425454,0.01657796158719324
22,23.12.2024,13,2024,True,har_ovx,0.0153246803685952,0.015751453924514124
22,24.12.2024,13,2024,True,har_ovx,0.0154619847741126,0.01606708365704919
22,26.12.2024,13,2024,True,har_ovx,0.0154044613755214,0.01619849797887205
22,27.12.2024,13,2024,True,har_ovx,0.0152510977740918,0.016021339761170997
22,30.12.2024,13,2024,True,har_ovx,0.0154599817257405,0.016218316825906347
22,31.12.2024,13,2024,True,har_ovx,0.0154585551823588,0.016363758663732183
22,02.01.2024,13,2024,True,har_gpr,0.0182331624257302,0.021284674925668035
22,03.01.2024,13,2024,True,har_gpr,0.017087131376673,0.019705681303421187
22,04.01.2024,13,2024,True,har_gpr,0.0170592923001595,0.02118005772794388
22,05.01.2024,13,2024,True,har_gpr,0.016839767321392,0.020244530840002516
22,08.01.2024,13,2024,True,har_gpr,0.016150863084851,0.019598488242226285
22,09.01.2024,13,2024,True,har_gpr,0.0157811836346703,0.022046563941297323
22,10.01.2024,13,2024,True,har_gpr,0.0155628833361531,0.021410984460181453
22,11.01.2024,13,2024,True,har_gpr,0.0155875335123138,0.02064852154463783
22,12.01.2024,13,2024,True,har_gpr,0.0158911307497111,0.019578076336925338
22,16.01.2024,13,2024,True,har_gpr,0.0161385851113936,0.019594662421453843
22,17.01.2024,13,2024,True,har_gpr,0.0160707544126414,0.017253107319921277
22,18.01.2024,13,2024,True,har_gpr,0.0162025690820137,0.017199407047229193
22,19.01.2024,13,2024,True,har_gpr,0.0161389088941382,0.017452476445945744
22,22.01.2024,13,2024,True,har_gpr,0.0157688186272712,0.017152314528735935
22,23.01.2024,13,2024,True,har_gpr,0.0166971539071154,0.017853773857285378
22,24.01.2024,13,2024,True,har_gpr,0.0168003020564435,0.017523431270614516
22,25.01.2024,13,2024,True,har_gpr,0.0158506307176211,0.0174175652280062
22,26.01.2024,13,2024,True,har_gpr,0.0155896561599503,0.018926441367395935
22,29.01.2024,13,2024,True,har_gpr,0.015279141627168,0.017870628590019942
22,30.01.2024,13,2024,True,har_gpr,0.0152403444636836,0.018802707203008067
22,31.01.2024,13,2024,True,har_gpr,0.0150479780451031,0.018008476448498775
22,01.02.2024,13,2024,True,har_gpr,0.0126510215374736,0.018652003395541447
22,02.02.2024,13,2024,True,har_gpr,0.0120139113104586,0.020258431440438877
22,05.02.2024,13,2024,True,har_gpr,0.0119717962259463,0.01915348673816442
22,06.02.2024,13,2024,True,har_gpr,0.012252222569154,0.01892599224095044
22,07.02.2024,13,2024,True,har_gpr,0.0121815802702951,0.018027892864814855
22,08.02.2024,13,2024,True,har_gpr,0.0104318088518199,0.017561982572244245
22,09.02.2024,13,2024,True,har_gpr,0.0116772974611738,0.018452688409123133
22,12.02.2024,13,2024,True,har_gpr,0.0120983016943355,0.016760499546910234
22,13.02.2024,13,2024,True,har_gpr,0.0119933757924729,0.017838320335046412
22,14.02.2024,13,2024,True,har_gpr,0.0119625065057502,0.01812225915796911
22,15.02.2024,13,2024,True,har_gpr,0.0116559156023233,0.019017272974970537
22,16.02.2024,13,2024,True,har_gpr,0.012268440470372,0.018468065065734823
22,20.02.2024,13,2024,True,har_gpr,0.0118357038541254,0.01812405585537945
22,21.02.2024,13,2024,True,har_gpr,0.0118081378660591,0.017944981710466726
22,22.02.2024,13,2024,True,har_gpr,0.0121139950372158,0.017713732911810078
22,23.02.2024,13,2024,True,har_gpr,0.0107367130435762,0.0173718534885522
22,26.02.2024,13,2024,True,har_gpr,0.0105979442488166,0.0184046280766092
22,27.02.2024,13,2024,True,har_gpr,0.0107425628365395,0.017849854080427247
22,28.02.2024,13,2024,True,har_gpr,0.0107526305570219,0.017899167183935832
22,29.02.2024,13,2024,True,har_gpr,0.0111955830796837,0.017364749550255153
22,01.03.2024,13,2024,True,har_gpr,0.0111731964925588,0.017147042659343286
22,04.03.2024,13,2024,True,har_gpr,0.0110858434986444,0.015443178643122724
22,05.03.2024,13,2024,True,har_gpr,0.0106800328602567,0.01512422218043687
22,06.03.2024,13,2024,True,har_gpr,0.0109528121844719,0.014499645187948102
22,07.03.2024,13,2024,True,har_gpr,0.0113625477313129,0.01504752080596355
22,08.03.2024,13,2024,True,har_gpr,0.0110420656958601,0.014617118904508746
22,11.03.2024,13,2024,True,har_gpr,0.0113553163926945,0.014335275834460757
22,12.03.2024,13,2024,True,har_gpr,0.0112558134968294,0.013905601781668492
22,13.03.2024,13,2024,True,har_gpr,0.0103595838898385,0.014308516768614419
22,14.03.2024,13,2024,True,har_gpr,0.0099556704120135,0.016437266019320655
22,15.03.2024,13,2024,True,har_gpr,0.0122100364788518,0.016215772455473745
22,18.03.2024,13,2024,True,har_gpr,0.011616832981996,0.015180859346810335
22,19.03.2024,13,2024,True,har_gpr,0.0115611155066932,0.016032615216980458
22,20.03.2024,13,2024,True,har_gpr,0.010995659410846,0.015035444238546329
22,21.03.2024,13,2024,True,har_gpr,0.0114686518611005,0.01622904060592852
22,22.03.2024,13,2024,True,har_gpr,0.0114791545373582,0.01547732334236889
22,25.03.2024,13,2024,True,har_gpr,0.0112708356151674,0.014799468103538662
22,26.03.2024,13,2024,True,har_gpr,0.0111958089356493,0.014861110729612914
22,27.03.2024,13,2024,True,har_gpr,0.0115718753747905,0.014382110116238304
22,28.03.2024,13,2024,True,har_gpr,0.0111784000262616,0.013894249501961903
22,01.04.2024,13,2024,True,har_gpr,0.0157208924154886,0.014924929419060899
22,02.04.2024,13,2024,True,har_gpr,0.0151791831680394,0.014593963726847597
22,03.04.2024,13,2024,True,har_gpr,0.015127990287511,0.01531566797398923
22,04.04.2024,13,2024,True,har_gpr,0.0147117861896321,0.014452379267500754
22,05.04.2024,13,2024,True,har_gpr,0.0145642595198065,0.014732531040613454
22,08.04.2024,13,2024,True,har_gpr,0.0146554045849629,0.014323333216984969
22,09.04.2024,13,2024,True,har_gpr,0.0146407264886888,0.014072019383625454
22,10.04.2024,13,2024,True,har_gpr,0.0144104892026149,0.014467388679787885
22,11.04.2024,13,2024,True,har_gpr,0.0145601027412762,0.014614785404903371
22,12.04.2024,13,2024,True,har_gpr,0.01444184606915,0.013939531975845812
22,15.04.2024,13,2024,True,har_gpr,0.0145615159140922,0.013785992334229098
22,16.04.2024,13,2024,True,har_gpr,0.0147103009058658,0.014846058778294776
22,17.04.2024,13,2024,True,har_gpr,0.0135860044361891,0.014221905119361456
22,18.04.2024,13,2024,True,har_gpr,0.0135894839734689,0.01725766352824519
22,19.04.2024,13,2024,True,har_gpr,0.0136679591103426,0.015907658161506598
22,22.04.2024,13,2024,True,har_gpr,0.0138181632989988,0.01575632866281292
22,23.04.2024,13,2024,True,har_gpr,0.013170199835224,0.016343112972494096
22,24.04.2024,13,2024,True,har_gpr,0.0134595887916105,0.017283810434921176
22,25.04.2024,13,2024,True,har_gpr,0.0144693516814315,0.01579891551376915
22,26.04.2024,13,2024,True,har_gpr,0.0143904049251947,0.016214467943774284
22,29.04.2024,13,2024,True,har_gpr,0.014769775271896,0.015766668287400344
22,30.04.2024,13,2024,True,har_gpr,0.0147583446177617,0.015644760040807393
22,01.05.2024,13,2024,True,har_gpr,0.0131628586275841,0.01485806381917901
22,02.05.2024,13,2024,True,har_gpr,0.013204390611883,0.020768028099189248
22,03.05.2024,13,2024,True,har_gpr,0.0135215409106726,0.01852721296023963
22,06.05.2024,13,2024,True,har_gpr,0.0141806477991554,0.01843023818815823
22,07.05.2024,13,2024,True,har_gpr,0.0141829819184601,0.01716051636142132
22,08.05.2024,13,2024,True,har_gpr,0.0152458868364363,0.01707315831224449
22,09.05.2024,13,2024,True,har_gpr,0.0152453571013082,0.01490935912518928
22,10.05.2024,13,2024,True,har_gpr,0.0151237156205243,0.014896479477472645
22,13.05.2024,13,2024,True,har_gpr,0.0150511268452194,0.015420207296314641
22,14.05.2024,13,2024,True,har_gpr,0.0148355288697292,0.016401629985760686
22,15.05.2024,13,2024,True,har_gpr,0.0153828426362777,0.016827036657985555
22,16.05.2024,13,2024,True,har_gpr,0.0155529757343877,0.01592486636612096
22,17.05.2024,13,2024,True,har_gpr,0.0154853219425094,0.016117448002772126
22,20.05.2024,13,2024,True,har_gpr,0.0155219542027669,0.016076242470939396
22,21.05.2024,13,2024,True,har_gpr,0.0154204212142047,0.016100256865320423
22,22.05.2024,13,2024,True,har_gpr,0.0154120882811916,0.015980259940669782
22,23.05.2024,13,2024,True,har_gpr,0.0153007262502782,0.016312113439640275
22,24.05.2024,13,2024,True,har_gpr,0.0154129197360001,0.015754056803159323
22,28.05.2024,13,2024,True,har_gpr,0.0145373267479743,0.01598144567713441
22,29.05.2024,13,2024,True,har_gpr,0.0144117893483619,0.01826304278638681
22,30.05.2024,13,2024,True,har_gpr,0.013574598880175,0.017565353339237477
22,31.05.2024,13,2024,True,har_gpr,0.0136915636567781,0.016146552788415515
22,03.06.2024,13,2024,True,har_gpr,0.0100481440696783,0.015434954818243422
22,04.06.2024,13,2024,True,har_gpr,0.0099369164901794,0.019013253039427885
22,05.06.2024,13,2024,True,har_gpr,0.0104707019708945,0.01678990066802802
22,06.06.2024,13,2024,True,har_gpr,0.0099338679682777,0.017567054352899403
22,07.06.2024,13,2024,True,har_gpr,0.0098436550728211,0.01860397736555139
22,10.06.2024,13,2024,True,har_gpr,0.0086730915637395,0.0180082367004912
22,11.06.2024,13,2024,True,har_gpr,0.0087045301318858,0.01855474273840412
22,12.06.2024,13,2024,True,har_gpr,0.0091211750396269,0.017295597267588687
22,13.06.2024,13,2024,True,har_gpr,0.0096928860505059,0.017428323133468284
22,14.06.2024,13,2024,True,har_gpr,0.0096747540784296,0.017113957611528195
22,17.06.2024,13,2024,True,har_gpr,0.0108701493612635,0.01702806604663191
22,18.06.2024,13,2024,True,har_gpr,0.0104392327247216,0.017200768303031855
22,20.06.2024,13,2024,True,har_gpr,0.0108433475853765,0.017091759595467524
22,21.06.2024,13,2024,True,har_gpr,0.0110759151394408,0.01670903647997625
22,24.06.2024,13,2024,True,har_gpr,0.0110331944072497,0.016834679961431728
22,25.06.2024,13,2024,True,har_gpr,0.0112026227023383,0.017399744775738947
22,26.06.2024,13,2024,True,har_gpr,0.0115643049881287,0.01771726653578129
22,27.06.2024,13,2024,True,har_gpr,0.0112122373583429,0.016668332679155653
22,28.06.2024,13,2024,True,har_gpr,0.012946533667273,0.017355321183781948
22,01.07.2024,13,2024,True,har_gpr,0.013128708022165,0.016305902370908575
22,02.07.2024,13,2024,True,har_gpr,0.0146802067147718,0.015295894361294407
22,03.07.2024,13,2024,True,har_gpr,0.0141233765047889,0.012932236339326482
22,05.07.2024,13,2024,True,har_gpr,0.0142188078874483,0.013120653449138727
22,08.07.2024,13,2024,True,har_gpr,0.0155144553198311,0.013289163210537863
22,09.07.2024,13,2024,True,har_gpr,0.0156894622807295,0.01415861466347181
22,10.07.2024,13,2024,True,har_gpr,0.0157247856354849,0.014686751340766914
22,11.07.2024,13,2024,True,har_gpr,0.0174251425124863,0.013822073371373257
22,12.07.2024,13,2024,True,har_gpr,0.0178421630788625,0.01344658056759612
22,15.07.2024,13,2024,True,har_gpr,0.017949527701373,0.013410030213045734
22,16.07.2024,13,2024,True,har_gpr,0.0182160205253612,0.012134488045857997
22,17.07.2024,13,2024,True,har_gpr,0.0180632668447531,0.01284944566419413
22,18.07.2024,13,2024,True,har_gpr,0.0186766809138357,0.013202773987838267
22,19.07.2024,13,2024,True,har_gpr,0.0178050271190988,0.012371421048473252
22,22.07.2024,13,2024,True,har_gpr,0.0179848786156412,0.01527553639178443
22,23.07.2024,13,2024,True,har_gpr,0.0181583032345602,0.015269513197895535
22,24.07.2024,13,2024,True,har_gpr,0.0188155825571843,0.015956507225182555
22,25.07.2024,13,2024,True,har_gpr,0.0199013608738821,0.015423235948388998
22,26.07.2024,13,2024,True,har_gpr,0.0202616968929956,0.0156619149030879
22,29.07.2024,13,2024,True,har_gpr,0.0200920392783353,0.015300620278039022
22,30.07.2024,13,2024,True,har_gpr,0.0201520235289104,0.016190425449614056
22,31.07.2024,13,2024,True,har_gpr,0.0195574633946778,0.016120566083958215
22,01.08.2024,13,2024,True,har_gpr,0.023867841192386,0.01824146701911699
22,02.08.2024,13,2024,True,har_gpr,0.0229771755652971,0.017629826603284396
22,05.08.2024,13,2024,True,har_gpr,0.0229629976059289,0.01961538224487408
22,06.08.2024,13,2024,True,har_gpr,0.0233434793232938,0.018612757183740475
22,07.08.2024,13,2024,True,har_gpr,0.0227792195185713,0.018487371993372227
22,08.08.2024,13,2024,True,har_gpr,0.023618606453021,0.019803055916017803
22,09.08.2024,13,2024,True,har_gpr,0.0241525972126583,0.01947999313238455
22,12.08.2024,13,2024,True,har_gpr,0.023293845448274,0.018104776793194097
22,13.08.2024,13,2024,True,har_gpr,0.0230933549371986,0.019242169081064776
22,14.08.2024,13,2024,True,har_gpr,0.0234800429962866,0.019793674762873532
22,15.08.2024,13,2024,True,har_gpr,0.0233680417698259,0.019357934977600216
22,16.08.2024,13,2024,True,har_gpr,0.0232067534945966,0.019835018336803692
22,19.08.2024,13,2024,True,har_gpr,0.0230379178613176,0.019728308399508343
22,20.08.2024,13,2024,True,har_gpr,0.0230320602917889,0.019327545795020672
22,21.08.2024,13,2024,True,har_gpr,0.0228854657809796,0.01839332027182912
22,22.08.2024,13,2024,True,har_gpr,0.0229495891231459,0.018760642552066314
22,23.08.2024,13,2024,True,har_gpr,0.0227301579755006,0.01889438240227521
22,26.08.2024,13,2024,True,har_gpr,0.0219248426851458,0.020096951629979955
22,27.08.2024,13,2024,True,har_gpr,0.0216848316980793,0.021471790858360755
22,28.08.2024,13,2024,True,har_gpr,0.0216328327982984,0.022002222158395743
22,29.08.2024,13,2024,True,har_gpr,0.0220780147701043,0.02108588977523769
22,30.08.2024,13,2024,True,har_gpr,0.0220154528316957,0.02132590466159299
22,03.09.2024,13,2024,True,har_gpr,0.0198471195708663,0.020490828047292256
22,04.09.2024,13,2024,True,har_gpr,0.0195017366739664,0.02642690202606063
22,05.09.2024,13,2024,True,har_gpr,0.0207073631226051,0.024591314670537306
22,06.09.2024,13,2024,True,har_gpr,0.0228402022908103,0.023788056296076627
22,09.09.2024,13,2024,True,har_gpr,0.0229093226395804,0.023982575728482315
22,10.09.2024,13,2024,True,har_gpr,0.0220832677807712,0.024041997912200633
22,11.09.2024,13,2024,True,har_gpr,0.0219653368619007,0.02337131078151564
22,12.09.2024,13,2024,True,har_gpr,0.0223695272316873,0.02370315046941893
22,13.09.2024,13,2024,True,har_gpr,0.0243589610762019,0.024296229382611886
22,16.09.2024,13,2024,True,har_gpr,0.0241548882920754,0.023232612854112777
22,17.09.2024,13,2024,True,har_gpr,0.0240113209496501,0.022940857857929355
22,18.09.2024,13,2024,True,har_gpr,0.0243622191361222,0.020976672681224853
22,19.09.2024,13,2024,True,har_gpr,0.0243666275146597,0.020563031656023367
22,20.09.2024,13,2024,True,har_gpr,0.0248488627570082,0.021158415668211493
22,23.09.2024,13,2024,True,har_gpr,0.024993562059168,0.020605118421690823
22,24.09.2024,13,2024,True,har_gpr,0.0247774693992974,0.021643152653084842
22,25.09.2024,13,2024,True,har_gpr,0.0246946948172621,0.021682265655336434
22,26.09.2024,13,2024,True,har_gpr,0.0277303749923369,0.02252122757119826
22,27.09.2024,13,2024,True,har_gpr,0.027716135717486,0.022844103761275894
22,30.09.2024,13,2024,True,har_gpr,0.028048334736306,0.022033497319202226
22,01.10.2024,13,2024,True,har_gpr,0.0275923378294705,0.021254478189404992
22,02.10.2024,13,2024,True,har_gpr,0.0275710795544624,0.019247680552409056
22,03.10.2024,13,2024,True,har_gpr,0.0260226786879414,0.018034324154495473
22,04.10.2024,13,2024,True,har_gpr,0.0260286651256768,0.0215780523766027
22,07.10.2024,13,2024,True,har_gpr,0.0246484055172192,0.019500269185512294
22,08.10.2024,13,2024,True,har_gpr,0.0227285971152738,0.02127034212583995
22,09.10.2024,13,2024,True,har_gpr,0.0231985104121863,0.024449043241230654
22,10.10.2024,13,2024,True,har_gpr,0.0222333931670077,0.023039752199116394
22,11.10.2024,13,2024,True,har_gpr,0.0222630681802727,0.02415940336331334
22,14.10.2024,13,2024,True,har_gpr,0.022061557765702,0.02301807678094936
22,15.10.2024,13,2024,True,har_gpr,0.0202816541623702,0.023270818312384967
22,16.10.2024,13,2024,True,har_gpr,0.0207286555894198,0.025321846412702898
22,17.10.2024,13,2024,True,har_gpr,0.0218986677254509,0.0238029274744235
22,18.10.2024,13,2024,True,har_gpr,0.0215206309783285,0.02253369939199265
22,21.10.2024,13,2024,True,har_gpr,0.0212424929583164,0.02321650215711525
22,22.10.2024,13,2024,True,har_gpr,0.0210431623700208,0.02403211769069193
22,23.10.2024,13,2024,True,har_gpr,0.0210202333444137,0.023620088894357922
22,24.10.2024,13,2024,True,har_gpr,0.0218797827435018,0.02337254587551611
22,25.10.2024,13,2024,True,har_gpr,0.0212662022622113,0.022844060559316776
22,28.10.2024,13,2024,True,har_gpr,0.0163600137348805,0.023429544917923834
22,29.10.2024,13,2024,True,har_gpr,0.0163205405121638,0.028780541088982713
22,30.10.2024,13,2024,True,har_gpr,0.0161199659310954,0.025819918715712844
22,31.10.2024,13,2024,True,har_gpr,0.0168966400676919,0.02699468937968043
22,01.11.2024,13,2024,True,har_gpr,0.0173390975269486,0.02544315606655755
22,04.11.2024,13,2024,True,har_gpr,0.016240513018894,0.02484148921691544
22,05.11.2024,13,2024,True,har_gpr,0.0163258409970066,0.023340588881951226
22,06.11.2024,13,2024,True,har_gpr,0.0166672543268843,0.02126796845680588
22,07.11.2024,13,2024,True,har_gpr,0.0164920573736783,0.021582758493980437
22,08.11.2024,13,2024,True,har_gpr,0.0163125399721513,0.020875737029030516
22,11.11.2024,13,2024,True,har_gpr,0.0150958361006008,0.0223561800494028
22,12.11.2024,13,2024,True,har_gpr,0.015372073071668,0.022453402061305593
22,13.11.2024,13,2024,True,har_gpr,0.0154748803562021,0.020694540799129458
22,14.11.2024,13,2024,True,har_gpr,0.015628121467238,0.021068688387471567
22,15.11.2024,13,2024,True,har_gpr,0.0148700810688922,0.02087171456408031
22,18.11.2024,13,2024,True,har_gpr,0.0133772881810164,0.02149717588639944
22,19.11.2024,13,2024,True,har_gpr,0.0133790608415546,0.02225269343680196
22,20.11.2024,13,2024,True,har_gpr,0.0133294770850245,0.02074580164207873
22,21.11.2024,13,2024,True,har_gpr,0.0129536500393912,0.020976318321396032
22,22.11.2024,13,2024,True,har_gpr,0.0126449495319101,0.02185354254251083
22,25.11.2024,13,2024,True,har_gpr,0.0112946365885678,0.020703538119700476
22,26.11.2024,13,2024,True,har_gpr,0.0112768991953784,0.019175316535154634
22,27.11.2024,13,2024,True,har_gpr,0.0112868978230719,0.018194775662134496
22,29.11.2024,13,2024,True,har_gpr,0.011793148322839,0.01778212546199534
22,02.12.2024,13,2024,True,har_gpr,0.0112030205560252,0.017389481881682586
22,03.12.2024,13,2024,True,har_gpr,0.0101426004965039,0.01770107081573895
22,04.12.2024,13,2024,True,har_gpr,0.009280073285598,0.018123356237997552
22,05.12.2024,13,2024,True,har_gpr,0.009710928631746,0.01835269704688778
22,06.12.2024,13,2024,True,har_gpr,0.0128536441777658,0.01777464335645403
22,09.12.2024,13,2024,True,har_gpr,0.0129004270877763,0.018209871660372308
22,10.12.2024,13,2024,True,har_gpr,0.0134850314465886,0.0177128055042317
22,11.12.2024,13,2024,True,har_gpr,0.0139550807622982,0.015916895496814243
22,12.12.2024,13,2024,True,har_gpr,0.014213055409172,0.016864920373522052
22,13.12.2024,13,2024,True,har_gpr,0.0142092344655273,0.016216175339286553
22,16.12.2024,13,2024,True,har_gpr,0.0148087602306923,0.016382452805727806
22,17.12.2024,13,2024,True,har_gpr,0.0146092779554251,0.017526716290413857
22,18.12.2024,13,2024,True,har_gpr,0.0148507981071064,0.017087905277516958
22,19.12.2024,13,2024,True,har_gpr,0.01468570566618,0.016450018349618917
22,20.12.2024,13,2024,True,har_gpr,0.0153900380425454,0.01666322853502783
22,23.12.2024,13,2024,True,har_gpr,0.0153246803685952,0.015500615570394989
22,24.12.2024,13,2024,True,har_gpr,0.0154619847741126,0.015091170837138112
22,26.12.2024,13,2024,True,har_gpr,0.0154044613755214,0.015028856076461514
22,27.12.2024,13,2024,True,har_gpr,0.0152510977740918,0.014757835989291514
22,30.12.2024,13,2024,True,har_gpr,0.0154599817257405,0.015286317426296086
22,31.12.2024,13,2024,True,har_gpr,0.0154585551823588,0.014588194299150793
22,02.01.2024,13,2024,True,har_x,0.0182331624257302,0.020560955579141667
22,03.01.2024,13,2024,True,har_x,0.017087131376673,0.02087205368435249
22,04.01.2024,13,2024,True,har_x,0.0170592923001595,0.020875334563462362
22,05.01.2024,13,2024,True,har_x,0.016839767321392,0.02044034462626384
22,08.01.2024,13,2024,True,har_x,0.016150863084851,0.019743690809103046
22,09.01.2024,13,2024,True,har_x,0.0157811836346703,0.020524903303863022
22,10.01.2024,13,2024,True,har_x,0.0155628833361531,0.020146640683170004
22,11.01.2024,13,2024,True,har_x,0.0155875335123138,0.02000698680654671
22,12.01.2024,13,2024,True,har_x,0.0158911307497111,0.019987552694650194
22,16.01.2024,13,2024,True,har_x,0.0161385851113936,0.021486380538666576
22,17.01.2024,13,2024,True,har_x,0.0160707544126414,0.020592502421772033
22,18.01.2024,13,2024,True,har_x,0.0162025690820137,0.0200245385361487
22,19.01.2024,13,2024,True,har_x,0.0161389088941382,0.019633191882355166
22,22.01.2024,13,2024,True,har_x,0.0157688186272712,0.01954415614151129
22,23.01.2024,13,2024,True,har_x,0.0166971539071154,0.019524899591953766
22,24.01.2024,13,2024,True,har_x,0.0168003020564435,0.019207920348017896
22,25.01.2024,13,2024,True,har_x,0.0158506307176211,0.018775274295460134
22,26.01.2024,13,2024,True,har_x,0.0155896561599503,0.019575666458707962
22,29.01.2024,13,2024,True,har_x,0.015279141627168,0.019201871976192036
22,30.01.2024,13,2024,True,har_x,0.0152403444636836,0.019932450354874946
22,31.01.2024,13,2024,True,har_x,0.0150479780451031,0.01970470796642086
22,01.02.2024,13,2024,True,har_x,0.0126510215374736,0.02030879301062147
22,02.02.2024,13,2024,True,har_x,0.0120139113104586,0.019896994885459623
22,05.02.2024,13,2024,True,har_x,0.0119717962259463,0.019380865382675198
22,06.02.2024,13,2024,True,har_x,0.012252222569154,0.019056036870195487
22,07.02.2024,13,2024,True,har_x,0.0121815802702951,0.01834627044408536
22,08.02.2024,13,2024,True,har_x,0.0104318088518199,0.01720084113443308
22,09.02.2024,13,2024,True,har_x,0.0116772974611738,0.017432855528103558
22,12.02.2024,13,2024,True,har_x,0.0120983016943355,0.017274161322456655
22,13.02.2024,13,2024,True,har_x,0.0119933757924729,0.01854000855635716
22,14.02.2024,13,2024,True,har_x,0.0119625065057502,0.0184634751152936
22,15.02.2024,13,2024,True,har_x,0.0116559156023233,0.01888751835893924
22,16.02.2024,13,2024,True,har_x,0.012268440470372,0.018378547647530274
22,20.02.2024,13,2024,True,har_x,0.0118357038541254,0.017856663797623205
22,21.02.2024,13,2024,True,har_x,0.0118081378660591,0.01807621051018833
22,22.02.2024,13,2024,True,har_x,0.0121139950372158,0.017734037052386967
22,23.02.2024,13,2024,True,har_x,0.0107367130435762,0.017409182634373403
22,26.02.2024,13,2024,True,har_x,0.0105979442488166,0.017998931966293933
22,27.02.2024,13,2024,True,har_x,0.0107425628365395,0.018286704898634678
22,28.02.2024,13,2024,True,har_x,0.0107526305570219,0.018148723773778203
22,29.02.2024,13,2024,True,har_x,0.0111955830796837,0.017993192509524723
22,01.03.2024,13,2024,True,har_x,0.0111731964925588,0.01805737791441161
22,04.03.2024,13,2024,True,har_x,0.0110858434986444,0.017338472398172513
22,05.03.2024,13,2024,True,har_x,0.0106800328602567,0.016991615428263804
22,06.03.2024,13,2024,True,har_x,0.0109528121844719,0.015817033969447575
22,07.03.2024,13,2024,True,har_x,0.0113625477313129,0.015760521877356434
22,08.03.2024,13,2024,True,har_x,0.0110420656958601,0.015685250248905314
22,11.03.2024,13,2024,True,har_x,0.0113553163926945,0.01567949964541469
22,12.03.2024,13,2024,True,har_x,0.0112558134968294,0.015386822077853864
22,13.03.2024,13,2024,True,har_x,0.0103595838898385,0.016316608149197432
22,14.03.2024,13,2024,True,har_x,0.0099556704120135,0.016903124219026438
22,15.03.2024,13,2024,True,har_x,0.0122100364788518,0.017672285280578275
22,18.03.2024,13,2024,True,har_x,0.011616832981996,0.016750306271489473
22,19.03.2024,13,2024,True,har_x,0.0115611155066932,0.016831989994838592
22,20.03.2024,13,2024,True,har_x,0.010995659410846,0.01636827153951078
22,21.03.2024,13,2024,True,har_x,0.0114686518611005,0.01651648313998963
22,22.03.2024,13,2024,True,har_x,0.0114791545373582,0.01583916169983069
22,25.03.2024,13,2024,True,har_x,0.0112708356151674,0.015479720221786364
22,26.03.2024,13,2024,True,har_x,0.0111958089356493,0.01585865635285226
22,27.03.2024,13,2024,True,har_x,0.0115718753747905,0.015671074099789652
22,28.03.2024,13,2024,True,har_x,0.0111784000262616,0.015256214178684772
22,01.04.2024,13,2024,True,har_x,0.0157208924154886,0.015368039634962099
22,02.04.2024,13,2024,True,har_x,0.0151791831680394,0.01544555408179464
22,03.04.2024,13,2024,True,har_x,0.015127990287511,0.01612891234226006
22,04.04.2024,13,2024,True,har_x,0.0147117861896321,0.0159467872604085
22,05.04.2024,13,2024,True,har_x,0.0145642595198065,0.01717693074829642
22,08.04.2024,13,2024,True,har_x,0.0146554045849629,0.01716547655905523
22,09.04.2024,13,2024,True,har_x,0.0146407264886888,0.016230449588547538
22,10.04.2024,13,2024,True,har_x,0.0144104892026149,0.015684092878556374
22,11.04.2024,13,2024,True,har_x,0.0145601027412762,0.016174221787175393
22,12.04.2024,13,2024,True,har_x,0.01444184606915,0.016480398667466558
22,15.04.2024,13,2024,True,har_x,0.0145615159140922,0.016823431286881116
22,16.04.2024,13,2024,True,har_x,0.0147103009058658,0.019736384365208685
22,17.04.2024,13,2024,True,har_x,0.0135860044361891,0.018807023492738266
22,18.04.2024,13,2024,True,har_x,0.0135894839734689,0.019268391662182357
22,19.04.2024,13,2024,True,har_x,0.0136679591103426,0.018405641472465175
22,22.04.2024,13,2024,True,har_x,0.0138181632989988,0.018528746232000196
22,23.04.2024,13,2024,True,har_x,0.013170199835224,0.017482196919414338
22,24.04.2024,13,2024,True,har_x,0.0134595887916105,0.017411103837150138
22,25.04.2024,13,2024,True,har_x,0.0144693516814315,0.017002259062845207
22,26.04.2024,13,2024,True,har_x,0.0143904049251947,0.01681717023292347
22,29.04.2024,13,2024,True,har_x,0.014769775271896,0.016526919662899764
22,30.04.2024,13,2024,True,har_x,0.0147583446177617,0.01641056158862335
22,01.05.2024,13,2024,True,har_x,0.0131628586275841,0.016226800261240692
22,02.05.2024,13,2024,True,har_x,0.013204390611883,0.01799751036623385
22,03.05.2024,13,2024,True,har_x,0.0135215409106726,0.01714846170538223
22,06.05.2024,13,2024,True,har_x,0.0141806477991554,0.01725374948472526
22,07.05.2024,13,2024,True,har_x,0.0141829819184601,0.015846739241702334
22,08.05.2024,13,2024,True,har_x,0.0152458868364363,0.015545641516445882
22,09.05.2024,13,2024,True,har_x,0.0152453571013082,0.014748770184660493
22,10.05.2024,13,2024,True,har_x,0.0151237156205243,0.014764912208309555
22,13.05.2024,13,2024,True,har_x,0.0150511268452194,0.014876151543170932
22,14.05.2024,13,2024,True,har_x,0.0148355288697292,0.016276043136642854
22,15.05.2024,13,2024,True,har_x,0.0153828426362777,0.0163815741410797
22,16.05.2024,13,2024,True,har_x,0.0155529757343877,0.016238917383910076
22,17.05.2024,13,2024,True,har_x,0.0154853219425094,0.01589728024374295
22,20.05.2024,13,2024,True,har_x,0.0155219542027669,0.016229933683177412
22,21.05.2024,13,2024,True,har_x,0.0154204212142047,0.0159246777010806
22,22.05.2024,13,2024,True,har_x,0.0154120882811916,0.015684061477742803
22,23.05.2024,13,2024,True,har_x,0.0153007262502782,0.015912586108451872
22,24.05.2024,13,2024,True,har_x,0.0154129197360001,0.016154493618033013
22,28.05.2024,13,2024,True,har_x,0.0145373267479743,0.015772958148313927
22,29.05.2024,13,2024,True,har_x,0.0144117893483619,0.01647266661380889
22,30.05.2024,13,2024,True,har_x,0.013574598880175,0.016041713106839533
22,31.05.2024,13,2024,True,har_x,0.0136915636567781,0.016802047519413308
22,03.06.2024,13,2024,True,har_x,0.0100481440696783,0.017100605613797854
22,04.06.2024,13,2024,True,har_x,0.0099369164901794,0.01774273154782035
22,05.06.2024,13,2024,True,har_x,0.0104707019708945,0.01701879001282586
22,06.06.2024,13,2024,True,har_x,0.0099338679682777,0.01672017756104414
22,07.06.2024,13,2024,True,har_x,0.0098436550728211,0.016418885073927973
22,10.06.2024,13,2024,True,har_x,0.0086730915637395,0.015808577953716974
22,11.06.2024,13,2024,True,har_x,0.0087045301318858,0.015490980309235253
22,12.06.2024,13,2024,True,har_x,0.0091211750396269,0.01511819933245517
22,13.06.2024,13,2024,True,har_x,0.0096928860505059,0.014853051996339604
22,14.06.2024,13,2024,True,har_x,0.0096747540784296,0.014647333652079332
22,17.06.2024,13,2024,True,har_x,0.0108701493612635,0.014724761570520094
22,18.06.2024,13,2024,True,har_x,0.0104392327247216,0.014382066050154354
22,20.06.2024,13,2024,True,har_x,0.0108433475853765,0.014197804766595658
22,21.06.2024,13,2024,True,har_x,0.0110759151394408,0.014329439828633963
22,24.06.2024,13,2024,True,har_x,0.0110331944072497,0.014592178316040571
22,25.06.2024,13,2024,True,har_x,0.0112026227023383,0.01593985706594568
22,26.06.2024,13,2024,True,har_x,0.0115643049881287,0.01614615125058272
22,27.06.2024,13,2024,True,har_x,0.0112122373583429,0.01610189690723058
22,28.06.2024,13,2024,True,har_x,0.012946533667273,0.016288449923060024
22,01.07.2024,13,2024,True,har_x,0.013128708022165,0.016184078467744577
22,02.07.2024,13,2024,True,har_x,0.0146802067147718,0.014696718980152798
22,03.07.2024,13,2024,True,har_x,0.0141233765047889,0.01362570442870966
22,05.07.2024,13,2024,True,har_x,0.0142188078874483,0.013221052182073686
22,08.07.2024,13,2024,True,har_x,0.0155144553198311,0.012933717433136932
22,09.07.2024,13,2024,True,har_x,0.0156894622807295,0.013618973763711746
22,10.07.2024,13,2024,True,har_x,0.0157247856354849,0.013885303923039502
22,11.07.2024,13,2024,True,har_x,0.0174251425124863,0.013679277998506146
22,12.07.2024,13,2024,True,har_x,0.0178421630788625,0.013543466649389598
22,15.07.2024,13,2024,True,har_x,0.017949527701373,0.013569394047013773
22,16.07.2024,13,2024,True,har_x,0.0182160205253612,0.012529911635351734
22,17.07.2024,13,2024,True,har_x,0.0180632668447531,0.01288981093279876
22,18.07.2024,13,2024,True,har_x,0.0186766809138357,0.013380648647659161
22,19.07.2024,13,2024,True,har_x,0.0178050271190988,0.013384224427478806
22,22.07.2024,13,2024,True,har_x,0.0179848786156412,0.014513753103244174
22,23.07.2024,13,2024,True,har_x,0.0181583032345602,0.015468348718656216
22,24.07.2024,13,2024,True,har_x,0.0188155825571843,0.015567202448361094
22,25.07.2024,13,2024,True,har_x,0.0199013608738821,0.015460134189523403
22,26.07.2024,13,2024,True,har_x,0.0202616968929956,0.015397347997387923
22,29.07.2024,13,2024,True,har_x,0.0200920392783353,0.01650751407072407
22,30.07.2024,13,2024,True,har_x,0.0201520235289104,0.017283610817830038
22,31.07.2024,13,2024,True,har_x,0.0195574633946778,0.01752277905578234
22,01.08.2024,13,2024,True,har_x,0.023867841192386,0.018915841861274818
22,02.08.2024,13,2024,True,har_x,0.0229771755652971,0.018600419164480388
22,05.08.2024,13,2024,True,har_x,0.0229629976059289,0.0211704263969209
22,06.08.2024,13,2024,True,har_x,0.0233434793232938,0.023497498849212175
22,07.08.2024,13,2024,True,har_x,0.0227792195185713,0.0222242577867383
22,08.08.2024,13,2024,True,har_x,0.023618606453021,0.021496549420762758
22,09.08.2024,13,2024,True,har_x,0.0241525972126583,0.020181365081593936
22,12.08.2024,13,2024,True,har_x,0.023293845448274,0.019119829405069858
22,13.08.2024,13,2024,True,har_x,0.0230933549371986,0.01908416756035313
22,14.08.2024,13,2024,True,har_x,0.0234800429962866,0.018620117039739183
22,15.08.2024,13,2024,True,har_x,0.0233680417698259,0.017868051338761338
22,16.08.2024,13,2024,True,har_x,0.0232067534945966,0.01782405641069414
22,19.08.2024,13,2024,True,har_x,0.0230379178613176,0.01779876395814367
22,20.08.2024,13,2024,True,har_x,0.0230320602917889,0.01797873138215039
22,21.08.2024,13,2024,True,har_x,0.0228854657809796,0.01780651290049606
22,22.08.2024,13,2024,True,har_x,0.0229495891231459,0.018131394185045068
22,23.08.2024,13,2024,True,har_x,0.0227301579755006,0.017769764671236164
22,26.08.2024,13,2024,True,har_x,0.0219248426851458,0.017640910561161238
22,27.08.2024,13,2024,True,har_x,0.0216848316980793,0.018731652919631865
22,28.08.2024,13,2024,True,har_x,0.0216328327982984,0.019043710552830714
22,29.08.2024,13,2024,True,har_x,0.0220780147701043,0.019200704218890766
22,30.08.2024,13,2024,True,har_x,0.0220154528316957,0.019124446955597365
22,03.09.2024,13,2024,True,har_x,0.0198471195708663,0.019566708701615792
22,04.09.2024,13,2024,True,har_x,0.0195017366739664,0.021765350628602523
22,05.09.2024,13,2024,True,har_x,0.0207073631226051,0.022456773292600127
22,06.09.2024,13,2024,True,har_x,0.0228402022908103,0.021813643309484442
22,09.09.2024,13,2024,True,har_x,0.0229093226395804,0.02208325012091125
22,10.09.2024,13,2024,True,har_x,0.0220832677807712,0.02172736213502408
22,11.09.2024,13,2024,True,har_x,0.0219653368619007,0.022599784439095657
22,12.09.2024,13,2024,True,har_x,0.0223695272316873,0.021820031236353152
22,13.09.2024,13,2024,True,har_x,0.0243589610762019,0.021330126633670263
22,16.09.2024,13,2024,True,har_x,0.0241548882920754,0.02074766264351828
22,17.09.2024,13,2024,True,har_x,0.0240113209496501,0.019621434378650392
22,18.09.2024,13,2024,True,har_x,0.0243622191361222,0.019136712965255293
22,19.09.2024,13,2024,True,har_x,0.0243666275146597,0.019425249808383994
22,20.09.2024,13,2024,True,har_x,0.0248488627570082,0.018548846170227357
22,23.09.2024,13,2024,True,har_x,0.024993562059168,0.01786472687563781
22,24.09.2024,13,2024,True,har_x,0.0247774693992974,0.020015608208691072
22,25.09.2024,13,2024,True,har_x,0.0246946948172621,0.019798276440170823
22,26.09.2024,13,2024,True,har_x,0.0277303749923369,0.020328013114172632
22,27.09.2024,13,2024,True,har_x,0.027716135717486,0.022482151275211446
22,30.09.2024,13,2024,True,har_x,0.028048334736306,0.022312969590569765
22,01.10.2024,13,2024,True,har_x,0.0275923378294705,0.021996817779971367
22,02.10.2024,13,2024,True,har_x,0.0275710795544624,0.022273225207666798
22,03.10.2024,13,2024,True,har_x,0.0260226786879414,0.023418760122684717
22,04.10.2024,13,2024,True,har_x,0.0260286651256768,0.027253241773573546
22,07.10.2024,13,2024,True,har_x,0.0246484055172192,0.02369998306516063
22,08.10.2024,13,2024,True,har_x,0.0227285971152738,0.024394101746180293
22,09.10.2024,13,2024,True,har_x,0.0231985104121863,0.02699168412770198
22,10.10.2024,13,2024,True,har_x,0.0222333931670077,0.025374066560014542
22,11.10.2024,13,2024,True,har_x,0.0222630681802727,0.026885827343598477
22,14.10.2024,13,2024,True,har_x,0.022061557765702,0.02681562442696252
22,15.10.2024,13,2024,True,har_x,0.0202816541623702,0.026325095602265362
22,16.10.2024,13,2024,True,har_x,0.0207286555894198,0.026048512589733185
22,17.10.2024,13,2024,True,har_x,0.0218986677254509,0.025472547021397243
22,18.10.2024,13,2024,True,har_x,0.0215206309783285,0.024614676181957063
22,21.10.2024,13,2024,True,har_x,0.0212424929583164,0.02485649456579461
22,22.10.2024,13,2024,True,har_x,0.0210431623700208,0.02500391923002725
22,23.10.2024,13,2024,True,har_x,0.0210202333444137,0.02510901971701038
22,24.10.2024,13,2024,True,har_x,0.0218797827435018,0.025153522315405703
22,25.10.2024,13,2024,True,har_x,0.0212662022622113,0.024631173586664543
22,28.10.2024,13,2024,True,har_x,0.0163600137348805,0.025608508305697227
22,29.10.2024,13,2024,True,har_x,0.0163205405121638,0.024751923304138158
22,30.10.2024,13,2024,True,har_x,0.0161199659310954,0.023929927505711206
22,31.10.2024,13,2024,True,har_x,0.0168966400676919,0.023698602530684114
22,01.11.2024,13,2024,True,har_x,0.0173390975269486,0.02643041608850264
22,04.11.2024,13,2024,True,har_x,0.016240513018894,0.024340764233543442
22,05.11.2024,13,2024,True,har_x,0.0163258409970066,0.024169013324921215
22,06.11.2024,13,2024,True,har_x,0.0166672543268843,0.023687215574536683
22,07.11.2024,13,2024,True,har_x,0.0164920573736783,0.023451102890670154
22,08.11.2024,13,2024,True,har_x,0.0163125399721513,0.022464489018517372
22,11.11.2024,13,2024,True,har_x,0.0150958361006008,0.021392265693324676
22,12.11.2024,13,2024,True,har_x,0.015372073071668,0.02095843583777584
22,13.11.2024,13,2024,True,har_x,0.0154748803562021,0.01934830072090395
22,14.11.2024,13,2024,True,har_x,0.015628121467238,0.02054772017998651
22,15.11.2024,13,2024,True,har_x,0.0148700810688922,0.018047554893482587
22,18.11.2024,13,2024,True,har_x,0.0133772881810164,0.019777102578936168
22,19.11.2024,13,2024,True,har_x,0.0133790608415546,0.02169513095219433
22,20.11.2024,13,2024,True,har_x,0.0133294770850245,0.02158044314988892
22,21.11.2024,13,2024,True,har_x,0.0129536500393912,0.021422932574751367
22,22.11.2024,13,2024,True,har_x,0.0126449495319101,0.021687597371488444
22,25.11.2024,13,2024,True,har_x,0.0112946365885678,0.020880279985525593
22,26.11.2024,13,2024,True,har_x,0.0112768991953784,0.02010485662360564
22,27.11.2024,13,2024,True,har_x,0.0112868978230719,0.02044127206057427
22,29.11.2024,13,2024,True,har_x,0.011793148322839,0.01967878999596599
22,02.12.2024,13,2024,True,har_x,0.0112030205560252,0.018726243608826545
22,03.12.2024,13,2024,True,har_x,0.0101426004965039,0.01918610291676854
22,04.12.2024,13,2024,True,har_x,0.009280073285598,0.0192328750278947
22,05.12.2024,13,2024,True,har_x,0.009710928631746,0.019053097380400317
22,06.12.2024,13,2024,True,har_x,0.0128536441777658,0.017239804735818133
22,09.12.2024,13,2024,True,har_x,0.0129004270877763,0.017928998615880667
22,10.12.2024,13,2024,True,har_x,0.0134850314465886,0.016158110091611593
22,11.12.2024,13,2024,True,har_x,0.0139550807622982,0.0160535894371715
22,12.12.2024,13,2024,True,har_x,0.014213055409172,0.01755398561179858
22,13.12.2024,13,2024,True,har_x,0.0142092344655273,0.018081251968998086
22,16.12.2024,13,2024,True,har_x,0.0148087602306923,0.018515919240166136
22,17.12.2024,13,2024,True,har_x,0.0146092779554251,0.019044242375655586
22,18.12.2024,13,2024,True,har_x,0.0148507981071064,0.017950413348601486
22,19.12.2024,13,2024,True,har_x,0.01468570566618,0.01849729933245664
22,20.12.2024,13,2024,True,har_x,0.0153900380425454,0.017724317744423013
22,23.12.2024,13,2024,True,har_x,0.0153246803685952,0.016918378175909073
22,24.12.2024,13,2024,True,har_x,0.0154619847741126,0.016660887192152557
22,26.12.2024,13,2024,True,har_x,0.0154044613755214,0.016781872012956722
22,27.12.2024,13,2024,True,har_x,0.0152510977740918,0.01660784222282637
22,30.12.2024,13,2024,True,har_x,0.0154599817257405,0.016796789544037807
22,31.12.2024,13,2024,True,har_x,0.0154585551823588,0.016423141827618348
66,02.01.2024,13,2024,True,har,0.0139466903219893,0.021942245880855023
66,03.01.2024,13,2024,True,har,0.0135942430085815,0.021091771366555708
66,04.01.2024,13,2024,True,har,0.013582361741074,0.022224684454356526
66,05.01.2024,13,2024,True,har,0.0135501826356433,0.021414600302859247
66,08.01.2024,13,2024,True,har,0.0127951148158405,0.02107429588908273
66,09.01.2024,13,2024,True,har,0.012650854713436,0.022696470813989587
66,10.01.2024,13,2024,True,har,0.0125607875436218,0.022165596071110415
66,11.01.2024,13,2024,True,har,0.0131877938126398,0.021508446682310466
66,12.01.2024,13,2024,True,har,0.0131424734181758,0.020813137683291794
66,16.01.2024,13,2024,True,har,0.0131410211440862,0.020841097632400427
66,17.01.2024,13,2024,True,har,0.0131276135492903,0.019064094747903687
66,18.01.2024,13,2024,True,har,0.0131383530938573,0.01902744148002444
66,19.01.2024,13,2024,True,har,0.0131182756168184,0.01926964190925419
66,22.01.2024,13,2024,True,har,0.0129963843966237,0.019034707760624076
66,23.01.2024,13,2024,True,har,0.0129661692585261,0.019784815470078796
66,24.01.2024,13,2024,True,har,0.0130702429074578,0.01948234251132028
66,25.01.2024,13,2024,True,har,0.0126270410956006,0.01939336536523173
66,26.01.2024,13,2024,True,har,0.0140917518244726,0.02064652573237257
66,29.01.2024,13,2024,True,har,0.0139887312967168,0.01977960875510565
66,30.01.2024,13,2024,True,har,0.0140127958380673,0.02010159661720992
66,31.01.2024,13,2024,True,har,0.0139110148344476,0.019493320926624823
66,01.02.2024,13,2024,True,har,0.0130877432922774,0.020043196543115264
66,02.02.2024,13,2024,True,har,0.0128932216329761,0.02130362969258411
66,05.02.2024,13,2024,True,har,0.0128644461053916,0.02032301466075435
66,06.02.2024,13,2024,True,har,0.0129547755108436,0.020296141584335785
66,07.02.2024,13,2024,True,har,0.0129469856294881,0.01972628542956926
66,08.02.2024,13,2024,True,har,0.0125072409935312,0.01972544052388663
66,09.02.2024,13,2024,True,har,0.0124911837639358,0.02040787853053496
66,12.02.2024,13,2024,True,har,0.0125102623127686,0.01897392759485514
66,13.02.2024,13,2024,True,har,0.0125011093767275,0.018995987255676163
66,14.02.2024,13,2024,True,har,0.0123780604022943,0.019238264420357594
66,15.02.2024,13,2024,True,har,0.0122997393022932,0.019948103509287246
66,16.02.2024,13,2024,True,har,0.0123510545770485,0.019503172389171302
66,20.02.2024,13,2024,True,har,0.0122643462258448,0.0192137555210291
66,21.02.2024,13,2024,True,har,0.0122750939045658,0.01962193175706898
66,22.02.2024,13,2024,True,har,0.0126332280862766,0.019424288212502635
66,23.02.2024,13,2024,True,har,0.0122820059059456,0.019141568112060595
66,26.02.2024,13,2024,True,har,0.0124852234718429,0.020047335434608755
66,27.02.2024,13,2024,True,har,0.0123730698540345,0.019641305270037428
66,28.02.2024,13,2024,True,har,0.0133336573746878,0.01968922467339312
66,29.02.2024,13,2024,True,har,0.0133878258862676,0.019226309080988564
66,01.03.2024,13,2024,True,har,0.0134768559952024,0.019082608437360565
66,04.03.2024,13,2024,True,har,0.0136472779616329,0.01734835058228246
66,05.03.2024,13,2024,True,har,0.0136082636502864,0.017527967431720505
66,06.03.2024,13,2024,True,har,0.013891812418067,0.017290418996445553
66,07.03.2024,13,2024,True,har,0.01389963039016,0.017733049143789488
66,08.03.2024,13,2024,True,har,0.0138754905745322,0.017360064782618437
66,11.03.2024,13,2024,True,har,0.0138759020751831,0.017294758809164232
66,12.03.2024,13,2024,True,har,0.0138701003238692,0.016932293243838218
66,13.03.2024,13,2024,True,har,0.0137228813703272,0.016908834936689217
66,14.03.2024,13,2024,True,har,0.0136628627619517,0.018583376374635464
66,15.03.2024,13,2024,True,har,0.0136733300876823,0.018386885789552943
66,18.03.2024,13,2024,True,har,0.0135040493897426,0.017540948420954855
66,19.03.2024,13,2024,True,har,0.0135330880741058,0.01827027433509986
66,20.03.2024,13,2024,True,har,0.0134569596654135,0.01747769352622447
66,21.03.2024,13,2024,True,har,0.0134599765714976,0.018413609943183015
66,22.03.2024,13,2024,True,har,0.0135502179272489,0.017771366812020604
66,25.03.2024,13,2024,True,har,0.0134170699183515,0.01736234298291057
66,26.03.2024,13,2024,True,har,0.0134006608551876,0.0177081807063615
66,27.03.2024,13,2024,True,har,0.0134087566970589,0.01731052744426368
66,28.03.2024,13,2024,True,har,0.0133536295331093,0.01690101190662767
66,01.04.2024,13,2024,True,har,0.0134011778746087,0.017733179000409875
66,02.04.2024,13,2024,True,har,0.0132721197672903,0.01718377779403543
66,03.04.2024,13,2024,True,har,0.0133393561604841,0.017798957443781637
66,04.04.2024,13,2024,True,har,0.0132229146504745,0.017102564435029163
66,05.04.2024,13,2024,True,har,0.0132098421100741,0.017341604987887935
66,08.04.2024,13,2024,True,har,0.0131815485838039,0.01699152843855097
66,09.04.2024,13,2024,True,har,0.0131260950730654,0.017320970538533043
66,10.04.2024,13,2024,True,har,0.0131192392692792,0.017600989645322643
66,11.04.2024,13,2024,True,har,0.0132571138805099,0.01772681567594266
66,12.04.2024,13,2024,True,har,0.0132135225672155,0.01723228577001164
66,15.04.2024,13,2024,True,har,0.0136724820476675,0.017141248391539035
66,16.04.2024,13,2024,True,har,0.0136735762829844,0.016976475742460806
66,17.04.2024,13,2024,True,har,0.0133173950781393,0.01651642340256447
66,18.04.2024,13,2024,True,har,0.0133705310329303,0.01885074389324951
66,19.04.2024,13,2024,True,har,0.0134116125212663,0.017737853795823086
66,22.04.2024,13,2024,True,har,0.0135236021555741,0.01761555382412768
66,23.04.2024,13,2024,True,har,0.0134855449174812,0.01765473463644328
66,24.04.2024,13,2024,True,har,0.0135751637401367,0.018447219222213478
66,25.04.2024,13,2024,True,har,0.0139171283871995,0.01721124460789929
66,26.04.2024,13,2024,True,har,0.0139872661313218,0.01754809992471351
66,29.04.2024,13,2024,True,har,0.0145066073763068,0.017210228470455866
66,30.04.2024,13,2024,True,har,0.0145090225782324,0.017818943733798016
66,01.05.2024,13,2024,True,har,0.0131331128154065,0.017215390920197412
66,02.05.2024,13,2024,True,har,0.0134872324992029,0.021716469760703103
66,03.05.2024,13,2024,True,har,0.0135277050350854,0.01981794889737906
66,06.05.2024,13,2024,True,har,0.0135404442254786,0.019765413302762762
66,07.05.2024,13,2024,True,har,0.014144994023818,0.01984681226461013
66,08.05.2024,13,2024,True,har,0.0143328935264683,0.019776712981262403
66,09.05.2024,13,2024,True,har,0.0143874664347492,0.018043600661722572
66,10.05.2024,13,2024,True,har,0.0144482373206221,0.018024592409936535
66,13.05.2024,13,2024,True,har,0.0145624562683692,0.018482888446419158
66,14.05.2024,13,2024,True,har,0.014823003669969,0.01839479876097977
66,15.05.2024,13,2024,True,har,0.0148203734178692,0.01874599993023752
66,16.05.2024,13,2024,True,har,0.0148899685766899,0.018103636933065183
66,17.05.2024,13,2024,True,har,0.0149821245324987,0.018252034738814708
66,20.05.2024,13,2024,True,har,0.0152754623940716,0.018207626175044622
66,21.05.2024,13,2024,True,har,0.0156971379652042,0.0180378104519724
66,22.05.2024,13,2024,True,har,0.0158900050229844,0.018006390977189528
66,23.05.2024,13,2024,True,har,0.0159292434886983,0.01826951591833067
66,24.05.2024,13,2024,True,har,0.0160181593939687,0.017841242503626873
66,28.05.2024,13,2024,True,har,0.0157823759685365,0.01801719335336891
66,29.05.2024,13,2024,True,har,0.0176946026446074,0.019707462825841453
66,30.05.2024,13,2024,True,har,0.0176021932832481,0.01909470934310642
66,31.05.2024,13,2024,True,har,0.0176027803627475,0.018363800021513957
66,03.06.2024,13,2024,True,har,0.0171204813820263,0.017743464837774447
66,04.06.2024,13,2024,True,har,0.0171474969089771,0.020657115289496875
66,05.06.2024,13,2024,True,har,0.0176484161018247,0.01877296225263087
66,06.06.2024,13,2024,True,har,0.0176829808672,0.01937204889942344
66,07.06.2024,13,2024,True,har,0.0178688834724459,0.02017133263164533
66,10.06.2024,13,2024,True,har,0.0175642201152714,0.01965522362972446
66,11.06.2024,13,2024,True,har,0.0176878190964068,0.01986687985405687
66,12.06.2024,13,2024,True,har,0.017738448122543,0.018795412420865427
66,13.06.2024,13,2024,True,har,0.0177334439153405,0.018923374306162158
66,14.06.2024,13,2024,True,har,0.0178763980934607,0.018654289383612046
66,17.06.2024,13,2024,True,har,0.0176871361308514,0.018589738936487216
66,18.06.2024,13,2024,True,har,0.0176075034370926,0.01911874986273705
66,20.06.2024,13,2024,True,har,0.0177480902931381,0.01899413319216538
66,21.06.2024,13,2024,True,har,0.0179313445692556,0.01867982834401602
66,24.06.2024,13,2024,True,har,0.0181032096121404,0.018805020345380438
66,25.06.2024,13,2024,True,har,0.018095252103724,0.018810751730958995
66,26.06.2024,13,2024,True,har,0.0180829814664758,0.019054428786606622
66,27.06.2024,13,2024,True,har,0.0182892542251945,0.018266405659517808
66,28.06.2024,13,2024,True,har,0.0183070197551474,0.01883956929680243
66,01.07.2024,13,2024,True,har,0.0193671960153813,0.01803960358461055
66,02.07.2024,13,2024,True,har,0.0193846208976425,0.018018859001732994
66,03.07.2024,13,2024,True,har,0.0198609734190244,0.016476822789593205
66,05.07.2024,13,2024,True,har,0.020641846070229,0.016701909764889666
66,08.07.2024,13,2024,True,har,0.0206349576334677,0.016786817618076356
66,09.07.2024,13,2024,True,har,0.0211050964432844,0.016870383711716015
66,10.07.2024,13,2024,True,har,0.0210964722730192,0.017258228919915346
66,11.07.2024,13,2024,True,har,0.0212170070179351,0.016656206766572864
66,12.07.2024,13,2024,True,har,0.0218028840899415,0.01634676112392914
66,15.07.2024,13,2024,True,har,0.0218038272979446,0.016319614704463147
66,16.07.2024,13,2024,True,har,0.0217668908567391,0.016192864725214626
66,17.07.2024,13,2024,True,har,0.0217516732274475,0.016751956921914515
66,18.07.2024,13,2024,True,har,0.0218750959388837,0.017077546860100885
66,19.07.2024,13,2024,True,har,0.021819840037755,0.016404367986540304
66,22.07.2024,13,2024,True,har,0.0218782278345716,0.018651446235087497
66,23.07.2024,13,2024,True,har,0.0218064249750443,0.017772029840046572
66,24.07.2024,13,2024,True,har,0.0219650743024018,0.018346997992106925
66,25.07.2024,13,2024,True,har,0.0232083371109282,0.017883951775604354
66,26.07.2024,13,2024,True,har,0.0231529809575982,0.01806131950864281
66,29.07.2024,13,2024,True,har,0.0232328272123346,0.017800960085990667
66,30.07.2024,13,2024,True,har,0.0232054117662217,0.018099928714714535
66,31.07.2024,13,2024,True,har,0.0229528678778207,0.018025570430584458
66,01.08.2024,13,2024,True,har,0.0231493862280976,0.019610075799923167
66,02.08.2024,13,2024,True,har,0.0227739034187746,0.019107886350607096
66,05.08.2024,13,2024,True,har,0.0227808631362685,0.020630574862353833
66,06.08.2024,13,2024,True,har,0.0228100754057013,0.019698975637435015
66,07.08.2024,13,2024,True,har,0.0227874582250837,0.01958544280021405
66,08.08.2024,13,2024,True,har,0.0229831397261079,0.020598003914491042
66,09.08.2024,13,2024,True,har,0.0229645628292779,0.02028100104947782
66,12.08.2024,13,2024,True,har,0.0225830537591798,0.019134657041295633
66,13.08.2024,13,2024,True,har,0.0224837511972345,0.020725800794231884
66,14.08.2024,13,2024,True,har,0.0225798872719823,0.021121270854396072
66,15.08.2024,13,2024,True,har,0.0228433061298488,0.02078053041492428
66,16.08.2024,13,2024,True,har,0.0227627076261193,0.021135830018337153
66,19.08.2024,13,2024,True,har,0.0225691417588288,0.021120636508020815
66,20.08.2024,13,2024,True,har,0.022697431283232,0.02097738955922768
66,21.08.2024,13,2024,True,har,0.0226819607154547,0.02019394692229797
66,22.08.2024,13,2024,True,har,0.0228749212998105,0.02051361372380406
66,23.08.2024,13,2024,True,har,0.0226799547691992,0.020595469814357878
66,26.08.2024,13,2024,True,har,0.0223417405412458,0.021535807762594453
66,27.08.2024,13,2024,True,har,0.0221798214503912,0.021914066851435106
66,28.08.2024,13,2024,True,har,0.0222127654946626,0.022290826380146317
66,29.08.2024,13,2024,True,har,0.0223381492089506,0.02158377902353276
66,30.08.2024,13,2024,True,har,0.0223749293134568,0.02178238629554122
66,03.09.2024,13,2024,True,har,0.0208541145323047,0.02122306138668319
66,04.09.2024,13,2024,True,har,0.0208461543675951,0.025337026829539193
66,05.09.2024,13,2024,True,har,0.0209232078510354,0.023705236074871044
66,06.09.2024,13,2024,True,har,0.0207323503368807,0.023089192681107602
66,09.09.2024,13,2024,True,har,0.0208100374195619,0.023290192456181934
66,10.09.2024,13,2024,True,har,0.0202649171468338,0.02339569492992825
66,11.09.2024,13,2024,True,har,0.0201927928812814,0.022974166697962685
66,12.09.2024,13,2024,True,har,0.0200895915394468,0.02313939760545663
66,13.09.2024,13,2024,True,har,0.0201179780370816,0.023561573266004852
66,16.09.2024,13,2024,True,har,0.0200275551042805,0.02270699720465247
66,17.09.2024,13,2024,True,har,0.0199812476037402,0.023223152142237274
66,18.09.2024,13,2024,True,har,0.0199815139259535,0.021634654864825215
66,19.09.2024,13,2024,True,har,0.0198777406894402,0.021269301215526833
66,20.09.2024,13,2024,True,har,0.0199370235485368,0.021777462349764506
66,23.09.2024,13,2024,True,har,0.0199203891639961,0.021325333619150465
66,24.09.2024,13,2024,True,har,0.019866442917845,0.02127392101482652
66,25.09.2024,13,2024,True,har,0.0196639025433609,0.021401738601420705
66,26.09.2024,13,2024,True,har,0.0193999326051131,0.02210185616733021
66,27.09.2024,13,2024,True,har,0.0194982381688211,0.02232844617816083
66,30.09.2024,13,2024,True,har,0.0195103220254177,0.02165624082770294
66,01.10.2024,13,2024,True,har,0.0192892197849695,0.02155350649038768
66,02.10.2024,13,2024,True,har,0.0193164297001939,0.021079005604934826
66,03.10.2024,13,2024,True,har,0.0183960650091933,0.02006887029215213
66,04.10.2024,13,2024,True,har,0.01925454388068,0.02278663522392201
66,07.10.2024,13,2024,True,har,0.018824650781501,0.0210737625637218
66,08.10.2024,13,2024,True,har,0.0179520792210765,0.022290691116203677
66,09.10.2024,13,2024,True,har,0.0181925596954897,0.02480507071126601
66,10.10.2024,13,2024,True,har,0.0176942523792621,0.02357173354677404
66,11.10.2024,13,2024,True,har,0.0177023081126235,0.024467001088760206
66,14.10.2024,13,2024,True,har,0.0176773061728084,0.023462835160007897
66,15.10.2024,13,2024,True,har,0.0168631504555199,0.02365898874611766
66,16.10.2024,13,2024,True,har,0.0169070757903539,0.024853411490409504
66,17.10.2024,13,2024,True,har,0.0169062894611325,0.02351617436301914
66,18.10.2024,13,2024,True,har,0.0168958583535566,0.022511467122914294
66,21.10.2024,13,2024,True,har,0.0167889530867325,0.02307591815191274
66,22.10.2024,13,2024,True,har,0.0166156130699683,0.023541389911725052
66,23.10.2024,13,2024,True,har,0.0165231453856751,0.02319746619966899
66,24.10.2024,13,2024,True,har,0.0164934524942003,0.023006087911075116
66,25.10.2024,13,2024,True,har,0.016320805012089,0.02262126558109788
66,28.10.2024,13,2024,True,har,0.0143123701740407,0.023095804838792998
66,29.10.2024,13,2024,True,har,0.014555258659778,0.027406251102790772
66,30.10.2024,13,2024,True,har,0.0143682571772584,0.0249067530035237
66,31.10.2024,13,2024,True,har,0.014345136110081,0.025867693380703875
66,01.11.2024,13,2024,True,har,0.0144748930614413,0.024789542644481435
66,04.11.2024,13,2024,True,har,0.0142151367845949,0.024246216234269972
66,05.11.2024,13,2024,True,har,0.0145074822976161,0.023004373696344702
66,06.11.2024,13,2024,True,har,0.0144751458334018,0.021452918785068865
66,07.11.2024,13,2024,True,har,0.0144341267447425,0.021714404450804838
66,08.11.2024,13,2024,True,har,0.0142467438494088,0.021276731280209855
66,11.11.2024,13,2024,True,har,0.0137991373805725,0.02247301292899969
66,12.11.2024,13,2024,True,har,0.0138123464078866,0.022529337186632616
66,13.11.2024,13,2024,True,har,0.0142260494364305,0.0209548404103813
66,14.11.2024,13,2024,True,har,0.0142294649100901,0.021265692331071943
66,15.11.2024,13,2024,True,har,0.0142949253239514,0.021100495336643744
66,18.11.2024,13,2024,True,har,0.0137878008491918,0.021641570812685272
66,19.11.2024,13,2024,True,har,0.0140227749953885,0.0225569228884415
66,20.11.2024,13,2024,True,har,0.0140724752332247,0.021319686922316627
66,21.11.2024,13,2024,True,har,0.0141118903824265,0.021538239908600466
66,22.11.2024,13,2024,True,har,0.0140456674764269,0.02224411594683459
66,25.11.2024,13,2024,True,har,0.0139202762987733,0.021327411540651698
66,26.11.2024,13,2024,True,har,0.0139232524491327,0.02086041072167126
66,27.11.2024,13,2024,True,har,0.0140230262279063,0.020000512599273358
66,29.11.2024,13,2024,True,har,0.0141404090326017,0.01971018617259387
66,02.12.2024,13,2024,True,har,0.0140342789913012,0.01940231173630726
66,03.12.2024,13,2024,True,har,0.0139134750826801,0.01972330286476831
66,04.12.2024,13,2024,True,har,0.0138644761521898,0.020105582416425787
66,05.12.2024,13,2024,True,har,0.0139203886397541,0.020247345803888626
66,06.12.2024,13,2024,True,har,0.0138489957232844,0.019745874233752632
66,09.12.2024,13,2024,True,har,0.0137607694430273,0.020128411445729445
66,10.12.2024,13,2024,True,har,0.0137667754690624,0.02011751224981233
66,11.12.2024,13,2024,True,har,0.0137433223652487,0.018733224193283795
66,12.12.2024,13,2024,True,har,0.0137460253354548,0.019500677889530256
66,13.12.2024,13,2024,True,har,0.0137005854651174,0.018934271056522546
66,16.12.2024,13,2024,True,har,0.0136685091916802,0.019074213537423005
66,17.12.2024,13,2024,True,har,0.0136771846978768,0.01883100694573371
66,18.12.2024,13,2024,True,har,0.0136788522737193,0.018608457325489724
66,19.12.2024,13,2024,True,har,0.0136677572943262,0.018070089987640113
66,20.12.2024,13,2024,True,har,0.0137886729131889,0.01825368340355927
66,23.12.2024,13,2024,True,har,0.0137844333105406,0.017358392565242797
66,24.12.2024,13,2024,True,har,0.0137136903213584,0.01731430389441769
66,26.12.2024,13,2024,True,har,0.0159716587765146,0.0174061605467728
66,27.12.2024,13,2024,True,har,0.0178656097679454,0.01716225078799019
66,30.12.2024,13,2024,True,har,0.0180107079800045,0.017584115110697008
66,31.12.2024,13,2024,True,har,0.0181576723135666,0.01727210264388549
66,02.01.2024,13,2024,True,har_ovx,0.0139466903219893,0.02091301906949898
66,03.01.2024,13,2024,True,har_ovx,0.0135942430085815,0.021675478383671884
66,04.01.2024,13,2024,True,har_ovx,0.013582361741074,0.021721635218385785
66,05.01.2024,13,2024,True,har_ovx,0.0135501826356433,0.021284898523023846
66,08.01.2024,13,2024,True,har_ovx,0.0127951148158405,0.02090506656665751
66,09.01.2024,13,2024,True,har_ovx,0.012650854713436,0.021530430807506617
66,10.01.2024,13,2024,True,har_ovx,0.0125607875436218,0.021192027636547525
66,11.01.2024,13,2024,True,har_ovx,0.0131877938126398,0.02099612582050117
66,12.01.2024,13,2024,True,har_ovx,0.0131424734181758,0.021074650188890452
66,16.01.2024,13,2024,True,har_ovx,0.0131410211440862,0.022193952554205303
66,17.01.2024,13,2024,True,har_ovx,0.0131276135492903,0.020952547224888027
66,18.01.2024,13,2024,True,har_ovx,0.0131383530938573,0.02053626250253071
66,19.01.2024,13,2024,True,har_ovx,0.0131182756168184,0.020301614085065683
66,22.01.2024,13,2024,True,har_ovx,0.0129963843966237,0.02022365324221878
66,23.01.2024,13,2024,True,har_ovx,0.0129661692585261,0.02041512318909111
66,24.01.2024,13,2024,True,har_ovx,0.0130702429074578,0.020124957249936237
66,25.01.2024,13,2024,True,har_ovx,0.0126270410956006,0.019795407164321294
66,26.01.2024,13,2024,True,har_ovx,0.0140917518244726,0.02052153679821673
66,29.01.2024,13,2024,True,har_ovx,0.0139887312967168,0.020160470589098596
66,30.01.2024,13,2024,True,har_ovx,0.0140127958380673,0.020760012203764208
66,31.01.2024,13,2024,True,har_ovx,0.0139110148344476,0.02057062782686761
66,01.02.2024,13,2024,True,har_ovx,0.0130877432922774,0.02108933172528883
66,02.02.2024,13,2024,True,har_ovx,0.0128932216329761,0.020858470601484557
66,05.02.2024,13,2024,True,har_ovx,0.0128644461053916,0.020316446922866733
66,06.02.2024,13,2024,True,har_ovx,0.0129547755108436,0.020253638592688725
66,07.02.2024,13,2024,True,har_ovx,0.0129469856294881,0.01982183959492943
66,08.02.2024,13,2024,True,har_ovx,0.0125072409935312,0.01935964255438347
66,09.02.2024,13,2024,True,har_ovx,0.0124911837639358,0.019553219386696477
66,12.02.2024,13,2024,True,har_ovx,0.0125102623127686,0.019254614791299127
66,13.02.2024,13,2024,True,har_ovx,0.0125011093767275,0.019367225306583677
66,14.02.2024,13,2024,True,har_ovx,0.0123780604022943,0.019342536719658236
66,15.02.2024,13,2024,True,har_ovx,0.0122997393022932,0.019704010266328963
66,16.02.2024,13,2024,True,har_ovx,0.0123510545770485,0.019289098075645526
66,20.02.2024,13,2024,True,har_ovx,0.0122643462258448,0.018870214656862346
66,21.02.2024,13,2024,True,har_ovx,0.0122750939045658,0.019308180488348755
66,22.02.2024,13,2024,True,har_ovx,0.0126332280862766,0.01902989762627996
66,23.02.2024,13,2024,True,har_ovx,0.0122820059059456,0.0187602051666052
66,26.02.2024,13,2024,True,har_ovx,0.0124852234718429,0.01933543344991634
66,27.02.2024,13,2024,True,har_ovx,0.0123730698540345,0.01934542729471632
66,28.02.2024,13,2024,True,har_ovx,0.0133336573746878,0.019254892885269062
66,29.02.2024,13,2024,True,har_ovx,0.0133878258862676,0.01907380093807208
66,01.03.2024,13,2024,True,har_ovx,0.0134768559952024,0.019137587331291152
66,04.03.2024,13,2024,True,har_ovx,0.0136472779616329,0.018605704020467566
66,05.03.2024,13,2024,True,har_ovx,0.0136082636502864,0.018546519651475604
66,06.03.2024,13,2024,True,har_ovx,0.013891812418067,0.01832774711721011
66,07.03.2024,13,2024,True,har_ovx,0.01389963039016,0.018324325886461917
66,08.03.2024,13,2024,True,har_ovx,0.0138754905745322,0.01821522432116212
66,11.03.2024,13,2024,True,har_ovx,0.0138759020751831,0.018350350695212625
66,12.03.2024,13,2024,True,har_ovx,0.0138701003238692,0.018090665715586533
66,13.03.2024,13,2024,True,har_ovx,0.0137228813703272,0.01814132528917129
66,14.03.2024,13,2024,True,har_ovx,0.0136628627619517,0.018675055251305344
66,15.03.2024,13,2024,True,har_ovx,0.0136733300876823,0.019210069589023923
66,18.03.2024,13,2024,True,har_ovx,0.0135040493897426,0.018450600893082737
66,19.03.2024,13,2024,True,har_ovx,0.0135330880741058,0.018644342420132343
66,20.03.2024,13,2024,True,har_ovx,0.0134569596654135,0.01824731713119488
66,21.03.2024,13,2024,True,har_ovx,0.0134599765714976,0.018410719389364616
66,22.03.2024,13,2024,True,har_ovx,0.0135502179272489,0.01782641906409564
66,25.03.2024,13,2024,True,har_ovx,0.0134170699183515,0.017650842866599025
66,26.03.2024,13,2024,True,har_ovx,0.0134006608551876,0.017889907454724144
66,27.03.2024,13,2024,True,har_ovx,0.0134087566970589,0.017708863612195397
66,28.03.2024,13,2024,True,har_ovx,0.0133536295331093,0.01735430653060103
66,01.04.2024,13,2024,True,har_ovx,0.0134011778746087,0.017506568818493932
66,02.04.2024,13,2024,True,har_ovx,0.0132721197672903,0.017730546971436972
66,03.04.2024,13,2024,True,har_ovx,0.0133393561604841,0.018314144719102723
66,04.04.2024,13,2024,True,har_ovx,0.0132229146504745,0.018122103297370497
66,05.04.2024,13,2024,True,har_ovx,0.0132098421100741,0.019059258363166964
66,08.04.2024,13,2024,True,har_ovx,0.0131815485838039,0.019004033648441776
66,09.04.2024,13,2024,True,har_ovx,0.0131260950730654,0.018637424836600643
66,10.04.2024,13,2024,True,har_ovx,0.0131192392692792,0.01822342501612962
66,11.04.2024,13,2024,True,har_ovx,0.0132571138805099,0.018601380938633692
66,12.04.2024,13,2024,True,har_ovx,0.0132135225672155,0.018830486788158574
66,15.04.2024,13,2024,True,har_ovx,0.0136724820476675,0.019105123581327446
66,16.04.2024,13,2024,True,har_ovx,0.0136735762829844,0.02002112979282509
66,17.04.2024,13,2024,True,har_ovx,0.0133173950781393,0.01933676674940546
66,18.04.2024,13,2024,True,har_ovx,0.0133705310329303,0.019768655755150164
66,19.04.2024,13,2024,True,har_ovx,0.0134116125212663,0.019020309114989795
66,22.04.2024,13,2024,True,har_ovx,0.0135236021555741,0.019100332312797126
66,23.04.2024,13,2024,True,har_ovx,0.0134855449174812,0.018490980815725717
66,24.04.2024,13,2024,True,har_ovx,0.0135751637401367,0.018535010805464734
66,25.04.2024,13,2024,True,har_ovx,0.0139171283871995,0.01809521347967208
66,26.04.2024,13,2024,True,har_ovx,0.0139872661313218,0.01798822146966362
66,29.04.2024,13,2024,True,har_ovx,0.0145066073763068,0.01776739280110372
66,30.04.2024,13,2024,True,har_ovx,0.0145090225782324,0.017965846091443402
66,01.05.2024,13,2024,True,har_ovx,0.0131331128154065,0.01780776905773683
66,02.05.2024,13,2024,True,har_ovx,0.0134872324992029,0.01925029439976196
66,03.05.2024,13,2024,True,har_ovx,0.0135277050350854,0.018387075019491522
66,06.05.2024,13,2024,True,har_ovx,0.0135404442254786,0.018482549800998723
66,07.05.2024,13,2024,True,har_ovx,0.014144994023818,0.018665736889268383
66,08.05.2024,13,2024,True,har_ovx,0.0143328935264683,0.018438589974819137
66,09.05.2024,13,2024,True,har_ovx,0.0143874664347492,0.01771396770762804
66,10.05.2024,13,2024,True,har_ovx,0.0144482373206221,0.017716649721192558
66,13.05.2024,13,2024,True,har_ovx,0.0145624562683692,0.01786884747687729
66,14.05.2024,13,2024,True,har_ovx,0.014823003669969,0.017877577854999098
66,15.05.2024,13,2024,True,har_ovx,0.0148203734178692,0.017991938243559973
66,16.05.2024,13,2024,True,har_ovx,0.0148899685766899,0.017910091758168066
66,17.05.2024,13,2024,True,har_ovx,0.0149821245324987,0.01766456415557829
66,20.05.2024,13,2024,True,har_ovx,0.0152754623940716,0.017895425500658844
66,21.05.2024,13,2024,True,har_ovx,0.0156971379652042,0.017794997117648835
66,22.05.2024,13,2024,True,har_ovx,0.0158900050229844,0.017673177194000474
66,23.05.2024,13,2024,True,har_ovx,0.0159292434886983,0.017859645509010747
66,24.05.2024,13,2024,True,har_ovx,0.0160181593939687,0.018021752052808357
66,28.05.2024,13,2024,True,har_ovx,0.0157823759685365,0.017748586505871966
66,29.05.2024,13,2024,True,har_ovx,0.0176946026446074,0.018248442466972603
66,30.05.2024,13,2024,True,har_ovx,0.0176021932832481,0.01783590477740434
66,31.05.2024,13,2024,True,har_ovx,0.0176027803627475,0.01870539294452813
66,03.06.2024,13,2024,True,har_ovx,0.0171204813820263,0.01883297152885553
66,04.06.2024,13,2024,True,har_ovx,0.0171474969089771,0.01970572481235079
66,05.06.2024,13,2024,True,har_ovx,0.0176484161018247,0.018933483663064313
66,06.06.2024,13,2024,True,har_ovx,0.0176829808672,0.01873951937870833
66,07.06.2024,13,2024,True,har_ovx,0.0178688834724459,0.018551353975545352
66,10.06.2024,13,2024,True,har_ovx,0.0175642201152714,0.018027612097424664
66,11.06.2024,13,2024,True,har_ovx,0.0176878190964068,0.017687921690963608
66,12.06.2024,13,2024,True,har_ovx,0.017738448122543,0.017274242243678583
66,13.06.2024,13,2024,True,har_ovx,0.0177334439153405,0.017108070664302578
66,14.06.2024,13,2024,True,har_ovx,0.0178763980934607,0.016920397747558526
66,17.06.2024,13,2024,True,har_ovx,0.0176871361308514,0.016976231219708586
66,18.06.2024,13,2024,True,har_ovx,0.0176075034370926,0.01690874311891234
66,20.06.2024,13,2024,True,har_ovx,0.0177480902931381,0.016730140069105396
66,21.06.2024,13,2024,True,har_ovx,0.0179313445692556,0.01679636038781917
66,24.06.2024,13,2024,True,har_ovx,0.0181032096121404,0.01702203354533214
66,25.06.2024,13,2024,True,har_ovx,0.018095252103724,0.017212595560285395
66,26.06.2024,13,2024,True,har_ovx,0.0180829814664758,0.01737378461542049
66,27.06.2024,13,2024,True,har_ovx,0.0182892542251945,0.01732753847136798
66,28.06.2024,13,2024,True,har_ovx,0.0183070197551474,0.017529702071625054
66,01.07.2024,13,2024,True,har_ovx,0.0193671960153813,0.01742829592494351
66,02.07.2024,13,2024,True,har_ovx,0.0193846208976425,0.017634078365590628
66,03.07.2024,13,2024,True,har_ovx,0.0198609734190244,0.0170423951383846
66,05.07.2024,13,2024,True,har_ovx,0.020641846070229,0.016828401793014452
66,08.07.2024,13,2024,True,har_ovx,0.0206349576334677,0.01657835851864133
66,09.07.2024,13,2024,True,har_ovx,0.0211050964432844,0.01663161782086115
66,10.07.2024,13,2024,True,har_ovx,0.0210964722730192,0.01682598853912138
66,11.07.2024,13,2024,True,har_ovx,0.0212170070179351,0.016710105253206202
66,12.07.2024,13,2024,True,har_ovx,0.0218028840899415,0.01657782391853288
66,15.07.2024,13,2024,True,har_ovx,0.0218038272979446,0.016596631745758667
66,16.07.2024,13,2024,True,har_ovx,0.0217668908567391,0.0164624775090307
66,17.07.2024,13,2024,True,har_ovx,0.0217516732274475,0.016757934945726652
66,18.07.2024,13,2024,True,har_ovx,0.0218750959388837,0.01718368863883483
66,19.07.2024,13,2024,True,har_ovx,0.021819840037755,0.017128629230273928
66,22.07.2024,13,2024,True,har_ovx,0.0218782278345716,0.01806252337957705
66,23.07.2024,13,2024,True,har_ovx,0.0218064249750443,0.017797607375301158
66,24.07.2024,13,2024,True,har_ovx,0.0219650743024018,0.017936410120297726
66,25.07.2024,13,2024,True,har_ovx,0.0232083371109282,0.01778938939209416
66,26.07.2024,13,2024,True,har_ovx,0.0231529809575982,0.01774468145963075
66,29.07.2024,13,2024,True,har_ovx,0.0232328272123346,0.018567368559502955
66,30.07.2024,13,2024,True,har_ovx,0.0232054117662217,0.018949264014978165
66,31.07.2024,13,2024,True,har_ovx,0.0229528678778207,0.019103147772205738
66,01.08.2024,13,2024,True,har_ovx,0.0231493862280976,0.020149158838461127
66,02.08.2024,13,2024,True,har_ovx,0.0227739034187746,0.019937947110138528
66,05.08.2024,13,2024,True,har_ovx,0.0227808631362685,0.021887419902742785
66,06.08.2024,13,2024,True,har_ovx,0.0228100754057013,0.02298770187844891
66,07.08.2024,13,2024,True,har_ovx,0.0227874582250837,0.022029381362096694
66,08.08.2024,13,2024,True,har_ovx,0.0229831397261079,0.021532786953122097
66,09.08.2024,13,2024,True,har_ovx,0.0229645628292779,0.020487661589310258
66,12.08.2024,13,2024,True,har_ovx,0.0225830537591798,0.019574680508714606
66,13.08.2024,13,2024,True,har_ovx,0.0224837511972345,0.020449864184278067
66,14.08.2024,13,2024,True,har_ovx,0.0225798872719823,0.02009898922152783
66,15.08.2024,13,2024,True,har_ovx,0.0228433061298488,0.01952665193739305
66,16.08.2024,13,2024,True,har_ovx,0.0227627076261193,0.019497322690605882
66,19.08.2024,13,2024,True,har_ovx,0.0225691417588288,0.019541314908876523
66,20.08.2024,13,2024,True,har_ovx,0.022697431283232,0.019637807399923136
66,21.08.2024,13,2024,True,har_ovx,0.0226819607154547,0.019419726585054076
66,22.08.2024,13,2024,True,har_ovx,0.0228749212998105,0.019706253654909307
66,23.08.2024,13,2024,True,har_ovx,0.0226799547691992,0.019423278297028296
66,26.08.2024,13,2024,True,har_ovx,0.0223417405412458,0.019380833460371644
66,27.08.2024,13,2024,True,har_ovx,0.0221798214503912,0.019541790402671122
66,28.08.2024,13,2024,True,har_ovx,0.0222127654946626,0.019758668063407425
66,29.08.2024,13,2024,True,har_ovx,0.0223381492089506,0.019844563451778187
66,30.08.2024,13,2024,True,har_ovx,0.0223749293134568,0.01980919941662467
66,03.09.2024,13,2024,True,har_ovx,0.0208541145323047,0.020190741951368035
66,04.09.2024,13,2024,True,har_ovx,0.0208461543675951,0.02169442685449824
66,05.09.2024,13,2024,True,har_ovx,0.0209232078510354,0.021934983008308186
66,06.09.2024,13,2024,True,har_ovx,0.0207323503368807,0.02143932600241425
66,09.09.2024,13,2024,True,har_ovx,0.0208100374195619,0.021691803130746305
66,10.09.2024,13,2024,True,har_ovx,0.0202649171468338,0.021606992577634307
66,11.09.2024,13,2024,True,har_ovx,0.0201927928812814,0.022317875918772476
66,12.09.2024,13,2024,True,har_ovx,0.0200895915394468,0.0216674031465102
66,13.09.2024,13,2024,True,har_ovx,0.0201179780370816,0.021291948845304304
66,16.09.2024,13,2024,True,har_ovx,0.0200275551042805,0.020794787627768197
66,17.09.2024,13,2024,True,har_ovx,0.0199812476037402,0.02078480619078902
66,18.09.2024,13,2024,True,har_ovx,0.0199815139259535,0.02028851890409956
66,19.09.2024,13,2024,True,har_ovx,0.0198777406894402,0.020442932963724153
66,20.09.2024,13,2024,True,har_ovx,0.0199370235485368,0.01986370519698691
66,23.09.2024,13,2024,True,har_ovx,0.0199203891639961,0.019317378233515148
66,24.09.2024,13,2024,True,har_ovx,0.019866442917845,0.019996143909475322
66,25.09.2024,13,2024,True,har_ovx,0.0196639025433609,0.0199326887553763
66,26.09.2024,13,2024,True,har_ovx,0.0193999326051131,0.02040312320279039
66,27.09.2024,13,2024,True,har_ovx,0.0194982381688211,0.021978522611027267
66,30.09.2024,13,2024,True,har_ovx,0.0195103220254177,0.021782694260672628
66,01.10.2024,13,2024,True,har_ovx,0.0192892197849695,0.021829540093848514
66,02.10.2024,13,2024,True,har_ovx,0.0193164297001939,0.022938869199816324
66,03.10.2024,13,2024,True,har_ovx,0.0183960650091933,0.023670863413041636
66,04.10.2024,13,2024,True,har_ovx,0.01925454388068,0.02659473948868532
66,07.10.2024,13,2024,True,har_ovx,0.018824650781501,0.023803348428733558
66,08.10.2024,13,2024,True,har_ovx,0.0179520792210765,0.024616225949042326
66,09.10.2024,13,2024,True,har_ovx,0.0181925596954897,0.026698479392603704
66,10.10.2024,13,2024,True,har_ovx,0.0176942523792621,0.02531960959325799
66,11.10.2024,13,2024,True,har_ovx,0.0177023081126235,0.026498781103283915
66,14.10.2024,13,2024,True,har_ovx,0.0176773061728084,0.026290152920092666
66,15.10.2024,13,2024,True,har_ovx,0.0168631504555199,0.025936358094013408
66,16.10.2024,13,2024,True,har_ovx,0.0169070757903539,0.025260952160830706
66,17.10.2024,13,2024,True,har_ovx,0.0169062894611325,0.02462693891506562
66,18.10.2024,13,2024,True,har_ovx,0.0168958583535566,0.02392587823625153
66,21.10.2024,13,2024,True,har_ovx,0.0167889530867325,0.024162439552079217
66,22.10.2024,13,2024,True,har_ovx,0.0166156130699683,0.024233578206919296
66,23.10.2024,13,2024,True,har_ovx,0.0165231453856751,0.02427020431526454
66,24.10.2024,13,2024,True,har_ovx,0.0164934524942003,0.024295393836998275
66,25.10.2024,13,2024,True,har_ovx,0.016320805012089,0.023916067623811543
66,28.10.2024,13,2024,True,har_ovx,0.0143123701740407,0.02467667866250915
66,29.10.2024,13,2024,True,har_ovx,0.014555258659778,0.024179354474978654
66,30.10.2024,13,2024,True,har_ovx,0.0143682571772584,0.023267645147136865
66,31.10.2024,13,2024,True,har_ovx,0.014345136110081,0.02318923718631297
66,01.11.2024,13,2024,True,har_ovx,0.0144748930614413,0.025267932336540313
66,04.11.2024,13,2024,True,har_ovx,0.0142151367845949,0.023728313866978462
66,05.11.2024,13,2024,True,har_ovx,0.0145074822976161,0.023606623793859208
66,06.11.2024,13,2024,True,har_ovx,0.0144751458334018,0.023230736369011615
66,07.11.2024,13,2024,True,har_ovx,0.0144341267447425,0.023085688296009793
66,08.11.2024,13,2024,True,har_ovx,0.0142467438494088,0.022441093988789157
66,11.11.2024,13,2024,True,har_ovx,0.0137991373805725,0.021753389120472748
66,12.11.2024,13,2024,True,har_ovx,0.0138123464078866,0.021417991486038228
66,13.11.2024,13,2024,True,har_ovx,0.0142260494364305,0.02008638876051369
66,14.11.2024,13,2024,True,har_ovx,0.0142294649100901,0.021004141876397278
66,15.11.2024,13,2024,True,har_ovx,0.0142949253239514,0.019142612234041338
66,18.11.2024,13,2024,True,har_ovx,0.0137878008491918,0.020493668716878584
66,19.11.2024,13,2024,True,har_ovx,0.0140227749953885,0.021269123249543578
66,20.11.2024,13,2024,True,har_ovx,0.0140724752332247,0.021063591025530598
66,21.11.2024,13,2024,True,har_ovx,0.0141118903824265,0.020994767829082626
66,22.11.2024,13,2024,True,har_ovx,0.0140456674764269,0.021246799909865062
66,25.11.2024,13,2024,True,har_ovx,0.0139202762987733,0.02058446198807367
66,26.11.2024,13,2024,True,har_ovx,0.0139232524491327,0.021321066016318075
66,27.11.2024,13,2024,True,har_ovx,0.0140230262279063,0.021436773836095824
66,29.11.2024,13,2024,True,har_ovx,0.0141404090326017,0.020889000606077773
66,02.12.2024,13,2024,True,har_ovx,0.0140342789913012,0.020168731253860754
66,03.12.2024,13,2024,True,har_ovx,0.0139134750826801,0.020135922396206086
66,04.12.2024,13,2024,True,har_ovx,0.0138644761521898,0.020239407021119003
66,05.12.2024,13,2024,True,har_ovx,0.0139203886397541,0.020080955501625086
66,06.12.2024,13,2024,True,har_ovx,0.0138489957232844,0.01867248266882465
66,09.12.2024,13,2024,True,har_ovx,0.0137607694430273,0.01923989626916104
66,10.12.2024,13,2024,True,har_ovx,0.0137667754690624,0.0183232371424294
66,11.12.2024,13,2024,True,har_ovx,0.0137433223652487,0.01818792432472132
66,12.12.2024,13,2024,True,har_ovx,0.0137460253354548,0.019358924513706605
66,13.12.2024,13,2024,True,har_ovx,0.0137005854651174,0.019662337867736045
66,16.12.2024,13,2024,True,har_ovx,0.0136685091916802,0.01999793563790416
66,17.12.2024,13,2024,True,har_ovx,0.0136771846978768,0.019574948437152826
66,18.12.2024,13,2024,True,har_ovx,0.0136788522737193,0.018868567592564278
66,19.12.2024,13,2024,True,har_ovx,0.0136677572943262,0.019204886975349802
66,20.12.2024,13,2024,True,har_ovx,0.0137886729131889,0.018661013897594076
66,23.12.2024,13,2024,True,har_ovx,0.0137844333105406,0.018029987553675207
66,24.12.2024,13,2024,True,har_ovx,0.0137136903213584,0.01829772726525805
66,26.12.2024,13,2024,True,har_ovx,0.0159716587765146,0.018521935237102206
66,27.12.2024,13,2024,True,har_ovx,0.0178656097679454,0.0183512228106667
66,30.12.2024,13,2024,True,har_ovx,0.0180107079800045,0.01852137270004385
66,31.12.2024,13,2024,True,har_ovx,0.0181576723135666,0.01858593798008646
66,02.01.2024,13,2024,True,har_gpr,0.0139466903219893,0.021864309878766582
66,03.01.2024,13,2024,True,har_gpr,0.0135942430085815,0.020647131514900944
66,04.01.2024,13,2024,True,har_gpr,0.013582361741074,0.021763277069191036
66,05.01.2024,13,2024,True,har_gpr,0.0135501826356433,0.020969511132284017
66,08.01.2024,13,2024,True,har_gpr,0.0127951148158405,0.020621701212985854
66,09.01.2024,13,2024,True,har_gpr,0.012650854713436,0.022581931778581466
66,10.01.2024,13,2024,True,har_gpr,0.0125607875436218,0.022059232307780893
66,11.01.2024,13,2024,True,har_gpr,0.0131877938126398,0.021421050815737065
66,12.01.2024,13,2024,True,har_gpr,0.0131424734181758,0.020724561189360793
66,16.01.2024,13,2024,True,har_gpr,0.0131410211440862,0.020752170089883747
66,17.01.2024,13,2024,True,har_gpr,0.0131276135492903,0.019032999570345828
66,18.01.2024,13,2024,True,har_gpr,0.0131383530938573,0.019000152253606423
66,19.01.2024,13,2024,True,har_gpr,0.0131182756168184,0.019237305885718026
66,22.01.2024,13,2024,True,har_gpr,0.0129963843966237,0.019002740580384266
66,23.01.2024,13,2024,True,har_gpr,0.0129661692585261,0.019445274911811767
66,24.01.2024,13,2024,True,har_gpr,0.0130702429074578,0.01914791719426256
66,25.01.2024,13,2024,True,har_gpr,0.0126270410956006,0.019061888328645853
66,26.01.2024,13,2024,True,har_gpr,0.0140917518244726,0.020288523654841354
66,29.01.2024,13,2024,True,har_gpr,0.0139887312967168,0.019438893729784194
66,30.01.2024,13,2024,True,har_gpr,0.0140127958380673,0.020364752899274103
66,31.01.2024,13,2024,True,har_gpr,0.0139110148344476,0.019765352432943372
66,01.02.2024,13,2024,True,har_gpr,0.0130877432922774,0.02030054952401176
66,02.02.2024,13,2024,True,har_gpr,0.0128932216329761,0.02154307038783444
66,05.02.2024,13,2024,True,har_gpr,0.0128644461053916,0.020589506887138766
66,06.02.2024,13,2024,True,har_gpr,0.0129547755108436,0.02030992140322623
66,07.02.2024,13,2024,True,har_gpr,0.0129469856294881,0.0197377637373661
66,08.02.2024,13,2024,True,har_gpr,0.0125072409935312,0.019212654263837572
66,09.02.2024,13,2024,True,har_gpr,0.0124911837639358,0.019893852876219698
66,12.02.2024,13,2024,True,har_gpr,0.0125102623127686,0.018495908534341916
66,13.02.2024,13,2024,True,har_gpr,0.0125011093767275,0.019824104665478428
66,14.02.2024,13,2024,True,har_gpr,0.0123780604022943,0.020062182228825
66,15.02.2024,13,2024,True,har_gpr,0.0122997393022932,0.02075541378861399
66,16.02.2024,13,2024,True,har_gpr,0.0123510545770485,0.02032483598860201
66,20.02.2024,13,2024,True,har_gpr,0.0122643462258448,0.020040236064409567
66,21.02.2024,13,2024,True,har_gpr,0.0122750939045658,0.019664635810848
66,22.02.2024,13,2024,True,har_gpr,0.0126332280862766,0.019470757998476564
66,23.02.2024,13,2024,True,har_gpr,0.0122820059059456,0.019196949323624243
66,26.02.2024,13,2024,True,har_gpr,0.0124852234718429,0.02007804512053154
66,27.02.2024,13,2024,True,har_gpr,0.0123730698540345,0.019606464370802042
66,28.02.2024,13,2024,True,har_gpr,0.0133336573746878,0.019653548892078765
66,29.02.2024,13,2024,True,har_gpr,0.0133878258862676,0.019199666883030722
66,01.03.2024,13,2024,True,har_gpr,0.0134768559952024,0.01905663141513892
66,04.03.2024,13,2024,True,har_gpr,0.0136472779616329,0.018189760976745253
66,05.03.2024,13,2024,True,har_gpr,0.0136082636502864,0.017836882579855114
66,06.03.2024,13,2024,True,har_gpr,0.013891812418067,0.01709132952788738
66,07.03.2024,13,2024,True,har_gpr,0.01389963039016,0.017521846589320437
66,08.03.2024,13,2024,True,har_gpr,0.0138754905745322,0.01715577168932236
66,11.03.2024,13,2024,True,har_gpr,0.0138759020751831,0.017079770588493966
66,12.03.2024,13,2024,True,har_gpr,0.0138701003238692,0.01672407066973896
66,13.03.2024,13,2024,True,har_gpr,0.0137228813703272,0.01729492307599734
66,14.03.2024,13,2024,True,har_gpr,0.0136628627619517,0.018938939727011144
66,15.03.2024,13,2024,True,har_gpr,0.0136733300876823,0.018744496405838987
66,18.03.2024,13,2024,True,har_gpr,0.0135040493897426,0.017915017610916958
66,19.03.2024,13,2024,True,har_gpr,0.0135330880741058,0.018565329072591598
66,20.03.2024,13,2024,True,har_gpr,0.0134569596654135,0.01778687264485162
66,21.03.2024,13,2024,True,har_gpr,0.0134599765714976,0.018705193224696298
66,22.03.2024,13,2024,True,har_gpr,0.0135502179272489,0.01807693751340233
66,25.03.2024,13,2024,True,har_gpr,0.0134170699183515,0.017664799684077935
66,26.03.2024,13,2024,True,har_gpr,0.0134006608551876,0.01762099975190492
66,27.03.2024,13,2024,True,har_gpr,0.0134087566970589,0.017230293264386756
66,28.03.2024,13,2024,True,har_gpr,0.0133536295331093,0.01683242853361274
66,01.04.2024,13,2024,True,har_gpr,0.0134011778746087,0.017648940159171123
66,02.04.2024,13,2024,True,har_gpr,0.0132721197672903,0.01740520827243649
66,03.04.2024,13,2024,True,har_gpr,0.0133393561604841,0.018008773526995696
66,04.04.2024,13,2024,True,har_gpr,0.0132229146504745,0.01732517852810128
66,05.04.2024,13,2024,True,har_gpr,0.0132098421100741,0.017561873087813
66,08.04.2024,13,2024,True,har_gpr,0.0131815485838039,0.01721893282644612
66,09.04.2024,13,2024,True,har_gpr,0.0131260950730654,0.016784143652371585
66,10.04.2024,13,2024,True,har_gpr,0.0131192392692792,0.017061812997962472
66,11.04.2024,13,2024,True,har_gpr,0.0132571138805099,0.017183745924061064
66,12.04.2024,13,2024,True,har_gpr,0.0132135225672155,0.01669557686297606
66,15.04.2024,13,2024,True,har_gpr,0.0136724820476675,0.016603046817448012
66,16.04.2024,13,2024,True,har_gpr,0.0136735762829844,0.018033457932494914
66,17.04.2024,13,2024,True,har_gpr,0.0133173950781393,0.017579943576231848
66,18.04.2024,13,2024,True,har_gpr,0.0133705310329303,0.019878029490357486
66,19.04.2024,13,2024,True,har_gpr,0.0134116125212663,0.018782311335168746
66,22.04.2024,13,2024,True,har_gpr,0.0135236021555741,0.01866372047309976
66,23.04.2024,13,2024,True,har_gpr,0.0134855449174812,0.01928741103827007
66,24.04.2024,13,2024,True,har_gpr,0.0135751637401367,0.020060544003577176
66,25.04.2024,13,2024,True,har_gpr,0.0139171283871995,0.018858628858201287
66,26.04.2024,13,2024,True,har_gpr,0.0139872661313218,0.01918959870455088
66,29.04.2024,13,2024,True,har_gpr,0.0145066073763068,0.018855228600778973
66,30.04.2024,13,2024,True,har_gpr,0.0145090225782324,0.018410544072916625
66,01.05.2024,13,2024,True,har_gpr,0.0131331128154065,0.017817184632468095
66,02.05.2024,13,2024,True,har_gpr,0.0134872324992029,0.022245793552991236
66,03.05.2024,13,2024,True,har_gpr,0.0135277050350854,0.020382800533638834
66,06.05.2024,13,2024,True,har_gpr,0.0135404442254786,0.02033257111177364
66,07.05.2024,13,2024,True,har_gpr,0.014144994023818,0.018646681445247885
66,08.05.2024,13,2024,True,har_gpr,0.0143328935264683,0.018577034066056465
66,09.05.2024,13,2024,True,har_gpr,0.0143874664347492,0.01689658650737027
66,10.05.2024,13,2024,True,har_gpr,0.0144482373206221,0.016878229178211482
66,13.05.2024,13,2024,True,har_gpr,0.0145624562683692,0.017324713830578847
66,14.05.2024,13,2024,True,har_gpr,0.014823003669969,0.01857699847298415
66,15.05.2024,13,2024,True,har_gpr,0.0148203734178692,0.018919971260779028
66,16.05.2024,13,2024,True,har_gpr,0.0148899685766899,0.018281588580784387
66,17.05.2024,13,2024,True,har_gpr,0.0149821245324987,0.01842756335844876
66,20.05.2024,13,2024,True,har_gpr,0.0152754623940716,0.018387347736151412
66,21.05.2024,13,2024,True,har_gpr,0.0156971379652042,0.018439728011385197
66,22.05.2024,13,2024,True,har_gpr,0.0158900050229844,0.018405781991437484
66,23.05.2024,13,2024,True,har_gpr,0.0159292434886983,0.018662838086271453
66,24.05.2024,13,2024,True,har_gpr,0.0160181593939687,0.018241243998391506
66,28.05.2024,13,2024,True,har_gpr,0.0157823759685365,0.01841460924831734
66,29.05.2024,13,2024,True,har_gpr,0.0176946026446074,0.020206705125034967
66,30.05.2024,13,2024,True,har_gpr,0.0176021932832481,0.019606535749916457
66,31.05.2024,13,2024,True,har_gpr,0.0176027803627475,0.018856220829268196
66,03.06.2024,13,2024,True,har_gpr,0.0171204813820263,0.018248095940922325
66,04.06.2024,13,2024,True,har_gpr,0.0171474969089771,0.02080664826172897
66,05.06.2024,13,2024,True,har_gpr,0.0176484161018247,0.018970203697328904
66,06.06.2024,13,2024,True,har_gpr,0.0176829808672,0.019555084399955465
66,07.06.2024,13,2024,True,har_gpr,0.0178688834724459,0.02033956273857377
66,10.06.2024,13,2024,True,har_gpr,0.0175642201152714,0.01983307501707144
66,11.06.2024,13,2024,True,har_gpr,0.0176878190964068,0.020339882560845613
66,12.06.2024,13,2024,True,har_gpr,0.017738448122543,0.0192931563443903
66,13.06.2024,13,2024,True,har_gpr,0.0177334439153405,0.01941787451356578
66,14.06.2024,13,2024,True,har_gpr,0.0178763980934607,0.019154461132723843
66,17.06.2024,13,2024,True,har_gpr,0.0176871361308514,0.019091112760587867
66,18.06.2024,13,2024,True,har_gpr,0.0176075034370926,0.019051811499263407
66,20.06.2024,13,2024,True,har_gpr,0.0177480902931381,0.01893087454995129
66,21.06.2024,13,2024,True,har_gpr,0.0179313445692556,0.01862115595682154
66,24.06.2024,13,2024,True,har_gpr,0.0181032096121404,0.018740373014374003
66,25.06.2024,13,2024,True,har_gpr,0.018095252103724,0.01952549369968297
66,26.06.2024,13,2024,True,har_gpr,0.0180829814664758,0.019765168185205247
66,27.06.2024,13,2024,True,har_gpr,0.0182892542251945,0.01898781720312842
66,28.06.2024,13,2024,True,har_gpr,0.0183070197551474,0.019548416791396024
66,01.07.2024,13,2024,True,har_gpr,0.0193671960153813,0.01875809660682223
66,02.07.2024,13,2024,True,har_gpr,0.0193846208976425,0.01743457524194863
66,03.07.2024,13,2024,True,har_gpr,0.0198609734190244,0.015895709873186906
66,05.07.2024,13,2024,True,har_gpr,0.020641846070229,0.016110787739739417
66,08.07.2024,13,2024,True,har_gpr,0.0206349576334677,0.016197049353601802
66,09.07.2024,13,2024,True,har_gpr,0.0211050964432844,0.017221624587248893
66,10.07.2024,13,2024,True,har_gpr,0.0210964722730192,0.01760488840021472
66,11.07.2024,13,2024,True,har_gpr,0.0212170070179351,0.01700406370256308
66,12.07.2024,13,2024,True,har_gpr,0.0218028840899415,0.016703932609088815
66,15.07.2024,13,2024,True,har_gpr,0.0218038272979446,0.01667771143551774
66,16.07.2024,13,2024,True,har_gpr,0.0217668908567391,0.015178992781782315
66,17.07.2024,13,2024,True,har_gpr,0.0217516732274475,0.015730892993410475
66,18.07.2024,13,2024,True,har_gpr,0.0218750959388837,0.016043537396904377
66,19.07.2024,13,2024,True,har_gpr,0.021819840037755,0.015380455934851845
66,22.07.2024,13,2024,True,har_gpr,0.0218782278345716,0.017591148646781598
66,23.07.2024,13,2024,True,har_gpr,0.0218064249750443,0.017986238500587393
66,24.07.2024,13,2024,True,har_gpr,0.0219650743024018,0.018550887525524914
66,25.07.2024,13,2024,True,har_gpr,0.0232083371109282,0.018100164105508507
66,26.07.2024,13,2024,True,har_gpr,0.0231529809575982,0.018273672195959708
66,29.07.2024,13,2024,True,har_gpr,0.0232328272123346,0.018022122525808853
66,30.07.2024,13,2024,True,har_gpr,0.0232054117662217,0.018894080078390885
66,31.07.2024,13,2024,True,har_gpr,0.0229528678778207,0.018822646357450415
66,01.08.2024,13,2024,True,har_gpr,0.0231493862280976,0.02038274558740385
66,02.08.2024,13,2024,True,har_gpr,0.0227739034187746,0.01988437076834348
66,05.08.2024,13,2024,True,har_gpr,0.0227808631362685,0.021384072591436112
66,06.08.2024,13,2024,True,har_gpr,0.0228100754057013,0.020616490096822683
66,07.08.2024,13,2024,True,har_gpr,0.0227874582250837,0.02050500470373307
66,08.08.2024,13,2024,True,har_gpr,0.0229831397261079,0.021507477774202872
66,09.08.2024,13,2024,True,har_gpr,0.0229645628292779,0.021197959760542937
66,12.08.2024,13,2024,True,har_gpr,0.0225830537591798,0.02008780078372932
66,13.08.2024,13,2024,True,har_gpr,0.0224837511972345,0.020461979920454773
66,14.08.2024,13,2024,True,har_gpr,0.0225798872719823,0.020842979172414525
66,15.08.2024,13,2024,True,har_gpr,0.0228433061298488,0.020505712073489127
66,16.08.2024,13,2024,True,har_gpr,0.0227627076261193,0.020856827265026686
66,19.08.2024,13,2024,True,har_gpr,0.0225691417588288,0.020834100160418586
66,20.08.2024,13,2024,True,har_gpr,0.022697431283232,0.02038148230751874
66,21.08.2024,13,2024,True,har_gpr,0.0226819607154547,0.019612046878729316
66,22.08.2024,13,2024,True,har_gpr,0.0228749212998105,0.019925310393379733
66,23.08.2024,13,2024,True,har_gpr,0.0226799547691992,0.020008056991067825
66,26.08.2024,13,2024,True,har_gpr,0.0223417405412458,0.02092893218802867
66,27.08.2024,13,2024,True,har_gpr,0.0221798214503912,0.022349910039754204
66,28.08.2024,13,2024,True,har_gpr,0.0222127654946626,0.022717098754209186
66,29.08.2024,13,2024,True,har_gpr,0.0223381492089506,0.0220193829156805
66,30.08.2024,13,2024,True,har_gpr,0.0223749293134568,0.022214677456991953
66,03.09.2024,13,2024,True,har_gpr,0.0208541145323047,0.02165694291508026
66,04.09.2024,13,2024,True,har_gpr,0.0208461543675951,0.026256021049550653
66,05.09.2024,13,2024,True,har_gpr,0.0209232078510354,0.024657052488417583
66,06.09.2024,13,2024,True,har_gpr,0.0207323503368807,0.02404613825287025
66,09.09.2024,13,2024,True,har_gpr,0.0208100374195619,0.02425079937453046
66,10.09.2024,13,2024,True,har_gpr,0.0202649171468338,0.02418300020528865
66,11.09.2024,13,2024,True,har_gpr,0.0201927928812814,0.023777420358959533
66,12.09.2024,13,2024,True,har_gpr,0.0200895915394468,0.02393863076729225
66,13.09.2024,13,2024,True,har_gpr,0.0201179780370816,0.024354142933230207
66,16.09.2024,13,2024,True,har_gpr,0.0200275551042805,0.023515453599040365
66,17.09.2024,13,2024,True,har_gpr,0.0199812476037402,0.02285000708538077
66,18.09.2024,13,2024,True,har_gpr,0.0199815139259535,0.021307930896441164
66,19.09.2024,13,2024,True,har_gpr,0.0198777406894402,0.020949210746522548
66,20.09.2024,13,2024,True,har_gpr,0.0199370235485368,0.021449307954845825
66,23.09.2024,13,2024,True,har_gpr,0.0199203891639961,0.02100390114181674
66,24.09.2024,13,2024,True,har_gpr,0.019866442917845,0.02243800733615601
66,25.09.2024,13,2024,True,har_gpr,0.0196639025433609,0.022556299696883192
66,26.09.2024,13,2024,True,har_gpr,0.0193999326051131,0.023236489235194606
66,27.09.2024,13,2024,True,har_gpr,0.0194982381688211,0.023462162213035945
66,30.09.2024,13,2024,True,har_gpr,0.0195103220254177,0.022798795910924367
66,01.10.2024,13,2024,True,har_gpr,0.0192892197849695,0.02192218851743357
66,02.10.2024,13,2024,True,har_gpr,0.0193164297001939,0.020352462455664452
66,03.10.2024,13,2024,True,har_gpr,0.0183960650091933,0.01936315294363277
66,04.10.2024,13,2024,True,har_gpr,0.01925454388068,0.022046133020550293
66,07.10.2024,13,2024,True,har_gpr,0.018824650781501,0.020360118385998705
66,08.10.2024,13,2024,True,har_gpr,0.0179520792210765,0.02178839473029431
66,09.10.2024,13,2024,True,har_gpr,0.0181925596954897,0.02424068133590335
66,10.10.2024,13,2024,True,har_gpr,0.0176942523792621,0.023029710318370394
66,11.10.2024,13,2024,True,har_gpr,0.0177023081126235,0.02391799298623913
66,14.10.2024,13,2024,True,har_gpr,0.0176773061728084,0.02293307797937647
66,15.10.2024,13,2024,True,har_gpr,0.0168631504555199,0.023134753108789267
66,16.10.2024,13,2024,True,har_gpr,0.0169070757903539,0.024883353721583745
66,17.10.2024,13,2024,True,har_gpr,0.0169062894611325,0.023571973216012173
66,18.10.2024,13,2024,True,har_gpr,0.0168958583535566,0.022596971388734167
66,21.10.2024,13,2024,True,har_gpr,0.0167889530867325,0.023153314973077852
66,22.10.2024,13,2024,True,har_gpr,0.0166156130699683,0.023853933697925343
66,23.10.2024,13,2024,True,har_gpr,0.0165231453856751,0.023526187145945947
66,24.10.2024,13,2024,True,har_gpr,0.0164934524942003,0.02333354023796603
66,25.10.2024,13,2024,True,har_gpr,0.016320805012089,0.022950851777746046
66,28.10.2024,13,2024,True,har_gpr,0.0143123701740407,0.023420502535017124
66,29.10.2024,13,2024,True,har_gpr,0.014555258659778,0.027375158420152278
66,30.10.2024,13,2024,True,har_gpr,0.0143682571772584,0.024925238758718875
66,31.10.2024,13,2024,True,har_gpr,0.014345136110081,0.02586614513368029
66,01.11.2024,13,2024,True,har_gpr,0.0144748930614413,0.024791526957328277
66,04.11.2024,13,2024,True,har_gpr,0.0142151367845949,0.024307852173905943
66,05.11.2024,13,2024,True,har_gpr,0.0145074822976161,0.02329401505994191
66,06.11.2024,13,2024,True,har_gpr,0.0144751458334018,0.021760638801266444
66,07.11.2024,13,2024,True,har_gpr,0.0144341267447425,0.02201475930907731
66,08.11.2024,13,2024,True,har_gpr,0.0142467438494088,0.02157493421707361
66,11.11.2024,13,2024,True,har_gpr,0.0137991373805725,0.022744409840167165
66,12.11.2024,13,2024,True,har_gpr,0.0138123464078866,0.02280472625352147
66,13.11.2024,13,2024,True,har_gpr,0.0142260494364305,0.021598669893961624
66,14.11.2024,13,2024,True,har_gpr,0.0142294649100901,0.02190212503361328
66,15.11.2024,13,2024,True,har_gpr,0.0142949253239514,0.021741636874420017
66,18.11.2024,13,2024,True,har_gpr,0.0137878008491918,0.022273551687179663
66,19.11.2024,13,2024,True,har_gpr,0.0140227749953885,0.022796024991919933
66,20.11.2024,13,2024,True,har_gpr,0.0140724752332247,0.021577793064270955
66,21.11.2024,13,2024,True,har_gpr,0.0141118903824265,0.02179027591482731
66,22.11.2024,13,2024,True,har_gpr,0.0140456674764269,0.022483472675686365
66,25.11.2024,13,2024,True,har_gpr,0.0139202762987733,0.0215885124677448
66,26.11.2024,13,2024,True,har_gpr,0.0139232524491327,0.02044491139330179
66,27.11.2024,13,2024,True,har_gpr,0.0140230262279063,0.01960162824348683
66,29.11.2024,13,2024,True,har_gpr,0.0141404090326017,0.019313187820972837
66,02.12.2024,13,2024,True,har_gpr,0.0140342789913012,0.019014324976870584
66,03.12.2024,13,2024,True,har_gpr,0.0139134750826801,0.019309460038723483
66,04.12.2024,13,2024,True,har_gpr,0.0138644761521898,0.01968136018811038
66,05.12.2024,13,2024,True,har_gpr,0.0139203886397541,0.01981967936626504
66,06.12.2024,13,2024,True,har_gpr,0.0138489957232844,0.019327615616032263
66,09.12.2024,13,2024,True,har_gpr,0.0137607694430273,0.01970182736864586
66,10.12.2024,13,2024,True,har_gpr,0.0137667754690624,0.019125355794613108
66,11.12.2024,13,2024,True,har_gpr,0.0137433223652487,0.017765789091418273
66,12.12.2024,13,2024,True,har_gpr,0.0137460253354548,0.01852157484619542
66,13.12.2024,13,2024,True,har_gpr,0.0137005854651174,0.017966257084366742
66,16.12.2024,13,2024,True,har_gpr,0.0136685091916802,0.01811005690410411
66,17.12.2024,13,2024,True,har_gpr,0.0136771846978768,0.019687397865458547
66,18.12.2024,13,2024,True,har_gpr,0.0136788522737193,0.019456806777908342
66,19.12.2024,13,2024,True,har_gpr,0.0136677572943262,0.01893282445719774
66,20.12.2024,13,2024,True,har_gpr,0.0137886729131889,0.019112316709896
66,23.12.2024,13,2024,True,har_gpr,0.0137844333105406,0.01823465462184681
66,24.12.2024,13,2024,True,har_gpr,0.0137136903213584,0.017777846564077316
66,26.12.2024,13,2024,True,har_gpr,0.0159716587765146,0.017855420774299677
66,27.12.2024,13,2024,True,har_gpr,0.0178656097679454,0.017616157902294146
66,30.12.2024,13,2024,True,har_gpr,0.0180107079800045,0.018031216681918157
66,31.12.2024,13,2024,True,har_gpr,0.0181576723135666,0.017276184690892326
66,02.01.2024,13,2024,True,har_x,0.0139466903219893,0.021313373750722196
66,03.01.2024,13,2024,True,har_x,0.0135942430085815,0.021505483692501572
66,04.01.2024,13,2024,True,har_x,0.013582361741074,0.021521160691613767
66,05.01.2024,13,2024,True,har_x,0.0135501826356433,0.02110600756673011
66,08.01.2024,13,2024,True,har_x,0.0127951148158405,0.020717469846107613
66,09.01.2024,13,2024,True,har_x,0.012650854713436,0.021435682329033822
66,10.01.2024,13,2024,True,har_x,0.0125607875436218,0.02110787859871693
66,11.01.2024,13,2024,True,har_x,0.0131877938126398,0.020938568913162193
66,12.01.2024,13,2024,True,har_x,0.0131424734181758,0.021024131636584665
66,16.01.2024,13,2024,True,har_x,0.0131410211440862,0.02215533540235928
66,17.01.2024,13,2024,True,har_x,0.0131276135492903,0.021512992611573686
66,18.01.2024,13,2024,True,har_x,0.0131383530938573,0.021097325100002697
66,19.01.2024,13,2024,True,har_x,0.0131182756168184,0.020852253268946953
66,22.01.2024,13,2024,True,har_x,0.0129963843966237,0.020775841179328004
66,23.01.2024,13,2024,True,har_x,0.0129661692585261,0.02067584694203378
66,24.01.2024,13,2024,True,har_x,0.0130702429074578,0.02039088924798085
66,25.01.2024,13,2024,True,har_x,0.0126270410956006,0.02006210060249905
66,26.01.2024,13,2024,True,har_x,0.0140917518244726,0.020753116081573836
66,29.01.2024,13,2024,True,har_x,0.0139887312967168,0.020416677694430296
66,30.01.2024,13,2024,True,har_x,0.0140127958380673,0.021200891372068237
66,31.01.2024,13,2024,True,har_x,0.0139110148344476,0.02102591736687048
66,01.02.2024,13,2024,True,har_x,0.0130877432922774,0.02152775318222809
66,02.02.2024,13,2024,True,har_x,0.0128932216329761,0.021261164989284927
66,05.02.2024,13,2024,True,har_x,0.0128644461053916,0.020754119550297215
66,06.02.2024,13,2024,True,har_x,0.0129547755108436,0.02040137498532024
66,07.02.2024,13,2024,True,har_x,0.0129469856294881,0.019968380304025594
66,08.02.2024,13,2024,True,har_x,0.0125072409935312,0.018934264308226124
66,09.02.2024,13,2024,True,har_x,0.0124911837639358,0.019122565933806863
66,12.02.2024,13,2024,True,har_x,0.0125102623127686,0.018876861452788444
66,13.02.2024,13,2024,True,har_x,0.0125011093767275,0.02034991482327858
66,14.02.2024,13,2024,True,har_x,0.0123780604022943,0.02031787651936441
66,15.02.2024,13,2024,True,har_x,0.0122997393022932,0.020656467435634755
66,16.02.2024,13,2024,True,har_x,0.0123510545770485,0.020258710773988893
66,20.02.2024,13,2024,True,har_x,0.0122643462258448,0.019843445947520327
66,21.02.2024,13,2024,True,har_x,0.0122750939045658,0.01975332866875966
66,22.02.2024,13,2024,True,har_x,0.0126332280862766,0.019478170203346586
66,23.02.2024,13,2024,True,har_x,0.0122820059059456,0.01921897068325129
66,26.02.2024,13,2024,True,har_x,0.0124852234718429,0.019762987621941328
66,27.02.2024,13,2024,True,har_x,0.0123730698540345,0.019917521842747987
66,28.02.2024,13,2024,True,har_x,0.0133336573746878,0.01982465371633759
66,29.02.2024,13,2024,True,har_x,0.0133878258862676,0.01965627996066786
66,01.03.2024,13,2024,True,har_x,0.0134768559952024,0.019723166868950134
66,04.03.2024,13,2024,True,har_x,0.0136472779616329,0.019606414318773933
66,05.03.2024,13,2024,True,har_x,0.0136082636502864,0.019223291006287457
66,06.03.2024,13,2024,True,har_x,0.013891812418067,0.01807592788724651
66,07.03.2024,13,2024,True,har_x,0.01389963039016,0.01805357904069498
66,08.03.2024,13,2024,True,har_x,0.0138754905745322,0.017954659949504417
66,11.03.2024,13,2024,True,har_x,0.0138759020751831,0.018080306201332955
66,12.03.2024,13,2024,True,har_x,0.0138701003238692,0.01782900318503501
66,13.03.2024,13,2024,True,har_x,0.0137228813703272,0.018789209797089288
66,14.03.2024,13,2024,True,har_x,0.0136628627619517,0.01927626212495685
66,15.03.2024,13,2024,True,har_x,0.0136733300876823,0.019821109242825385
66,18.03.2024,13,2024,True,har_x,0.0135040493897426,0.019080697572473063
66,19.03.2024,13,2024,True,har_x,0.0135330880741058,0.019153880549716815
66,20.03.2024,13,2024,True,har_x,0.0134569596654135,0.018776829964941812
66,21.03.2024,13,2024,True,har_x,0.0134599765714976,0.018911930191944475
66,22.03.2024,13,2024,True,har_x,0.0135502179272489,0.01834355216213729
66,25.03.2024,13,2024,True,har_x,0.0134170699183515,0.018167094035168804
66,26.03.2024,13,2024,True,har_x,0.0134006608551876,0.01834949869998078
66,27.03.2024,13,2024,True,har_x,0.0134087566970589,0.018178273972318408
66,28.03.2024,13,2024,True,har_x,0.0133536295331093,0.017837636641309756
66,01.04.2024,13,2024,True,har_x,0.0134011778746087,0.017965122352741614
66,02.04.2024,13,2024,True,har_x,0.0132721197672903,0.01803988291176552
66,03.04.2024,13,2024,True,har_x,0.0133393561604841,0.018610746594917137
66,04.04.2024,13,2024,True,har_x,0.0132229146504745,0.01843834698748716
66,05.04.2024,13,2024,True,har_x,0.0132098421100741,0.019381170524577756
66,08.04.2024,13,2024,True,har_x,0.0131815485838039,0.019336908831754807
66,09.04.2024,13,2024,True,har_x,0.0131260950730654,0.0183832064518376
66,10.04.2024,13,2024,True,har_x,0.0131192392692792,0.017958925836243186
66,11.04.2024,13,2024,True,har_x,0.0132571138805099,0.01833520712663973
66,12.04.2024,13,2024,True,har_x,0.0132135225672155,0.018579489214698153
66,15.04.2024,13,2024,True,har_x,0.0136724820476675,0.018856409069640492
66,16.04.2024,13,2024,True,har_x,0.0136735762829844,0.02167020728388091
66,17.04.2024,13,2024,True,har_x,0.0133173950781393,0.02099078572950139
66,18.04.2024,13,2024,True,har_x,0.0133705310329303,0.021361473027378754
66,19.04.2024,13,2024,True,har_x,0.0134116125212663,0.020635145347426515
66,22.04.2024,13,2024,True,har_x,0.0135236021555741,0.02072173326751473
66,23.04.2024,13,2024,True,har_x,0.0134855449174812,0.020141628322647036
66,24.04.2024,13,2024,True,har_x,0.0135751637401367,0.020155723743587838
66,25.04.2024,13,2024,True,har_x,0.0139171283871995,0.01976363404355977
66,26.04.2024,13,2024,True,har_x,0.0139872661313218,0.0196453406684034
66,29.04.2024,13,2024,True,har_x,0.0145066073763068,0.019429489668179922
66,30.04.2024,13,2024,True,har_x,0.0145090225782324,0.018973288423443084
66,01.05.2024,13,2024,True,har_x,0.0131331128154065,0.018831590942366534
66,02.05.2024,13,2024,True,har_x,0.0134872324992029,0.020158939934890294
66,03.05.2024,13,2024,True,har_x,0.0135277050350854,0.019345131240434695
66,06.05.2024,13,2024,True,har_x,0.0135404442254786,0.019445347441514268
66,07.05.2024,13,2024,True,har_x,0.014144994023818,0.01765286069095859
66,08.05.2024,13,2024,True,har_x,0.0143328935264683,0.017424333245259598
66,09.05.2024,13,2024,True,har_x,0.0143874664347492,0.016772523241026554
66,10.05.2024,13,2024,True,har_x,0.0144482373206221,0.016776099818234715
66,13.05.2024,13,2024,True,har_x,0.0145624562683692,0.016911812798683895
66,14.05.2024,13,2024,True,har_x,0.014823003669969,0.018479183068023056
66,15.05.2024,13,2024,True,har_x,0.0148203734178692,0.018581678515130515
66,16.05.2024,13,2024,True,har_x,0.0148899685766899,0.018510163888414068
66,17.05.2024,13,2024,True,har_x,0.0149821245324987,0.01825757921575628
66,20.05.2024,13,2024,True,har_x,0.0152754623940716,0.018496533160730144
66,21.05.2024,13,2024,True,har_x,0.0156971379652042,0.018311781859036494
66,22.05.2024,13,2024,True,har_x,0.0158900050229844,0.018186503708173055
66,23.05.2024,13,2024,True,har_x,0.0159292434886983,0.01836518025923141
66,24.05.2024,13,2024,True,har_x,0.0160181593939687,0.01854123561377803
66,28.05.2024,13,2024,True,har_x,0.0157823759685365,0.018260276960900296
66,29.05.2024,13,2024,True,har_x,0.0176946026446074,0.018866424418714032
66,30.05.2024,13,2024,True,har_x,0.0176021932832481,0.01846950522860618
66,31.05.2024,13,2024,True,har_x,0.0176027803627475,0.019335078978182894
66,03.06.2024,13,2024,True,har_x,0.0171204813820263,0.019483879920574973
66,04.06.2024,13,2024,True,har_x,0.0171474969089771,0.019844724024695524
66,05.06.2024,13,2024,True,har_x,0.0176484161018247,0.01913829534389263
66,06.06.2024,13,2024,True,har_x,0.0176829808672,0.01891902860253259
66,07.06.2024,13,2024,True,har_x,0.0178688834724459,0.01870316532401469
66,10.06.2024,13,2024,True,har_x,0.0175642201152714,0.01818947013600052
66,11.06.2024,13,2024,True,har_x,0.0176878190964068,0.01805623397743032
66,12.06.2024,13,2024,True,har_x,0.017738448122543,0.017677165362490307
66,13.06.2024,13,2024,True,har_x,0.0177334439153405,0.017504295597869184
66,14.06.2024,13,2024,True,har_x,0.0178763980934607,0.01732367891277541
66,17.06.2024,13,2024,True,har_x,0.0176871361308514,0.017382229502260232
66,18.06.2024,13,2024,True,har_x,0.0176075034370926,0.016949843931509317
66,20.06.2024,13,2024,True,har_x,0.0177480902931381,0.016774448256235835
66,21.06.2024,13,2024,True,har_x,0.0179313445692556,0.01684963643106032
66,24.06.2024,13,2024,True,har_x,0.0181032096121404,0.01706952798561247
66,25.06.2024,13,2024,True,har_x,0.018095252103724,0.018433433648497883
66,26.06.2024,13,2024,True,har_x,0.0180829814664758,0.01858923101959088
66,27.06.2024,13,2024,True,har_x,0.0182892542251945,0.018563015797165808
66,28.06.2024,13,2024,True,har_x,0.0183070197551474,0.018747165197048693
66,01.07.2024,13,2024,True,har_x,0.0193671960153813,0.018663815531378067
66,02.07.2024,13,2024,True,har_x,0.0193846208976425,0.01698965622114897
66,03.07.2024,13,2024,True,har_x,0.0198609734190244,0.016412373968021872
66,05.07.2024,13,2024,True,har_x,0.020641846070229,0.01618246327597577
66,08.07.2024,13,2024,True,har_x,0.0206349576334677,0.015930041353592047
66,09.07.2024,13,2024,True,har_x,0.0211050964432844,0.016823001200235856
66,10.07.2024,13,2024,True,har_x,0.0210964722730192,0.017010139396005167
66,11.07.2024,13,2024,True,har_x,0.0212170070179351,0.01690048459670903
66,12.07.2024,13,2024,True,har_x,0.0218028840899415,0.01678094397959136
66,15.07.2024,13,2024,True,har_x,0.0218038272979446,0.01680138162238643
66,16.07.2024,13,2024,True,har_x,0.0217668908567391,0.015469790426977178
66,17.07.2024,13,2024,True,har_x,0.0217516732274475,0.01575473341148747
66,18.07.2024,13,2024,True,har_x,0.0218750959388837,0.01616668904701004
66,19.07.2024,13,2024,True,har_x,0.021819840037755,0.016129132554554854
66,22.07.2024,13,2024,True,har_x,0.0218782278345716,0.01700811827003448
66,23.07.2024,13,2024,True,har_x,0.0218064249750443,0.018129022402590247
66,24.07.2024,13,2024,True,har_x,0.0219650743024018,0.018251977388305456
66,25.07.2024,13,2024,True,har_x,0.0232083371109282,0.018122225700419832
66,26.07.2024,13,2024,True,har_x,0.0231529809575982,0.01807051702262762
66,29.07.2024,13,2024,True,har_x,0.0232328272123346,0.018915969827136912
66,30.07.2024,13,2024,True,har_x,0.0232054117662217,0.019708008276982436
66,31.07.2024,13,2024,True,har_x,0.0229528678778207,0.019867664640272797
66,01.08.2024,13,2024,True,har_x,0.0231493862280976,0.020880060613164848
66,02.08.2024,13,2024,True,har_x,0.0227739034187746,0.0206064199826276
66,05.08.2024,13,2024,True,har_x,0.0227808631362685,0.022535182050795226
66,06.08.2024,13,2024,True,har_x,0.0228100754057013,0.024247209176130748
66,07.08.2024,13,2024,True,har_x,0.0227874582250837,0.02328162817487267
66,08.08.2024,13,2024,True,har_x,0.0229831397261079,0.022758101565380915
66,09.08.2024,13,2024,True,har_x,0.0229645628292779,0.02171269929108928
66,12.08.2024,13,2024,True,har_x,0.0225830537591798,0.02084420984705363
66,13.08.2024,13,2024,True,har_x,0.0224837511972345,0.020335873149415366
66,14.08.2024,13,2024,True,har_x,0.0225798872719823,0.019958940839214366
66,15.08.2024,13,2024,True,har_x,0.0228433061298488,0.019387515996984867
66,16.08.2024,13,2024,True,har_x,0.0227627076261193,0.019349355177988643
66,19.08.2024,13,2024,True,har_x,0.0225691417588288,0.019385293756737133
66,20.08.2024,13,2024,True,har_x,0.022697431283232,0.019362978838240605
66,21.08.2024,13,2024,True,har_x,0.0226819607154547,0.019166084037365173
66,22.08.2024,13,2024,True,har_x,0.0228749212998105,0.01944542205375383
66,23.08.2024,13,2024,True,har_x,0.0226799547691992,0.01915946620846917
66,26.08.2024,13,2024,True,har_x,0.0223417405412458,0.01908399501543152
66,27.08.2024,13,2024,True,har_x,0.0221798214503912,0.02029754217195101
66,28.08.2024,13,2024,True,har_x,0.0222127654946626,0.020501002404654918
66,29.08.2024,13,2024,True,har_x,0.0223381492089506,0.020605705746553897
66,30.08.2024,13,2024,True,har_x,0.0223749293134568,0.020564238068256004
66,03.09.2024,13,2024,True,har_x,0.0208541145323047,0.020957920836988428
66,04.09.2024,13,2024,True,har_x,0.0208461543675951,0.022764313809195132
66,05.09.2024,13,2024,True,har_x,0.0209232078510354,0.023060155419613964
66,06.09.2024,13,2024,True,har_x,0.0207323503368807,0.02257080839086217
66,09.09.2024,13,2024,True,har_x,0.0208100374195619,0.022829736351726963
66,10.09.2024,13,2024,True,har_x,0.0202649171468338,0.022454012603027165
66,11.09.2024,13,2024,True,har_x,0.0201927928812814,0.023197939427474085
66,12.09.2024,13,2024,True,har_x,0.0200895915394468,0.02253251289081487
66,13.09.2024,13,2024,True,har_x,0.0201179780370816,0.02214036802687582
66,16.09.2024,13,2024,True,har_x,0.0200275551042805,0.021664694777528186
66,17.09.2024,13,2024,True,har_x,0.0199812476037402,0.02037130339746246
66,18.09.2024,13,2024,True,har_x,0.0199815139259535,0.01994105331534845
66,19.09.2024,13,2024,True,har_x,0.0198777406894402,0.0201080751303125
66,20.09.2024,13,2024,True,har_x,0.0199370235485368,0.019508548903730764
66,23.09.2024,13,2024,True,har_x,0.0199203891639961,0.018968215549784978
66,24.09.2024,13,2024,True,har_x,0.019866442917845,0.021234709369966288
66,25.09.2024,13,2024,True,har_x,0.0196639025433609,0.021158686086841547
66,26.09.2024,13,2024,True,har_x,0.0193999326051131,0.021603758175270504
66,27.09.2024,13,2024,True,har_x,0.0194982381688211,0.023193184669600294
66,30.09.2024,13,2024,True,har_x,0.0195103220254177,0.0230114863863882
66,01.10.2024,13,2024,True,har_x,0.0192892197849695,0.022472975339121435
66,02.10.2024,13,2024,True,har_x,0.0193164297001939,0.022588005911838197
66,03.10.2024,13,2024,True,har_x,0.0183960650091933,0.023362133233280097
66,04.10.2024,13,2024,True,har_x,0.01925454388068,0.026250848546740334
66,07.10.2024,13,2024,True,har_x,0.018824650781501,0.02347576227109766
66,08.10.2024,13,2024,True,har_x,0.0179520792210765,0.02410545768451401
66,09.10.2024,13,2024,True,har_x,0.0181925596954897,0.026111276743334588
66,10.10.2024,13,2024,True,har_x,0.0176942523792621,0.024754059582405584
66,11.10.2024,13,2024,True,har_x,0.0177023081126235,0.025930236821248703
66,14.10.2024,13,2024,True,har_x,0.0176773061728084,0.025750605018376074
66,15.10.2024,13,2024,True,har_x,0.0168631504555199,0.025398283245755292
66,16.10.2024,13,2024,True,har_x,0.0169070757903539,0.025409645525689677
66,17.10.2024,13,2024,True,har_x,0.0169062894611325,0.024810578133155885
66,18.10.2024,13,2024,True,har_x,0.0168958583535566,0.024147727578309134
66,21.10.2024,13,2024,True,har_x,0.0167889530867325,0.024372326447201317
66,22.10.2024,13,2024,True,har_x,0.0166156130699683,0.02457587930076473
66,23.10.2024,13,2024,True,har_x,0.0165231453856751,0.02463605477921736
66,24.10.2024,13,2024,True,har_x,0.0164934524942003,0.024661521437407796
66,25.10.2024,13,2024,True,har_x,0.016320805012089,0.024284286668431812
66,28.10.2024,13,2024,True,har_x,0.0143123701740407,0.0250433845502592
66,29.10.2024,13,2024,True,har_x,0.014555258659778,0.024349963658053773
66,30.10.2024,13,2024,True,har_x,0.0143682571772584,0.023509471797532364
66,31.10.2024,13,2024,True,har_x,0.014345136110081,0.02339731530629094
66,01.11.2024,13,2024,True,har_x,0.0144748930614413,0.025514243618414915
66,04.11.2024,13,2024,True,har_x,0.0142151367845949,0.023927868754827886
66,05.11.2024,13,2024,True,har_x,0.0145074822976161,0.023913210333389875
66,06.11.2024,13,2024,True,har_x,0.0144751458334018,0.02356995630990479
66,07.11.2024,13,2024,True,har_x,0.0144341267447425,0.023411972606912166
66,08.11.2024,13,2024,True,har_x,0.0142467438494088,0.02276269284712295
66,11.11.2024,13,2024,True,har_x,0.0137991373805725,0.0220238843505732
66,12.11.2024,13,2024,True,har_x,0.0138123464078866,0.021689126965996633
66,13.11.2024,13,2024,True,har_x,0.0142260494364305,0.020603994053777417
66,14.11.2024,13,2024,True,har_x,0.0142294649100901,0.021520154651956922
66,15.11.2024,13,2024,True,har_x,0.0142949253239514,0.01964525098995121
66,18.11.2024,13,2024,True,har_x,0.0137878008491918,0.020995811925206134
66,19.11.2024,13,2024,True,har_x,0.0140227749953885,0.02235977563385587
66,20.11.2024,13,2024,True,har_x,0.0140724752332247,0.022185603181600008
66,21.11.2024,13,2024,True,har_x,0.0141118903824265,0.022107001871122207
66,22.11.2024,13,2024,True,har_x,0.0140456674764269,0.022340109003519574
66,25.11.2024,13,2024,True,har_x,0.0139202762987733,0.02170547631326986
66,26.11.2024,13,2024,True,har_x,0.0139232524491327,0.021123257369950396
66,27.11.2024,13,2024,True,har_x,0.0140230262279063,0.021267249597687582
66,29.11.2024,13,2024,True,har_x,0.0141404090326017,0.02071866068885942
66,02.12.2024,13,2024,True,har_x,0.0140342789913012,0.020004434526117096
66,03.12.2024,13,2024,True,har_x,0.0139134750826801,0.020399623523768506
66,04.12.2024,13,2024,True,har_x,0.0138644761521898,0.020488581403940637
66,05.12.2024,13,2024,True,har_x,0.0139203886397541,0.020322311759147116
66,06.12.2024,13,2024,True,har_x,0.0138489957232844,0.018913720738023825
66,09.12.2024,13,2024,True,har_x,0.0137607694430273,0.019474216374732907
66,10.12.2024,13,2024,True,har_x,0.0137667754690624,0.017946237192495183
66,11.12.2024,13,2024,True,har_x,0.0137433223652487,0.017852624020334364
66,12.12.2024,13,2024,True,har_x,0.0137460253354548,0.019015722660464054
66,13.12.2024,13,2024,True,har_x,0.0137005854651174,0.019340493840247986
66,16.12.2024,13,2024,True,har_x,0.0136685091916802,0.019683688756208198
66,17.12.2024,13,2024,True,har_x,0.0136771846978768,0.02081555218695225
66,18.12.2024,13,2024,True,har_x,0.0136788522737193,0.020094598416735058
66,19.12.2024,13,2024,True,har_x,0.0136677572943262,0.020456867565121366
66,20.12.2024,13,2024,True,har_x,0.0137886729131889,0.019900469116943525
66,23.12.2024,13,2024,True,har_x,0.0137844333105406,0.019292501696174903
66,24.12.2024,13,2024,True,har_x,0.0137136903213584,0.018949999240373834
66,26.12.2024,13,2024,True,har_x,0.0159716587765146,0.01915964879510281
66,27.12.2024,13,2024,True,har_x,0.0178656097679454,0.018994549454448246
66,30.12.2024,13,2024,True,har_x,0.0180107079800045,0.01915454315181041
66,31.12.2024,13,2024,True,har_x,0.0181576723135666,0.018644051936638983
126,02.01.2024,13,2024,True,har,0.0138302782459354,0.022400841660236988
126,03.01.2024,13,2024,True,har,0.0136037251817229,0.02172002996689839
126,04.01.2024,13,2024,True,har,0.0136076853199321,0.022488606985852626
126,05.01.2024,13,2024,True,har,0.0136010984776855,0.021992174904618488
126,08.01.2024,13,2024,True,har,0.0132450577310567,0.021661942304932773
126,09.01.2024,13,2024,True,har,0.0131460893981285,0.022766700801258262
126,10.01.2024,13,2024,True,har,0.0131171140641715,0.022428513177752962
126,11.01.2024,13,2024,True,har,0.0131040897687639,0.02203383828005786
126,12.01.2024,13,2024,True,har,0.0131284272934166,0.021479103779417388
126,16.01.2024,13,2024,True,har,0.0132003615568966,0.021490498791057487
126,17.01.2024,13,2024,True,har,0.0131897234230836,0.020313284233466067
126,18.01.2024,13,2024,True,har,0.0133944474131368,0.020291453670850938
126,19.01.2024,13,2024,True,har,0.0133818682237963,0.02042927581415531
126,22.01.2024,13,2024,True,har,0.0133665190523224,0.020266952464942197
126,23.01.2024,13,2024,True,har,0.0133750731423684,0.020758656443577404
126,24.01.2024,13,2024,True,har,0.0133828985618354,0.020579043825699687
126,25.01.2024,13,2024,True,har,0.0131929230017726,0.02052521029867528
126,26.01.2024,13,2024,True,har,0.0132185223665455,0.021314965718595813
126,29.01.2024,13,2024,True,har,0.0132240394127815,0.020762229193545034
126,30.01.2024,13,2024,True,har,0.0134245005090444,0.02095528708878463
126,31.01.2024,13,2024,True,har,0.0134320201760734,0.020541403411748663
126,01.02.2024,13,2024,True,har,0.0133707394773046,0.0208757546131598
126,02.02.2024,13,2024,True,har,0.0132925043980913,0.021718918718074628
126,05.02.2024,13,2024,True,har,0.0132719414661817,0.021140640797076934
126,06.02.2024,13,2024,True,har,0.013426404470553,0.02111394783646145
126,07.02.2024,13,2024,True,har,0.0134411242264859,0.020649050899960934
126,08.02.2024,13,2024,True,har,0.013179446076656,0.02061992483447809
126,09.02.2024,13,2024,True,har,0.0134857536547043,0.02109845251848243
126,12.02.2024,13,2024,True,har,0.0135988561362682,0.020217374697477412
126,13.02.2024,13,2024,True,har,0.0136100875938391,0.02022822978238077
126,14.02.2024,13,2024,True,har,0.0136280942776351,0.020379426152281888
126,15.02.2024,13,2024,True,har,0.0136397862305653,0.020839808310973523
126,16.02.2024,13,2024,True,har,0.0138077910472512,0.020562288088571943
126,20.02.2024,13,2024,True,har,0.0137665485313843,0.020379474991975437
126,21.02.2024,13,2024,True,har,0.0138035131811705,0.02062747243306997
126,22.02.2024,13,2024,True,har,0.0138568043304084,0.020504836315639843
126,23.02.2024,13,2024,True,har,0.0138447816680574,0.02033090255654334
126,26.02.2024,13,2024,True,har,0.0140701882785,0.020870276898144146
126,27.02.2024,13,2024,True,har,0.0141680073585912,0.02061821562218605
126,28.02.2024,13,2024,True,har,0.0142015300416477,0.02064545920312672
126,29.02.2024,13,2024,True,har,0.0142797797368484,0.02036136901993038
126,01.03.2024,13,2024,True,har,0.0143341559627714,0.020249580792229025
126,04.03.2024,13,2024,True,har,0.015468610528366,0.018995556747684016
126,05.03.2024,13,2024,True,har,0.0154972831166784,0.019067035755487936
126,06.03.2024,13,2024,True,har,0.0154592920735394,0.0189347871021656
126,07.03.2024,13,2024,True,har,0.0155785514709429,0.019215015000153136
126,08.03.2024,13,2024,True,har,0.015592614631557,0.01898558404616344
126,11.03.2024,13,2024,True,har,0.015926408655279,0.01884580737077823
126,12.03.2024,13,2024,True,har,0.0160417696740706,0.018618507176896486
126,13.03.2024,13,2024,True,har,0.0159672732692376,0.01860407416047767
126,14.03.2024,13,2024,True,har,0.0158918559528901,0.019711085866574222
126,15.03.2024,13,2024,True,har,0.0159654814187517,0.019589637036293992
126,18.03.2024,13,2024,True,har,0.0159231836357351,0.019047799949760705
126,19.03.2024,13,2024,True,har,0.0159111344401091,0.01952443990371982
126,20.03.2024,13,2024,True,har,0.0159320079456965,0.01900397524842988
126,21.03.2024,13,2024,True,har,0.0159360671653115,0.01962329538729628
126,22.03.2024,13,2024,True,har,0.0159455386211473,0.019227558884966068
126,25.03.2024,13,2024,True,har,0.0159603670133183,0.018878587333022112
126,26.03.2024,13,2024,True,har,0.0160738848551598,0.019101857887149555
126,27.03.2024,13,2024,True,har,0.016219837106849,0.018848758369940953
126,28.03.2024,13,2024,True,har,0.0161553904691643,0.018597600658760316
126,01.04.2024,13,2024,True,har,0.016155664287908,0.019136386680791866
126,02.04.2024,13,2024,True,har,0.0162398333358598,0.01880202261289409
126,03.04.2024,13,2024,True,har,0.0162391812861609,0.019184658196874683
126,04.04.2024,13,2024,True,har,0.0167957557320056,0.018732981835384
126,05.04.2024,13,2024,True,har,0.0167951177658761,0.018885113646262414
126,08.04.2024,13,2024,True,har,0.0171094190958545,0.018668815958206124
126,09.04.2024,13,2024,True,har,0.0175848279664163,0.018863855743107446
126,10.04.2024,13,2024,True,har,0.0175559651702149,0.019068770177804943
126,11.04.2024,13,2024,True,har,0.017859142702611,0.01914445543473461
126,12.04.2024,13,2024,True,har,0.0178441700463691,0.018795110188143005
126,15.04.2024,13,2024,True,har,0.0179237203352807,0.018715091000486093
126,16.04.2024,13,2024,True,har,0.0182942497268648,0.0186193054470004
126,17.04.2024,13,2024,True,har,0.0181046514140484,0.018296894756436182
126,18.04.2024,13,2024,True,har,0.0181087121491321,0.019876919547418617
126,19.04.2024,13,2024,True,har,0.01817383256764,0.019161190841495146
126,22.04.2024,13,2024,True,har,0.018244355243893,0.01908437756127135
126,23.04.2024,13,2024,True,har,0.0183094363482986,0.019107156749960327
126,24.04.2024,13,2024,True,har,0.0183443403317535,0.01959712181188782
126,25.04.2024,13,2024,True,har,0.0183190443163369,0.01883244698826168
126,26.04.2024,13,2024,True,har,0.0184296985256815,0.019050642536614655
126,29.04.2024,13,2024,True,har,0.0192038923324049,0.018815827593746514
126,30.04.2024,13,2024,True,har,0.0192011090258717,0.01921500747341704
126,01.05.2024,13,2024,True,har,0.0187652249463579,0.018807146257304983
126,02.05.2024,13,2024,True,har,0.0187811525904257,0.021871353756841978
126,03.05.2024,13,2024,True,har,0.0187692195074833,0.020684722809450988
126,06.05.2024,13,2024,True,har,0.0189252679414214,0.020640504143946022
126,07.05.2024,13,2024,True,har,0.0189346279876462,0.02069926003688847
126,08.05.2024,13,2024,True,har,0.0189386251757109,0.020652242187889757
126,09.05.2024,13,2024,True,har,0.0189567830119568,0.01955640493149537
126,10.05.2024,13,2024,True,har,0.0190337009921727,0.01954871368284313
126,13.05.2024,13,2024,True,har,0.0191728271236713,0.019823180767591722
126,14.05.2024,13,2024,True,har,0.0191497575617446,0.019784354545408542
126,15.05.2024,13,2024,True,har,0.0191520948029045,0.020005364798520255
126,16.05.2024,13,2024,True,har,0.0191459352227282,0.019534838360557544
126,17.05.2024,13,2024,True,har,0.0192094066833791,0.019634929406306557
126,20.05.2024,13,2024,True,har,0.0194273725743224,0.01961704134799212
126,21.05.2024,13,2024,True,har,0.0194111424544184,0.019513947011007157
126,22.05.2024,13,2024,True,har,0.0193936160346419,0.0194570494059093
126,23.05.2024,13,2024,True,har,0.0194702731874137,0.019627882327646777
126,24.05.2024,13,2024,True,har,0.019486003381762,0.0193376265479202
126,28.05.2024,13,2024,True,har,0.019509102471308,0.01945640543973713
126,29.05.2024,13,2024,True,har,0.0195015743546678,0.0205823740587584
126,30.05.2024,13,2024,True,har,0.0194195257969336,0.020211122277191608
126,31.05.2024,13,2024,True,har,0.0194198857500808,0.019484343858316735
126,03.06.2024,13,2024,True,har,0.0191322689020319,0.01910558330781347
126,04.06.2024,13,2024,True,har,0.019242478140498,0.02109116285094091
126,05.06.2024,13,2024,True,har,0.0192759443536201,0.01993415966795002
126,06.06.2024,13,2024,True,har,0.0192005996137872,0.02033084449242925
126,07.06.2024,13,2024,True,har,0.0192330474867912,0.02086692973105678
126,10.06.2024,13,2024,True,har,0.0191415567368123,0.0205494886447537
126,11.06.2024,13,2024,True,har,0.0191378453726509,0.020731558639567424
126,12.06.2024,13,2024,True,har,0.0191971536818096,0.020071698672068393
126,13.06.2024,13,2024,True,har,0.0191956412073402,0.020143186564872028
126,14.06.2024,13,2024,True,har,0.0192454835113319,0.01997729929831028
126,17.06.2024,13,2024,True,har,0.019168115477036,0.019933182129120788
126,18.06.2024,13,2024,True,har,0.0191436297420926,0.02028535039573632
126,20.06.2024,13,2024,True,har,0.0191401824470986,0.020224436307549484
126,21.06.2024,13,2024,True,har,0.0191432633566024,0.02002130303187373
126,24.06.2024,13,2024,True,har,0.0191221396924549,0.020085009449945113
126,25.06.2024,13,2024,True,har,0.0191012917483729,0.02008313327015536
126,26.06.2024,13,2024,True,har,0.0191401040175268,0.020247949994036556
126,27.06.2024,13,2024,True,har,0.0190980185166673,0.01970265030112105
126,28.06.2024,13,2024,True,har,0.0191362831360624,0.020061939766217587
126,01.07.2024,13,2024,True,har,0.0191374953279816,0.019512398507434234
126,02.07.2024,13,2024,True,har,0.0191399190774818,0.019494864599368195
126,03.07.2024,13,2024,True,har,0.0191697911763744,0.018278111141999
126,05.07.2024,13,2024,True,har,0.019171533102214,0.01837932536496472
126,08.07.2024,13,2024,True,har,0.0191581091973298,0.018463704990708738
126,09.07.2024,13,2024,True,har,0.0191518066612311,0.018512049699681565
126,10.07.2024,13,2024,True,har,0.0191692477254941,0.018786139798596575
126,11.07.2024,13,2024,True,har,0.0196187340572659,0.01833357213603713
126,12.07.2024,13,2024,True,har,0.0196678902058292,0.018141972545602684
126,15.07.2024,13,2024,True,har,0.0197022707942658,0.018123942444395767
126,16.07.2024,13,2024,True,har,0.0198090966099576,0.0180483332056841
126,17.07.2024,13,2024,True,har,0.0197713305492214,0.018424501717806886
126,18.07.2024,13,2024,True,har,0.0197779828924689,0.01860474362886916
126,19.07.2024,13,2024,True,har,0.0196735035050697,0.01816561250213552
126,22.07.2024,13,2024,True,har,0.0196745356564647,0.019677063169413228
126,23.07.2024,13,2024,True,har,0.0196332007918716,0.019141197208421112
126,24.07.2024,13,2024,True,har,0.0196188648218704,0.019504534401858238
126,25.07.2024,13,2024,True,har,0.0196690166496449,0.019226266217204357
126,26.07.2024,13,2024,True,har,0.0196316233543688,0.01934760982187558
126,29.07.2024,13,2024,True,har,0.0196033631647728,0.019170414215105146
126,30.07.2024,13,2024,True,har,0.0195651083058174,0.019378166346264537
126,31.07.2024,13,2024,True,har,0.0194210281649778,0.019341150180128452
126,01.08.2024,13,2024,True,har,0.0193981240766589,0.02043732558355425
126,02.08.2024,13,2024,True,har,0.019154055792515,0.020111653925335187
126,05.08.2024,13,2024,True,har,0.0192367420498721,0.021145439169125417
126,06.08.2024,13,2024,True,har,0.0192388638685615,0.02057853360709713
126,07.08.2024,13,2024,True,har,0.0191224612859247,0.02051078614922414
126,08.08.2024,13,2024,True,har,0.0191540916555693,0.021204961246656585
126,09.08.2024,13,2024,True,har,0.019192492907417,0.02102918371907545
126,12.08.2024,13,2024,True,har,0.019078224423005,0.020328285202873997
126,13.08.2024,13,2024,True,har,0.0190019793615345,0.021417875303016733
126,14.08.2024,13,2024,True,har,0.0189784279551195,0.02168629000818184
126,15.08.2024,13,2024,True,har,0.0189697064190586,0.021455535703030375
126,16.08.2024,13,2024,True,har,0.0189143920260142,0.021704035333627882
126,19.08.2024,13,2024,True,har,0.018784821158522,0.021647279248440225
126,20.08.2024,13,2024,True,har,0.0189320633925331,0.021601744822964664
126,21.08.2024,13,2024,True,har,0.0188908405404115,0.02110730116382304
126,22.08.2024,13,2024,True,har,0.018956702422551,0.021302541700171013
126,23.08.2024,13,2024,True,har,0.0188468529381592,0.021372076062337014
126,26.08.2024,13,2024,True,har,0.0187422396778465,0.021992684155977958
126,27.08.2024,13,2024,True,har,0.0186582738290657,0.022275877959899083
126,28.08.2024,13,2024,True,har,0.0187268679510571,0.022540463863639358
126,29.08.2024,13,2024,True,har,0.0186756321738916,0.022060417455097618
126,30.08.2024,13,2024,True,har,0.0187585998239496,0.02218738714965661
126,03.09.2024,13,2024,True,har,0.0178228500576731,0.021755403306211306
126,04.09.2024,13,2024,True,har,0.0178183881099487,0.024612971586513224
126,05.09.2024,13,2024,True,har,0.0178698189170065,0.023631858387418825
126,06.09.2024,13,2024,True,har,0.0177612906490085,0.023206781377184516
126,09.09.2024,13,2024,True,har,0.0178230428715934,0.023328044816272854
126,10.09.2024,13,2024,True,har,0.0175559318841089,0.023407845702500395
126,11.09.2024,13,2024,True,har,0.0174845660726466,0.023090490073366336
126,12.09.2024,13,2024,True,har,0.0174118146886121,0.023245279818599224
126,13.09.2024,13,2024,True,har,0.0174178431585339,0.023547930224331146
126,16.09.2024,13,2024,True,har,0.017361715006169,0.022992313954287347
126,17.09.2024,13,2024,True,har,0.0173905809503638,0.02332913047095211
126,18.09.2024,13,2024,True,har,0.0173918399810556,0.022329084267681112
126,19.09.2024,13,2024,True,har,0.0173591063378593,0.022107210137945688
126,20.09.2024,13,2024,True,har,0.0173532951232539,0.02242549607561621
126,23.09.2024,13,2024,True,har,0.0173648024093299,0.022132427174506968
126,24.09.2024,13,2024,True,har,0.0172998068010462,0.022056058182898203
126,25.09.2024,13,2024,True,har,0.0171841939750755,0.02208090707402485
126,26.09.2024,13,2024,True,har,0.0170794986375552,0.022512177700917936
126,27.09.2024,13,2024,True,har,0.0170768058283556,0.0226807523840019
126,30.09.2024,13,2024,True,har,0.0170823727004091,0.02224778985473668
126,01.10.2024,13,2024,True,har,0.0179477869791321,0.022178953209033174
126,02.10.2024,13,2024,True,har,0.0189034886411241,0.021604363180328504
126,03.10.2024,13,2024,True,har,0.0184454112739987,0.020967978390888913
126,04.10.2024,13,2024,True,har,0.0185233085564114,0.02282331072182103
126,07.10.2024,13,2024,True,har,0.0186147999387197,0.021722436159254302
126,08.10.2024,13,2024,True,har,0.0183789436620686,0.022537939811500533
126,09.10.2024,13,2024,True,har,0.0184928667172423,0.024166587951269178
126,10.10.2024,13,2024,True,har,0.0181864396447801,0.02341253585371239
126,11.10.2024,13,2024,True,har,0.0181851245570664,0.024012564254837245
126,14.10.2024,13,2024,True,har,0.0181916132866075,0.023402699465411313
126,15.10.2024,13,2024,True,har,0.0180482431473016,0.02354862944600413
126,16.10.2024,13,2024,True,har,0.0181810928014193,0.02440083514847042
126,17.10.2024,13,2024,True,har,0.0182527953391399,0.023589424126864024
126,18.10.2024,13,2024,True,har,0.0182602633851004,0.022947042537676175
126,21.10.2024,13,2024,True,har,0.0182045990630827,0.023310303695563042
126,22.10.2024,13,2024,True,har,0.0180824414754515,0.02361524874175817
126,23.10.2024,13,2024,True,har,0.0180879978082308,0.0234139252939951
126,24.10.2024,13,2024,True,har,0.0182015357972874,0.0232779437613543
126,25.10.2024,13,2024,True,har,0.0181390896124624,0.023000296882808843
126,28.10.2024,13,2024,True,har,0.0173330317349713,0.023313297603041017
126,29.10.2024,13,2024,True,har,0.0173667093836444,0.02621457844706564
126,30.10.2024,13,2024,True,har,0.0173226135792739,0.024652864443304827
126,31.10.2024,13,2024,True,har,0.0175470793585637,0.02526584077737102
126,01.11.2024,13,2024,True,har,0.0176006734375079,0.024456463864116516
126,04.11.2024,13,2024,True,har,0.0176140422518358,0.024118178728758457
126,05.11.2024,13,2024,True,har,0.0176773395497867,0.02329360797493473
126,06.11.2024,13,2024,True,har,0.0177360256190803,0.02221230560520295
126,07.11.2024,13,2024,True,har,0.0178684673243018,0.02237406900440137
126,08.11.2024,13,2024,True,har,0.0177653969727611,0.022009692607636556
126,11.11.2024,13,2024,True,har,0.0177188364319272,0.022776690173519083
126,12.11.2024,13,2024,True,har,0.0177646288781752,0.02283210242085438
126,13.11.2024,13,2024,True,har,0.0177577470314348,0.021753494961264573
126,14.11.2024,13,2024,True,har,0.017753445264602,0.02194800225941854
126,15.11.2024,13,2024,True,har,0.0176688409426217,0.021846633936357353
126,18.11.2024,13,2024,True,har,0.0174421171453446,0.02218130203934573
126,19.11.2024,13,2024,True,har,0.0174508172490008,0.022799173893855704
126,20.11.2024,13,2024,True,har,0.0174645946729845,0.022000988599360616
126,21.11.2024,13,2024,True,har,0.0174119795934017,0.02212369954845085
126,22.11.2024,13,2024,True,har,0.0173937050713083,0.022582852948766743
126,25.11.2024,13,2024,True,har,0.0172142477544193,0.021991054985993304
126,26.11.2024,13,2024,True,har,0.0172490125433141,0.021434097925610684
126,27.11.2024,13,2024,True,har,0.0173097547332975,0.020910829386550325
126,29.11.2024,13,2024,True,har,0.0173359867948867,0.02069641081642788
126,02.12.2024,13,2024,True,har,0.0173030596430715,0.02049797604868206
126,03.12.2024,13,2024,True,har,0.0172281025317072,0.020712176902393707
126,04.12.2024,13,2024,True,har,0.0171787969740953,0.020934603267054493
126,05.12.2024,13,2024,True,har,0.0171782776936737,0.021045952326834625
126,06.12.2024,13,2024,True,har,0.0175607227671014,0.020737918512630016
126,09.12.2024,13,2024,True,har,0.0175202713451214,0.020968787747982533
126,10.12.2024,13,2024,True,har,0.0185429925795622,0.020943390390655223
126,11.12.2024,13,2024,True,har,0.0185120598280503,0.02001340668831915
126,12.12.2024,13,2024,True,har,0.01890472637793,0.020513873862384555
126,13.12.2024,13,2024,True,har,0.0188631346747285,0.020168326513893036
126,16.12.2024,13,2024,True,har,0.0188522226040059,0.02026686157226097
126,17.12.2024,13,2024,True,har,0.0199783456461508,0.02007498863459978
126,18.12.2024,13,2024,True,har,0.0207363233669758,0.01984755300934131
126,19.12.2024,13,2024,True,har,0.020743060354037,0.01951718708888587
126,20.12.2024,13,2024,True,har,0.0207430157733015,0.019629494306222274
126,23.12.2024,13,2024,True,har,0.0207406486935094,0.019030291760538557
126,24.12.2024,13,2024,True,har,0.0207055097892187,0.018978648358207922
126,26.12.2024,13,2024,True,har,0.0207116737498426,0.018949233769676537
126,27.12.2024,13,2024,True,har,0.0208524445509808,0.018803456861077775
126,30.12.2024,13,2024,True,har,0.0208529496529276,0.019080769479015464
126,31.12.2024,13,2024,True,har,0.0208769428768026,0.018891775458474713
126,02.01.2024,13,2024,True,har_ovx,0.0138302782459354,0.02179245640744068
126,03.01.2024,13,2024,True,har_ovx,0.0136037251817229,0.02206417291726549
126,04.01.2024,13,2024,True,har_ovx,0.0136076853199321,0.022190214182943188
126,05.01.2024,13,2024,True,har_ovx,0.0136010984776855,0.021915550985825837
126,08.01.2024,13,2024,True,har_ovx,0.0132450577310567,0.021561861855209523
126,09.01.2024,13,2024,True,har_ovx,0.0131460893981285,0.02207692352430682
126,10.01.2024,13,2024,True,har_ovx,0.0131171140641715,0.02185334488836524
126,11.01.2024,13,2024,True,har_ovx,0.0131040897687639,0.021731339255209457
126,12.01.2024,13,2024,True,har_ovx,0.0131284272934166,0.0216337971913119
126,16.01.2024,13,2024,True,har_ovx,0.0132003615568966,0.022289114131608057
126,17.01.2024,13,2024,True,har_ovx,0.0131897234230836,0.021428645905556085
126,18.01.2024,13,2024,True,har_ovx,0.0133944474131368,0.021182334224659864
126,19.01.2024,13,2024,True,har_ovx,0.0133818682237963,0.02103804855047946
126,22.01.2024,13,2024,True,har_ovx,0.0133665190523224,0.02096902653812133
126,23.01.2024,13,2024,True,har_ovx,0.0133750731423684,0.021130213523053654
126,24.01.2024,13,2024,True,har_ovx,0.0133828985618354,0.02095868830043979
126,25.01.2024,13,2024,True,har_ovx,0.0131929230017726,0.020762847955957803
126,26.01.2024,13,2024,True,har_ovx,0.0132185223665455,0.0212400993816265
126,29.01.2024,13,2024,True,har_ovx,0.0132240394127815,0.020986935442633886
126,30.01.2024,13,2024,True,har_ovx,0.0134245005090444,0.02134390837143881
126,31.01.2024,13,2024,True,har_ovx,0.0134320201760734,0.021177846892506038
126,01.02.2024,13,2024,True,har_ovx,0.0133707394773046,0.021493354360690095
126,02.02.2024,13,2024,True,har_ovx,0.0132925043980913,0.021454674422818693
126,05.02.2024,13,2024,True,har_ovx,0.0132719414661817,0.02113636643225907
126,06.02.2024,13,2024,True,har_ovx,0.013426404470553,0.02108917751517117
126,07.02.2024,13,2024,True,har_ovx,0.0134411242264859,0.020706095068884888
126,08.02.2024,13,2024,True,har_ovx,0.013179446076656,0.020404760318848168
126,09.02.2024,13,2024,True,har_ovx,0.0134857536547043,0.02059305648224308
126,12.02.2024,13,2024,True,har_ovx,0.0135988561362682,0.020383394153524057
126,13.02.2024,13,2024,True,har_ovx,0.0136100875938391,0.020448053755190737
126,14.02.2024,13,2024,True,har_ovx,0.0136280942776351,0.020441216127346992
126,15.02.2024,13,2024,True,har_ovx,0.0136397862305653,0.02069574440387085
126,16.02.2024,13,2024,True,har_ovx,0.0138077910472512,0.020435734938204164
126,20.02.2024,13,2024,True,har_ovx,0.0137665485313843,0.020177035865493534
126,21.02.2024,13,2024,True,har_ovx,0.0138035131811705,0.020442282393661644
126,22.02.2024,13,2024,True,har_ovx,0.0138568043304084,0.020272390446572277
126,23.02.2024,13,2024,True,har_ovx,0.0138447816680574,0.020106107147441155
126,26.02.2024,13,2024,True,har_ovx,0.0140701882785,0.020449450578070637
126,27.02.2024,13,2024,True,har_ovx,0.0141680073585912,0.020443855260775454
126,28.02.2024,13,2024,True,har_ovx,0.0142015300416477,0.020389222356086496
126,29.02.2024,13,2024,True,har_ovx,0.0142797797368484,0.020272314122233757
126,01.03.2024,13,2024,True,har_ovx,0.0143341559627714,0.020283010324031386
126,04.03.2024,13,2024,True,har_ovx,0.015468610528366,0.019738840372145253
126,05.03.2024,13,2024,True,har_ovx,0.0154972831166784,0.019668963126882905
126,06.03.2024,13,2024,True,har_ovx,0.0154592920735394,0.019547652242582477
126,07.03.2024,13,2024,True,har_ovx,0.0155785514709429,0.019564569120538798
126,08.03.2024,13,2024,True,har_ovx,0.015592614631557,0.019491613337739497
126,11.03.2024,13,2024,True,har_ovx,0.015926408655279,0.019469702024956945
126,12.03.2024,13,2024,True,har_ovx,0.0160417696740706,0.019303653371683323
126,13.03.2024,13,2024,True,har_ovx,0.0159672732692376,0.019332812697683322
126,14.03.2024,13,2024,True,har_ovx,0.0158918559528901,0.019765058050139988
126,15.03.2024,13,2024,True,har_ovx,0.0159654814187517,0.020075987986554474
126,18.03.2024,13,2024,True,har_ovx,0.0159231836357351,0.019586170303102036
126,19.03.2024,13,2024,True,har_ovx,0.0159111344401091,0.01974552562526405
126,20.03.2024,13,2024,True,har_ovx,0.0159320079456965,0.019459341893060023
126,21.03.2024,13,2024,True,har_ovx,0.0159360671653115,0.01962200430804735
126,22.03.2024,13,2024,True,har_ovx,0.0159455386211473,0.019261362047405337
126,25.03.2024,13,2024,True,har_ovx,0.0159603670133183,0.019050270270253657
126,26.03.2024,13,2024,True,har_ovx,0.0160738848551598,0.01920974031941275
126,27.03.2024,13,2024,True,har_ovx,0.016219837106849,0.019085118457722122
126,28.03.2024,13,2024,True,har_ovx,0.0161553904691643,0.018866562638699014
126,01.04.2024,13,2024,True,har_ovx,0.016155664287908,0.019003136945041365
126,02.04.2024,13,2024,True,har_ovx,0.0162398333358598,0.01912621506517797
126,03.04.2024,13,2024,True,har_ovx,0.0162391812861609,0.019489156995767337
126,04.04.2024,13,2024,True,har_ovx,0.0167957557320056,0.019335955325547875
126,05.04.2024,13,2024,True,har_ovx,0.0167951177658761,0.01989946773201079
126,08.04.2024,13,2024,True,har_ovx,0.0171094190958545,0.019857752197970095
126,09.04.2024,13,2024,True,har_ovx,0.0175848279664163,0.0196418685839123
126,10.04.2024,13,2024,True,har_ovx,0.0175559651702149,0.01943696238805652
126,11.04.2024,13,2024,True,har_ovx,0.017859142702611,0.01966142603020156
126,12.04.2024,13,2024,True,har_ovx,0.0178441700463691,0.019739483502285413
126,15.04.2024,13,2024,True,har_ovx,0.0179237203352807,0.01987538709185174
126,16.04.2024,13,2024,True,har_ovx,0.0182942497268648,0.020417740869911483
126,17.04.2024,13,2024,True,har_ovx,0.0181046514140484,0.019963168286929484
126,18.04.2024,13,2024,True,har_ovx,0.0181087121491321,0.020418236264495463
126,19.04.2024,13,2024,True,har_ovx,0.01817383256764,0.01991960899462369
126,22.04.2024,13,2024,True,har_ovx,0.018244355243893,0.0199621810813757
126,23.04.2024,13,2024,True,har_ovx,0.0183094363482986,0.01960209742651282
126,24.04.2024,13,2024,True,har_ovx,0.0183443403317535,0.019649570839662664
126,25.04.2024,13,2024,True,har_ovx,0.0183190443163369,0.019355331714386755
126,26.04.2024,13,2024,True,har_ovx,0.0184296985256815,0.019311116165436765
126,29.04.2024,13,2024,True,har_ovx,0.0192038923324049,0.019145811472013673
126,30.04.2024,13,2024,True,har_ovx,0.0192011090258717,0.019302418589616774
126,01.05.2024,13,2024,True,har_ovx,0.0187652249463579,0.019157914253464015
126,02.05.2024,13,2024,True,har_ovx,0.0187811525904257,0.020413703320530417
126,03.05.2024,13,2024,True,har_ovx,0.0187692195074833,0.01984129871555942
126,06.05.2024,13,2024,True,har_ovx,0.0189252679414214,0.019884035566012905
126,07.05.2024,13,2024,True,har_ovx,0.0189346279876462,0.02000316893372862
126,08.05.2024,13,2024,True,har_ovx,0.0189386251757109,0.019863630971016143
126,09.05.2024,13,2024,True,har_ovx,0.0189567830119568,0.019362380920602933
126,10.05.2024,13,2024,True,har_ovx,0.0190337009921727,0.019367580058145872
126,13.05.2024,13,2024,True,har_ovx,0.0191728271236713,0.019460835634271017
126,14.05.2024,13,2024,True,har_ovx,0.0191497575617446,0.01947953689948572
126,15.05.2024,13,2024,True,har_ovx,0.0191520948029045,0.019560473152167718
126,16.05.2024,13,2024,True,har_ovx,0.0191459352227282,0.019421426606477322
126,17.05.2024,13,2024,True,har_ovx,0.0192094066833791,0.019288888038927504
126,20.05.2024,13,2024,True,har_ovx,0.0194273725743224,0.019433254796505258
126,21.05.2024,13,2024,True,har_ovx,0.0194111424544184,0.01937145349374268
126,22.05.2024,13,2024,True,har_ovx,0.0193936160346419,0.019260826646066112
126,23.05.2024,13,2024,True,har_ovx,0.0194702731874137,0.01938631688450603
126,24.05.2024,13,2024,True,har_ovx,0.019486003381762,0.019444890041645152
126,28.05.2024,13,2024,True,har_ovx,0.019509102471308,0.019298397886349853
126,29.05.2024,13,2024,True,har_ovx,0.0195015743546678,0.01972074023792666
126,30.05.2024,13,2024,True,har_ovx,0.0194195257969336,0.019468793320560444
126,31.05.2024,13,2024,True,har_ovx,0.0194198857500808,0.019686442864864886
126,03.06.2024,13,2024,True,har_ovx,0.0191322689020319,0.019750282956331203
126,04.06.2024,13,2024,True,har_ovx,0.019242478140498,0.0205285731008661
126,05.06.2024,13,2024,True,har_ovx,0.0192759443536201,0.020029514593157126
126,06.06.2024,13,2024,True,har_ovx,0.0192005996137872,0.01995814588493202
126,07.06.2024,13,2024,True,har_ovx,0.0192330474867912,0.019910955171830953
126,10.06.2024,13,2024,True,har_ovx,0.0191415567368123,0.019590000223470908
126,11.06.2024,13,2024,True,har_ovx,0.0191378453726509,0.01944486905258421
126,12.06.2024,13,2024,True,har_ovx,0.0191971536818096,0.01917453402180567
126,13.06.2024,13,2024,True,har_ovx,0.0191956412073402,0.01907212739819464
126,14.06.2024,13,2024,True,har_ovx,0.0192454835113319,0.018954695029280162
126,17.06.2024,13,2024,True,har_ovx,0.019168115477036,0.018981647475438478
126,18.06.2024,13,2024,True,har_ovx,0.0191436297420926,0.018980450971582068
126,20.06.2024,13,2024,True,har_ovx,0.0191401824470986,0.018888084199431852
126,21.06.2024,13,2024,True,har_ovx,0.0191432633566024,0.018910113563140808
126,24.06.2024,13,2024,True,har_ovx,0.0191221396924549,0.019033139049137972
126,25.06.2024,13,2024,True,har_ovx,0.0191012917483729,0.019140115468662837
126,26.06.2024,13,2024,True,har_ovx,0.0191401040175268,0.01925606015970106
126,27.06.2024,13,2024,True,har_ovx,0.0190980185166673,0.01914923792476965
126,28.06.2024,13,2024,True,har_ovx,0.0191362831360624,0.019288916862107118
126,01.07.2024,13,2024,True,har_ovx,0.0191374953279816,0.0191526436885283
126,02.07.2024,13,2024,True,har_ovx,0.0191399190774818,0.019268677433282817
126,03.07.2024,13,2024,True,har_ovx,0.0191697911763744,0.01861326336138722
126,05.07.2024,13,2024,True,har_ovx,0.019171533102214,0.01845489268790932
126,08.07.2024,13,2024,True,har_ovx,0.0191581091973298,0.01834173643795174
126,09.07.2024,13,2024,True,har_ovx,0.0191518066612311,0.018372233713777986
126,10.07.2024,13,2024,True,har_ovx,0.0191692477254941,0.018531839809625365
126,11.07.2024,13,2024,True,har_ovx,0.0196187340572659,0.01836692899573213
126,12.07.2024,13,2024,True,har_ovx,0.0196678902058292,0.018279894879455867
126,15.07.2024,13,2024,True,har_ovx,0.0197022707942658,0.018288940794734386
126,16.07.2024,13,2024,True,har_ovx,0.0198090966099576,0.01820907968528203
126,17.07.2024,13,2024,True,har_ovx,0.0197713305492214,0.018428851220702216
126,18.07.2024,13,2024,True,har_ovx,0.0197779828924689,0.01866818983537347
126,19.07.2024,13,2024,True,har_ovx,0.0196735035050697,0.018594957323380595
126,22.07.2024,13,2024,True,har_ovx,0.0196745356564647,0.019329326813975277
126,23.07.2024,13,2024,True,har_ovx,0.0196332007918716,0.019157880793236833
126,24.07.2024,13,2024,True,har_ovx,0.0196188648218704,0.01926285035433755
126,25.07.2024,13,2024,True,har_ovx,0.0196690166496449,0.01917157296545666
126,26.07.2024,13,2024,True,har_ovx,0.0196316233543688,0.01916189061384025
126,29.07.2024,13,2024,True,har_ovx,0.0196033631647728,0.01962339198277979
126,30.07.2024,13,2024,True,har_ovx,0.0195651083058174,0.019879970235682082
126,31.07.2024,13,2024,True,har_ovx,0.0194210281649778,0.019977782964360327
126,01.08.2024,13,2024,True,har_ovx,0.0193981240766589,0.020755265065751906
126,02.08.2024,13,2024,True,har_ovx,0.019154055792515,0.020602093237819908
126,05.08.2024,13,2024,True,har_ovx,0.0192367420498721,0.021886398102644002
126,06.08.2024,13,2024,True,har_ovx,0.0192388638685615,0.022520569209746343
126,07.08.2024,13,2024,True,har_ovx,0.0191224612859247,0.02195448082474618
126,08.08.2024,13,2024,True,har_ovx,0.0191540916555693,0.021756320359695127
126,09.08.2024,13,2024,True,har_ovx,0.019192492907417,0.021151613158716283
126,12.08.2024,13,2024,True,har_ovx,0.019078224423005,0.02058839471614233
126,13.08.2024,13,2024,True,har_ovx,0.0190019793615345,0.021253489021155827
126,14.08.2024,13,2024,True,har_ovx,0.0189784279551195,0.021082381519234344
126,15.08.2024,13,2024,True,har_ovx,0.0189697064190586,0.020715521391145665
126,16.08.2024,13,2024,True,har_ovx,0.0189143920260142,0.020736669636431
126,19.08.2024,13,2024,True,har_ovx,0.018784821158522,0.0207149511735914
126,20.08.2024,13,2024,True,har_ovx,0.0189320633925331,0.02081004792375571
126,21.08.2024,13,2024,True,har_ovx,0.0188908405404115,0.020650588718000528
126,22.08.2024,13,2024,True,har_ovx,0.018956702422551,0.020825691936758272
126,23.08.2024,13,2024,True,har_ovx,0.0188468529381592,0.020679822343874527
126,26.08.2024,13,2024,True,har_ovx,0.0187422396778465,0.02071990606126054
126,27.08.2024,13,2024,True,har_ovx,0.0186582738290657,0.020874235893203932
126,28.08.2024,13,2024,True,har_ovx,0.0187268679510571,0.021044949133855642
126,29.08.2024,13,2024,True,har_ovx,0.0186756321738916,0.021033779288078116
126,30.08.2024,13,2024,True,har_ovx,0.0187585998239496,0.02102232675214049
126,03.09.2024,13,2024,True,har_ovx,0.0178228500576731,0.02114598349421673
126,04.09.2024,13,2024,True,har_ovx,0.0178183881099487,0.022458993134370588
126,05.09.2024,13,2024,True,har_ovx,0.0178698189170065,0.022586309009989772
126,06.09.2024,13,2024,True,har_ovx,0.0177612906490085,0.022233343829351358
126,09.09.2024,13,2024,True,har_ovx,0.0178230428715934,0.022383364460280285
126,10.09.2024,13,2024,True,har_ovx,0.0175559318841089,0.022351698185313226
126,11.09.2024,13,2024,True,har_ovx,0.0174845660726466,0.022700812149179784
126,12.09.2024,13,2024,True,har_ovx,0.0174118146886121,0.02237529353880558
126,13.09.2024,13,2024,True,har_ovx,0.0174178431585339,0.022207215664328168
126,16.09.2024,13,2024,True,har_ovx,0.017361715006169,0.021863464385905418
126,17.09.2024,13,2024,True,har_ovx,0.0173905809503638,0.02188901301018806
126,18.09.2024,13,2024,True,har_ovx,0.0173918399810556,0.021533425674118537
126,19.09.2024,13,2024,True,har_ovx,0.0173591063378593,0.021619135872328766
126,20.09.2024,13,2024,True,har_ovx,0.0173532951232539,0.021294549953983714
126,23.09.2024,13,2024,True,har_ovx,0.0173648024093299,0.020946652549035105
126,24.09.2024,13,2024,True,har_ovx,0.0172998068010462,0.021301211109772476
126,25.09.2024,13,2024,True,har_ovx,0.0171841939750755,0.02121272938860528
126,26.09.2024,13,2024,True,har_ovx,0.0170794986375552,0.021508201907781424
126,27.09.2024,13,2024,True,har_ovx,0.0170768058283556,0.02247264746536754
126,30.09.2024,13,2024,True,har_ovx,0.0170823727004091,0.022322256159499107
126,01.10.2024,13,2024,True,har_ovx,0.0179477869791321,0.022341874965551775
126,02.10.2024,13,2024,True,har_ovx,0.0189034886411241,0.022701428488677747
126,03.10.2024,13,2024,True,har_ovx,0.0184454112739987,0.02309455493249788
126,04.10.2024,13,2024,True,har_ovx,0.0185233085564114,0.025068329074776286
126,07.10.2024,13,2024,True,har_ovx,0.0186147999387197,0.02333380645422089
126,08.10.2024,13,2024,True,har_ovx,0.0183789436620686,0.023908634303894494
126,09.10.2024,13,2024,True,har_ovx,0.0184928667172423,0.0252818565259285
126,10.10.2024,13,2024,True,har_ovx,0.0181864396447801,0.024444487040270465
126,11.10.2024,13,2024,True,har_ovx,0.0181851245570664,0.025210037741289923
126,14.10.2024,13,2024,True,har_ovx,0.0181916132866075,0.02507176140772436
126,15.10.2024,13,2024,True,har_ovx,0.0180482431473016,0.024891877689860085
126,16.10.2024,13,2024,True,har_ovx,0.0181810928014193,0.02463870001557359
126,17.10.2024,13,2024,True,har_ovx,0.0182527953391399,0.024245049175542974
126,18.10.2024,13,2024,True,har_ovx,0.0182602633851004,0.023781464858831116
126,21.10.2024,13,2024,True,har_ovx,0.0182045990630827,0.023950122923443368
126,22.10.2024,13,2024,True,har_ovx,0.0180824414754515,0.024022556103718458
126,23.10.2024,13,2024,True,har_ovx,0.0180879978082308,0.024045200720839356
126,24.10.2024,13,2024,True,har_ovx,0.0182015357972874,0.024037732128562528
126,25.10.2024,13,2024,True,har_ovx,0.0181390896124624,0.02376386002086682
126,28.10.2024,13,2024,True,har_ovx,0.0173330317349713,0.02424468910915727
126,29.10.2024,13,2024,True,har_ovx,0.0173667093836444,0.024305591698503916
126,30.10.2024,13,2024,True,har_ovx,0.0173226135792739,0.023684765769696563
126,31.10.2024,13,2024,True,har_ovx,0.0175470793585637,0.02368331926145529
126,01.11.2024,13,2024,True,har_ovx,0.0176006734375079,0.024738315351177386
126,04.11.2024,13,2024,True,har_ovx,0.0176140422518358,0.02381239951855644
126,05.11.2024,13,2024,True,har_ovx,0.0176773395497867,0.023646871455551943
126,06.11.2024,13,2024,True,har_ovx,0.0177360256190803,0.023260996790357032
126,07.11.2024,13,2024,True,har_ovx,0.0178684673243018,0.02318272873700076
126,08.11.2024,13,2024,True,har_ovx,0.0177653969727611,0.02269635350969363
126,11.11.2024,13,2024,True,har_ovx,0.0177188364319272,0.02235055259042121
126,12.11.2024,13,2024,True,har_ovx,0.0177646288781752,0.02217435850140111
126,13.11.2024,13,2024,True,har_ovx,0.0177577470314348,0.021241095078322444
126,14.11.2024,13,2024,True,har_ovx,0.017753445264602,0.021793555825684017
126,15.11.2024,13,2024,True,har_ovx,0.0176688409426217,0.020691019420730806
126,18.11.2024,13,2024,True,har_ovx,0.0174421171453446,0.021502624218343373
126,19.11.2024,13,2024,True,har_ovx,0.0174508172490008,0.022037234422679203
126,20.11.2024,13,2024,True,har_ovx,0.0174645946729845,0.021850099167823215
126,21.11.2024,13,2024,True,har_ovx,0.0174119795934017,0.021802800309867764
126,22.11.2024,13,2024,True,har_ovx,0.0173937050713083,0.02199326557247038
126,25.11.2024,13,2024,True,har_ovx,0.0172142477544193,0.02155192990507876
126,26.11.2024,13,2024,True,har_ovx,0.0172490125433141,0.02170503416340118
126,27.11.2024,13,2024,True,har_ovx,0.0173097547332975,0.021759297771622867
126,29.11.2024,13,2024,True,har_ovx,0.0173359867948867,0.021393159656496998
126,02.12.2024,13,2024,True,har_ovx,0.0173030596430715,0.020951160892306617
126,03.12.2024,13,2024,True,har_ovx,0.0172281025317072,0.020955531253010504
126,04.12.2024,13,2024,True,har_ovx,0.0171787969740953,0.021012874421262366
126,05.12.2024,13,2024,True,har_ovx,0.0171782776936737,0.020947479451489077
126,06.12.2024,13,2024,True,har_ovx,0.0175607227671014,0.020105067354112084
126,09.12.2024,13,2024,True,har_ovx,0.0175202713451214,0.02044440331227328
126,10.12.2024,13,2024,True,har_ovx,0.0185429925795622,0.019884413750752394
126,11.12.2024,13,2024,True,har_ovx,0.0185120598280503,0.01969250633290366
126,12.12.2024,13,2024,True,har_ovx,0.01890472637793,0.020429967697107455
126,13.12.2024,13,2024,True,har_ovx,0.0188631346747285,0.02059889015877197
126,16.12.2024,13,2024,True,har_ovx,0.0188522226040059,0.020811915064978766
126,17.12.2024,13,2024,True,har_ovx,0.0199783456461508,0.020514529270511964
126,18.12.2024,13,2024,True,har_ovx,0.0207363233669758,0.02000165432095801
126,19.12.2024,13,2024,True,har_ovx,0.020743060354037,0.020187916484275467
126,20.12.2024,13,2024,True,har_ovx,0.0207430157733015,0.019870589465226386
126,23.12.2024,13,2024,True,har_ovx,0.0207406486935094,0.019427734475574266
126,24.12.2024,13,2024,True,har_ovx,0.0207055097892187,0.019559965060744817
126,26.12.2024,13,2024,True,har_ovx,0.0207116737498426,0.01960837378009506
126,27.12.2024,13,2024,True,har_ovx,0.0208524445509808,0.019506357795076822
126,30.12.2024,13,2024,True,har_ovx,0.0208529496529276,0.019634562014710595
126,31.12.2024,13,2024,True,har_ovx,0.0208769428768026,0.019668433955744444
126,02.01.2024,13,2024,True,har_gpr,0.0138302782459354,0.02099045767372025
126,03.01.2024,13,2024,True,har_gpr,0.0136037251817229,0.020404480419700017
126,04.01.2024,13,2024,True,har_gpr,0.0136076853199321,0.02115403464093022
126,05.01.2024,13,2024,True,har_gpr,0.0136010984776855,0.020677059954525352
126,08.01.2024,13,2024,True,har_gpr,0.0132450577310567,0.02033895402829444
126,09.01.2024,13,2024,True,har_gpr,0.0131460893981285,0.02252884924440816
126,10.01.2024,13,2024,True,har_gpr,0.0131171140641715,0.022201123202210044
126,11.01.2024,13,2024,True,har_gpr,0.0131040897687639,0.021826128329405472
126,12.01.2024,13,2024,True,har_gpr,0.0131284272934166,0.02127112725535459
126,16.01.2024,13,2024,True,har_gpr,0.0132003615568966,0.021281621403297982
126,17.01.2024,13,2024,True,har_gpr,0.0131897234230836,0.018752119167124368
126,18.01.2024,13,2024,True,har_gpr,0.0133944474131368,0.01873302743561038
126,19.01.2024,13,2024,True,har_gpr,0.0133818682237963,0.018864276531842528
126,22.01.2024,13,2024,True,har_gpr,0.0133665190523224,0.01870387239868713
126,23.01.2024,13,2024,True,har_gpr,0.0133750731423684,0.018717306800380994
126,24.01.2024,13,2024,True,har_gpr,0.0133828985618354,0.01854473502407118
126,25.01.2024,13,2024,True,har_gpr,0.0131929230017726,0.018493767109254284
126,26.01.2024,13,2024,True,har_gpr,0.0132185223665455,0.019254011696919857
126,29.01.2024,13,2024,True,har_gpr,0.0132240394127815,0.018720664337367583
126,30.01.2024,13,2024,True,har_gpr,0.0134245005090444,0.020864339202830092
126,31.01.2024,13,2024,True,har_gpr,0.0134320201760734,0.020460517718734406
126,01.02.2024,13,2024,True,har_gpr,0.0133707394773046,0.020779362984806843
126,02.02.2024,13,2024,True,har_gpr,0.0132925043980913,0.021601065727689054
126,05.02.2024,13,2024,True,har_gpr,0.0132719414661817,0.021052071764488332
126,06.02.2024,13,2024,True,har_gpr,0.013426404470553,0.020780046137219104
126,07.02.2024,13,2024,True,har_gpr,0.0134411242264859,0.02031350522861217
126,08.02.2024,13,2024,True,har_gpr,0.013179446076656,0.0196854834886656
126,09.02.2024,13,2024,True,har_gpr,0.0134857536547043,0.020158770355416997
126,12.02.2024,13,2024,True,har_gpr,0.0135988561362682,0.019316214013870993
126,13.02.2024,13,2024,True,har_gpr,0.0136100875938391,0.020959737477673542
126,14.02.2024,13,2024,True,har_gpr,0.0136280942776351,0.02110568700497487
126,15.02.2024,13,2024,True,har_gpr,0.0136397862305653,0.021549220869052133
126,16.02.2024,13,2024,True,har_gpr,0.0138077910472512,0.021285283964951187
126,20.02.2024,13,2024,True,har_gpr,0.0137665485313843,0.021108484059629475
126,21.02.2024,13,2024,True,har_gpr,0.0138035131811705,0.019607176760333273
126,22.02.2024,13,2024,True,har_gpr,0.0138568043304084,0.019489066109593205
126,23.02.2024,13,2024,True,har_gpr,0.0138447816680574,0.01932378863647452
126,26.02.2024,13,2024,True,har_gpr,0.0140701882785,0.01983662507136393
126,27.02.2024,13,2024,True,har_gpr,0.0141680073585912,0.018945504613459244
126,28.02.2024,13,2024,True,har_gpr,0.0142015300416477,0.018971543243915846
126,29.02.2024,13,2024,True,har_gpr,0.0142797797368484,0.01869837377083989
126,01.03.2024,13,2024,True,har_gpr,0.0143341559627714,0.018587246633496687
126,04.03.2024,13,2024,True,har_gpr,0.015468610528366,0.01976021556385202
126,05.03.2024,13,2024,True,har_gpr,0.0154972831166784,0.018542464982169778
126,06.03.2024,13,2024,True,har_gpr,0.0154592920735394,0.018846293181306564
126,07.03.2024,13,2024,True,har_gpr,0.0155785514709429,0.019114549019763366
126,08.03.2024,13,2024,True,har_gpr,0.015592614631557,0.018893665369422195
126,11.03.2024,13,2024,True,har_gpr,0.015926408655279,0.018742161060310392
126,12.03.2024,13,2024,True,har_gpr,0.0160417696740706,0.0185229288717455
126,13.03.2024,13,2024,True,har_gpr,0.0159672732692376,0.01847498317114
126,14.03.2024,13,2024,True,har_gpr,0.0158918559528901,0.019548677520430942
126,15.03.2024,13,2024,True,har_gpr,0.0159654814187517,0.0194307507604273
126,18.03.2024,13,2024,True,har_gpr,0.0159231836357351,0.01890743710302073
126,19.03.2024,13,2024,True,har_gpr,0.0159111344401091,0.019371721324965892
126,20.03.2024,13,2024,True,har_gpr,0.0159320079456965,0.018867050801274498
126,21.03.2024,13,2024,True,har_gpr,0.0159360671653115,0.019467469309325514
126,22.03.2024,13,2024,True,har_gpr,0.0159455386211473,0.019087648032948074
126,25.03.2024,13,2024,True,har_gpr,0.0159603670133183,0.01873568360958754
126,26.03.2024,13,2024,True,har_gpr,0.0160738848551598,0.017534891820601382
126,27.03.2024,13,2024,True,har_gpr,0.016219837106849,0.01729013040966146
126,28.03.2024,13,2024,True,har_gpr,0.0161553904691643,0.017050813936371544
126,01.04.2024,13,2024,True,har_gpr,0.016155664287908,0.017572052452954182
126,02.04.2024,13,2024,True,har_gpr,0.0162398333358598,0.018893812397636604
126,03.04.2024,13,2024,True,har_gpr,0.0162391812861609,0.019262482481921035
126,04.04.2024,13,2024,True,har_gpr,0.0167957557320056,0.01882526149389313
126,05.04.2024,13,2024,True,har_gpr,0.0167951177658761,0.018973465524515086
126,08.04.2024,13,2024,True,har_gpr,0.0171094190958545,0.01876551713726848
126,09.04.2024,13,2024,True,har_gpr,0.0175848279664163,0.017426559639933607
126,10.04.2024,13,2024,True,har_gpr,0.0175559651702149,0.017628761560904007
126,11.04.2024,13,2024,True,har_gpr,0.017859142702611,0.017700530842381976
126,12.04.2024,13,2024,True,har_gpr,0.0178441700463691,0.01735806370266348
126,15.04.2024,13,2024,True,har_gpr,0.0179237203352807,0.017276758879216376
126,16.04.2024,13,2024,True,har_gpr,0.0182942497268648,0.01857163122975369
126,17.04.2024,13,2024,True,har_gpr,0.0181046514140484,0.01825614677958732
126,18.04.2024,13,2024,True,har_gpr,0.0181087121491321,0.019795753520523606
126,19.04.2024,13,2024,True,har_gpr,0.01817383256764,0.019101556629978422
126,22.04.2024,13,2024,True,har_gpr,0.018244355243893,0.0190283041256823
126,23.04.2024,13,2024,True,har_gpr,0.0183094363482986,0.02131261146442557
126,24.04.2024,13,2024,True,har_gpr,0.0183443403317535,0.0217817996761722
126,25.04.2024,13,2024,True,har_gpr,0.0183190443163369,0.02105179715524035
126,26.04.2024,13,2024,True,har_gpr,0.0184296985256815,0.021263163646221064
126,29.04.2024,13,2024,True,har_gpr,0.0192038923324049,0.02103278616308803
126,30.04.2024,13,2024,True,har_gpr,0.0192011090258717,0.018920072998954342
126,01.05.2024,13,2024,True,har_gpr,0.0187652249463579,0.01852319232501197
126,02.05.2024,13,2024,True,har_gpr,0.0187811525904257,0.02150900942414721
126,03.05.2024,13,2024,True,har_gpr,0.0187692195074833,0.020364933514776834
126,06.05.2024,13,2024,True,har_gpr,0.0189252679414214,0.020321972811989625
126,07.05.2024,13,2024,True,har_gpr,0.0189346279876462,0.018538780683930344
126,08.05.2024,13,2024,True,har_gpr,0.0189386251757109,0.018492625853878692
126,09.05.2024,13,2024,True,har_gpr,0.0189567830119568,0.01744685668046611
126,10.05.2024,13,2024,True,har_gpr,0.0190337009921727,0.017440025824652892
126,13.05.2024,13,2024,True,har_gpr,0.0191728271236713,0.017701560164392133
126,14.05.2024,13,2024,True,har_gpr,0.0191497575617446,0.01890346226786243
126,15.05.2024,13,2024,True,har_gpr,0.0191520948029045,0.01911571088047258
126,16.05.2024,13,2024,True,har_gpr,0.0191459352227282,0.01865054260058553
126,17.05.2024,13,2024,True,har_gpr,0.0192094066833791,0.01874797135862454
126,20.05.2024,13,2024,True,har_gpr,0.0194273725743224,0.01873368330682373
126,21.05.2024,13,2024,True,har_gpr,0.0194111424544184,0.019755133429827258
126,22.05.2024,13,2024,True,har_gpr,0.0193936160346419,0.01969478732992695
126,23.05.2024,13,2024,True,har_gpr,0.0194702731874137,0.01985943761709502
126,24.05.2024,13,2024,True,har_gpr,0.019486003381762,0.019576592913681228
126,28.05.2024,13,2024,True,har_gpr,0.019509102471308,0.019692392046297025
126,29.05.2024,13,2024,True,har_gpr,0.0195015743546678,0.020908086503623222
126,30.05.2024,13,2024,True,har_gpr,0.0194195257969336,0.02055195847666447
126,31.05.2024,13,2024,True,har_gpr,0.0194198857500808,0.01980523824139741
126,03.06.2024,13,2024,True,har_gpr,0.0191322689020319,0.01944129413015964
126,04.06.2024,13,2024,True,har_gpr,0.019242478140498,0.021301427219302966
126,05.06.2024,13,2024,True,har_gpr,0.0192759443536201,0.02019531845143217
126,06.06.2024,13,2024,True,har_gpr,0.0192005996137872,0.02057817457291922
126,07.06.2024,13,2024,True,har_gpr,0.0192330474867912,0.021098693250390217
126,10.06.2024,13,2024,True,har_gpr,0.0191415567368123,0.020793116965810775
126,11.06.2024,13,2024,True,har_gpr,0.0191378453726509,0.0215982531255651
126,12.06.2024,13,2024,True,har_gpr,0.0191971536818096,0.020965800579108844
126,13.06.2024,13,2024,True,har_gpr,0.0191956412073402,0.021033391151404502
126,14.06.2024,13,2024,True,har_gpr,0.0192454835113319,0.02087405485138974
126,17.06.2024,13,2024,True,har_gpr,0.019168115477036,0.020831147722245917
126,18.06.2024,13,2024,True,har_gpr,0.0191436297420926,0.01984870426076184
126,20.06.2024,13,2024,True,har_gpr,0.0191401824470986,0.019792433140382724
126,21.06.2024,13,2024,True,har_gpr,0.0191432633566024,0.019595163048916286
126,24.06.2024,13,2024,True,har_gpr,0.0191221396924549,0.019653009222224797
126,25.06.2024,13,2024,True,har_gpr,0.0191012917483729,0.019661802735495358
126,26.06.2024,13,2024,True,har_gpr,0.0191401040175268,0.019822262291548508
126,27.06.2024,13,2024,True,har_gpr,0.0190980185166673,0.019288944623218143
126,28.06.2024,13,2024,True,har_gpr,0.0191362831360624,0.01963436117726686
126,01.07.2024,13,2024,True,har_gpr,0.0191374953279816,0.019096527622124625
126,02.07.2024,13,2024,True,har_gpr,0.0191399190774818,0.018859564929310454
126,03.07.2024,13,2024,True,har_gpr,0.0191697911763744,0.017646490486901353
126,05.07.2024,13,2024,True,har_gpr,0.019171533102214,0.0177367788170563
126,08.07.2024,13,2024,True,har_gpr,0.0191581091973298,0.01782293793056527
126,09.07.2024,13,2024,True,har_gpr,0.0191518066612311,0.01942060773356726
126,10.07.2024,13,2024,True,har_gpr,0.0191692477254941,0.019689551803951207
126,11.07.2024,13,2024,True,har_gpr,0.0196187340572659,0.019239786339266304
126,12.07.2024,13,2024,True,har_gpr,0.0196678902058292,0.019057325049961903
126,15.07.2024,13,2024,True,har_gpr,0.0197022707942658,0.01904008513513801
126,16.07.2024,13,2024,True,har_gpr,0.0198090966099576,0.016632179207826437
126,17.07.2024,13,2024,True,har_gpr,0.0197713305492214,0.016999408873699166
126,18.07.2024,13,2024,True,har_gpr,0.0197779828924689,0.01716684907952139
126,19.07.2024,13,2024,True,har_gpr,0.0196735035050697,0.016740187365167834
126,22.07.2024,13,2024,True,har_gpr,0.0196745356564647,0.01821124858599445
126,23.07.2024,13,2024,True,har_gpr,0.0196332007918716,0.019128450853745857
126,24.07.2024,13,2024,True,har_gpr,0.0196188648218704,0.01947940685596354
126,25.07.2024,13,2024,True,har_gpr,0.0196690166496449,0.019214376999509994
126,26.07.2024,13,2024,True,har_gpr,0.0196316233543688,0.019332073075957933
126,29.07.2024,13,2024,True,har_gpr,0.0196033631647728,0.01916215377683963
126,30.07.2024,13,2024,True,har_gpr,0.0195651083058174,0.02058685264073622
126,31.07.2024,13,2024,True,har_gpr,0.0194210281649778,0.020552997825376493
126,01.08.2024,13,2024,True,har_gpr,0.0193981240766589,0.021623315343280502
126,02.08.2024,13,2024,True,har_gpr,0.019154055792515,0.021488966041378944
126,05.08.2024,13,2024,True,har_gpr,0.0192367420498721,0.02249696501692389
126,06.08.2024,13,2024,True,har_gpr,0.0192388638685615,0.02101510105816365
126,07.08.2024,13,2024,True,har_gpr,0.0191224612859247,0.02095005153346185
126,08.08.2024,13,2024,True,har_gpr,0.0191540916555693,0.021630578170959876
126,09.08.2024,13,2024,True,har_gpr,0.019192492907417,0.021464210579263163
126,12.08.2024,13,2024,True,har_gpr,0.019078224423005,0.02079871062483172
126,13.08.2024,13,2024,True,har_gpr,0.0190019793615345,0.020657692194130307
126,14.08.2024,13,2024,True,har_gpr,0.0189784279551195,0.020914363093067344
126,15.08.2024,13,2024,True,har_gpr,0.0189697064190586,0.02068842432270017
126,16.08.2024,13,2024,True,har_gpr,0.0189143920260142,0.020932056891545873
126,19.08.2024,13,2024,True,har_gpr,0.018784821158522,0.0208680802254259
126,20.08.2024,13,2024,True,har_gpr,0.0189320633925331,0.019899768111332646
126,21.08.2024,13,2024,True,har_gpr,0.0188908405404115,0.019422202381502787
126,22.08.2024,13,2024,True,har_gpr,0.018956702422551,0.01960974561369106
126,23.08.2024,13,2024,True,har_gpr,0.0188468529381592,0.01968001867665168
126,26.08.2024,13,2024,True,har_gpr,0.0187422396778465,0.020280476528531183
126,27.08.2024,13,2024,True,har_gpr,0.0186582738290657,0.02194820942229611
126,28.08.2024,13,2024,True,har_gpr,0.0187268679510571,0.022204656157272143
126,29.08.2024,13,2024,True,har_gpr,0.0186756321738916,0.02173578629098656
126,30.08.2024,13,2024,True,har_gpr,0.0187585998239496,0.02185871916875906
126,03.09.2024,13,2024,True,har_gpr,0.0178228500576731,0.021428909749215647
126,04.09.2024,13,2024,True,har_gpr,0.0178183881099487,0.025354178313897996
126,05.09.2024,13,2024,True,har_gpr,0.0178698189170065,0.024413398227200657
126,06.09.2024,13,2024,True,har_gpr,0.0177612906490085,0.023995857313309235
126,09.09.2024,13,2024,True,har_gpr,0.0178230428715934,0.0241167475724689
126,10.09.2024,13,2024,True,har_gpr,0.0175559318841089,0.024269549844583037
126,11.09.2024,13,2024,True,har_gpr,0.0174845660726466,0.023963088699230882
126,12.09.2024,13,2024,True,har_gpr,0.0174118146886121,0.024116811822220592
126,13.09.2024,13,2024,True,har_gpr,0.0174178431585339,0.024413132328954368
126,16.09.2024,13,2024,True,har_gpr,0.017361715006169,0.023875279559217442
126,17.09.2024,13,2024,True,har_gpr,0.0173905809503638,0.022862489656341287
126,18.09.2024,13,2024,True,har_gpr,0.0173918399810556,0.021907506251771024
126,19.09.2024,13,2024,True,har_gpr,0.0173591063378593,0.02169410188287778
126,20.09.2024,13,2024,True,har_gpr,0.0173532951232539,0.022001896289259942
126,23.09.2024,13,2024,True,har_gpr,0.0173648024093299,0.021717282214117766
126,24.09.2024,13,2024,True,har_gpr,0.0172998068010462,0.023408385041686165
126,25.09.2024,13,2024,True,har_gpr,0.0171841939750755,0.023422732336932962
126,26.09.2024,13,2024,True,har_gpr,0.0170794986375552,0.02383386991217251
126,27.09.2024,13,2024,True,har_gpr,0.0170768058283556,0.024001004200767513
126,30.09.2024,13,2024,True,har_gpr,0.0170823727004091,0.023580097779129193
126,01.10.2024,13,2024,True,har_gpr,0.0179477869791321,0.02195915982477917
126,02.10.2024,13,2024,True,har_gpr,0.0189034886411241,0.01967292452497265
126,03.10.2024,13,2024,True,har_gpr,0.0184454112739987,0.019060011438453556
126,04.10.2024,13,2024,True,har_gpr,0.0185233085564114,0.020873652084791822
126,07.10.2024,13,2024,True,har_gpr,0.0186147999387197,0.01980621610104184
126,08.10.2024,13,2024,True,har_gpr,0.0183789436620686,0.021952712881859043
126,09.10.2024,13,2024,True,har_gpr,0.0184928667172423,0.023519613635764155
126,10.10.2024,13,2024,True,har_gpr,0.0181864396447801,0.022793823981974073
126,11.10.2024,13,2024,True,har_gpr,0.0181851245570664,0.02338208248504284
126,14.10.2024,13,2024,True,har_gpr,0.0181916132866075,0.022796097918686493
126,15.10.2024,13,2024,True,har_gpr,0.0180482431473016,0.022944526582957144
126,16.10.2024,13,2024,True,har_gpr,0.0181810928014193,0.024139449904568462
126,17.10.2024,13,2024,True,har_gpr,0.0182527953391399,0.02336001638245274
126,18.10.2024,13,2024,True,har_gpr,0.0182602633851004,0.022745730577154795
126,21.10.2024,13,2024,True,har_gpr,0.0182045990630827,0.023098443354804536
126,22.10.2024,13,2024,True,har_gpr,0.0180824414754515,0.023985641212384157
126,23.10.2024,13,2024,True,har_gpr,0.0180879978082308,0.023798648200123226
126,24.10.2024,13,2024,True,har_gpr,0.0182015357972874,0.023663067261834654
126,25.10.2024,13,2024,True,har_gpr,0.0181390896124624,0.023388743578677696
126,28.10.2024,13,2024,True,har_gpr,0.0173330317349713,0.023694489879938285
126,29.10.2024,13,2024,True,har_gpr,0.0173667093836444,0.025538653696479816
126,30.10.2024,13,2024,True,har_gpr,0.0173226135792739,0.024034662478638346
126,31.10.2024,13,2024,True,har_gpr,0.0175470793585637,0.024625647582122014
126,01.11.2024,13,2024,True,har_gpr,0.0176006734375079,0.023822181540185366
126,04.11.2024,13,2024,True,har_gpr,0.0176140422518358,0.023820783447975308
126,05.11.2024,13,2024,True,har_gpr,0.0176773395497867,0.02366572005762686
126,06.11.2024,13,2024,True,har_gpr,0.0177360256190803,0.02260579080965001
126,07.11.2024,13,2024,True,har_gpr,0.0178684673243018,0.022760123477910742
126,08.11.2024,13,2024,True,har_gpr,0.0177653969727611,0.022393803819945015
126,11.11.2024,13,2024,True,har_gpr,0.0177188364319272,0.02313255913739117
126,12.11.2024,13,2024,True,har_gpr,0.0177646288781752,0.02319095220076449
126,13.11.2024,13,2024,True,har_gpr,0.0177577470314348,0.02294764872723388
126,14.11.2024,13,2024,True,har_gpr,0.017753445264602,0.023134264775270544
126,15.11.2024,13,2024,True,har_gpr,0.0176688409426217,0.023037675232884997
126,18.11.2024,13,2024,True,har_gpr,0.0174421171453446,0.02336056958969115
126,19.11.2024,13,2024,True,har_gpr,0.0174508172490008,0.02081282594853661
126,20.11.2024,13,2024,True,har_gpr,0.0174645946729845,0.020038373068413884
126,21.11.2024,13,2024,True,har_gpr,0.0174119795934017,0.020154151146609012
126,22.11.2024,13,2024,True,har_gpr,0.0173937050713083,0.020598908187448202
126,25.11.2024,13,2024,True,har_gpr,0.0172142477544193,0.02002921483075109
126,26.11.2024,13,2024,True,har_gpr,0.0172490125433141,0.02030729907563088
126,27.11.2024,13,2024,True,har_gpr,0.0173097547332975,0.01980449362380607
126,29.11.2024,13,2024,True,har_gpr,0.0173359867948867,0.019592439694090847
126,02.12.2024,13,2024,True,har_gpr,0.0173030596430715,0.019402462050856967
126,03.12.2024,13,2024,True,har_gpr,0.0172281025317072,0.01835645500804788
126,04.12.2024,13,2024,True,har_gpr,0.0171787969740953,0.01856737793609866
126,05.12.2024,13,2024,True,har_gpr,0.0171782776936737,0.018676487329307434
126,06.12.2024,13,2024,True,har_gpr,0.0175607227671014,0.018380042070051027
126,09.12.2024,13,2024,True,har_gpr,0.0175202713451214,0.018601135609922208
126,10.12.2024,13,2024,True,har_gpr,0.0185429925795622,0.01790250648686971
126,11.12.2024,13,2024,True,har_gpr,0.0185120598280503,0.016998842074787197
126,12.12.2024,13,2024,True,har_gpr,0.01890472637793,0.01748499077111811
126,13.12.2024,13,2024,True,har_gpr,0.0188631346747285,0.017152954073497442
126,16.12.2024,13,2024,True,har_gpr,0.0188522226040059,0.017252878147555734
126,17.12.2024,13,2024,True,har_gpr,0.0199783456461508,0.020241591993762596
126,18.12.2024,13,2024,True,har_gpr,0.0207363233669758,0.020006439296807923
126,19.12.2024,13,2024,True,har_gpr,0.020743060354037,0.019691076518041164
126,20.12.2024,13,2024,True,har_gpr,0.0207430157733015,0.019798722578975397
126,23.12.2024,13,2024,True,har_gpr,0.0207406486935094,0.019217655091193428
126,24.12.2024,13,2024,True,har_gpr,0.0207055097892187,0.019142961639325287
126,26.12.2024,13,2024,True,har_gpr,0.0207116737498426,0.01909866397446118
126,27.12.2024,13,2024,True,har_gpr,0.0208524445509808,0.018958816153863793
126,30.12.2024,13,2024,True,har_gpr,0.0208529496529276,0.019228162340901946
126,31.12.2024,13,2024,True,har_gpr,0.0208769428768026,0.018801564308874467
126,02.01.2024,13,2024,True,har_x,0.0138302782459354,0.020665248901141117
126,03.01.2024,13,2024,True,har_x,0.0136037251817229,0.020896923544585954
126,04.01.2024,13,2024,True,har_x,0.0136076853199321,0.021007899443784443
126,05.01.2024,13,2024,True,har_x,0.0136010984776855,0.020751688910417832
126,08.01.2024,13,2024,True,har_x,0.0132450577310567,0.020389850602475654
126,09.01.2024,13,2024,True,har_x,0.0131460893981285,0.021862552302399054
126,10.01.2024,13,2024,True,har_x,0.0131171140641715,0.021648758426868937
126,11.01.2024,13,2024,True,har_x,0.0131040897687639,0.02154579163267278
126,12.01.2024,13,2024,True,har_x,0.0131284272934166,0.02144425912555994
126,16.01.2024,13,2024,True,har_x,0.0132003615568966,0.02209379511707174
126,17.01.2024,13,2024,True,har_x,0.0131897234230836,0.020183570521961246
126,18.01.2024,13,2024,True,har_x,0.0133944474131368,0.019942294886705365
126,19.01.2024,13,2024,True,har_x,0.0133818682237963,0.019793529053471537
126,22.01.2024,13,2024,True,har_x,0.0133665190523224,0.0197254104838588
126,23.01.2024,13,2024,True,har_x,0.0133750731423684,0.019422429125323333
126,24.01.2024,13,2024,True,har_x,0.0133828985618354,0.01925789148038594
126,25.01.2024,13,2024,True,har_x,0.0131929230017726,0.01906628530491683
126,26.01.2024,13,2024,True,har_x,0.0132185223665455,0.019514801472136453
126,29.01.2024,13,2024,True,har_x,0.0132240394127815,0.01927975192034991
126,30.01.2024,13,2024,True,har_x,0.0134245005090444,0.021347906892483007
126,31.01.2024,13,2024,True,har_x,0.0134320201760734,0.021190529117835626
126,01.02.2024,13,2024,True,har_x,0.0133707394773046,0.02148959962707786
126,02.02.2024,13,2024,True,har_x,0.0132925043980913,0.021435455763488823
126,05.02.2024,13,2024,True,har_x,0.0132719414661817,0.021146234843172924
126,06.02.2024,13,2024,True,har_x,0.013426404470553,0.020831984814528054
126,07.02.2024,13,2024,True,har_x,0.0134411242264859,0.020446384507256003
126,08.02.2024,13,2024,True,har_x,0.013179446076656,0.01952205866209105
126,09.02.2024,13,2024,True,har_x,0.0134857536547043,0.019708081567094145
126,12.02.2024,13,2024,True,har_x,0.0135988561362682,0.019534293351045236
126,13.02.2024,13,2024,True,har_x,0.0136100875938391,0.021266521377367315
126,14.02.2024,13,2024,True,har_x,0.0136280942776351,0.0212555262201697
126,15.02.2024,13,2024,True,har_x,0.0136397862305653,0.021493400454460347
126,16.02.2024,13,2024,True,har_x,0.0138077910472512,0.021248247155775585
126,20.02.2024,13,2024,True,har_x,0.0137665485313843,0.020996302303162143
126,21.02.2024,13,2024,True,har_x,0.0138035131811705,0.019654604737169318
126,22.02.2024,13,2024,True,har_x,0.0138568043304084,0.01948976064622969
126,23.02.2024,13,2024,True,har_x,0.0138447816680574,0.019332897488606487
126,26.02.2024,13,2024,True,har_x,0.0140701882785,0.01964952336314737
126,27.02.2024,13,2024,True,har_x,0.0141680073585912,0.019119759206264932
126,28.02.2024,13,2024,True,har_x,0.0142015300416477,0.019064565971398762
126,29.02.2024,13,2024,True,har_x,0.0142797797368484,0.018957646373175593
126,01.03.2024,13,2024,True,har_x,0.0143341559627714,0.01896813596891333
126,04.03.2024,13,2024,True,har_x,0.015468610528366,0.020583525344161767
126,05.03.2024,13,2024,True,har_x,0.0154972831166784,0.01934378791469886
126,06.03.2024,13,2024,True,har_x,0.0154592920735394,0.019416866108511715
126,07.03.2024,13,2024,True,har_x,0.0155785514709429,0.019422765607825236
126,08.03.2024,13,2024,True,har_x,0.015592614631557,0.019357380682440268
126,11.03.2024,13,2024,True,har_x,0.015926408655279,0.01932222713540177
126,12.03.2024,13,2024,True,har_x,0.0160417696740706,0.01916407149921088
126,13.03.2024,13,2024,True,har_x,0.0159672732692376,0.01934068046988033
126,14.03.2024,13,2024,True,har_x,0.0158918559528901,0.01974274541245888
126,15.03.2024,13,2024,True,har_x,0.0159654814187517,0.020053706934075915
126,18.03.2024,13,2024,True,har_x,0.0159231836357351,0.01958298979753197
126,19.03.2024,13,2024,True,har_x,0.0159111344401091,0.01971185030159074
126,20.03.2024,13,2024,True,har_x,0.0159320079456965,0.019440525831288365
126,21.03.2024,13,2024,True,har_x,0.0159360671653115,0.019586551599083055
126,22.03.2024,13,2024,True,har_x,0.0159455386211473,0.01924233167863943
126,25.03.2024,13,2024,True,har_x,0.0159603670133183,0.01902697328350038
126,26.03.2024,13,2024,True,har_x,0.0160738848551598,0.017951695600223024
126,27.03.2024,13,2024,True,har_x,0.016219837106849,0.01783471694321567
126,28.03.2024,13,2024,True,har_x,0.0161553904691643,0.017628710001326358
126,01.04.2024,13,2024,True,har_x,0.016155664287908,0.017749892198412078
126,02.04.2024,13,2024,True,har_x,0.0162398333358598,0.019262779056583284
126,03.04.2024,13,2024,True,har_x,0.0162391812861609,0.01961142379768627
126,04.04.2024,13,2024,True,har_x,0.0167957557320056,0.01947112660969932
126,05.04.2024,13,2024,True,har_x,0.0167951177658761,0.020027674818071967
126,08.04.2024,13,2024,True,har_x,0.0171094190958545,0.0199933063515257
126,09.04.2024,13,2024,True,har_x,0.0175848279664163,0.018349009029380102
126,10.04.2024,13,2024,True,har_x,0.0175559651702149,0.01814440646023223
126,11.04.2024,13,2024,True,har_x,0.017859142702611,0.018363475978341606
126,12.04.2024,13,2024,True,har_x,0.0178441700463691,0.018445581575659308
126,15.04.2024,13,2024,True,har_x,0.0179237203352807,0.01857837802870517
126,16.04.2024,13,2024,True,har_x,0.0182942497268648,0.020678013021726803
126,17.04.2024,13,2024,True,har_x,0.0181046514140484,0.020231899807877686
126,18.04.2024,13,2024,True,har_x,0.0181087121491321,0.020652922095652275
126,19.04.2024,13,2024,True,har_x,0.01817383256764,0.02017469127911599
126,22.04.2024,13,2024,True,har_x,0.018244355243893,0.020220254737019175
126,23.04.2024,13,2024,True,har_x,0.0183094363482986,0.021814720298029448
126,24.04.2024,13,2024,True,har_x,0.0183443403317535,0.021843484203093008
126,25.04.2024,13,2024,True,har_x,0.0183190443163369,0.021583080405474707
126,26.04.2024,13,2024,True,har_x,0.0184296985256815,0.021533756020724885
126,29.04.2024,13,2024,True,har_x,0.0192038923324049,0.021372470110512118
126,30.04.2024,13,2024,True,har_x,0.0192011090258717,0.019244779195640903
126,01.05.2024,13,2024,True,har_x,0.0187652249463579,0.019109955745682018
126,02.05.2024,13,2024,True,har_x,0.0187811525904257,0.020296140565806874
126,03.05.2024,13,2024,True,har_x,0.0187692195074833,0.019763065856431516
126,06.05.2024,13,2024,True,har_x,0.0189252679414214,0.019806829018529332
126,07.05.2024,13,2024,True,har_x,0.0189346279876462,0.017957572706246285
126,08.05.2024,13,2024,True,har_x,0.0189386251757109,0.017819564365232535
126,09.05.2024,13,2024,True,har_x,0.0189567830119568,0.017368917569626413
126,10.05.2024,13,2024,True,har_x,0.0190337009921727,0.017374883681800818
126,13.05.2024,13,2024,True,har_x,0.0191728271236713,0.017455845014915254
126,14.05.2024,13,2024,True,har_x,0.0191497575617446,0.018843596651259148
126,15.05.2024,13,2024,True,har_x,0.0191520948029045,0.018916259225112017
126,16.05.2024,13,2024,True,har_x,0.0191459352227282,0.018780114258800763
126,17.05.2024,13,2024,True,har_x,0.0192094066833791,0.018646547781643118
126,20.05.2024,13,2024,True,har_x,0.0194273725743224,0.018793743827911852
126,21.05.2024,13,2024,True,har_x,0.0194111424544184,0.019682005616094293
126,22.05.2024,13,2024,True,har_x,0.0193936160346419,0.01956836504402479
126,23.05.2024,13,2024,True,har_x,0.0194702731874137,0.019687518125215516
126,24.05.2024,13,2024,True,har_x,0.019486003381762,0.01975124338724428
126,28.05.2024,13,2024,True,har_x,0.019509102471308,0.019603676778642234
126,29.05.2024,13,2024,True,har_x,0.0195015743546678,0.0201316808343528
126,30.05.2024,13,2024,True,har_x,0.0194195257969336,0.01989445255422663
126,31.05.2024,13,2024,True,har_x,0.0194198857500808,0.02008355653574909
126,03.06.2024,13,2024,True,har_x,0.0191322689020319,0.020159265113897602
126,04.06.2024,13,2024,True,har_x,0.019242478140498,0.020743701114104122
126,05.06.2024,13,2024,True,har_x,0.0192759443536201,0.02029385141784468
126,06.06.2024,13,2024,True,har_x,0.0192005996137872,0.020210940854388074
126,07.06.2024,13,2024,True,har_x,0.0192330474867912,0.02015154621140409
126,10.06.2024,13,2024,True,har_x,0.0191415567368123,0.019842815617870612
126,11.06.2024,13,2024,True,har_x,0.0191378453726509,0.02027725378300013
126,12.06.2024,13,2024,True,har_x,0.0191971536818096,0.020032856351943018
126,13.06.2024,13,2024,True,har_x,0.0191956412073402,0.019927767968088806
126,14.06.2024,13,2024,True,har_x,0.0192454835113319,0.01981680618912144
126,17.06.2024,13,2024,True,har_x,0.019168115477036,0.019844524999065315
126,18.06.2024,13,2024,True,har_x,0.0191436297420926,0.018628873143100508
126,20.06.2024,13,2024,True,har_x,0.0191401824470986,0.01854148235175707
126,21.06.2024,13,2024,True,har_x,0.0191432633566024,0.01856775613015848
126,24.06.2024,13,2024,True,har_x,0.0191221396924549,0.018683935414014766
126,25.06.2024,13,2024,True,har_x,0.0191012917483729,0.0190268725982921
126,26.06.2024,13,2024,True,har_x,0.0191401040175268,0.019138558513034403
126,27.06.2024,13,2024,True,har_x,0.0190980185166673,0.019041012339835833
126,28.06.2024,13,2024,True,har_x,0.0191362831360624,0.019167717691713246
126,01.07.2024,13,2024,True,har_x,0.0191374953279816,0.01904038393348
126,02.07.2024,13,2024,True,har_x,0.0191399190774818,0.018600896798328558
126,03.07.2024,13,2024,True,har_x,0.0191697911763744,0.017945222301743023
126,05.07.2024,13,2024,True,har_x,0.019171533102214,0.017777306274947724
126,08.07.2024,13,2024,True,har_x,0.0191581091973298,0.017667450057593716
126,09.07.2024,13,2024,True,har_x,0.0191518066612311,0.01919347122706618
126,10.07.2024,13,2024,True,har_x,0.0191692477254941,0.019348515041583383
126,11.07.2024,13,2024,True,har_x,0.0196187340572659,0.019184005116817573
126,12.07.2024,13,2024,True,har_x,0.0196678902058292,0.019106142522766007
126,15.07.2024,13,2024,True,har_x,0.0197022707942658,0.019115879968347717
126,16.07.2024,13,2024,True,har_x,0.0198090966099576,0.016798010015844248
126,17.07.2024,13,2024,True,har_x,0.0197713305492214,0.01700978966535998
126,18.07.2024,13,2024,True,har_x,0.0197779828924689,0.01723474221774294
126,19.07.2024,13,2024,True,har_x,0.0196735035050697,0.017171518605391848
126,22.07.2024,13,2024,True,har_x,0.0196745356564647,0.01786914313773964
126,23.07.2024,13,2024,True,har_x,0.0196332007918716,0.019212298879361912
126,24.07.2024,13,2024,True,har_x,0.0196188648218704,0.019306442894851127
126,25.07.2024,13,2024,True,har_x,0.0196690166496449,0.019227810883261448
126,26.07.2024,13,2024,True,har_x,0.0196316233543688,0.01921510387717308
126,29.07.2024,13,2024,True,har_x,0.0196033631647728,0.019680057059230906
126,30.07.2024,13,2024,True,har_x,0.0195651083058174,0.021062117294324154
126,31.07.2024,13,2024,True,har_x,0.0194210281649778,0.02116224095290265
126,01.08.2024,13,2024,True,har_x,0.0193981240766589,0.021914441101922002
126,02.08.2024,13,2024,True,har_x,0.019154055792515,0.021911714085749347
126,05.08.2024,13,2024,True,har_x,0.0192367420498721,0.023166850866933746
126,06.08.2024,13,2024,True,har_x,0.0192388638685615,0.02311960118221639
126,07.08.2024,13,2024,True,har_x,0.0191224612859247,0.022560092734697768
126,08.08.2024,13,2024,True,har_x,0.0191540916555693,0.022355034842993855
126,09.08.2024,13,2024,True,har_x,0.019192492907417,0.021763254333890935
126,12.08.2024,13,2024,True,har_x,0.019078224423005,0.021237653202632614
126,13.08.2024,13,2024,True,har_x,0.0190019793615345,0.020580479062401656
126,14.08.2024,13,2024,True,har_x,0.0189784279551195,0.020399155269630948
126,15.08.2024,13,2024,True,har_x,0.0189697064190586,0.020038183831189542
126,16.08.2024,13,2024,True,har_x,0.0189143920260142,0.020055986185291128
126,19.08.2024,13,2024,True,har_x,0.018784821158522,0.02002610125674309
126,20.08.2024,13,2024,True,har_x,0.0189320633925331,0.01930310502654375
126,21.08.2024,13,2024,True,har_x,0.0188908405404115,0.019158517295356326
126,22.08.2024,13,2024,True,har_x,0.018956702422551,0.01932581487792965
126,23.08.2024,13,2024,True,har_x,0.0188468529381592,0.019182441778038774
126,26.08.2024,13,2024,True,har_x,0.0187422396778465,0.019205301682993607
126,27.08.2024,13,2024,True,har_x,0.0186582738290657,0.02075607989056978
126,28.08.2024,13,2024,True,har_x,0.0187268679510571,0.02091821087694943
126,29.08.2024,13,2024,True,har_x,0.0186756321738916,0.020915029495337273
126,30.08.2024,13,2024,True,har_x,0.0187585998239496,0.020900480506528152
126,03.09.2024,13,2024,True,har_x,0.0178228500576731,0.021022103478344177
126,04.09.2024,13,2024,True,har_x,0.0178183881099487,0.023329194330689675
126,05.09.2024,13,2024,True,har_x,0.0178698189170065,0.023489422484562372
126,06.09.2024,13,2024,True,har_x,0.0177612906490085,0.023143386962489583
126,09.09.2024,13,2024,True,har_x,0.0178230428715934,0.023294019915817366
126,10.09.2024,13,2024,True,har_x,0.0175559318841089,0.023269831412797128
126,11.09.2024,13,2024,True,har_x,0.0174845660726466,0.02362722845082643
126,12.09.2024,13,2024,True,har_x,0.0174118146886121,0.023303310013580856
126,13.09.2024,13,2024,True,har_x,0.0174178431585339,0.023131855126315794
126,16.09.2024,13,2024,True,har_x,0.017361715006169,0.022805208975675652
126,17.09.2024,13,2024,True,har_x,0.0173905809503638,0.021424426366964996
126,18.09.2024,13,2024,True,har_x,0.0173918399810556,0.021113234993266818
126,19.09.2024,13,2024,True,har_x,0.0173591063378593,0.021205200605389107
126,20.09.2024,13,2024,True,har_x,0.0173532951232539,0.020874928581783893
126,23.09.2024,13,2024,True,har_x,0.0173648024093299,0.020536118730480578
126,24.09.2024,13,2024,True,har_x,0.0172998068010462,0.022714051891999355
126,25.09.2024,13,2024,True,har_x,0.0171841939750755,0.0226153882806738
126,26.09.2024,13,2024,True,har_x,0.0170794986375552,0.022890107582327172
126,27.09.2024,13,2024,True,har_x,0.0170768058283556,0.023846972748611632
126,30.09.2024,13,2024,True,har_x,0.0170823727004091,0.023706521261464157
126,01.10.2024,13,2024,True,har_x,0.0179477869791321,0.0222768536591837
126,02.10.2024,13,2024,True,har_x,0.0189034886411241,0.020960932633069546
126,03.10.2024,13,2024,True,har_x,0.0184454112739987,0.021370795259812076
126,04.10.2024,13,2024,True,har_x,0.0185233085564114,0.02330033163311933
126,07.10.2024,13,2024,True,har_x,0.0186147999387197,0.021605044388590667
126,08.10.2024,13,2024,True,har_x,0.0183789436620686,0.02329134746754786
126,09.10.2024,13,2024,True,har_x,0.0184928667172423,0.02459930546561422
126,10.10.2024,13,2024,True,har_x,0.0181864396447801,0.0237914606952788
126,11.10.2024,13,2024,True,har_x,0.0181851245570664,0.024544373934370825
126,14.10.2024,13,2024,True,har_x,0.0181916132866075,0.024426960468046426
126,15.10.2024,13,2024,True,har_x,0.0180482431473016,0.02425321330802898
126,16.10.2024,13,2024,True,har_x,0.0181810928014193,0.0244406497390416
126,17.10.2024,13,2024,True,har_x,0.0182527953391399,0.02407661108016402
126,18.10.2024,13,2024,True,har_x,0.0182602633851004,0.023642673223158283
126,21.10.2024,13,2024,True,har_x,0.0182045990630827,0.023802113991563276
126,22.10.2024,13,2024,True,har_x,0.0180824414754515,0.024403511770571953
126,23.10.2024,13,2024,True,har_x,0.0180879978082308,0.024440546218989438
126,24.10.2024,13,2024,True,har_x,0.0182015357972874,0.02443202361921262
126,25.10.2024,13,2024,True,har_x,0.0181390896124624,0.024161402899615925
126,28.10.2024,13,2024,True,har_x,0.0173330317349713,0.02463376355582445
126,29.10.2024,13,2024,True,har_x,0.0173667093836444,0.02377955139730854
126,30.10.2024,13,2024,True,har_x,0.0173226135792739,0.023211665501768848
126,31.10.2024,13,2024,True,har_x,0.0175470793585637,0.023191665361164435
126,01.11.2024,13,2024,True,har_x,0.0176006734375079,0.024238072574238084
126,04.11.2024,13,2024,True,har_x,0.0176140422518358,0.023599456142412618
126,05.11.2024,13,2024,True,har_x,0.0176773395497867,0.024023039104531754
126,06.11.2024,13,2024,True,har_x,0.0177360256190803,0.02365410382181089
126,07.11.2024,13,2024,True,har_x,0.0178684673243018,0.02356964012065675
126,08.11.2024,13,2024,True,har_x,0.0177653969727611,0.02308211777565984
126,11.11.2024,13,2024,True,har_x,0.0177188364319272,0.022714657976478193
126,12.11.2024,13,2024,True,har_x,0.0177646288781752,0.022543782885252394
126,13.11.2024,13,2024,True,har_x,0.0177577470314348,0.022375099311040758
126,14.11.2024,13,2024,True,har_x,0.017753445264602,0.022916372342024243
126,15.11.2024,13,2024,True,har_x,0.0176688409426217,0.02182674146517471
126,18.11.2024,13,2024,True,har_x,0.0174421171453446,0.022622673764791306
126,19.11.2024,13,2024,True,har_x,0.0174508172490008,0.020550651579659518
126,20.11.2024,13,2024,True,har_x,0.0174645946729845,0.02038315038951312
126,21.11.2024,13,2024,True,har_x,0.0174119795934017,0.020329911211917674
126,22.11.2024,13,2024,True,har_x,0.0173937050713083,0.020507322745283982
126,25.11.2024,13,2024,True,har_x,0.0172142477544193,0.02008874470063603
126,26.11.2024,13,2024,True,har_x,0.0172490125433141,0.02069554959837926
126,27.11.2024,13,2024,True,har_x,0.0173097547332975,0.020766387768378892
126,29.11.2024,13,2024,True,har_x,0.0173359867948867,0.020403875229063166
126,02.12.2024,13,2024,True,har_x,0.0173030596430715,0.019973121615736156
126,03.12.2024,13,2024,True,har_x,0.0172281025317072,0.01897948058101616
126,04.12.2024,13,2024,True,har_x,0.0171787969740953,0.01902596264065781
126,05.12.2024,13,2024,True,har_x,0.0171782776936737,0.018959110279843233
126,06.12.2024,13,2024,True,har_x,0.0175607227671014,0.018132744103208476
126,09.12.2024,13,2024,True,har_x,0.0175202713451214,0.018461073973657146
126,10.12.2024,13,2024,True,har_x,0.0185429925795622,0.01720950431817321
126,11.12.2024,13,2024,True,har_x,0.0185120598280503,0.017040055777639194
126,12.12.2024,13,2024,True,har_x,0.01890472637793,0.01776092325567198
126,13.12.2024,13,2024,True,har_x,0.0188631346747285,0.01793979724121541
126,16.12.2024,13,2024,True,har_x,0.0188522226040059,0.018154192038577564
126,17.12.2024,13,2024,True,har_x,0.0199783456461508,0.02089492673968409
126,18.12.2024,13,2024,True,har_x,0.0207363233669758,0.020375857665005343
126,19.12.2024,13,2024,True,har_x,0.020743060354037,0.020574230670760314
126,20.12.2024,13,2024,True,har_x,0.0207430157733015,0.020255334196518014
126,23.12.2024,13,2024,True,har_x,0.0207406486935094,0.019830853816335495
126,24.12.2024,13,2024,True,har_x,0.0207055097892187,0.01982259344536426
126,26.12.2024,13,2024,True,har_x,0.0207116737498426,0.019854497841087008
126,27.12.2024,13,2024,True,har_x,0.0208524445509808,0.019758185671968027
126,30.12.2024,13,2024,True,har_x,0.0208529496529276,0.01987923080410361
126,31.12.2024,13,2024,True,har_x,0.0208769428768026,0.019594536465223036
5,02.01.2025,14,2025,True,har,0.0220505784488482,0.012463502854213148
5,03.01.2025,14,2025,True,har,0.0221353948785367,0.012508139553808643
5,06.01.2025,14,2025,True,har,0.0242867503105259,0.011464508342711673
5,07.01.2025,14,2025,True,har,0.0254360975179946,0.011436855759553624
5,08.01.2025,14,2025,True,har,0.0248484112084774,0.011195290923804155
5,10.01.2025,14,2025,True,har,0.0172601523615901,0.01174367847256632
5,13.01.2025,14,2025,True,har,0.0176201698395721,0.01605697526614476
5,14.01.2025,14,2025,True,har,0.0168604553926963,0.015171910479367511
5,15.01.2025,14,2025,True,har,0.0057188640058011,0.01563557627037869
5,16.01.2025,14,2025,True,har,0.0078654549487953,0.016469206608957034
5,17.01.2025,14,2025,True,har,0.0092816778736624,0.016006471843577022
5,21.01.2025,14,2025,True,har,0.0094607572366928,0.015215708953961689
5,22.01.2025,14,2025,True,har,0.0099500450890575,0.016151758393102424
5,23.01.2025,14,2025,True,har,0.010669785921579,0.01562579198494405
5,24.01.2025,14,2025,True,har,0.010207536135032,0.01503233247360461
5,27.01.2025,14,2025,True,har,0.0079205481704053,0.014971915962368427
5,28.01.2025,14,2025,True,har,0.0074032615445412,0.015864828631753373
5,29.01.2025,14,2025,True,har,0.010545956030756,0.015494687259506756
5,30.01.2025,14,2025,True,har,0.0093781269672101,0.015800444322314554
5,31.01.2025,14,2025,True,har,0.0106493623700931,0.015647820497381233
5,03.02.2025,14,2025,True,har,0.0137472601045466,0.015553505144976635
5,04.02.2025,14,2025,True,har,0.0153544036493948,0.015464939660704505
5,05.02.2025,14,2025,True,har,0.0164376150215636,0.0151794266460129
5,06.02.2025,14,2025,True,har,0.0162734974634555,0.01631844223509543
5,07.02.2025,14,2025,True,har,0.0163363131012388,0.015662358426233244
5,10.02.2025,14,2025,True,har,0.0159898189400145,0.01571993886013098
5,11.02.2025,14,2025,True,har,0.0139608148442115,0.01405607376467254
5,12.02.2025,14,2025,True,har,0.0073046022664764,0.014116431039673707
5,13.02.2025,14,2025,True,har,0.015759333105148,0.014860025383956168
5,14.02.2025,14,2025,True,har,0.0159206130443817,0.013101693897662931
5,18.02.2025,14,2025,True,har,0.0164358151688268,0.013117975936140874
5,19.02.2025,14,2025,True,har,0.0154872696096919,0.01383494167740118
5,20.02.2025,14,2025,True,har,0.0199194317206361,0.013034222849037401
5,21.02.2025,14,2025,True,har,0.0168693749301636,0.012658117083512579
5,24.02.2025,14,2025,True,har,0.0177843891392881,0.01467449940781499
5,25.02.2025,14,2025,True,har,0.015697869122747,0.014121197168144358
5,26.02.2025,14,2025,True,har,0.0179679726263926,0.014923110410554991
5,27.02.2025,14,2025,True,har,0.010859471768463,0.014325781754316445
5,28.02.2025,14,2025,True,har,0.0158711479037016,0.015578341787241925
5,03.03.2025,14,2025,True,har,0.0147539217125969,0.015161633901554072
5,04.03.2025,14,2025,True,har,0.0154345624512926,0.015877676602841298
5,05.03.2025,14,2025,True,har,0.0132979491466893,0.015323023088763042
5,06.03.2025,14,2025,True,har,0.0160966401546739,0.01635174208042728
5,07.03.2025,14,2025,True,har,0.0156152028936788,0.014923157205996126
5,10.03.2025,14,2025,True,har,0.0128036135172473,0.01587706752798672
5,11.03.2025,14,2025,True,har,0.0139707192291175,0.01594151015714782
5,12.03.2025,14,2025,True,har,0.0104706490807631,0.015335993965621344
5,13.03.2025,14,2025,True,har,0.0089747837562153,0.0158098685374169
5,14.03.2025,14,2025,True,har,0.0087803807410731,0.015622983179501244
5,17.03.2025,14,2025,True,har,0.0093394879341234,0.015633017077544713
5,18.03.2025,14,2025,True,har,0.0071730512932164,0.015423418791385448
5,19.03.2025,14,2025,True,har,0.0069669327764292,0.01521115452180642
5,20.03.2025,14,2025,True,har,0.0051214098094697,0.014827231187725167
5,21.03.2025,14,2025,True,har,0.0071172089491312,0.015431594720760231
5,24.03.2025,14,2025,True,har,0.0081074330927179,0.014375445560827899
5,25.03.2025,14,2025,True,har,0.0087406576780533,0.014814101098970106
5,26.03.2025,14,2025,True,har,0.0081279241929935,0.013726308340116185
5,27.03.2025,14,2025,True,har,0.03208994213158,0.01403989737081627
5,28.03.2025,14,2025,True,har,0.0403428612050328,0.013216069988967724
5,31.03.2025,14,2025,True,har,0.0346446720483537,0.013297367681705499
5,01.04.2025,14,2025,True,har,0.0319147017167246,0.013200269932068107
5,02.04.2025,14,2025,True,har,0.0444794347502507,0.01283910216966661
5,03.04.2025,14,2025,True,har,0.0393437933488194,0.01171655534489647
5,04.04.2025,14,2025,True,har,0.0325041240069686,0.020535724360658276
5,07.04.2025,14,2025,True,har,0.0307973331484912,0.02432802661646629
5,08.04.2025,14,2025,True,har,0.0281891528859294,0.02275442311191076
5,09.04.2025,14,2025,True,har,0.0220665492760755,0.022709251179682467
5,10.04.2025,14,2025,True,har,0.0144784192349587,0.025217539156328107
5,11.04.2025,14,2025,True,har,0.0216364742224529,0.025029302598247694
5,14.04.2025,14,2025,True,har,0.0222825901384298,0.024490607691757198
5,15.04.2025,14,2025,True,har,0.0253350852699408,0.02375610126166944
5,16.04.2025,14,2025,True,har,0.0242821984550583,0.023579338890364433
5,17.04.2025,14,2025,True,har,0.0184175423474324,0.023737195326202064
5,21.04.2025,14,2025,True,har,0.0157452123004498,0.023942017895813825
5,22.04.2025,14,2025,True,har,0.0144076490390427,0.02460167782219688
5,23.04.2025,14,2025,True,har,0.0140786148960228,0.0245765699305805
5,24.04.2025,14,2025,True,har,0.0110377360523338,0.0249959718590611
5,25.04.2025,14,2025,True,har,0.0043521836426677,0.024498114107747167
5,28.04.2025,14,2025,True,har,0.0041803464013242,0.02399653595282864
5,29.04.2025,14,2025,True,har,0.0213207182753155,0.02411218371319805
5,30.04.2025,14,2025,True,har,0.0211909822743392,0.024184113646827973
5,01.05.2025,14,2025,True,har,0.0249902711917169,0.02401326980852908
5,02.05.2025,14,2025,True,har,0.0238391303230983,0.02361938988446622
5,05.05.2025,14,2025,True,har,0.0189850868859371,0.02103958710848816
5,06.05.2025,14,2025,True,har,0.0178569338011486,0.01862141934850379
5,07.05.2025,14,2025,True,har,0.0142214095697521,0.020993733615098206
5,08.05.2025,14,2025,True,har,0.0205602202963938,0.02046107401885292
5,09.05.2025,14,2025,True,har,0.0201401488878922,0.02031956815656162
5,12.05.2025,14,2025,True,har,0.0190573432470106,0.01935105844687103
5,13.05.2025,14,2025,True,har,0.0137701317846183,0.018758789114323608
5,14.05.2025,14,2025,True,har,0.0137032733073424,0.019393569220223738
5,15.05.2025,14,2025,True,har,0.0086292533196636,0.018695215654744708
5,16.05.2025,14,2025,True,har,0.0055618466350804,0.01981535977250594
5,19.05.2025,14,2025,True,har,0.0061866422198321,0.01882455456846372
5,20.05.2025,14,2025,True,har,0.0099260523895305,0.01795713860062493
5,21.05.2025,14,2025,True,har,0.0107270573971582,0.01724518524308078
5,22.05.2025,14,2025,True,har,0.0104438235202562,0.017095926476207793
5,23.05.2025,14,2025,True,har,0.0117337480159044,0.016667086134189858
5,27.05.2025,14,2025,True,har,0.0118333714865348,0.016372194154022916
5,28.05.2025,14,2025,True,har,0.0127900709244362,0.01647438957583013
5,29.05.2025,14,2025,True,har,0.0112484580236332,0.01643738986062395
5,30.05.2025,14,2025,True,har,0.0116346809192865,0.016300207437148807
5,02.06.2025,14,2025,True,har,0.0114916935612198,0.01582119577295632
5,03.06.2025,14,2025,True,har,0.0111459784789501,0.015968467538036407
5,04.06.2025,14,2025,True,har,0.0170661701081555,0.015784671983294814
5,05.06.2025,14,2025,True,har,0.0193483688500145,0.015168458213407714
5,06.06.2025,14,2025,True,har,0.0319480299949111,0.01452864527946023
5,09.06.2025,14,2025,True,har,0.0356098162478792,0.01433622317698767
5,10.06.2025,14,2025,True,har,0.0349726120084476,0.01388881134878674
5,11.06.2025,14,2025,True,har,0.0349723926568886,0.013465577981728757
5,12.06.2025,14,2025,True,har,0.033459144494142,0.01629538340331724
5,13.06.2025,14,2025,True,har,0.0428090542273145,0.01546162701477637
5,16.06.2025,14,2025,True,har,0.0496167481636245,0.021102898732664653
5,17.06.2025,14,2025,True,har,0.0406145299043486,0.02023358848087163
5,18.06.2025,14,2025,True,har,0.0401984008799393,0.021965378941668143
5,20.06.2025,14,2025,True,har,0.0396044512095183,0.02084576373161876
5,23.06.2025,14,2025,True,har,0.0290451942352255,0.020578408310651827
5,24.06.2025,14,2025,True,har,0.0056060518287164,0.027363722822070842
5,25.06.2025,14,2025,True,har,0.0144613988748338,0.029918738014229826
5,26.06.2025,14,2025,True,har,0.0149540173475068,0.027674389573014962
5,27.06.2025,14,2025,True,har,0.0152596284264272,0.027397568527868517
5,30.06.2025,14,2025,True,har,0.0146570857810579,0.027247868163239472
5,01.07.2025,14,2025,True,har,0.0129793964546044,0.026435070436516172
5,02.07.2025,14,2025,True,har,0.0132620134442428,0.024688420447773998
5,03.07.2025,14,2025,True,har,0.0173538312532886,0.02626775213420235
5,07.07.2025,14,2025,True,har,0.018999766444954,0.025567031764836146
5,08.07.2025,14,2025,True,har,0.0183685854771231,0.02579620724591676
5,09.07.2025,14,2025,True,har,0.0182142082682892,0.02557736297660068
5,10.07.2025,14,2025,True,har,0.0167468057983991,0.025224092932440385
5,11.07.2025,14,2025,True,har,0.0112454938452811,0.026105819508337694
5,14.07.2025,14,2025,True,har,0.0084134695705367,0.025917676338145297
5,15.07.2025,14,2025,True,har,0.0088167322981089,0.025952590830790042
5,16.07.2025,14,2025,True,har,0.0087355556911967,0.023015397948406808
5,17.07.2025,14,2025,True,har,0.0068048550261348,0.022825682888985992
5,18.07.2025,14,2025,True,har,0.0081235123620019,0.021872695331647946
5,21.07.2025,14,2025,True,har,0.0141271946696029,0.021095123478206988
5,22.07.2025,14,2025,True,har,0.0182287920108319,0.020758645323427676
5,23.07.2025,14,2025,True,har,0.0169888559416058,0.01738105470599731
5,24.07.2025,14,2025,True,har,0.0199928706386486,0.013248442603297186
5,25.07.2025,14,2025,True,har,0.0295189707778344,0.013354882035848097
5,28.07.2025,14,2025,True,har,0.0279272569454022,0.013656860036697175
5,29.07.2025,14,2025,True,har,0.0179551433579458,0.015051453277521071
5,30.07.2025,14,2025,True,har,0.0126021588704502,0.01678204630538972
5,31.07.2025,14,2025,True,har,0.0131284117208537,0.015932690214600614
5,01.08.2025,14,2025,True,har,0.007269917849986,0.01563236493844356
5,04.08.2025,14,2025,True,har,0.0079018537434497,0.018917839256286536
5,05.08.2025,14,2025,True,har,0.0057838951617244,0.018112724164429023
5,06.08.2025,14,2025,True,har,0.0048940973358035,0.01752711391214441
5,07.08.2025,14,2025,True,har,0.0105675458055591,0.01702280576787014
5,08.08.2025,14,2025,True,har,0.0127099787434487,0.0165973487287929
5,11.08.2025,14,2025,True,har,0.014133364712828,0.015328997610641083
5,12.08.2025,14,2025,True,har,0.0148722977575361,0.015139438491556436
5,13.08.2025,14,2025,True,har,0.0159560050544006,0.015161893932836039
5,14.08.2025,14,2025,True,har,0.0147751760039636,0.015112672335381282
5,15.08.2025,14,2025,True,har,0.011438029217692,0.015997378905382262
5,18.08.2025,14,2025,True,har,0.0121242387871722,0.016238209069276165
5,19.08.2025,14,2025,True,har,0.016558883293334,0.016434323551690586
5,20.08.2025,14,2025,True,har,0.0160060683735691,0.016571636793087843
5,21.08.2025,14,2025,True,har,0.0155527556253799,0.017043130644321402
5,22.08.2025,14,2025,True,har,0.0162213419562951,0.016914306193947837
5,25.08.2025,14,2025,True,har,0.0160426365556965,0.01625188778149296
5,26.08.2025,14,2025,True,har,0.0157765352609363,0.01641727550907609
5,27.08.2025,14,2025,True,har,0.014867955787981,0.016036483775584424
5,28.08.2025,14,2025,True,har,0.0153036219197656,0.015771461929009422
5,29.08.2025,14,2025,True,har,0.0171961310551014,0.015725880777594417
5,02.09.2025,14,2025,True,har,0.014661257568791,0.014112686361036603
5,03.09.2025,14,2025,True,har,0.0154222751320029,0.014389166501438053
5,04.09.2025,14,2025,True,har,0.0168262597619642,0.014864625793464585
5,05.09.2025,14,2025,True,har,0.0125409992834056,0.014382731641932281
5,08.09.2025,14,2025,True,har,0.0124701260454396,0.015300515375035186
5,09.09.2025,14,2025,True,har,0.0134235370682275,0.015136673368953586
5,10.09.2025,14,2025,True,har,0.0131334471793157,0.014908963511217477
5,11.09.2025,14,2025,True,har,0.0103046697620396,0.015469626308573216
5,12.09.2025,14,2025,True,har,0.0113312238160733,0.01584904359080451
5,15.09.2025,14,2025,True,har,0.0105127685779204,0.01504592751481695
5,16.09.2025,14,2025,True,har,0.010783498913825,0.014742466947683025
5,17.09.2025,14,2025,True,har,0.0155003088649593,0.015146504557287046
5,18.09.2025,14,2025,True,har,0.0142992417943646,0.014805002751194476
5,19.09.2025,14,2025,True,har,0.010624127389095,0.014408948347110664
5,22.09.2025,14,2025,True,har,0.0215045427148459,0.014557245596864114
5,23.09.2025,14,2025,True,har,0.021613345762759,0.014231584851316582
5,24.09.2025,14,2025,True,har,0.0175169626081447,0.014634008942832984
5,25.09.2025,14,2025,True,har,0.015950427228538,0.015280952542690764
5,26.09.2025,14,2025,True,har,0.0144746013874583,0.01443412018852644
5,29.09.2025,14,2025,True,har,0.0171228089906599,0.014401407332674853
5,30.09.2025,14,2025,True,har,0.0169057914863544,0.016876862487846412
5,01.10.2025,14,2025,True,har,0.0135004642686761,0.016354687934312266
5,02.10.2025,14,2025,True,har,0.012104426109592,0.016445840966179754
5,03.10.2025,14,2025,True,har,0.0221221458459146,0.016407175041407943
5,06.10.2025,14,2025,True,har,0.0210542730265329,0.01556678242695101
5,07.10.2025,14,2025,True,har,0.0209548765797038,0.016150365308963296
5,08.10.2025,14,2025,True,har,0.0173845501396061,0.01571788809533809
5,09.10.2025,14,2025,True,har,0.0173478870901538,0.01562401274277343
5,10.10.2025,14,2025,True,har,0.0107657978219097,0.015570984290923379
5,13.10.2025,14,2025,True,har,0.0075593904881998,0.01820392549900552
5,14.10.2025,14,2025,True,har,0.0079326950347135,0.01738769952715944
5,15.10.2025,14,2025,True,har,0.0127306203206622,0.017296367404728605
5,16.10.2025,14,2025,True,har,0.0227672734962571,0.016821350361673586
5,17.10.2025,14,2025,True,har,0.0234310816621399,0.017049813943842133
5,20.10.2025,14,2025,True,har,0.0234899082613327,0.016274787611726495
5,21.10.2025,14,2025,True,har,0.0279037565183169,0.01603182181943678
5,22.10.2025,14,2025,True,har,0.027258441740358,0.01576847348895577
5,23.10.2025,14,2025,True,har,0.0099615516416712,0.016348790839314703
5,24.10.2025,14,2025,True,har,0.0100986603222526,0.020767536344107062
5,27.10.2025,14,2025,True,har,0.010027341514454,0.01930872603684613
5,28.10.2025,14,2025,True,har,0.0055536658683354,0.018763401531776164
5,29.10.2025,14,2025,True,har,0.0065287311376695,0.019599693574902696
5,30.10.2025,14,2025,True,har,0.0059477808555378,0.0188541543187268
5,31.10.2025,14,2025,True,har,0.0067654296110995,0.016961875189485297
5,03.11.2025,14,2025,True,har,0.0084821315435246,0.01693810482138349
5,04.11.2025,14,2025,True,har,0.0115940526970447,0.016800859573698285
5,05.11.2025,14,2025,True,har,0.0211628254395979,0.016587103742185402
5,06.11.2025,14,2025,True,har,0.0214211045920007,0.016847671323008774
5,07.11.2025,14,2025,True,har,0.0238116937384396,0.01630627367322727
5,10.11.2025,14,2025,True,har,0.0237623710156618,0.015014165637644097
5,11.11.2025,14,2025,True,har,0.022806325868592,0.015186796036021726
5,12.11.2025,14,2025,True,har,0.0161640734700876,0.015693745483007213
5,13.11.2025,14,2025,True,har,0.0162158323732583,0.018465653949348876
5,14.11.2025,14,2025,True,har,0.0121718959440479,0.01740560550319905
5,17.11.2025,14,2025,True,har,0.0148473429303784,0.018390557388284847
5,18.11.2025,14,2025,True,har,0.0133690967877499,0.017871424751599495
5,19.11.2025,14,2025,True,har,0.0126415630956973,0.01805143089292629
5,20.11.2025,14,2025,True,har,0.0126673943734615,0.01797054667316049
5,21.11.2025,14,2025,True,har,0.0106686998131597,0.014608318807673899
5,24.11.2025,14,2025,True,har,0.0099656120934904,0.014703745197043688
5,25.11.2025,14,2025,True,har,0.007913534656538,0.015163433368596723
5,26.11.2025,14,2025,True,har,0.0076187728974658,0.014924034660315142
5,28.11.2025,14,2025,True,har,0.0083114612016715,0.014820251458535478
5,01.12.2025,14,2025,True,har,0.0129053375413822,0.014576055383417611
5,02.12.2025,14,2025,True,har,0.0124791537036864,0.014392093911210987
5,03.12.2025,14,2025,True,har,0.0125704334178669,0.014733154993836095
5,04.12.2025,14,2025,True,har,0.0120389101759459,0.014355113827338908
5,05.12.2025,14,2025,True,har,0.0096733594434956,0.01439602514864807
5,08.12.2025,14,2025,True,har,0.0073935946389526,0.014468341166250873
5,09.12.2025,14,2025,True,har,0.0121589661535638,0.015566853719157022
5,10.12.2025,14,2025,True,har,0.0149302798129908,0.015228960952376585
5,11.12.2025,14,2025,True,har,0.0149895142944583,0.014765808998545328
5,12.12.2025,14,2025,True,har,0.0165992097167045,0.013599094146679508
5,15.12.2025,14,2025,True,har,0.0200061176820182,0.01303005313632461
5,16.12.2025,14,2025,True,har,0.0092482166607722,0.012277599033940084
5,17.12.2025,14,2025,True,har,0.0109698916317186,0.013941680239136054
5,18.12.2025,14,2025,True,har,0.0191693439949311,0.01386591939327931
5,19.12.2025,14,2025,True,har,0.0207645877625672,0.013207041018814335
5,22.12.2025,14,2025,True,har,0.017007151939242,0.01380874662610928
5,23.12.2025,14,2025,True,har,0.0181234851437219,0.015277096581610215
5,24.12.2025,14,2025,True,har,0.0181480582685538,0.013665674851438903
5,26.12.2025,14,2025,True,har,0.0155038838686149,0.013501757424996725
5,29.12.2025,14,2025,True,har,0.0141108592990247,0.015395768372277144
5,30.12.2025,14,2025,True,har,0.0143324994777375,0.01597600342561701
5,31.12.2025,14,2025,True,har,0.0210025906415522,0.01511844283470214
5,02.01.2025,14,2025,True,har_ovx,0.0220505784488482,0.01424190433394456
5,03.01.2025,14,2025,True,har_ovx,0.0221353948785367,0.013900014037666837
5,06.01.2025,14,2025,True,har_ovx,0.0242867503105259,0.01386376857899015
5,07.01.2025,14,2025,True,har_ovx,0.0254360975179946,0.013628790007650826
5,08.01.2025,14,2025,True,har_ovx,0.0248484112084774,0.01414488643954884
5,10.01.2025,14,2025,True,har_ovx,0.0172601523615901,0.014416287608417677
5,13.01.2025,14,2025,True,har_ovx,0.0176201698395721,0.01618636262589151
5,14.01.2025,14,2025,True,har_ovx,0.0168604553926963,0.016249698653767162
5,15.01.2025,14,2025,True,har_ovx,0.0057188640058011,0.016210206062831765
5,16.01.2025,14,2025,True,har_ovx,0.0078654549487953,0.01611281284691385
5,17.01.2025,14,2025,True,har_ovx,0.0092816778736624,0.016230620606751567
5,21.01.2025,14,2025,True,har_ovx,0.0094607572366928,0.01628483823743472
5,22.01.2025,14,2025,True,har_ovx,0.0099500450890575,0.017056264197606905
5,23.01.2025,14,2025,True,har_ovx,0.010669785921579,0.016899307376527225
5,24.01.2025,14,2025,True,har_ovx,0.010207536135032,0.016657941793873917
5,27.01.2025,14,2025,True,har_ovx,0.0079205481704053,0.015072951985514614
5,28.01.2025,14,2025,True,har_ovx,0.0074032615445412,0.017454713242586167
5,29.01.2025,14,2025,True,har_ovx,0.010545956030756,0.015939053856100338
5,30.01.2025,14,2025,True,har_ovx,0.0093781269672101,0.016367827788276064
5,31.01.2025,14,2025,True,har_ovx,0.0106493623700931,0.01564347217830412
5,03.02.2025,14,2025,True,har_ovx,0.0137472601045466,0.015232311846239473
5,04.02.2025,14,2025,True,har_ovx,0.0153544036493948,0.01717245278849309
5,05.02.2025,14,2025,True,har_ovx,0.0164376150215636,0.016528487021138072
5,06.02.2025,14,2025,True,har_ovx,0.0162734974634555,0.016896719230942978
5,07.02.2025,14,2025,True,har_ovx,0.0163363131012388,0.017640896333247592
5,10.02.2025,14,2025,True,har_ovx,0.0159898189400145,0.0151274998786115
5,11.02.2025,14,2025,True,har_ovx,0.0139608148442115,0.015305475609855323
5,12.02.2025,14,2025,True,har_ovx,0.0073046022664764,0.014425576211913479
5,13.02.2025,14,2025,True,har_ovx,0.015759333105148,0.015326997753826193
5,14.02.2025,14,2025,True,har_ovx,0.0159206130443817,0.014853373322078204
5,18.02.2025,14,2025,True,har_ovx,0.0164358151688268,0.013697296506693567
5,19.02.2025,14,2025,True,har_ovx,0.0154872696096919,0.013450876710716889
5,20.02.2025,14,2025,True,har_ovx,0.0199194317206361,0.013687672527546102
5,21.02.2025,14,2025,True,har_ovx,0.0168693749301636,0.014007162509118666
5,24.02.2025,14,2025,True,har_ovx,0.0177843891392881,0.01675943362828464
5,25.02.2025,14,2025,True,har_ovx,0.015697869122747,0.015112632338544381
5,26.02.2025,14,2025,True,har_ovx,0.0179679726263926,0.0157215723347711
5,27.02.2025,14,2025,True,har_ovx,0.010859471768463,0.015949547973608758
5,28.02.2025,14,2025,True,har_ovx,0.0158711479037016,0.015515186755240433
5,03.03.2025,14,2025,True,har_ovx,0.0147539217125969,0.014865311344936143
5,04.03.2025,14,2025,True,har_ovx,0.0154345624512926,0.018227625061132128
5,05.03.2025,14,2025,True,har_ovx,0.0132979491466893,0.017847293656551147
5,06.03.2025,14,2025,True,har_ovx,0.0160966401546739,0.01702785797288641
5,07.03.2025,14,2025,True,har_ovx,0.0156152028936788,0.01772251947393102
5,10.03.2025,14,2025,True,har_ovx,0.0128036135172473,0.015029777497220797
5,11.03.2025,14,2025,True,har_ovx,0.0139707192291175,0.016968566806685976
5,12.03.2025,14,2025,True,har_ovx,0.0104706490807631,0.015741834897048414
5,13.03.2025,14,2025,True,har_ovx,0.0089747837562153,0.015487595339118818
5,14.03.2025,14,2025,True,har_ovx,0.0087803807410731,0.016071656460670353
5,17.03.2025,14,2025,True,har_ovx,0.0093394879341234,0.016415133457218824
5,18.03.2025,14,2025,True,har_ovx,0.0071730512932164,0.015435853952422472
5,19.03.2025,14,2025,True,har_ovx,0.0069669327764292,0.017320542769707487
5,20.03.2025,14,2025,True,har_ovx,0.0051214098094697,0.01644703497754645
5,21.03.2025,14,2025,True,har_ovx,0.0071172089491312,0.014950110455674775
5,24.03.2025,14,2025,True,har_ovx,0.0081074330927179,0.014270353410537544
5,25.03.2025,14,2025,True,har_ovx,0.0087406576780533,0.01477596526168967
5,26.03.2025,14,2025,True,har_ovx,0.0081279241929935,0.01404125734709525
5,27.03.2025,14,2025,True,har_ovx,0.03208994213158,0.01425496267352605
5,28.03.2025,14,2025,True,har_ovx,0.0403428612050328,0.013957492404636508
5,31.03.2025,14,2025,True,har_ovx,0.0346446720483537,0.01400339734046805
5,01.04.2025,14,2025,True,har_ovx,0.0319147017167246,0.014674121565247387
5,02.04.2025,14,2025,True,har_ovx,0.0444794347502507,0.01455041004988369
5,03.04.2025,14,2025,True,har_ovx,0.0393437933488194,0.013926562257993779
5,04.04.2025,14,2025,True,har_ovx,0.0325041240069686,0.017878088694876
5,07.04.2025,14,2025,True,har_ovx,0.0307973331484912,0.02251766404027493
5,08.04.2025,14,2025,True,har_ovx,0.0281891528859294,0.025671461764209667
5,09.04.2025,14,2025,True,har_ovx,0.0220665492760755,0.026628831234225665
5,10.04.2025,14,2025,True,har_ovx,0.0144784192349587,0.022334987717332506
5,11.04.2025,14,2025,True,har_ovx,0.0216364742224529,0.02477238473802525
5,14.04.2025,14,2025,True,har_ovx,0.0222825901384298,0.025553768988302854
5,15.04.2025,14,2025,True,har_ovx,0.0253350852699408,0.024378552313831445
5,16.04.2025,14,2025,True,har_ovx,0.0242821984550583,0.0222832463818423
5,17.04.2025,14,2025,True,har_ovx,0.0184175423474324,0.02276212503564891
5,21.04.2025,14,2025,True,har_ovx,0.0157452123004498,0.021955786353526133
5,22.04.2025,14,2025,True,har_ovx,0.0144076490390427,0.022090946784050564
5,23.04.2025,14,2025,True,har_ovx,0.0140786148960228,0.022891603017808848
5,24.04.2025,14,2025,True,har_ovx,0.0110377360523338,0.023108812115799012
5,25.04.2025,14,2025,True,har_ovx,0.0043521836426677,0.023414014307236226
5,28.04.2025,14,2025,True,har_ovx,0.0041803464013242,0.023053670348705053
5,29.04.2025,14,2025,True,har_ovx,0.0213207182753155,0.023035445036931734
5,30.04.2025,14,2025,True,har_ovx,0.0211909822743392,0.024824601827648486
5,01.05.2025,14,2025,True,har_ovx,0.0249902711917169,0.02714692325876632
5,02.05.2025,14,2025,True,har_ovx,0.0238391303230983,0.026142755849120018
5,05.05.2025,14,2025,True,har_ovx,0.0189850868859371,0.02489803413714761
5,06.05.2025,14,2025,True,har_ovx,0.0178569338011486,0.020998780127430325
5,07.05.2025,14,2025,True,har_ovx,0.0142214095697521,0.02116059033022195
5,08.05.2025,14,2025,True,har_ovx,0.0205602202963938,0.02134189350749431
5,09.05.2025,14,2025,True,har_ovx,0.0201401488878922,0.02031883333342443
5,12.05.2025,14,2025,True,har_ovx,0.0190573432470106,0.01983612651188755
5,13.05.2025,14,2025,True,har_ovx,0.0137701317846183,0.018852165110399166
5,14.05.2025,14,2025,True,har_ovx,0.0137032733073424,0.018688161227595007
5,15.05.2025,14,2025,True,har_ovx,0.0086292533196636,0.018713857366990633
5,16.05.2025,14,2025,True,har_ovx,0.0055618466350804,0.0190588891241011
5,19.05.2025,14,2025,True,har_ovx,0.0061866422198321,0.01902743602153373
5,20.05.2025,14,2025,True,har_ovx,0.0099260523895305,0.01892698902632448
5,21.05.2025,14,2025,True,har_ovx,0.0107270573971582,0.01749663152959113
5,22.05.2025,14,2025,True,har_ovx,0.0104438235202562,0.019102924021768646
5,23.05.2025,14,2025,True,har_ovx,0.0117337480159044,0.01993282056488217
5,27.05.2025,14,2025,True,har_ovx,0.0118333714865348,0.020554064793111015
5,28.05.2025,14,2025,True,har_ovx,0.0127900709244362,0.020065104206340882
5,29.05.2025,14,2025,True,har_ovx,0.0112484580236332,0.019385045124516775
5,30.05.2025,14,2025,True,har_ovx,0.0116346809192865,0.01927314636672814
5,02.06.2025,14,2025,True,har_ovx,0.0114916935612198,0.019372196006060154
5,03.06.2025,14,2025,True,har_ovx,0.0111459784789501,0.018552587044230073
5,04.06.2025,14,2025,True,har_ovx,0.0170661701081555,0.01808369334990994
5,05.06.2025,14,2025,True,har_ovx,0.0193483688500145,0.01787720772651311
5,06.06.2025,14,2025,True,har_ovx,0.0319480299949111,0.01667145953168821
5,09.06.2025,14,2025,True,har_ovx,0.0356098162478792,0.016806196640147174
5,10.06.2025,14,2025,True,har_ovx,0.0349726120084476,0.01625880501393407
5,11.06.2025,14,2025,True,har_ovx,0.0349723926568886,0.016427276546229892
5,12.06.2025,14,2025,True,har_ovx,0.033459144494142,0.019943596051025837
5,13.06.2025,14,2025,True,har_ovx,0.0428090542273145,0.020830576157285383
5,16.06.2025,14,2025,True,har_ovx,0.0496167481636245,0.026324146054220267
5,17.06.2025,14,2025,True,har_ovx,0.0406145299043486,0.026321299734753008
5,18.06.2025,14,2025,True,har_ovx,0.0401984008799393,0.03227378532176167
5,20.06.2025,14,2025,True,har_ovx,0.0396044512095183,0.030549281065138753
5,23.06.2025,14,2025,True,har_ovx,0.0290451942352255,0.029647185413882157
5,24.06.2025,14,2025,True,har_ovx,0.0056060518287164,0.02680954808296473
5,25.06.2025,14,2025,True,har_ovx,0.0144613988748338,0.025837770610972772
5,26.06.2025,14,2025,True,har_ovx,0.0149540173475068,0.02355241213696797
5,27.06.2025,14,2025,True,har_ovx,0.0152596284264272,0.02320884282224975
5,30.06.2025,14,2025,True,har_ovx,0.0146570857810579,0.022931722116638437
5,01.07.2025,14,2025,True,har_ovx,0.0129793964546044,0.021946266646230964
5,02.07.2025,14,2025,True,har_ovx,0.0132620134442428,0.021399875822351613
5,03.07.2025,14,2025,True,har_ovx,0.0173538312532886,0.022377168198303526
5,07.07.2025,14,2025,True,har_ovx,0.018999766444954,0.02145985405808552
5,08.07.2025,14,2025,True,har_ovx,0.0183685854771231,0.022778022799884935
5,09.07.2025,14,2025,True,har_ovx,0.0182142082682892,0.02065405050870092
5,10.07.2025,14,2025,True,har_ovx,0.0167468057983991,0.020064954649823767
5,11.07.2025,14,2025,True,har_ovx,0.0112454938452811,0.01959808866576934
5,14.07.2025,14,2025,True,har_ovx,0.0084134695705367,0.021048137324447214
5,15.07.2025,14,2025,True,har_ovx,0.0088167322981089,0.019780382179014056
5,16.07.2025,14,2025,True,har_ovx,0.0087355556911967,0.01922152259523529
5,17.07.2025,14,2025,True,har_ovx,0.0068048550261348,0.018746476436108266
5,18.07.2025,14,2025,True,har_ovx,0.0081235123620019,0.018200173146119256
5,21.07.2025,14,2025,True,har_ovx,0.0141271946696029,0.017907219857933268
5,22.07.2025,14,2025,True,har_ovx,0.0182287920108319,0.017573391034026612
5,23.07.2025,14,2025,True,har_ovx,0.0169888559416058,0.016667212083332553
5,24.07.2025,14,2025,True,har_ovx,0.0199928706386486,0.015404226829271311
5,25.07.2025,14,2025,True,har_ovx,0.0295189707778344,0.015374306201617317
5,28.07.2025,14,2025,True,har_ovx,0.0279272569454022,0.015634242695960986
5,29.07.2025,14,2025,True,har_ovx,0.0179551433579458,0.016803145599989133
5,30.07.2025,14,2025,True,har_ovx,0.0126021588704502,0.018198770699510376
5,31.07.2025,14,2025,True,har_ovx,0.0131284117208537,0.018096178725790266
5,01.08.2025,14,2025,True,har_ovx,0.007269917849986,0.017572940965891327
5,04.08.2025,14,2025,True,har_ovx,0.0079018537434497,0.019154301670693655
5,05.08.2025,14,2025,True,har_ovx,0.0057838951617244,0.01899016744501577
5,06.08.2025,14,2025,True,har_ovx,0.0048940973358035,0.017617548453219764
5,07.08.2025,14,2025,True,har_ovx,0.0105675458055591,0.018125258718744295
5,08.08.2025,14,2025,True,har_ovx,0.0127099787434487,0.017387983410982313
5,11.08.2025,14,2025,True,har_ovx,0.014133364712828,0.016756970278806557
5,12.08.2025,14,2025,True,har_ovx,0.0148722977575361,0.015691040391372032
5,13.08.2025,14,2025,True,har_ovx,0.0159560050544006,0.015246342085786799
5,14.08.2025,14,2025,True,har_ovx,0.0147751760039636,0.01658150576237159
5,15.08.2025,14,2025,True,har_ovx,0.011438029217692,0.017467786942240528
5,18.08.2025,14,2025,True,har_ovx,0.0121242387871722,0.018024520489378578
5,19.08.2025,14,2025,True,har_ovx,0.016558883293334,0.016179350908099712
5,20.08.2025,14,2025,True,har_ovx,0.0160060683735691,0.016539830142792346
5,21.08.2025,14,2025,True,har_ovx,0.0155527556253799,0.016438373670472253
5,22.08.2025,14,2025,True,har_ovx,0.0162213419562951,0.016087179330729603
5,25.08.2025,14,2025,True,har_ovx,0.0160426365556965,0.015599979095628776
5,26.08.2025,14,2025,True,har_ovx,0.0157765352609363,0.015817742016734672
5,27.08.2025,14,2025,True,har_ovx,0.014867955787981,0.016467415647932762
5,28.08.2025,14,2025,True,har_ovx,0.0153036219197656,0.015829478019091077
5,29.08.2025,14,2025,True,har_ovx,0.0171961310551014,0.016640349094428047
5,02.09.2025,14,2025,True,har_ovx,0.014661257568791,0.015580059526237384
5,03.09.2025,14,2025,True,har_ovx,0.0154222751320029,0.01622010860345584
5,04.09.2025,14,2025,True,har_ovx,0.0168262597619642,0.01665843699601415
5,05.09.2025,14,2025,True,har_ovx,0.0125409992834056,0.016588669316861628
5,08.09.2025,14,2025,True,har_ovx,0.0124701260454396,0.01609787489003975
5,09.09.2025,14,2025,True,har_ovx,0.0134235370682275,0.01681329432814889
5,10.09.2025,14,2025,True,har_ovx,0.0131334471793157,0.016205638976321674
5,11.09.2025,14,2025,True,har_ovx,0.0103046697620396,0.016227458779423682
5,12.09.2025,14,2025,True,har_ovx,0.0113312238160733,0.0165579590975162
5,15.09.2025,14,2025,True,har_ovx,0.0105127685779204,0.015616856358998548
5,16.09.2025,14,2025,True,har_ovx,0.010783498913825,0.015244199427743514
5,17.09.2025,14,2025,True,har_ovx,0.0155003088649593,0.016101172793843745
5,18.09.2025,14,2025,True,har_ovx,0.0142992417943646,0.015269281268290014
5,19.09.2025,14,2025,True,har_ovx,0.010624127389095,0.015504157945369757
5,22.09.2025,14,2025,True,har_ovx,0.0215045427148459,0.01498073611314413
5,23.09.2025,14,2025,True,har_ovx,0.021613345762759,0.015125493275316046
5,24.09.2025,14,2025,True,har_ovx,0.0175169626081447,0.015745937681826052
5,25.09.2025,14,2025,True,har_ovx,0.015950427228538,0.016349702737790683
5,26.09.2025,14,2025,True,har_ovx,0.0144746013874583,0.01739022156241554
5,29.09.2025,14,2025,True,har_ovx,0.0171228089906599,0.01697353504703256
5,30.09.2025,14,2025,True,har_ovx,0.0169057914863544,0.017257724583515422
5,01.10.2025,14,2025,True,har_ovx,0.0135004642686761,0.0172839411853953
5,02.10.2025,14,2025,True,har_ovx,0.012104426109592,0.017575871249353652
5,03.10.2025,14,2025,True,har_ovx,0.0221221458459146,0.018126146726208818
5,06.10.2025,14,2025,True,har_ovx,0.0210542730265329,0.017583281936957934
5,07.10.2025,14,2025,True,har_ovx,0.0209548765797038,0.01610257395294994
5,08.10.2025,14,2025,True,har_ovx,0.0173845501396061,0.01588103658790966
5,09.10.2025,14,2025,True,har_ovx,0.0173478870901538,0.015672175989369787
5,10.10.2025,14,2025,True,har_ovx,0.0107657978219097,0.016002134402036204
5,13.10.2025,14,2025,True,har_ovx,0.0075593904881998,0.018442811057032417
5,14.10.2025,14,2025,True,har_ovx,0.0079326950347135,0.017825569081233485
5,15.10.2025,14,2025,True,har_ovx,0.0127306203206622,0.01848812348992708
5,16.10.2025,14,2025,True,har_ovx,0.0227672734962571,0.017986243446158595
5,17.10.2025,14,2025,True,har_ovx,0.0234310816621399,0.018619552237044867
5,20.10.2025,14,2025,True,har_ovx,0.0234899082613327,0.018204185593822777
5,21.10.2025,14,2025,True,har_ovx,0.0279037565183169,0.017994468390058742
5,22.10.2025,14,2025,True,har_ovx,0.027258441740358,0.017551177693046607
5,23.10.2025,14,2025,True,har_ovx,0.0099615516416712,0.01833029228709688
5,24.10.2025,14,2025,True,har_ovx,0.0100986603222526,0.020181497741014652
5,27.10.2025,14,2025,True,har_ovx,0.010027341514454,0.019582309129577192
5,28.10.2025,14,2025,True,har_ovx,0.0055536658683354,0.019449780141507552
5,29.10.2025,14,2025,True,har_ovx,0.0065287311376695,0.018821232842568737
5,30.10.2025,14,2025,True,har_ovx,0.0059477808555378,0.018683931164745385
5,31.10.2025,14,2025,True,har_ovx,0.0067654296110995,0.017530939539306036
5,03.11.2025,14,2025,True,har_ovx,0.0084821315435246,0.018076273538992903
5,04.11.2025,14,2025,True,har_ovx,0.0115940526970447,0.01729492299211468
5,05.11.2025,14,2025,True,har_ovx,0.0211628254395979,0.017244880007272256
5,06.11.2025,14,2025,True,har_ovx,0.0214211045920007,0.01701278692548861
5,07.11.2025,14,2025,True,har_ovx,0.0238116937384396,0.017001203726324667
5,10.11.2025,14,2025,True,har_ovx,0.0237623710156618,0.016365715105448653
5,11.11.2025,14,2025,True,har_ovx,0.022806325868592,0.015901806969135526
5,12.11.2025,14,2025,True,har_ovx,0.0161640734700876,0.015863693086431326
5,13.11.2025,14,2025,True,har_ovx,0.0162158323732583,0.016760514299130398
5,14.11.2025,14,2025,True,har_ovx,0.0121718959440479,0.016626484962805554
5,17.11.2025,14,2025,True,har_ovx,0.0148473429303784,0.01691493927052549
5,18.11.2025,14,2025,True,har_ovx,0.0133690967877499,0.016665619850063533
5,19.11.2025,14,2025,True,har_ovx,0.0126415630956973,0.01701975965940777
5,20.11.2025,14,2025,True,har_ovx,0.0126673943734615,0.017297395433274583
5,21.11.2025,14,2025,True,har_ovx,0.0106686998131597,0.01722980337191737
5,24.11.2025,14,2025,True,har_ovx,0.0099656120934904,0.017061106043916457
5,25.11.2025,14,2025,True,har_ovx,0.007913534656538,0.017293756976223235
5,26.11.2025,14,2025,True,har_ovx,0.0076187728974658,0.017708322888544663
5,28.11.2025,14,2025,True,har_ovx,0.0083114612016715,0.017018796110584527
5,01.12.2025,14,2025,True,har_ovx,0.0129053375413822,0.017132509218239354
5,02.12.2025,14,2025,True,har_ovx,0.0124791537036864,0.017065266084424883
5,03.12.2025,14,2025,True,har_ovx,0.0125704334178669,0.017099254298343594
5,04.12.2025,14,2025,True,har_ovx,0.0120389101759459,0.016273574155794866
5,05.12.2025,14,2025,True,har_ovx,0.0096733594434956,0.016068885381703188
5,08.12.2025,14,2025,True,har_ovx,0.0073935946389526,0.015627950008872064
5,09.12.2025,14,2025,True,har_ovx,0.0121589661535638,0.01614711402192348
5,10.12.2025,14,2025,True,har_ovx,0.0149302798129908,0.015324451016292253
5,11.12.2025,14,2025,True,har_ovx,0.0149895142944583,0.015200202794578087
5,12.12.2025,14,2025,True,har_ovx,0.0165992097167045,0.015114120554491779
5,15.12.2025,14,2025,True,har_ovx,0.0200061176820182,0.014362809545987166
5,16.12.2025,14,2025,True,har_ovx,0.0092482166607722,0.015186281170862055
5,17.12.2025,14,2025,True,har_ovx,0.0109698916317186,0.016742476970823886
5,18.12.2025,14,2025,True,har_ovx,0.0191693439949311,0.01702010585812871
5,19.12.2025,14,2025,True,har_ovx,0.0207645877625672,0.01571937000714852
5,22.12.2025,14,2025,True,har_ovx,0.017007151939242,0.015807231723155152
5,23.12.2025,14,2025,True,har_ovx,0.0181234851437219,0.015847947591440793
5,24.12.2025,14,2025,True,har_ovx,0.0181480582685538,0.015733037291900794
5,26.12.2025,14,2025,True,har_ovx,0.0155038838686149,0.015178132849675015
5,29.12.2025,14,2025,True,har_ovx,0.0141108592990247,0.015597144607755811
5,30.12.2025,14,2025,True,har_ovx,0.0143324994777375,0.01579443781297255
5,31.12.2025,14,2025,True,har_ovx,0.0210025906415522,0.015273428338689228
5,02.01.2025,14,2025,True,har_gpr,0.0220505784488482,0.012488914529551441
5,03.01.2025,14,2025,True,har_gpr,0.0221353948785367,0.013181201640960014
5,06.01.2025,14,2025,True,har_gpr,0.0242867503105259,0.012147384488372888
5,07.01.2025,14,2025,True,har_gpr,0.0254360975179946,0.011071546107418057
5,08.01.2025,14,2025,True,har_gpr,0.0248484112084774,0.010827504162388575
5,10.01.2025,14,2025,True,har_gpr,0.0172601523615901,0.011362131251371492
5,13.01.2025,14,2025,True,har_gpr,0.0176201698395721,0.0156332995482523
5,14.01.2025,14,2025,True,har_gpr,0.0168604553926963,0.015414786050247372
5,15.01.2025,14,2025,True,har_gpr,0.0057188640058011,0.015871956402563225
5,16.01.2025,14,2025,True,har_gpr,0.0078654549487953,0.01669916094279361
5,17.01.2025,14,2025,True,har_gpr,0.0092816778736624,0.016242731468159875
5,21.01.2025,14,2025,True,har_gpr,0.0094607572366928,0.015479207204358298
5,22.01.2025,14,2025,True,har_gpr,0.0099500450890575,0.015370600526724365
5,23.01.2025,14,2025,True,har_gpr,0.010669785921579,0.01485090286595049
5,24.01.2025,14,2025,True,har_gpr,0.010207536135032,0.014295605201698007
5,27.01.2025,14,2025,True,har_gpr,0.0079205481704053,0.014229085453583258
5,28.01.2025,14,2025,True,har_gpr,0.0074032615445412,0.01734394984782217
5,29.01.2025,14,2025,True,har_gpr,0.010545956030756,0.016976291243467428
5,30.01.2025,14,2025,True,har_gpr,0.0093781269672101,0.017278886064103327
5,31.01.2025,14,2025,True,har_gpr,0.0106493623700931,0.017125708010900468
5,03.02.2025,14,2025,True,har_gpr,0.0137472601045466,0.017033605044816817
5,04.02.2025,14,2025,True,har_gpr,0.0153544036493948,0.016001686799480663
5,05.02.2025,14,2025,True,har_gpr,0.0164376150215636,0.015719709463023136
5,06.02.2025,14,2025,True,har_gpr,0.0162734974634555,0.01684395468936609
5,07.02.2025,14,2025,True,har_gpr,0.0163363131012388,0.016195908506696857
5,10.02.2025,14,2025,True,har_gpr,0.0159898189400145,0.01624874485547563
5,11.02.2025,14,2025,True,har_gpr,0.0139608148442115,0.014337037361527267
5,12.02.2025,14,2025,True,har_gpr,0.0073046022664764,0.014391998015608642
5,13.02.2025,14,2025,True,har_gpr,0.015759333105148,0.015130237255534395
5,14.02.2025,14,2025,True,har_gpr,0.0159206130443817,0.013375859585763745
5,18.02.2025,14,2025,True,har_gpr,0.0164358151688268,0.013391471890186742
5,19.02.2025,14,2025,True,har_gpr,0.0154872696096919,0.015601692095442671
5,20.02.2025,14,2025,True,har_gpr,0.0199194317206361,0.014810514652670071
5,21.02.2025,14,2025,True,har_gpr,0.0168693749301636,0.014457190871254053
5,24.02.2025,14,2025,True,har_gpr,0.0177843891392881,0.016439864187789532
5,25.02.2025,14,2025,True,har_gpr,0.015697869122747,0.014387013466109976
5,26.02.2025,14,2025,True,har_gpr,0.0179679726263926,0.015182842493573719
5,27.02.2025,14,2025,True,har_gpr,0.010859471768463,0.014592935371593138
5,28.02.2025,14,2025,True,har_gpr,0.0158711479037016,0.015827384390548194
5,03.03.2025,14,2025,True,har_gpr,0.0147539217125969,0.01542371321228881
5,04.03.2025,14,2025,True,har_gpr,0.0154345624512926,0.016522126996268555
5,05.03.2025,14,2025,True,har_gpr,0.0132979491466893,0.01597806088120629
5,06.03.2025,14,2025,True,har_gpr,0.0160966401546739,0.01699538012559097
5,07.03.2025,14,2025,True,har_gpr,0.0156152028936788,0.015596897118876976
5,10.03.2025,14,2025,True,har_gpr,0.0128036135172473,0.016531032404229592
5,11.03.2025,14,2025,True,har_gpr,0.0139707192291175,0.017988023443566793
5,12.03.2025,14,2025,True,har_gpr,0.0104706490807631,0.017382317229667963
5,13.03.2025,14,2025,True,har_gpr,0.0089747837562153,0.017860225760168935
5,14.03.2025,14,2025,True,har_gpr,0.0087803807410731,0.01766412751243048
5,17.03.2025,14,2025,True,har_gpr,0.0093394879341234,0.017677458387582147
5,18.03.2025,14,2025,True,har_gpr,0.0071730512932164,0.016302190487071377
5,19.03.2025,14,2025,True,har_gpr,0.0069669327764292,0.016085217647518177
5,20.03.2025,14,2025,True,har_gpr,0.0051214098094697,0.015714626470270728
5,21.03.2025,14,2025,True,har_gpr,0.0071172089491312,0.01632141923539715
5,24.03.2025,14,2025,True,har_gpr,0.0081074330927179,0.015268513267318913
5,25.03.2025,14,2025,True,har_gpr,0.0087406576780533,0.015001460281441085
5,26.03.2025,14,2025,True,har_gpr,0.0081279241929935,0.013923027735206935
5,27.03.2025,14,2025,True,har_gpr,0.03208994213158,0.014234931747767356
5,28.03.2025,14,2025,True,har_gpr,0.0403428612050328,0.013418559553001143
5,31.03.2025,14,2025,True,har_gpr,0.0346446720483537,0.013492068453751388
5,01.04.2025,14,2025,True,har_gpr,0.0319147017167246,0.01481614156620717
5,02.04.2025,14,2025,True,har_gpr,0.0444794347502507,0.01261826607668133
5,03.04.2025,14,2025,True,har_gpr,0.0393437933488194,0.011495240168932492
5,04.04.2025,14,2025,True,har_gpr,0.0325041240069686,0.020224275569660385
5,07.04.2025,14,2025,True,har_gpr,0.0307973331484912,0.023992579162500142
5,08.04.2025,14,2025,True,har_gpr,0.0281891528859294,0.022789477036959792
5,09.04.2025,14,2025,True,har_gpr,0.0220665492760755,0.02275398285133577
5,10.04.2025,14,2025,True,har_gpr,0.0144784192349587,0.025214899485141468
5,11.04.2025,14,2025,True,har_gpr,0.0216364742224529,0.02504746759666289
5,14.04.2025,14,2025,True,har_gpr,0.0222825901384298,0.024536075919869664
5,15.04.2025,14,2025,True,har_gpr,0.0253350852699408,0.02474534322792656
5,16.04.2025,14,2025,True,har_gpr,0.0242821984550583,0.024577410878299604
5,17.04.2025,14,2025,True,har_gpr,0.0184175423474324,0.02475360127112502
5,21.04.2025,14,2025,True,har_gpr,0.0157452123004498,0.024982596412223553
5,22.04.2025,14,2025,True,har_gpr,0.0144076490390427,0.025380385387942912
5,23.04.2025,14,2025,True,har_gpr,0.0140786148960228,0.02535510618870246
5,24.04.2025,14,2025,True,har_gpr,0.0110377360523338,0.025763446022164384
5,25.04.2025,14,2025,True,har_gpr,0.0043521836426677,0.02527245528414101
5,28.04.2025,14,2025,True,har_gpr,0.0041803464013242,0.02479195465460531
5,29.04.2025,14,2025,True,har_gpr,0.0213207182753155,0.024540481340406695
5,30.04.2025,14,2025,True,har_gpr,0.0211909822743392,0.02461465181588264
5,01.05.2025,14,2025,True,har_gpr,0.0249902711917169,0.024446757821830263
5,02.05.2025,14,2025,True,har_gpr,0.0238391303230983,0.023536772023802336
5,05.05.2025,14,2025,True,har_gpr,0.0189850868859371,0.020977672670928062
5,06.05.2025,14,2025,True,har_gpr,0.0178569338011486,0.02059796276207635
5,07.05.2025,14,2025,True,har_gpr,0.0142214095697521,0.022907592323706885
5,08.05.2025,14,2025,True,har_gpr,0.0205602202963938,0.022378768533645343
5,09.05.2025,14,2025,True,har_gpr,0.0201401488878922,0.0222199247177342
5,12.05.2025,14,2025,True,har_gpr,0.0190573432470106,0.021257140804483543
5,13.05.2025,14,2025,True,har_gpr,0.0137701317846183,0.020147766553694563
5,14.05.2025,14,2025,True,har_gpr,0.0137032733073424,0.020785104764942438
5,15.05.2025,14,2025,True,har_gpr,0.0086292533196636,0.020103870548651905
5,16.05.2025,14,2025,True,har_gpr,0.0055618466350804,0.021198163658736075
5,19.05.2025,14,2025,True,har_gpr,0.0061866422198321,0.020210221006705602
5,20.05.2025,14,2025,True,har_gpr,0.0099260523895305,0.01963425651255289
5,21.05.2025,14,2025,True,har_gpr,0.0107270573971582,0.018940289796922666
5,22.05.2025,14,2025,True,har_gpr,0.0104438235202562,0.018789635489853303
5,23.05.2025,14,2025,True,har_gpr,0.0117337480159044,0.0183786005942312
5,27.05.2025,14,2025,True,har_gpr,0.0118333714865348,0.01809500425519142
5,28.05.2025,14,2025,True,har_gpr,0.0127900709244362,0.017954952604909223
5,29.05.2025,14,2025,True,har_gpr,0.0112484580236332,0.017903682895872186
5,30.05.2025,14,2025,True,har_gpr,0.0116346809192865,0.017763611943480175
5,02.06.2025,14,2025,True,har_gpr,0.0114916935612198,0.017287067618397788
5,03.06.2025,14,2025,True,har_gpr,0.0111459784789501,0.018024606124732476
5,04.06.2025,14,2025,True,har_gpr,0.0170661701081555,0.01783897333734339
5,05.06.2025,14,2025,True,har_gpr,0.0193483688500145,0.01721925049888219
5,06.06.2025,14,2025,True,har_gpr,0.0319480299949111,0.016585275618171576
5,09.06.2025,14,2025,True,har_gpr,0.0356098162478792,0.016388274096691937
5,10.06.2025,14,2025,True,har_gpr,0.0349726120084476,0.014781234565915341
5,11.06.2025,14,2025,True,har_gpr,0.0349723926568886,0.014360291712973603
5,12.06.2025,14,2025,True,har_gpr,0.033459144494142,0.017161649384836924
5,13.06.2025,14,2025,True,har_gpr,0.0428090542273145,0.01632876615634643
5,16.06.2025,14,2025,True,har_gpr,0.0496167481636245,0.022515511295800757
5,17.06.2025,14,2025,True,har_gpr,0.0406145299043486,0.023434569599755983
5,18.06.2025,14,2025,True,har_gpr,0.0401984008799393,0.02516305794412045
5,20.06.2025,14,2025,True,har_gpr,0.0396044512095183,0.02405310688314391
5,23.06.2025,14,2025,True,har_gpr,0.0290451942352255,0.02379060624302215
5,24.06.2025,14,2025,True,har_gpr,0.0056060518287164,0.03388025030365217
5,25.06.2025,14,2025,True,har_gpr,0.0144613988748338,0.036418165986511555
5,26.06.2025,14,2025,True,har_gpr,0.0149540173475068,0.0342188014200636
5,27.06.2025,14,2025,True,har_gpr,0.0152596284264272,0.03394514645343119
5,30.06.2025,14,2025,True,har_gpr,0.0146570857810579,0.03379740653232781
5,01.07.2025,14,2025,True,har_gpr,0.0129793964546044,0.027175045746456867
5,02.07.2025,14,2025,True,har_gpr,0.0132620134442428,0.026178220624764284
5,03.07.2025,14,2025,True,har_gpr,0.0173538312532886,0.027721480005496162
5,07.07.2025,14,2025,True,har_gpr,0.018999766444954,0.027025001631220926
5,08.07.2025,14,2025,True,har_gpr,0.0183685854771231,0.026052921647100213
5,09.07.2025,14,2025,True,har_gpr,0.0182142082682892,0.025836814475856666
5,10.07.2025,14,2025,True,har_gpr,0.0167468057983991,0.02549128443957033
5,11.07.2025,14,2025,True,har_gpr,0.0112454938452811,0.026367146346017094
5,14.07.2025,14,2025,True,har_gpr,0.0084134695705367,0.026163023508514485
5,15.07.2025,14,2025,True,har_gpr,0.0088167322981089,0.02607018005175016
5,16.07.2025,14,2025,True,har_gpr,0.0087355556911967,0.02313299787693752
5,17.07.2025,14,2025,True,har_gpr,0.0068048550261348,0.022944828411040903
5,18.07.2025,14,2025,True,har_gpr,0.0081235123620019,0.02199218186749097
5,21.07.2025,14,2025,True,har_gpr,0.0141271946696029,0.02123660840285617
5,22.07.2025,14,2025,True,har_gpr,0.0182287920108319,0.021473261845794813
5,23.07.2025,14,2025,True,har_gpr,0.0169888559416058,0.018086148478197398
5,24.07.2025,14,2025,True,har_gpr,0.0199928706386486,0.013949103637239765
5,25.07.2025,14,2025,True,har_gpr,0.0295189707778344,0.014060290930313631
5,28.07.2025,14,2025,True,har_gpr,0.0279272569454022,0.014357663423479616
5,29.07.2025,14,2025,True,har_gpr,0.0179551433579458,0.015477206560363062
5,30.07.2025,14,2025,True,har_gpr,0.0126021588704502,0.017192382822365
5,31.07.2025,14,2025,True,har_gpr,0.0131284117208537,0.016353283140331708
5,01.08.2025,14,2025,True,har_gpr,0.007269917849986,0.016041547864672476
5,04.08.2025,14,2025,True,har_gpr,0.0079018537434497,0.020248002385640382
5,05.08.2025,14,2025,True,har_gpr,0.0057838951617244,0.01837805432159146
5,06.08.2025,14,2025,True,har_gpr,0.0048940973358035,0.017826951508870342
5,07.08.2025,14,2025,True,har_gpr,0.0105675458055591,0.017342888810727406
5,08.08.2025,14,2025,True,har_gpr,0.0127099787434487,0.016916022190751577
5,11.08.2025,14,2025,True,har_gpr,0.014133364712828,0.01566824296705489
5,12.08.2025,14,2025,True,har_gpr,0.0148722977575361,0.016237910131007036
5,13.08.2025,14,2025,True,har_gpr,0.0159560050544006,0.016266086441157877
5,14.08.2025,14,2025,True,har_gpr,0.0147751760039636,0.016220105261777206
5,15.08.2025,14,2025,True,har_gpr,0.011438029217692,0.01708242407397
5,18.08.2025,14,2025,True,har_gpr,0.0121242387871722,0.017316803952290148
5,19.08.2025,14,2025,True,har_gpr,0.016558883293334,0.018168219692494054
5,20.08.2025,14,2025,True,har_gpr,0.0160060683735691,0.01830279959387776
5,21.08.2025,14,2025,True,har_gpr,0.0155527556253799,0.018770085592878454
5,22.08.2025,14,2025,True,har_gpr,0.0162213419562951,0.018646374571031566
5,25.08.2025,14,2025,True,har_gpr,0.0160426365556965,0.01799836216282174
5,26.08.2025,14,2025,True,har_gpr,0.0157765352609363,0.016687001492853248
5,27.08.2025,14,2025,True,har_gpr,0.014867955787981,0.016287156108813924
5,28.08.2025,14,2025,True,har_gpr,0.0153036219197656,0.016026892452952177
5,29.08.2025,14,2025,True,har_gpr,0.0171961310551014,0.015984033843751536
5,02.09.2025,14,2025,True,har_gpr,0.014661257568791,0.014365959358145917
5,03.09.2025,14,2025,True,har_gpr,0.0154222751320029,0.014634729211392836
5,04.09.2025,14,2025,True,har_gpr,0.0168262597619642,0.015109739445959119
5,05.09.2025,14,2025,True,har_gpr,0.0125409992834056,0.014634263054202633
5,08.09.2025,14,2025,True,har_gpr,0.0124701260454396,0.015548106125007524
5,09.09.2025,14,2025,True,har_gpr,0.0134235370682275,0.015320720666674198
5,10.09.2025,14,2025,True,har_gpr,0.0131334471793157,0.015102564973275489
5,11.09.2025,14,2025,True,har_gpr,0.0103046697620396,0.015658243693023887
5,12.09.2025,14,2025,True,har_gpr,0.0113312238160733,0.016033084473354716
5,15.09.2025,14,2025,True,har_gpr,0.0105127685779204,0.01524643322555706
5,16.09.2025,14,2025,True,har_gpr,0.010783498913825,0.014624484867449768
5,17.09.2025,14,2025,True,har_gpr,0.0155003088649593,0.015023262066078558
5,18.09.2025,14,2025,True,har_gpr,0.0142992417943646,0.014684431992129732
5,19.09.2025,14,2025,True,har_gpr,0.010624127389095,0.014298072674648698
5,22.09.2025,14,2025,True,har_gpr,0.0215045427148459,0.014441764188757407
5,23.09.2025,14,2025,True,har_gpr,0.021613345762759,0.014777413873648724
5,24.09.2025,14,2025,True,har_gpr,0.0175169626081447,0.015175417724382724
5,25.09.2025,14,2025,True,har_gpr,0.015950427228538,0.015803675151302442
5,26.09.2025,14,2025,True,har_gpr,0.0144746013874583,0.014966470322385309
5,29.09.2025,14,2025,True,har_gpr,0.0171228089906599,0.014944638826445467
5,30.09.2025,14,2025,True,har_gpr,0.0169057914863544,0.01710838211254625
5,01.10.2025,14,2025,True,har_gpr,0.0135004642686761,0.016589927692172678
5,02.10.2025,14,2025,True,har_gpr,0.012104426109592,0.01756671784812763
5,03.10.2025,14,2025,True,har_gpr,0.0221221458459146,0.017535479402254
5,06.10.2025,14,2025,True,har_gpr,0.0210542730265329,0.01670272792497509
5,07.10.2025,14,2025,True,har_gpr,0.0209548765797038,0.017093337934401612
5,08.10.2025,14,2025,True,har_gpr,0.0173845501396061,0.016665036475317127
5,09.10.2025,14,2025,True,har_gpr,0.0173478870901538,0.016580006667089288
5,10.10.2025,14,2025,True,har_gpr,0.0107657978219097,0.016530967991616286
5,13.10.2025,14,2025,True,har_gpr,0.0075593904881998,0.019124992292338966
5,14.10.2025,14,2025,True,har_gpr,0.0079326950347135,0.0183198815405549
5,15.10.2025,14,2025,True,har_gpr,0.0127306203206622,0.018869053791241056
5,16.10.2025,14,2025,True,har_gpr,0.0227672734962571,0.01840833886056309
5,17.10.2025,14,2025,True,har_gpr,0.0234310816621399,0.018635549914840774
5,20.10.2025,14,2025,True,har_gpr,0.0234899082613327,0.01788619626697888
5,21.10.2025,14,2025,True,har_gpr,0.0279037565183169,0.016742037603005397
5,22.10.2025,14,2025,True,har_gpr,0.027258441740358,0.016476735934699324
5,23.10.2025,14,2025,True,har_gpr,0.0099615516416712,0.017036012273285987
5,24.10.2025,14,2025,True,har_gpr,0.0100986603222526,0.021416141696013562
5,27.10.2025,14,2025,True,har_gpr,0.010027341514454,0.01996759034836895
5,28.10.2025,14,2025,True,har_gpr,0.0055536658683354,0.019678877842177356
5,29.10.2025,14,2025,True,har_gpr,0.0065287311376695,0.020496411345346407
5,30.10.2025,14,2025,True,har_gpr,0.0059477808555378,0.019755085081649637
5,31.10.2025,14,2025,True,har_gpr,0.0067654296110995,0.017924805577786616
5,03.11.2025,14,2025,True,har_gpr,0.0084821315435246,0.01790053884346537
5,04.11.2025,14,2025,True,har_gpr,0.0115940526970447,0.018031846571905416
5,05.11.2025,14,2025,True,har_gpr,0.0211628254395979,0.017832863763440246
5,06.11.2025,14,2025,True,har_gpr,0.0214211045920007,0.01808815133289187
5,07.11.2025,14,2025,True,har_gpr,0.0238116937384396,0.017551498611328813
5,10.11.2025,14,2025,True,har_gpr,0.0237623710156618,0.01625370803699664
5,11.11.2025,14,2025,True,har_gpr,0.022806325868592,0.016419542244842482
5,12.11.2025,14,2025,True,har_gpr,0.0161640734700876,0.016912983885777888
5,13.11.2025,14,2025,True,har_gpr,0.0162158323732583,0.018136088060914518
5,14.11.2025,14,2025,True,har_gpr,0.0121718959440479,0.017083053076279314
5,17.11.2025,14,2025,True,har_gpr,0.0148473429303784,0.01805602501242581
5,18.11.2025,14,2025,True,har_gpr,0.0133690967877499,0.017985495457266635
5,19.11.2025,14,2025,True,har_gpr,0.0126415630956973,0.01816705267426839
5,20.11.2025,14,2025,True,har_gpr,0.0126673943734615,0.01810717007716876
5,21.11.2025,14,2025,True,har_gpr,0.0106686998131597,0.0147447066438223
5,24.11.2025,14,2025,True,har_gpr,0.0099656120934904,0.014851886896621702
5,25.11.2025,14,2025,True,har_gpr,0.007913534656538,0.01530262036889485
5,26.11.2025,14,2025,True,har_gpr,0.0076187728974658,0.015067847398608763
5,28.11.2025,14,2025,True,har_gpr,0.0083114612016715,0.01496765086621894
5,01.12.2025,14,2025,True,har_gpr,0.0129053375413822,0.015590115551376524
5,02.12.2025,14,2025,True,har_gpr,0.0124791537036864,0.014975555923527374
5,03.12.2025,14,2025,True,har_gpr,0.0125704334178669,0.015316570650355589
5,04.12.2025,14,2025,True,har_gpr,0.0120389101759459,0.014947700149743831
5,05.12.2025,14,2025,True,har_gpr,0.0096733594434956,0.014988056433659646
5,08.12.2025,14,2025,True,har_gpr,0.0073935946389526,0.015058443952241736
5,09.12.2025,14,2025,True,har_gpr,0.0121589661535638,0.01613846578355958
5,10.12.2025,14,2025,True,har_gpr,0.0149302798129908,0.015286602473907713
5,11.12.2025,14,2025,True,har_gpr,0.0149895142944583,0.014823637257553809
5,12.12.2025,14,2025,True,har_gpr,0.0165992097167045,0.013653772799208768
5,15.12.2025,14,2025,True,har_gpr,0.0200061176820182,0.01309603316913569
5,16.12.2025,14,2025,True,har_gpr,0.0092482166607722,0.013451027810741215
5,17.12.2025,14,2025,True,har_gpr,0.0109698916317186,0.015095205010562641
5,18.12.2025,14,2025,True,har_gpr,0.0191693439949311,0.015013440997755971
5,19.12.2025,14,2025,True,har_gpr,0.0207645877625672,0.014356273971031123
5,22.12.2025,14,2025,True,har_gpr,0.017007151939242,0.01495065472428471
5,23.12.2025,14,2025,True,har_gpr,0.0181234851437219,0.014983026853840823
5,24.12.2025,14,2025,True,har_gpr,0.0181480582685538,0.013414342171507493
5,26.12.2025,14,2025,True,har_gpr,0.0155038838686149,0.013244648552418116
5,29.12.2025,14,2025,True,har_gpr,0.0141108592990247,0.015104979608696426
5,30.12.2025,14,2025,True,har_gpr,0.0143324994777375,0.015302520567828153
5,31.12.2025,14,2025,True,har_gpr,0.0210025906415522,0.014463314116208494
5,02.01.2025,14,2025,True,har_x,0.0220505784488482,0.014322830434076325
5,03.01.2025,14,2025,True,har_x,0.0221353948785367,0.01545355642766302
5,06.01.2025,14,2025,True,har_x,0.0242867503105259,0.015446361468704192
5,07.01.2025,14,2025,True,har_x,0.0254360975179946,0.01341157730556468
5,08.01.2025,14,2025,True,har_x,0.0248484112084774,0.013939624629340626
5,10.01.2025,14,2025,True,har_x,0.0172601523615901,0.014190209489434936
5,13.01.2025,14,2025,True,har_x,0.0176201698395721,0.01586810117649951
5,14.01.2025,14,2025,True,har_x,0.0168604553926963,0.01635972665778354
5,15.01.2025,14,2025,True,har_x,0.0057188640058011,0.016303194029719435
5,16.01.2025,14,2025,True,har_x,0.0078654549487953,0.01618237219093622
5,17.01.2025,14,2025,True,har_x,0.0092816778736624,0.016316511372265682
5,21.01.2025,14,2025,True,har_x,0.0094607572366928,0.01641755623006604
5,22.01.2025,14,2025,True,har_x,0.0099500450890575,0.015968985633081717
5,23.01.2025,14,2025,True,har_x,0.010669785921579,0.015824568910443614
5,24.01.2025,14,2025,True,har_x,0.010207536135032,0.015634309539943807
5,27.01.2025,14,2025,True,har_x,0.0079205481704053,0.014013230730513098
5,28.01.2025,14,2025,True,har_x,0.0074032615445412,0.019512789369048846
5,29.01.2025,14,2025,True,har_x,0.010545956030756,0.017977318637642768
5,30.01.2025,14,2025,True,har_x,0.0093781269672101,0.018405416289168877
5,31.01.2025,14,2025,True,har_x,0.0106493623700931,0.01766894565495285
5,03.02.2025,14,2025,True,har_x,0.0137472601045466,0.017254192360451073
5,04.02.2025,14,2025,True,har_x,0.0153544036493948,0.017982007915336974
5,05.02.2025,14,2025,True,har_x,0.0164376150215636,0.017334682975682438
5,06.02.2025,14,2025,True,har_x,0.0162734974634555,0.01767341191390052
5,07.02.2025,14,2025,True,har_x,0.0163363131012388,0.018451195311224498
5,10.02.2025,14,2025,True,har_x,0.0159898189400145,0.01588451004047449
5,11.02.2025,14,2025,True,har_x,0.0139608148442115,0.01564354613726967
5,12.02.2025,14,2025,True,har_x,0.0073046022664764,0.014739778412619241
5,13.02.2025,14,2025,True,har_x,0.015759333105148,0.015638938159306108
5,14.02.2025,14,2025,True,har_x,0.0159206130443817,0.015191470999968535
5,18.02.2025,14,2025,True,har_x,0.0164358151688268,0.01401295011992534
5,19.02.2025,14,2025,True,har_x,0.0154872696096919,0.015692400946218044
5,20.02.2025,14,2025,True,har_x,0.0199194317206361,0.01595826131573843
5,21.02.2025,14,2025,True,har_x,0.0168693749301636,0.016317293454623794
5,24.02.2025,14,2025,True,har_x,0.0177843891392881,0.019046678322852888
5,25.02.2025,14,2025,True,har_x,0.015697869122747,0.015740048856730963
5,26.02.2025,14,2025,True,har_x,0.0179679726263926,0.016340370720989296
5,27.02.2025,14,2025,True,har_x,0.010859471768463,0.0165905068058468
5,28.02.2025,14,2025,True,har_x,0.0158711479037016,0.01610531855120385
5,03.03.2025,14,2025,True,har_x,0.0147539217125969,0.015465211430942748
5,04.03.2025,14,2025,True,har_x,0.0154345624512926,0.019179155968712055
5,05.03.2025,14,2025,True,har_x,0.0132979491466893,0.018812889588490485
5,06.03.2025,14,2025,True,har_x,0.0160966401546739,0.017947638175760023
5,07.03.2025,14,2025,True,har_x,0.0156152028936788,0.018714204673389166
5,10.03.2025,14,2025,True,har_x,0.0128036135172473,0.015931858189326426
5,11.03.2025,14,2025,True,har_x,0.0139707192291175,0.019642561553758178
5,12.03.2025,14,2025,True,har_x,0.0104706490807631,0.01840283665744537
5,13.03.2025,14,2025,True,har_x,0.0089747837562153,0.01814132429730307
5,14.03.2025,14,2025,True,har_x,0.0087803807410731,0.01872863257407253
5,17.03.2025,14,2025,True,har_x,0.0093394879341234,0.019081594700985683
5,18.03.2025,14,2025,True,har_x,0.0071730512932164,0.016484577878355708
5,19.03.2025,14,2025,True,har_x,0.0069669327764292,0.018402903266925993
5,20.03.2025,14,2025,True,har_x,0.0051214098094697,0.01753522217610582
5,21.03.2025,14,2025,True,har_x,0.0071172089491312,0.016003425356935264
5,24.03.2025,14,2025,True,har_x,0.0081074330927179,0.015332838788706902
5,25.03.2025,14,2025,True,har_x,0.0087406576780533,0.015333302501934818
5,26.03.2025,14,2025,True,har_x,0.0081279241929935,0.014614751406643953
5,27.03.2025,14,2025,True,har_x,0.03208994213158,0.014825711043197576
5,28.03.2025,14,2025,True,har_x,0.0403428612050328,0.01454585645147309
5,31.03.2025,14,2025,True,har_x,0.0346446720483537,0.014582338973280165
5,01.04.2025,14,2025,True,har_x,0.0319147017167246,0.01651508081392429
5,02.04.2025,14,2025,True,har_x,0.0444794347502507,0.014288300178790424
5,03.04.2025,14,2025,True,har_x,0.0393437933488194,0.013673396217499561
5,04.04.2025,14,2025,True,har_x,0.0325041240069686,0.01743695129739619
5,07.04.2025,14,2025,True,har_x,0.0307973331484912,0.022064960060197553
5,08.04.2025,14,2025,True,har_x,0.0281891528859294,0.02595023903854624
5,09.04.2025,14,2025,True,har_x,0.0220665492760755,0.026937526198013702
5,10.04.2025,14,2025,True,har_x,0.0144784192349587,0.022464478782112506
5,11.04.2025,14,2025,True,har_x,0.0216364742224529,0.024973956319225367
5,14.04.2025,14,2025,True,har_x,0.0222825901384298,0.0258102789824797
5,15.04.2025,14,2025,True,har_x,0.0253350852699408,0.02561326233624006
5,16.04.2025,14,2025,True,har_x,0.0242821984550583,0.023492542991608474
5,17.04.2025,14,2025,True,har_x,0.0184175423474324,0.024000079270631018
5,21.04.2025,14,2025,True,har_x,0.0157452123004498,0.02320418707786514
5,22.04.2025,14,2025,True,har_x,0.0144076490390427,0.023067449201193958
5,23.04.2025,14,2025,True,har_x,0.0140786148960228,0.023882505802065416
5,24.04.2025,14,2025,True,har_x,0.0110377360523338,0.024083425410599532
5,25.04.2025,14,2025,True,har_x,0.0043521836426677,0.024410126567034823
5,28.04.2025,14,2025,True,har_x,0.0041803464013242,0.024076533921224552
5,29.04.2025,14,2025,True,har_x,0.0213207182753155,0.023307519621843402
5,30.04.2025,14,2025,True,har_x,0.0211909822743392,0.02513221959211877
5,01.05.2025,14,2025,True,har_x,0.0249902711917169,0.027503658314919344
5,02.05.2025,14,2025,True,har_x,0.0238391303230983,0.026154933190571987
5,05.05.2025,14,2025,True,har_x,0.0189850868859371,0.024958572826127998
5,06.05.2025,14,2025,True,har_x,0.0178569338011486,0.023372288814280058
5,07.05.2025,14,2025,True,har_x,0.0142214095697521,0.023422158853320135
5,08.05.2025,14,2025,True,har_x,0.0205602202963938,0.023619660121086326
5,09.05.2025,14,2025,True,har_x,0.0201401488878922,0.02256128239496903
5,12.05.2025,14,2025,True,har_x,0.0190573432470106,0.022093061659545835
5,13.05.2025,14,2025,True,har_x,0.0137701317846183,0.020702142915860266
5,14.05.2025,14,2025,True,har_x,0.0137032733073424,0.020527180474565677
5,15.05.2025,14,2025,True,har_x,0.0086292533196636,0.020584320406837227
5,16.05.2025,14,2025,True,har_x,0.0055618466350804,0.02088675664621079
5,19.05.2025,14,2025,True,har_x,0.0061866422198321,0.020875357073921755
5,20.05.2025,14,2025,True,har_x,0.0099260523895305,0.021341773697098696
5,21.05.2025,14,2025,True,har_x,0.0107270573971582,0.01991879256308513
5,22.05.2025,14,2025,True,har_x,0.0104438235202562,0.021556646745880047
5,23.05.2025,14,2025,True,har_x,0.0117337480159044,0.022430513683964256
5,27.05.2025,14,2025,True,har_x,0.0118333714865348,0.02308163415661485
5,28.05.2025,14,2025,True,har_x,0.0127900709244362,0.022093808844582584
5,29.05.2025,14,2025,True,har_x,0.0112484580236332,0.02138548851939011
5,30.05.2025,14,2025,True,har_x,0.0116346809192865,0.021270622459672733
5,02.06.2025,14,2025,True,har_x,0.0114916935612198,0.021382469355159014
5,03.06.2025,14,2025,True,har_x,0.0111459784789501,0.02138423859414404
5,04.06.2025,14,2025,True,har_x,0.0170661701081555,0.020908307735611815
5,05.06.2025,14,2025,True,har_x,0.0193483688500145,0.020705000434700867
5,06.06.2025,14,2025,True,har_x,0.0319480299949111,0.01949495564807172
5,09.06.2025,14,2025,True,har_x,0.0356098162478792,0.019631480774193667
5,10.06.2025,14,2025,True,har_x,0.0349726120084476,0.017217975636630578
5,11.06.2025,14,2025,True,har_x,0.0349723926568886,0.017399472939410028
5,12.06.2025,14,2025,True,har_x,0.033459144494142,0.020899995503871338
5,13.06.2025,14,2025,True,har_x,0.0428090542273145,0.021816261175476987
5,16.06.2025,14,2025,True,har_x,0.0496167481636245,0.027801138787278763
5,17.06.2025,14,2025,True,har_x,0.0406145299043486,0.03002324618849685
5,18.06.2025,14,2025,True,har_x,0.0401984008799393,0.036053645419471585
5,20.06.2025,14,2025,True,har_x,0.0396044512095183,0.034324911584379815
5,23.06.2025,14,2025,True,har_x,0.0290451942352255,0.033416656537424975
5,24.06.2025,14,2025,True,har_x,0.0056060518287164,0.03537231053698097
5,25.06.2025,14,2025,True,har_x,0.0144613988748338,0.03431407771168416
5,26.06.2025,14,2025,True,har_x,0.0149540173475068,0.03207416912047949
5,27.06.2025,14,2025,True,har_x,0.0152596284264272,0.03173225286509746
5,30.06.2025,14,2025,True,har_x,0.0146570857810579,0.03145499621817571
5,01.07.2025,14,2025,True,har_x,0.0129793964546044,0.022711777747609654
5,02.07.2025,14,2025,True,har_x,0.0132620134442428,0.023132779314635123
5,03.07.2025,14,2025,True,har_x,0.0173538312532886,0.024059563690318295
5,07.07.2025,14,2025,True,har_x,0.018999766444954,0.023140536376608893
5,08.07.2025,14,2025,True,har_x,0.0183685854771231,0.022965079473287246
5,09.07.2025,14,2025,True,har_x,0.0182142082682892,0.0208084509264034
5,10.07.2025,14,2025,True,har_x,0.0167468057983991,0.02022310054688267
5,11.07.2025,14,2025,True,har_x,0.0112454938452811,0.019726619072189196
5,14.07.2025,14,2025,True,har_x,0.0084134695705367,0.02118896994026675
5,15.07.2025,14,2025,True,har_x,0.0088167322981089,0.019731838301297176
5,16.07.2025,14,2025,True,har_x,0.0087355556911967,0.019216149897916902
5,17.07.2025,14,2025,True,har_x,0.0068048550261348,0.01873710484345245
5,18.07.2025,14,2025,True,har_x,0.0081235123620019,0.018199895348248382
5,21.07.2025,14,2025,True,har_x,0.0141271946696029,0.017940183470687425
5,22.07.2025,14,2025,True,har_x,0.0182287920108319,0.018354301764709598
5,23.07.2025,14,2025,True,har_x,0.0169888559416058,0.017483743848767257
5,24.07.2025,14,2025,True,har_x,0.0199928706386486,0.016268012169173236
5,25.07.2025,14,2025,True,har_x,0.0295189707778344,0.016241908970944456
5,28.07.2025,14,2025,True,har_x,0.0279272569454022,0.016495871568088696
5,29.07.2025,14,2025,True,har_x,0.0179551433579458,0.017496107246072062
5,30.07.2025,14,2025,True,har_x,0.0126021588704502,0.018868992184979578
5,31.07.2025,14,2025,True,har_x,0.0131284117208537,0.01878958461575501
5,01.08.2025,14,2025,True,har_x,0.007269917849986,0.018248977772094763
5,04.08.2025,14,2025,True,har_x,0.0079018537434497,0.02067115882611761
5,05.08.2025,14,2025,True,har_x,0.0057838951617244,0.019374739949402274
5,06.08.2025,14,2025,True,har_x,0.0048940973358035,0.01802758155391477
5,07.08.2025,14,2025,True,har_x,0.0105675458055591,0.01857693685498482
5,08.08.2025,14,2025,True,har_x,0.0127099787434487,0.017831766106540303
5,11.08.2025,14,2025,True,har_x,0.014133364712828,0.017235822929512697
5,12.08.2025,14,2025,True,har_x,0.0148722977575361,0.01713730655545711
5,13.08.2025,14,2025,True,har_x,0.0159560050544006,0.016691231166851332
5,14.08.2025,14,2025,True,har_x,0.0147751760039636,0.01805589120125492
5,15.08.2025,14,2025,True,har_x,0.011438029217692,0.018917524114392032
5,18.08.2025,14,2025,True,har_x,0.0121242387871722,0.019472373448008676
5,19.08.2025,14,2025,True,har_x,0.016558883293334,0.0185062182847208
5,20.08.2025,14,2025,True,har_x,0.0160060683735691,0.018867801441988595
5,21.08.2025,14,2025,True,har_x,0.0155527556253799,0.01875121482970407
5,22.08.2025,14,2025,True,har_x,0.0162213419562951,0.01840141668766317
5,25.08.2025,14,2025,True,har_x,0.0160426365556965,0.017932897278907015
5,26.08.2025,14,2025,True,har_x,0.0157765352609363,0.016268327059026953
5,27.08.2025,14,2025,True,har_x,0.014867955787981,0.016915944943962362
5,28.08.2025,14,2025,True,har_x,0.0153036219197656,0.016275421404966718
5,29.08.2025,14,2025,True,har_x,0.0171961310551014,0.01710498396023806
5,02.09.2025,14,2025,True,har_x,0.014661257568791,0.01604914539422277
5,03.09.2025,14,2025,True,har_x,0.0154222751320029,0.01657019008119007
5,04.09.2025,14,2025,True,har_x,0.0168262597619642,0.01700811972146309
5,05.09.2025,14,2025,True,har_x,0.0125409992834056,0.016952034413324185
5,08.09.2025,14,2025,True,har_x,0.0124701260454396,0.016431883735540453
5,09.09.2025,14,2025,True,har_x,0.0134235370682275,0.017032881914628702
5,10.09.2025,14,2025,True,har_x,0.0131334471793157,0.016428925550011242
5,11.09.2025,14,2025,True,har_x,0.0103046697620396,0.016436097032330402
5,12.09.2025,14,2025,True,har_x,0.0113312238160733,0.016760460911665297
5,15.09.2025,14,2025,True,har_x,0.0105127685779204,0.015834980291376134
5,16.09.2025,14,2025,True,har_x,0.010783498913825,0.015125818433333061
5,17.09.2025,14,2025,True,har_x,0.0155003088649593,0.015986044122423302
5,18.09.2025,14,2025,True,har_x,0.0142992417943646,0.015147313617099983
5,19.09.2025,14,2025,True,har_x,0.010624127389095,0.01540509486512824
5,22.09.2025,14,2025,True,har_x,0.0215045427148459,0.0148642425317943
5,23.09.2025,14,2025,True,har_x,0.021613345762759,0.015723013808904035
5,24.09.2025,14,2025,True,har_x,0.0175169626081447,0.016343882233093965
5,25.09.2025,14,2025,True,har_x,0.015950427228538,0.01692620895015057
5,26.09.2025,14,2025,True,har_x,0.0144746013874583,0.018010602058730354
5,29.09.2025,14,2025,True,har_x,0.0171228089906599,0.017600192947120532
5,30.09.2025,14,2025,True,har_x,0.0169057914863544,0.017524636096935324
5,01.10.2025,14,2025,True,har_x,0.0135004642686761,0.01756357607491996
5,02.10.2025,14,2025,True,har_x,0.012104426109592,0.018916204058048985
5,03.10.2025,14,2025,True,har_x,0.0221221458459146,0.019485401090111334
5,06.10.2025,14,2025,True,har_x,0.0210542730265329,0.018955556341199404
5,07.10.2025,14,2025,True,har_x,0.0209548765797038,0.01761914441891029
5,08.10.2025,14,2025,True,har_x,0.0173845501396061,0.017404887388673664
5,09.10.2025,14,2025,True,har_x,0.0173478870901538,0.017205290997800354
5,10.10.2025,14,2025,True,har_x,0.0107657978219097,0.017547341480842745
5,13.10.2025,14,2025,True,har_x,0.0075593904881998,0.019942064844948867
5,14.10.2025,14,2025,True,har_x,0.0079326950347135,0.01933829778812433
5,15.10.2025,14,2025,True,har_x,0.0127306203206622,0.02047009786536325
5,16.10.2025,14,2025,True,har_x,0.0227672734962571,0.019983472937321684
5,17.10.2025,14,2025,True,har_x,0.0234310816621399,0.020623512099701855
5,20.10.2025,14,2025,True,har_x,0.0234899082613327,0.020243398374545404
5,21.10.2025,14,2025,True,har_x,0.0279037565183169,0.019087290815986792
5,22.10.2025,14,2025,True,har_x,0.027258441740358,0.018638425903519766
5,23.10.2025,14,2025,True,har_x,0.0099615516416712,0.01939856654557308
5,24.10.2025,14,2025,True,har_x,0.0100986603222526,0.021160976334428545
5,27.10.2025,14,2025,True,har_x,0.010027341514454,0.020584241438554522
5,28.10.2025,14,2025,True,har_x,0.0055536658683354,0.020599337356652585
5,29.10.2025,14,2025,True,har_x,0.0065287311376695,0.01992332663112212
5,30.10.2025,14,2025,True,har_x,0.0059477808555378,0.01980107532012964
5,31.10.2025,14,2025,True,har_x,0.0067654296110995,0.018732587783759722
5,03.11.2025,14,2025,True,har_x,0.0084821315435246,0.019287931317440447
5,04.11.2025,14,2025,True,har_x,0.0115940526970447,0.019587709514350553
5,05.11.2025,14,2025,True,har_x,0.0211628254395979,0.01955817679190357
5,06.11.2025,14,2025,True,har_x,0.0214211045920007,0.019311585654744886
5,07.11.2025,14,2025,True,har_x,0.0238116937384396,0.019314072882977557
5,10.11.2025,14,2025,True,har_x,0.0237623710156618,0.018684343055143753
5,11.11.2025,14,2025,True,har_x,0.022806325868592,0.01820103152724062
5,12.11.2025,14,2025,True,har_x,0.0161640734700876,0.01813825601702791
5,13.11.2025,14,2025,True,har_x,0.0162158323732583,0.01617890965963786
5,14.11.2025,14,2025,True,har_x,0.0121718959440479,0.016066740771057835
5,17.11.2025,14,2025,True,har_x,0.0148473429303784,0.016330179729493646
5,18.11.2025,14,2025,True,har_x,0.0133690967877499,0.016742310325774723
5,19.11.2025,14,2025,True,har_x,0.0126415630956973,0.01710228182641842
5,20.11.2025,14,2025,True,har_x,0.0126673943734615,0.017411926265650655
5,21.11.2025,14,2025,True,har_x,0.0106686998131597,0.017403220389348474
5,24.11.2025,14,2025,True,har_x,0.0099656120934904,0.017244290638627893
5,25.11.2025,14,2025,True,har_x,0.007913534656538,0.017462393384098034
5,26.11.2025,14,2025,True,har_x,0.0076187728974658,0.017894592021743986
5,28.11.2025,14,2025,True,har_x,0.0083114612016715,0.017197902405779772
5,01.12.2025,14,2025,True,har_x,0.0129053375413822,0.018227565730497792
5,02.12.2025,14,2025,True,har_x,0.0124791537036864,0.017957866886743286
5,03.12.2025,14,2025,True,har_x,0.0125704334178669,0.0179872220198475
5,04.12.2025,14,2025,True,har_x,0.0120389101759459,0.01716295534708793
5,05.12.2025,14,2025,True,har_x,0.0096733594434956,0.016953649137331835
5,08.12.2025,14,2025,True,har_x,0.0073935946389526,0.01650076535553283
5,09.12.2025,14,2025,True,har_x,0.0121589661535638,0.01698911740020819
5,10.12.2025,14,2025,True,har_x,0.0149302798129908,0.01532837641666273
5,11.12.2025,14,2025,True,har_x,0.0149895142944583,0.015210167974275237
5,12.12.2025,14,2025,True,har_x,0.0165992097167045,0.015141586507206246
5,15.12.2025,14,2025,True,har_x,0.0200061176820182,0.014398620307423539
5,16.12.2025,14,2025,True,har_x,0.0092482166607722,0.017043139138672187
5,17.12.2025,14,2025,True,har_x,0.0109698916317186,0.018576321650834397
5,18.12.2025,14,2025,True,har_x,0.0191693439949311,0.01885211169416592
5,19.12.2025,14,2025,True,har_x,0.0207645877625672,0.017540286920998443
5,22.12.2025,14,2025,True,har_x,0.017007151939242,0.0176110253600608
5,23.12.2025,14,2025,True,har_x,0.0181234851437219,0.015711988892399918
5,24.12.2025,14,2025,True,har_x,0.0181480582685538,0.01567201863572234
5,26.12.2025,14,2025,True,har_x,0.0155038838686149,0.015102876279931352
5,29.12.2025,14,2025,True,har_x,0.0141108592990247,0.015458091747448473
5,30.12.2025,14,2025,True,har_x,0.0143324994777375,0.014896433571253469
5,31.12.2025,14,2025,True,har_x,0.0210025906415522,0.014400694679050864
22,02.01.2025,14,2025,True,har,0.0156977566319516,0.014002341060920461
22,03.01.2025,14,2025,True,har,0.0155990677135808,0.014304685367414787
22,06.01.2025,14,2025,True,har,0.0156525169258765,0.013157661798958789
22,07.01.2025,14,2025,True,har,0.0159141238458982,0.013139163523891273
22,08.01.2025,14,2025,True,har,0.0160466427895536,0.013037505346138522
22,10.01.2025,14,2025,True,har,0.0132610260249441,0.013740372444141974
22,13.01.2025,14,2025,True,har,0.01262350100461,0.018457488232736546
22,14.01.2025,14,2025,True,har,0.0124230945566499,0.017280607871409333
22,15.01.2025,14,2025,True,har,0.0113382955275358,0.0177612182828153
22,16.01.2025,14,2025,True,har,0.0113425375296744,0.01870428850352155
22,17.01.2025,14,2025,True,har,0.0114703067476877,0.01803964622877679
22,21.01.2025,14,2025,True,har,0.01215901807041,0.016910701494649884
22,22.01.2025,14,2025,True,har,0.0122632474462226,0.017896487893962417
22,23.01.2025,14,2025,True,har,0.0130203752844338,0.017196666406389942
22,24.01.2025,14,2025,True,har,0.0129736743306993,0.016153096989547956
22,27.01.2025,14,2025,True,har,0.0135167847990555,0.01613134666725399
22,28.01.2025,14,2025,True,har,0.0135749558622095,0.01718295904137418
22,29.01.2025,14,2025,True,har,0.0140402090230932,0.016696824787307815
22,30.01.2025,14,2025,True,har,0.0139941348886892,0.017073985953501018
22,31.01.2025,14,2025,True,har,0.014692227089,0.016871031588464556
22,03.02.2025,14,2025,True,har,0.0147034639731345,0.016732428035351007
22,04.02.2025,14,2025,True,har,0.0150721472945956,0.016659906547946416
22,05.02.2025,14,2025,True,har,0.0148074570134684,0.016286507688665415
22,06.02.2025,14,2025,True,har,0.0148888799641424,0.017674852845273994
22,07.02.2025,14,2025,True,har,0.015584918318364,0.016818513472031452
22,10.02.2025,14,2025,True,har,0.0152499419537417,0.016947440733214643
22,11.02.2025,14,2025,True,har,0.0150039523156336,0.015883119795519998
22,12.02.2025,14,2025,True,har,0.0144815513482294,0.016005026367017863
22,13.02.2025,14,2025,True,har,0.0145147905609126,0.016820477948689398
22,14.02.2025,14,2025,True,har,0.0145667881540235,0.015023466345979892
22,18.02.2025,14,2025,True,har,0.0147141013804463,0.01506368273525043
22,19.02.2025,14,2025,True,har,0.0147076728992956,0.015801779448554643
22,20.02.2025,14,2025,True,har,0.0149114628498595,0.014844871292627716
22,21.02.2025,14,2025,True,har,0.0138240523660954,0.0142023465529003
22,24.02.2025,14,2025,True,har,0.0139894104814634,0.016673433385250916
22,25.02.2025,14,2025,True,har,0.0130065189996406,0.01589609347382761
22,26.02.2025,14,2025,True,har,0.012974073690083,0.01687184793088077
22,27.02.2025,14,2025,True,har,0.0126122460953874,0.01607283860841188
22,28.02.2025,14,2025,True,har,0.0123536867686423,0.017570349364500845
22,03.03.2025,14,2025,True,har,0.0113366376450015,0.01692246093662137
22,04.03.2025,14,2025,True,har,0.0184115367375688,0.017715825353165782
22,05.03.2025,14,2025,True,har,0.0227738388962475,0.01694160264129814
22,06.03.2025,14,2025,True,har,0.0230832933546547,0.018170513456224977
22,07.03.2025,14,2025,True,har,0.0230935757693971,0.016252316616459508
22,10.03.2025,14,2025,True,har,0.0249948042822971,0.017484213680377884
22,11.03.2025,14,2025,True,har,0.0257851335566643,0.017513062732767218
22,12.03.2025,14,2025,True,har,0.0259035251232811,0.01687908755577091
22,13.03.2025,14,2025,True,har,0.0258121584531549,0.017383087514543878
22,14.03.2025,14,2025,True,har,0.0256400883699332,0.017316816723599596
22,17.03.2025,14,2025,True,har,0.0259742326894781,0.01722345883887686
22,18.03.2025,14,2025,True,har,0.027001962744571,0.01684683414827648
22,19.03.2025,14,2025,True,har,0.0274377379605618,0.016737931523325013
22,20.03.2025,14,2025,True,har,0.0274575960621982,0.016161648011570044
22,21.03.2025,14,2025,True,har,0.0276589504857625,0.016785521019498345
22,24.03.2025,14,2025,True,har,0.0275437356670162,0.01567526501871951
22,25.03.2025,14,2025,True,har,0.0275955886601122,0.01620862710521656
22,26.03.2025,14,2025,True,har,0.0274969749720216,0.015012802259429713
22,27.03.2025,14,2025,True,har,0.0277357952683522,0.015410806739851601
22,28.03.2025,14,2025,True,har,0.0278384646779957,0.014512557145950249
22,31.03.2025,14,2025,True,har,0.0274527517269663,0.01472335584506516
22,01.04.2025,14,2025,True,har,0.0274500602402056,0.014833885565960159
22,02.04.2025,14,2025,True,har,0.027295784897381,0.014399804848624019
22,03.04.2025,14,2025,True,har,0.0255788338942733,0.013463626535972734
22,04.04.2025,14,2025,True,har,0.0217558101431608,0.023065701742490886
22,07.04.2025,14,2025,True,har,0.0223270732195337,0.02672231837183848
22,08.04.2025,14,2025,True,har,0.0221276072236165,0.024422890881975124
22,09.04.2025,14,2025,True,har,0.0205153797061265,0.02424357711493591
22,10.04.2025,14,2025,True,har,0.0198252023289617,0.027331088019393074
22,11.04.2025,14,2025,True,har,0.0194200970342849,0.026770440619903257
22,14.04.2025,14,2025,True,har,0.0201241023435439,0.025777925779811955
22,15.04.2025,14,2025,True,har,0.0203223680331214,0.024772824140014436
22,16.04.2025,14,2025,True,har,0.0199461493151308,0.024498710218010863
22,17.04.2025,14,2025,True,har,0.0186432191200215,0.024501776414682687
22,21.04.2025,14,2025,True,har,0.017939164078167,0.02444260705578901
22,22.04.2025,14,2025,True,har,0.0174907453210756,0.025307160407306795
22,23.04.2025,14,2025,True,har,0.0170942330554088,0.025212161360123074
22,24.04.2025,14,2025,True,har,0.0171321094110816,0.02576495251073596
22,25.04.2025,14,2025,True,har,0.0173510816485363,0.0250980177481654
22,28.04.2025,14,2025,True,har,0.0172308283554704,0.024325339313956335
22,29.04.2025,14,2025,True,har,0.0164283984720986,0.024422418766894022
22,30.04.2025,14,2025,True,har,0.0161213713172419,0.0245445841470942
22,01.05.2025,14,2025,True,har,0.015935273165259,0.024282477983510853
22,02.05.2025,14,2025,True,har,0.0158526096041587,0.023754330287524966
22,05.05.2025,14,2025,True,har,0.0152310250758552,0.021184249198124443
22,06.05.2025,14,2025,True,har,0.0142713637966148,0.019200021430715055
22,07.05.2025,14,2025,True,har,0.0136058437680181,0.02234803197575138
22,08.05.2025,14,2025,True,har,0.012605013643343,0.021683630316834148
22,09.05.2025,14,2025,True,har,0.0149278334939471,0.021935215533154577
22,12.05.2025,14,2025,True,har,0.0148057479876138,0.020902385557757662
22,13.05.2025,14,2025,True,har,0.0197950849911953,0.020125753905143477
22,14.05.2025,14,2025,True,har,0.0199981359316265,0.020725664869511697
22,15.05.2025,14,2025,True,har,0.0205309451937766,0.019689470214157925
22,16.05.2025,14,2025,True,har,0.0205086707532782,0.021209233051032044
22,19.05.2025,14,2025,True,har,0.0204883321081157,0.02020606521367124
22,20.05.2025,14,2025,True,har,0.0268883715893347,0.019252003417637324
22,21.05.2025,14,2025,True,har,0.030365964050637,0.018365724491495164
22,22.05.2025,14,2025,True,har,0.0303297459714897,0.018305044509871794
22,23.05.2025,14,2025,True,har,0.030323541947114,0.017662467650994933
22,27.05.2025,14,2025,True,har,0.0301930217943651,0.0172149227606824
22,28.05.2025,14,2025,True,har,0.0301247086770491,0.01741360024434646
22,29.05.2025,14,2025,True,har,0.0300483953646778,0.01761791924544122
22,30.05.2025,14,2025,True,har,0.0305671852243247,0.017534119471684137
22,02.06.2025,14,2025,True,har,0.0305615182162589,0.017005712680874703
22,03.06.2025,14,2025,True,har,0.0304942703448468,0.017308137073471418
22,04.06.2025,14,2025,True,har,0.0303401596213933,0.017216663800082507
22,05.06.2025,14,2025,True,har,0.0303341537609103,0.016702036026869968
22,06.06.2025,14,2025,True,har,0.030639342138854,0.016015511081138675
22,09.06.2025,14,2025,True,har,0.0310103628382492,0.01601556754180174
22,10.06.2025,14,2025,True,har,0.0312532268283665,0.015508784497693355
22,11.06.2025,14,2025,True,har,0.0299248514180919,0.015048324305880895
22,12.06.2025,14,2025,True,har,0.0299064161357196,0.018325723054829525
22,13.06.2025,14,2025,True,har,0.0260026460291435,0.01722978045552475
22,16.06.2025,14,2025,True,har,0.0258958233859133,0.023555715150593973
22,17.06.2025,14,2025,True,har,0.023826339139244,0.02225296842608894
22,18.06.2025,14,2025,True,har,0.0237788874815522,0.02409293154157075
22,20.06.2025,14,2025,True,har,0.0237097245432806,0.0225836519337427
22,23.06.2025,14,2025,True,har,0.0181529859131329,0.02228575373751318
22,24.06.2025,14,2025,True,har,0.012236208158877,0.029512384359260204
22,25.06.2025,14,2025,True,har,0.0130518963146919,0.031866868187310785
22,26.06.2025,14,2025,True,har,0.0148324511822362,0.02869796376992149
22,27.06.2025,14,2025,True,har,0.014892547305315,0.02833822745559796
22,30.06.2025,14,2025,True,har,0.0151129769953646,0.028177287366714945
22,01.07.2025,14,2025,True,har,0.0176208963586631,0.026930729665742628
22,02.07.2025,14,2025,True,har,0.016752289985975,0.024228059577443832
22,03.07.2025,14,2025,True,har,0.017086539413973,0.026362489543484427
22,07.07.2025,14,2025,True,har,0.0170023276045598,0.02544567112716168
22,08.07.2025,14,2025,True,har,0.0168853731410392,0.025752164062454827
22,09.07.2025,14,2025,True,har,0.0169056671535723,0.02549022217679014
22,10.07.2025,14,2025,True,har,0.0163144737350351,0.024991327283022953
22,11.07.2025,14,2025,True,har,0.0152759691006436,0.02605881324738111
22,14.07.2025,14,2025,True,har,0.0150104465422522,0.026164102467100478
22,15.07.2025,14,2025,True,har,0.0155936142049484,0.02616688841062155
22,16.07.2025,14,2025,True,har,0.0158627791639784,0.023534290931613872
22,17.07.2025,14,2025,True,har,0.0157217324602898,0.023302253289754396
22,18.07.2025,14,2025,True,har,0.0158724993589012,0.022588321922485294
22,21.07.2025,14,2025,True,har,0.0163395554871721,0.021470446491314837
22,22.07.2025,14,2025,True,har,0.0165109354568515,0.02099480900673739
22,23.07.2025,14,2025,True,har,0.0165134629449615,0.018296966029964445
22,24.07.2025,14,2025,True,har,0.0167362483435218,0.014711799236326872
22,25.07.2025,14,2025,True,har,0.0173107869081745,0.014815972962640128
22,28.07.2025,14,2025,True,har,0.0167423677516609,0.01515771531249967
22,29.07.2025,14,2025,True,har,0.014887524802962,0.016840475255795108
22,30.07.2025,14,2025,True,har,0.0146499148884843,0.01868745484452647
22,31.07.2025,14,2025,True,har,0.0150674678607944,0.017552409468638404
22,01.08.2025,14,2025,True,har,0.0133082530255332,0.017464188720414553
22,04.08.2025,14,2025,True,har,0.0131638903572966,0.021190429324785508
22,05.08.2025,14,2025,True,har,0.013556266154795,0.020037888230409508
22,06.08.2025,14,2025,True,har,0.0135165071704652,0.01903631144338179
22,07.08.2025,14,2025,True,har,0.0135013297154084,0.01823854028833632
22,08.08.2025,14,2025,True,har,0.013945615206465,0.01784998854711871
22,11.08.2025,14,2025,True,har,0.0144275775053584,0.016393865803357603
22,12.08.2025,14,2025,True,har,0.014461114581955,0.016244213209529963
22,13.08.2025,14,2025,True,har,0.0144010877913743,0.016246213031139822
22,14.08.2025,14,2025,True,har,0.0142402352727315,0.016151691469527607
22,15.08.2025,14,2025,True,har,0.0139309665419624,0.01736622985484229
22,18.08.2025,14,2025,True,har,0.0138729979067331,0.017640088358345175
22,19.08.2025,14,2025,True,har,0.0138345699754992,0.01783266650384366
22,20.08.2025,14,2025,True,har,0.0134142454098782,0.018002241114892587
22,21.08.2025,14,2025,True,har,0.0135870523296515,0.018510012832473756
22,22.08.2025,14,2025,True,har,0.0145633552059597,0.01828591323738335
22,25.08.2025,14,2025,True,har,0.0141946573403635,0.017379486381308727
22,26.08.2025,14,2025,True,har,0.0133042202300913,0.017768435612017297
22,27.08.2025,14,2025,True,har,0.0148431843384656,0.017804797346517895
22,28.08.2025,14,2025,True,har,0.0150079725196143,0.017394493996914416
22,29.08.2025,14,2025,True,har,0.0158268055367313,0.017274619649735957
22,02.09.2025,14,2025,True,har,0.0157742205673102,0.015943300206880034
22,03.09.2025,14,2025,True,har,0.0153090825838569,0.01627349576476701
22,04.09.2025,14,2025,True,har,0.0156189008847231,0.016767437899653844
22,05.09.2025,14,2025,True,har,0.014866098841706,0.016119439630052718
22,08.09.2025,14,2025,True,har,0.0150008969828527,0.017106398589647902
22,09.09.2025,14,2025,True,har,0.0153157824139638,0.0168656814350188
22,10.09.2025,14,2025,True,har,0.0168218590100271,0.016499770034356445
22,11.09.2025,14,2025,True,har,0.0167511674490325,0.017168157930641935
22,12.09.2025,14,2025,True,har,0.0167554880870738,0.017569332923731626
22,15.09.2025,14,2025,True,har,0.0166301580730912,0.01654942576863629
22,16.09.2025,14,2025,True,har,0.0161916840306978,0.016253491259725354
22,17.09.2025,14,2025,True,har,0.0162923282631584,0.016767055387155984
22,18.09.2025,14,2025,True,har,0.0162799338059826,0.016356326840084916
22,19.09.2025,14,2025,True,har,0.0163301967730945,0.015864634552683225
22,22.09.2025,14,2025,True,har,0.0171327130408401,0.016100858124646594
22,23.09.2025,14,2025,True,har,0.0205380998849856,0.01564313986178987
22,24.09.2025,14,2025,True,har,0.0197255367315316,0.016198634766472465
22,25.09.2025,14,2025,True,har,0.0197134990463945,0.017130247077296053
22,26.09.2025,14,2025,True,har,0.0197887916737783,0.016023684162815466
22,29.09.2025,14,2025,True,har,0.018953490439878,0.01591398884673987
22,30.09.2025,14,2025,True,har,0.0187725315595579,0.018901675815526726
22,01.10.2025,14,2025,True,har,0.0180036030358468,0.018223014261895938
22,02.10.2025,14,2025,True,har,0.0175140699856177,0.01823053566692984
22,03.10.2025,14,2025,True,har,0.0175308466358036,0.018023549892605947
22,06.10.2025,14,2025,True,har,0.0174712083728553,0.017054924266431667
22,07.10.2025,14,2025,True,har,0.0174703711356084,0.01780624507728787
22,08.10.2025,14,2025,True,har,0.0172520960419418,0.01722838859743992
22,09.10.2025,14,2025,True,har,0.0170566750685261,0.017129030948022348
22,10.10.2025,14,2025,True,har,0.0151706590620862,0.0170569703686669
22,13.10.2025,14,2025,True,har,0.0172870559560075,0.020159422487732642
22,14.10.2025,14,2025,True,har,0.0170144918109049,0.01899126432928646
22,15.10.2025,14,2025,True,har,0.0174893097024747,0.018986901724610178
22,16.10.2025,14,2025,True,har,0.0171780930332149,0.018287498334634958
22,17.10.2025,14,2025,True,har,0.0172698394086409,0.018564589049954974
22,20.10.2025,14,2025,True,har,0.017967012527667,0.017402314151962375
22,21.10.2025,14,2025,True,har,0.0179699176640238,0.01703103656246506
22,22.10.2025,14,2025,True,har,0.0177015522342478,0.01683787072104234
22,23.10.2025,14,2025,True,har,0.0135804169169137,0.017813934747531658
22,24.10.2025,14,2025,True,har,0.0138271923588082,0.022547179914702786
22,27.10.2025,14,2025,True,har,0.0140788462717698,0.020613088657155332
22,28.10.2025,14,2025,True,har,0.0135637191075411,0.020217511365044925
22,29.10.2025,14,2025,True,har,0.0134184560797473,0.021365060047602396
22,30.10.2025,14,2025,True,har,0.0135790127242714,0.020549679435637156
22,31.10.2025,14,2025,True,har,0.0136137129885091,0.017897847654446783
22,03.11.2025,14,2025,True,har,0.0138132173702047,0.017883332422547027
22,04.11.2025,14,2025,True,har,0.0138738622451846,0.017788420210520836
22,05.11.2025,14,2025,True,har,0.0141875409720882,0.017419138155296783
22,06.11.2025,14,2025,True,har,0.0142902520809811,0.017798581565514313
22,07.11.2025,14,2025,True,har,0.0142973750622775,0.017137383419957387
22,10.11.2025,14,2025,True,har,0.0144879339877172,0.016123382770022225
22,11.11.2025,14,2025,True,har,0.0138497307026739,0.016404236472764632
22,12.11.2025,14,2025,True,har,0.011495213586569,0.017150924473154968
22,13.11.2025,14,2025,True,har,0.0126424737200591,0.020316890975473297
22,14.11.2025,14,2025,True,har,0.011939971623308,0.018961054166308024
22,17.11.2025,14,2025,True,har,0.0120037493187314,0.020163191802564998
22,18.11.2025,14,2025,True,har,0.0120102255813356,0.019456752376819663
22,19.11.2025,14,2025,True,har,0.0128199824229697,0.01966522196488567
22,20.11.2025,14,2025,True,har,0.0128811872804225,0.01938110811209024
22,21.11.2025,14,2025,True,har,0.0125928836239152,0.016283571788469908
22,24.11.2025,14,2025,True,har,0.0133737493857257,0.01629496052221043
22,25.11.2025,14,2025,True,har,0.0139567176190463,0.01682794797814746
22,26.11.2025,14,2025,True,har,0.0137494238036194,0.016562784171211188
22,28.11.2025,14,2025,True,har,0.0141830956777283,0.016380695604397515
22,01.12.2025,14,2025,True,har,0.0141803883791825,0.016044821415222055
22,02.12.2025,14,2025,True,har,0.0145192374268626,0.015769716037835904
22,03.12.2025,14,2025,True,har,0.0149181266172261,0.016174082248515995
22,04.12.2025,14,2025,True,har,0.0148838545296852,0.015628357224472235
22,05.12.2025,14,2025,True,har,0.0166132558463506,0.015730074058159488
22,08.12.2025,14,2025,True,har,0.0167459594099644,0.01580576244542311
22,09.12.2025,14,2025,True,har,0.0166844004107953,0.017159732334458895
22,10.12.2025,14,2025,True,har,0.0174072083478635,0.016693033539393092
22,11.12.2025,14,2025,True,har,0.017185379634549,0.01624509069147368
22,12.12.2025,14,2025,True,har,0.0197794327813399,0.015389629463109757
22,15.12.2025,14,2025,True,har,0.0196355604870466,0.014601619782102507
22,16.12.2025,14,2025,True,har,0.0185350348546149,0.013937148161589346
22,17.12.2025,14,2025,True,har,0.0184406626240698,0.01586135379098682
22,18.12.2025,14,2025,True,har,0.019044292385752,0.015742902527766396
22,19.12.2025,14,2025,True,har,0.0197168425904423,0.015043210794309972
22,22.12.2025,14,2025,True,har,0.0191444643920113,0.015759359812774498
22,23.12.2025,14,2025,True,har,0.0200052405480365,0.01740128152031971
22,24.12.2025,14,2025,True,har,0.0200402978104217,0.015145255261803724
22,26.12.2025,14,2025,True,har,0.0197493890522123,0.015064669240623304
22,29.12.2025,14,2025,True,har,0.0195425814098105,0.01745310950041737
22,30.12.2025,14,2025,True,har,0.0246035384352324,0.01795999093594691
22,31.12.2025,14,2025,True,har,0.0242925421278922,0.016731190510713312
22,02.01.2025,14,2025,True,har_ovx,0.0156977566319516,0.01581584424775316
22,03.01.2025,14,2025,True,har_ovx,0.0155990677135808,0.015723869217718206
22,06.01.2025,14,2025,True,har_ovx,0.0156525169258765,0.015603508843100182
22,07.01.2025,14,2025,True,har_ovx,0.0159141238458982,0.01537384691270394
22,08.01.2025,14,2025,True,har_ovx,0.0160466427895536,0.01604375575108016
22,10.01.2025,14,2025,True,har_ovx,0.0132610260249441,0.016464090858691542
22,13.01.2025,14,2025,True,har_ovx,0.01262350100461,0.01858868484293725
22,14.01.2025,14,2025,True,har_ovx,0.0124230945566499,0.018378870218231407
22,15.01.2025,14,2025,True,har_ovx,0.0113382955275358,0.018346827583443286
22,16.01.2025,14,2025,True,har_ovx,0.0113425375296744,0.018341021618253357
22,17.01.2025,14,2025,True,har_ovx,0.0114703067476877,0.01826835424137639
22,21.01.2025,14,2025,True,har_ovx,0.01215901807041,0.018000907578392726
22,22.01.2025,14,2025,True,har_ovx,0.0122632474462226,0.01881862338580701
22,23.01.2025,14,2025,True,har_ovx,0.0130203752844338,0.0184952358204242
22,24.01.2025,14,2025,True,har_ovx,0.0129736743306993,0.017811132355722712
22,27.01.2025,14,2025,True,har_ovx,0.0135167847990555,0.016236320289882904
22,28.01.2025,14,2025,True,har_ovx,0.0135749558622095,0.01880404069234218
22,29.01.2025,14,2025,True,har_ovx,0.0140402090230932,0.0171513589905053
22,30.01.2025,14,2025,True,har_ovx,0.0139941348886892,0.017653601400106727
22,31.01.2025,14,2025,True,har_ovx,0.014692227089,0.016868416833265815
22,03.02.2025,14,2025,True,har_ovx,0.0147034639731345,0.01640715811154517
22,04.02.2025,14,2025,True,har_ovx,0.0150721472945956,0.018401164682453976
22,05.02.2025,14,2025,True,har_ovx,0.0148074570134684,0.017662879358275582
22,06.02.2025,14,2025,True,har_ovx,0.0148888799641424,0.018265246981211184
22,07.02.2025,14,2025,True,har_ovx,0.015584918318364,0.018835952659696332
22,10.02.2025,14,2025,True,har_ovx,0.0152499419537417,0.016345710971367205
22,11.02.2025,14,2025,True,har_ovx,0.0150039523156336,0.01715685679887722
22,12.02.2025,14,2025,True,har_ovx,0.0144815513482294,0.016320831960763244
22,13.02.2025,14,2025,True,har_ovx,0.0145147905609126,0.017296722365589406
22,14.02.2025,14,2025,True,har_ovx,0.0145667881540235,0.016809019141395494
22,18.02.2025,14,2025,True,har_ovx,0.0147141013804463,0.015654904233210337
22,19.02.2025,14,2025,True,har_ovx,0.0147076728992956,0.015411339563277688
22,20.02.2025,14,2025,True,har_ovx,0.0149114628498595,0.015511855012589032
22,21.02.2025,14,2025,True,har_ovx,0.0138240523660954,0.015578401112114863
22,24.02.2025,14,2025,True,har_ovx,0.0139894104814634,0.018797820747668493
22,25.02.2025,14,2025,True,har_ovx,0.0130065189996406,0.01690722836123038
22,26.02.2025,14,2025,True,har_ovx,0.012974073690083,0.017685787493859007
22,27.02.2025,14,2025,True,har_ovx,0.0126122460953874,0.017728114148143726
22,28.02.2025,14,2025,True,har_ovx,0.0123536867686423,0.01750641189012868
22,03.03.2025,14,2025,True,har_ovx,0.0113366376450015,0.016621538301431066
22,04.03.2025,14,2025,True,har_ovx,0.0184115367375688,0.020110289424413123
22,05.03.2025,14,2025,True,har_ovx,0.0227738388962475,0.019514237682262424
22,06.03.2025,14,2025,True,har_ovx,0.0230832933546547,0.01885977337651206
22,07.03.2025,14,2025,True,har_ovx,0.0230935757693971,0.01910578854293968
22,10.03.2025,14,2025,True,har_ovx,0.0249948042822971,0.016622139846427044
22,11.03.2025,14,2025,True,har_ovx,0.0257851335566643,0.018560393489213504
22,12.03.2025,14,2025,True,har_ovx,0.0259035251232811,0.017293856243698585
22,13.03.2025,14,2025,True,har_ovx,0.0258121584531549,0.017055843720046114
22,14.03.2025,14,2025,True,har_ovx,0.0256400883699332,0.017774810309576186
22,17.03.2025,14,2025,True,har_ovx,0.0259742326894781,0.018021348113086564
22,18.03.2025,14,2025,True,har_ovx,0.027001962744571,0.016860996093169357
22,19.03.2025,14,2025,True,har_ovx,0.0274377379605618,0.01888810861499409
22,20.03.2025,14,2025,True,har_ovx,0.0274575960621982,0.017813512701597912
22,21.03.2025,14,2025,True,har_ovx,0.0276589504857625,0.016296543245401578
22,24.03.2025,14,2025,True,har_ovx,0.0275437356670162,0.015570135890029872
22,25.03.2025,14,2025,True,har_ovx,0.0275955886601122,0.016171381083866808
22,26.03.2025,14,2025,True,har_ovx,0.0274969749720216,0.015335720832429001
22,27.03.2025,14,2025,True,har_ovx,0.0277357952683522,0.01563168005500095
22,28.03.2025,14,2025,True,har_ovx,0.0278384646779957,0.015269964701031615
22,31.03.2025,14,2025,True,har_ovx,0.0274527517269663,0.015444460657891023
22,01.04.2025,14,2025,True,har_ovx,0.0274500602402056,0.016336746670329128
22,02.04.2025,14,2025,True,har_ovx,0.027295784897381,0.016144858565057534
22,03.04.2025,14,2025,True,har_ovx,0.0255788338942733,0.015716564213852847
22,04.04.2025,14,2025,True,har_ovx,0.0217558101431608,0.020356582067515547
22,07.04.2025,14,2025,True,har_ovx,0.0223270732195337,0.02487585871072353
22,08.04.2025,14,2025,True,har_ovx,0.0221276072236165,0.02739412296291911
22,09.04.2025,14,2025,True,har_ovx,0.0205153797061265,0.028236311303962213
22,10.04.2025,14,2025,True,har_ovx,0.0198252023289617,0.024392956911365348
22,11.04.2025,14,2025,True,har_ovx,0.0194200970342849,0.02650774746967689
22,14.04.2025,14,2025,True,har_ovx,0.0201241023435439,0.026860936493660066
22,15.04.2025,14,2025,True,har_ovx,0.0203223680331214,0.02540766197857597
22,16.04.2025,14,2025,True,har_ovx,0.0199461493151308,0.0231793191727769
22,17.04.2025,14,2025,True,har_ovx,0.0186432191200215,0.023509488445977736
22,21.04.2025,14,2025,True,har_ovx,0.017939164078167,0.02242052155652586
22,22.04.2025,14,2025,True,har_ovx,0.0174907453210756,0.022750380212284486
22,23.04.2025,14,2025,True,har_ovx,0.0170942330554088,0.023496775958187964
22,24.04.2025,14,2025,True,har_ovx,0.0171321094110816,0.023843281259085
22,25.04.2025,14,2025,True,har_ovx,0.0173510816485363,0.02399491382393885
22,28.04.2025,14,2025,True,har_ovx,0.0172308283554704,0.023366659511063755
22,29.04.2025,14,2025,True,har_ovx,0.0164283984720986,0.023327270823734897
22,30.04.2025,14,2025,True,har_ovx,0.0161213713172419,0.02519857324585728
22,01.05.2025,14,2025,True,har_ovx,0.015935273165259,0.027476485014100605
22,02.05.2025,14,2025,True,har_ovx,0.0158526096041587,0.026326950704886894
22,05.05.2025,14,2025,True,har_ovx,0.0152310250758552,0.02511736475280786
22,06.05.2025,14,2025,True,har_ovx,0.0142713637966148,0.021624038712602912
22,07.05.2025,14,2025,True,har_ovx,0.0136058437680181,0.022518397566216368
22,08.05.2025,14,2025,True,har_ovx,0.012605013643343,0.022581759040701484
22,09.05.2025,14,2025,True,har_ovx,0.0149278334939471,0.021934581552929204
22,12.05.2025,14,2025,True,har_ovx,0.0148057479876138,0.021397018087166
22,13.05.2025,14,2025,True,har_ovx,0.0197950849911953,0.020221785119962133
22,14.05.2025,14,2025,True,har_ovx,0.0199981359316265,0.020007837077635884
22,15.05.2025,14,2025,True,har_ovx,0.0205309451937766,0.01971007407378912
22,16.05.2025,14,2025,True,har_ovx,0.0205086707532782,0.020439227450683186
22,19.05.2025,14,2025,True,har_ovx,0.0204883321081157,0.020413640549574397
22,20.05.2025,14,2025,True,har_ovx,0.0268883715893347,0.02024129283232649
22,21.05.2025,14,2025,True,har_ovx,0.030365964050637,0.018623587595837585
22,22.05.2025,14,2025,True,har_ovx,0.0303297459714897,0.020351108211345486
22,23.05.2025,14,2025,True,har_ovx,0.030323541947114,0.020991223020883652
22,27.05.2025,14,2025,True,har_ovx,0.0301930217943651,0.021477261519184394
22,28.05.2025,14,2025,True,har_ovx,0.0301247086770491,0.021073502614540312
22,29.05.2025,14,2025,True,har_ovx,0.0300483953646778,0.02062233363319644
22,30.05.2025,14,2025,True,har_ovx,0.0305671852243247,0.020564235737881166
22,02.06.2025,14,2025,True,har_ovx,0.0305615182162589,0.020624936998057473
22,03.06.2025,14,2025,True,har_ovx,0.0304942703448468,0.019942052925739785
22,04.06.2025,14,2025,True,har_ovx,0.0303401596213933,0.01955999343557754
22,05.06.2025,14,2025,True,har_ovx,0.0303341537609103,0.01946272889900373
22,06.06.2025,14,2025,True,har_ovx,0.030639342138854,0.018199922518116904
22,09.06.2025,14,2025,True,har_ovx,0.0310103628382492,0.018532874733629547
22,10.06.2025,14,2025,True,har_ovx,0.0312532268283665,0.017924503931123124
22,11.06.2025,14,2025,True,har_ovx,0.0299248514180919,0.018067003686327274
22,12.06.2025,14,2025,True,har_ovx,0.0299064161357196,0.02204212393683536
22,13.06.2025,14,2025,True,har_ovx,0.0260026460291435,0.022700020497241714
22,16.06.2025,14,2025,True,har_ovx,0.0258958233859133,0.028872767216935373
22,17.06.2025,14,2025,True,har_ovx,0.023826339139244,0.02845408112126932
22,18.06.2025,14,2025,True,har_ovx,0.0237788874815522,0.03459286284486727
22,20.06.2025,14,2025,True,har_ovx,0.0237097245432806,0.03246861611815656
22,23.06.2025,14,2025,True,har_ovx,0.0181529859131329,0.03152420222235535
22,24.06.2025,14,2025,True,har_ovx,0.012236208158877,0.028945393199404125
22,25.06.2025,14,2025,True,har_ovx,0.0130518963146919,0.027707158285731174
22,26.06.2025,14,2025,True,har_ovx,0.0148324511822362,0.024498928602621498
22,27.06.2025,14,2025,True,har_ovx,0.014892547305315,0.02407145282864351
22,30.06.2025,14,2025,True,har_ovx,0.0151129769953646,0.023780756756334953
22,01.07.2025,14,2025,True,har_ovx,0.0176208963586631,0.02235915141145048
22,02.07.2025,14,2025,True,har_ovx,0.016752289985975,0.020881003114994127
22,03.07.2025,14,2025,True,har_ovx,0.017086539413973,0.022400734816726053
22,07.07.2025,14,2025,True,har_ovx,0.0170023276045598,0.02126399722317414
22,08.07.2025,14,2025,True,har_ovx,0.0168853731410392,0.02267960541934807
22,09.07.2025,14,2025,True,har_ovx,0.0169056671535723,0.020477063683765093
22,10.07.2025,14,2025,True,har_ovx,0.0163144737350351,0.019738310828188478
22,11.07.2025,14,2025,True,har_ovx,0.0152759691006436,0.019431321091601325
22,14.07.2025,14,2025,True,har_ovx,0.0150104465422522,0.021204951245843144
22,15.07.2025,14,2025,True,har_ovx,0.0155936142049484,0.019880845589349695
22,16.07.2025,14,2025,True,har_ovx,0.0158627791639784,0.01967114422744258
22,17.07.2025,14,2025,True,har_ovx,0.0157217324602898,0.01914858892765839
22,18.07.2025,14,2025,True,har_ovx,0.0158724993589012,0.01884860251320547
22,21.07.2025,14,2025,True,har_ovx,0.0163395554871721,0.018225208604282308
22,22.07.2025,14,2025,True,har_ovx,0.0165109354568515,0.01775258170890688
22,23.07.2025,14,2025,True,har_ovx,0.0165134629449615,0.017571744125924105
22,24.07.2025,14,2025,True,har_ovx,0.0167362483435218,0.01690974739736127
22,25.07.2025,14,2025,True,har_ovx,0.0173107869081745,0.016874912671481133
22,28.07.2025,14,2025,True,har_ovx,0.0167423677516609,0.017173699301375127
22,29.07.2025,14,2025,True,har_ovx,0.014887524802962,0.018625710387002493
22,30.07.2025,14,2025,True,har_ovx,0.0146499148884843,0.020130852072908635
22,31.07.2025,14,2025,True,har_ovx,0.0150674678607944,0.01975739114265125
22,01.08.2025,14,2025,True,har_ovx,0.0133082530255332,0.0194417980595201
22,04.08.2025,14,2025,True,har_ovx,0.0131638903572966,0.021430469859604517
22,05.08.2025,14,2025,True,har_ovx,0.013556266154795,0.020931870358856908
22,06.08.2025,14,2025,True,har_ovx,0.0135165071704652,0.01912932725598188
22,07.08.2025,14,2025,True,har_ovx,0.0135013297154084,0.01936311424491088
22,08.08.2025,14,2025,True,har_ovx,0.013945615206465,0.01865697145595131
22,11.08.2025,14,2025,True,har_ovx,0.0144275775053584,0.017850675351007393
22,12.08.2025,14,2025,True,har_ovx,0.014461114581955,0.016808255864909093
22,13.08.2025,14,2025,True,har_ovx,0.0144010877913743,0.016334329395768385
22,14.08.2025,14,2025,True,har_ovx,0.0142402352727315,0.01765015628242895
22,15.08.2025,14,2025,True,har_ovx,0.0139309665419624,0.018865494914796367
22,18.08.2025,14,2025,True,har_ovx,0.0138729979067331,0.019461098399896508
22,19.08.2025,14,2025,True,har_ovx,0.0138345699754992,0.017574242574204882
22,20.08.2025,14,2025,True,har_ovx,0.0134142454098782,0.01797106865944881
22,21.08.2025,14,2025,True,har_ovx,0.0135870523296515,0.017895002388194633
22,22.08.2025,14,2025,True,har_ovx,0.0145633552059597,0.017444589799707026
22,25.08.2025,14,2025,True,har_ovx,0.0141946573403635,0.016717286409698166
22,26.08.2025,14,2025,True,har_ovx,0.0133042202300913,0.01715904767523406
22,27.08.2025,14,2025,True,har_ovx,0.0148431843384656,0.01824444373074939
22,28.08.2025,14,2025,True,har_ovx,0.0150079725196143,0.017454647138023763
22,29.08.2025,14,2025,True,har_ovx,0.0158268055367313,0.01820740313104785
22,02.09.2025,14,2025,True,har_ovx,0.0157742205673102,0.017439153681751248
22,03.09.2025,14,2025,True,har_ovx,0.0153090825838569,0.01813950299645956
22,04.09.2025,14,2025,True,har_ovx,0.0156189008847231,0.018595430814427424
22,05.09.2025,14,2025,True,har_ovx,0.014866098841706,0.018367752907837237
22,08.09.2025,14,2025,True,har_ovx,0.0150008969828527,0.017919396701376926
22,09.09.2025,14,2025,True,har_ovx,0.0153157824139638,0.01857467560184524
22,10.09.2025,14,2025,True,har_ovx,0.0168218590100271,0.017822006376205603
22,11.09.2025,14,2025,True,har_ovx,0.0167511674490325,0.017941096643713003
22,12.09.2025,14,2025,True,har_ovx,0.0167554880870738,0.01829233505822376
22,15.09.2025,14,2025,True,har_ovx,0.0166301580730912,0.017132432219914367
22,16.09.2025,14,2025,True,har_ovx,0.0161916840306978,0.016766074418816158
22,17.09.2025,14,2025,True,har_ovx,0.0162923282631584,0.017740706565432553
22,18.09.2025,14,2025,True,har_ovx,0.0162799338059826,0.016830669598213645
22,19.09.2025,14,2025,True,har_ovx,0.0163301967730945,0.016981929534790406
22,22.09.2025,14,2025,True,har_ovx,0.0171327130408401,0.016533669939358682
22,23.09.2025,14,2025,True,har_ovx,0.0205380998849856,0.016555532481194034
22,24.09.2025,14,2025,True,har_ovx,0.0197255367315316,0.01733266144416988
22,25.09.2025,14,2025,True,har_ovx,0.0197134990463945,0.01821962079962184
22,26.09.2025,14,2025,True,har_ovx,0.0197887916737783,0.01903649013645784
22,29.09.2025,14,2025,True,har_ovx,0.018953490439878,0.018535691121641225
22,30.09.2025,14,2025,True,har_ovx,0.0187725315595579,0.01928966835436159
22,01.10.2025,14,2025,True,har_ovx,0.0180036030358468,0.019170167237827784
22,02.10.2025,14,2025,True,har_ovx,0.0175140699856177,0.019382229984696686
22,03.10.2025,14,2025,True,har_ovx,0.0175308466358036,0.019775537683518755
22,06.10.2025,14,2025,True,har_ovx,0.0174712083728553,0.019110484042870954
22,07.10.2025,14,2025,True,har_ovx,0.0174703711356084,0.017758470961504756
22,08.10.2025,14,2025,True,har_ovx,0.0172520960419418,0.01739595168249906
22,09.10.2025,14,2025,True,har_ovx,0.0170566750685261,0.017179367991322816
22,10.10.2025,14,2025,True,har_ovx,0.0151706590620862,0.017497459100277217
22,13.10.2025,14,2025,True,har_ovx,0.0172870559560075,0.020402590369187637
22,14.10.2025,14,2025,True,har_ovx,0.0170144918109049,0.019438148725591926
22,15.10.2025,14,2025,True,har_ovx,0.0174893097024747,0.020201584236143703
22,16.10.2025,14,2025,True,har_ovx,0.0171780930332149,0.019475337383473047
22,17.10.2025,14,2025,True,har_ovx,0.0172698394086409,0.02016466075368077
22,20.10.2025,14,2025,True,har_ovx,0.017967012527667,0.01936963983806353
22,21.10.2025,14,2025,True,har_ovx,0.0179699176640238,0.019032477621778936
22,22.10.2025,14,2025,True,har_ovx,0.0177015522342478,0.01865593188171002
22,23.10.2025,14,2025,True,har_ovx,0.0135804169169137,0.019833605064969034
22,24.10.2025,14,2025,True,har_ovx,0.0138271923588082,0.021949705228272828
22,27.10.2025,14,2025,True,har_ovx,0.0140788462717698,0.020892855277854547
22,28.10.2025,14,2025,True,har_ovx,0.0135637191075411,0.020917598795510646
22,29.10.2025,14,2025,True,har_ovx,0.0134184560797473,0.020572131416244258
22,30.10.2025,14,2025,True,har_ovx,0.0135790127242714,0.02037670918287286
22,31.10.2025,14,2025,True,har_ovx,0.0136137129885091,0.01847963073806422
22,03.11.2025,14,2025,True,har_ovx,0.0138132173702047,0.019044848390910814
22,04.11.2025,14,2025,True,har_ovx,0.0138738622451846,0.018293728704145064
22,05.11.2025,14,2025,True,har_ovx,0.0141875409720882,0.018091471319015118
22,06.11.2025,14,2025,True,har_ovx,0.0142902520809811,0.017968730779406562
22,07.11.2025,14,2025,True,har_ovx,0.0142973750622775,0.017847662528479753
22,10.11.2025,14,2025,True,har_ovx,0.0144879339877172,0.01750230780391062
22,11.11.2025,14,2025,True,har_ovx,0.0138497307026739,0.017134488775656743
22,12.11.2025,14,2025,True,har_ovx,0.011495213586569,0.01732534056310211
22,13.11.2025,14,2025,True,har_ovx,0.0126424737200591,0.018579826145614483
22,14.11.2025,14,2025,True,har_ovx,0.011939971623308,0.018168320991164225
22,17.11.2025,14,2025,True,har_ovx,0.0120037493187314,0.018660245562497166
22,18.11.2025,14,2025,True,har_ovx,0.0120102255813356,0.018229246205724796
22,19.11.2025,14,2025,True,har_ovx,0.0128199824229697,0.01861494981023279
22,20.11.2025,14,2025,True,har_ovx,0.0128811872804225,0.018696298979718327
22,21.11.2025,14,2025,True,har_ovx,0.0125928836239152,0.01895533023657348
22,24.11.2025,14,2025,True,har_ovx,0.0133737493857257,0.018697671117696008
22,25.11.2025,14,2025,True,har_ovx,0.0139567176190463,0.018999177987507068
22,26.11.2025,14,2025,True,har_ovx,0.0137494238036194,0.019400274741959146
22,28.11.2025,14,2025,True,har_ovx,0.0141830956777283,0.018621677822466154
22,01.12.2025,14,2025,True,har_ovx,0.0141803883791825,0.018650687673552713
22,02.12.2025,14,2025,True,har_ovx,0.0145192374268626,0.018494670621012843
22,03.12.2025,14,2025,True,har_ovx,0.0149181266172261,0.018585951750305467
22,04.12.2025,14,2025,True,har_ovx,0.0148838545296852,0.017584640383957812
22,05.12.2025,14,2025,True,har_ovx,0.0166132558463506,0.0174360013963756
22,08.12.2025,14,2025,True,har_ovx,0.0167459594099644,0.016988842518001476
22,09.12.2025,14,2025,True,har_ovx,0.0166844004107953,0.01775190127147945
22,10.12.2025,14,2025,True,har_ovx,0.0174072083478635,0.016791751232202584
22,11.12.2025,14,2025,True,har_ovx,0.017185379634549,0.016689147632655364
22,12.12.2025,14,2025,True,har_ovx,0.0197794327813399,0.016934106337384593
22,15.12.2025,14,2025,True,har_ovx,0.0196355604870466,0.015961001873064543
22,16.12.2025,14,2025,True,har_ovx,0.0185350348546149,0.01690183642290757
22,17.12.2025,14,2025,True,har_ovx,0.0184406626240698,0.018715240842039182
22,18.12.2025,14,2025,True,har_ovx,0.019044292385752,0.018957012948737344
22,19.12.2025,14,2025,True,har_ovx,0.0197168425904423,0.017603751696026588
22,22.12.2025,14,2025,True,har_ovx,0.0191444643920113,0.017796074743925902
22,23.12.2025,14,2025,True,har_ovx,0.0200052405480365,0.01798298259352766
22,24.12.2025,14,2025,True,har_ovx,0.0200402978104217,0.0172529913579778
22,26.12.2025,14,2025,True,har_ovx,0.0197493890522123,0.01677402861616444
22,29.12.2025,14,2025,True,har_ovx,0.0195425814098105,0.0176585190777939
22,30.12.2025,14,2025,True,har_ovx,0.0246035384352324,0.017775366959499585
22,31.12.2025,14,2025,True,har_ovx,0.0242925421278922,0.016890374981359063
22,02.01.2025,14,2025,True,har_gpr,0.0156977566319516,0.013975265131968123
22,03.01.2025,14,2025,True,har_gpr,0.0155990677135808,0.013103239640491354
22,06.01.2025,14,2025,True,har_gpr,0.0156525169258765,0.011964644242253545
22,07.01.2025,14,2025,True,har_gpr,0.0159141238458982,0.01254378903143234
22,08.01.2025,14,2025,True,har_gpr,0.0160466427895536,0.012439040628097385
22,10.01.2025,14,2025,True,har_gpr,0.0132610260249441,0.013132616633726507
22,13.01.2025,14,2025,True,har_gpr,0.01262350100461,0.017814919664308
22,14.01.2025,14,2025,True,har_gpr,0.0124230945566499,0.017848817534182732
22,15.01.2025,14,2025,True,har_gpr,0.0113382955275358,0.018325645911933475
22,16.01.2025,14,2025,True,har_gpr,0.0113425375296744,0.01926184239466362
22,17.01.2025,14,2025,True,har_gpr,0.0114703067476877,0.01860493620818606
22,21.01.2025,14,2025,True,har_gpr,0.01215901807041,0.017494205982304868
22,22.01.2025,14,2025,True,har_gpr,0.0122632474462226,0.017829410107812076
22,23.01.2025,14,2025,True,har_gpr,0.0130203752844338,0.017136893034386712
22,24.01.2025,14,2025,True,har_gpr,0.0129736743306993,0.01611679161537466
22,27.01.2025,14,2025,True,har_gpr,0.0135167847990555,0.016092475500096057
22,28.01.2025,14,2025,True,har_gpr,0.0135749558622095,0.017437054443250118
22,29.01.2025,14,2025,True,har_gpr,0.0140402090230932,0.016955320020008886
22,30.01.2025,14,2025,True,har_gpr,0.0139941348886892,0.017329029584451996
22,31.01.2025,14,2025,True,har_gpr,0.014692227089,0.01712745081191198
22,03.02.2025,14,2025,True,har_gpr,0.0147034639731345,0.016990781784157145
22,04.02.2025,14,2025,True,har_gpr,0.0150721472945956,0.01665954314917982
22,05.02.2025,14,2025,True,har_gpr,0.0148074570134684,0.016290009967542745
22,06.02.2025,14,2025,True,har_gpr,0.0148888799641424,0.017664924849431964
22,07.02.2025,14,2025,True,har_gpr,0.015584918318364,0.0168174043903108
22,10.02.2025,14,2025,True,har_gpr,0.0152499419537417,0.016943128397571863
22,11.02.2025,14,2025,True,har_gpr,0.0150039523156336,0.016082293543713384
22,12.02.2025,14,2025,True,har_gpr,0.0144815513482294,0.016200997454979216
22,13.02.2025,14,2025,True,har_gpr,0.0145147905609126,0.017010994772598133
22,14.02.2025,14,2025,True,har_gpr,0.0145667881540235,0.015221310171141417
22,18.02.2025,14,2025,True,har_gpr,0.0147141013804463,0.01526074899722104
22,19.02.2025,14,2025,True,har_gpr,0.0147076728992956,0.016484741511267716
22,20.02.2025,14,2025,True,har_gpr,0.0149114628498595,0.015536597211277186
22,21.02.2025,14,2025,True,har_gpr,0.0138240523660954,0.014908097943336907
22,24.02.2025,14,2025,True,har_gpr,0.0139894104814634,0.017352757981908235
22,25.02.2025,14,2025,True,har_gpr,0.0130065189996406,0.01540750281712439
22,26.02.2025,14,2025,True,har_gpr,0.012974073690083,0.016375186588269874
22,27.02.2025,14,2025,True,har_gpr,0.0126122460953874,0.01558465916120571
22,28.02.2025,14,2025,True,har_gpr,0.0123536867686423,0.01706745195426507
22,03.03.2025,14,2025,True,har_gpr,0.0113366376450015,0.01642990067163472
22,04.03.2025,14,2025,True,har_gpr,0.0184115367375688,0.01777285887643446
22,05.03.2025,14,2025,True,har_gpr,0.0227738388962475,0.017008368043199707
22,06.03.2025,14,2025,True,har_gpr,0.0230832933546547,0.018226297977513566
22,07.03.2025,14,2025,True,har_gpr,0.0230935757693971,0.016332403343784944
22,10.03.2025,14,2025,True,har_gpr,0.0249948042822971,0.01754923729708217
22,11.03.2025,14,2025,True,har_gpr,0.0257851335566643,0.018195816793572323
22,12.03.2025,14,2025,True,har_gpr,0.0259035251232811,0.017564208810954572
22,13.03.2025,14,2025,True,har_gpr,0.0258121584531549,0.018067399442288964
22,14.03.2025,14,2025,True,har_gpr,0.0256400883699332,0.0179961897383186
22,17.03.2025,14,2025,True,har_gpr,0.0259742326894781,0.017906076888423182
22,18.03.2025,14,2025,True,har_gpr,0.027001962744571,0.01733730772037728
22,19.03.2025,14,2025,True,har_gpr,0.0274377379605618,0.01722532376946503
22,20.03.2025,14,2025,True,har_gpr,0.0274575960621982,0.016658528842528175
22,21.03.2025,14,2025,True,har_gpr,0.0276589504857625,0.017280931959486507
22,24.03.2025,14,2025,True,har_gpr,0.0275437356670162,0.01617601859470289
22,25.03.2025,14,2025,True,har_gpr,0.0275955886601122,0.015583132257961933
22,26.03.2025,14,2025,True,har_gpr,0.0274969749720216,0.014395826451461813
22,27.03.2025,14,2025,True,har_gpr,0.0277357952683522,0.014790534899251417
22,28.03.2025,14,2025,True,har_gpr,0.0278384646779957,0.013898690980958996
22,31.03.2025,14,2025,True,har_gpr,0.0274527517269663,0.014104001668262298
22,01.04.2025,14,2025,True,har_gpr,0.0274500602402056,0.015987055242213364
22,02.04.2025,14,2025,True,har_gpr,0.027295784897381,0.0143388685410087
22,03.04.2025,14,2025,True,har_gpr,0.0255788338942733,0.013401846719318693
22,04.04.2025,14,2025,True,har_gpr,0.0217558101431608,0.022932422362452735
22,07.04.2025,14,2025,True,har_gpr,0.0223270732195337,0.026573160845025194
22,08.04.2025,14,2025,True,har_gpr,0.0221276072236165,0.024043214978398605
22,09.04.2025,14,2025,True,har_gpr,0.0205153797061265,0.02386997220231225
22,10.04.2025,14,2025,True,har_gpr,0.0198252023289617,0.026922615148292667
22,11.04.2025,14,2025,True,har_gpr,0.0194200970342849,0.02637711584151839
22,14.04.2025,14,2025,True,har_gpr,0.0201241023435439,0.02540459373093392
22,15.04.2025,14,2025,True,har_gpr,0.0203223680331214,0.025233004317264787
22,16.04.2025,14,2025,True,har_gpr,0.0199461493151308,0.02496429074570916
22,17.04.2025,14,2025,True,har_gpr,0.0186432191200215,0.024975974081096794
22,21.04.2025,14,2025,True,har_gpr,0.017939164078167,0.02492947675037411
22,22.04.2025,14,2025,True,har_gpr,0.0174907453210756,0.025537589019017603
22,23.04.2025,14,2025,True,har_gpr,0.0170942330554088,0.025444129048495714
22,24.04.2025,14,2025,True,har_gpr,0.0171321094110816,0.025989315295838773
22,25.04.2025,14,2025,True,har_gpr,0.0173510816485363,0.025329684139684894
22,28.04.2025,14,2025,True,har_gpr,0.0172308283554704,0.024570975121431655
22,29.04.2025,14,2025,True,har_gpr,0.0164283984720986,0.02513691740035315
22,30.04.2025,14,2025,True,har_gpr,0.0161213713172419,0.02525847708352642
22,01.05.2025,14,2025,True,har_gpr,0.015935273165259,0.024999784394578835
22,02.05.2025,14,2025,True,har_gpr,0.0158526096041587,0.02356700883967398
22,05.05.2025,14,2025,True,har_gpr,0.0152310250758552,0.021010890012970053
22,06.05.2025,14,2025,True,har_gpr,0.0142713637966148,0.020370413556043746
22,07.05.2025,14,2025,True,har_gpr,0.0136058437680181,0.02347491218527182
22,08.05.2025,14,2025,True,har_gpr,0.012605013643343,0.022816160445562297
22,09.05.2025,14,2025,True,har_gpr,0.0149278334939471,0.023054216434147557
22,12.05.2025,14,2025,True,har_gpr,0.0148057479876138,0.022027464667769354
22,13.05.2025,14,2025,True,har_gpr,0.0197950849911953,0.0204876281994928
22,14.05.2025,14,2025,True,har_gpr,0.0199981359316265,0.02108719944607636
22,15.05.2025,14,2025,True,har_gpr,0.0205309451937766,0.020065774603937762
22,16.05.2025,14,2025,True,har_gpr,0.0205086707532782,0.021565438578581567
22,19.05.2025,14,2025,True,har_gpr,0.0204883321081157,0.02056639286654852
22,20.05.2025,14,2025,True,har_gpr,0.0268883715893347,0.019330230112032026
22,21.05.2025,14,2025,True,har_gpr,0.030365964050637,0.018455482028652798
22,22.05.2025,14,2025,True,har_gpr,0.0303297459714897,0.018392888518699545
22,23.05.2025,14,2025,True,har_gpr,0.030323541947114,0.01776179603065374
22,27.05.2025,14,2025,True,har_gpr,0.0301930217943651,0.01732197539402331
22,28.05.2025,14,2025,True,har_gpr,0.0301247086770491,0.01781718270821885
22,29.05.2025,14,2025,True,har_gpr,0.0300483953646778,0.01801191431720996
22,30.05.2025,14,2025,True,har_gpr,0.0305671852243247,0.017926462772258556
22,02.06.2025,14,2025,True,har_gpr,0.0305615182162589,0.017401330088142163
22,03.06.2025,14,2025,True,har_gpr,0.0304942703448468,0.01774135384184876
22,04.06.2025,14,2025,True,har_gpr,0.0303401596213933,0.017647850926645545
22,05.06.2025,14,2025,True,har_gpr,0.0303341537609103,0.017131761659972725
22,06.06.2025,14,2025,True,har_gpr,0.030639342138854,0.01644998587223439
22,09.06.2025,14,2025,True,har_gpr,0.0310103628382492,0.016445007025145272
22,10.06.2025,14,2025,True,har_gpr,0.0312532268283665,0.016332559295462897
22,11.06.2025,14,2025,True,har_gpr,0.0299248514180919,0.015874887147146285
22,12.06.2025,14,2025,True,har_gpr,0.0299064161357196,0.019125227538992498
22,13.06.2025,14,2025,True,har_gpr,0.0260026460291435,0.018037741095729587
22,16.06.2025,14,2025,True,har_gpr,0.0258958233859133,0.025012022837908356
22,17.06.2025,14,2025,True,har_gpr,0.023826339139244,0.02454981788949769
22,18.06.2025,14,2025,True,har_gpr,0.0237788874815522,0.026381227927309688
22,20.06.2025,14,2025,True,har_gpr,0.0237097245432806,0.024886772652766904
22,23.06.2025,14,2025,True,har_gpr,0.0181529859131329,0.024591852856467013
22,24.06.2025,14,2025,True,har_gpr,0.012236208158877,0.03143448838488826
22,25.06.2025,14,2025,True,har_gpr,0.0130518963146919,0.0337803530507171
22,26.06.2025,14,2025,True,har_gpr,0.0148324511822362,0.03065228086151906
22,27.06.2025,14,2025,True,har_gpr,0.014892547305315,0.030296160869491304
22,30.06.2025,14,2025,True,har_gpr,0.0151129769953646,0.030136524420799657
22,01.07.2025,14,2025,True,har_gpr,0.0176208963586631,0.02741776901676187
22,02.07.2025,14,2025,True,har_gpr,0.016752289985975,0.025026225420325905
22,03.07.2025,14,2025,True,har_gpr,0.017086539413973,0.027132615788174753
22,07.07.2025,14,2025,True,har_gpr,0.0170023276045598,0.026223907847971455
22,08.07.2025,14,2025,True,har_gpr,0.0168853731410392,0.026031362213228458
22,09.07.2025,14,2025,True,har_gpr,0.0169056671535723,0.02577186487514032
22,10.07.2025,14,2025,True,har_gpr,0.0163144737350351,0.025279605211812585
22,11.07.2025,14,2025,True,har_gpr,0.0152759691006436,0.026338591895275765
22,14.07.2025,14,2025,True,har_gpr,0.0150104465422522,0.026433079482446192
22,15.07.2025,14,2025,True,har_gpr,0.0155936142049484,0.026391668351039715
22,16.07.2025,14,2025,True,har_gpr,0.0158627791639784,0.023761233361794958
22,17.07.2025,14,2025,True,har_gpr,0.0157217324602898,0.023531164204912296
22,18.07.2025,14,2025,True,har_gpr,0.0158724993589012,0.022814995027401856
22,21.07.2025,14,2025,True,har_gpr,0.0163395554871721,0.02171370371578223
22,22.07.2025,14,2025,True,har_gpr,0.0165109354568515,0.021420446615087456
22,23.07.2025,14,2025,True,har_gpr,0.0165134629449615,0.01871495731354609
22,24.07.2025,14,2025,True,har_gpr,0.0167362483435218,0.015128862265078223
22,25.07.2025,14,2025,True,har_gpr,0.0173107869081745,0.015234250506272418
22,28.07.2025,14,2025,True,har_gpr,0.0167423677516609,0.01557278868101393
22,29.07.2025,14,2025,True,har_gpr,0.014887524802962,0.01674522727945924
22,30.07.2025,14,2025,True,har_gpr,0.0146499148884843,0.018579694374305167
22,31.07.2025,14,2025,True,har_gpr,0.0150674678607944,0.017456593432485106
22,01.08.2025,14,2025,True,har_gpr,0.0133082530255332,0.017361099631893046
22,04.08.2025,14,2025,True,har_gpr,0.0131638903572966,0.022097349421896444
22,05.08.2025,14,2025,True,har_gpr,0.013556266154795,0.02007191584949967
22,06.08.2025,14,2025,True,har_gpr,0.0135165071704652,0.019091900591411744
22,07.08.2025,14,2025,True,har_gpr,0.0135013297154084,0.018308332642213255
22,08.08.2025,14,2025,True,har_gpr,0.013945615206465,0.017919809983637004
22,11.08.2025,14,2025,True,har_gpr,0.0144275775053584,0.01647797957983138
22,12.08.2025,14,2025,True,har_gpr,0.014461114581955,0.01658522587463465
22,13.08.2025,14,2025,True,har_gpr,0.0144010877913743,0.01658939000232062
22,14.08.2025,14,2025,True,har_gpr,0.0142402352727315,0.0164970114044021
22,15.08.2025,14,2025,True,har_gpr,0.0139309665419624,0.017694751412901992
22,18.08.2025,14,2025,True,har_gpr,0.0138729979067331,0.01796515833488297
22,19.08.2025,14,2025,True,har_gpr,0.0138345699754992,0.018231667633484633
22,20.08.2025,14,2025,True,har_gpr,0.0134142454098782,0.018399277690231135
22,21.08.2025,14,2025,True,har_gpr,0.0135870523296515,0.0189035388414643
22,22.08.2025,14,2025,True,har_gpr,0.0145633552059597,0.01868349025493774
22,25.08.2025,14,2025,True,har_gpr,0.0141946573403635,0.017788840765480724
22,26.08.2025,14,2025,True,har_gpr,0.0133042202300913,0.01761264354682417
22,27.08.2025,14,2025,True,har_gpr,0.0148431843384656,0.017635132301136513
22,28.08.2025,14,2025,True,har_gpr,0.0150079725196143,0.017230261614533372
22,29.08.2025,14,2025,True,har_gpr,0.0158268055367313,0.01711298712391669
22,02.09.2025,14,2025,True,har_gpr,0.0157742205673102,0.015778840999892796
22,03.09.2025,14,2025,True,har_gpr,0.0153090825838569,0.01635837965588292
22,04.09.2025,14,2025,True,har_gpr,0.0156189008847231,0.016850360031006435
22,05.09.2025,14,2025,True,har_gpr,0.014866098841706,0.016209412786146547
22,08.09.2025,14,2025,True,har_gpr,0.0150008969828527,0.017190897308995118
22,09.09.2025,14,2025,True,har_gpr,0.0153157824139638,0.01703400151938299
22,10.09.2025,14,2025,True,har_gpr,0.0168218590100271,0.016674755873382154
22,11.09.2025,14,2025,True,har_gpr,0.0167511674490325,0.01733757298447585
22,12.09.2025,14,2025,True,har_gpr,0.0167554880870738,0.017735712553433994
22,15.09.2025,14,2025,True,har_gpr,0.0166301580730912,0.016728055201712562
22,16.09.2025,14,2025,True,har_gpr,0.0161916840306978,0.016155814047645944
22,17.09.2025,14,2025,True,har_gpr,0.0162923282631584,0.016664149768494955
22,18.09.2025,14,2025,True,har_gpr,0.0162799338059826,0.016256779073650068
22,19.09.2025,14,2025,True,har_gpr,0.0163301967730945,0.015771375174157144
22,22.09.2025,14,2025,True,har_gpr,0.0171327130408401,0.016003807749232185
22,23.09.2025,14,2025,True,har_gpr,0.0205380998849856,0.01609958918892263
22,24.09.2025,14,2025,True,har_gpr,0.0197255367315316,0.016649177467113904
22,25.09.2025,14,2025,True,har_gpr,0.0197134990463945,0.017566838613544505
22,26.09.2025,14,2025,True,har_gpr,0.0197887916737783,0.016471452469419137
22,29.09.2025,14,2025,True,har_gpr,0.018953490439878,0.016366925797027497
22,30.09.2025,14,2025,True,har_gpr,0.0187725315595579,0.019064770002878435
22,01.10.2025,14,2025,True,har_gpr,0.0180036030358468,0.018392228219793295
22,02.10.2025,14,2025,True,har_gpr,0.0175140699856177,0.01889652639589763
22,03.10.2025,14,2025,True,har_gpr,0.0175308466358036,0.018695631325080203
22,06.10.2025,14,2025,True,har_gpr,0.0174712083728553,0.017734687378360356
22,07.10.2025,14,2025,True,har_gpr,0.0174703711356084,0.017479375969451108
22,08.10.2025,14,2025,True,har_gpr,0.0172520960419418,0.01690727249100273
22,09.10.2025,14,2025,True,har_gpr,0.0170566750685261,0.016811077641397703
22,10.10.2025,14,2025,True,har_gpr,0.0151706590620862,0.016740835123984794
22,13.10.2025,14,2025,True,har_gpr,0.0172870559560075,0.019813070399974986
22,14.10.2025,14,2025,True,har_gpr,0.0170144918109049,0.018658464395811737
22,15.10.2025,14,2025,True,har_gpr,0.0174893097024747,0.01968599559845418
22,16.10.2025,14,2025,True,har_gpr,0.0171780930332149,0.018997351303697424
22,17.10.2025,14,2025,True,har_gpr,0.0172698394086409,0.0192723124554978
22,20.10.2025,14,2025,True,har_gpr,0.017967012527667,0.018128781282096745
22,21.10.2025,14,2025,True,har_gpr,0.0179699176640238,0.01697245169256077
22,22.10.2025,14,2025,True,har_gpr,0.0177015522342478,0.01677793829066952
22,23.10.2025,14,2025,True,har_gpr,0.0135804169169137,0.017737102582536506
22,24.10.2025,14,2025,True,har_gpr,0.0138271923588082,0.022438256770974295
22,27.10.2025,14,2025,True,har_gpr,0.0140788462717698,0.02052204785933315
22,28.10.2025,14,2025,True,har_gpr,0.0135637191075411,0.02063217579586587
22,29.10.2025,14,2025,True,har_gpr,0.0134184560797473,0.02176460782103364
22,30.10.2025,14,2025,True,har_gpr,0.0135790127242714,0.020954286712207938
22,31.10.2025,14,2025,True,har_gpr,0.0136137129885091,0.01834396847897275
22,03.11.2025,14,2025,True,har_gpr,0.0138132173702047,0.018329168216984593
22,04.11.2025,14,2025,True,har_gpr,0.0138738622451846,0.01670414024047427
22,05.11.2025,14,2025,True,har_gpr,0.0141875409720882,0.01634348882542927
22,06.11.2025,14,2025,True,har_gpr,0.0142902520809811,0.016717923225526045
22,07.11.2025,14,2025,True,har_gpr,0.0142973750622775,0.01606242581386652
22,10.11.2025,14,2025,True,har_gpr,0.0144879339877172,0.015044470550611928
22,11.11.2025,14,2025,True,har_gpr,0.0138497307026739,0.015320335550560157
22,12.11.2025,14,2025,True,har_gpr,0.011495213586569,0.016056083866089206
22,13.11.2025,14,2025,True,har_gpr,0.0126424737200591,0.02047011205443202
22,14.11.2025,14,2025,True,har_gpr,0.011939971623308,0.01912605517923467
22,17.11.2025,14,2025,True,har_gpr,0.0120037493187314,0.020316792404186938
22,18.11.2025,14,2025,True,har_gpr,0.0120102255813356,0.019598470141660197
22,19.11.2025,14,2025,True,har_gpr,0.0128199824229697,0.019806268582956442
22,20.11.2025,14,2025,True,har_gpr,0.0128811872804225,0.019533370143864425
22,21.11.2025,14,2025,True,har_gpr,0.0125928836239152,0.016440055365648125
22,24.11.2025,14,2025,True,har_gpr,0.0133737493857257,0.01645665577246879
22,25.11.2025,14,2025,True,har_gpr,0.0139567176190463,0.016983881126925258
22,26.11.2025,14,2025,True,har_gpr,0.0137494238036194,0.01672143692179833
22,28.11.2025,14,2025,True,har_gpr,0.0141830956777283,0.01654247912841157
22,01.12.2025,14,2025,True,har_gpr,0.0141803883791825,0.016964577703966033
22,02.12.2025,14,2025,True,har_gpr,0.0145192374268626,0.01577516372260369
22,03.12.2025,14,2025,True,har_gpr,0.0149181266172261,0.016177122150128283
22,04.12.2025,14,2025,True,har_gpr,0.0148838545296852,0.01563903226889515
22,05.12.2025,14,2025,True,har_gpr,0.0166132558463506,0.015739133194825845
22,08.12.2025,14,2025,True,har_gpr,0.0167459594099644,0.015813929889232387
22,09.12.2025,14,2025,True,har_gpr,0.0166844004107953,0.017153295177822925
22,10.12.2025,14,2025,True,har_gpr,0.0174072083478635,0.01686734341262857
22,11.12.2025,14,2025,True,har_gpr,0.017185379634549,0.016420512036083072
22,12.12.2025,14,2025,True,har_gpr,0.0197794327813399,0.015560793222972357
22,15.12.2025,14,2025,True,har_gpr,0.0196355604870466,0.014782768403699853
22,16.12.2025,14,2025,True,har_gpr,0.0185350348546149,0.013716930915559433
22,17.12.2025,14,2025,True,har_gpr,0.0184406626240698,0.015624299804404846
22,18.12.2025,14,2025,True,har_gpr,0.019044292385752,0.015505126399022306
22,19.12.2025,14,2025,True,har_gpr,0.0197168425904423,0.014808823497775316
22,22.12.2025,14,2025,True,har_gpr,0.0191444643920113,0.015518401998460628
22,23.12.2025,14,2025,True,har_gpr,0.0200052405480365,0.016788970490417523
22,24.12.2025,14,2025,True,har_gpr,0.0200402978104217,0.014565105273015046
22,26.12.2025,14,2025,True,har_gpr,0.0197493890522123,0.014481394923873472
22,29.12.2025,14,2025,True,har_gpr,0.0195425814098105,0.016842920420583656
22,30.12.2025,14,2025,True,har_gpr,0.0246035384352324,0.017777129973357834
22,31.12.2025,14,2025,True,har_gpr,0.0242925421278922,0.016564685856834706
22,02.01.2025,14,2025,True,har_x,0.0156977566319516,0.015825375245628555
22,03.01.2025,14,2025,True,har_x,0.0155990677135808,0.01541956724889433
22,06.01.2025,14,2025,True,har_x,0.0156525169258765,0.015313946994124299
22,07.01.2025,14,2025,True,har_x,0.0159141238458982,0.014906993733013903
22,08.01.2025,14,2025,True,har_x,0.0160466427895536,0.015578281183863672
22,10.01.2025,14,2025,True,har_x,0.0132610260249441,0.01598566320225434
22,13.01.2025,14,2025,True,har_x,0.01262350100461,0.018057614740558215
22,14.01.2025,14,2025,True,har_x,0.0124230945566499,0.018795952468087004
22,15.01.2025,14,2025,True,har_x,0.0113382955275358,0.018756055223466413
22,16.01.2025,14,2025,True,har_x,0.0113425375296744,0.018738343641627155
22,17.01.2025,14,2025,True,har_x,0.0114703067476877,0.01867604446772181
22,21.01.2025,14,2025,True,har_x,0.01215901807041,0.018435776034513098
22,22.01.2025,14,2025,True,har_x,0.0122632474462226,0.018426216293508647
22,23.01.2025,14,2025,True,har_x,0.0130203752844338,0.0181117724116935
22,24.01.2025,14,2025,True,har_x,0.0129736743306993,0.01745999068396237
22,27.01.2025,14,2025,True,har_x,0.0135167847990555,0.01587252584326628
22,28.01.2025,14,2025,True,har_x,0.0135749558622095,0.019636123456315845
22,29.01.2025,14,2025,True,har_x,0.0140402090230932,0.017980655209331054
22,30.01.2025,14,2025,True,har_x,0.0139941348886892,0.018480226838706454
22,31.01.2025,14,2025,True,har_x,0.014692227089,0.017692379302536268
22,03.02.2025,14,2025,True,har_x,0.0147034639731345,0.017231441700816696
22,04.02.2025,14,2025,True,har_x,0.0150721472945956,0.018662257687142105
22,05.02.2025,14,2025,True,har_x,0.0148074570134684,0.017925735325733192
22,06.02.2025,14,2025,True,har_x,0.0148888799641424,0.018509656581123947
22,07.02.2025,14,2025,True,har_x,0.015584918318364,0.019096669366436576
22,10.02.2025,14,2025,True,har_x,0.0152499419537417,0.016588240762111066
22,11.02.2025,14,2025,True,har_x,0.0150039523156336,0.017400247806787263
22,12.02.2025,14,2025,True,har_x,0.0144815513482294,0.01655477945351595
22,13.02.2025,14,2025,True,har_x,0.0145147905609126,0.017526074032181132
22,14.02.2025,14,2025,True,har_x,0.0145667881540235,0.017051386746257155
22,18.02.2025,14,2025,True,har_x,0.0147141013804463,0.015890037523790153
22,19.02.2025,14,2025,True,har_x,0.0147076728992956,0.016590205260679305
22,20.02.2025,14,2025,True,har_x,0.0149114628498595,0.01670567923476561
22,21.02.2025,14,2025,True,har_x,0.0138240523660954,0.016794221477284238
22,24.02.2025,14,2025,True,har_x,0.0139894104814634,0.01998771593897892
22,25.02.2025,14,2025,True,har_x,0.0130065189996406,0.016783056892885444
22,26.02.2025,14,2025,True,har_x,0.012974073690083,0.0175533026267467
22,27.02.2025,14,2025,True,har_x,0.0126122460953874,0.01760827949369959
22,28.02.2025,14,2025,True,har_x,0.0123536867686423,0.017360811675867605
22,03.03.2025,14,2025,True,har_x,0.0113366376450015,0.01648630143441169
22,04.03.2025,14,2025,True,har_x,0.0184115367375688,0.020454639178426704
22,05.03.2025,14,2025,True,har_x,0.0227738388962475,0.01986976176291147
22,06.03.2025,14,2025,True,har_x,0.0230832933546547,0.019193768625545247
22,07.03.2025,14,2025,True,har_x,0.0230935757693971,0.019478724596664315
22,10.03.2025,14,2025,True,har_x,0.0249948042822971,0.016957503582557924
22,11.03.2025,14,2025,True,har_x,0.0257851335566643,0.01987726441190725
22,12.03.2025,14,2025,True,har_x,0.0259035251232811,0.018608516428529148
22,13.03.2025,14,2025,True,har_x,0.0258121584531549,0.018367851935423767
22,14.03.2025,14,2025,True,har_x,0.0256400883699332,0.019084171721380935
22,17.03.2025,14,2025,True,har_x,0.0259742326894781,0.0193358486857633
22,18.03.2025,14,2025,True,har_x,0.027001962744571,0.01752813010502821
22,19.03.2025,14,2025,True,har_x,0.0274377379605618,0.01956303001004731
22,20.03.2025,14,2025,True,har_x,0.0274575960621982,0.018497043748525448
22,21.03.2025,14,2025,True,har_x,0.0276589504857625,0.016968707141530866
22,24.03.2025,14,2025,True,har_x,0.0275437356670162,0.01624884066733896
22,25.03.2025,14,2025,True,har_x,0.0275955886601122,0.015933629249142132
22,26.03.2025,14,2025,True,har_x,0.0274969749720216,0.015108925012897947
22,27.03.2025,14,2025,True,har_x,0.0277357952683522,0.015401738624388693
22,28.03.2025,14,2025,True,har_x,0.0278384646779957,0.015049898763225373
22,31.03.2025,14,2025,True,har_x,0.0274527517269663,0.015217617988113007
22,01.04.2025,14,2025,True,har_x,0.0274500602402056,0.01770142676450807
22,02.04.2025,14,2025,True,har_x,0.027295784897381,0.016021593207487233
22,03.04.2025,14,2025,True,har_x,0.0255788338942733,0.015595419607787864
22,04.04.2025,14,2025,True,har_x,0.0217558101431608,0.0201276411569164
22,07.04.2025,14,2025,True,har_x,0.0223270732195337,0.024631786144540594
22,08.04.2025,14,2025,True,har_x,0.0221276072236165,0.027229075913024616
22,09.04.2025,14,2025,True,har_x,0.0205153797061265,0.028084586690870578
22,10.04.2025,14,2025,True,har_x,0.0198252023289617,0.02416260791008562
22,11.04.2025,14,2025,True,har_x,0.0194200970342849,0.02630980140205062
22,14.04.2025,14,2025,True,har_x,0.0201241023435439,0.026693800498227747
22,15.04.2025,14,2025,True,har_x,0.0203223680331214,0.026113081178272875
22,16.04.2025,14,2025,True,har_x,0.0199461493151308,0.02388111276539917
22,17.04.2025,14,2025,True,har_x,0.0186432191200215,0.02422617776322608
22,21.04.2025,14,2025,True,har_x,0.017939164078167,0.023149616914286058
22,22.04.2025,14,2025,True,har_x,0.0174907453210756,0.023220506573650896
22,23.04.2025,14,2025,True,har_x,0.0170942330554088,0.023972248602412167
22,24.04.2025,14,2025,True,har_x,0.0171321094110816,0.02430838057161707
22,25.04.2025,14,2025,True,har_x,0.0173510816485363,0.024471635802941098
22,28.04.2025,14,2025,True,har_x,0.0172308283554704,0.0238614975120268
22,29.04.2025,14,2025,True,har_x,0.0164283984720986,0.02389518784830161
22,30.04.2025,14,2025,True,har_x,0.0161213713172419,0.025776701711222975
22,01.05.2025,14,2025,True,har_x,0.015935273165259,0.028071667310343468
22,02.05.2025,14,2025,True,har_x,0.0158526096041587,0.026206175005623392
22,05.05.2025,14,2025,True,har_x,0.0152310250758552,0.02502121996335145
22,06.05.2025,14,2025,True,har_x,0.0142713637966148,0.023170704210204025
22,07.05.2025,14,2025,True,har_x,0.0136058437680181,0.02400014834395701
22,08.05.2025,14,2025,True,har_x,0.012605013643343,0.024072344538850664
22,09.05.2025,14,2025,True,har_x,0.0149278334939471,0.023404920836533637
22,12.05.2025,14,2025,True,har_x,0.0148057479876138,0.02287604179836441
22,13.05.2025,14,2025,True,har_x,0.0197950849911953,0.021059491933082
22,14.05.2025,14,2025,True,har_x,0.0199981359316265,0.02084207725989592
22,15.05.2025,14,2025,True,har_x,0.0205309451937766,0.020564296983591548
22,16.05.2025,14,2025,True,har_x,0.0205086707532782,0.021266248356189368
22,19.05.2025,14,2025,True,har_x,0.0204883321081157,0.021249587950777
22,20.05.2025,14,2025,True,har_x,0.0268883715893347,0.021070093693361033
22,21.05.2025,14,2025,True,har_x,0.030365964050637,0.019462991767767106
22,22.05.2025,14,2025,True,har_x,0.0303297459714897,0.021198561896080374
22,23.05.2025,14,2025,True,har_x,0.030323541947114,0.02186012448567915
22,27.05.2025,14,2025,True,har_x,0.0301930217943651,0.022360663042905713
22,28.05.2025,14,2025,True,har_x,0.0301247086770491,0.021995558338381686
22,29.05.2025,14,2025,True,har_x,0.0300483953646778,0.02152903054022466
22,30.05.2025,14,2025,True,har_x,0.0305671852243247,0.021468848707401803
22,02.06.2025,14,2025,True,har_x,0.0305615182162589,0.0215356984160128
22,03.06.2025,14,2025,True,har_x,0.0304942703448468,0.021141886694771895
22,04.06.2025,14,2025,True,har_x,0.0303401596213933,0.02075629738834352
22,05.06.2025,14,2025,True,har_x,0.0303341537609103,0.020658917352246273
22,06.06.2025,14,2025,True,har_x,0.030639342138854,0.01939827419580297
22,09.06.2025,14,2025,True,har_x,0.0310103628382492,0.01972818624469149
22,10.06.2025,14,2025,True,har_x,0.0312532268283665,0.018785154005263427
22,11.06.2025,14,2025,True,har_x,0.0299248514180919,0.018933528113473735
22,12.06.2025,14,2025,True,har_x,0.0299064161357196,0.022884482222991373
22,13.06.2025,14,2025,True,har_x,0.0260026460291435,0.023556991544415776
22,16.06.2025,14,2025,True,har_x,0.0258958233859133,0.03032042300838383
22,17.06.2025,14,2025,True,har_x,0.023826339139244,0.03117868148264632
22,18.06.2025,14,2025,True,har_x,0.0237788874815522,0.03733459838873053
22,20.06.2025,14,2025,True,har_x,0.0237097245432806,0.035219599071749264
22,23.06.2025,14,2025,True,har_x,0.0181529859131329,0.03427553186951458
22,24.06.2025,14,2025,True,har_x,0.012236208158877,0.03298078651376233
22,25.06.2025,14,2025,True,har_x,0.0130518963146919,0.031710352686191566
22,26.06.2025,14,2025,True,har_x,0.0148324511822362,0.02854497896184089
22,27.06.2025,14,2025,True,har_x,0.014892547305315,0.02812057719366403
22,30.06.2025,14,2025,True,har_x,0.0151129769953646,0.02783079265402713
22,01.07.2025,14,2025,True,har_x,0.0176208963586631,0.022934162257118838
22,02.07.2025,14,2025,True,har_x,0.016752289985975,0.021975124262256035
22,03.07.2025,14,2025,True,har_x,0.017086539413973,0.023459560250423714
22,07.07.2025,14,2025,True,har_x,0.0170023276045598,0.022328040677920998
22,08.07.2025,14,2025,True,har_x,0.0168853731410392,0.02292957935031751
22,09.07.2025,14,2025,True,har_x,0.0169056671535723,0.020719076709408278
22,10.07.2025,14,2025,True,har_x,0.0163144737350351,0.019986213742581246
22,11.07.2025,14,2025,True,har_x,0.0152759691006436,0.019664365489200652
22,14.07.2025,14,2025,True,har_x,0.0150104465422522,0.02143384153043678
22,15.07.2025,14,2025,True,har_x,0.0155936142049484,0.02001994842681641
22,16.07.2025,14,2025,True,har_x,0.0158627791639784,0.019824726279153555
22,17.07.2025,14,2025,True,har_x,0.0157217324602898,0.019302383633226963
22,18.07.2025,14,2025,True,har_x,0.0158724993589012,0.019003611510387514
22,21.07.2025,14,2025,True,har_x,0.0163395554871721,0.01840210425816621
22,22.07.2025,14,2025,True,har_x,0.0165109354568515,0.018291771764667106
22,23.07.2025,14,2025,True,har_x,0.0165134629449615,0.01811619545746844
22,24.07.2025,14,2025,True,har_x,0.0167362483435218,0.01746771205401164
22,25.07.2025,14,2025,True,har_x,0.0173107869081745,0.01743495702043435
22,28.07.2025,14,2025,True,har_x,0.0167423677516609,0.017729633338199893
22,29.07.2025,14,2025,True,har_x,0.014887524802962,0.01878550343377669
22,30.07.2025,14,2025,True,har_x,0.0146499148884843,0.020274803388077474
22,31.07.2025,14,2025,True,har_x,0.0150674678607944,0.019916764454304903
22,01.08.2025,14,2025,True,har_x,0.0133082530255332,0.01959073065960153
22,04.08.2025,14,2025,True,har_x,0.0131638903572966,0.022525597705118958
22,05.08.2025,14,2025,True,har_x,0.013556266154795,0.021079155867359627
22,06.08.2025,14,2025,True,har_x,0.0135165071704652,0.019299899249891592
22,07.08.2025,14,2025,True,har_x,0.0135013297154084,0.019556378209269667
22,08.08.2025,14,2025,True,har_x,0.013945615206465,0.018847891972732768
22,11.08.2025,14,2025,True,har_x,0.0144275775053584,0.018062434630042253
22,12.08.2025,14,2025,True,har_x,0.014461114581955,0.017502890282836213
22,13.08.2025,14,2025,True,har_x,0.0144010877913743,0.017030179048926376
22,14.08.2025,14,2025,True,har_x,0.0142402352727315,0.018356343055537492
22,15.08.2025,14,2025,True,har_x,0.0139309665419624,0.019552191329873736
22,18.08.2025,14,2025,True,har_x,0.0138729979067331,0.02014469130442522
22,19.08.2025,14,2025,True,har_x,0.0138345699754992,0.01859029809748334
22,20.08.2025,14,2025,True,har_x,0.0134142454098782,0.01898602733629233
22,21.08.2025,14,2025,True,har_x,0.0135870523296515,0.018902914983281824
22,22.08.2025,14,2025,True,har_x,0.0145633552059597,0.018455838242763596
22,25.08.2025,14,2025,True,har_x,0.0141946573403635,0.01774258836981938
22,26.08.2025,14,2025,True,har_x,0.0133042202300913,0.017201627748495464
22,27.08.2025,14,2025,True,har_x,0.0148431843384656,0.018276413349285908
22,28.08.2025,14,2025,True,har_x,0.0150079725196143,0.017489718772212032
22,29.08.2025,14,2025,True,har_x,0.0158268055367313,0.01824989854332145
22,02.09.2025,14,2025,True,har_x,0.0157742205673102,0.01748098424718829
22,03.09.2025,14,2025,True,har_x,0.0153090825838569,0.018309883237630303
22,04.09.2025,14,2025,True,har_x,0.0156189008847231,0.018764306178715186
22,05.09.2025,14,2025,True,har_x,0.014866098841706,0.018545738545464117
22,08.09.2025,14,2025,True,har_x,0.0150008969828527,0.01808473156021323
22,09.09.2025,14,2025,True,har_x,0.0153157824139638,0.018759119337339227
22,10.09.2025,14,2025,True,har_x,0.0168218590100271,0.018012383471048395
22,11.09.2025,14,2025,True,har_x,0.0167511674490325,0.01812312711515357
22,12.09.2025,14,2025,True,har_x,0.0167554880870738,0.018470320416028235
22,15.09.2025,14,2025,True,har_x,0.0166301580730912,0.01732394073428566
22,16.09.2025,14,2025,True,har_x,0.0161916840306978,0.01666463011279365
22,17.09.2025,14,2025,True,har_x,0.0162923282631584,0.01763648159404175
22,18.09.2025,14,2025,True,har_x,0.0162799338059826,0.01672680375773472
22,19.09.2025,14,2025,True,har_x,0.0163301967730945,0.01688946493032605
22,22.09.2025,14,2025,True,har_x,0.0171327130408401,0.0164332865273619
22,23.09.2025,14,2025,True,har_x,0.0205380998849856,0.017054869716837
22,24.09.2025,14,2025,True,har_x,0.0197255367315316,0.017827927489751053
22,25.09.2025,14,2025,True,har_x,0.0197134990463945,0.018698413746400598
22,26.09.2025,14,2025,True,har_x,0.0197887916737783,0.019536319780459846
22,29.09.2025,14,2025,True,har_x,0.018953490439878,0.01904121021212346
22,30.09.2025,14,2025,True,har_x,0.0187725315595579,0.01948593003303382
22,01.10.2025,14,2025,True,har_x,0.0180036030358468,0.01937455036413697
22,02.10.2025,14,2025,True,har_x,0.0175140699856177,0.020259625825034086
22,03.10.2025,14,2025,True,har_x,0.0175308466358036,0.02066294370891411
22,06.10.2025,14,2025,True,har_x,0.0174712083728553,0.02000728321029689
22,07.10.2025,14,2025,True,har_x,0.0174703711356084,0.01802819200933036
22,08.10.2025,14,2025,True,har_x,0.0172520960419418,0.01767192713013107
22,09.10.2025,14,2025,True,har_x,0.0170566750685261,0.017460493317898576
22,10.10.2025,14,2025,True,har_x,0.0151706590620862,0.017783533726284703
22,13.10.2025,14,2025,True,har_x,0.0172870559560075,0.020653108288404977
22,14.10.2025,14,2025,True,har_x,0.0170144918109049,0.019702326182984717
22,15.10.2025,14,2025,True,har_x,0.0174893097024747,0.02130698825803662
22,16.10.2025,14,2025,True,har_x,0.0171780930332149,0.020593061327907863
22,17.10.2025,14,2025,True,har_x,0.0172698394086409,0.02128287901665907
22,20.10.2025,14,2025,True,har_x,0.017967012527667,0.02051191902940806
22,21.10.2025,14,2025,True,har_x,0.0179699176640238,0.019345428871294482
22,22.10.2025,14,2025,True,har_x,0.0177015522342478,0.0189662605395253
22,23.10.2025,14,2025,True,har_x,0.0135804169169137,0.02012610775571287
22,24.10.2025,14,2025,True,har_x,0.0138271923588082,0.02219252894321969
22,27.10.2025,14,2025,True,har_x,0.0140788462717698,0.021155009689868443
22,28.10.2025,14,2025,True,har_x,0.0135637191075411,0.021565572440633226
22,29.10.2025,14,2025,True,har_x,0.0134184560797473,0.02119506975920076
22,30.10.2025,14,2025,True,har_x,0.0135790127242714,0.02100775159069277
22,31.10.2025,14,2025,True,har_x,0.0136137129885091,0.01916600326885719
22,03.11.2025,14,2025,True,har_x,0.0138132173702047,0.019733993551449766
22,04.11.2025,14,2025,True,har_x,0.0138738622451846,0.01830545685458521
22,05.11.2025,14,2025,True,har_x,0.0141875409720882,0.018115613713817515
22,06.11.2025,14,2025,True,har_x,0.0142902520809811,0.017984965924837597
22,07.11.2025,14,2025,True,har_x,0.0142973750622775,0.017872155529309788
22,10.11.2025,14,2025,True,har_x,0.0144879339877172,0.0175257134915816
22,11.11.2025,14,2025,True,har_x,0.0138497307026739,0.017148509882160046
22,12.11.2025,14,2025,True,har_x,0.011495213586569,0.017324133797086576
22,13.11.2025,14,2025,True,har_x,0.0126424737200591,0.018497966144662554
22,14.11.2025,14,2025,True,har_x,0.011939971623308,0.01810130990233598
22,17.11.2025,14,2025,True,har_x,0.0120037493187314,0.01857759676167241
22,18.11.2025,14,2025,True,har_x,0.0120102255813356,0.018350993019826158
22,19.11.2025,14,2025,True,har_x,0.0128199824229697,0.01873799711453332
22,20.11.2025,14,2025,True,har_x,0.0128811872804225,0.01883710557073321
22,21.11.2025,14,2025,True,har_x,0.0125928836239152,0.01911672917309252
22,24.11.2025,14,2025,True,har_x,0.0133737493857257,0.018865842515430414
22,25.11.2025,14,2025,True,har_x,0.0139567176190463,0.0191588132257426
22,26.11.2025,14,2025,True,har_x,0.0137494238036194,0.019567154182219684
22,28.11.2025,14,2025,True,har_x,0.0141830956777283,0.018788673536231516
22,01.12.2025,14,2025,True,har_x,0.0141803883791825,0.019619147077768375
22,02.12.2025,14,2025,True,har_x,0.0145192374268626,0.018785922462737352
22,03.12.2025,14,2025,True,har_x,0.0149181266172261,0.018874145849386348
22,04.12.2025,14,2025,True,har_x,0.0148838545296852,0.017878754529064796
22,05.12.2025,14,2025,True,har_x,0.0166132558463506,0.017727610983411295
22,08.12.2025,14,2025,True,har_x,0.0167459594099644,0.01727623177102078
22,09.12.2025,14,2025,True,har_x,0.0166844004107953,0.01801955979580466
22,10.12.2025,14,2025,True,har_x,0.0174072083478635,0.016911832846655806
22,11.12.2025,14,2025,True,har_x,0.017185379634549,0.016811819923490994
22,12.12.2025,14,2025,True,har_x,0.0197794327813399,0.017059030593015796
22,15.12.2025,14,2025,True,har_x,0.0196355604870466,0.016095589390583177
22,16.12.2025,14,2025,True,har_x,0.0185350348546149,0.0173514190936316
22,17.12.2025,14,2025,True,har_x,0.0184406626240698,0.01914581514219069
22,18.12.2025,14,2025,True,har_x,0.019044292385752,0.019386405914062824
22,19.12.2025,14,2025,True,har_x,0.0197168425904423,0.01803225232904769
22,22.12.2025,14,2025,True,har_x,0.0191444643920113,0.018214745908025482
22,23.12.2025,14,2025,True,har_x,0.0200052405480365,0.01753077645464054
22,24.12.2025,14,2025,True,har_x,0.0200402978104217,0.016846354446873508
22,26.12.2025,14,2025,True,har_x,0.0197493890522123,0.016360870646994374
22,29.12.2025,14,2025,True,har_x,0.0195425814098105,0.017206926872189384
22,30.12.2025,14,2025,True,har_x,0.0246035384352324,0.017366509600893847
22,31.12.2025,14,2025,True,har_x,0.0242925421278922,0.0165007934933252
66,02.01.2025,14,2025,True,har,0.0188005670854308,0.016772222174764654
66,03.01.2025,14,2025,True,har,0.0191440993851322,0.017108463235863257
66,06.01.2025,14,2025,True,har,0.0193936741549402,0.016245584124198815
66,07.01.2025,14,2025,True,har,0.0193410025226298,0.016219539992075954
66,08.01.2025,14,2025,True,har,0.0193084025005642,0.016215373484590047
66,10.01.2025,14,2025,True,har,0.0185121724760861,0.01675930639576141
66,13.01.2025,14,2025,True,har,0.0188587720831548,0.020286067085057986
66,14.01.2025,14,2025,True,har,0.0190185607176668,0.019274273465619496
66,15.01.2025,14,2025,True,har,0.0188494311388633,0.0196078846410087
66,16.01.2025,14,2025,True,har,0.0189484792803209,0.020340341978262625
66,17.01.2025,14,2025,True,har,0.0189812196741552,0.019758389771957832
66,21.01.2025,14,2025,True,har,0.0189006809082073,0.0188568959375977
66,22.01.2025,14,2025,True,har,0.0189642762012639,0.01960074110400567
66,23.01.2025,14,2025,True,har,0.01914216839185,0.019009320020213393
66,24.01.2025,14,2025,True,har,0.0192139826888011,0.018159675799968338
66,27.01.2025,14,2025,True,har,0.0191870406784867,0.018135648896381966
66,28.01.2025,14,2025,True,har,0.0191983139273759,0.018969159076000414
66,29.01.2025,14,2025,True,har,0.0192480563998282,0.018551660209013335
66,30.01.2025,14,2025,True,har,0.019706095029068,0.018858139398954685
66,31.01.2025,14,2025,True,har,0.0197743941266882,0.018674600223079842
66,03.02.2025,14,2025,True,har,0.0201223137537888,0.018556500988777813
66,04.02.2025,14,2025,True,har,0.0202561062592535,0.018540724700105468
66,05.02.2025,14,2025,True,har,0.0202557149226877,0.018229058955837495
66,06.02.2025,14,2025,True,har,0.0205337126107042,0.019333190082899743
66,07.02.2025,14,2025,True,har,0.020532107806017,0.01861884427658616
66,10.02.2025,14,2025,True,har,0.0205845945887754,0.01873309620477655
66,11.02.2025,14,2025,True,har,0.0205691917314826,0.018214473440442205
66,12.02.2025,14,2025,True,har,0.0204000815557617,0.0183143236699743
66,13.02.2025,14,2025,True,har,0.020400130271117,0.018935037903687422
66,14.02.2025,14,2025,True,har,0.0204089521021516,0.01759895011561995
66,18.02.2025,14,2025,True,har,0.020310192838514,0.017639718742953205
66,19.02.2025,14,2025,True,har,0.0203229242265685,0.018196453318728933
66,20.02.2025,14,2025,True,har,0.020321880773718,0.017441570779909224
66,21.02.2025,14,2025,True,har,0.0201731003261265,0.0169212310032878
66,24.02.2025,14,2025,True,har,0.0201888529608306,0.018855233498109903
66,25.02.2025,14,2025,True,har,0.0200107040209926,0.01816981305751926
66,26.02.2025,14,2025,True,har,0.0200690046589246,0.018966853386695872
66,27.02.2025,14,2025,True,har,0.019989277561236,0.01829104505622699
66,28.02.2025,14,2025,True,har,0.0199901811867646,0.01945652647192617
66,03.03.2025,14,2025,True,har,0.0198678851167115,0.018903722144056768
66,04.03.2025,14,2025,True,har,0.0199792701169954,0.019513141268418428
66,05.03.2025,14,2025,True,har,0.0197890505761593,0.018861113302808215
66,06.03.2025,14,2025,True,har,0.0197874586754806,0.01983468193130512
66,07.03.2025,14,2025,True,har,0.0204215965066252,0.01827153252777341
66,10.03.2025,14,2025,True,har,0.0203448025472766,0.01925131043534847
66,11.03.2025,14,2025,True,har,0.0219890576153417,0.019268882226166753
66,12.03.2025,14,2025,True,har,0.0219334707457899,0.018780572613637418
66,13.03.2025,14,2025,True,har,0.0224580438364197,0.019193031419243393
66,14.03.2025,14,2025,True,har,0.0224336706480682,0.01916926589693964
66,17.03.2025,14,2025,True,har,0.0224252848418921,0.01905482719344202
66,18.03.2025,14,2025,True,har,0.0242690543176266,0.018730356974845916
66,19.03.2025,14,2025,True,har,0.0254674030533559,0.018687554555601473
66,20.03.2025,14,2025,True,har,0.0253937004228553,0.018212637955482783
66,21.03.2025,14,2025,True,har,0.0253915214930997,0.018699487985515954
66,24.03.2025,14,2025,True,har,0.0253440621098579,0.01785997512934328
66,25.03.2025,14,2025,True,har,0.0253438996678769,0.018291927396878765
66,26.03.2025,14,2025,True,har,0.0253130480081213,0.017387756280606816
66,27.03.2025,14,2025,True,har,0.0255900773849121,0.017725014920679415
66,28.03.2025,14,2025,True,har,0.0255879029094919,0.017052033402570294
66,31.03.2025,14,2025,True,har,0.0255564414243743,0.017246374297859874
66,01.04.2025,14,2025,True,har,0.0255799923157195,0.017419418429280138
66,02.04.2025,14,2025,True,har,0.0255654907113101,0.017056000927410078
66,03.04.2025,14,2025,True,har,0.0243819083144736,0.016470801239075277
66,04.04.2025,14,2025,True,har,0.0230940553658667,0.02360409324611589
66,07.04.2025,14,2025,True,har,0.0230325742583689,0.026113104462939546
66,08.04.2025,14,2025,True,har,0.0228774541266616,0.024133042620113145
66,09.04.2025,14,2025,True,har,0.0223255132392176,0.023968891151740404
66,10.04.2025,14,2025,True,har,0.0219764273595469,0.026365245031615876
66,11.04.2025,14,2025,True,har,0.0218275728700637,0.02583205095217192
66,14.04.2025,14,2025,True,har,0.0218287436850621,0.024962782541930913
66,15.04.2025,14,2025,True,har,0.0218573510297426,0.024110737427206798
66,16.04.2025,14,2025,True,har,0.021752616799744,0.023893997931297557
66,17.04.2025,14,2025,True,har,0.0214387767988603,0.023896823346422468
66,21.04.2025,14,2025,True,har,0.0212451609989845,0.023817752136469646
66,22.04.2025,14,2025,True,har,0.0213234537495873,0.02446357228427881
66,23.04.2025,14,2025,True,har,0.0215756279959824,0.024350340323837857
66,24.04.2025,14,2025,True,har,0.02159282453573,0.024784041129367003
66,25.04.2025,14,2025,True,har,0.0216322898342586,0.024222924615561615
66,28.04.2025,14,2025,True,har,0.0221380656993317,0.023594554417551962
66,29.04.2025,14,2025,True,har,0.0219771255770332,0.023690737827394354
66,30.04.2025,14,2025,True,har,0.0219603570886949,0.023822874158572767
66,01.05.2025,14,2025,True,har,0.0219127782033015,0.02358876006892773
66,02.05.2025,14,2025,True,har,0.021858872459727,0.02317255145080453
66,05.05.2025,14,2025,True,har,0.0217342947245578,0.021377266781461346
66,06.05.2025,14,2025,True,har,0.0214115661983533,0.02014209510657717
66,07.05.2025,14,2025,True,har,0.0213249815419081,0.022623135337577177
66,08.05.2025,14,2025,True,har,0.0210892873200686,0.02207084499044848
66,09.05.2025,14,2025,True,har,0.0211063602255446,0.02240481659558447
66,12.05.2025,14,2025,True,har,0.0211008045087057,0.02162925435397081
66,13.05.2025,14,2025,True,har,0.0209128636651558,0.021028727045744655
66,14.05.2025,14,2025,True,har,0.0209434471506718,0.02146586610102181
66,15.05.2025,14,2025,True,har,0.0208188156883377,0.02058186924237534
66,16.05.2025,14,2025,True,har,0.020807765476737,0.021817159110043425
66,19.05.2025,14,2025,True,har,0.0208070100594427,0.0210801665456438
66,20.05.2025,14,2025,True,har,0.0208869682536102,0.02035027739890429
66,21.05.2025,14,2025,True,har,0.0210734375131467,0.01967990643470076
66,22.05.2025,14,2025,True,har,0.0210994474253948,0.019680879819748344
66,23.05.2025,14,2025,True,har,0.0211128070639536,0.019166744790533187
66,27.05.2025,14,2025,True,har,0.0210882755918495,0.018800759219784746
66,28.05.2025,14,2025,True,har,0.0211097205602502,0.018987161846885377
66,29.05.2025,14,2025,True,har,0.0212518654807521,0.019210723084180033
66,30.05.2025,14,2025,True,har,0.0212788895900425,0.01916585161721256
66,02.06.2025,14,2025,True,har,0.0214258703069734,0.01875683163675391
66,03.06.2025,14,2025,True,har,0.0213643733582178,0.019040399257894847
66,04.06.2025,14,2025,True,har,0.0213226558409736,0.019018525388746068
66,05.06.2025,14,2025,True,har,0.0213975738366353,0.018679795873881966
66,06.06.2025,14,2025,True,har,0.0213982504443102,0.018172249085071163
66,09.06.2025,14,2025,True,har,0.021403128517716,0.01826434261582106
66,10.06.2025,14,2025,True,har,0.0214165277436085,0.01786436258714324
66,11.06.2025,14,2025,True,har,0.0208424742592239,0.017512138668909338
66,12.06.2025,14,2025,True,har,0.0208507221214441,0.02006678577500773
66,13.06.2025,14,2025,True,har,0.0190456599700346,0.019101114221162615
66,16.06.2025,14,2025,True,har,0.0190258146178227,0.023926611652527463
66,17.06.2025,14,2025,True,har,0.0181966538376031,0.022705162195546306
66,18.06.2025,14,2025,True,har,0.0183184501305782,0.024118079270600248
66,20.06.2025,14,2025,True,har,0.0185925583261776,0.02281413686158405
66,23.06.2025,14,2025,True,har,0.0162074283255448,0.022599560962233027
66,24.06.2025,14,2025,True,har,0.0142712707365931,0.028005081869520426
66,25.06.2025,14,2025,True,har,0.0147708185453283,0.02954441861507363
66,26.06.2025,14,2025,True,har,0.0148726266420105,0.0268685584897268
66,27.06.2025,14,2025,True,har,0.0151889193485122,0.026568125438304845
66,30.06.2025,14,2025,True,har,0.0153594575748508,0.02645198202211372
66,01.07.2025,14,2025,True,har,0.0153629956220346,0.025454144612906928
66,02.07.2025,14,2025,True,har,0.0150215716088051,0.02328987584841658
66,03.07.2025,14,2025,True,har,0.0150146499887095,0.025022286096253052
66,07.07.2025,14,2025,True,har,0.0150258255989604,0.02423426077438971
66,08.07.2025,14,2025,True,har,0.0150947533751589,0.024494219581835463
66,09.07.2025,14,2025,True,har,0.0157940792468085,0.02428801194415582
66,10.07.2025,14,2025,True,har,0.0156382780314085,0.023870047928536163
66,11.07.2025,14,2025,True,har,0.0153833793894376,0.02474339577598818
66,14.07.2025,14,2025,True,har,0.0152925088337932,0.02491602797129848
66,15.07.2025,14,2025,True,har,0.0153505924565863,0.024880752211609115
66,16.07.2025,14,2025,True,har,0.0153652050659416,0.02311049409232037
66,17.07.2025,14,2025,True,har,0.0152350409066862,0.02292086900843133
66,18.07.2025,14,2025,True,har,0.0152584331264062,0.022536285901334933
66,21.07.2025,14,2025,True,har,0.0155043605272406,0.021615057541635365
66,22.07.2025,14,2025,True,har,0.0168581200338456,0.021232236224491996
66,23.07.2025,14,2025,True,har,0.0168579781776017,0.01958989854703988
66,24.07.2025,14,2025,True,har,0.0168163175757175,0.017235954351168724
66,25.07.2025,14,2025,True,har,0.0169178994664618,0.017336040709133655
66,28.07.2025,14,2025,True,har,0.01668874504613,0.017589936199975228
66,29.07.2025,14,2025,True,har,0.0160814958550961,0.018892967729964905
66,30.07.2025,14,2025,True,har,0.0160191824011381,0.020254346057156453
66,31.07.2025,14,2025,True,har,0.0159889150692753,0.01929334441794831
66,01.08.2025,14,2025,True,har,0.0152629955823498,0.01929694699960638
66,04.08.2025,14,2025,True,har,0.01527860225303,0.022131240903294422
66,05.08.2025,14,2025,True,har,0.0151604591893635,0.021130800372117953
66,06.08.2025,14,2025,True,har,0.0151185236244725,0.020314168442535495
66,07.08.2025,14,2025,True,har,0.0151264431964481,0.0196495457620684
66,08.08.2025,14,2025,True,har,0.0152767034350321,0.019376260516449348
66,11.08.2025,14,2025,True,har,0.0159756661654299,0.01828827769679061
66,12.08.2025,14,2025,True,har,0.015968092981435,0.01819045968811029
66,13.08.2025,14,2025,True,har,0.0161804218044053,0.018208803743917534
66,14.08.2025,14,2025,True,har,0.0160159943956705,0.018128031255403947
66,15.08.2025,14,2025,True,har,0.0159741296086164,0.0191127063643163
66,18.08.2025,14,2025,True,har,0.0161193296790577,0.01930281772248297
66,19.08.2025,14,2025,True,har,0.0160560014301581,0.019424084214539578
66,20.08.2025,14,2025,True,har,0.0159953396318678,0.019555297843234856
66,21.08.2025,14,2025,True,har,0.0160021821854305,0.01993228916062078
66,22.08.2025,14,2025,True,har,0.0160817538252823,0.019734976606315995
66,25.08.2025,14,2025,True,har,0.0160088712860223,0.0189896690440905
66,26.08.2025,14,2025,True,har,0.015774555281556,0.019378958670079334
66,27.08.2025,14,2025,True,har,0.015688174017615,0.019558965057088977
66,28.08.2025,14,2025,True,har,0.0156936780895703,0.019191746210021943
66,29.08.2025,14,2025,True,har,0.015687808212095,0.019072153705306884
66,02.09.2025,14,2025,True,har,0.0156153522845276,0.018228676343756033
66,03.09.2025,14,2025,True,har,0.015426891357152,0.01850035005015324
66,04.09.2025,14,2025,True,har,0.015573378329533,0.01887555028405103
66,05.09.2025,14,2025,True,har,0.0153736096097952,0.018327975931192095
66,08.09.2025,14,2025,True,har,0.0153486579535405,0.019081507461409436
66,09.09.2025,14,2025,True,har,0.0154246365205,0.01884182459400505
66,10.09.2025,14,2025,True,har,0.0152667703953032,0.01853619196411576
66,11.09.2025,14,2025,True,har,0.0151790741044034,0.01907119976082641
66,12.09.2025,14,2025,True,har,0.0154526856676286,0.01935853800373919
66,15.09.2025,14,2025,True,har,0.0155235488197851,0.018555842936839352
66,16.09.2025,14,2025,True,har,0.0153870703461934,0.01834338044567721
66,17.09.2025,14,2025,True,har,0.0154514069199229,0.01876321239301534
66,18.09.2025,14,2025,True,har,0.0158092025224807,0.01843064096185914
66,19.09.2025,14,2025,True,har,0.0157767472630468,0.018057931402117353
66,22.09.2025,14,2025,True,har,0.0157772901213353,0.018262417340339197
66,23.09.2025,14,2025,True,har,0.0159310392361077,0.017870478739415475
66,24.09.2025,14,2025,True,har,0.0158519793080374,0.018351790066898445
66,25.09.2025,14,2025,True,har,0.0158476266801272,0.019118362907694638
66,26.09.2025,14,2025,True,har,0.0158927597606434,0.018190846866909343
66,29.09.2025,14,2025,True,har,0.0154700044023287,0.018118723826794223
66,30.09.2025,14,2025,True,har,0.0155511496686774,0.020429680280885473
66,01.10.2025,14,2025,True,har,0.0153928713382753,0.019851392199347298
66,02.10.2025,14,2025,True,har,0.0152916716348286,0.019867342436579845
66,03.10.2025,14,2025,True,har,0.0158399022164899,0.01965072473471315
66,06.10.2025,14,2025,True,har,0.0159670417481564,0.01889423300597532
66,07.10.2025,14,2025,True,har,0.0160040309294857,0.019496121953542923
66,08.10.2025,14,2025,True,har,0.0162290765440823,0.019001588148303186
66,09.10.2025,14,2025,True,har,0.01623089802821,0.018969624448574245
66,10.10.2025,14,2025,True,har,0.0163641860855836,0.018925071662417144
66,13.10.2025,14,2025,True,har,0.0163394486191478,0.021309788290066183
66,14.10.2025,14,2025,True,har,0.0162967783322297,0.02028889232703252
66,15.10.2025,14,2025,True,har,0.0162716861687904,0.020330799630125667
66,16.10.2025,14,2025,True,har,0.0163418642197921,0.019750294616161165
66,17.10.2025,14,2025,True,har,0.0166803425392578,0.01997861067008296
66,20.10.2025,14,2025,True,har,0.016679479933728,0.019015013202240565
66,21.10.2025,14,2025,True,har,0.0170423993661599,0.018719047001383354
66,22.10.2025,14,2025,True,har,0.0169301676551161,0.0186078766666476
66,23.10.2025,14,2025,True,har,0.0161641014009101,0.019462011842641003
66,24.10.2025,14,2025,True,har,0.0161633911776555,0.02296508289632526
66,27.10.2025,14,2025,True,har,0.0180342643979215,0.021297726865171868
66,28.10.2025,14,2025,True,har,0.0179731969757775,0.021082158574471908
66,29.10.2025,14,2025,True,har,0.018340134478044,0.022024481035545707
66,30.10.2025,14,2025,True,har,0.0186820228652292,0.021399214030466674
66,31.10.2025,14,2025,True,har,0.0187006582884593,0.01929242975289069
66,03.11.2025,14,2025,True,har,0.0187717211423551,0.019284682730705896
66,04.11.2025,14,2025,True,har,0.018754086244939,0.019237284787146505
66,05.11.2025,14,2025,True,har,0.0186779707281738,0.018945333542076132
66,06.11.2025,14,2025,True,har,0.0190075994248405,0.019271177916059645
66,07.11.2025,14,2025,True,har,0.0190064218551346,0.018733048786538146
66,10.11.2025,14,2025,True,har,0.0190058242769545,0.01811861696591639
66,11.11.2025,14,2025,True,har,0.0195919390936688,0.01835722475615441
66,12.11.2025,14,2025,True,har,0.0190710323433709,0.018986050257485617
66,13.11.2025,14,2025,True,har,0.0190680680851531,0.02138510986013042
66,14.11.2025,14,2025,True,har,0.0189203564135177,0.020237763908489248
66,17.11.2025,14,2025,True,har,0.0189673251082717,0.021198704020141852
66,18.11.2025,14,2025,True,har,0.018932348231715,0.020586528185242974
66,19.11.2025,14,2025,True,har,0.018720008704527,0.020766126736210345
66,20.11.2025,14,2025,True,har,0.0189175525286475,0.020540467714480648
66,21.11.2025,14,2025,True,har,0.0205905707187204,0.01840014601660632
66,24.11.2025,14,2025,True,har,0.0212220291444282,0.01841805636441694
66,25.11.2025,14,2025,True,har,0.0211092184949875,0.018811778970516932
66,26.11.2025,14,2025,True,har,0.0217839699758604,0.01862318319425633
66,28.11.2025,14,2025,True,har,0.0237606794454398,0.0184594338494338
66,01.12.2025,14,2025,True,har,0.0248534869610042,0.01816642200372256
66,02.12.2025,14,2025,True,har,0.0292549201478625,0.017944260231837653
66,03.12.2025,14,2025,True,har,0.0296930927966373,0.01828192675971049
66,04.12.2025,14,2025,True,har,0.03137565029959,0.017823285296361645
66,05.12.2025,14,2025,True,har,0.0314656233879848,0.0179323577801039
66,08.12.2025,14,2025,True,har,0.0316022242129821,0.01798070843106803
66,09.12.2025,14,2025,True,har,0.0316784591893867,0.01904407495922616
66,10.12.2025,14,2025,True,har,0.0318866370935949,0.018642149727030335
66,11.12.2025,14,2025,True,har,0.0317553356671818,0.01831992995503736
66,12.12.2025,14,2025,True,har,0.0318523620231749,0.017855862804929
66,15.12.2025,14,2025,True,har,0.0353049176850863,0.01719760187714204
66,16.12.2025,14,2025,True,har,0.0353174118572594,0.016783599771139402
66,17.12.2025,14,2025,True,har,0.0355136855327138,0.01826557282386325
66,18.12.2025,14,2025,True,har,0.0359715994686772,0.01812156104905365
66,19.12.2025,14,2025,True,har,0.0361916340038405,0.017586776474136378
66,22.12.2025,14,2025,True,har,0.0361425530707543,0.01814932515446405
66,23.12.2025,14,2025,True,har,0.036457998627262,0.01939796456881171
66,24.12.2025,14,2025,True,har,0.0418169163851972,0.017555633311586258
66,26.12.2025,14,2025,True,har,0.0424185717918667,0.01751639667604793
66,29.12.2025,14,2025,True,har,0.0423912723250211,0.01941304887091209
66,30.12.2025,14,2025,True,har,0.0424083314827109,0.019727566228646527
66,31.12.2025,14,2025,True,har,0.0462172493634244,0.01868696145036245
66,02.01.2025,14,2025,True,har_ovx,0.0188005670854308,0.01813419589502512
66,03.01.2025,14,2025,True,har_ovx,0.0191440993851322,0.018175294688986616
66,06.01.2025,14,2025,True,har_ovx,0.0193936741549402,0.01808028693081054
66,07.01.2025,14,2025,True,har_ovx,0.0193410025226298,0.017897000054141056
66,08.01.2025,14,2025,True,har_ovx,0.0193084025005642,0.01846961593969335
66,10.01.2025,14,2025,True,har_ovx,0.0185121724760861,0.018803207337897282
66,13.01.2025,14,2025,True,har_ovx,0.0188587720831548,0.020391265084297207
66,14.01.2025,14,2025,True,har_ovx,0.0190185607176668,0.02010449460278426
66,15.01.2025,14,2025,True,har_ovx,0.0188494311388633,0.020055324025061216
66,16.01.2025,14,2025,True,har_ovx,0.0189484792803209,0.02007762215615736
66,17.01.2025,14,2025,True,har_ovx,0.0189812196741552,0.01993915758847669
66,21.01.2025,14,2025,True,har_ovx,0.0189006809082073,0.01967991097822208
66,22.01.2025,14,2025,True,har_ovx,0.0189642762012639,0.020297199947709555
66,23.01.2025,14,2025,True,har_ovx,0.01914216839185,0.019987961607284235
66,24.01.2025,14,2025,True,har_ovx,0.0192139826888011,0.019403502343396585
66,27.01.2025,14,2025,True,har_ovx,0.0191870406784867,0.01821907314730542
66,28.01.2025,14,2025,True,har_ovx,0.0191983139273759,0.020185729083421762
66,29.01.2025,14,2025,True,har_ovx,0.0192480563998282,0.01889666938152297
66,30.01.2025,14,2025,True,har_ovx,0.019706095029068,0.01929641513035344
66,31.01.2025,14,2025,True,har_ovx,0.0197743941266882,0.018678139771899395
66,03.02.2025,14,2025,True,har_ovx,0.0201223137537888,0.018318747887919765
66,04.02.2025,14,2025,True,har_ovx,0.0202561062592535,0.01984725303066933
66,05.02.2025,14,2025,True,har_ovx,0.0202557149226877,0.0192630072084939
66,06.02.2025,14,2025,True,har_ovx,0.0205337126107042,0.019779068894089508
66,07.02.2025,14,2025,True,har_ovx,0.020532107806017,0.020132584342015696
66,10.02.2025,14,2025,True,har_ovx,0.0205845945887754,0.018288507896691997
66,11.02.2025,14,2025,True,har_ovx,0.0205691917314826,0.01917363620411461
66,12.02.2025,14,2025,True,har_ovx,0.0204000815557617,0.018557677407054503
66,13.02.2025,14,2025,True,har_ovx,0.020400130271117,0.01929798252387789
66,14.02.2025,14,2025,True,har_ovx,0.0204089521021516,0.018942746846278787
66,18.02.2025,14,2025,True,har_ovx,0.020310192838514,0.018090300223645155
66,19.02.2025,14,2025,True,har_ovx,0.0203229242265685,0.01791199493380335
66,20.02.2025,14,2025,True,har_ovx,0.020321880773718,0.017948119694809302
66,21.02.2025,14,2025,True,har_ovx,0.0201731003261265,0.017955884669698483
66,24.02.2025,14,2025,True,har_ovx,0.0201888529608306,0.020450414777118557
66,25.02.2025,14,2025,True,har_ovx,0.0200107040209926,0.01893380190345102
66,26.02.2025,14,2025,True,har_ovx,0.0200690046589246,0.019582312701784652
66,27.02.2025,14,2025,True,har_ovx,0.019989277561236,0.0195364156989317
66,28.02.2025,14,2025,True,har_ovx,0.0199901811867646,0.019416487477387452
66,03.03.2025,14,2025,True,har_ovx,0.0198678851167115,0.01868605351600799
66,04.03.2025,14,2025,True,har_ovx,0.0199792701169954,0.021310692329647045
66,05.03.2025,14,2025,True,har_ovx,0.0197890505761593,0.020792082421798308
66,06.03.2025,14,2025,True,har_ovx,0.0197874586754806,0.020356737600236978
66,07.03.2025,14,2025,True,har_ovx,0.0204215965066252,0.020411378919305084
66,10.03.2025,14,2025,True,har_ovx,0.0203448025472766,0.01861330493336619
66,11.03.2025,14,2025,True,har_ovx,0.0219890576153417,0.02005827022223738
66,12.03.2025,14,2025,True,har_ovx,0.0219334707457899,0.019097925599237314
66,13.03.2025,14,2025,True,har_ovx,0.0224580438364197,0.018953855834568448
66,14.03.2025,14,2025,True,har_ovx,0.0224336706480682,0.01951852111622288
66,17.03.2025,14,2025,True,har_ovx,0.0224252848418921,0.019658345110914896
66,18.03.2025,14,2025,True,har_ovx,0.0242690543176266,0.018747093424553794
66,19.03.2025,14,2025,True,har_ovx,0.0254674030533559,0.020302124201928874
66,20.03.2025,14,2025,True,har_ovx,0.0253937004228553,0.01945376591240479
66,21.03.2025,14,2025,True,har_ovx,0.0253915214930997,0.018338237654403657
66,24.03.2025,14,2025,True,har_ovx,0.0253440621098579,0.017786858180291205
66,25.03.2025,14,2025,True,har_ovx,0.0253438996678769,0.018269136575724716
66,26.03.2025,14,2025,True,har_ovx,0.0253130480081213,0.017634591392011442
66,27.03.2025,14,2025,True,har_ovx,0.0255900773849121,0.01789486322921286
66,28.03.2025,14,2025,True,har_ovx,0.0255879029094919,0.017623205154949
66,31.03.2025,14,2025,True,har_ovx,0.0255564414243743,0.01779091530386575
66,01.04.2025,14,2025,True,har_ovx,0.0255799923157195,0.018548504990730186
66,02.04.2025,14,2025,True,har_ovx,0.0255654907113101,0.018367105160207793
66,03.04.2025,14,2025,True,har_ovx,0.0243819083144736,0.01816187334438685
66,04.04.2025,14,2025,True,har_ovx,0.0230940553658667,0.021585632574116664
66,07.04.2025,14,2025,True,har_ovx,0.0230325742583689,0.02474077603013576
66,08.04.2025,14,2025,True,har_ovx,0.0228774541266616,0.026364464614272137
66,09.04.2025,14,2025,True,har_ovx,0.0223255132392176,0.026963312185548472
66,10.04.2025,14,2025,True,har_ovx,0.0219764273595469,0.024178687382067663
66,11.04.2025,14,2025,True,har_ovx,0.0218275728700637,0.025645035706154805
66,14.04.2025,14,2025,True,har_ovx,0.0218287436850621,0.02578062888173152
66,15.04.2025,14,2025,True,har_ovx,0.0218573510297426,0.02459413203914207
66,16.04.2025,14,2025,True,har_ovx,0.021752616799744,0.02291512470425071
66,17.04.2025,14,2025,True,har_ovx,0.0214387767988603,0.023159811786170218
66,21.04.2025,14,2025,True,har_ovx,0.0212451609989845,0.022307437676207673
66,22.04.2025,14,2025,True,har_ovx,0.0213234537495873,0.022555738961538327
66,23.04.2025,14,2025,True,har_ovx,0.0215756279959824,0.02307230196959717
66,24.04.2025,14,2025,True,har_ovx,0.02159282453573,0.023352455196804518
66,25.04.2025,14,2025,True,har_ovx,0.0216322898342586,0.023403970530510673
66,28.04.2025,14,2025,True,har_ovx,0.0221380656993317,0.022881982002967698
66,29.04.2025,14,2025,True,har_ovx,0.0219771255770332,0.022874705994775063
66,30.04.2025,14,2025,True,har_ovx,0.0219603570886949,0.024313988270461682
66,01.05.2025,14,2025,True,har_ovx,0.0219127782033015,0.025979660582544757
66,02.05.2025,14,2025,True,har_ovx,0.021858872459727,0.025098027194017943
66,05.05.2025,14,2025,True,har_ovx,0.0217342947245578,0.02431919424875524
66,06.05.2025,14,2025,True,har_ovx,0.0214115661983533,0.021956294032996364
66,07.05.2025,14,2025,True,har_ovx,0.0213249815419081,0.022755923880243348
66,08.05.2025,14,2025,True,har_ovx,0.0210892873200686,0.02274874030593346
66,09.05.2025,14,2025,True,har_ovx,0.0211063602255446,0.022411387228717737
66,12.05.2025,14,2025,True,har_ovx,0.0211008045087057,0.02200674435792278
66,13.05.2025,14,2025,True,har_ovx,0.0209128636651558,0.021106828411305893
66,14.05.2025,14,2025,True,har_ovx,0.0209434471506718,0.020934277175139883
66,15.05.2025,14,2025,True,har_ovx,0.0208188156883377,0.020602409317957697
66,16.05.2025,14,2025,True,har_ovx,0.020807765476737,0.021247320102297435
66,19.05.2025,14,2025,True,har_ovx,0.0208070100594427,0.0212421597761406
66,20.05.2025,14,2025,True,har_ovx,0.0208869682536102,0.02109741383383712
66,21.05.2025,14,2025,True,har_ovx,0.0210734375131467,0.019878620377025424
66,22.05.2025,14,2025,True,har_ovx,0.0210994474253948,0.02121668365362664
66,23.05.2025,14,2025,True,har_ovx,0.0211128070639536,0.021660305744485922
66,27.05.2025,14,2025,True,har_ovx,0.0210882755918495,0.021991697283239756
66,28.05.2025,14,2025,True,har_ovx,0.0211097205602502,0.021727489981061034
66,29.05.2025,14,2025,True,har_ovx,0.0212518654807521,0.02146201278799579
66,30.05.2025,14,2025,True,har_ovx,0.0212788895900425,0.02143672664641975
66,02.06.2025,14,2025,True,har_ovx,0.0214258703069734,0.021468729451595447
66,03.06.2025,14,2025,True,har_ovx,0.0213643733582178,0.02101547004925619
66,04.06.2025,14,2025,True,har_ovx,0.0213226558409736,0.02077621594291612
66,05.06.2025,14,2025,True,har_ovx,0.0213975738366353,0.020750346778843798
66,06.06.2025,14,2025,True,har_ovx,0.0213982504443102,0.01981181829834938
66,09.06.2025,14,2025,True,har_ovx,0.021403128517716,0.02015262016240009
66,10.06.2025,14,2025,True,har_ovx,0.0214165277436085,0.019677214252308922
66,11.06.2025,14,2025,True,har_ovx,0.0208424742592239,0.019776248060839698
66,12.06.2025,14,2025,True,har_ovx,0.0208507221214441,0.022851538521947067
66,13.06.2025,14,2025,True,har_ovx,0.0190456599700346,0.023200230955141538
66,16.06.2025,14,2025,True,har_ovx,0.0190258146178227,0.02790998490607487
66,17.06.2025,14,2025,True,har_ovx,0.0181966538376031,0.02735373862370103
66,18.06.2025,14,2025,True,har_ovx,0.0183184501305782,0.03197911441117086
66,20.06.2025,14,2025,True,har_ovx,0.0185925583261776,0.030217601352009692
66,23.06.2025,14,2025,True,har_ovx,0.0162074283255448,0.02951912853462209
66,24.06.2025,14,2025,True,har_ovx,0.0142712707365931,0.027588727668670217
66,25.06.2025,14,2025,True,har_ovx,0.0147708185453283,0.02644299246876411
66,26.06.2025,14,2025,True,har_ovx,0.0148726266420105,0.02373827181017138
66,27.06.2025,14,2025,True,har_ovx,0.0151889193485122,0.02338750058436414
66,30.06.2025,14,2025,True,har_ovx,0.0153594575748508,0.023174199575520936
66,01.07.2025,14,2025,True,har_ovx,0.0153629956220346,0.02204227404671871
66,02.07.2025,14,2025,True,har_ovx,0.0150215716088051,0.020786595846119492
66,03.07.2025,14,2025,True,har_ovx,0.0150146499887095,0.022060516571899034
66,07.07.2025,14,2025,True,har_ovx,0.0150258255989604,0.02110964127552458
66,08.07.2025,14,2025,True,har_ovx,0.0150947533751589,0.022198715745885722
66,09.07.2025,14,2025,True,har_ovx,0.0157940792468085,0.02054131442127757
66,10.07.2025,14,2025,True,har_ovx,0.0156382780314085,0.019943932303856757
66,11.07.2025,14,2025,True,har_ovx,0.0153833793894376,0.01978811502386623
66,14.07.2025,14,2025,True,har_ovx,0.0152925088337932,0.021209688243435495
66,15.07.2025,14,2025,True,har_ovx,0.0153505924565863,0.020183029932043458
66,16.07.2025,14,2025,True,har_ovx,0.0153652050659416,0.02022617667733359
66,17.07.2025,14,2025,True,har_ovx,0.0152350409066862,0.019819532769916534
66,18.07.2025,14,2025,True,har_ovx,0.0152584331264062,0.019743903255113843
66,21.07.2025,14,2025,True,har_ovx,0.0155043605272406,0.01919150879790595
66,22.07.2025,14,2025,True,har_ovx,0.0168581200338456,0.01881027149420199
66,23.07.2025,14,2025,True,har_ovx,0.0168579781776017,0.0190514524719622
66,24.07.2025,14,2025,True,har_ovx,0.0168163175757175,0.01888566693722198
66,25.07.2025,14,2025,True,har_ovx,0.0169178994664618,0.018880726341590125
66,28.07.2025,14,2025,True,har_ovx,0.01668874504613,0.019102751364737377
66,29.07.2025,14,2025,True,har_ovx,0.0160814958550961,0.02023401094959875
66,30.07.2025,14,2025,True,har_ovx,0.0160191824011381,0.02133981080423189
66,31.07.2025,14,2025,True,har_ovx,0.0159889150692753,0.020949442498953717
66,01.08.2025,14,2025,True,har_ovx,0.0152629955823498,0.02078413544313141
66,04.08.2025,14,2025,True,har_ovx,0.01527860225303,0.022319309960512804
66,05.08.2025,14,2025,True,har_ovx,0.0151604591893635,0.021808982668944755
66,06.08.2025,14,2025,True,har_ovx,0.0151185236244725,0.02039020715253608
66,07.08.2025,14,2025,True,har_ovx,0.0151264431964481,0.02049572383028589
66,08.08.2025,14,2025,True,har_ovx,0.0152767034350321,0.019985487868837
66,11.08.2025,14,2025,True,har_ovx,0.0159756661654299,0.01938230558070789
66,12.08.2025,14,2025,True,har_ovx,0.015968092981435,0.018617223596857475
66,13.08.2025,14,2025,True,har_ovx,0.0161804218044053,0.01827862758876456
66,14.08.2025,14,2025,True,har_ovx,0.0160159943956705,0.019252295016377485
66,15.08.2025,14,2025,True,har_ovx,0.0159741296086164,0.020238540871568927
66,18.08.2025,14,2025,True,har_ovx,0.0161193296790577,0.020670012586844148
66,19.08.2025,14,2025,True,har_ovx,0.0160560014301581,0.019236765963636628
66,20.08.2025,14,2025,True,har_ovx,0.0159953396318678,0.01953806468585844
66,21.08.2025,14,2025,True,har_ovx,0.0160021821854305,0.01947842937845508
66,22.08.2025,14,2025,True,har_ovx,0.0160817538252823,0.019111704270208904
66,25.08.2025,14,2025,True,har_ovx,0.0160088712860223,0.018500074403612073
66,26.08.2025,14,2025,True,har_ovx,0.015774555281556,0.018928329418729666
66,27.08.2025,14,2025,True,har_ovx,0.015688174017615,0.019894100876439967
66,28.08.2025,14,2025,True,har_ovx,0.0156936780895703,0.01924352576723848
66,29.08.2025,14,2025,True,har_ovx,0.015687808212095,0.01977656348177627
66,02.09.2025,14,2025,True,har_ovx,0.0156153522845276,0.019355132634294822
66,03.09.2025,14,2025,True,har_ovx,0.015426891357152,0.019903091247201896
66,04.09.2025,14,2025,True,har_ovx,0.015573378329533,0.020249216540099937
66,05.09.2025,14,2025,True,har_ovx,0.0153736096097952,0.020016502121336592
66,08.09.2025,14,2025,True,har_ovx,0.0153486579535405,0.01969578944803805
66,09.09.2025,14,2025,True,har_ovx,0.0154246365205,0.02012752009806716
66,10.09.2025,14,2025,True,har_ovx,0.0152667703953032,0.01953203570675431
66,11.09.2025,14,2025,True,har_ovx,0.0151790741044034,0.01965576884212955
66,12.09.2025,14,2025,True,har_ovx,0.0154526856676286,0.019906043632478755
66,15.09.2025,14,2025,True,har_ovx,0.0155235488197851,0.018997945752034735
66,16.09.2025,14,2025,True,har_ovx,0.0153870703461934,0.018733047362420242
66,17.09.2025,14,2025,True,har_ovx,0.0154514069199229,0.019497425285536923
66,18.09.2025,14,2025,True,har_ovx,0.0158092025224807,0.018791857638759964
66,19.09.2025,14,2025,True,har_ovx,0.0157767472630468,0.018899216767055527
66,22.09.2025,14,2025,True,har_ovx,0.0157772901213353,0.01859192316598161
66,23.09.2025,14,2025,True,har_ovx,0.0159310392361077,0.01855894858767094
66,24.09.2025,14,2025,True,har_ovx,0.0158519793080374,0.019205265856510577
66,25.09.2025,14,2025,True,har_ovx,0.0158476266801272,0.019939304976430913
66,26.09.2025,14,2025,True,har_ovx,0.0158927597606434,0.020451218551006678
66,29.09.2025,14,2025,True,har_ovx,0.0154700044023287,0.020085033347228595
66,30.09.2025,14,2025,True,har_ovx,0.0155511496686774,0.020727069477585815
66,01.10.2025,14,2025,True,har_ovx,0.0153928713382753,0.02056799286579172
66,02.10.2025,14,2025,True,har_ovx,0.0152916716348286,0.020735011096333307
66,03.10.2025,14,2025,True,har_ovx,0.0158399022164899,0.020967094194401854
66,06.10.2025,14,2025,True,har_ovx,0.0159670417481564,0.020438086454930286
66,07.10.2025,14,2025,True,har_ovx,0.0160040309294857,0.019467290218548088
66,08.10.2025,14,2025,True,har_ovx,0.0162290765440823,0.019134560957113918
66,09.10.2025,14,2025,True,har_ovx,0.01623089802821,0.019013313388142623
66,10.10.2025,14,2025,True,har_ovx,0.0163641860855836,0.019259931175449604
66,13.10.2025,14,2025,True,har_ovx,0.0163394486191478,0.021498146809583254
66,14.10.2025,14,2025,True,har_ovx,0.0162967783322297,0.020630963659905105
66,15.10.2025,14,2025,True,har_ovx,0.0162716861687904,0.021246808707788375
66,16.10.2025,14,2025,True,har_ovx,0.0163418642197921,0.020645593878031655
66,17.10.2025,14,2025,True,har_ovx,0.0166803425392578,0.021181796676864754
66,20.10.2025,14,2025,True,har_ovx,0.016679479933728,0.020491489642022603
66,21.10.2025,14,2025,True,har_ovx,0.0170423993661599,0.02022005485567155
66,22.10.2025,14,2025,True,har_ovx,0.0169301676551161,0.01997196183349328
66,23.10.2025,14,2025,True,har_ovx,0.0161641014009101,0.020977472127724307
66,24.10.2025,14,2025,True,har_ovx,0.0161633911776555,0.02252323861789931
66,27.10.2025,14,2025,True,har_ovx,0.0180342643979215,0.02151516221727111
66,28.10.2025,14,2025,True,har_ovx,0.0179731969757775,0.021613988547788503
66,29.10.2025,14,2025,True,har_ovx,0.018340134478044,0.021440231291630012
66,30.10.2025,14,2025,True,har_ovx,0.0186820228652292,0.021279193709888886
66,31.10.2025,14,2025,True,har_ovx,0.0187006582884593,0.019732313360662505
66,03.11.2025,14,2025,True,har_ovx,0.0187717211423551,0.02015816924535136
66,04.11.2025,14,2025,True,har_ovx,0.018754086244939,0.0196199991075903
66,05.11.2025,14,2025,True,har_ovx,0.0186779707281738,0.019451390082787366
66,06.11.2025,14,2025,True,har_ovx,0.0190075994248405,0.019401550893603382
66,07.11.2025,14,2025,True,har_ovx,0.0190064218551346,0.019267952320990107
66,10.11.2025,14,2025,True,har_ovx,0.0190058242769545,0.019154301809459325
66,11.11.2025,14,2025,True,har_ovx,0.0195919390936688,0.018908171433227997
66,12.11.2025,14,2025,True,har_ovx,0.0190710323433709,0.019121650364188225
66,13.11.2025,14,2025,True,har_ovx,0.0190680680851531,0.02009219480873737
66,14.11.2025,14,2025,True,har_ovx,0.0189203564135177,0.01965313801317648
66,17.11.2025,14,2025,True,har_ovx,0.0189673251082717,0.020082536330478986
66,18.11.2025,14,2025,True,har_ovx,0.018932348231715,0.019677414015440278
66,19.11.2025,14,2025,True,har_ovx,0.018720008704527,0.019988805736569335
66,20.11.2025,14,2025,True,har_ovx,0.0189175525286475,0.020033814696380627
66,21.11.2025,14,2025,True,har_ovx,0.0205905707187204,0.02040600265081189
66,24.11.2025,14,2025,True,har_ovx,0.0212220291444282,0.020220841476076657
66,25.11.2025,14,2025,True,har_ovx,0.0211092184949875,0.02044213908906887
66,26.11.2025,14,2025,True,har_ovx,0.0217839699758604,0.020751353218753706
66,28.11.2025,14,2025,True,har_ovx,0.0237606794454398,0.020141500114044572
66,01.12.2025,14,2025,True,har_ovx,0.0248534869610042,0.020121899278800145
66,02.12.2025,14,2025,True,har_ovx,0.0292549201478625,0.019988250445268817
66,03.12.2025,14,2025,True,har_ovx,0.0296930927966373,0.020090898555929087
66,04.12.2025,14,2025,True,har_ovx,0.03137565029959,0.019291416033381463
66,05.12.2025,14,2025,True,har_ovx,0.0314656233879848,0.019212881408716305
66,08.12.2025,14,2025,True,har_ovx,0.0316022242129821,0.018870503556727376
66,09.12.2025,14,2025,True,har_ovx,0.0316784591893867,0.019492431107062565
66,10.12.2025,14,2025,True,har_ovx,0.0318866370935949,0.018722009117675603
66,11.12.2025,14,2025,True,har_ovx,0.0317553356671818,0.018658481800717976
66,12.12.2025,14,2025,True,har_ovx,0.0318523620231749,0.019017178957305605
66,15.12.2025,14,2025,True,har_ovx,0.0353049176850863,0.018220546065272094
66,16.12.2025,14,2025,True,har_ovx,0.0353174118572594,0.019006314585935123
66,17.12.2025,14,2025,True,har_ovx,0.0355136855327138,0.02040542211511327
66,18.12.2025,14,2025,True,har_ovx,0.0359715994686772,0.020532409544425527
66,19.12.2025,14,2025,True,har_ovx,0.0361916340038405,0.019509655581631802
66,22.12.2025,14,2025,True,har_ovx,0.0361425530707543,0.019680347482431165
66,23.12.2025,14,2025,True,har_ovx,0.036457998627262,0.019840657544478606
66,24.12.2025,14,2025,True,har_ovx,0.0418169163851972,0.019137693381320826
66,26.12.2025,14,2025,True,har_ovx,0.0424185717918667,0.018801299843432165
66,29.12.2025,14,2025,True,har_ovx,0.0423912723250211,0.019574018530883946
66,30.12.2025,14,2025,True,har_ovx,0.0424083314827109,0.01959735022337828
66,31.12.2025,14,2025,True,har_ovx,0.0462172493634244,0.0188139612736567
66,02.01.2025,14,2025,True,har_gpr,0.0188005670854308,0.016727543017753532
66,03.01.2025,14,2025,True,har_gpr,0.0191440993851322,0.015275301519198802
66,06.01.2025,14,2025,True,har_gpr,0.0193936741549402,0.014423431080068725
66,07.01.2025,14,2025,True,har_gpr,0.0193410025226298,0.015426945895595375
66,08.01.2025,14,2025,True,har_gpr,0.0193084025005642,0.015418380208884462
66,10.01.2025,14,2025,True,har_gpr,0.0185121724760861,0.01595033879881535
66,13.01.2025,14,2025,True,har_gpr,0.0188587720831548,0.019431831092514316
66,14.01.2025,14,2025,True,har_gpr,0.0190185607176668,0.02004083830693999
66,15.01.2025,14,2025,True,har_gpr,0.0188494311388633,0.020369773715752746
66,16.01.2025,14,2025,True,har_gpr,0.0189484792803209,0.02109304593343269
66,17.01.2025,14,2025,True,har_gpr,0.0189812196741552,0.020521716752456183
66,21.01.2025,14,2025,True,har_gpr,0.0189006809082073,0.019643764686807633
66,22.01.2025,14,2025,True,har_gpr,0.0189642762012639,0.019631674727016282
66,23.01.2025,14,2025,True,har_gpr,0.01914216839185,0.01905021239922011
66,24.01.2025,14,2025,True,har_gpr,0.0192139826888011,0.01823066016759613
66,27.01.2025,14,2025,True,har_gpr,0.0191870406784867,0.018203544509901987
66,28.01.2025,14,2025,True,har_gpr,0.0191983139273759,0.01908413082631085
66,29.01.2025,14,2025,True,har_gpr,0.0192480563998282,0.018672776219803015
66,30.01.2025,14,2025,True,har_gpr,0.019706095029068,0.01897459515357607
66,31.01.2025,14,2025,True,har_gpr,0.0197743941266882,0.01879313306929544
66,03.02.2025,14,2025,True,har_gpr,0.0201223137537888,0.018677617027954573
66,04.02.2025,14,2025,True,har_gpr,0.0202561062592535,0.018449800471296237
66,05.02.2025,14,2025,True,har_gpr,0.0202557149226877,0.0181433748970328
66,06.02.2025,14,2025,True,har_gpr,0.0205337126107042,0.019229668435788445
66,07.02.2025,14,2025,True,har_gpr,0.020532107806017,0.018527279170584957
66,10.02.2025,14,2025,True,har_gpr,0.0205845945887754,0.018637356354783915
66,11.02.2025,14,2025,True,har_gpr,0.0205691917314826,0.018448940780485985
66,12.02.2025,14,2025,True,har_gpr,0.0204000815557617,0.018544701086547464
66,13.02.2025,14,2025,True,har_gpr,0.020400130271117,0.01915818854449317
66,14.02.2025,14,2025,True,har_gpr,0.0204089521021516,0.017831952763200182
66,18.02.2025,14,2025,True,har_gpr,0.020310192838514,0.017871647565612363
66,19.02.2025,14,2025,True,har_gpr,0.0203229242265685,0.01887374863336277
66,20.02.2025,14,2025,True,har_gpr,0.020321880773718,0.018130497967194903
66,21.02.2025,14,2025,True,har_gpr,0.0201731003261265,0.01762813807667946
66,24.02.2025,14,2025,True,har_gpr,0.0201888529608306,0.019527552666876717
66,25.02.2025,14,2025,True,har_gpr,0.0200107040209926,0.017423099474626228
66,26.02.2025,14,2025,True,har_gpr,0.0200690046589246,0.018209107167489313
66,27.02.2025,14,2025,True,har_gpr,0.019989277561236,0.017544849610795492
66,28.02.2025,14,2025,True,har_gpr,0.0199901811867646,0.01869102935127064
66,03.03.2025,14,2025,True,har_gpr,0.0198678851167115,0.018151904691775664
66,04.03.2025,14,2025,True,har_gpr,0.0199792701169954,0.019483054042889258
66,05.03.2025,14,2025,True,har_gpr,0.0197890505761593,0.01884406180346733
66,06.03.2025,14,2025,True,har_gpr,0.0197874586754806,0.01980299438074073
66,07.03.2025,14,2025,True,har_gpr,0.0204215965066252,0.018271916431851585
66,10.03.2025,14,2025,True,har_gpr,0.0203448025472766,0.01923198181917603
66,11.03.2025,14,2025,True,har_gpr,0.0219890576153417,0.01990051201400995
66,12.03.2025,14,2025,True,har_gpr,0.0219334707457899,0.019415558699652127
66,13.03.2025,14,2025,True,har_gpr,0.0224580438364197,0.019826459628921624
66,14.03.2025,14,2025,True,har_gpr,0.0224336706480682,0.019796401345467823
66,17.03.2025,14,2025,True,har_gpr,0.0224252848418921,0.019686407786837515
66,18.03.2025,14,2025,True,har_gpr,0.0242690543176266,0.019282817131508898
66,19.03.2025,14,2025,True,har_gpr,0.0254674030533559,0.019235922869726304
66,20.03.2025,14,2025,True,har_gpr,0.0253937004228553,0.018773388894188562
66,21.03.2025,14,2025,True,har_gpr,0.0253915214930997,0.019257941633655875
66,24.03.2025,14,2025,True,har_gpr,0.0253440621098579,0.018425646525769793
66,25.03.2025,14,2025,True,har_gpr,0.0253438996678769,0.017364632441988697
66,26.03.2025,14,2025,True,har_gpr,0.0253130480081213,0.01647164822105567
66,27.03.2025,14,2025,True,har_gpr,0.0255900773849121,0.016804294607735068
66,28.03.2025,14,2025,True,har_gpr,0.0255879029094919,0.016139669702567767
66,31.03.2025,14,2025,True,har_gpr,0.0255564414243743,0.016326808943597105
66,01.04.2025,14,2025,True,har_gpr,0.0255799923157195,0.01879642055057069
66,02.04.2025,14,2025,True,har_gpr,0.0255654907113101,0.017003780600350037
66,03.04.2025,14,2025,True,har_gpr,0.0243819083144736,0.016416982217046544
66,04.04.2025,14,2025,True,har_gpr,0.0230940553658667,0.023457745305665332
66,07.04.2025,14,2025,True,har_gpr,0.0230325742583689,0.02594736165039627
66,08.04.2025,14,2025,True,har_gpr,0.0228774541266616,0.023578508407416564
66,09.04.2025,14,2025,True,har_gpr,0.0223255132392176,0.023422204455463093
66,10.04.2025,14,2025,True,har_gpr,0.0219764273595469,0.02577323680750205
66,11.04.2025,14,2025,True,har_gpr,0.0218275728700637,0.02526002183439039
66,14.04.2025,14,2025,True,har_gpr,0.0218287436850621,0.024417039515182135
66,15.04.2025,14,2025,True,har_gpr,0.0218573510297426,0.024600199513679897
66,16.04.2025,14,2025,True,har_gpr,0.021752616799744,0.024390364315496307
66,17.04.2025,14,2025,True,har_gpr,0.0214387767988603,0.02440382235955096
66,21.04.2025,14,2025,True,har_gpr,0.0212451609989845,0.024340731935705472
66,22.04.2025,14,2025,True,har_gpr,0.0213234537495873,0.0246619664789914
66,23.04.2025,14,2025,True,har_gpr,0.0215756279959824,0.02455105281083282
66,24.04.2025,14,2025,True,har_gpr,0.02159282453573,0.0249749164941557
66,25.04.2025,14,2025,True,har_gpr,0.0216322898342586,0.02442369139253921
66,28.04.2025,14,2025,True,har_gpr,0.0221380656993317,0.023813389513409725
66,29.04.2025,14,2025,True,har_gpr,0.0219771255770332,0.02464187191182985
66,30.04.2025,14,2025,True,har_gpr,0.0219603570886949,0.024772841532932466
66,01.05.2025,14,2025,True,har_gpr,0.0219127782033015,0.024543405195723685
66,02.05.2025,14,2025,True,har_gpr,0.021858872459727,0.02292060421461729
66,05.05.2025,14,2025,True,har_gpr,0.0217342947245578,0.02114269137053929
66,06.05.2025,14,2025,True,har_gpr,0.0214115661983533,0.021487224960271924
66,07.05.2025,14,2025,True,har_gpr,0.0213249815419081,0.02391189460192035
66,08.05.2025,14,2025,True,har_gpr,0.0210892873200686,0.023367391668752513
66,09.05.2025,14,2025,True,har_gpr,0.0211063602255446,0.0236832520078133
66,12.05.2025,14,2025,True,har_gpr,0.0211008045087057,0.022915724657964973
66,13.05.2025,14,2025,True,har_gpr,0.0209128636651558,0.021311415671917633
66,14.05.2025,14,2025,True,har_gpr,0.0209434471506718,0.0217479446677109
66,15.05.2025,14,2025,True,har_gpr,0.0208188156883377,0.020883648773150784
66,16.05.2025,14,2025,True,har_gpr,0.020807765476737,0.02209251413914372
66,19.05.2025,14,2025,True,har_gpr,0.0208070100594427,0.021360982571514708
66,20.05.2025,14,2025,True,har_gpr,0.0208869682536102,0.02017933700594364
66,21.05.2025,14,2025,True,har_gpr,0.0210734375131467,0.01952370031791129
66,22.05.2025,14,2025,True,har_gpr,0.0210994474253948,0.019521932173492858
66,23.05.2025,14,2025,True,har_gpr,0.0211128070639536,0.019022584745257122
66,27.05.2025,14,2025,True,har_gpr,0.0210882755918495,0.018666629317695152
66,28.05.2025,14,2025,True,har_gpr,0.0211097205602502,0.019317202704488064
66,29.05.2025,14,2025,True,har_gpr,0.0212518654807521,0.019528204004068152
66,30.05.2025,14,2025,True,har_gpr,0.0212788895900425,0.019481177144737002
66,02.06.2025,14,2025,True,har_gpr,0.0214258703069734,0.01907657875298204
66,03.06.2025,14,2025,True,har_gpr,0.0213643733582178,0.01931467261359563
66,04.06.2025,14,2025,True,har_gpr,0.0213226558409736,0.019289927250959002
66,05.06.2025,14,2025,True,har_gpr,0.0213975738366353,0.0189492372097858
66,06.06.2025,14,2025,True,har_gpr,0.0213982504443102,0.018447836249686378
66,09.06.2025,14,2025,True,har_gpr,0.021403128517716,0.01853290166225445
66,10.06.2025,14,2025,True,har_gpr,0.0214165277436085,0.018890756793369205
66,11.06.2025,14,2025,True,har_gpr,0.0208424742592239,0.018542268552794353
66,12.06.2025,14,2025,True,har_gpr,0.0208507221214441,0.021060999948869286
66,13.06.2025,14,2025,True,har_gpr,0.0190456599700346,0.020107589626255133
66,16.06.2025,14,2025,True,har_gpr,0.0190258146178227,0.0257655996796759
66,17.06.2025,14,2025,True,har_gpr,0.0181966538376031,0.02544788838486615
66,18.06.2025,14,2025,True,har_gpr,0.0183184501305782,0.02684902470893259
66,20.06.2025,14,2025,True,har_gpr,0.0185925583261776,0.025565663997154677
66,23.06.2025,14,2025,True,har_gpr,0.0162074283255448,0.02535483793982056
66,24.06.2025,14,2025,True,har_gpr,0.0142712707365931,0.029656832114254635
66,25.06.2025,14,2025,True,har_gpr,0.0147708185453283,0.031186333555682948
66,26.06.2025,14,2025,True,har_gpr,0.0148726266420105,0.02856512544153815
66,27.06.2025,14,2025,True,har_gpr,0.0151889193485122,0.028269609103214265
66,30.06.2025,14,2025,True,har_gpr,0.0153594575748508,0.028155116364163582
66,01.07.2025,14,2025,True,har_gpr,0.0153629956220346,0.026025497489919322
66,02.07.2025,14,2025,True,har_gpr,0.0150215716088051,0.02418697424267934
66,03.07.2025,14,2025,True,har_gpr,0.0150146499887095,0.025882526980116925
66,07.07.2025,14,2025,True,har_gpr,0.0150258255989604,0.025105863789568184
66,08.07.2025,14,2025,True,har_gpr,0.0150947533751589,0.024852660894792523
66,09.07.2025,14,2025,True,har_gpr,0.0157940792468085,0.02464968976552865
66,10.07.2025,14,2025,True,har_gpr,0.0156382780314085,0.0242405560487832
66,11.07.2025,14,2025,True,har_gpr,0.0153833793894376,0.02510222952412604
66,14.07.2025,14,2025,True,har_gpr,0.0152925088337932,0.025260646980102195
66,15.07.2025,14,2025,True,har_gpr,0.0153505924565863,0.02518335092455293
66,16.07.2025,14,2025,True,har_gpr,0.0153652050659416,0.023415294190394502
66,17.07.2025,14,2025,True,har_gpr,0.0152350409066862,0.023228354267826358
66,18.07.2025,14,2025,True,har_gpr,0.0152584331264062,0.02284003952881317
66,21.07.2025,14,2025,True,har_gpr,0.0155043605272406,0.021940581588760697
66,22.07.2025,14,2025,True,har_gpr,0.0168581200338456,0.021723599230678802
66,23.07.2025,14,2025,True,har_gpr,0.0168579781776017,0.020069826871628112
66,24.07.2025,14,2025,True,har_gpr,0.0168163175757175,0.01771359748506032
66,25.07.2025,14,2025,True,har_gpr,0.0169178994664618,0.017814937062043942
66,28.07.2025,14,2025,True,har_gpr,0.01668874504613,0.018064725052501358
66,29.07.2025,14,2025,True,har_gpr,0.0160814958550961,0.018682309314192937
66,30.07.2025,14,2025,True,har_gpr,0.0160191824011381,0.020027515711805582
66,31.07.2025,14,2025,True,har_gpr,0.0159889150692753,0.019082802059754052
66,01.08.2025,14,2025,True,har_gpr,0.0152629955823498,0.019076854855738276
66,04.08.2025,14,2025,True,har_gpr,0.01527860225303,0.023199111890127806
66,05.08.2025,14,2025,True,har_gpr,0.0151604591893635,0.021129482966206342
66,06.08.2025,14,2025,True,har_gpr,0.0151185236244725,0.020340554658976114
66,07.08.2025,14,2025,True,har_gpr,0.0151264431964481,0.01969445530198763
66,08.08.2025,14,2025,True,har_gpr,0.0152767034350321,0.019421242677845084
66,11.08.2025,14,2025,True,har_gpr,0.0159756661654299,0.01835160559161385
66,12.08.2025,14,2025,True,har_gpr,0.015968092981435,0.01849408226050321
66,13.08.2025,14,2025,True,har_gpr,0.0161804218044053,0.01851494889726364
66,14.08.2025,14,2025,True,har_gpr,0.0160159943956705,0.018436957047476193
66,15.08.2025,14,2025,True,har_gpr,0.0159741296086164,0.019399628103298924
66,18.08.2025,14,2025,True,har_gpr,0.0161193296790577,0.01958547430636036
66,19.08.2025,14,2025,True,har_gpr,0.0160560014301581,0.01970276862523638
66,20.08.2025,14,2025,True,har_gpr,0.0159953396318678,0.01983143547772715
66,21.08.2025,14,2025,True,har_gpr,0.0160021821854305,0.02020386961868948
66,22.08.2025,14,2025,True,har_gpr,0.0160817538252823,0.02001192956462332
66,25.08.2025,14,2025,True,har_gpr,0.0160088712860223,0.01928219820092519
66,26.08.2025,14,2025,True,har_gpr,0.015774555281556,0.019109363783539307
66,27.08.2025,14,2025,True,har_gpr,0.015688174017615,0.01927087766562505
66,28.08.2025,14,2025,True,har_gpr,0.0156936780895703,0.018911097990890597
66,29.08.2025,14,2025,True,har_gpr,0.015687808212095,0.018795037620195708
66,02.09.2025,14,2025,True,har_gpr,0.0156153522845276,0.017947377307562233
66,03.09.2025,14,2025,True,har_gpr,0.015426891357152,0.01857680349155254
66,04.09.2025,14,2025,True,har_gpr,0.015573378329533,0.018949290073881523
66,05.09.2025,14,2025,True,har_gpr,0.0153736096097952,0.01841129153523464
66,08.09.2025,14,2025,True,har_gpr,0.0153486579535405,0.01915744773254976
66,09.09.2025,14,2025,True,har_gpr,0.0154246365205,0.019048157285425964
66,10.09.2025,14,2025,True,har_gpr,0.0152667703953032,0.018751214363999794
66,11.09.2025,14,2025,True,har_gpr,0.0151790741044034,0.019278709132651294
66,12.09.2025,14,2025,True,har_gpr,0.0154526856676286,0.019562216284870558
66,15.09.2025,14,2025,True,har_gpr,0.0155235488197851,0.01877549370871041
66,16.09.2025,14,2025,True,har_gpr,0.0153870703461934,0.018221096371140295
66,17.09.2025,14,2025,True,har_gpr,0.0154514069199229,0.018633907997797256
66,18.09.2025,14,2025,True,har_gpr,0.0158092025224807,0.018305906137171247
66,19.09.2025,14,2025,True,har_gpr,0.0157767472630468,0.01794124371278665
66,22.09.2025,14,2025,True,har_gpr,0.0157772901213353,0.018140688953509468
66,23.09.2025,14,2025,True,har_gpr,0.0159310392361077,0.018430236636211517
66,24.09.2025,14,2025,True,har_gpr,0.0158519793080374,0.01890340436773751
66,25.09.2025,14,2025,True,har_gpr,0.0158476266801272,0.019651683530630026
66,26.09.2025,14,2025,True,har_gpr,0.0158927597606434,0.018739386432632385
66,29.09.2025,14,2025,True,har_gpr,0.0154700044023287,0.018673610678708107
66,30.09.2025,14,2025,True,har_gpr,0.0155511496686774,0.020619234160734978
66,01.10.2025,14,2025,True,har_gpr,0.0153928713382753,0.020049455685444723
66,02.10.2025,14,2025,True,har_gpr,0.0152916716348286,0.02062869019536867
66,03.10.2025,14,2025,True,har_gpr,0.0158399022164899,0.02042023789059169
66,06.10.2025,14,2025,True,har_gpr,0.0159670417481564,0.019673984610892817
66,07.10.2025,14,2025,True,har_gpr,0.0160040309294857,0.018867774265161244
66,08.10.2025,14,2025,True,har_gpr,0.0162290765440823,0.018381174416379844
66,09.10.2025,14,2025,True,har_gpr,0.01623089802821,0.018352790673410287
66,10.10.2025,14,2025,True,har_gpr,0.0163641860855836,0.01831043525437497
66,13.10.2025,14,2025,True,har_gpr,0.0163394486191478,0.02065576648103666
66,14.10.2025,14,2025,True,har_gpr,0.0162967783322297,0.019653469218151812
66,15.10.2025,14,2025,True,har_gpr,0.0162716861687904,0.021063763007017
66,16.10.2025,14,2025,True,har_gpr,0.0163418642197921,0.02049738826253435
66,17.10.2025,14,2025,True,har_gpr,0.0166803425392578,0.020722754294482452
66,20.10.2025,14,2025,True,har_gpr,0.016679479933728,0.01978369592369248
66,21.10.2025,14,2025,True,har_gpr,0.0170423993661599,0.01851649708636714
66,22.10.2025,14,2025,True,har_gpr,0.0169301676551161,0.01840346363231311
66,23.10.2025,14,2025,True,har_gpr,0.0161641014009101,0.019235164322715905
66,24.10.2025,14,2025,True,har_gpr,0.0161633911776555,0.022696634625748783
66,27.10.2025,14,2025,True,har_gpr,0.0180342643979215,0.021054245569657598
66,28.10.2025,14,2025,True,har_gpr,0.0179731969757775,0.02151852607312855
66,29.10.2025,14,2025,True,har_gpr,0.018340134478044,0.02244088508433807
66,30.10.2025,14,2025,True,har_gpr,0.0186820228652292,0.021822398045432897
66,31.10.2025,14,2025,True,har_gpr,0.0187006582884593,0.019769247488734727
66,03.11.2025,14,2025,True,har_gpr,0.0187717211423551,0.019761128232526726
66,04.11.2025,14,2025,True,har_gpr,0.018754086244939,0.017480638320088702
66,05.11.2025,14,2025,True,har_gpr,0.0186779707281738,0.017199661469855704
66,06.11.2025,14,2025,True,har_gpr,0.0190075994248405,0.017518766021909504
66,07.11.2025,14,2025,True,har_gpr,0.0190064218551346,0.016988381769021035
66,10.11.2025,14,2025,True,har_gpr,0.0190058242769545,0.016368292785229364
66,11.11.2025,14,2025,True,har_gpr,0.0195919390936688,0.016600352880808657
66,12.11.2025,14,2025,True,har_gpr,0.0190710323433709,0.01721468790274063
66,13.11.2025,14,2025,True,har_gpr,0.0190680680851531,0.021654908852740594
66,14.11.2025,14,2025,True,har_gpr,0.0189203564135177,0.020523942386754986
66,17.11.2025,14,2025,True,har_gpr,0.0189673251082717,0.02146967634651063
66,18.11.2025,14,2025,True,har_gpr,0.018932348231715,0.020766037208713777
66,19.11.2025,14,2025,True,har_gpr,0.018720008704527,0.020944496795239465
66,20.11.2025,14,2025,True,har_gpr,0.0189175525286475,0.0207329389839565
66,21.11.2025,14,2025,True,har_gpr,0.0205905707187204,0.018597784246633147
66,24.11.2025,14,2025,True,har_gpr,0.0212220291444282,0.01862204063613333
66,25.11.2025,14,2025,True,har_gpr,0.0211092184949875,0.019008432763643775
66,26.11.2025,14,2025,True,har_gpr,0.0217839699758604,0.01882323815827876
66,28.11.2025,14,2025,True,har_gpr,0.0237606794454398,0.01866368581840247
66,01.12.2025,14,2025,True,har_gpr,0.0248534869610042,0.019310014184464465
66,02.12.2025,14,2025,True,har_gpr,0.0292549201478625,0.017852862093404073
66,03.12.2025,14,2025,True,har_gpr,0.0296930927966373,0.018187048256875504
66,04.12.2025,14,2025,True,har_gpr,0.03137565029959,0.017738544247662982
66,05.12.2025,14,2025,True,har_gpr,0.0314656233879848,0.017845281264839072
66,08.12.2025,14,2025,True,har_gpr,0.0316022242129821,0.017892566925324455
66,09.12.2025,14,2025,True,har_gpr,0.0316784591893867,0.018936795494378822
66,10.12.2025,14,2025,True,har_gpr,0.0318866370935949,0.018879621588391363
66,11.12.2025,14,2025,True,har_gpr,0.0317553356671818,0.018558879514682727
66,12.12.2025,14,2025,True,har_gpr,0.0318523620231749,0.018088423638708447
66,15.12.2025,14,2025,True,har_gpr,0.0353049176850863,0.017443481539924893
66,16.12.2025,14,2025,True,har_gpr,0.0353174118572594,0.01627054002390156
66,17.12.2025,14,2025,True,har_gpr,0.0355136855327138,0.017730410835132868
66,18.12.2025,14,2025,True,har_gpr,0.0359715994686772,0.017586053765872058
66,19.12.2025,14,2025,True,har_gpr,0.0361916340038405,0.017055895260358757
66,22.12.2025,14,2025,True,har_gpr,0.0361425530707543,0.017609745464083063
66,23.12.2025,14,2025,True,har_gpr,0.036457998627262,0.018566364753091636
66,24.12.2025,14,2025,True,har_gpr,0.0418169163851972,0.01676620593863674
66,26.12.2025,14,2025,True,har_gpr,0.0424185717918667,0.016722965825931004
66,29.12.2025,14,2025,True,har_gpr,0.0423912723250211,0.018584252307334004
66,30.12.2025,14,2025,True,har_gpr,0.0424083314827109,0.01957379071029854
66,31.12.2025,14,2025,True,har_gpr,0.0462172493634244,0.01855505015239386
66,02.01.2025,14,2025,True,har_x,0.0188005670854308,0.01811383470640184
66,03.01.2025,14,2025,True,har_x,0.0191440993851322,0.0170428142951507
66,06.01.2025,14,2025,True,har_x,0.0193936741549402,0.01696040031731231
66,07.01.2025,14,2025,True,har_x,0.0193410025226298,0.017206803405207114
66,08.01.2025,14,2025,True,har_x,0.0193084025005642,0.017776070740965353
66,10.01.2025,14,2025,True,har_x,0.0185121724760861,0.018095934808037072
66,13.01.2025,14,2025,True,har_x,0.0188587720831548,0.019633486678366327
66,14.01.2025,14,2025,True,har_x,0.0190185607176668,0.02074476352600669
66,15.01.2025,14,2025,True,har_x,0.0188494311388633,0.02068947558507287
66,16.01.2025,14,2025,True,har_x,0.0189484792803209,0.020701680328633027
66,17.01.2025,14,2025,True,har_x,0.0189812196741552,0.020574035168814005
66,21.01.2025,14,2025,True,har_x,0.0189006809082073,0.020342190418219046
66,22.01.2025,14,2025,True,har_x,0.0189642762012639,0.02007992171103028
66,23.01.2025,14,2025,True,har_x,0.01914216839185,0.019780727547784656
66,24.01.2025,14,2025,True,har_x,0.0192139826888011,0.019231489391986784
66,27.01.2025,14,2025,True,har_x,0.0191870406784867,0.018041116578760934
66,28.01.2025,14,2025,True,har_x,0.0191983139273759,0.02073368719609734
66,29.01.2025,14,2025,True,har_x,0.0192480563998282,0.019448867208313327
66,30.01.2025,14,2025,True,har_x,0.019706095029068,0.019844182673747327
66,31.01.2025,14,2025,True,har_x,0.0197743941266882,0.01922672060553819
66,03.02.2025,14,2025,True,har_x,0.0201223137537888,0.018869645168632092
66,04.02.2025,14,2025,True,har_x,0.0202561062592535,0.019951845866601516
66,05.02.2025,14,2025,True,har_x,0.0202557149226877,0.019372332065074847
66,06.02.2025,14,2025,True,har_x,0.0205337126107042,0.01986925100715828
66,07.02.2025,14,2025,True,har_x,0.020532107806017,0.020236052173880657
66,10.02.2025,14,2025,True,har_x,0.0205845945887754,0.018384409566798047
66,11.02.2025,14,2025,True,har_x,0.0205691917314826,0.019436144935366162
66,12.02.2025,14,2025,True,har_x,0.0204000815557617,0.0188143309558787
66,13.02.2025,14,2025,True,har_x,0.020400130271117,0.019547615479154665
66,14.02.2025,14,2025,True,har_x,0.0204089521021516,0.019202600533214147
66,18.02.2025,14,2025,True,har_x,0.020310192838514,0.01834779445470361
66,19.02.2025,14,2025,True,har_x,0.0203229242265685,0.018958852627474647
66,20.02.2025,14,2025,True,har_x,0.020321880773718,0.019008031860692456
66,21.02.2025,14,2025,True,har_x,0.0201731003261265,0.01903738040119545
66,24.02.2025,14,2025,True,har_x,0.0201888529608306,0.021495797426084998
66,25.02.2025,14,2025,True,har_x,0.0200107040209926,0.018471400835574775
66,26.02.2025,14,2025,True,har_x,0.0200690046589246,0.01910929659095313
66,27.02.2025,14,2025,True,har_x,0.019989277561236,0.019075542091791395
66,28.02.2025,14,2025,True,har_x,0.0199901811867646,0.018933314457144433
66,03.03.2025,14,2025,True,har_x,0.0198678851167115,0.018217169182039188
66,04.03.2025,14,2025,True,har_x,0.0199792701169954,0.021492911136750694
66,05.03.2025,14,2025,True,har_x,0.0197890505761593,0.020987812007109072
66,06.03.2025,14,2025,True,har_x,0.0197874586754806,0.020535609941183
66,07.03.2025,14,2025,True,har_x,0.0204215965066252,0.020626588182295968
66,10.03.2025,14,2025,True,har_x,0.0203448025472766,0.01880317389266281
66,11.03.2025,14,2025,True,har_x,0.0219890576153417,0.021160475507439328
66,12.03.2025,14,2025,True,har_x,0.0219334707457899,0.020201967526296025
66,13.03.2025,14,2025,True,har_x,0.0224580438364197,0.02005707620543716
66,14.03.2025,14,2025,True,har_x,0.0224336706480682,0.020614941792742713
66,17.03.2025,14,2025,True,har_x,0.0224252848418921,0.020759603653333795
66,18.03.2025,14,2025,True,har_x,0.0242690543176266,0.01942771634317241
66,19.03.2025,14,2025,True,har_x,0.0254674030533559,0.020980493260842146
66,20.03.2025,14,2025,True,har_x,0.0253937004228553,0.020145205607945225
66,21.03.2025,14,2025,True,har_x,0.0253915214930997,0.019026265874123403
66,24.03.2025,14,2025,True,har_x,0.0253440621098579,0.018481857111732548
66,25.03.2025,14,2025,True,har_x,0.0253438996678769,0.017649271942301075
66,26.03.2025,14,2025,True,har_x,0.0253130480081213,0.017026586938323467
66,27.03.2025,14,2025,True,har_x,0.0255900773849121,0.017282650633168004
66,28.03.2025,14,2025,True,har_x,0.0255879029094919,0.01702028333280653
66,31.03.2025,14,2025,True,har_x,0.0255564414243743,0.017180010647170542
66,01.04.2025,14,2025,True,har_x,0.0255799923157195,0.02006472300371162
66,02.04.2025,14,2025,True,har_x,0.0255654907113101,0.01826455893527346
66,03.04.2025,14,2025,True,har_x,0.0243819083144736,0.01805841077725093
66,04.04.2025,14,2025,True,har_x,0.0230940553658667,0.02137812404212066
66,07.04.2025,14,2025,True,har_x,0.0230325742583689,0.024512199198721333
66,08.04.2025,14,2025,True,har_x,0.0228774541266616,0.025972469769684793
66,09.04.2025,14,2025,True,har_x,0.0223255132392176,0.02658145515844773
66,10.04.2025,14,2025,True,har_x,0.0219764273595469,0.023739812926717053
66,11.04.2025,14,2025,True,har_x,0.0218275728700637,0.025230919769514564
66,14.04.2025,14,2025,True,har_x,0.0218287436850621,0.02539664237403844
66,15.04.2025,14,2025,True,har_x,0.0218573510297426,0.025262969382397
66,16.04.2025,14,2025,True,har_x,0.021752616799744,0.02358981074059963
66,17.04.2025,14,2025,True,har_x,0.0214387767988603,0.02384861851335991
66,21.04.2025,14,2025,True,har_x,0.0212451609989845,0.023014787486093324
66,22.04.2025,14,2025,True,har_x,0.0213234537495873,0.02294251800341075
66,23.04.2025,14,2025,True,har_x,0.0215756279959824,0.023461779331303566
66,24.04.2025,14,2025,True,har_x,0.02159282453573,0.02373075295673169
66,25.04.2025,14,2025,True,har_x,0.0216322898342586,0.0237929264906641
66,28.04.2025,14,2025,True,har_x,0.0221380656993317,0.023291455898358106
66,29.04.2025,14,2025,True,har_x,0.0219771255770332,0.023707391046750636
66,30.04.2025,14,2025,True,har_x,0.0219603570886949,0.025148355473023156
66,01.05.2025,14,2025,True,har_x,0.0219127782033015,0.026821364981539204
66,02.05.2025,14,2025,True,har_x,0.021858872459727,0.024893654152230216
66,05.05.2025,14,2025,True,har_x,0.0217342947245578,0.02413587582577082
66,06.05.2025,14,2025,True,har_x,0.0214115661983533,0.0235632011646928
66,07.05.2025,14,2025,True,har_x,0.0213249815419081,0.024297788477424323
66,08.05.2025,14,2025,True,har_x,0.0210892873200686,0.02429861549844039
66,09.05.2025,14,2025,True,har_x,0.0211063602255446,0.02394093141957327
66,12.05.2025,14,2025,True,har_x,0.0211008045087057,0.023544761405909248
66,13.05.2025,14,2025,True,har_x,0.0209128636651558,0.02174764559612335
66,14.05.2025,14,2025,True,har_x,0.0209434471506718,0.021574514803249605
66,15.05.2025,14,2025,True,har_x,0.0208188156883377,0.0212639239227066
66,16.05.2025,14,2025,True,har_x,0.020807765476737,0.021879679845092974
66,19.05.2025,14,2025,True,har_x,0.0208070100594427,0.021880659640781983
66,20.05.2025,14,2025,True,har_x,0.0208869682536102,0.021496074472105702
66,21.05.2025,14,2025,True,har_x,0.0210734375131467,0.02029328735887585
66,22.05.2025,14,2025,True,har_x,0.0210994474253948,0.021630752703432277
66,23.05.2025,14,2025,True,har_x,0.0211128070639536,0.022092616520994982
66,27.05.2025,14,2025,True,har_x,0.0210882755918495,0.022436220953038395
66,28.05.2025,14,2025,True,har_x,0.0211097205602502,0.022436536120313773
66,29.05.2025,14,2025,True,har_x,0.0212518654807521,0.022156267065286908
66,30.05.2025,14,2025,True,har_x,0.0212788895900425,0.022128456340537776
66,02.06.2025,14,2025,True,har_x,0.0214258703069734,0.022165274314806485
66,03.06.2025,14,2025,True,har_x,0.0213643733582178,0.021860593404299848
66,04.06.2025,14,2025,True,har_x,0.0213226558409736,0.021618208913413442
66,05.06.2025,14,2025,True,har_x,0.0213975738366353,0.021590183742459218
66,06.06.2025,14,2025,True,har_x,0.0213982504443102,0.020657517049974088
66,09.06.2025,14,2025,True,har_x,0.021403128517716,0.020991805579495863
66,10.06.2025,14,2025,True,har_x,0.0214165277436085,0.020712390557011663
66,11.06.2025,14,2025,True,har_x,0.0208424742592239,0.020815668187099824
66,12.06.2025,14,2025,True,har_x,0.0208507221214441,0.023855354874140294
66,13.06.2025,14,2025,True,har_x,0.0190456599700346,0.024215811229774738
66,16.06.2025,14,2025,True,har_x,0.0190258146178227,0.029703693084513205
66,17.06.2025,14,2025,True,har_x,0.0181966538376031,0.030367866162829195
66,18.06.2025,14,2025,True,har_x,0.0183184501305782,0.03498789567028368
66,20.06.2025,14,2025,True,har_x,0.0185925583261776,0.03324462966481088
66,23.06.2025,14,2025,True,har_x,0.0162074283255448,0.03254979692958346
66,24.06.2025,14,2025,True,har_x,0.0142712707365931,0.030823308385948302
66,25.06.2025,14,2025,True,har_x,0.0147708185453283,0.02966102872389792
66,26.06.2025,14,2025,True,har_x,0.0148726266420105,0.02701226403003487
66,27.06.2025,14,2025,True,har_x,0.0151889193485122,0.02666619108752135
66,30.06.2025,14,2025,True,har_x,0.0153594575748508,0.026454609274583506
66,01.07.2025,14,2025,True,har_x,0.0153629956220346,0.02268854309054669
66,02.07.2025,14,2025,True,har_x,0.0150215716088051,0.021908089461825618
66,03.07.2025,14,2025,True,har_x,0.0150146499887095,0.02314188069262261
66,07.07.2025,14,2025,True,har_x,0.0150258255989604,0.02220088303725717
66,08.07.2025,14,2025,True,har_x,0.0150947533751589,0.02254137462047797
66,09.07.2025,14,2025,True,har_x,0.0157940792468085,0.020885159815399325
66,10.07.2025,14,2025,True,har_x,0.0156382780314085,0.020296700165816525
66,11.07.2025,14,2025,True,har_x,0.0153833793894376,0.020128532976643274
66,14.07.2025,14,2025,True,har_x,0.0152925088337932,0.0215360692365765
66,15.07.2025,14,2025,True,har_x,0.0153505924565863,0.020437474604688925
66,16.07.2025,14,2025,True,har_x,0.0153652050659416,0.02048481880579292
66,17.07.2025,14,2025,True,har_x,0.0152350409066862,0.020080403713764374
66,18.07.2025,14,2025,True,har_x,0.0152584331264062,0.020002332794800803
66,21.07.2025,14,2025,True,har_x,0.0155043605272406,0.019474001566471878
66,22.07.2025,14,2025,True,har_x,0.0168581200338456,0.01939275826718564
66,23.07.2025,14,2025,True,har_x,0.0168579781776017,0.019624693737723835
66,24.07.2025,14,2025,True,har_x,0.0168163175757175,0.019458740597979616
66,25.07.2025,14,2025,True,har_x,0.0169178994664618,0.01945603609488041
66,28.07.2025,14,2025,True,har_x,0.01668874504613,0.01967345394573067
66,29.07.2025,14,2025,True,har_x,0.0160814958550961,0.02021534448040246
66,30.07.2025,14,2025,True,har_x,0.0160191824011381,0.021303653051685495
66,31.07.2025,14,2025,True,har_x,0.0159889150692753,0.020929875575833725
66,01.08.2025,14,2025,True,har_x,0.0152629955823498,0.02075343671531581
66,04.08.2025,14,2025,True,har_x,0.01527860225303,0.02351658172797276
66,05.08.2025,14,2025,True,har_x,0.0151604591893635,0.02189240518281272
66,06.08.2025,14,2025,True,har_x,0.0151185236244725,0.02050461711490318
66,07.08.2025,14,2025,True,har_x,0.0151264431964481,0.02063174446749836
66,08.08.2025,14,2025,True,har_x,0.0152767034350321,0.020120768654214652
66,11.08.2025,14,2025,True,har_x,0.0159756661654299,0.019538676431417434
66,12.08.2025,14,2025,True,har_x,0.015968092981435,0.019184693130906653
66,13.08.2025,14,2025,True,har_x,0.0161804218044053,0.018849238005295234
66,14.08.2025,14,2025,True,har_x,0.0160159943956705,0.01982759850353808
66,15.08.2025,14,2025,True,har_x,0.0159741296086164,0.020790038248903703
66,18.08.2025,14,2025,True,har_x,0.0161193296790577,0.021216634536146667
66,19.08.2025,14,2025,True,har_x,0.0160560014301581,0.019981672030681633
66,20.08.2025,14,2025,True,har_x,0.0159953396318678,0.020280427174340296
66,21.08.2025,14,2025,True,har_x,0.0160021821854305,0.02021536304501778
66,22.08.2025,14,2025,True,har_x,0.0160817538252823,0.019854102930029757
66,25.08.2025,14,2025,True,har_x,0.0160088712860223,0.019259096395306628
66,26.08.2025,14,2025,True,har_x,0.015774555281556,0.01881586825329741
66,27.08.2025,14,2025,True,har_x,0.015688174017615,0.019762639907281512
66,28.08.2025,14,2025,True,har_x,0.0156936780895703,0.019118868939806397
66,29.08.2025,14,2025,True,har_x,0.015687808212095,0.019656443264829043
66,02.09.2025,14,2025,True,har_x,0.0156153522845276,0.019230796403404405
66,03.09.2025,14,2025,True,har_x,0.015426891357152,0.02003915686152514
66,04.09.2025,14,2025,True,har_x,0.015573378329533,0.020383011352198742
66,05.09.2025,14,2025,True,har_x,0.0153736096097952,0.02016013596815842
66,08.09.2025,14,2025,True,har_x,0.0153486579535405,0.019830951193528863
66,09.09.2025,14,2025,True,har_x,0.0154246365205,0.020339765846168173
66,10.09.2025,14,2025,True,har_x,0.0152667703953032,0.019753474370906535
66,11.09.2025,14,2025,True,har_x,0.0151790741044034,0.019869273595117823
66,12.09.2025,14,2025,True,har_x,0.0154526856676286,0.020115164702577105
66,15.09.2025,14,2025,True,har_x,0.0155235488197851,0.01922424460249466
66,16.09.2025,14,2025,True,har_x,0.0153870703461934,0.018609472015851832
66,17.09.2025,14,2025,True,har_x,0.0154514069199229,0.019367327080078104
66,18.09.2025,14,2025,True,har_x,0.0158092025224807,0.018665557831667068
66,19.09.2025,14,2025,True,har_x,0.0157767472630468,0.018782772798790683
66,22.09.2025,14,2025,True,har_x,0.0157772901213353,0.018469418878684685
66,23.09.2025,14,2025,True,har_x,0.0159310392361077,0.01914271118230105
66,24.09.2025,14,2025,True,har_x,0.0158519793080374,0.019781606092495248
66,25.09.2025,14,2025,True,har_x,0.0158476266801272,0.02049577520041484
66,26.09.2025,14,2025,True,har_x,0.0158927597606434,0.02102453940407316
66,29.09.2025,14,2025,True,har_x,0.0154700044023287,0.020666107729978005
66,30.09.2025,14,2025,True,har_x,0.0155511496686774,0.020939520808443177
66,01.10.2025,14,2025,True,har_x,0.0153928713382753,0.020788802248988103
66,02.10.2025,14,2025,True,har_x,0.0152916716348286,0.021644588697389732
66,03.10.2025,14,2025,True,har_x,0.0158399022164899,0.021885931568941173
66,06.10.2025,14,2025,True,har_x,0.0159670417481564,0.021367488416120534
66,07.10.2025,14,2025,True,har_x,0.0160040309294857,0.01930079750810572
66,08.10.2025,14,2025,True,har_x,0.0162290765440823,0.018975734837964334
66,09.10.2025,14,2025,True,har_x,0.01623089802821,0.018859766567341254
66,10.10.2025,14,2025,True,har_x,0.0163641860855836,0.019109712046330038
66,13.10.2025,14,2025,True,har_x,0.0163394486191478,0.02130551317093938
66,14.10.2025,14,2025,True,har_x,0.0162967783322297,0.020456374017453198
66,15.10.2025,14,2025,True,har_x,0.0162716861687904,0.02227597862010145
66,16.10.2025,14,2025,True,har_x,0.0163418642197921,0.021690006964328976
66,17.10.2025,14,2025,True,har_x,0.0166803425392578,0.022223996590657893
66,20.10.2025,14,2025,True,har_x,0.016679479933728,0.021560868352777797
66,21.10.2025,14,2025,True,har_x,0.0170423993661599,0.020297155021346113
66,22.10.2025,14,2025,True,har_x,0.0169301676551161,0.020046802033677903
66,23.10.2025,14,2025,True,har_x,0.0161641014009101,0.021028764664127484
66,24.10.2025,14,2025,True,har_x,0.0161633911776555,0.02252791999361539
66,27.10.2025,14,2025,True,har_x,0.0180342643979215,0.021543334362013476
66,28.10.2025,14,2025,True,har_x,0.0179731969757775,0.02222101694153641
66,29.10.2025,14,2025,True,har_x,0.018340134478044,0.02202446984017954
66,30.10.2025,14,2025,True,har_x,0.0186820228652292,0.02187062820147843
66,31.10.2025,14,2025,True,har_x,0.0187006582884593,0.02038481736210519
66,03.11.2025,14,2025,True,har_x,0.0187717211423551,0.020810873896133283
66,04.11.2025,14,2025,True,har_x,0.018754086244939,0.018716698863213442
66,05.11.2025,14,2025,True,har_x,0.0186779707281738,0.018561226618058965
66,06.11.2025,14,2025,True,har_x,0.0190075994248405,0.018504003926067283
66,07.11.2025,14,2025,True,har_x,0.0190064218551346,0.01837844217942897
66,10.11.2025,14,2025,True,har_x,0.0190058242769545,0.01825932165390751
66,11.11.2025,14,2025,True,har_x,0.0195919390936688,0.018005343949176075
66,12.11.2025,14,2025,True,har_x,0.0190710323433709,0.018202888936997463
66,13.11.2025,14,2025,True,har_x,0.0190680680851531,0.020186989291878992
66,14.11.2025,14,2025,True,har_x,0.0189203564135177,0.01976382710974611
66,17.11.2025,14,2025,True,har_x,0.0189673251082717,0.02017704328330713
66,18.11.2025,14,2025,True,har_x,0.018932348231715,0.019844830558132326
66,19.11.2025,14,2025,True,har_x,0.018720008704527,0.02015599349433402
66,20.11.2025,14,2025,True,har_x,0.0189175525286475,0.020218657523980613
66,21.11.2025,14,2025,True,har_x,0.0205905707187204,0.020598300531551
66,24.11.2025,14,2025,True,har_x,0.0212220291444282,0.020421292994391462
66,25.11.2025,14,2025,True,har_x,0.0211092184949875,0.020633974977638973
66,26.11.2025,14,2025,True,har_x,0.0217839699758604,0.02094794108534655
66,28.11.2025,14,2025,True,har_x,0.0237606794454398,0.020341772960353787
66,01.12.2025,14,2025,True,har_x,0.0248534869610042,0.0212812191481208
66,02.12.2025,14,2025,True,har_x,0.0292549201478625,0.020107923243104522
66,03.12.2025,14,2025,True,har_x,0.0296930927966373,0.020207503245889626
66,04.12.2025,14,2025,True,har_x,0.03137565029959,0.019418150652051318
66,05.12.2025,14,2025,True,har_x,0.0314656233879848,0.01933734482892134
66,08.12.2025,14,2025,True,har_x,0.0316022242129821,0.01899299014078323
66,09.12.2025,14,2025,True,har_x,0.0316784591893867,0.019593871093309775
66,10.12.2025,14,2025,True,har_x,0.0318866370935949,0.01891652012805684
66,11.12.2025,14,2025,True,har_x,0.0317553356671818,0.0188545564065281
66,12.12.2025,14,2025,True,har_x,0.0318523620231749,0.019208441187526872
66,15.12.2025,14,2025,True,har_x,0.0353049176850863,0.01842534901938123
66,16.12.2025,14,2025,True,har_x,0.0353174118572594,0.01899990290008025
66,17.12.2025,14,2025,True,har_x,0.0355136855327138,0.020375791562390073
66,18.12.2025,14,2025,True,har_x,0.0359715994686772,0.02050113302418462
66,19.12.2025,14,2025,True,har_x,0.0361916340038405,0.01948174556944998
66,22.12.2025,14,2025,True,har_x,0.0361425530707543,0.019642914578497508
66,23.12.2025,14,2025,True,har_x,0.036457998627262,0.019140829153941278
66,24.12.2025,14,2025,True,har_x,0.0418169163851972,0.018485135561471633
66,26.12.2025,14,2025,True,har_x,0.0424185717918667,0.018143445253066052
66,29.12.2025,14,2025,True,har_x,0.0423912723250211,0.01887695014734853
66,30.12.2025,14,2025,True,har_x,0.0424083314827109,0.01927635798085693
66,31.12.2025,14,2025,True,har_x,0.0462172493634244,0.018515860602565146
126,02.01.2025,14,2025,True,har,0.0208313504276539,0.018442399105856475
126,03.01.2025,14,2025,True,har,0.0208185155103497,0.018599167633918365
126,06.01.2025,14,2025,True,har,0.0209069512999382,0.018009840759382955
126,07.01.2025,14,2025,True,har,0.0210100530504313,0.017993584191637747
126,08.01.2025,14,2025,True,har,0.021034674146546,0.017943042289838698
126,10.01.2025,14,2025,True,har,0.0206151039323214,0.01829371893962425
126,13.01.2025,14,2025,True,har,0.0205606685693195,0.02071254608417406
126,14.01.2025,14,2025,True,har,0.0205790827293948,0.02009138926190314
126,15.01.2025,14,2025,True,har,0.0204348702911476,0.020332030102889274
126,16.01.2025,14,2025,True,har,0.0204231175675352,0.020821258812074066
126,17.01.2025,14,2025,True,har,0.020430093144964,0.02047299026876753
126,21.01.2025,14,2025,True,har,0.0203699649392603,0.019914985694249532
126,22.01.2025,14,2025,True,har,0.0203917374994192,0.02042942969986314
126,23.01.2025,14,2025,True,har,0.020397717563356,0.02006417223563821
126,24.01.2025,14,2025,True,har,0.0205086331797137,0.019566737062997226
126,27.01.2025,14,2025,True,har,0.0206914471528727,0.019545193557334296
126,28.01.2025,14,2025,True,har,0.0207062491553722,0.020090736359337755
126,29.01.2025,14,2025,True,har,0.0206979739960328,0.01983350905905395
126,30.01.2025,14,2025,True,har,0.0209955500718418,0.020029535507590533
126,31.01.2025,14,2025,True,har,0.0210243802208499,0.019918835432470677
126,03.02.2025,14,2025,True,har,0.0210527610525573,0.01984789197842283
126,04.02.2025,14,2025,True,har,0.0210691720863198,0.01982189604284821
126,05.02.2025,14,2025,True,har,0.0209989449911629,0.01962766837414213
126,06.02.2025,14,2025,True,har,0.0209988140593095,0.020342182150612113
126,07.02.2025,14,2025,True,har,0.0209927062912707,0.01989667798274861
126,10.02.2025,14,2025,True,har,0.0209456229436938,0.019958964051217144
126,11.02.2025,14,2025,True,har,0.0209043946324184,0.019398125181948868
126,12.02.2025,14,2025,True,har,0.0208765238064901,0.0194548508379146
126,13.02.2025,14,2025,True,har,0.0209134629920139,0.01987699328220234
126,14.02.2025,14,2025,True,har,0.0209409202154685,0.018937681171778662
126,18.02.2025,14,2025,True,har,0.0209182562083993,0.018958836443740575
126,19.02.2025,14,2025,True,har,0.0209702370668842,0.019346846003659043
126,20.02.2025,14,2025,True,har,0.0209954244096731,0.018853970502427465
126,21.02.2025,14,2025,True,har,0.0208637104729032,0.018546867549460184
126,24.02.2025,14,2025,True,har,0.0209095138981811,0.01980429207384696
126,25.02.2025,14,2025,True,har,0.0209044026233283,0.01939288901483276
126,26.02.2025,14,2025,True,har,0.0209287595913532,0.019903636433473423
126,27.02.2025,14,2025,True,har,0.0208581913479595,0.019486962098071353
126,28.02.2025,14,2025,True,har,0.0208432478098973,0.020251913340134327
126,03.03.2025,14,2025,True,har,0.0208024229179597,0.019924356714229582
126,04.03.2025,14,2025,True,har,0.020885245009022,0.020335909725440287
126,05.03.2025,14,2025,True,har,0.0207849623358664,0.019937635228087947
126,06.03.2025,14,2025,True,har,0.0208775921120142,0.02057230845039431
126,07.03.2025,14,2025,True,har,0.0208568838055016,0.019596422800998728
126,10.03.2025,14,2025,True,har,0.0208203584307503,0.02022019896945719
126,11.03.2025,14,2025,True,har,0.0208704300018767,0.020240283913586298
126,12.03.2025,14,2025,True,har,0.0208436692897191,0.019904870802845302
126,13.03.2025,14,2025,True,har,0.0208199982521624,0.020179762376986363
126,14.03.2025,14,2025,True,har,0.0208090819465478,0.020133175934512953
126,17.03.2025,14,2025,True,har,0.0208450530656858,0.020084870415120387
126,18.03.2025,14,2025,True,har,0.0208462045598215,0.019899117879214844
126,19.03.2025,14,2025,True,har,0.0208538394083953,0.019838205810960845
126,20.03.2025,14,2025,True,har,0.0208170111973617,0.019551097780993246
126,21.03.2025,14,2025,True,har,0.0208156590130746,0.019885201285853395
126,24.03.2025,14,2025,True,har,0.0208388752951164,0.019304765458845186
126,25.03.2025,14,2025,True,har,0.0209588379195861,0.01958253254999441
126,26.03.2025,14,2025,True,har,0.020936778860335,0.01896636371420217
126,27.03.2025,14,2025,True,har,0.0209557478553067,0.019177062691785433
126,28.03.2025,14,2025,True,har,0.021130970022466,0.018715459149930586
126,31.03.2025,14,2025,True,har,0.0211178420217687,0.018817959905867675
126,01.04.2025,14,2025,True,har,0.0212281408520534,0.018874620423943115
126,02.04.2025,14,2025,True,har,0.0212792206064724,0.018643109541397765
126,03.04.2025,14,2025,True,har,0.0204709417531297,0.01816032622555197
126,04.04.2025,14,2025,True,har,0.0196219982798697,0.0230730201964316
126,07.04.2025,14,2025,True,har,0.0195303566523755,0.024940112769675553
126,08.04.2025,14,2025,True,har,0.0194583561049424,0.02375332468836647
126,09.04.2025,14,2025,True,har,0.019157539207022,0.02367092415803978
126,10.04.2025,14,2025,True,har,0.0192408906761494,0.025232066574601638
126,11.04.2025,14,2025,True,har,0.0191545802930846,0.024958049575366757
126,14.04.2025,14,2025,True,har,0.0191978338958383,0.02446538796218419
126,15.04.2025,14,2025,True,har,0.0192074566448655,0.02394352893728046
126,16.04.2025,14,2025,True,har,0.0191728543229357,0.0238116440313225
126,17.04.2025,14,2025,True,har,0.018958847518612,0.023841425645138203
126,21.04.2025,14,2025,True,har,0.0188339189622356,0.02384405955053469
126,22.04.2025,14,2025,True,har,0.0187693186221907,0.024263525138491865
126,23.04.2025,14,2025,True,har,0.0187858124474752,0.024209266213429934
126,24.04.2025,14,2025,True,har,0.0193685952670327,0.02448525619223751
126,25.04.2025,14,2025,True,har,0.0193637567970929,0.024138769540652798
126,28.04.2025,14,2025,True,har,0.0193210511480959,0.02375951876119747
126,29.04.2025,14,2025,True,har,0.0192670902770557,0.02382348992430891
126,30.04.2025,14,2025,True,har,0.0192137840526125,0.02389509188919379
126,01.05.2025,14,2025,True,har,0.019159933137917,0.023758024772702124
126,02.05.2025,14,2025,True,har,0.0191188918639113,0.023494842040986497
126,05.05.2025,14,2025,True,har,0.0190534317011857,0.022185423555340648
126,06.05.2025,14,2025,True,har,0.018862989724448,0.021157175778821886
126,07.05.2025,14,2025,True,har,0.0188473152657669,0.022730407091199962
126,08.05.2025,14,2025,True,har,0.0186865750153127,0.022381259374995223
126,09.05.2025,14,2025,True,har,0.0186288735250259,0.022500884577095485
126,12.05.2025,14,2025,True,har,0.0185812336585726,0.0219655908054402
126,13.05.2025,14,2025,True,har,0.0185042576696406,0.02158077382080596
126,14.05.2025,14,2025,True,har,0.0188011921664462,0.021899459942999015
126,15.05.2025,14,2025,True,har,0.0186879951566106,0.021369875444163938
126,16.05.2025,14,2025,True,har,0.0187496338107456,0.02213968799311949
126,19.05.2025,14,2025,True,har,0.0187503516200343,0.02161716596771345
126,20.05.2025,14,2025,True,har,0.0187740688110672,0.021122282337152774
126,21.05.2025,14,2025,True,har,0.0188605234677576,0.02068253407138066
126,22.05.2025,14,2025,True,har,0.018850547972275,0.02065281932829393
126,23.05.2025,14,2025,True,har,0.018879049749928,0.02033864592882267
126,27.05.2025,14,2025,True,har,0.0188916429672912,0.02011738832297656
126,28.05.2025,14,2025,True,har,0.018898389424424,0.02021989334198531
126,29.05.2025,14,2025,True,har,0.01889445854114,0.02031225682636884
126,30.05.2025,14,2025,True,har,0.0188917183044959,0.020265386153765205
126,02.06.2025,14,2025,True,har,0.0188637513558215,0.019989661406023807
126,03.06.2025,14,2025,True,har,0.0188383352103362,0.02014412842068157
126,04.06.2025,14,2025,True,har,0.0188135394122381,0.020097540997051102
126,05.06.2025,14,2025,True,har,0.0188208722983221,0.019825564476439368
126,06.06.2025,14,2025,True,har,0.018769793567596,0.019473621713551256
126,09.06.2025,14,2025,True,har,0.018833669991997,0.01947531265120635
126,10.06.2025,14,2025,True,har,0.0188473344878187,0.01920999210142437
126,11.06.2025,14,2025,True,har,0.0184524297141226,0.018970333883725418
126,12.06.2025,14,2025,True,har,0.0184902779460126,0.020662008469807154
126,13.06.2025,14,2025,True,har,0.0174265198814494,0.02007256201631402
126,16.06.2025,14,2025,True,har,0.0174067815766959,0.023328451175891784
126,17.06.2025,14,2025,True,har,0.0170937492865009,0.022620665350086708
126,18.06.2025,14,2025,True,har,0.0171387044911849,0.02358780834831609
126,20.06.2025,14,2025,True,har,0.0171346113407095,0.022791474485346245
126,23.06.2025,14,2025,True,har,0.0158865020724247,0.02264285306732993
126,24.06.2025,14,2025,True,har,0.0150941773137381,0.02638151877804404
126,25.06.2025,14,2025,True,har,0.0150827249377152,0.0275740186193167
126,26.06.2025,14,2025,True,har,0.0150828755275611,0.025945735330488114
126,27.06.2025,14,2025,True,har,0.0152507507120253,0.025758229833675404
126,30.06.2025,14,2025,True,har,0.0153765275409481,0.025676900417150948
126,01.07.2025,14,2025,True,har,0.015364680717241,0.0250707002562566
126,02.07.2025,14,2025,True,har,0.0151982830176672,0.02375887077376323
126,03.07.2025,14,2025,True,har,0.0151951743998576,0.02484015750085167
126,07.07.2025,14,2025,True,har,0.01523588968796,0.02435430656466067
126,08.07.2025,14,2025,True,har,0.0152830205936791,0.024514434082842936
126,09.07.2025,14,2025,True,har,0.0153142241147443,0.0243797483277432
126,10.07.2025,14,2025,True,har,0.0155022974426012,0.024124721606124173
126,11.07.2025,14,2025,True,har,0.0154625977079655,0.024684828631230803
126,14.07.2025,14,2025,True,har,0.0154196909448938,0.0247246139101977
126,15.07.2025,14,2025,True,har,0.0155725709624356,0.024717107126479
126,16.07.2025,14,2025,True,har,0.0156384529727621,0.023349811553977362
126,17.07.2025,14,2025,True,har,0.016025878858784,0.02322849742787169
126,18.07.2025,14,2025,True,har,0.0160342466589304,0.022867229266450354
126,21.07.2025,14,2025,True,har,0.016075041795413,0.02230437338047233
126,22.07.2025,14,2025,True,har,0.0160640393393461,0.02206748854694755
126,23.07.2025,14,2025,True,har,0.0161425078816354,0.020667892621119933
126,24.07.2025,14,2025,True,har,0.0163167449702458,0.018804403463397925
126,25.07.2025,14,2025,True,har,0.016294276223768,0.018868623937120917
126,28.07.2025,14,2025,True,har,0.016381099339329,0.019041327356967605
126,29.07.2025,14,2025,True,har,0.0161179740828705,0.01989595349588537
126,30.07.2025,14,2025,True,har,0.0163691628344005,0.02084285425131633
126,31.07.2025,14,2025,True,har,0.0163470948689052,0.020250410090254904
126,01.08.2025,14,2025,True,har,0.0169425644884708,0.0201930282490388
126,04.08.2025,14,2025,True,har,0.0169616294557926,0.022100902133011198
126,05.08.2025,14,2025,True,har,0.0171254972747714,0.02149993622633226
126,06.08.2025,14,2025,True,har,0.0172784943954197,0.021019157127913475
126,07.08.2025,14,2025,True,har,0.0172791712410666,0.020623769414644836
126,08.08.2025,14,2025,True,har,0.0173247309188919,0.020418669743525283
126,11.08.2025,14,2025,True,har,0.017327957184138,0.019683674241517086
126,12.08.2025,14,2025,True,har,0.0173293207298079,0.019602982851485897
126,13.08.2025,14,2025,True,har,0.0174926880487947,0.019614398806584048
126,14.08.2025,14,2025,True,har,0.017419995140188,0.019568652095030142
126,15.08.2025,14,2025,True,har,0.0173735988458638,0.020180968890222434
126,18.08.2025,14,2025,True,har,0.0177521419584859,0.020313874786271086
126,19.08.2025,14,2025,True,har,0.0177873727013795,0.02040725332553353
126,20.08.2025,14,2025,True,har,0.0177353878476989,0.02049275598083452
126,21.08.2025,14,2025,True,har,0.0177078524191806,0.0207533815107304
126,22.08.2025,14,2025,True,har,0.0177327530649095,0.020640433055862863
126,25.08.2025,14,2025,True,har,0.0176794478696385,0.020178937666150247
126,26.08.2025,14,2025,True,har,0.0175541758643828,0.020382990351271314
126,27.08.2025,14,2025,True,har,0.0176501275735759,0.020387330319457466
126,28.08.2025,14,2025,True,har,0.0186949346710541,0.020172910360741793
126,29.08.2025,14,2025,True,har,0.0191044318231598,0.020111147781545866
126,02.09.2025,14,2025,True,har,0.0190665746614243,0.01941708863256853
126,03.09.2025,14,2025,True,har,0.0193957303444946,0.019591622340096523
126,04.09.2025,14,2025,True,har,0.020635917656928,0.01985153796138105
126,05.09.2025,14,2025,True,har,0.0212591381491397,0.01951427380040023
126,08.09.2025,14,2025,True,har,0.0239089743623979,0.020029312478163898
126,09.09.2025,14,2025,True,har,0.024230282004478,0.01989241605743093
126,10.09.2025,14,2025,True,har,0.0253745193998988,0.019711401369031434
126,11.09.2025,14,2025,True,har,0.0253944533008438,0.0200589751129474
126,12.09.2025,14,2025,True,har,0.0255513717515015,0.020261975701970414
126,15.09.2025,14,2025,True,har,0.0256740743763841,0.019746483643494305
126,16.09.2025,14,2025,True,har,0.0258334366512931,0.019592280552112488
126,17.09.2025,14,2025,True,har,0.025823945366093,0.0198579744953237
126,18.09.2025,14,2025,True,har,0.0259265586723443,0.0196434295480279
126,19.09.2025,14,2025,True,har,0.0280028490157562,0.01939895445672302
126,22.09.2025,14,2025,True,har,0.0282398115841337,0.019518886051156228
126,23.09.2025,14,2025,True,har,0.0283093811533351,0.019281277047601752
126,24.09.2025,14,2025,True,har,0.0286221430684721,0.019573177395069297
126,25.09.2025,14,2025,True,har,0.0288191931265891,0.020041597915149693
126,26.09.2025,14,2025,True,har,0.028814079257063,0.019464334630328785
126,29.09.2025,14,2025,True,har,0.0289104879320765,0.01942420380588047
126,30.09.2025,14,2025,True,har,0.0322497296878304,0.020940454115227533
126,01.10.2025,14,2025,True,har,0.032771661335673,0.020582174702628672
126,02.10.2025,14,2025,True,har,0.0327060295540716,0.020605335016551155
126,03.10.2025,14,2025,True,har,0.0327148266310726,0.020501916987870218
126,06.10.2025,14,2025,True,har,0.0352158563340667,0.020000632991058934
126,07.10.2025,14,2025,True,har,0.0352244271726371,0.02038310720268252
126,08.10.2025,14,2025,True,har,0.0352273249189945,0.020079388972369216
126,09.10.2025,14,2025,True,har,0.0353656187262171,0.020044638036138703
126,10.10.2025,14,2025,True,har,0.0354509990211161,0.02001369839252752
126,13.10.2025,14,2025,True,har,0.0354471309945891,0.021593520988426908
126,14.10.2025,14,2025,True,har,0.0356125695137737,0.020981645994057854
126,15.10.2025,14,2025,True,har,0.036670146771758,0.020981507037558727
126,16.10.2025,14,2025,True,har,0.0369279850523225,0.020629790050846596
126,17.10.2025,14,2025,True,har,0.0370085112404018,0.020775745227832664
126,20.10.2025,14,2025,True,har,0.0370999483739675,0.02019428366339337
126,21.10.2025,14,2025,True,har,0.0371747245467167,0.020014060068885488
126,22.10.2025,14,2025,True,har,0.0371464583242835,0.01991250464676759
126,23.10.2025,14,2025,True,har,0.0369463742133941,0.02040584177922924
126,24.10.2025,14,2025,True,har,0.0370039941132595,0.022835174684743016
126,27.10.2025,14,2025,True,har,0.0373163889113828,0.02181177997025818
126,28.10.2025,14,2025,True,har,0.0374228534289741,0.021607505151273805
126,29.10.2025,14,2025,True,har,0.0377655308547639,0.022190848921979953
126,30.10.2025,14,2025,True,har,0.0380507119034549,0.02176655777205149
126,31.10.2025,14,2025,True,har,0.0382626090761388,0.020453810797647423
126,03.11.2025,14,2025,True,har,0.0390122773694097,0.02044570064474676
126,04.11.2025,14,2025,True,har,0.0390257696011433,0.020397242668152734
126,05.11.2025,14,2025,True,har,0.0390002504310376,0.020223985557904126
126,06.11.2025,14,2025,True,har,0.0390585200049818,0.020419631682832052
126,07.11.2025,14,2025,True,har,0.0391477025891863,0.02007467479474759
126,10.11.2025,14,2025,True,har,0.0392064412144263,0.019545671401335604
126,11.11.2025,14,2025,True,har,0.0391898251481032,0.019685811412930743
126,12.11.2025,14,2025,True,har,0.0390905191919808,0.020064864061346277
126,13.11.2025,14,2025,True,har,0.0391363507332632,0.021678749570665234
126,14.11.2025,14,2025,True,har,0.0391203116801321,0.020963084645943153
126,17.11.2025,14,2025,True,har,0.0395066123493292,0.02158346974360125
126,18.11.2025,14,2025,True,har,0.0395770391687017,0.021210891913063152
126,19.11.2025,14,2025,True,har,0.0395156612741121,0.02132526360045314
126,20.11.2025,14,2025,True,har,0.0396966786175072,0.02120664429524751
126,21.11.2025,14,2025,True,har,0.0400072726049871,0.019592075062071647
126,24.11.2025,14,2025,True,har,0.0400066381828609,0.01961698310629474
126,25.11.2025,14,2025,True,har,0.0400208766569894,0.019883404131162657
126,26.11.2025,14,2025,True,har,0.040094986235018,0.019751807330816912
126,28.11.2025,14,2025,True,har,0.0400999814234132,0.01965883828695993
126,01.12.2025,14,2025,True,har,0.0401217868124733,0.01948139779463896
126,02.12.2025,14,2025,True,har,0.0402032714763621,0.019346016306161118
126,03.12.2025,14,2025,True,har,0.0402598756183308,0.019562167386801582
126,04.12.2025,14,2025,True,har,0.0402645014804977,0.019284145490695216
126,05.12.2025,14,2025,True,har,0.040371481298978,0.019339960978916375
126,08.12.2025,14,2025,True,har,0.0403410660719609,0.019376074163475913
126,09.12.2025,14,2025,True,har,0.0404331048891073,0.020065363570902373
126,10.12.2025,14,2025,True,har,0.0405693639176524,0.01982112899174328
126,11.12.2025,14,2025,True,har,0.0407982440512327,0.019586782182783043
126,12.12.2025,14,2025,True,har,0.0410826891671888,0.019148133191081124
126,15.12.2025,14,2025,True,har,0.041073031107068,0.018744079618357248
126,16.12.2025,14,2025,True,har,0.0409870016180778,0.018409949284206965
126,17.12.2025,14,2025,True,har,0.0410471671852485,0.019396555797069392
126,18.12.2025,14,2025,True,har,0.0410627391007721,0.01931975651492128
126,19.12.2025,14,2025,True,har,0.0412612908020027,0.01895291211507922
126,22.12.2025,14,2025,True,har,0.0412372434959423,0.019321270426224765
126,23.12.2025,14,2025,True,har,0.0414385301499784,0.02016557790913922
126,24.12.2025,14,2025,True,har,0.0414584457228574,0.019028701702468002
126,26.12.2025,14,2025,True,har,0.0413878395096646,0.018979399363981755
126,29.12.2025,14,2025,True,har,0.0413881710383068,0.020195663079593605
126,30.12.2025,14,2025,True,har,0.041388363445709,0.020451162047630044
126,31.12.2025,14,2025,True,har,0.041354790671326,0.019820880178099198
126,02.01.2025,14,2025,True,har_ovx,0.0208313504276539,0.01925921357316804
126,03.01.2025,14,2025,True,har_ovx,0.0208185155103497,0.019236792734091405
126,06.01.2025,14,2025,True,har_ovx,0.0209069512999382,0.019111201967271414
126,07.01.2025,14,2025,True,har_ovx,0.0210100530504313,0.019000941703300286
126,08.01.2025,14,2025,True,har_ovx,0.021034674146546,0.01929732666591215
126,10.01.2025,14,2025,True,har_ovx,0.0206151039323214,0.01952152098697191
126,13.01.2025,14,2025,True,har_ovx,0.0205606685693195,0.020768649653440933
126,14.01.2025,14,2025,True,har_ovx,0.0205790827293948,0.02058808105343274
126,15.01.2025,14,2025,True,har_ovx,0.0204348702911476,0.02059846539141047
126,16.01.2025,14,2025,True,har_ovx,0.0204231175675352,0.020658265334130732
126,17.01.2025,14,2025,True,har_ovx,0.020430093144964,0.020579176499641853
126,21.01.2025,14,2025,True,har_ovx,0.0203699649392603,0.020407517318852948
126,22.01.2025,14,2025,True,har_ovx,0.0203917374994192,0.020844089754479246
126,23.01.2025,14,2025,True,har_ovx,0.020397717563356,0.020650576862580962
126,24.01.2025,14,2025,True,har_ovx,0.0205086331797137,0.020310673767232276
126,27.01.2025,14,2025,True,har_ovx,0.0206914471528727,0.019590847638990508
126,28.01.2025,14,2025,True,har_ovx,0.0207062491553722,0.02081758751713329
126,29.01.2025,14,2025,True,har_ovx,0.0206979739960328,0.020036639646531608
126,30.01.2025,14,2025,True,har_ovx,0.0209955500718418,0.020288155658605714
126,31.01.2025,14,2025,True,har_ovx,0.0210243802208499,0.019916491406448897
126,03.02.2025,14,2025,True,har_ovx,0.0210527610525573,0.019700331077476978
126,04.02.2025,14,2025,True,har_ovx,0.0210691720863198,0.020603704254114855
126,05.02.2025,14,2025,True,har_ovx,0.0209989449911629,0.02024599520780717
126,06.02.2025,14,2025,True,har_ovx,0.0209988140593095,0.020604314844720344
126,07.02.2025,14,2025,True,har_ovx,0.0209927062912707,0.02080422970439859
126,10.02.2025,14,2025,True,har_ovx,0.0209456229436938,0.01968638467199074
126,11.02.2025,14,2025,True,har_ovx,0.0209043946324184,0.019971392340679857
126,12.02.2025,14,2025,True,har_ovx,0.0208765238064901,0.019597105228841886
126,13.02.2025,14,2025,True,har_ovx,0.0209134629920139,0.020090281795149656
126,14.02.2025,14,2025,True,har_ovx,0.0209409202154685,0.019745004489461752
126,18.02.2025,14,2025,True,har_ovx,0.0209182562083993,0.0192276622255721
126,19.02.2025,14,2025,True,har_ovx,0.0209702370668842,0.01917120910179814
126,20.02.2025,14,2025,True,har_ovx,0.0209954244096731,0.019156270647854863
126,21.02.2025,14,2025,True,har_ovx,0.0208637104729032,0.01916609409335561
126,24.02.2025,14,2025,True,har_ovx,0.0209095138981811,0.020759819336092757
126,25.02.2025,14,2025,True,har_ovx,0.0209044026233283,0.019850117588187784
126,26.02.2025,14,2025,True,har_ovx,0.0209287595913532,0.020269103360253837
126,27.02.2025,14,2025,True,har_ovx,0.0208581913479595,0.020233953333212942
126,28.02.2025,14,2025,True,har_ovx,0.0208432478098973,0.020223060072099355
126,03.03.2025,14,2025,True,har_ovx,0.0208024229179597,0.019789032739358302
126,04.03.2025,14,2025,True,har_ovx,0.020885245009022,0.021413988155859008
126,05.03.2025,14,2025,True,har_ovx,0.0207849623358664,0.021097402761552586
126,06.03.2025,14,2025,True,har_ovx,0.0208775921120142,0.0208811951935951
126,07.03.2025,14,2025,True,har_ovx,0.0208568838055016,0.020882015641511157
126,10.03.2025,14,2025,True,har_ovx,0.0208203584307503,0.01983102473760318
126,11.03.2025,14,2025,True,har_ovx,0.0208704300018767,0.020710886652133064
126,12.03.2025,14,2025,True,har_ovx,0.0208436692897191,0.020092533715886728
126,13.03.2025,14,2025,True,har_ovx,0.0208199982521624,0.020029787878819264
126,14.03.2025,14,2025,True,har_ovx,0.0208090819465478,0.020338872568499942
126,17.03.2025,14,2025,True,har_ovx,0.0208450530656858,0.02044429285777715
126,18.03.2025,14,2025,True,har_ovx,0.0208462045598215,0.01990481605748278
126,19.03.2025,14,2025,True,har_ovx,0.0208538394083953,0.020807126987984485
126,20.03.2025,14,2025,True,har_ovx,0.0208170111973617,0.020294921807023535
126,21.03.2025,14,2025,True,har_ovx,0.0208156590130746,0.019661331657751788
126,24.03.2025,14,2025,True,har_ovx,0.0208388752951164,0.019256463293781854
126,25.03.2025,14,2025,True,har_ovx,0.0209588379195861,0.019563500983578952
126,26.03.2025,14,2025,True,har_ovx,0.020936778860335,0.019111031558802
126,27.03.2025,14,2025,True,har_ovx,0.0209557478553067,0.01927408625162365
126,28.03.2025,14,2025,True,har_ovx,0.021130970022466,0.01905508503781251
126,31.03.2025,14,2025,True,har_ovx,0.0211178420217687,0.019141612463783084
126,01.04.2025,14,2025,True,har_ovx,0.0212281408520534,0.01954972702920038
126,02.04.2025,14,2025,True,har_ovx,0.0212792206064724,0.019429400315675454
126,03.04.2025,14,2025,True,har_ovx,0.0204709417531297,0.01917555394794606
126,04.04.2025,14,2025,True,har_ovx,0.0196219982798697,0.021847352254505212
126,07.04.2025,14,2025,True,har_ovx,0.0195303566523755,0.02410399303587973
126,08.04.2025,14,2025,True,har_ovx,0.0194583561049424,0.025093678996451638
126,09.04.2025,14,2025,True,har_ovx,0.019157539207022,0.02547059354245363
126,10.04.2025,14,2025,True,har_ovx,0.0192408906761494,0.023908458071766465
126,11.04.2025,14,2025,True,har_ovx,0.0191545802930846,0.024839604950067738
126,14.04.2025,14,2025,True,har_ovx,0.0191978338958383,0.024952770631939458
126,15.04.2025,14,2025,True,har_ovx,0.0192074566448655,0.024231512167422274
126,16.04.2025,14,2025,True,har_ovx,0.0191728543229357,0.023217800449125206
126,17.04.2025,14,2025,True,har_ovx,0.018958847518612,0.02339064377838084
126,21.04.2025,14,2025,True,har_ovx,0.0188339189622356,0.02292440236656941
126,22.04.2025,14,2025,True,har_ovx,0.0187693186221907,0.023105976373284355
126,23.04.2025,14,2025,True,har_ovx,0.0187858124474752,0.023432240451869243
126,24.04.2025,14,2025,True,har_ovx,0.0193685952670327,0.023615847274415118
126,25.04.2025,14,2025,True,har_ovx,0.0193637567970929,0.02364000824677614
126,28.04.2025,14,2025,True,har_ovx,0.0193210511480959,0.023324216106666372
126,29.04.2025,14,2025,True,har_ovx,0.0192670902770557,0.02332420867774064
126,30.04.2025,14,2025,True,har_ovx,0.0192137840526125,0.02418232025963686
126,01.05.2025,14,2025,True,har_ovx,0.019159933137917,0.02519098729595161
126,02.05.2025,14,2025,True,har_ovx,0.0191188918639113,0.024647116661104626
126,05.05.2025,14,2025,True,har_ovx,0.0190534317011857,0.02395019926625458
126,06.05.2025,14,2025,True,har_ovx,0.018862989724448,0.022242583527451364
126,07.05.2025,14,2025,True,har_ovx,0.0188473152657669,0.022803109400412802
126,08.05.2025,14,2025,True,har_ovx,0.0186865750153127,0.022784231049669066
126,09.05.2025,14,2025,True,har_ovx,0.0186288735250259,0.022498742490332485
126,12.05.2025,14,2025,True,har_ovx,0.0185812336585726,0.022188284605636478
126,13.05.2025,14,2025,True,har_ovx,0.0185042576696406,0.021622454062980474
126,14.05.2025,14,2025,True,har_ovx,0.0188011921664462,0.02157231114307727
126,15.05.2025,14,2025,True,har_ovx,0.0186879951566106,0.021376965881349155
126,16.05.2025,14,2025,True,har_ovx,0.0187496338107456,0.021789977967098913
126,19.05.2025,14,2025,True,har_ovx,0.0187503516200343,0.021709882131808977
126,20.05.2025,14,2025,True,har_ovx,0.0187740688110672,0.021568999742230626
126,21.05.2025,14,2025,True,har_ovx,0.0188605234677576,0.02079799811262084
126,22.05.2025,14,2025,True,har_ovx,0.018850547972275,0.021573642347736992
126,23.05.2025,14,2025,True,har_ovx,0.018879049749928,0.02183596124309924
126,27.05.2025,14,2025,True,har_ovx,0.0188916429672912,0.022034791994768103
126,28.05.2025,14,2025,True,har_ovx,0.018898389424424,0.021865201598570107
126,29.05.2025,14,2025,True,har_ovx,0.01889445854114,0.021663272338359213
126,30.05.2025,14,2025,True,har_ovx,0.0188917183044959,0.02162848554289641
126,02.06.2025,14,2025,True,har_ovx,0.0188637513558215,0.021619499921860987
126,03.06.2025,14,2025,True,har_ovx,0.0188383352103362,0.021329252574818845
126,04.06.2025,14,2025,True,har_ovx,0.0188135394122381,0.02115129115028589
126,05.06.2025,14,2025,True,har_ovx,0.0188208722983221,0.021068610303686345
126,06.06.2025,14,2025,True,har_ovx,0.018769793567596,0.02045733974438812
126,09.06.2025,14,2025,True,har_ovx,0.018833669991997,0.020607982630977625
126,10.06.2025,14,2025,True,har_ovx,0.0188473344878187,0.020298256123429153
126,11.06.2025,14,2025,True,har_ovx,0.0184524297141226,0.020331290265702958
126,12.06.2025,14,2025,True,har_ovx,0.0184902779460126,0.022332528939559452
126,13.06.2025,14,2025,True,har_ovx,0.0174265198814494,0.022539860563605067
126,16.06.2025,14,2025,True,har_ovx,0.0174067815766959,0.025719635090872304
126,17.06.2025,14,2025,True,har_ovx,0.0170937492865009,0.02541956628273387
126,18.06.2025,14,2025,True,har_ovx,0.0171387044911849,0.028318956534843648
126,20.06.2025,14,2025,True,har_ovx,0.0171346113407095,0.02725153246039674
126,23.06.2025,14,2025,True,har_ovx,0.0158865020724247,0.026811015401381207
126,24.06.2025,14,2025,True,har_ovx,0.0150941773137381,0.026120238501349417
126,25.06.2025,14,2025,True,har_ovx,0.0150827249377152,0.025696147482264745
126,26.06.2025,14,2025,True,har_ovx,0.0150828755275611,0.0240555918329432
126,27.06.2025,14,2025,True,har_ovx,0.0152507507120253,0.023838555911957535
126,30.06.2025,14,2025,True,har_ovx,0.0153765275409481,0.023698632605659957
126,01.07.2025,14,2025,True,har_ovx,0.015364680717241,0.023009886258203955
126,02.07.2025,14,2025,True,har_ovx,0.0151982830176672,0.022241663453165587
126,03.07.2025,14,2025,True,har_ovx,0.0151951743998576,0.023045247485487017
126,07.07.2025,14,2025,True,har_ovx,0.01523588968796,0.022464260453764956
126,08.07.2025,14,2025,True,har_ovx,0.0152830205936791,0.023123326035576458
126,09.07.2025,14,2025,True,har_ovx,0.0153142241147443,0.02211433196901151
126,10.07.2025,14,2025,True,har_ovx,0.0155022974426012,0.021751824401171384
126,11.07.2025,14,2025,True,har_ovx,0.0154625977079655,0.021689072311255823
126,14.07.2025,14,2025,True,har_ovx,0.0154196909448938,0.022482063941084623
126,15.07.2025,14,2025,True,har_ovx,0.0155725709624356,0.021878235449514186
126,16.07.2025,14,2025,True,har_ovx,0.0156384529727621,0.021605656283068694
126,17.07.2025,14,2025,True,har_ovx,0.016025878858784,0.0213540690018514
126,18.07.2025,14,2025,True,har_ovx,0.0160342466589304,0.02117776943863813
126,21.07.2025,14,2025,True,har_ovx,0.016075041795413,0.02083771390346616
126,22.07.2025,14,2025,True,har_ovx,0.0160640393393461,0.020601674071486477
126,23.07.2025,14,2025,True,har_ovx,0.0161425078816354,0.020337484804775693
126,24.07.2025,14,2025,True,har_ovx,0.0163167449702458,0.019794879706979452
126,25.07.2025,14,2025,True,har_ovx,0.016294276223768,0.01979450793472898
126,28.07.2025,14,2025,True,har_ovx,0.016381099339329,0.01994802258726027
126,29.07.2025,14,2025,True,har_ovx,0.0161179740828705,0.020698365507018073
126,30.07.2025,14,2025,True,har_ovx,0.0163691628344005,0.021490135988290034
126,31.07.2025,14,2025,True,har_ovx,0.0163470948689052,0.02124434235549874
126,01.08.2025,14,2025,True,har_ovx,0.0169425644884708,0.021085792994081122
126,04.08.2025,14,2025,True,har_ovx,0.0169616294557926,0.02220798537305488
126,05.08.2025,14,2025,True,har_ovx,0.0171254972747714,0.021905334732726843
126,06.08.2025,14,2025,True,har_ovx,0.0172784943954197,0.02105978509658423
126,07.08.2025,14,2025,True,har_ovx,0.0172791712410666,0.021128371803347385
126,08.08.2025,14,2025,True,har_ovx,0.0173247309188919,0.020781148993426757
126,11.08.2025,14,2025,True,har_ovx,0.017327957184138,0.0203382231865408
126,12.08.2025,14,2025,True,har_ovx,0.0173293207298079,0.019855743905439753
126,13.08.2025,14,2025,True,har_ovx,0.0174926880487947,0.01965089899137609
126,14.08.2025,14,2025,True,har_ovx,0.017419995140188,0.02024053881089841
126,15.08.2025,14,2025,True,har_ovx,0.0173735988458638,0.020853310743335518
126,18.08.2025,14,2025,True,har_ovx,0.0177521419584859,0.02113233495299586
126,19.08.2025,14,2025,True,har_ovx,0.0177873727013795,0.020289404345533585
126,20.08.2025,14,2025,True,har_ovx,0.0177353878476989,0.020477398392044713
126,21.08.2025,14,2025,True,har_ovx,0.0177078524191806,0.020474521750847862
126,22.08.2025,14,2025,True,har_ovx,0.0177327530649095,0.02025969113032272
126,25.08.2025,14,2025,True,har_ovx,0.0176794478696385,0.019879648598684792
126,26.08.2025,14,2025,True,har_ovx,0.0175541758643828,0.020105638062236184
126,27.08.2025,14,2025,True,har_ovx,0.0176501275735759,0.020583592070079114
126,28.08.2025,14,2025,True,har_ovx,0.0186949346710541,0.02019958051777825
126,29.08.2025,14,2025,True,har_ovx,0.0191044318231598,0.020531514393644403
126,02.09.2025,14,2025,True,har_ovx,0.0190665746614243,0.020092538751339463
126,03.09.2025,14,2025,True,har_ovx,0.0193957303444946,0.020432646708118868
126,04.09.2025,14,2025,True,har_ovx,0.020635917656928,0.020674012190076092
126,05.09.2025,14,2025,True,har_ovx,0.0212591381491397,0.02052797162848723
126,08.09.2025,14,2025,True,har_ovx,0.0239089743623979,0.020393906035044616
126,09.09.2025,14,2025,True,har_ovx,0.024230282004478,0.020663622428252235
126,10.09.2025,14,2025,True,har_ovx,0.0253745193998988,0.020307811536128827
126,11.09.2025,14,2025,True,har_ovx,0.0253944533008438,0.02040628997564217
126,12.09.2025,14,2025,True,har_ovx,0.0255513717515015,0.020587041299276326
126,15.09.2025,14,2025,True,har_ovx,0.0256740743763841,0.02000835615211893
126,16.09.2025,14,2025,True,har_ovx,0.0258334366512931,0.019822915991484114
126,17.09.2025,14,2025,True,har_ovx,0.025823945366093,0.020295377232439966
126,18.09.2025,14,2025,True,har_ovx,0.0259265586723443,0.019856910390574897
126,19.09.2025,14,2025,True,har_ovx,0.0280028490157562,0.01990141785403762
126,22.09.2025,14,2025,True,har_ovx,0.0282398115841337,0.01971262148290098
126,23.09.2025,14,2025,True,har_ovx,0.0283093811533351,0.019692372118558545
126,24.09.2025,14,2025,True,har_ovx,0.0286221430684721,0.02008209856523279
126,25.09.2025,14,2025,True,har_ovx,0.0288191931265891,0.020530558932940462
126,26.09.2025,14,2025,True,har_ovx,0.028814079257063,0.020823378607252377
126,29.09.2025,14,2025,True,har_ovx,0.0289104879320765,0.020604471200436108
126,30.09.2025,14,2025,True,har_ovx,0.0322497296878304,0.02111366829728656
126,01.10.2025,14,2025,True,har_ovx,0.032771661335673,0.021010097187454554
126,02.10.2025,14,2025,True,har_ovx,0.0327060295540716,0.021122364725821442
126,03.10.2025,14,2025,True,har_ovx,0.0327148266310726,0.02128978100714584
126,06.10.2025,14,2025,True,har_ovx,0.0352158563340667,0.020926983742652543
126,07.10.2025,14,2025,True,har_ovx,0.0352244271726371,0.020361027971457238
126,08.10.2025,14,2025,True,har_ovx,0.0352273249189945,0.020156466951341673
126,09.10.2025,14,2025,True,har_ovx,0.0353656187262171,0.020066066115025163
126,10.10.2025,14,2025,True,har_ovx,0.0354509990211161,0.020210006516444733
126,13.10.2025,14,2025,True,har_ovx,0.0354471309945891,0.02169988670056532
126,14.10.2025,14,2025,True,har_ovx,0.0356125695137737,0.02118394623583308
126,15.10.2025,14,2025,True,har_ovx,0.036670146771758,0.021529129821954672
126,16.10.2025,14,2025,True,har_ovx,0.0369279850523225,0.021165243547349024
126,17.10.2025,14,2025,True,har_ovx,0.0370085112404018,0.02149601568828314
126,20.10.2025,14,2025,True,har_ovx,0.0370999483739675,0.02107948251846117
126,21.10.2025,14,2025,True,har_ovx,0.0371747245467167,0.02091348553677138
126,22.10.2025,14,2025,True,har_ovx,0.0371464583242835,0.020729499847873395
126,23.10.2025,14,2025,True,har_ovx,0.0369463742133941,0.021313020650708094
126,24.10.2025,14,2025,True,har_ovx,0.0370039941132595,0.02255952286639503
126,27.10.2025,14,2025,True,har_ovx,0.0373163889113828,0.021939713416218316
126,28.10.2025,14,2025,True,har_ovx,0.0374228534289741,0.021924649739423832
126,29.10.2025,14,2025,True,har_ovx,0.0377655308547639,0.021834323483383836
126,30.10.2025,14,2025,True,har_ovx,0.0380507119034549,0.02169110623261683
126,31.10.2025,14,2025,True,har_ovx,0.0382626090761388,0.02071419805507307
126,03.11.2025,14,2025,True,har_ovx,0.0390122773694097,0.020967461515271336
126,04.11.2025,14,2025,True,har_ovx,0.0390257696011433,0.020623067812085887
126,05.11.2025,14,2025,True,har_ovx,0.0390002504310376,0.020522997879036817
126,06.11.2025,14,2025,True,har_ovx,0.0390585200049818,0.020491500921170486
126,07.11.2025,14,2025,True,har_ovx,0.0391477025891863,0.020391744284421292
126,10.11.2025,14,2025,True,har_ovx,0.0392064412144263,0.020164902324715128
126,11.11.2025,14,2025,True,har_ovx,0.0391898251481032,0.02001283049375962
126,12.11.2025,14,2025,True,har_ovx,0.0390905191919808,0.02014080921876966
126,13.11.2025,14,2025,True,har_ovx,0.0391363507332632,0.020892195732392416
126,14.11.2025,14,2025,True,har_ovx,0.0391203116801321,0.0206074350885779
126,17.11.2025,14,2025,True,har_ovx,0.0395066123493292,0.020905727759024467
126,18.11.2025,14,2025,True,har_ovx,0.0395770391687017,0.020660129663432548
126,19.11.2025,14,2025,True,har_ovx,0.0395156612741121,0.020852870204729968
126,20.11.2025,14,2025,True,har_ovx,0.0396966786175072,0.020895099071103693
126,21.11.2025,14,2025,True,har_ovx,0.0400072726049871,0.020797947329808976
126,24.11.2025,14,2025,True,har_ovx,0.0400066381828609,0.020698555637016017
126,25.11.2025,14,2025,True,har_ovx,0.0400208766569894,0.020861387874260843
126,26.11.2025,14,2025,True,har_ovx,0.040094986235018,0.02102949739384229
126,28.11.2025,14,2025,True,har_ovx,0.0400999814234132,0.020667990506438808
126,01.12.2025,14,2025,True,har_ovx,0.0401217868124733,0.020656418086650565
126,02.12.2025,14,2025,True,har_ovx,0.0402032714763621,0.020574168912271984
126,03.12.2025,14,2025,True,har_ovx,0.0402598756183308,0.020647255433844228
126,04.12.2025,14,2025,True,har_ovx,0.0402645014804977,0.020164448637894194
126,05.12.2025,14,2025,True,har_ovx,0.040371481298978,0.020106495204808804
126,08.12.2025,14,2025,True,har_ovx,0.0403410660719609,0.019907397598516875
126,09.12.2025,14,2025,True,har_ovx,0.0404331048891073,0.02032974336746269
126,10.12.2025,14,2025,True,har_ovx,0.0405693639176524,0.01986466574972811
126,11.12.2025,14,2025,True,har_ovx,0.0407982440512327,0.019786876879791256
126,12.12.2025,14,2025,True,har_ovx,0.0410826891671888,0.01984319697385353
126,15.12.2025,14,2025,True,har_ovx,0.041073031107068,0.019356880145595393
126,16.12.2025,14,2025,True,har_ovx,0.0409870016180778,0.019744960638366043
126,17.12.2025,14,2025,True,har_ovx,0.0410471671852485,0.02067993082747906
126,18.12.2025,14,2025,True,har_ovx,0.0410627391007721,0.020768548052557262
126,19.12.2025,14,2025,True,har_ovx,0.0412612908020027,0.02010896660165504
126,22.12.2025,14,2025,True,har_ovx,0.0412372434959423,0.02024032323330757
126,23.12.2025,14,2025,True,har_ovx,0.0414385301499784,0.020427166776591395
126,24.12.2025,14,2025,True,har_ovx,0.0414584457228574,0.01997794720356542
126,26.12.2025,14,2025,True,har_ovx,0.0413878395096646,0.01975019335528963
126,29.12.2025,14,2025,True,har_ovx,0.0413881710383068,0.02028729089307438
126,30.12.2025,14,2025,True,har_ovx,0.041388363445709,0.020367915140637557
126,31.12.2025,14,2025,True,har_ovx,0.041354790671326,0.0198945582219147
126,02.01.2025,14,2025,True,har_gpr,0.0208313504276539,0.018334673950616748
126,03.01.2025,14,2025,True,har_gpr,0.0208185155103497,0.014726672217660757
126,06.01.2025,14,2025,True,har_gpr,0.0209069512999382,0.014151109983776253
126,07.01.2025,14,2025,True,har_gpr,0.0210100530504313,0.016728418454555225
126,08.01.2025,14,2025,True,har_gpr,0.021034674146546,0.016671472391066165
126,10.01.2025,14,2025,True,har_gpr,0.0206151039323214,0.017009372306151915
126,13.01.2025,14,2025,True,har_gpr,0.0205606685693195,0.01937281162542188
126,14.01.2025,14,2025,True,har_gpr,0.0205790827293948,0.021373432467365228
126,15.01.2025,14,2025,True,har_gpr,0.0204348702911476,0.021609821044154792
126,16.01.2025,14,2025,True,har_gpr,0.0204231175675352,0.022086360679233884
126,17.01.2025,14,2025,True,har_gpr,0.020430093144964,0.02175347387084687
126,21.01.2025,14,2025,True,har_gpr,0.0203699649392603,0.021220423258042385
126,22.01.2025,14,2025,True,har_gpr,0.0203917374994192,0.020974467253485556
126,23.01.2025,14,2025,True,har_gpr,0.020397717563356,0.020623396484640226
126,24.01.2025,14,2025,True,har_gpr,0.0205086331797137,0.02015550805091905
126,27.01.2025,14,2025,True,har_gpr,0.0206914471528727,0.020132447990714487
126,28.01.2025,14,2025,True,har_gpr,0.0207062491553722,0.019366623846440324
126,29.01.2025,14,2025,True,har_gpr,0.0206979739960328,0.01911910565260316
126,30.01.2025,14,2025,True,har_gpr,0.0209955500718418,0.019308642382122997
126,31.01.2025,14,2025,True,har_gpr,0.0210243802208499,0.01920218437718274
126,03.02.2025,14,2025,True,har_gpr,0.0210527610525573,0.019134512861216677
126,04.02.2025,14,2025,True,har_gpr,0.0210691720863198,0.019304678496979227
126,05.02.2025,14,2025,True,har_gpr,0.0209989449911629,0.019117754129308395
126,06.02.2025,14,2025,True,har_gpr,0.0209988140593095,0.019809261764876882
126,07.02.2025,14,2025,True,har_gpr,0.0209927062912707,0.019380442639063498
126,10.02.2025,14,2025,True,har_gpr,0.0209456229436938,0.019438255359691244
126,11.02.2025,14,2025,True,har_gpr,0.0209043946324184,0.019655198457961973
126,12.02.2025,14,2025,True,har_gpr,0.0208765238064901,0.019708055020483
126,13.02.2025,14,2025,True,har_gpr,0.0209134629920139,0.020120407535633766
126,14.02.2025,14,2025,True,har_gpr,0.0209409202154685,0.01919683712684596
126,18.02.2025,14,2025,True,har_gpr,0.0209182562083993,0.01921646380762669
126,19.02.2025,14,2025,True,har_gpr,0.0209702370668842,0.019499436551059582
126,20.02.2025,14,2025,True,har_gpr,0.0209954244096731,0.019021633041378425
126,21.02.2025,14,2025,True,har_gpr,0.0208637104729032,0.018732200516129692
126,24.02.2025,14,2025,True,har_gpr,0.0209095138981811,0.019948518591009268
126,25.02.2025,14,2025,True,har_gpr,0.0209044026233283,0.01781787144314382
126,26.02.2025,14,2025,True,har_gpr,0.0209287595913532,0.018312282744392703
126,27.02.2025,14,2025,True,har_gpr,0.0208581913479595,0.017911957935118423
126,28.02.2025,14,2025,True,har_gpr,0.0208432478098973,0.0186534724491122
126,03.03.2025,14,2025,True,har_gpr,0.0208024229179597,0.018342325599183366
126,04.03.2025,14,2025,True,har_gpr,0.020885245009022,0.01986811073614546
126,05.03.2025,14,2025,True,har_gpr,0.0207849623358664,0.019486754087873592
126,06.03.2025,14,2025,True,har_gpr,0.0208775921120142,0.020102044079790736
126,07.03.2025,14,2025,True,har_gpr,0.0208568838055016,0.01916500775668566
126,10.03.2025,14,2025,True,har_gpr,0.0208203584307503,0.019765768912005433
126,11.03.2025,14,2025,True,har_gpr,0.0208704300018767,0.02012991917870352
126,12.03.2025,14,2025,True,har_gpr,0.0208436692897191,0.01980092431516365
126,13.03.2025,14,2025,True,har_gpr,0.0208199982521624,0.02007010362983591
126,14.03.2025,14,2025,True,har_gpr,0.0208090819465478,0.020018225594286385
126,17.03.2025,14,2025,True,har_gpr,0.0208450530656858,0.019975877484619313
126,18.03.2025,14,2025,True,har_gpr,0.0208462045598215,0.020375417145906054
126,19.03.2025,14,2025,True,har_gpr,0.0208538394083953,0.020310196589307685
126,20.03.2025,14,2025,True,har_gpr,0.0208170111973617,0.02003689243362483
126,21.03.2025,14,2025,True,har_gpr,0.0208156590130746,0.02036499993198975
126,24.03.2025,14,2025,True,har_gpr,0.0208388752951164,0.01979582806865641
126,25.03.2025,14,2025,True,har_gpr,0.0209588379195861,0.017716098245936736
126,26.03.2025,14,2025,True,har_gpr,0.020936778860335,0.01711434095755783
126,27.03.2025,14,2025,True,har_gpr,0.0209557478553067,0.017317624319589317
126,28.03.2025,14,2025,True,har_gpr,0.021130970022466,0.016866469931216446
126,31.03.2025,14,2025,True,har_gpr,0.0211178420217687,0.01696098528211716
126,01.04.2025,14,2025,True,har_gpr,0.0212281408520534,0.020433705773918072
126,02.04.2025,14,2025,True,har_gpr,0.0212792206064724,0.01867675059158546
126,03.04.2025,14,2025,True,har_gpr,0.0204709417531297,0.018191488688007153
126,04.04.2025,14,2025,True,har_gpr,0.0196219982798697,0.022993729440981176
126,07.04.2025,14,2025,True,har_gpr,0.0195303566523755,0.02484091491913106
126,08.04.2025,14,2025,True,har_gpr,0.0194583561049424,0.022688081479589152
126,09.04.2025,14,2025,True,har_gpr,0.019157539207022,0.022613559881197093
126,10.04.2025,14,2025,True,har_gpr,0.0192408906761494,0.02412305389992779
126,11.04.2025,14,2025,True,har_gpr,0.0191545802930846,0.023871736556238428
126,14.04.2025,14,2025,True,har_gpr,0.0191978338958383,0.023409026502794784
126,15.04.2025,14,2025,True,har_gpr,0.0192074566448655,0.02423470069281881
126,16.04.2025,14,2025,True,har_gpr,0.0191728543229357,0.024109549486177436
126,17.04.2025,14,2025,True,har_gpr,0.018958847518612,0.024146394257321322
126,21.04.2025,14,2025,True,har_gpr,0.0188339189622356,0.02416196988009554
126,22.04.2025,14,2025,True,har_gpr,0.0187693186221907,0.024138857809709972
126,23.04.2025,14,2025,True,har_gpr,0.0187858124474752,0.024089007323507793
126,24.04.2025,14,2025,True,har_gpr,0.0193685952670327,0.02435433881274228
126,25.04.2025,14,2025,True,har_gpr,0.0193637567970929,0.024021500053082394
126,28.04.2025,14,2025,True,har_gpr,0.0193210511480959,0.023661269504381494
126,29.04.2025,14,2025,True,har_gpr,0.0192670902770557,0.02533082982264801
126,30.04.2025,14,2025,True,har_gpr,0.0192137840526125,0.025398727049799452
126,01.05.2025,14,2025,True,har_gpr,0.019159933137917,0.02526830980009432
126,02.05.2025,14,2025,True,har_gpr,0.0191188918639113,0.023064542537456087
126,05.05.2025,14,2025,True,har_gpr,0.0190534317011857,0.021773389399819387
126,06.05.2025,14,2025,True,har_gpr,0.018862989724448,0.02242656799835336
126,07.05.2025,14,2025,True,har_gpr,0.0188473152657669,0.023938242021304262
126,08.05.2025,14,2025,True,har_gpr,0.0186865750153127,0.02360093553744786
126,09.05.2025,14,2025,True,har_gpr,0.0186288735250259,0.023698980656742405
126,12.05.2025,14,2025,True,har_gpr,0.0185812336585726,0.023174746948827048
126,13.05.2025,14,2025,True,har_gpr,0.0185042576696406,0.02123026653513723
126,14.05.2025,14,2025,True,har_gpr,0.0188011921664462,0.021545984612738052
126,15.05.2025,14,2025,True,har_gpr,0.0186879951566106,0.02104118201211657
126,16.05.2025,14,2025,True,har_gpr,0.0187496338107456,0.021779713169732505
126,19.05.2025,14,2025,True,har_gpr,0.0187503516200343,0.021265458585075336
126,20.05.2025,14,2025,True,har_gpr,0.0187740688110672,0.019738398333913082
126,21.05.2025,14,2025,True,har_gpr,0.0188605234677576,0.019313653052784197
126,22.05.2025,14,2025,True,har_gpr,0.018850547972275,0.01927984545030718
126,23.05.2025,14,2025,True,har_gpr,0.018879049749928,0.01898086031529159
126,27.05.2025,14,2025,True,har_gpr,0.0188916429672912,0.018770441358971022
126,28.05.2025,14,2025,True,har_gpr,0.018898389424424,0.019897298218192052
126,29.05.2025,14,2025,True,har_gpr,0.01889445854114,0.01997622942812474
126,30.05.2025,14,2025,True,har_gpr,0.0188917183044959,0.019927372766820318
126,02.06.2025,14,2025,True,har_gpr,0.0188637513558215,0.01965819621502522
126,03.06.2025,14,2025,True,har_gpr,0.0188383352103362,0.019355850492331066
126,04.06.2025,14,2025,True,har_gpr,0.0188135394122381,0.019305237521784025
126,05.06.2025,14,2025,True,har_gpr,0.0188208722983221,0.019032124947862075
126,06.06.2025,14,2025,True,har_gpr,0.018769793567596,0.018687627766531007
126,09.06.2025,14,2025,True,har_gpr,0.018833669991997,0.018679488479068404
126,10.06.2025,14,2025,True,har_gpr,0.0188473344878187,0.020567455754492335
126,11.06.2025,14,2025,True,har_gpr,0.0184524297141226,0.020333191089357862
126,12.06.2025,14,2025,True,har_gpr,0.0184902779460126,0.021977585145959343
126,13.06.2025,14,2025,True,har_gpr,0.0174265198814494,0.021410326954826073
126,16.06.2025,14,2025,True,har_gpr,0.0174067815766959,0.02588930767475475
126,17.06.2025,14,2025,True,har_gpr,0.0170937492865009,0.025750462326325767
126,18.06.2025,14,2025,True,har_gpr,0.0171387044911849,0.026697852871209078
126,20.06.2025,14,2025,True,har_gpr,0.0171346113407095,0.025933101393735735
126,23.06.2025,14,2025,True,har_gpr,0.0158865020724247,0.025788119448946926
126,24.06.2025,14,2025,True,har_gpr,0.0150941773137381,0.02537574794831588
126,25.06.2025,14,2025,True,har_gpr,0.0150827249377152,0.02656145119917683
126,26.06.2025,14,2025,True,har_gpr,0.0150828755275611,0.025003675608437737
126,27.06.2025,14,2025,True,har_gpr,0.0152507507120253,0.0248231276504506
126,30.06.2025,14,2025,True,har_gpr,0.0153765275409481,0.02474352578306915
126,01.07.2025,14,2025,True,har_gpr,0.015364680717241,0.025671474047941116
126,02.07.2025,14,2025,True,har_gpr,0.0151982830176672,0.02449241253985261
126,03.07.2025,14,2025,True,har_gpr,0.0151951743998576,0.02553007510024134
126,07.07.2025,14,2025,True,har_gpr,0.01523588968796,0.025062420281869127
126,08.07.2025,14,2025,True,har_gpr,0.0152830205936791,0.025016576248633758
126,09.07.2025,14,2025,True,har_gpr,0.0153142241147443,0.024886027228885103
126,10.07.2025,14,2025,True,har_gpr,0.0155022974426012,0.024642067663778924
126,11.07.2025,14,2025,True,har_gpr,0.0154625977079655,0.0251844904503283
126,14.07.2025,14,2025,True,har_gpr,0.0154196909448938,0.02520897623828048
126,15.07.2025,14,2025,True,har_gpr,0.0155725709624356,0.02520331144085696
126,16.07.2025,14,2025,True,har_gpr,0.0156384529727621,0.023840470703134338
126,17.07.2025,14,2025,True,har_gpr,0.016025878858784,0.02372308733033479
126,18.07.2025,14,2025,True,har_gpr,0.0160342466589304,0.02335481054255084
126,21.07.2025,14,2025,True,har_gpr,0.016075041795413,0.022817226567291606
126,22.07.2025,14,2025,True,har_gpr,0.0160640393393461,0.022529630873792058
126,23.07.2025,14,2025,True,har_gpr,0.0161425078816354,0.021115870859264085
126,24.07.2025,14,2025,True,har_gpr,0.0163167449702458,0.019251746915439044
126,25.07.2025,14,2025,True,har_gpr,0.016294276223768,0.019315013124887783
126,28.07.2025,14,2025,True,har_gpr,0.016381099339329,0.019483239950599803
126,29.07.2025,14,2025,True,har_gpr,0.0161179740828705,0.019226237684618112
126,30.07.2025,14,2025,True,har_gpr,0.0163691628344005,0.020153577666579173
126,31.07.2025,14,2025,True,har_gpr,0.0163470948689052,0.019584332560237692
126,01.08.2025,14,2025,True,har_gpr,0.0169425644884708,0.01951715813734133
126,04.08.2025,14,2025,True,har_gpr,0.0169616294557926,0.02326518693739434
126,05.08.2025,14,2025,True,har_gpr,0.0171254972747714,0.021327141213218
126,06.08.2025,14,2025,True,har_gpr,0.0172784943954197,0.020873998219953338
126,07.08.2025,14,2025,True,har_gpr,0.0172791712410666,0.020499043557266745
126,08.08.2025,14,2025,True,har_gpr,0.0173247309188919,0.02029510202770782
126,11.08.2025,14,2025,True,har_gpr,0.017327957184138,0.019580088802236995
126,12.08.2025,14,2025,True,har_gpr,0.0173293207298079,0.019472151019683304
126,13.08.2025,14,2025,True,har_gpr,0.0174926880487947,0.01948430384634594
126,14.08.2025,14,2025,True,har_gpr,0.017419995140188,0.01944148282848699
126,15.08.2025,14,2025,True,har_gpr,0.0173735988458638,0.02002834853984728
126,18.08.2025,14,2025,True,har_gpr,0.0177521419584859,0.020157760243713373
126,19.08.2025,14,2025,True,har_gpr,0.0177873727013795,0.019830917041696677
126,20.08.2025,14,2025,True,har_gpr,0.0177353878476989,0.0199135668529447
126,21.08.2025,14,2025,True,har_gpr,0.0177078524191806,0.02016858872034359
126,22.08.2025,14,2025,True,har_gpr,0.0177327530649095,0.020062084842409185
126,25.08.2025,14,2025,True,har_gpr,0.0176794478696385,0.019619599874449285
126,26.08.2025,14,2025,True,har_gpr,0.0175541758643828,0.019699783274702308
126,27.08.2025,14,2025,True,har_gpr,0.0176501275735759,0.019683047188123047
126,28.08.2025,14,2025,True,har_gpr,0.0186949346710541,0.019479155878335708
126,29.08.2025,14,2025,True,har_gpr,0.0191044318231598,0.01942206370959343
126,02.09.2025,14,2025,True,har_gpr,0.0190665746614243,0.01872383166832023
126,03.09.2025,14,2025,True,har_gpr,0.0193957303444946,0.01957491574244501
126,04.09.2025,14,2025,True,har_gpr,0.020635917656928,0.01983005748152576
126,05.09.2025,14,2025,True,har_gpr,0.0212591381491397,0.01950616367365791
126,08.09.2025,14,2025,True,har_gpr,0.0239089743623979,0.020010143941901273
126,09.09.2025,14,2025,True,har_gpr,0.024230282004478,0.02015819734640199
126,10.09.2025,14,2025,True,har_gpr,0.0253745193998988,0.019986728265445494
126,11.09.2025,14,2025,True,har_gpr,0.0253944533008438,0.02032375242601501
126,12.09.2025,14,2025,True,har_gpr,0.0255513717515015,0.020522757417405564
126,15.09.2025,14,2025,True,har_gpr,0.0256740743763841,0.020025614711511094
126,16.09.2025,14,2025,True,har_gpr,0.0258334366512931,0.019430236179521717
126,17.09.2025,14,2025,True,har_gpr,0.025823945366093,0.019686502228396355
126,18.09.2025,14,2025,True,har_gpr,0.0259265586723443,0.019478620613842448
126,19.09.2025,14,2025,True,har_gpr,0.0280028490157562,0.01924242843116979
126,22.09.2025,14,2025,True,har_gpr,0.0282398115841337,0.0193561781422757
126,23.09.2025,14,2025,True,har_gpr,0.0283093811533351,0.019980611218400425
126,24.09.2025,14,2025,True,har_gpr,0.0286221430684721,0.020260429948917517
126,25.09.2025,14,2025,True,har_gpr,0.0288191931265891,0.020707753222069233
126,26.09.2025,14,2025,True,har_gpr,0.028814079257063,0.020152143042344153
126,29.09.2025,14,2025,True,har_gpr,0.0289104879320765,0.020116289012434632
126,30.09.2025,14,2025,True,har_gpr,0.0322497296878304,0.02114633413687427
126,01.10.2025,14,2025,True,har_gpr,0.032771661335673,0.020801309587184034
126,02.10.2025,14,2025,True,har_gpr,0.0327060295540716,0.021322840679298013
126,03.10.2025,14,2025,True,har_gpr,0.0327148266310726,0.021229432694494205
126,06.10.2025,14,2025,True,har_gpr,0.0352158563340667,0.020741952811175756
126,07.10.2025,14,2025,True,har_gpr,0.0352244271726371,0.018603607714481593
126,08.10.2025,14,2025,True,har_gpr,0.0352273249189945,0.01831175514387561
126,09.10.2025,14,2025,True,har_gpr,0.0353656187262171,0.018277568044824704
126,10.10.2025,14,2025,True,har_gpr,0.0354509990211161,0.018247961683286868
126,13.10.2025,14,2025,True,har_gpr,0.0354471309945891,0.019781296612123567
126,14.10.2025,14,2025,True,har_gpr,0.0356125695137737,0.01919630050342081
126,15.10.2025,14,2025,True,har_gpr,0.036670146771758,0.02136140106863729
126,16.10.2025,14,2025,True,har_gpr,0.0369279850523225,0.02102606669027748
126,17.10.2025,14,2025,True,har_gpr,0.0370085112404018,0.021167395018910466
126,20.10.2025,14,2025,True,har_gpr,0.0370999483739675,0.020613804333195523
126,21.10.2025,14,2025,True,har_gpr,0.0371747245467167,0.0191775189120904
126,22.10.2025,14,2025,True,har_gpr,0.0371464583242835,0.019073893128506228
126,23.10.2025,14,2025,True,har_gpr,0.0369463742133941,0.019540099518546752
126,24.10.2025,14,2025,True,har_gpr,0.0370039941132595,0.021918403541976113
126,27.10.2025,14,2025,True,har_gpr,0.0373163889113828,0.020934338529492807
126,28.10.2025,14,2025,True,har_gpr,0.0374228534289741,0.021844850720239662
126,29.10.2025,14,2025,True,har_gpr,0.0377655308547639,0.0224040335551308
126,30.10.2025,14,2025,True,har_gpr,0.0380507119034549,0.02198948993149412
126,31.10.2025,14,2025,True,har_gpr,0.0382626090761388,0.02073364476931592
126,03.11.2025,14,2025,True,har_gpr,0.0390122773694097,0.020725189947232044
126,04.11.2025,14,2025,True,har_gpr,0.0390257696011433,0.016315557695264608
126,05.11.2025,14,2025,True,har_gpr,0.0390002504310376,0.016152488689002674
126,06.11.2025,14,2025,True,har_gpr,0.0390585200049818,0.01633925822668207
126,07.11.2025,14,2025,True,har_gpr,0.0391477025891863,0.016005441247362442
126,10.11.2025,14,2025,True,har_gpr,0.0392064412144263,0.015470046397236877
126,11.11.2025,14,2025,True,har_gpr,0.0391898251481032,0.01560271721449118
126,12.11.2025,14,2025,True,har_gpr,0.0390905191919808,0.01596417178506376
126,13.11.2025,14,2025,True,har_gpr,0.0391363507332632,0.02238858459975457
126,14.11.2025,14,2025,True,har_gpr,0.0391203116801321,0.021698541213544784
126,17.11.2025,14,2025,True,har_gpr,0.0395066123493292,0.022298892655021947
126,18.11.2025,14,2025,True,har_gpr,0.0395770391687017,0.021471414055963152
126,19.11.2025,14,2025,True,har_gpr,0.0395156612741121,0.021582591031989784
126,20.11.2025,14,2025,True,har_gpr,0.0396966786175072,0.0214756511158548
126,21.11.2025,14,2025,True,har_gpr,0.0400072726049871,0.019871246928188323
126,24.11.2025,14,2025,True,har_gpr,0.0400066381828609,0.0198998137249098
126,25.11.2025,14,2025,True,har_gpr,0.0400208766569894,0.02015876075533091
126,26.11.2025,14,2025,True,har_gpr,0.040094986235018,0.020030312023750343
126,28.11.2025,14,2025,True,har_gpr,0.0400999814234132,0.019942657834821218
126,01.12.2025,14,2025,True,har_gpr,0.0401217868124733,0.02098211857275004
126,02.12.2025,14,2025,True,har_gpr,0.0402032714763621,0.018799237297295684
126,03.12.2025,14,2025,True,har_gpr,0.0402598756183308,0.019008938064116385
126,04.12.2025,14,2025,True,har_gpr,0.0402645014804977,0.018743422450377804
126,05.12.2025,14,2025,True,har_gpr,0.040371481298978,0.018795294033045817
126,08.12.2025,14,2025,True,har_gpr,0.0403410660719609,0.018830751240782838
126,09.12.2025,14,2025,True,har_gpr,0.0404331048891073,0.019497187748070802
126,10.12.2025,14,2025,True,har_gpr,0.0405693639176524,0.02022367242991001
126,11.12.2025,14,2025,True,har_gpr,0.0407982440512327,0.019991992036639768
126,12.12.2025,14,2025,True,har_gpr,0.0410826891671888,0.01954384388612812
126,15.12.2025,14,2025,True,har_gpr,0.041073031107068,0.01915674374428681
126,16.12.2025,14,2025,True,har_gpr,0.0409870016180778,0.01669970265137318
126,17.12.2025,14,2025,True,har_gpr,0.0410471671852485,0.01765886849077926
126,18.12.2025,14,2025,True,har_gpr,0.0410627391007721,0.017585559904614093
126,19.12.2025,14,2025,True,har_gpr,0.0412612908020027,0.017226184552280935
126,22.12.2025,14,2025,True,har_gpr,0.0412372434959423,0.017583401578350876
126,23.12.2025,14,2025,True,har_gpr,0.0414385301499784,0.018785632527961973
126,24.12.2025,14,2025,True,har_gpr,0.0414584457228574,0.017697641253079818
126,26.12.2025,14,2025,True,har_gpr,0.0413878395096646,0.0176449199946063
126,29.12.2025,14,2025,True,har_gpr,0.0413881710383068,0.01881863505154312
126,30.12.2025,14,2025,True,har_gpr,0.041388363445709,0.02058263566350539
126,31.12.2025,14,2025,True,har_gpr,0.041354790671326,0.019980310417162764
126,02.01.2025,14,2025,True,har_x,0.0208313504276539,0.01914438110493012
126,03.01.2025,14,2025,True,har_x,0.0208185155103497,0.01574779700011429
126,06.01.2025,14,2025,True,har_x,0.0209069512999382,0.015624566119182424
126,07.01.2025,14,2025,True,har_x,0.0210100530504313,0.017768264069781575
126,08.01.2025,14,2025,True,har_x,0.021034674146546,0.01804969252737392
126,10.01.2025,14,2025,True,har_x,0.0206151039323214,0.018263570159299747
126,13.01.2025,14,2025,True,har_x,0.0205606685693195,0.019483523428287325
126,14.01.2025,14,2025,True,har_x,0.0205790827293948,0.02178595337860399
126,15.01.2025,14,2025,True,har_x,0.0204348702911476,0.021797403711921504
126,16.01.2025,14,2025,True,har_x,0.0204231175675352,0.02185536674037928
126,17.01.2025,14,2025,True,har_x,0.020430093144964,0.02178463459410875
126,21.01.2025,14,2025,True,har_x,0.0203699649392603,0.02162967593003105
126,22.01.2025,14,2025,True,har_x,0.0203917374994192,0.02123745248681516
126,23.01.2025,14,2025,True,har_x,0.020397717563356,0.021053613552233025
126,24.01.2025,14,2025,True,har_x,0.0205086331797137,0.020741648891965166
126,27.01.2025,14,2025,True,har_x,0.0206914471528727,0.02003721381449226
126,28.01.2025,14,2025,True,har_x,0.0207062491553722,0.020321687776044883
126,29.01.2025,14,2025,True,har_x,0.0206979739960328,0.019563218720707484
126,30.01.2025,14,2025,True,har_x,0.0209955500718418,0.019806919756553312
126,31.01.2025,14,2025,True,har_x,0.0210243802208499,0.019445700353029026
126,03.02.2025,14,2025,True,har_x,0.0210527610525573,0.01923648435165251
126,04.02.2025,14,2025,True,har_x,0.0210691720863198,0.020177812331056966
126,05.02.2025,14,2025,True,har_x,0.0209989449911629,0.01983142546176862
126,06.02.2025,14,2025,True,har_x,0.0209988140593095,0.020175492462705686
126,07.02.2025,14,2025,True,har_x,0.0209927062912707,0.02037575435480324
126,10.02.2025,14,2025,True,har_x,0.0209456229436938,0.0192827490409347
126,11.02.2025,14,2025,True,har_x,0.0209043946324184,0.0202300700928614
126,12.02.2025,14,2025,True,har_x,0.0208765238064901,0.019862356992664257
126,13.02.2025,14,2025,True,har_x,0.0209134629920139,0.02034399676938972
126,14.02.2025,14,2025,True,har_x,0.0209409202154685,0.01999901942694197
126,18.02.2025,14,2025,True,har_x,0.0209182562083993,0.019493656938120225
126,19.02.2025,14,2025,True,har_x,0.0209702370668842,0.019540005931685905
126,20.02.2025,14,2025,True,har_x,0.0209954244096731,0.01952826512524919
126,21.02.2025,14,2025,True,har_x,0.0208637104729032,0.019549215543615054
126,24.02.2025,14,2025,True,har_x,0.0209095138981811,0.021092306021926625
126,25.02.2025,14,2025,True,har_x,0.0209044026233283,0.01842603811437092
126,26.02.2025,14,2025,True,har_x,0.0209287595913532,0.018831355041760183
126,27.02.2025,14,2025,True,har_x,0.0208581913479595,0.018802778064943355
126,28.02.2025,14,2025,True,har_x,0.0208432478098973,0.018787367958459082
126,03.03.2025,14,2025,True,har_x,0.0208024229179597,0.018372811519129093
126,04.03.2025,14,2025,True,har_x,0.020885245009022,0.021039599280613122
126,05.03.2025,14,2025,True,har_x,0.0207849623358664,0.020737977643843664
126,06.03.2025,14,2025,True,har_x,0.0208775921120142,0.020523669810307794
126,07.03.2025,14,2025,True,har_x,0.0208568838055016,0.02053973240945365
126,10.03.2025,14,2025,True,har_x,0.0208203584307503,0.019506946075177452
126,11.03.2025,14,2025,True,har_x,0.0208704300018767,0.020857096035767294
126,12.03.2025,14,2025,True,har_x,0.0208436692897191,0.020251816215431498
126,13.03.2025,14,2025,True,har_x,0.0208199982521624,0.020192623979544577
126,14.03.2025,14,2025,True,har_x,0.0208090819465478,0.020486829136137162
126,17.03.2025,14,2025,True,har_x,0.0208450530656858,0.02059434156727016
126,18.03.2025,14,2025,True,har_x,0.0208462045598215,0.02045468059177113
126,19.03.2025,14,2025,True,har_x,0.0208538394083953,0.021328316750030114
126,20.03.2025,14,2025,True,har_x,0.0208170111973617,0.020836146307160876
126,21.03.2025,14,2025,True,har_x,0.0208156590130746,0.0202214440168125
126,24.03.2025,14,2025,True,har_x,0.0208388752951164,0.019823083615174243
126,25.03.2025,14,2025,True,har_x,0.0209588379195861,0.017873529238359828
126,26.03.2025,14,2025,True,har_x,0.020936778860335,0.01743148850035221
126,27.03.2025,14,2025,True,har_x,0.0209557478553067,0.017588607595986492
126,28.03.2025,14,2025,True,har_x,0.021130970022466,0.017374138833170284
126,31.03.2025,14,2025,True,har_x,0.0211178420217687,0.01745272890660108
126,01.04.2025,14,2025,True,har_x,0.0212281408520534,0.02117087188720386
126,02.04.2025,14,2025,True,har_x,0.0212792206064724,0.01941421232441972
126,03.04.2025,14,2025,True,har_x,0.0204709417531297,0.019152261006239946
126,04.04.2025,14,2025,True,har_x,0.0196219982798697,0.021766792939798527
126,07.04.2025,14,2025,True,har_x,0.0195303566523755,0.023992383224453965
126,08.04.2025,14,2025,True,har_x,0.0194583561049424,0.02408683564580868
126,09.04.2025,14,2025,True,har_x,0.019157539207022,0.024460694899907074
126,10.04.2025,14,2025,True,har_x,0.0192408906761494,0.022923177026992664
126,11.04.2025,14,2025,True,har_x,0.0191545802930846,0.023847696845107583
126,14.04.2025,14,2025,True,har_x,0.0191978338958383,0.023976752040204476
126,15.04.2025,14,2025,True,har_x,0.0192074566448655,0.024618218713694733
126,16.04.2025,14,2025,True,har_x,0.0191728543229357,0.023633870323567202
126,17.04.2025,14,2025,True,har_x,0.018958847518612,0.023811772001339472
126,21.04.2025,14,2025,True,har_x,0.0188339189622356,0.02337206195803839
126,22.04.2025,14,2025,True,har_x,0.0187693186221907,0.023119879144932208
126,23.04.2025,14,2025,True,har_x,0.0187858124474752,0.023440722172889974
126,24.04.2025,14,2025,True,har_x,0.0193685952670327,0.023615440109318757
126,25.04.2025,14,2025,True,har_x,0.0193637567970929,0.02364385598657006
126,28.04.2025,14,2025,True,har_x,0.0193210511480959,0.02334661312743667
126,29.04.2025,14,2025,True,har_x,0.0192670902770557,0.024777493761504326
126,30.04.2025,14,2025,True,har_x,0.0192137840526125,0.02561268971459222
126,01.05.2025,14,2025,True,har_x,0.019159933137917,0.026599217401476073
126,02.05.2025,14,2025,True,har_x,0.0191188918639113,0.024213709994918786
126,05.05.2025,14,2025,True,har_x,0.0190534317011857,0.023520847242452556
126,06.05.2025,14,2025,True,har_x,0.018862989724448,0.02363266667506798
126,07.05.2025,14,2025,True,har_x,0.0188473152657669,0.024153987510599727
126,08.05.2025,14,2025,True,har_x,0.0186865750153127,0.024138348525333572
126,09.05.2025,14,2025,True,har_x,0.0186288735250259,0.023840884573175906
126,12.05.2025,14,2025,True,har_x,0.0185812336585726,0.023535784681537095
126,13.05.2025,14,2025,True,har_x,0.0185042576696406,0.021475780296751408
126,14.05.2025,14,2025,True,har_x,0.0188011921664462,0.021432377437907248
126,15.05.2025,14,2025,True,har_x,0.0186879951566106,0.021253756386584152
126,16.05.2025,14,2025,True,har_x,0.0187496338107456,0.02164355812680735
126,19.05.2025,14,2025,True,har_x,0.0187503516200343,0.021560440398705895
126,20.05.2025,14,2025,True,har_x,0.0187740688110672,0.020498885209443072
126,21.05.2025,14,2025,True,har_x,0.0188605234677576,0.01975221464702505
126,22.05.2025,14,2025,True,har_x,0.018850547972275,0.020503705732992823
126,23.05.2025,14,2025,True,har_x,0.018879049749928,0.020767777348357185
126,27.05.2025,14,2025,True,har_x,0.0188916429672912,0.02096748507627833
126,28.05.2025,14,2025,True,har_x,0.018898389424424,0.021715586396437864
126,29.05.2025,14,2025,True,har_x,0.01889445854114,0.02150687329617465
126,30.05.2025,14,2025,True,har_x,0.0188917183044959,0.0214696052582727
126,02.06.2025,14,2025,True,har_x,0.0188637513558215,0.02146034351283425
126,03.06.2025,14,2025,True,har_x,0.0188383352103362,0.020835746670848112
126,04.06.2025,14,2025,True,har_x,0.0188135394122381,0.020657103571266853
126,05.06.2025,14,2025,True,har_x,0.0188208722983221,0.020568231305701783
126,06.06.2025,14,2025,True,har_x,0.018769793567596,0.01997107147657092
126,09.06.2025,14,2025,True,har_x,0.018833669991997,0.020108275562533074
126,10.06.2025,14,2025,True,har_x,0.0188473344878187,0.02163258458168999
126,11.06.2025,14,2025,True,har_x,0.0184524297141226,0.02166409301292884
126,12.06.2025,14,2025,True,har_x,0.0184902779460126,0.02361016820087221
126,13.06.2025,14,2025,True,har_x,0.0174265198814494,0.02381841548125389
126,16.06.2025,14,2025,True,har_x,0.0174067815766959,0.02819246998551804
126,17.06.2025,14,2025,True,har_x,0.0170937492865009,0.02863118211104214
126,18.06.2025,14,2025,True,har_x,0.0171387044911849,0.03146332785869346
126,20.06.2025,14,2025,True,har_x,0.0171346113407095,0.030433327804634022
126,23.06.2025,14,2025,True,har_x,0.0158865020724247,0.030004064842541346
126,24.06.2025,14,2025,True,har_x,0.0150941773137381,0.02602506509442174
126,25.06.2025,14,2025,True,har_x,0.0150827249377152,0.025633198395604316
126,26.06.2025,14,2025,True,har_x,0.0150828755275611,0.024063934279073787
126,27.06.2025,14,2025,True,har_x,0.0152507507120253,0.023854501599311087
126,30.06.2025,14,2025,True,har_x,0.0153765275409481,0.023717879898537287
126,01.07.2025,14,2025,True,har_x,0.015364680717241,0.023708529567900836
126,02.07.2025,14,2025,True,har_x,0.0151982830176672,0.023143162048653413
126,03.07.2025,14,2025,True,har_x,0.0151951743998576,0.023908869020833643
126,07.07.2025,14,2025,True,har_x,0.01523588968796,0.023347768221967057
126,08.07.2025,14,2025,True,har_x,0.0152830205936791,0.023653473510210035
126,09.07.2025,14,2025,True,har_x,0.0153142241147443,0.02267054915848669
126,10.07.2025,14,2025,True,har_x,0.0155022974426012,0.02232195020510236
126,11.07.2025,14,2025,True,har_x,0.0154625977079655,0.022257591026124894
126,14.07.2025,14,2025,True,har_x,0.0154196909448938,0.02301563077274606
126,15.07.2025,14,2025,True,har_x,0.0155725709624356,0.022412402770521304
126,16.07.2025,14,2025,True,har_x,0.0156384529727621,0.022116584838077186
126,17.07.2025,14,2025,True,har_x,0.016025878858784,0.021872110703741898
126,18.07.2025,14,2025,True,har_x,0.0160342466589304,0.02168465718020208
126,21.07.2025,14,2025,True,har_x,0.016075041795413,0.021365115249973175
126,22.07.2025,14,2025,True,har_x,0.0160640393393461,0.021154739932665347
126,23.07.2025,14,2025,True,har_x,0.0161425078816354,0.02084780893075245
126,24.07.2025,14,2025,True,har_x,0.0163167449702458,0.02027104656958035
126,25.07.2025,14,2025,True,har_x,0.016294276223768,0.020271924345213493
126,28.07.2025,14,2025,True,har_x,0.016381099339329,0.0204212188679889
126,29.07.2025,14,2025,True,har_x,0.0161179740828705,0.020117689591534135
126,30.07.2025,14,2025,True,har_x,0.0163691628344005,0.02089332551765579
126,31.07.2025,14,2025,True,har_x,0.0163470948689052,0.020661704189003094
126,01.08.2025,14,2025,True,har_x,0.0169425644884708,0.020495258805371654
126,04.08.2025,14,2025,True,har_x,0.0169616294557926,0.023444292075192465
126,05.08.2025,14,2025,True,har_x,0.0171254972747714,0.021771235939799252
126,06.08.2025,14,2025,True,har_x,0.0172784943954197,0.020964511011929945
126,07.08.2025,14,2025,True,har_x,0.0172791712410666,0.021042847906940065
126,08.08.2025,14,2025,True,har_x,0.0173247309188919,0.020700112711382463
126,11.08.2025,14,2025,True,har_x,0.017327957184138,0.02027085687650857
126,12.08.2025,14,2025,True,har_x,0.0173293207298079,0.0198691632527229
126,13.08.2025,14,2025,True,har_x,0.0174926880487947,0.019671056788488024
126,14.08.2025,14,2025,True,har_x,0.017419995140188,0.02024788296836608
126,15.08.2025,14,2025,True,har_x,0.0173735988458638,0.020834339677840694
126,18.08.2025,14,2025,True,har_x,0.0177521419584859,0.02110571973649503
126,19.08.2025,14,2025,True,har_x,0.0177873727013795,0.019982692201411974
126,20.08.2025,14,2025,True,har_x,0.0177353878476989,0.020165146449435567
126,21.08.2025,14,2025,True,har_x,0.0177078524191806,0.020163156439530386
126,22.08.2025,14,2025,True,har_x,0.0177327530649095,0.019957476032750332
126,25.08.2025,14,2025,True,har_x,0.0176794478696385,0.019594784802926344
126,26.08.2025,14,2025,True,har_x,0.0175541758643828,0.019519997532060837
126,27.08.2025,14,2025,True,har_x,0.0176501275735759,0.019964253592252457
126,28.08.2025,14,2025,True,har_x,0.0186949346710541,0.01959487179200168
126,29.08.2025,14,2025,True,har_x,0.0191044318231598,0.019921620268208595
126,02.09.2025,14,2025,True,har_x,0.0190665746614243,0.019471812334356263
126,03.09.2025,14,2025,True,har_x,0.0193957303444946,0.02042854380361852
126,04.09.2025,14,2025,True,har_x,0.020635917656928,0.020665854690676673
126,05.09.2025,14,2025,True,har_x,0.0212591381491397,0.020528252555001743
126,08.09.2025,14,2025,True,har_x,0.0239089743623979,0.02039965251032983
126,09.09.2025,14,2025,True,har_x,0.024230282004478,0.02091321888236078
126,10.09.2025,14,2025,True,har_x,0.0253745193998988,0.020571778591542553
126,11.09.2025,14,2025,True,har_x,0.0253944533008438,0.020666066947075696
126,12.09.2025,14,2025,True,har_x,0.0255513717515015,0.020843128170681235
126,15.09.2025,14,2025,True,har_x,0.0256740743763841,0.020285025677768864
126,16.09.2025,14,2025,True,har_x,0.0258334366512931,0.01965474350874879
126,17.09.2025,14,2025,True,har_x,0.025823945366093,0.02011261874805675
126,18.09.2025,14,2025,True,har_x,0.0259265586723443,0.019686292974805338
126,19.09.2025,14,2025,True,har_x,0.0280028490157562,0.019732391027945113
126,22.09.2025,14,2025,True,har_x,0.0282398115841337,0.019545028862256637
126,23.09.2025,14,2025,True,har_x,0.0283093811533351,0.020395129356394086
126,24.09.2025,14,2025,True,har_x,0.0286221430684721,0.020770606671895044
126,25.09.2025,14,2025,True,har_x,0.0288191931265891,0.02119774866752483
126,26.09.2025,14,2025,True,har_x,0.028814079257063,0.02149011626541828
126,29.09.2025,14,2025,True,har_x,0.0289104879320765,0.02128089360606504
126,30.09.2025,14,2025,True,har_x,0.0322497296878304,0.02132895792954332
126,01.10.2025,14,2025,True,har_x,0.032771661335673,0.021231828858718875
126,02.10.2025,14,2025,True,har_x,0.0327060295540716,0.02191148482144529
126,03.10.2025,14,2025,True,har_x,0.0327148266310726,0.02208231157656885
126,06.10.2025,14,2025,True,har_x,0.0352158563340667,0.021729815202310647
126,07.10.2025,14,2025,True,har_x,0.0352244271726371,0.018846323597669957
126,08.10.2025,14,2025,True,har_x,0.0352273249189945,0.018650849743247353
126,09.10.2025,14,2025,True,har_x,0.0353656187262171,0.01856334937393023
126,10.10.2025,14,2025,True,har_x,0.0354509990211161,0.018704600226816463
126,13.10.2025,14,2025,True,har_x,0.0354471309945891,0.02014890496454936
126,14.10.2025,14,2025,True,har_x,0.0356125695137737,0.01965695488318068
126,15.10.2025,14,2025,True,har_x,0.036670146771758,0.022064279852715675
126,16.10.2025,14,2025,True,har_x,0.0369279850523225,0.021717617694145437
126,17.10.2025,14,2025,True,har_x,0.0370085112404018,0.022039291591941707
126,20.10.2025,14,2025,True,har_x,0.0370999483739675,0.02164756081014166
126,21.10.2025,14,2025,True,har_x,0.0371747245467167,0.02021309437786859
126,22.10.2025,14,2025,True,har_x,0.0371464583242835,0.020029018895179555
126,23.10.2025,14,2025,True,har_x,0.0369463742133941,0.020582554572165214
126,24.10.2025,14,2025,True,har_x,0.0370039941132595,0.021806629236707748
126,27.10.2025,14,2025,True,har_x,0.0373163889113828,0.021214667408420675
126,28.10.2025,14,2025,True,har_x,0.0374228534289741,0.022251783803858182
126,29.10.2025,14,2025,True,har_x,0.0377655308547639,0.02215363295058555
126,30.10.2025,14,2025,True,har_x,0.0380507119034549,0.022012969040195243
126,31.10.2025,14,2025,True,har_x,0.0382626090761388,0.0210877813278197
126,03.11.2025,14,2025,True,har_x,0.0390122773694097,0.021334122012541572
126,04.11.2025,14,2025,True,har_x,0.0390257696011433,0.017022641374465977
126,05.11.2025,14,2025,True,har_x,0.0390002504310376,0.01693191116998722
126,06.11.2025,14,2025,True,har_x,0.0390585200049818,0.016897208104415376
126,07.11.2025,14,2025,True,har_x,0.0391477025891863,0.01680226521113953
126,10.11.2025,14,2025,True,har_x,0.0392064412144263,0.016561246054439007
126,11.11.2025,14,2025,True,har_x,0.0391898251481032,0.016408747314813472
126,12.11.2025,14,2025,True,har_x,0.0390905191919808,0.01652504401821686
126,13.11.2025,14,2025,True,har_x,0.0391363507332632,0.021523879327015254
126,14.11.2025,14,2025,True,har_x,0.0391203116801321,0.021253090174911206
126,17.11.2025,14,2025,True,har_x,0.0395066123493292,0.021539367828270276
126,18.11.2025,14,2025,True,har_x,0.0395770391687017,0.020929248703987758
126,19.11.2025,14,2025,True,har_x,0.0395156612741121,0.021117207619377652
126,20.11.2025,14,2025,True,har_x,0.0396966786175072,0.02116866625434601
126,21.11.2025,14,2025,True,har_x,0.0400072726049871,0.021043009244494648
126,24.11.2025,14,2025,True,har_x,0.0400066381828609,0.020951455975374768
126,25.11.2025,14,2025,True,har_x,0.0400208766569894,0.02110889416877074
126,26.11.2025,14,2025,True,har_x,0.040094986235018,0.02127295772569347
126,28.11.2025,14,2025,True,har_x,0.0400999814234132,0.020923547830766054
126,01.12.2025,14,2025,True,har_x,0.0401217868124733,0.022135660508115065
126,02.12.2025,14,2025,True,har_x,0.0402032714763621,0.020115923804398694
126,03.12.2025,14,2025,True,har_x,0.0402598756183308,0.020186549165763935
126,04.12.2025,14,2025,True,har_x,0.0402645014804977,0.019721593184130304
126,05.12.2025,14,2025,True,har_x,0.040371481298978,0.019662735297221068
126,08.12.2025,14,2025,True,har_x,0.0403410660719609,0.01946870016325778
126,09.12.2025,14,2025,True,har_x,0.0404331048891073,0.019874290063352305
126,10.12.2025,14,2025,True,har_x,0.0405693639176524,0.02024221900972227
126,11.12.2025,14,2025,True,har_x,0.0407982440512327,0.020163026925816757
126,12.12.2025,14,2025,True,har_x,0.0410826891671888,0.020197712643461825
126,15.12.2025,14,2025,True,har_x,0.041073031107068,0.01973057754959358
126,16.12.2025,14,2025,True,har_x,0.0409870016180778,0.01828899728291051
126,17.12.2025,14,2025,True,har_x,0.0410471671852485,0.019197368241252954
126,18.12.2025,14,2025,True,har_x,0.0410627391007721,0.019284446533861643
126,19.12.2025,14,2025,True,har_x,0.0412612908020027,0.018639377698460097
126,22.12.2025,14,2025,True,har_x,0.0412372434959423,0.018765428390974087
126,23.12.2025,14,2025,True,har_x,0.0414385301499784,0.01911647208561592
126,24.12.2025,14,2025,True,har_x,0.0414584457228574,0.018700525986553883
126,26.12.2025,14,2025,True,har_x,0.0413878395096646,0.018473401262762826
126,29.12.2025,14,2025,True,har_x,0.0413881710383068,0.01898394625914869
126,30.12.2025,14,2025,True,har_x,0.041388363445709,0.02040720297688058
126,31.12.2025,14,2025,True,har_x,0.041354790671326,0.019958119241848583
5,02.01.2026,15,2026,True,har,0.0220576739777579,0.01584102787866172
5,05.01.2026,15,2026,True,har,0.0216021974286242,0.015362772430151312
5,06.01.2026,15,2026,True,har,0.0177501068666606,0.015782294545671427
5,07.01.2026,15,2026,True,har,0.0093750364908565,0.015842174580563362
5,08.01.2026,15,2026,True,har,0.0275506841292633,0.015495676369992523
5,09.01.2026,15,2026,True,har,0.0261404334543782,0.017755439659023826
5,12.01.2026,15,2026,True,har,0.026416420924779,0.01789601194090945
5,13.01.2026,15,2026,True,har,0.0237381825416173,0.017272865000063985
5,14.01.2026,15,2026,True,har,0.0226522682275858,0.017829061397735678
5,15.01.2026,15,2026,True,har,0.0166701236005469,0.016842525190382738
5,16.01.2026,15,2026,True,har,0.0173938191176149,0.020108431446555993
5,20.01.2026,15,2026,True,har,0.0207726551075824,0.018874382802988195
5,21.01.2026,15,2026,True,har,0.0207579106972276,0.01913843124323688
5,22.01.2026,15,2026,True,har,0.015732644606982,0.018666202616759667
5,23.01.2026,15,2026,True,har,0.017052222451371,0.018869828247428916
5,26.01.2026,15,2026,True,har,0.0394470594905197,0.019175303822130525
5,27.01.2026,15,2026,True,har,0.0374101115912987,0.01857655088689668
5,28.01.2026,15,2026,True,har,0.0399194940771254,0.01939946528543668
5,29.01.2026,15,2026,True,har,0.0376755773298061,0.018728782046698284
5,30.01.2026,15,2026,True,har,0.0382766629241076,0.019470422055039578
5,02.02.2026,15,2026,True,har,0.0219096710463424,0.01820888538953827
5,03.02.2026,15,2026,True,har,0.0219619096292464,0.025272136493875087
5,04.02.2026,15,2026,True,har,0.0167915511385721,0.02368441228806409
5,05.02.2026,15,2026,True,har,0.0166185017199006,0.02442966812498918
5,06.02.2026,15,2026,True,har,0.0162635511822032,0.02464436578243441
5,09.02.2026,15,2026,True,har,0.0138238073258486,0.023636259885719463
5,10.02.2026,15,2026,True,har,0.0253746742622246,0.022352546622270937
5,11.02.2026,15,2026,True,har,0.0261456765538791,0.022064422070742558
5,12.02.2026,15,2026,True,har,0.0190108559433364,0.021514892286453993
5,13.02.2026,15,2026,True,har,0.0200791788113775,0.022447940803353668
5,17.02.2026,15,2026,True,har,0.0212040177952239,0.02048398713625709
5,18.02.2026,15,2026,True,har,0.0106097366449827,0.020355192997278428
5,19.02.2026,15,2026,True,har,0.0047228970742127,0.02334130841237611
5,20.02.2026,15,2026,True,har,0.0130731464489822,0.022834667348507517
5,23.02.2026,15,2026,True,har,0.0323756855550877,0.021414200119666334
5,24.02.2026,15,2026,True,har,0.0303933605125437,0.021279802821585675
5,25.02.2026,15,2026,True,har,0.0306461090553716,0.02163868071788759
5,26.02.2026,15,2026,True,har,0.0265926211950809,0.020035431975501256
5,27.02.2026,15,2026,True,har,0.0313439668016201,0.019490371130236925
5,02.03.2026,15,2026,True,har,0.0306372638188605,0.020514087472752022
5,03.03.2026,15,2026,True,har,0.0813312280852919,0.02621002627274563
5,04.03.2026,15,2026,True,har,0.0818253276563884,0.023149681841643475
5,05.03.2026,15,2026,True,har,0.0865514732310649,0.021889779024649808
5,06.03.2026,15,2026,True,har,0.0820862350853726,0.02357347052682102
5,09.03.2026,15,2026,True,har,0.0802334993770211,0.026724560069910235
5,10.03.2026,15,2026,True,har,0.042119655640424,0.027384934313054575
5,11.03.2026,15,2026,True,har,0.0415758602873652,0.04093573533264524
5,12.03.2026,15,2026,True,har,0.0266439240841511,0.03916695469247232
5,13.03.2026,15,2026,True,har,0.0273316877273464,0.04251327301794709
5,16.03.2026,15,2026,True,har,0.0650763705759555,0.039615613255479534
5,17.03.2026,15,2026,True,har,0.0669103621589991,0.04025427277228197
5,18.03.2026,15,2026,True,har,0.0642546186829327,0.03696791171922074
5,19.03.2026,15,2026,True,har,0.070516067656779,0.03703360677071975
5,20.03.2026,15,2026,True,har,0.0717229288099039,0.03506722780085996
5,23.03.2026,15,2026,True,har,0.0327556745266894,0.03560899065023067
5,24.03.2026,15,2026,True,har,0.0333639318164079,0.04662167111947302
5,25.03.2026,15,2026,True,har,0.0889976270828279,0.04469994743392702
5,26.03.2026,15,2026,True,har,0.0925522813363506,0.04420804204982841
5,27.03.2026,15,2026,True,har,0.0901253235620718,0.04590886919829146
5,30.03.2026,15,2026,True,har,0.0900480749404196,0.04572037200320193
5,31.03.2026,15,2026,True,har,0.1009293258914761,0.04072792203705509
5,01.04.2026,15,2026,True,har,0.0799896985902602,0.042148182687908924
5,02.04.2026,15,2026,True,har,0.0650446588019132,0.05732212175297613
5,06.04.2026,15,2026,True,har,0.0714160471906021,0.0558682501453856
5,07.04.2026,15,2026,True,har,0.071660628838849,0.05253606365852783
5,08.04.2026,15,2026,True,har,0.0326157814059237,0.0516859270800064
5,09.04.2026,15,2026,True,har,0.0386023619351195,0.05801594853132704
5,10.04.2026,15,2026,True,har,0.060512170691955,0.052096225849819947
5,13.04.2026,15,2026,True,har,0.0633513089211289,0.0488704793744068
5,14.04.2026,15,2026,True,har,0.0608670887683801,0.050710144211148146
5,15.04.2026,15,2026,True,har,0.0617941647130986,0.05116635379883537
5,16.04.2026,15,2026,True,har,0.0601825256666072,0.0462976639400739
5,17.04.2026,15,2026,True,har,0.0186731429039724,0.048260911003367934
5,20.04.2026,15,2026,True,har,0.0128781832399018,0.05326031732195475
5,21.04.2026,15,2026,True,har,0.012581807310521,0.05288291277821231
5,22.04.2026,15,2026,True,har,0.0200928878343165,0.049394081399480635
5,23.04.2026,15,2026,True,har,0.0348657076975311,0.04936612377201764
5,24.04.2026,15,2026,True,har,0.0469396447586403,0.04923197157550115
5,27.04.2026,15,2026,True,har,0.0518883514125255,0.04421315473889646
5,28.04.2026,15,2026,True,har,0.0553600889513018,0.044187484384511255
5,29.04.2026,15,2026,True,har,0.0518508075068966,0.04438007689691664
5,30.04.2026,15,2026,True,har,0.0523968275324118,0.046202580247651184
5,01.05.2026,15,2026,True,har,0.0522237249779472,0.040276562795091175
5,04.05.2026,15,2026,True,har,0.0437378103748314,0.04116614005371003
5,05.05.2026,15,2026,True,har,0.0469011249289117,0.04259293514276159
5,06.05.2026,15,2026,True,har,0.0238577193283388,0.042935481780435956
5,07.05.2026,15,2026,True,har,0.0216958190703434,0.039521332839521695
5,08.05.2026,15,2026,True,har,0.0238563418738349,0.0376084708172933
5,11.05.2026,15,2026,True,har,0.0235018391530982,0.03759619269927759
5,12.05.2026,15,2026,True,har,0.0223312836423463,0.03703746686242633
5,13.05.2026,15,2026,True,har,0.0358589848234453,0.0368398601440402
5,14.05.2026,15,2026,True,har,0.0371491860895561,0.03474537711369299
5,15.05.2026,15,2026,True,har,0.0321159753486123,0.03341623730053403
5,18.05.2026,15,2026,True,har,0.026273379859647,0.030950195104617686
5,19.05.2026,15,2026,True,har,0.0273972854409567,0.029956231028855647
5,20.05.2026,15,2026,True,har,0.0254023543150176,0.02917950854473744
5,21.05.2026,15,2026,True,har,0.0254873547305959,0.0329441471527828
5,22.05.2026,15,2026,True,har,0.0329791827828975,0.03191689819769367
5,26.05.2026,15,2026,True,har,0.0322684530339313,0.031125015742475275
5,27.05.2026,15,2026,True,har,0.019581140963704,0.03167017822112127
5,28.05.2026,15,2026,True,har,0.0252812159373501,0.03268247809411466
5,29.05.2026,15,2026,True,har,0.0258671194987152,0.029198361296817316
5,01.06.2026,15,2026,True,har,0.021571326675603,0.02932612727565477
5,02.06.2026,15,2026,True,har,0.0234365817334465,0.030194885498016542
5,03.06.2026,15,2026,True,har,0.0231967703391039,0.027856441132588908
5,04.06.2026,15,2026,True,har,0.0233660108736719,0.026816218668842665
5,05.06.2026,15,2026,True,har,0.025614369001156,0.024877089324288247
5,08.06.2026,15,2026,True,har,0.0252037387639444,0.024811353662175913
5,09.06.2026,15,2026,True,har,0.0280395300650387,0.024217462836873968
5,10.06.2026,15,2026,True,har,0.0236940641641567,0.024615527547860335
5,11.06.2026,15,2026,True,har,0.0285465682712684,0.02366462897375192
5,12.06.2026,15,2026,True,har,0.0280619546949263,0.02420662542896673
5,15.06.2026,15,2026,True,har,0.0241591130920128,0.024847530391774474
5,16.06.2026,15,2026,True,har,0.021328344123331,0.024894039711051877
5,17.06.2026,15,2026,True,har,0.0250071286761539,0.025005605849190808
5,18.06.2026,15,2026,True,har,0.027053921857194,0.02365044189355774
5,22.06.2026,15,2026,True,har,0.0313361161424492,0.02310591932732693
5,23.06.2026,15,2026,True,har,0.0316296862713603,0.023683788963147014
5,24.06.2026,15,2026,True,har,0.0265790495378855,0.022624381591595612
5,25.06.2026,15,2026,True,har,0.0232120861021053,0.02352942879358376
5,26.06.2026,15,2026,True,har,0.0125689745702291,0.02278996270099943
5,29.06.2026,15,2026,True,har,0.0174695982200973,0.024255168782924125
5,30.06.2026,15,2026,True,har,0.0269675387679561,0.02424436171228693
5,01.07.2026,15,2026,True,har,0.0280696539186173,0.022815084280690588
5,02.07.2026,15,2026,True,har,0.0288339976816877,0.022475375246401724
5,06.07.2026,15,2026,True,har,0.0449914473683734,0.021230658997659843
5,07.07.2026,15,2026,True,har,0.0453113101921202,0.020388409136252277
5,08.07.2026,15,2026,True,har,0.0440088898040862,0.02266132443962002
5,09.07.2026,15,2026,True,har,0.0412782557751398,0.02589984496420423
5,10.07.2026,15,2026,True,har,0.0400524113380354,0.0250282550816121
5,13.07.2026,15,2026,True,har,0.020022837173392,0.02416231048040175
5,14.07.2026,15,2026,True,har,0.0201793713106393,0.03257135295192568
5,15.07.2026,15,2026,True,har,0.0203612231509063,0.030186396917365577
5,16.07.2026,15,2026,True,har,0.0219008397197257,0.02859127731775121
5,17.07.2026,15,2026,True,har,0.0389725397669558,0.027171281095944303
5,20.07.2026,15,2026,True,har,0.0631424835896438,0.028927729385653814
5,21.07.2026,15,2026,True,har,0.0647585539542266,0.02634646233646841
5,22.07.2026,15,2026,True,har,0.0749414735031367,0.02617421059578219
5,23.07.2026,15,2026,True,har,0.0621132772461594,0.026671031848850633
5,24.07.2026,15,2026,True,har,0.0632937201743563,0.02770538355466022
5,27.07.2026,15,2026,True,har,0.0581505495365553,0.029661852542546996
5,28.07.2026,15,2026,True,har,0.0589407459586854,0.03629676992780252
5,29.07.2026,15,2026,True,har,0.0362074433091067,0.03651972907542626
5,30.07.2026,15,2026,True,har,0.0465257842098363,0.039724421493076194
5,31.07.2026,15,2026,True,har,0.0466148226073336,0.03701454550231689
5,03.08.2026,15,2026,True,har,0.0401450778632215,0.03689414495780263
5,04.08.2026,15,2026,True,har,0.0196570671847008,0.04050445078249911
5,05.08.2026,15,2026,True,har,0.0197525685177037,0.040969260447842076
5,06.08.2026,15,2026,True,har,0.0255159412964316,0.036791680015784776
5,07.08.2026,15,2026,True,har,0.0256426913091254,0.03890436927700555
5,10.08.2026,15,2026,True,har,0.0184621798045003,0.038200166375420536
5,11.08.2026,15,2026,True,har,0.0181897821449859,0.036806803206822634
5,12.08.2026,15,2026,True,har,0.0180629114681659,0.03404701418944131
5,13.08.2026,15,2026,True,har,0.0105579174412507,0.03369057671945902
5,14.08.2026,15,2026,True,har,0.0111009767325525,0.03492904831406936
5,17.08.2026,15,2026,True,har,0.0170074635403137,0.03420765139066197
5,18.08.2026,15,2026,True,har,0.0256190011660325,0.034063084046993826
5,19.08.2026,15,2026,True,har,0.0247244017850896,0.033203350116452715
5,20.08.2026,15,2026,True,har,0.0239822152583917,0.03295428383968882
5,21.08.2026,15,2026,True,har,0.0226999342336088,0.031244121415546333
5,24.08.2026,15,2026,True,har,0.0235127393217673,0.03031066929808198
5,25.08.2026,15,2026,True,har,0.021461054891998,0.02811467135374382
5,02.01.2026,15,2026,True,har_ovx,0.0220576739777579,0.014995544725271651
5,05.01.2026,15,2026,True,har_ovx,0.0216021974286242,0.014310248887940084
5,06.01.2026,15,2026,True,har_ovx,0.0177501068666606,0.014739332633861724
5,07.01.2026,15,2026,True,har_ovx,0.0093750364908565,0.015029156520695702
5,08.01.2026,15,2026,True,har_ovx,0.0275506841292633,0.016100938079137688
5,09.01.2026,15,2026,True,har_ovx,0.0261404334543782,0.017584492144661085
5,12.01.2026,15,2026,True,har_ovx,0.026416420924779,0.018114708844457223
5,13.01.2026,15,2026,True,har_ovx,0.0237381825416173,0.018853298536968988
5,14.01.2026,15,2026,True,har_ovx,0.0226522682275858,0.019554707095057397
5,15.01.2026,15,2026,True,har_ovx,0.0166701236005469,0.020947667808695003
5,16.01.2026,15,2026,True,har_ovx,0.0173938191176149,0.020556570384680457
5,20.01.2026,15,2026,True,har_ovx,0.0207726551075824,0.020991722263331857
5,21.01.2026,15,2026,True,har_ovx,0.0207579106972276,0.02084719146849623
5,22.01.2026,15,2026,True,har_ovx,0.015732644606982,0.021858357469416313
5,23.01.2026,15,2026,True,har_ovx,0.017052222451371,0.021519777271606474
5,26.01.2026,15,2026,True,har_ovx,0.0394470594905197,0.022776090673440847
5,27.01.2026,15,2026,True,har_ovx,0.0374101115912987,0.022859875700029248
5,28.01.2026,15,2026,True,har_ovx,0.0399194940771254,0.023520321183088236
5,29.01.2026,15,2026,True,har_ovx,0.0376755773298061,0.023784078151735534
5,30.01.2026,15,2026,True,har_ovx,0.0382766629241076,0.025843938798301467
5,02.02.2026,15,2026,True,har_ovx,0.0219096710463424,0.025953688150664067
5,03.02.2026,15,2026,True,har_ovx,0.0219619096292464,0.02434529273383516
5,04.02.2026,15,2026,True,har_ovx,0.0167915511385721,0.025775997820095643
5,05.02.2026,15,2026,True,har_ovx,0.0166185017199006,0.026896369853669246
5,06.02.2026,15,2026,True,har_ovx,0.0162635511822032,0.026976466075407456
5,09.02.2026,15,2026,True,har_ovx,0.0138238073258486,0.026150819571212618
5,10.02.2026,15,2026,True,har_ovx,0.0253746742622246,0.025048260431609844
5,11.02.2026,15,2026,True,har_ovx,0.0261456765538791,0.023986104538608166
5,12.02.2026,15,2026,True,har_ovx,0.0190108559433364,0.022420639378684992
5,13.02.2026,15,2026,True,har_ovx,0.0200791788113775,0.021628336380313
5,17.02.2026,15,2026,True,har_ovx,0.0212040177952239,0.02131831429331789
5,18.02.2026,15,2026,True,har_ovx,0.0106097366449827,0.021448332254039977
5,19.02.2026,15,2026,True,har_ovx,0.0047228970742127,0.025292769959270003
5,20.02.2026,15,2026,True,har_ovx,0.0130731464489822,0.027394286777923382
5,23.02.2026,15,2026,True,har_ovx,0.0323756855550877,0.027006936701117545
5,24.02.2026,15,2026,True,har_ovx,0.0303933605125437,0.028060929346655227
5,25.02.2026,15,2026,True,har_ovx,0.0306461090553716,0.028001783038254527
5,26.02.2026,15,2026,True,har_ovx,0.0265926211950809,0.0278369511579163
5,27.02.2026,15,2026,True,har_ovx,0.0313439668016201,0.02809368126349002
5,02.03.2026,15,2026,True,har_ovx,0.0306372638188605,0.029937540452668478
5,03.03.2026,15,2026,True,har_ovx,0.0813312280852919,0.03257690494528126
5,04.03.2026,15,2026,True,har_ovx,0.0818253276563884,0.03385916377816319
5,05.03.2026,15,2026,True,har_ovx,0.0865514732310649,0.034379206054409216
5,06.03.2026,15,2026,True,har_ovx,0.0820862350853726,0.03787318110869048
5,09.03.2026,15,2026,True,har_ovx,0.0802334993770211,0.046146224290370325
5,10.03.2026,15,2026,True,har_ovx,0.042119655640424,0.04533621053586157
5,11.03.2026,15,2026,True,har_ovx,0.0415758602873652,0.051143718035099726
5,12.03.2026,15,2026,True,har_ovx,0.0266439240841511,0.0562443409647678
5,13.03.2026,15,2026,True,har_ovx,0.0273316877273464,0.056539811288155196
5,16.03.2026,15,2026,True,har_ovx,0.0650763705759555,0.055846052215343854
5,17.03.2026,15,2026,True,har_ovx,0.0669103621589991,0.04942457153461003
5,18.03.2026,15,2026,True,har_ovx,0.0642546186829327,0.04670996237409389
5,19.03.2026,15,2026,True,har_ovx,0.070516067656779,0.047210478218663914
5,20.03.2026,15,2026,True,har_ovx,0.0717229288099039,0.04532903131361243
5,23.03.2026,15,2026,True,har_ovx,0.0327556745266894,0.04496488513632861
5,24.03.2026,15,2026,True,har_ovx,0.0333639318164079,0.0461308702119249
5,25.03.2026,15,2026,True,har_ovx,0.0889976270828279,0.04601688065926249
5,26.03.2026,15,2026,True,har_ovx,0.0925522813363506,0.04645196692239315
5,27.03.2026,15,2026,True,har_ovx,0.0901253235620718,0.04740851541586679
5,30.03.2026,15,2026,True,har_ovx,0.0900480749404196,0.04912339268094948
5,31.03.2026,15,2026,True,har_ovx,0.1009293258914761,0.04834204752734379
5,01.04.2026,15,2026,True,har_ovx,0.0799896985902602,0.04581459614154047
5,02.04.2026,15,2026,True,har_ovx,0.0650446588019132,0.049464335728351794
5,06.04.2026,15,2026,True,har_ovx,0.0714160471906021,0.0502675007881093
5,07.04.2026,15,2026,True,har_ovx,0.071660628838849,0.05109404813935413
5,08.04.2026,15,2026,True,har_ovx,0.0326157814059237,0.05187809533034623
5,09.04.2026,15,2026,True,har_ovx,0.0386023619351195,0.046534023902621055
5,10.04.2026,15,2026,True,har_ovx,0.060512170691955,0.04548559583758725
5,13.04.2026,15,2026,True,har_ovx,0.0633513089211289,0.04333429424925105
5,14.04.2026,15,2026,True,har_ovx,0.0608670887683801,0.04444057008593867
5,15.04.2026,15,2026,True,har_ovx,0.0617941647130986,0.042514988426282464
5,16.04.2026,15,2026,True,har_ovx,0.0601825256666072,0.04093216464199607
5,17.04.2026,15,2026,True,har_ovx,0.0186731429039724,0.041320839791140776
5,20.04.2026,15,2026,True,har_ovx,0.0128781832399018,0.04044810268365704
5,21.04.2026,15,2026,True,har_ovx,0.012581807310521,0.04253161638469895
5,22.04.2026,15,2026,True,har_ovx,0.0200928878343165,0.04628926745916047
5,23.04.2026,15,2026,True,har_ovx,0.0348657076975311,0.042806228426385755
5,24.04.2026,15,2026,True,har_ovx,0.0469396447586403,0.04356952820445891
5,27.04.2026,15,2026,True,har_ovx,0.0518883514125255,0.0419205917186036
5,28.04.2026,15,2026,True,har_ovx,0.0553600889513018,0.040718255697468404
5,29.04.2026,15,2026,True,har_ovx,0.0518508075068966,0.03976496044199912
5,30.04.2026,15,2026,True,har_ovx,0.0523968275324118,0.04201805844317471
5,01.05.2026,15,2026,True,har_ovx,0.0522237249779472,0.03975713918779426
5,04.05.2026,15,2026,True,har_ovx,0.0437378103748314,0.03976206466184973
5,05.05.2026,15,2026,True,har_ovx,0.0469011249289117,0.04134300977282276
5,06.05.2026,15,2026,True,har_ovx,0.0238577193283388,0.04002362192798141
5,07.05.2026,15,2026,True,har_ovx,0.0216958190703434,0.03767103323177021
5,08.05.2026,15,2026,True,har_ovx,0.0238563418738349,0.03770413294515285
5,11.05.2026,15,2026,True,har_ovx,0.0235018391530982,0.03766259676053564
5,12.05.2026,15,2026,True,har_ovx,0.0223312836423463,0.038849047769637206
5,13.05.2026,15,2026,True,har_ovx,0.0358589848234453,0.038687788668806386
5,14.05.2026,15,2026,True,har_ovx,0.0371491860895561,0.036737252002714216
5,15.05.2026,15,2026,True,har_ovx,0.0321159753486123,0.03575872314712859
5,18.05.2026,15,2026,True,har_ovx,0.026273379859647,0.03595210190556051
5,19.05.2026,15,2026,True,har_ovx,0.0273972854409567,0.03560562633810744
5,20.05.2026,15,2026,True,har_ovx,0.0254023543150176,0.03588057684182762
5,21.05.2026,15,2026,True,har_ovx,0.0254873547305959,0.0362789034774763
5,22.05.2026,15,2026,True,har_ovx,0.0329791827828975,0.036567606632346594
5,26.05.2026,15,2026,True,har_ovx,0.0322684530339313,0.03749552984573746
5,27.05.2026,15,2026,True,har_ovx,0.019581140963704,0.03323935403894554
5,28.05.2026,15,2026,True,har_ovx,0.0252812159373501,0.031405597665288845
5,29.05.2026,15,2026,True,har_ovx,0.0258671194987152,0.030163587324795616
5,01.06.2026,15,2026,True,har_ovx,0.021571326675603,0.029908017062363644
5,02.06.2026,15,2026,True,har_ovx,0.0234365817334465,0.03123445020185939
5,03.06.2026,15,2026,True,har_ovx,0.0231967703391039,0.030042883043165644
5,04.06.2026,15,2026,True,har_ovx,0.0233660108736719,0.030255131382721144
5,05.06.2026,15,2026,True,har_ovx,0.025614369001156,0.02914788362838534
5,08.06.2026,15,2026,True,har_ovx,0.0252037387639444,0.028403336835332388
5,09.06.2026,15,2026,True,har_ovx,0.0280395300650387,0.02861346123924246
5,10.06.2026,15,2026,True,har_ovx,0.0236940641641567,0.02824556440926751
5,11.06.2026,15,2026,True,har_ovx,0.0285465682712684,0.029100166754679368
5,12.06.2026,15,2026,True,har_ovx,0.0280619546949263,0.027604361288534933
5,15.06.2026,15,2026,True,har_ovx,0.0241591130920128,0.026863896964648002
5,16.06.2026,15,2026,True,har_ovx,0.021328344123331,0.024272405985450357
5,17.06.2026,15,2026,True,har_ovx,0.0250071286761539,0.026305751528051535
5,18.06.2026,15,2026,True,har_ovx,0.027053921857194,0.02660962668464913
5,22.06.2026,15,2026,True,har_ovx,0.0313361161424492,0.025561278604693937
5,23.06.2026,15,2026,True,har_ovx,0.0316296862713603,0.025220121756787024
5,24.06.2026,15,2026,True,har_ovx,0.0265790495378855,0.023500444556521626
5,25.06.2026,15,2026,True,har_ovx,0.0232120861021053,0.023900935090836527
5,26.06.2026,15,2026,True,har_ovx,0.0125689745702291,0.02358032315902571
5,29.06.2026,15,2026,True,har_ovx,0.0174695982200973,0.02357612950330023
5,30.06.2026,15,2026,True,har_ovx,0.0269675387679561,0.023232838859987344
5,01.07.2026,15,2026,True,har_ovx,0.0280696539186173,0.022160428062755227
5,02.07.2026,15,2026,True,har_ovx,0.0288339976816877,0.021055392205035793
5,06.07.2026,15,2026,True,har_ovx,0.0449914473683734,0.021210038907576067
5,07.07.2026,15,2026,True,har_ovx,0.0453113101921202,0.02064448308262807
5,08.07.2026,15,2026,True,har_ovx,0.0440088898040862,0.023833397829402605
5,09.07.2026,15,2026,True,har_ovx,0.0412782557751398,0.02559079814333232
5,10.07.2026,15,2026,True,har_ovx,0.0400524113380354,0.023838693126049314
5,13.07.2026,15,2026,True,har_ovx,0.020022837173392,0.023218086570506027
5,14.07.2026,15,2026,True,har_ovx,0.0201793713106393,0.030785431672763857
5,15.07.2026,15,2026,True,har_ovx,0.0203612231509063,0.03061773034681522
5,16.07.2026,15,2026,True,har_ovx,0.0219008397197257,0.029915551156794472
5,17.07.2026,15,2026,True,har_ovx,0.0389725397669558,0.028269761668415723
5,20.07.2026,15,2026,True,har_ovx,0.0631424835896438,0.030090653291454574
5,21.07.2026,15,2026,True,har_ovx,0.0647585539542266,0.030760402127192235
5,22.07.2026,15,2026,True,har_ovx,0.0749414735031367,0.031296672529771925
5,23.07.2026,15,2026,True,har_ovx,0.0621132772461594,0.03191612835684014
5,24.07.2026,15,2026,True,har_ovx,0.0632937201743563,0.033295283686580475
5,27.07.2026,15,2026,True,har_ovx,0.0581505495365553,0.03350188299943286
5,28.07.2026,15,2026,True,har_ovx,0.0589407459586854,0.031780697023741436
5,29.07.2026,15,2026,True,har_ovx,0.0362074433091067,0.030881052547312535
5,30.07.2026,15,2026,True,har_ovx,0.0465257842098363,0.035509745689902256
5,31.07.2026,15,2026,True,har_ovx,0.0466148226073336,0.03383666353521801
5,03.08.2026,15,2026,True,har_ovx,0.0401450778632215,0.03368844256009204
5,04.08.2026,15,2026,True,har_ovx,0.0196570671847008,0.03205816211790811
5,05.08.2026,15,2026,True,har_ovx,0.0197525685177037,0.0309195652968971
5,06.08.2026,15,2026,True,har_ovx,0.0255159412964316,0.029772072444626634
5,07.08.2026,15,2026,True,har_ovx,0.0256426913091254,0.03217171604605565
5,10.08.2026,15,2026,True,har_ovx,0.0184621798045003,0.03159173296855641
5,11.08.2026,15,2026,True,har_ovx,0.0181897821449859,0.031015622083895255
5,12.08.2026,15,2026,True,har_ovx,0.0180629114681659,0.03045217255399725
5,13.08.2026,15,2026,True,har_ovx,0.0105579174412507,0.029431242717304955
5,14.08.2026,15,2026,True,har_ovx,0.0111009767325525,0.028351281823414898
5,17.08.2026,15,2026,True,har_ovx,0.0170074635403137,0.028233027142180962
5,18.08.2026,15,2026,True,har_ovx,0.0256190011660325,0.029548372217784252
5,19.08.2026,15,2026,True,har_ovx,0.0247244017850896,0.027285232970159987
5,20.08.2026,15,2026,True,har_ovx,0.0239822152583917,0.027362141915181007
5,21.08.2026,15,2026,True,har_ovx,0.0226999342336088,0.027548072051083984
5,24.08.2026,15,2026,True,har_ovx,0.0235127393217673,0.02740342370692043
5,25.08.2026,15,2026,True,har_ovx,0.021461054891998,0.02530330613717189
5,02.01.2026,15,2026,True,har_gpr,0.0220576739777579,0.015396890385791232
5,05.01.2026,15,2026,True,har_gpr,0.0216021974286242,0.016242407717561042
5,06.01.2026,15,2026,True,har_gpr,0.0177501068666606,0.01730295337944858
5,07.01.2026,15,2026,True,har_gpr,0.0093750364908565,0.017367430413272593
5,08.01.2026,15,2026,True,har_gpr,0.0275506841292633,0.01702004072264597
5,09.01.2026,15,2026,True,har_gpr,0.0261404334543782,0.01926054400451993
5,12.01.2026,15,2026,True,har_gpr,0.026416420924779,0.01939947591635028
5,13.01.2026,15,2026,True,har_gpr,0.0237381825416173,0.018222840649900686
5,14.01.2026,15,2026,True,har_gpr,0.0226522682275858,0.01879086604611896
5,15.01.2026,15,2026,True,har_gpr,0.0166701236005469,0.017830585899349504
5,16.01.2026,15,2026,True,har_gpr,0.0173938191176149,0.021041199209082744
5,20.01.2026,15,2026,True,har_gpr,0.0207726551075824,0.019813537864144862
5,21.01.2026,15,2026,True,har_gpr,0.0207579106972276,0.020624535015186355
5,22.01.2026,15,2026,True,har_gpr,0.015732644606982,0.020160908960654256
5,23.01.2026,15,2026,True,har_gpr,0.017052222451371,0.020366874727285218
5,26.01.2026,15,2026,True,har_gpr,0.0394470594905197,0.020691415022167762
5,27.01.2026,15,2026,True,har_gpr,0.0374101115912987,0.018257472202284228
5,28.01.2026,15,2026,True,har_gpr,0.0399194940771254,0.019068023636760398
5,29.01.2026,15,2026,True,har_gpr,0.0376755773298061,0.018398051734614278
5,30.01.2026,15,2026,True,har_gpr,0.0382766629241076,0.019155211508121377
5,02.02.2026,15,2026,True,har_gpr,0.0219096710463424,0.017890594493262357
5,03.02.2026,15,2026,True,har_gpr,0.0219619096292464,0.02523563425707523
5,04.02.2026,15,2026,True,har_gpr,0.0167915511385721,0.02365706205637904
5,05.02.2026,15,2026,True,har_gpr,0.0166185017199006,0.02439383810663673
5,06.02.2026,15,2026,True,har_gpr,0.0162635511822032,0.02461679657863714
5,09.02.2026,15,2026,True,har_gpr,0.0138238073258486,0.023606978420042214
5,10.02.2026,15,2026,True,har_gpr,0.0253746742622246,0.022352077837548286
5,11.02.2026,15,2026,True,har_gpr,0.0261456765538791,0.022064501429871847
5,12.02.2026,15,2026,True,har_gpr,0.0190108559433364,0.021529969634811002
5,13.02.2026,15,2026,True,har_gpr,0.0200791788113775,0.022463373166027714
5,17.02.2026,15,2026,True,har_gpr,0.0212040177952239,0.0204990684062101
5,18.02.2026,15,2026,True,har_gpr,0.0106097366449827,0.020092594092263792
5,19.02.2026,15,2026,True,har_gpr,0.0047228970742127,0.02304304541477286
5,20.02.2026,15,2026,True,har_gpr,0.0130731464489822,0.022535754169971604
5,23.02.2026,15,2026,True,har_gpr,0.0323756855550877,0.021137514973734717
5,24.02.2026,15,2026,True,har_gpr,0.0303933605125437,0.021692562396224684
5,25.02.2026,15,2026,True,har_gpr,0.0306461090553716,0.02204778524052357
5,26.02.2026,15,2026,True,har_gpr,0.0265926211950809,0.020476648541075775
5,27.02.2026,15,2026,True,har_gpr,0.0313439668016201,0.01994956556732912
5,02.03.2026,15,2026,True,har_gpr,0.0306372638188605,0.020945430994295668
5,03.03.2026,15,2026,True,har_gpr,0.0813312280852919,0.030166769022904653
5,04.03.2026,15,2026,True,har_gpr,0.0818253276563884,0.027108855595320173
5,05.03.2026,15,2026,True,har_gpr,0.0865514732310649,0.025851026240063486
5,06.03.2026,15,2026,True,har_gpr,0.0820862350853726,0.027545812380963597
5,09.03.2026,15,2026,True,har_gpr,0.0802334993770211,0.030684389939539952
5,10.03.2026,15,2026,True,har_gpr,0.042119655640424,0.029553060157585912
5,11.03.2026,15,2026,True,har_gpr,0.0415758602873652,0.04296244458292194
5,12.03.2026,15,2026,True,har_gpr,0.0266439240841511,0.04119720275765863
5,13.03.2026,15,2026,True,har_gpr,0.0273316877273464,0.04453053559787082
5,16.03.2026,15,2026,True,har_gpr,0.0650763705759555,0.04164860538449039
5,17.03.2026,15,2026,True,har_gpr,0.0669103621589991,0.0414687151719203
5,18.03.2026,15,2026,True,har_gpr,0.0642546186829327,0.038299202124931826
5,19.03.2026,15,2026,True,har_gpr,0.070516067656779,0.03836606496688042
5,20.03.2026,15,2026,True,har_gpr,0.0717229288099039,0.0364472918792352
5,23.03.2026,15,2026,True,har_gpr,0.0327556745266894,0.03698548862978655
5,24.03.2026,15,2026,True,har_gpr,0.0333639318164079,0.048042209664977395
5,25.03.2026,15,2026,True,har_gpr,0.0889976270828279,0.04611902269674602
5,26.03.2026,15,2026,True,har_gpr,0.0925522813363506,0.045637529817622244
5,27.03.2026,15,2026,True,har_gpr,0.0901253235620718,0.04731760396007411
5,30.03.2026,15,2026,True,har_gpr,0.0900480749404196,0.047126457526180714
5,31.03.2026,15,2026,True,har_gpr,0.1009293258914761,0.041969193851361886
5,01.04.2026,15,2026,True,har_gpr,0.0799896985902602,0.04338489082907981
5,02.04.2026,15,2026,True,har_gpr,0.0650446588019132,0.05885476675258342
5,06.04.2026,15,2026,True,har_gpr,0.0714160471906021,0.057396266611134714
5,07.04.2026,15,2026,True,har_gpr,0.071660628838849,0.05387355746459145
5,08.04.2026,15,2026,True,har_gpr,0.0326157814059237,0.0530219778313632
5,09.04.2026,15,2026,True,har_gpr,0.0386023619351195,0.05931358272477273
5,10.04.2026,15,2026,True,har_gpr,0.060512170691955,0.05346519491401602
5,13.04.2026,15,2026,True,har_gpr,0.0633513089211289,0.05028150198412887
5,14.04.2026,15,2026,True,har_gpr,0.0608670887683801,0.05349438856896132
5,15.04.2026,15,2026,True,har_gpr,0.0617941647130986,0.053950310047766264
5,16.04.2026,15,2026,True,har_gpr,0.0601825256666072,0.049203962921968235
5,17.04.2026,15,2026,True,har_gpr,0.0186731429039724,0.05114653488708885
5,20.04.2026,15,2026,True,har_gpr,0.0128781832399018,0.0560795758436338
5,21.04.2026,15,2026,True,har_gpr,0.012581807310521,0.05398875684263129
5,22.04.2026,15,2026,True,har_gpr,0.0200928878343165,0.05050299273244021
5,23.04.2026,15,2026,True,har_gpr,0.0348657076975311,0.05047151595318069
5,24.04.2026,15,2026,True,har_gpr,0.0469396447586403,0.05034279902540204
5,27.04.2026,15,2026,True,har_gpr,0.0518883514125255,0.04545182529361772
5,28.04.2026,15,2026,True,har_gpr,0.0553600889513018,0.04438805818708949
5,29.04.2026,15,2026,True,har_gpr,0.0518508075068966,0.044582011555988454
5,30.04.2026,15,2026,True,har_gpr,0.0523968275324118,0.046380164048567325
5,01.05.2026,15,2026,True,har_gpr,0.0522237249779472,0.0403950937467004
5,04.05.2026,15,2026,True,har_gpr,0.0437378103748314,0.04265324541771239
5,05.05.2026,15,2026,True,har_gpr,0.0469011249289117,0.04335910323526802
5,06.05.2026,15,2026,True,har_gpr,0.0238577193283388,0.04369305068004373
5,07.05.2026,15,2026,True,har_gpr,0.0216958190703434,0.040277302464548546
5,08.05.2026,15,2026,True,har_gpr,0.0238563418738349,0.03836701132576932
5,11.05.2026,15,2026,True,har_gpr,0.0235018391530982,0.038355246589015964
5,12.05.2026,15,2026,True,har_gpr,0.0223312836423463,0.038454542341708996
5,13.05.2026,15,2026,True,har_gpr,0.0358589848234453,0.038245461668148024
5,14.05.2026,15,2026,True,har_gpr,0.0371491860895561,0.03622329643715625
5,15.05.2026,15,2026,True,har_gpr,0.0321159753486123,0.03490058255042948
5,18.05.2026,15,2026,True,har_gpr,0.026273379859647,0.03241767261916937
5,19.05.2026,15,2026,True,har_gpr,0.0273972854409567,0.03082377933411674
5,20.05.2026,15,2026,True,har_gpr,0.0254023543150176,0.030051406916277845
5,21.05.2026,15,2026,True,har_gpr,0.0254873547305959,0.03377408156584828
5,22.05.2026,15,2026,True,har_gpr,0.0329791827828975,0.03274457753756903
5,26.05.2026,15,2026,True,har_gpr,0.0322684530339313,0.03196913760619724
5,27.05.2026,15,2026,True,har_gpr,0.019581140963704,0.0323160274703877
5,28.05.2026,15,2026,True,har_gpr,0.0252812159373501,0.033325022982464786
5,29.05.2026,15,2026,True,har_gpr,0.0258671194987152,0.029845480172480322
5,01.06.2026,15,2026,True,har_gpr,0.021571326675603,0.029971782136642866
5,02.06.2026,15,2026,True,har_gpr,0.0234365817334465,0.0305109933145823
5,03.06.2026,15,2026,True,har_gpr,0.0231967703391039,0.02817206131537952
5,04.06.2026,15,2026,True,har_gpr,0.0233660108736719,0.027169961314699252
5,05.06.2026,15,2026,True,har_gpr,0.025614369001156,0.025206373645636333
5,08.06.2026,15,2026,True,har_gpr,0.0252037387639444,0.025139606192959414
5,09.06.2026,15,2026,True,har_gpr,0.0280395300650387,0.02564960301702867
5,10.06.2026,15,2026,True,har_gpr,0.0236940641641567,0.026040232007382202
5,11.06.2026,15,2026,True,har_gpr,0.0285465682712684,0.02508946531485419
5,12.06.2026,15,2026,True,har_gpr,0.0280619546949263,0.025630675533488613
5,15.06.2026,15,2026,True,har_gpr,0.0241591130920128,0.026265113094917452
5,16.06.2026,15,2026,True,har_gpr,0.021328344123331,0.026359544067467166
5,17.06.2026,15,2026,True,har_gpr,0.0250071286761539,0.02646168451338989
5,18.06.2026,15,2026,True,har_gpr,0.027053921857194,0.025123241535695402
5,22.06.2026,15,2026,True,har_gpr,0.0313361161424492,0.024562028265823533
5,23.06.2026,15,2026,True,har_gpr,0.0316296862713603,0.024842456580513806
5,24.06.2026,15,2026,True,har_gpr,0.0265790495378855,0.023795161900880078
5,25.06.2026,15,2026,True,har_gpr,0.0232120861021053,0.02470731122022631
5,26.06.2026,15,2026,True,har_gpr,0.0125689745702291,0.02395710623255845
5,29.06.2026,15,2026,True,har_gpr,0.0174695982200973,0.025415969739413898
5,30.06.2026,15,2026,True,har_gpr,0.0269675387679561,0.02476262016739272
5,01.07.2026,15,2026,True,har_gpr,0.0280696539186173,0.023330687481711635
5,02.07.2026,15,2026,True,har_gpr,0.0288339976816877,0.023016236617339578
5,06.07.2026,15,2026,True,har_gpr,0.0449914473683734,0.02178161694039428
5,07.07.2026,15,2026,True,har_gpr,0.0453113101921202,0.020178477238321474
5,08.07.2026,15,2026,True,har_gpr,0.0440088898040862,0.023021716232071603
5,09.07.2026,15,2026,True,har_gpr,0.0412782557751398,0.0262339870827207
5,10.07.2026,15,2026,True,har_gpr,0.0400524113380354,0.02536036685741357
5,13.07.2026,15,2026,True,har_gpr,0.020022837173392,0.024492249111286335
5,14.07.2026,15,2026,True,har_gpr,0.0201793713106393,0.03315138143464073
5,15.07.2026,15,2026,True,har_gpr,0.0203612231509063,0.030769283299992706
5,16.07.2026,15,2026,True,har_gpr,0.0219008397197257,0.029176551902372016
5,17.07.2026,15,2026,True,har_gpr,0.0389725397669558,0.027761450760229525
5,20.07.2026,15,2026,True,har_gpr,0.0631424835896438,0.029521381313841723
5,21.07.2026,15,2026,True,har_gpr,0.0647585539542266,0.02776224569320839
5,22.07.2026,15,2026,True,har_gpr,0.0749414735031367,0.027588165203723078
5,23.07.2026,15,2026,True,har_gpr,0.0621132772461594,0.028083872063123592
5,24.07.2026,15,2026,True,har_gpr,0.0632937201743563,0.02911115832809356
5,27.07.2026,15,2026,True,har_gpr,0.0581505495365553,0.031019858549981547
5,28.07.2026,15,2026,True,har_gpr,0.0589407459586854,0.036725884732157356
5,29.07.2026,15,2026,True,har_gpr,0.0362074433091067,0.036949324501788144
5,30.07.2026,15,2026,True,har_gpr,0.0465257842098363,0.04012474403200688
5,31.07.2026,15,2026,True,har_gpr,0.0466148226073336,0.03745781794150332
5,03.08.2026,15,2026,True,har_gpr,0.0401450778632215,0.037334140214931734
5,04.08.2026,15,2026,True,har_gpr,0.0196570671847008,0.04075718904693854
5,05.08.2026,15,2026,True,har_gpr,0.0197525685177037,0.0412228954471043
5,06.08.2026,15,2026,True,har_gpr,0.0255159412964316,0.037116771349131605
5,07.08.2026,15,2026,True,har_gpr,0.0256426913091254,0.039195961818036515
5,10.08.2026,15,2026,True,har_gpr,0.0184621798045003,0.038492970716308264
5,11.08.2026,15,2026,True,har_gpr,0.0181897821449859,0.03666649105550765
5,12.08.2026,15,2026,True,har_gpr,0.0180629114681659,0.033971853734705224
5,13.08.2026,15,2026,True,har_gpr,0.0105579174412507,0.03361588277792965
5,14.08.2026,15,2026,True,har_gpr,0.0111009767325525,0.034835706640375
5,17.08.2026,15,2026,True,har_gpr,0.0170074635403137,0.03411287561066406
5,18.08.2026,15,2026,True,har_gpr,0.0256190011660325,0.03447541461831139
5,19.08.2026,15,2026,True,har_gpr,0.0247244017850896,0.03361768598437389
5,20.08.2026,15,2026,True,har_gpr,0.0239822152583917,0.033367833360008516
5,21.08.2026,15,2026,True,har_gpr,0.0226999342336088,0.03167615860409094
5,24.08.2026,15,2026,True,har_gpr,0.0235127393217673,0.030740890267504015
5,25.08.2026,15,2026,True,har_gpr,0.021461054891998,0.028712158957150367
5,02.01.2026,15,2026,True,har_x,0.0220576739777579,0.014387051146796703
5,05.01.2026,15,2026,True,har_x,0.0216021974286242,0.015219292893944057
5,06.01.2026,15,2026,True,har_x,0.0177501068666606,0.016689810804074043
5,07.01.2026,15,2026,True,har_x,0.0093750364908565,0.016986597942884863
5,08.01.2026,15,2026,True,har_x,0.0275506841292633,0.018068764712830636
5,09.01.2026,15,2026,True,har_x,0.0261404334543782,0.019527696359777323
5,12.01.2026,15,2026,True,har_x,0.026416420924779,0.020058370592750972
5,13.01.2026,15,2026,True,har_x,0.0237381825416173,0.019907714036727475
5,14.01.2026,15,2026,True,har_x,0.0226522682275858,0.020624731716755787
5,15.01.2026,15,2026,True,har_x,0.0166701236005469,0.022064785212508972
5,16.01.2026,15,2026,True,har_x,0.0173938191176149,0.02158694894677013
5,20.01.2026,15,2026,True,har_x,0.0207726551075824,0.022039234269784234
5,21.01.2026,15,2026,True,har_x,0.0207579106972276,0.022684283319442822
5,22.01.2026,15,2026,True,har_x,0.015732644606982,0.023716334781226815
5,23.01.2026,15,2026,True,har_x,0.017052222451371,0.02337701179969846
5,26.01.2026,15,2026,True,har_x,0.0394470594905197,0.02466278542464859
5,27.01.2026,15,2026,True,har_x,0.0374101115912987,0.02250835780085751
5,28.01.2026,15,2026,True,har_x,0.0399194940771254,0.0231567398284082
5,29.01.2026,15,2026,True,har_x,0.0376755773298061,0.02342729057757441
5,30.01.2026,15,2026,True,har_x,0.0382766629241076,0.025517054410697897
5,02.02.2026,15,2026,True,har_x,0.0219096710463424,0.02563159547030375
5,03.02.2026,15,2026,True,har_x,0.0219619096292464,0.02427824636519527
5,04.02.2026,15,2026,True,har_x,0.0167915511385721,0.025739160741778202
5,05.02.2026,15,2026,True,har_x,0.0166185017199006,0.02685524213297585
5,06.02.2026,15,2026,True,har_x,0.0162635511822032,0.026942841174890323
5,09.02.2026,15,2026,True,har_x,0.0138238073258486,0.02611469885467156
5,10.02.2026,15,2026,True,har_x,0.0253746742622246,0.025101141869222923
5,11.02.2026,15,2026,True,har_x,0.0261456765538791,0.024031976442523154
5,12.02.2026,15,2026,True,har_x,0.0190108559433364,0.022474423173952218
5,13.02.2026,15,2026,True,har_x,0.0200791788113775,0.021670020602827716
5,17.02.2026,15,2026,True,har_x,0.0212040177952239,0.021370721992970552
5,18.02.2026,15,2026,True,har_x,0.0106097366449827,0.0210670161325616
5,19.02.2026,15,2026,True,har_x,0.0047228970742127,0.024884680151774113
5,20.02.2026,15,2026,True,har_x,0.0130731464489822,0.0270050189628988
5,23.02.2026,15,2026,True,har_x,0.0323756855550877,0.02664824262318081
5,24.02.2026,15,2026,True,har_x,0.0303933605125437,0.028539175394425447
5,25.02.2026,15,2026,True,har_x,0.0306461090553716,0.028473282845402167
5,26.02.2026,15,2026,True,har_x,0.0265926211950809,0.028353744959863873
5,27.02.2026,15,2026,True,har_x,0.0313439668016201,0.02863639637687478
5,02.03.2026,15,2026,True,har_x,0.0306372638188605,0.030459618945775906
5,03.03.2026,15,2026,True,har_x,0.0813312280852919,0.03764333980363452
5,04.03.2026,15,2026,True,har_x,0.0818253276563884,0.038961580125468485
5,05.03.2026,15,2026,True,har_x,0.0865514732310649,0.039494169220247975
5,06.03.2026,15,2026,True,har_x,0.0820862350853726,0.04302020499094436
5,09.03.2026,15,2026,True,har_x,0.0802334993770211,0.05132683061972206
5,10.03.2026,15,2026,True,har_x,0.042119655640424,0.048652355164882415
5,11.03.2026,15,2026,True,har_x,0.0415758602873652,0.0542517473749028
5,12.03.2026,15,2026,True,har_x,0.0266439240841511,0.05940656362354319
5,13.03.2026,15,2026,True,har_x,0.0273316877273464,0.05966727649985686
5,16.03.2026,15,2026,True,har_x,0.0650763705759555,0.05900236334163228
5,17.03.2026,15,2026,True,har_x,0.0669103621589991,0.05121016117484149
5,18.03.2026,15,2026,True,har_x,0.0642546186829327,0.048625224446225905
5,19.03.2026,15,2026,True,har_x,0.070516067656779,0.04913122603927991
5,20.03.2026,15,2026,True,har_x,0.0717229288099039,0.047298690284893606
5,23.03.2026,15,2026,True,har_x,0.0327556745266894,0.04692514386391964
5,24.03.2026,15,2026,True,har_x,0.0333639318164079,0.04832149229945364
5,25.03.2026,15,2026,True,har_x,0.0889976270828279,0.048213965980051385
5,26.03.2026,15,2026,True,har_x,0.0925522813363506,0.048665790247903545
5,27.03.2026,15,2026,True,har_x,0.0901253235620718,0.0495973470999062
5,30.03.2026,15,2026,True,har_x,0.0900480749404196,0.05132403086724206
5,31.03.2026,15,2026,True,har_x,0.1009293258914761,0.05028821642455756
5,01.04.2026,15,2026,True,har_x,0.0799896985902602,0.04772741667644766
5,02.04.2026,15,2026,True,har_x,0.0650446588019132,0.05144745291962846
5,06.04.2026,15,2026,True,har_x,0.0714160471906021,0.05225657054883803
5,07.04.2026,15,2026,True,har_x,0.071660628838849,0.05323963334910849
5,08.04.2026,15,2026,True,har_x,0.0326157814059237,0.05403540879552994
5,09.04.2026,15,2026,True,har_x,0.0386023619351195,0.048566633791008236
5,10.04.2026,15,2026,True,har_x,0.060512170691955,0.047621986308200796
5,13.04.2026,15,2026,True,har_x,0.0633513089211289,0.045523542531237096
5,14.04.2026,15,2026,True,har_x,0.0608670887683801,0.047775439683113395
5,15.04.2026,15,2026,True,har_x,0.0617941647130986,0.0458300779823006
5,16.04.2026,15,2026,True,har_x,0.0601825256666072,0.044400687710229265
5,17.04.2026,15,2026,True,har_x,0.0186731429039724,0.044758606608949425
5,20.04.2026,15,2026,True,har_x,0.0128781832399018,0.04377122515393356
5,21.04.2026,15,2026,True,har_x,0.012581807310521,0.04380844089400887
5,22.04.2026,15,2026,True,har_x,0.0200928878343165,0.04762702908326864
5,23.04.2026,15,2026,True,har_x,0.0348657076975311,0.04411149561954975
5,24.04.2026,15,2026,True,har_x,0.0469396447586403,0.04488778964035406
5,27.04.2026,15,2026,True,har_x,0.0518883514125255,0.043400488997664265
5,28.04.2026,15,2026,True,har_x,0.0553600889513018,0.04095620371464149
5,29.04.2026,15,2026,True,har_x,0.0518508075068966,0.039994844745847954
5,30.04.2026,15,2026,True,har_x,0.0523968275324118,0.04222882948296281
5,01.05.2026,15,2026,True,har_x,0.0522237249779472,0.03993130321056432
5,04.05.2026,15,2026,True,har_x,0.0437378103748314,0.041558646904767294
5,05.05.2026,15,2026,True,har_x,0.0469011249289117,0.042461792893483605
5,06.05.2026,15,2026,True,har_x,0.0238577193283388,0.0411178589421084
5,07.05.2026,15,2026,True,har_x,0.0216958190703434,0.03877529018426463
5,08.05.2026,15,2026,True,har_x,0.0238563418738349,0.03882050069999909
5,11.05.2026,15,2026,True,har_x,0.0235018391530982,0.03877928531634601
5,12.05.2026,15,2026,True,har_x,0.0223312836423463,0.0408604223176136
5,13.05.2026,15,2026,True,har_x,0.0358589848234453,0.04068756515951597
5,14.05.2026,15,2026,True,har_x,0.0371491860895561,0.03881409097647464
5,15.05.2026,15,2026,True,har_x,0.0321159753486123,0.037843252818585874
5,18.05.2026,15,2026,True,har_x,0.026273379859647,0.03804312531139424
5,19.05.2026,15,2026,True,har_x,0.0273972854409567,0.037022273835775
5,20.05.2026,15,2026,True,har_x,0.0254023543150176,0.037308809127833076
5,21.05.2026,15,2026,True,har_x,0.0254873547305959,0.037639536448789736
5,22.05.2026,15,2026,True,har_x,0.0329791827828975,0.03793338372483819
5,26.05.2026,15,2026,True,har_x,0.0322684530339313,0.0388918733455368
5,27.05.2026,15,2026,True,har_x,0.019581140963704,0.03398870323882299
5,28.05.2026,15,2026,True,har_x,0.0252812159373501,0.0321292311276164
5,29.05.2026,15,2026,True,har_x,0.0258671194987152,0.030905485350303245
5,01.06.2026,15,2026,True,har_x,0.021571326675603,0.030646246057324647
5,02.06.2026,15,2026,True,har_x,0.0234365817334465,0.0317314760822988
5,03.06.2026,15,2026,True,har_x,0.0231967703391039,0.030546439328517302
5,04.06.2026,15,2026,True,har_x,0.0233660108736719,0.03081061423371552
5,05.06.2026,15,2026,True,har_x,0.025614369001156,0.029684470725299436
5,08.06.2026,15,2026,True,har_x,0.0252037387639444,0.028932334644761373
5,09.06.2026,15,2026,True,har_x,0.0280395300650387,0.030345211239541252
5,10.06.2026,15,2026,True,har_x,0.0236940641641567,0.029964656292176116
5,11.06.2026,15,2026,True,har_x,0.0285465682712684,0.030833153293387563
5,12.06.2026,15,2026,True,har_x,0.0280619546949263,0.029320637361521268
5,15.06.2026,15,2026,True,har_x,0.0241591130920128,0.028562239814809112
5,16.06.2026,15,2026,True,har_x,0.021328344123331,0.02571931361986101
5,17.06.2026,15,2026,True,har_x,0.0250071286761539,0.027758991769639915
5,18.06.2026,15,2026,True,har_x,0.027053921857194,0.028090249070396554
5,22.06.2026,15,2026,True,har_x,0.0313361161424492,0.02701924254913891
5,23.06.2026,15,2026,True,har_x,0.0316296862713603,0.02630881034837602
5,24.06.2026,15,2026,True,har_x,0.0265790495378855,0.024594991700649615
5,25.06.2026,15,2026,True,har_x,0.0232120861021053,0.025002262070352266
5,26.06.2026,15,2026,True,har_x,0.0125689745702291,0.024671201921185982
5,29.06.2026,15,2026,True,har_x,0.0174695982200973,0.0246504980276845
5,30.06.2026,15,2026,True,har_x,0.0269675387679561,0.02398346769485444
5,01.07.2026,15,2026,True,har_x,0.0280696539186173,0.022909606450956747
5,02.07.2026,15,2026,True,har_x,0.0288339976816877,0.021631046421200107
5,06.07.2026,15,2026,True,har_x,0.0449914473683734,0.021806503772304316
5,07.07.2026,15,2026,True,har_x,0.0453113101921202,0.020450123069832203
5,08.07.2026,15,2026,True,har_x,0.0440088898040862,0.024422370986665286
5,09.07.2026,15,2026,True,har_x,0.0412782557751398,0.026141996512159527
5,10.07.2026,15,2026,True,har_x,0.0400524113380354,0.02437742927493421
5,13.07.2026,15,2026,True,har_x,0.020022837173392,0.023754587679519035
5,14.07.2026,15,2026,True,har_x,0.0201793713106393,0.031681545548944715
5,15.07.2026,15,2026,True,har_x,0.0203612231509063,0.03152793729521676
5,16.07.2026,15,2026,True,har_x,0.0219008397197257,0.030834033280865245
5,17.07.2026,15,2026,True,har_x,0.0389725397669558,0.029191757394674712
5,20.07.2026,15,2026,True,har_x,0.0631424835896438,0.031020807082764286
5,21.07.2026,15,2026,True,har_x,0.0647585539542266,0.032358625866192
5,22.07.2026,15,2026,True,har_x,0.0749414735031367,0.03289950393358465
5,23.07.2026,15,2026,True,har_x,0.0621132772461594,0.03352015835629163
5,24.07.2026,15,2026,True,har_x,0.0632937201743563,0.03489815334199079
5,27.07.2026,15,2026,True,har_x,0.0581505495365553,0.0350366480714686
5,28.07.2026,15,2026,True,har_x,0.0589407459586854,0.03247554425558511
5,29.07.2026,15,2026,True,har_x,0.0362074433091067,0.03156319939500406
5,30.07.2026,15,2026,True,har_x,0.0465257842098363,0.0361757681994652
5,31.07.2026,15,2026,True,har_x,0.0466148226073336,0.03455147435330187
5,03.08.2026,15,2026,True,har_x,0.0401450778632215,0.0343988280910941
5,04.08.2026,15,2026,True,har_x,0.0196570671847008,0.03290042770376021
5,05.08.2026,15,2026,True,har_x,0.0197525685177037,0.03174769816823917
5,06.08.2026,15,2026,True,har_x,0.0255159412964316,0.030696330554039954
5,07.08.2026,15,2026,True,har_x,0.0256426913091254,0.033066368091175254
5,10.08.2026,15,2026,True,har_x,0.0184621798045003,0.03248623053719213
5,11.08.2026,15,2026,True,har_x,0.0181897821449859,0.030763356642713766
5,12.08.2026,15,2026,True,har_x,0.0180629114681659,0.030284301858687235
5,13.08.2026,15,2026,True,har_x,0.0105579174412507,0.029257014991797843
5,14.08.2026,15,2026,True,har_x,0.0111009767325525,0.028139841434703078
5,17.08.2026,15,2026,True,har_x,0.0170074635403137,0.028024426128119916
5,18.08.2026,15,2026,True,har_x,0.0256190011660325,0.030227672505863664
5,19.08.2026,15,2026,True,har_x,0.0247244017850896,0.02795238150972726
5,20.08.2026,15,2026,True,har_x,0.0239822152583917,0.028031569721036757
5,21.08.2026,15,2026,True,har_x,0.0226999342336088,0.02825435749329179
5,24.08.2026,15,2026,True,har_x,0.0235127393217673,0.028112556726839683
5,25.08.2026,15,2026,True,har_x,0.021461054891998,0.02609594362128885
22,02.01.2026,15,2026,True,har,0.0248897299770288,0.01759726554859497
22,05.01.2026,15,2026,True,har,0.0257885349568096,0.017008495234278605
22,06.01.2026,15,2026,True,har,0.025347000416863,0.01740918197952457
22,07.01.2026,15,2026,True,har,0.0251093538809658,0.01740208880216931
22,08.01.2026,15,2026,True,har,0.0244497362158196,0.01705936091292002
22,09.01.2026,15,2026,True,har,0.0241810448643694,0.019551023623565845
22,12.01.2026,15,2026,True,har,0.0250742312263834,0.01958600296330172
22,13.01.2026,15,2026,True,har,0.024581798330296,0.01888032601434621
22,14.01.2026,15,2026,True,har,0.0244026865220301,0.019356894951033033
22,15.01.2026,15,2026,True,har,0.0239918247576385,0.01800797505094097
22,16.01.2026,15,2026,True,har,0.0241760998245812,0.021977931925418873
22,20.01.2026,15,2026,True,har,0.0241329137274269,0.020435134776851566
22,21.01.2026,15,2026,True,har,0.0241976555394014,0.020748122763749932
22,22.01.2026,15,2026,True,har,0.0238993321782519,0.020131169744921365
22,23.01.2026,15,2026,True,har,0.0233215643385728,0.02040616772771476
22,26.01.2026,15,2026,True,har,0.0232830360687757,0.020488902181510282
22,27.01.2026,15,2026,True,har,0.0230116001908713,0.019741011390537144
22,28.01.2026,15,2026,True,har,0.0270435392550545,0.02089892462775266
22,29.01.2026,15,2026,True,har,0.0277878466326955,0.02012416486621965
22,30.01.2026,15,2026,True,har,0.0277846730373958,0.020754896974919952
22,02.02.2026,15,2026,True,har,0.0243020398641237,0.019363528386345235
22,03.02.2026,15,2026,True,har,0.0285580571539954,0.02720470642463837
22,04.02.2026,15,2026,True,har,0.0303868924977153,0.025190190325871865
22,05.02.2026,15,2026,True,har,0.0411157187383807,0.026128692624031405
22,06.02.2026,15,2026,True,har,0.0417514661696347,0.02616488501165373
22,09.02.2026,15,2026,True,har,0.0446724265548944,0.025098209532799075
22,10.02.2026,15,2026,True,har,0.0444716707984407,0.023292216377487365
22,11.02.2026,15,2026,True,har,0.0455672817310516,0.022922549869204924
22,12.02.2026,15,2026,True,har,0.0445695770977365,0.02226372534190179
22,13.02.2026,15,2026,True,har,0.0445816522250786,0.02326725784863137
22,17.02.2026,15,2026,True,har,0.0442628005079406,0.021298978973715126
22,18.02.2026,15,2026,True,har,0.0440837613240542,0.021088008774741172
22,19.02.2026,15,2026,True,har,0.0528748986962586,0.024627591818861937
22,20.02.2026,15,2026,True,har,0.0531405906370583,0.023954801488848747
22,23.02.2026,15,2026,True,har,0.0536199379966172,0.022201368735271947
22,24.02.2026,15,2026,True,har,0.0538944478660716,0.022166241408879763
22,25.02.2026,15,2026,True,har,0.0539338388398393,0.02259998783050112
22,26.02.2026,15,2026,True,har,0.0538733653086086,0.020616243067608564
22,27.02.2026,15,2026,True,har,0.0541794780385456,0.01986954571576917
22,02.03.2026,15,2026,True,har,0.0651529597450192,0.02140990284686696
22,03.03.2026,15,2026,True,har,0.0661561398381445,0.027729022941075
22,04.03.2026,15,2026,True,har,0.0661071624540776,0.024748075225661303
22,05.03.2026,15,2026,True,har,0.065750952009506,0.023155055249720894
22,06.03.2026,15,2026,True,har,0.071434945054168,0.024948613025262162
22,09.03.2026,15,2026,True,har,0.0700360241563215,0.028252965237963806
22,10.03.2026,15,2026,True,har,0.0649146725005295,0.028592020424739517
22,11.03.2026,15,2026,True,har,0.0648019637502652,0.04322073106509077
22,12.03.2026,15,2026,True,har,0.0627703237560363,0.04089204239423823
22,13.03.2026,15,2026,True,har,0.0624469645397965,0.044453644030081715
22,16.03.2026,15,2026,True,har,0.0630491478798708,0.041053328199195244
22,17.03.2026,15,2026,True,har,0.0657168406871142,0.04153615716775114
22,18.03.2026,15,2026,True,har,0.0663657739664835,0.0369185344777708
22,19.03.2026,15,2026,True,har,0.0667260348337791,0.03701802878019601
22,20.03.2026,15,2026,True,har,0.0667843053575438,0.03431980561798384
22,23.03.2026,15,2026,True,har,0.0623097281126631,0.03504950752373605
22,24.03.2026,15,2026,True,har,0.0615929368010337,0.04722769329105222
22,25.03.2026,15,2026,True,har,0.0616353737156529,0.04485740906821048
22,26.03.2026,15,2026,True,har,0.0607933564686174,0.044048578157015336
22,27.03.2026,15,2026,True,har,0.0614622081541064,0.046184394670689105
22,30.03.2026,15,2026,True,har,0.0619614379215962,0.04592341502222405
22,31.03.2026,15,2026,True,har,0.0619916238084407,0.039323111512867104
22,01.04.2026,15,2026,True,har,0.0529699873863521,0.04109841101820322
22,02.04.2026,15,2026,True,har,0.0514822892681787,0.05798024557908446
22,06.04.2026,15,2026,True,har,0.0543200864215505,0.055965597853515583
22,07.04.2026,15,2026,True,har,0.0543492245998351,0.05222131728926998
22,08.04.2026,15,2026,True,har,0.0447217486542741,0.05146808357358594
22,09.04.2026,15,2026,True,har,0.0450121664849491,0.05898416358928273
22,10.04.2026,15,2026,True,har,0.0453729537656854,0.0514184593215843
22,13.04.2026,15,2026,True,har,0.0448992283941479,0.04789089886809838
22,14.04.2026,15,2026,True,har,0.0435054941627424,0.05017462364268704
22,15.04.2026,15,2026,True,har,0.0439007557046396,0.05062497401491483
22,16.04.2026,15,2026,True,har,0.0432399644137607,0.044055478491725225
22,17.04.2026,15,2026,True,har,0.0371472463430663,0.046532223807430835
22,20.04.2026,15,2026,True,har,0.0383418234948645,0.05242188231576485
22,21.04.2026,15,2026,True,har,0.0382996737058662,0.05177393423921388
22,22.04.2026,15,2026,True,har,0.0376594843586727,0.04840480781290528
22,23.04.2026,15,2026,True,har,0.0379547094338326,0.0484641751707119
22,24.04.2026,15,2026,True,har,0.0395203131878672,0.048228885358609364
22,27.04.2026,15,2026,True,har,0.0388607729849784,0.04161488075286719
22,28.04.2026,15,2026,True,har,0.0381605190689719,0.04159736274042373
22,29.04.2026,15,2026,True,har,0.0362271800825387,0.04175222034228266
22,30.04.2026,15,2026,True,har,0.0360395980266082,0.044032948579303656
22,01.05.2026,15,2026,True,har,0.0350122081710312,0.03942046496318705
22,04.05.2026,15,2026,True,har,0.0325795666664964,0.04097160600985874
22,05.05.2026,15,2026,True,har,0.0319048300633474,0.042470545152482324
22,06.05.2026,15,2026,True,har,0.0275162719669057,0.04275039422846008
22,07.05.2026,15,2026,True,har,0.0280574969067254,0.04014379347093036
22,08.05.2026,15,2026,True,har,0.028239659559211,0.037737223122965916
22,11.05.2026,15,2026,True,har,0.0277918479891002,0.03772064875312198
22,12.05.2026,15,2026,True,har,0.0268872198084046,0.037020338381085365
22,13.05.2026,15,2026,True,har,0.0280933926337753,0.03706541160796107
22,14.05.2026,15,2026,True,har,0.0292749639124159,0.03400646352531572
22,15.05.2026,15,2026,True,har,0.0278278931555891,0.032547329052708775
22,18.05.2026,15,2026,True,har,0.0266943910836354,0.030923117094136296
22,19.05.2026,15,2026,True,har,0.026701141039646,0.029975197709235978
22,20.05.2026,15,2026,True,har,0.025037057056453,0.02904491780478607
22,21.05.2026,15,2026,True,har,0.025791676562621,0.03349273994956907
22,22.05.2026,15,2026,True,har,0.0263909398629345,0.03228259637418969
22,26.05.2026,15,2026,True,har,0.0266547509280008,0.031199650511511218
22,27.05.2026,15,2026,True,har,0.0258667883133189,0.03172375159607992
22,28.05.2026,15,2026,True,har,0.025904639140171,0.03282082420535634
22,29.05.2026,15,2026,True,har,0.0259149010029311,0.029196491063809595
22,01.06.2026,15,2026,True,har,0.0243508627332197,0.029444825650773963
22,02.06.2026,15,2026,True,har,0.0240413597425958,0.030704126696362258
22,03.06.2026,15,2026,True,har,0.0248362234714889,0.028439080713967103
22,04.06.2026,15,2026,True,har,0.0279551740514663,0.02702981504557826
22,05.06.2026,15,2026,True,har,0.0279905073122995,0.025772471270075606
22,08.06.2026,15,2026,True,har,0.0276106278262659,0.02564996074940034
22,09.06.2026,15,2026,True,har,0.0346369467883317,0.024840283929137244
22,10.06.2026,15,2026,True,har,0.0346112449549678,0.025475486352331246
22,11.06.2026,15,2026,True,har,0.0341656444722572,0.024511950253596947
22,12.06.2026,15,2026,True,har,0.0334679772819215,0.02511793749500118
22,15.06.2026,15,2026,True,har,0.033142279645154,0.02582703827400177
22,16.06.2026,15,2026,True,har,0.0308608747117906,0.026014223941907118
22,17.06.2026,15,2026,True,har,0.0310103581427768,0.026283196438672565
22,18.06.2026,15,2026,True,har,0.0315295333010624,0.02440325196966241
22,22.06.2026,15,2026,True,har,0.0331788768832367,0.024132454789726678
22,23.06.2026,15,2026,True,har,0.0346500040024096,0.024843583917226356
22,24.06.2026,15,2026,True,har,0.0392810539326016,0.0235882502604894
22,25.06.2026,15,2026,True,har,0.0410387489886812,0.02461173281687977
22,26.06.2026,15,2026,True,har,0.0421512763117659,0.02388406211380671
22,29.06.2026,15,2026,True,har,0.04259373500315,0.025509177423098973
22,30.06.2026,15,2026,True,har,0.0425119962124519,0.02537883815907796
22,01.07.2026,15,2026,True,har,0.0456981984590684,0.02402729804422394
22,02.07.2026,15,2026,True,har,0.0475293371416827,0.023672576340975124
22,06.07.2026,15,2026,True,har,0.0475333110567382,0.022269966306093264
22,07.07.2026,15,2026,True,har,0.0477605799483979,0.02102947187372146
22,08.07.2026,15,2026,True,har,0.046697061509629,0.023516159081466228
22,09.07.2026,15,2026,True,har,0.0473070132117301,0.026978826135855696
22,10.07.2026,15,2026,True,har,0.04727395984249,0.02596088114341279
22,13.07.2026,15,2026,True,har,0.0433499775445656,0.025046624108660098
22,14.07.2026,15,2026,True,har,0.0435391522534267,0.03400824253176957
22,15.07.2026,15,2026,True,har,0.04366080152838,0.031129906593877564
22,16.07.2026,15,2026,True,har,0.0438943352361889,0.02954122888582185
22,17.07.2026,15,2026,True,har,0.0429058449007866,0.028267773059093303
22,20.07.2026,15,2026,True,har,0.0428502519985121,0.030125441281197957
22,21.07.2026,15,2026,True,har,0.0429277299907879,0.02658122548891692
22,22.07.2026,15,2026,True,har,0.0423631426193018,0.02652578323188613
22,23.07.2026,15,2026,True,har,0.0398055027512681,0.027110524008616292
22,24.07.2026,15,2026,True,har,0.0398107216246869,0.028470400499829445
22,27.07.2026,15,2026,True,har,0.0347939722056959,0.030636770088379367
22,28.07.2026,15,2026,True,har,0.0332527757996031,0.038055656649338285
22,29.07.2026,15,2026,True,har,0.0289704004213668,0.037843988113349776
22,30.07.2026,15,2026,True,har,0.0288136477759307,0.04137514666291645
22,31.07.2026,15,2026,True,har,0.0302446867283322,0.03778406645069022
22,02.01.2026,15,2026,True,har_ovx,0.0248897299770288,0.016760463663796618
22,05.01.2026,15,2026,True,har_ovx,0.0257885349568096,0.01596480363774897
22,06.01.2026,15,2026,True,har_ovx,0.025347000416863,0.016374929105677057
22,07.01.2026,15,2026,True,har_ovx,0.0251093538809658,0.016597774446812298
22,08.01.2026,15,2026,True,har_ovx,0.0244497362158196,0.017673578050959704
22,09.01.2026,15,2026,True,har_ovx,0.0241810448643694,0.019387825744119958
22,12.01.2026,15,2026,True,har_ovx,0.0250742312263834,0.019812316341451808
22,13.01.2026,15,2026,True,har_ovx,0.024581798330296,0.020468728969449262
22,14.01.2026,15,2026,True,har_ovx,0.0244026865220301,0.021090336795224294
22,15.01.2026,15,2026,True,har_ovx,0.0239918247576385,0.022121605820137048
22,16.01.2026,15,2026,True,har_ovx,0.0241760998245812,0.02243257885481309
22,20.01.2026,15,2026,True,har_ovx,0.0241329137274269,0.022559549952773685
22,21.01.2026,15,2026,True,har_ovx,0.0241976555394014,0.02246382523428542
22,22.01.2026,15,2026,True,har_ovx,0.0238993321782519,0.023330593681215712
22,23.01.2026,15,2026,True,har_ovx,0.0233215643385728,0.023063328404962898
22,26.01.2026,15,2026,True,har_ovx,0.0232830360687757,0.02409688834481609
22,27.01.2026,15,2026,True,har_ovx,0.0230116001908713,0.024031757646152875
22,28.01.2026,15,2026,True,har_ovx,0.0270435392550545,0.025026878469161802
22,29.01.2026,15,2026,True,har_ovx,0.0277878466326955,0.025186880218994796
22,30.01.2026,15,2026,True,har_ovx,0.0277846730373958,0.02713566947766623
22,02.02.2026,15,2026,True,har_ovx,0.0243020398641237,0.02711615894162947
22,03.02.2026,15,2026,True,har_ovx,0.0285580571539954,0.02628149150949993
22,04.02.2026,15,2026,True,har_ovx,0.0303868924977153,0.027286183091767523
22,05.02.2026,15,2026,True,har_ovx,0.0411157187383807,0.028599499795825288
22,06.02.2026,15,2026,True,har_ovx,0.0417514661696347,0.028500954166672848
22,09.02.2026,15,2026,True,har_ovx,0.0446724265548944,0.027617174847441226
22,10.02.2026,15,2026,True,har_ovx,0.0444716707984407,0.025993193234911074
22,11.02.2026,15,2026,True,har_ovx,0.0455672817310516,0.024849534116846206
22,12.02.2026,15,2026,True,har_ovx,0.0445695770977365,0.023175073509547825
22,13.02.2026,15,2026,True,har_ovx,0.0445816522250786,0.022452744826496958
22,17.02.2026,15,2026,True,har_ovx,0.0442628005079406,0.022139443316329645
22,18.02.2026,15,2026,True,har_ovx,0.0440837613240542,0.022187396272232825
22,19.02.2026,15,2026,True,har_ovx,0.0528748986962586,0.026583880011390497
22,20.02.2026,15,2026,True,har_ovx,0.0531405906370583,0.02851954151661538
22,23.02.2026,15,2026,True,har_ovx,0.0536199379966172,0.02780001102911352
22,24.02.2026,15,2026,True,har_ovx,0.0538944478660716,0.028953435495114047
22,25.02.2026,15,2026,True,har_ovx,0.0539338388398393,0.028968965776843887
22,26.02.2026,15,2026,True,har_ovx,0.0538733653086086,0.028424621133749283
22,27.02.2026,15,2026,True,har_ovx,0.0541794780385456,0.02848010321382763
22,02.03.2026,15,2026,True,har_ovx,0.0651529597450192,0.03084018938640484
22,03.03.2026,15,2026,True,har_ovx,0.0661561398381445,0.03409956487381332
22,04.03.2026,15,2026,True,har_ovx,0.0661071624540776,0.03546305936510198
22,05.03.2026,15,2026,True,har_ovx,0.065750952009506,0.03565050468084377
22,06.03.2026,15,2026,True,har_ovx,0.071434945054168,0.039253860094711296
22,09.03.2026,15,2026,True,har_ovx,0.0700360241563215,0.04767894401695292
22,10.03.2026,15,2026,True,har_ovx,0.0649146725005295,0.04654704803368537
22,11.03.2026,15,2026,True,har_ovx,0.0648019637502652,0.05342451491131667
22,12.03.2026,15,2026,True,har_ovx,0.0627703237560363,0.05796619131341939
22,13.03.2026,15,2026,True,har_ovx,0.0624469645397965,0.05847512985157365
22,16.03.2026,15,2026,True,har_ovx,0.0630491478798708,0.057280095163645156
22,17.03.2026,15,2026,True,har_ovx,0.0657168406871142,0.05070199273488764
22,18.03.2026,15,2026,True,har_ovx,0.0663657739664835,0.046658205310569356
22,19.03.2026,15,2026,True,har_ovx,0.0667260348337791,0.04719255403911372
22,20.03.2026,15,2026,True,har_ovx,0.0667843053575438,0.04458027481951178
22,23.03.2026,15,2026,True,har_ovx,0.0623097281126631,0.044403833821243535
22,24.03.2026,15,2026,True,har_ovx,0.0615929368010337,0.04672890107042089
22,25.03.2026,15,2026,True,har_ovx,0.0616353737156529,0.04616707116673741
22,26.03.2026,15,2026,True,har_ovx,0.0607933564686174,0.046285435770906644
22,27.03.2026,15,2026,True,har_ovx,0.0614622081541064,0.047676159387736214
22,30.03.2026,15,2026,True,har_ovx,0.0619614379215962,0.04931868923131144
22,31.03.2026,15,2026,True,har_ovx,0.0619916238084407,0.046932493759604024
22,01.04.2026,15,2026,True,har_ovx,0.0529699873863521,0.044759327454978584
22,02.04.2026,15,2026,True,har_ovx,0.0514822892681787,0.05010818585321629
22,06.04.2026,15,2026,True,har_ovx,0.0543200864215505,0.0503509859503007
22,07.04.2026,15,2026,True,har_ovx,0.0543492245998351,0.050767137601628945
22,08.04.2026,15,2026,True,har_ovx,0.0447217486542741,0.05164865262511931
22,09.04.2026,15,2026,True,har_ovx,0.0450121664849491,0.0474871865826646
22,10.04.2026,15,2026,True,har_ovx,0.0453729537656854,0.044795660115024435
22,13.04.2026,15,2026,True,har_ovx,0.0448992283941479,0.04234445437798377
22,14.04.2026,15,2026,True,har_ovx,0.0435054941627424,0.04389391246832036
22,15.04.2026,15,2026,True,har_ovx,0.0439007557046396,0.041962088661937846
22,16.04.2026,15,2026,True,har_ovx,0.0432399644137607,0.038681294455318704
22,17.04.2026,15,2026,True,har_ovx,0.0371472463430663,0.03958252732334158
22,20.04.2026,15,2026,True,har_ovx,0.0383418234948645,0.03959708016064919
22,21.04.2026,15,2026,True,har_ovx,0.0382996737058662,0.04141014930943915
22,22.04.2026,15,2026,True,har_ovx,0.0376594843586727,0.04528977564670346
22,23.04.2026,15,2026,True,har_ovx,0.0379547094338326,0.04189386659351322
22,24.04.2026,15,2026,True,har_ovx,0.0395203131878672,0.042556147087033445
22,27.04.2026,15,2026,True,har_ovx,0.0388607729849784,0.039315072215671786
22,28.04.2026,15,2026,True,har_ovx,0.0381605190689719,0.03812101463336058
22,29.04.2026,15,2026,True,har_ovx,0.0362271800825387,0.03712980700790595
22,30.04.2026,15,2026,True,har_ovx,0.0360395980266082,0.03984030776808112
22,01.05.2026,15,2026,True,har_ovx,0.0350122081710312,0.03889621303923502
22,04.05.2026,15,2026,True,har_ovx,0.0325795666664964,0.03956220018679464
22,05.05.2026,15,2026,True,har_ovx,0.0319048300633474,0.04121450552477643
22,06.05.2026,15,2026,True,har_ovx,0.0275162719669057,0.03983200281079129
22,07.05.2026,15,2026,True,har_ovx,0.0280574969067254,0.03828920444699871
22,08.05.2026,15,2026,True,har_ovx,0.028239659559211,0.037829337452501666
22,11.05.2026,15,2026,True,har_ovx,0.0277918479891002,0.03778351210385873
22,12.05.2026,15,2026,True,har_ovx,0.0268872198084046,0.038828952233385575
22,13.05.2026,15,2026,True,har_ovx,0.0280933926337753,0.03891050095494624
22,14.05.2026,15,2026,True,har_ovx,0.0292749639124159,0.03599670834723888
22,15.05.2026,15,2026,True,har_ovx,0.0278278931555891,0.03488883391818573
22,18.05.2026,15,2026,True,har_ovx,0.0266943910836354,0.03592577804257244
22,19.05.2026,15,2026,True,har_ovx,0.026701141039646,0.035625896267633184
22,20.05.2026,15,2026,True,har_ovx,0.025037057056453,0.03574767837079279
22,21.05.2026,15,2026,True,har_ovx,0.025791676562621,0.03682712988063897
22,22.05.2026,15,2026,True,har_ovx,0.0263909398629345,0.036933367736811565
22,26.05.2026,15,2026,True,har_ovx,0.0266547509280008,0.0375707160294556
22,27.05.2026,15,2026,True,har_ovx,0.0258667883133189,0.03329308283175855
22,28.05.2026,15,2026,True,har_ovx,0.025904639140171,0.03154344468967685
22,29.05.2026,15,2026,True,har_ovx,0.0259149010029311,0.030162998679991705
22,01.06.2026,15,2026,True,har_ovx,0.0243508627332197,0.030027975317858634
22,02.06.2026,15,2026,True,har_ovx,0.0240413597425958,0.031744544984465696
22,03.06.2026,15,2026,True,har_ovx,0.0248362234714889,0.030627620113110588
22,04.06.2026,15,2026,True,har_ovx,0.0279551740514663,0.03047160391928967
22,05.06.2026,15,2026,True,har_ovx,0.0279905073122995,0.03004730563072117
22,08.06.2026,15,2026,True,har_ovx,0.0276106278262659,0.029245920326158942
22,09.06.2026,15,2026,True,har_ovx,0.0346369467883317,0.029240611392218743
22,10.06.2026,15,2026,True,har_ovx,0.0346112449549678,0.02910968473309092
22,11.06.2026,15,2026,True,har_ovx,0.0341656444722572,0.02995221815005522
22,12.06.2026,15,2026,True,har_ovx,0.0334679772819215,0.028520043533547916
22,15.06.2026,15,2026,True,har_ovx,0.033142279645154,0.02784734674952451
22,16.06.2026,15,2026,True,har_ovx,0.0308608747117906,0.025396428028050234
22,17.06.2026,15,2026,True,har_ovx,0.0310103581427768,0.027587248785795868
22,18.06.2026,15,2026,True,har_ovx,0.0315295333010624,0.027366943005231275
22,22.06.2026,15,2026,True,har_ovx,0.0331788768832367,0.026592539478154268
22,23.06.2026,15,2026,True,har_ovx,0.0346500040024096,0.026384397889413526
22,24.06.2026,15,2026,True,har_ovx,0.0392810539326016,0.024469269378930743
22,25.06.2026,15,2026,True,har_ovx,0.0410387489886812,0.024987890943966744
22,26.06.2026,15,2026,True,har_ovx,0.0421512763117659,0.02467933942258159
22,29.06.2026,15,2026,True,har_ovx,0.04259373500315,0.024834288450205123
22,30.06.2026,15,2026,True,har_ovx,0.0425119962124519,0.024371245027619323
22,01.07.2026,15,2026,True,har_ovx,0.0456981984590684,0.0233773039707275
22,02.07.2026,15,2026,True,har_ovx,0.0475293371416827,0.022257520190209622
22,06.07.2026,15,2026,True,har_ovx,0.0475333110567382,0.02225497446913132
22,07.07.2026,15,2026,True,har_ovx,0.0477605799483979,0.021291713230806808
22,08.07.2026,15,2026,True,har_ovx,0.046697061509629,0.024693345817545398
22,09.07.2026,15,2026,True,har_ovx,0.0473070132117301,0.02667308267289223
22,10.07.2026,15,2026,True,har_ovx,0.04727395984249,0.02477486048631424
22,13.07.2026,15,2026,True,har_ovx,0.0433499775445656,0.02410631559818716
22,14.07.2026,15,2026,True,har_ovx,0.0435391522534267,0.032221991528187416
22,15.07.2026,15,2026,True,har_ovx,0.04366080152838,0.03156190031180475
22,16.07.2026,15,2026,True,har_ovx,0.0438943352361889,0.030867021018630408
22,17.07.2026,15,2026,True,har_ovx,0.0429058449007866,0.02936859712791578
22,20.07.2026,15,2026,True,har_ovx,0.0428502519985121,0.031289978059412624
22,21.07.2026,15,2026,True,har_ovx,0.0429277299907879,0.03099832487294531
22,22.07.2026,15,2026,True,har_ovx,0.0423631426193018,0.03165159207854656
22,23.07.2026,15,2026,True,har_ovx,0.0398055027512681,0.032358783320828394
22,24.07.2026,15,2026,True,har_ovx,0.0398107216246869,0.03406312726529087
22,27.07.2026,15,2026,True,har_ovx,0.0347939722056959,0.034478153768469605
22,28.07.2026,15,2026,True,har_ovx,0.0332527757996031,0.03353690733663369
22,29.07.2026,15,2026,True,har_ovx,0.0289704004213668,0.032202164206042036
22,30.07.2026,15,2026,True,har_ovx,0.0288136477759307,0.03715575441079616
22,31.07.2026,15,2026,True,har_ovx,0.0302446867283322,0.03460274355253127
22,02.01.2026,15,2026,True,har_gpr,0.0248897299770288,0.01754454680883814
22,05.01.2026,15,2026,True,har_gpr,0.0257885349568096,0.017692178339562437
22,06.01.2026,15,2026,True,har_gpr,0.025347000416863,0.01779854656566146
22,07.01.2026,15,2026,True,har_gpr,0.0251093538809658,0.01779453894040839
22,08.01.2026,15,2026,True,har_gpr,0.0244497362158196,0.01745246714489404
22,09.01.2026,15,2026,True,har_gpr,0.0241810448643694,0.01992448899916823
22,12.01.2026,15,2026,True,har_gpr,0.0250742312263834,0.019960820973641616
22,13.01.2026,15,2026,True,har_gpr,0.024581798330296,0.019512561047036386
22,14.01.2026,15,2026,True,har_gpr,0.0244026865220301,0.01999369822718608
22,15.01.2026,15,2026,True,har_gpr,0.0239918247576385,0.018666082778092112
22,16.01.2026,15,2026,True,har_gpr,0.0241760998245812,0.022588820339439146
22,20.01.2026,15,2026,True,har_gpr,0.0241329137274269,0.0210593442732728
22,21.01.2026,15,2026,True,har_gpr,0.0241976555394014,0.02132457318648986
22,22.01.2026,15,2026,True,har_gpr,0.0238993321782519,0.020715658673847736
22,23.01.2026,15,2026,True,har_gpr,0.0233215643385728,0.020989278134294704
22,26.01.2026,15,2026,True,har_gpr,0.0232830360687757,0.021083374091394953
22,27.01.2026,15,2026,True,har_gpr,0.0230116001908713,0.019608648366859945
22,28.01.2026,15,2026,True,har_gpr,0.0270435392550545,0.020751657786038522
22,29.01.2026,15,2026,True,har_gpr,0.0277878466326955,0.01998163598692927
22,30.01.2026,15,2026,True,har_gpr,0.0277846730373958,0.020618471607155457
22,02.02.2026,15,2026,True,har_gpr,0.0243020398641237,0.019232834252702828
22,03.02.2026,15,2026,True,har_gpr,0.0285580571539954,0.0272199189821509
22,04.02.2026,15,2026,True,har_gpr,0.0303868924977153,0.025223571028782803
22,05.02.2026,15,2026,True,har_gpr,0.0411157187383807,0.026152121728933227
22,06.02.2026,15,2026,True,har_gpr,0.0417514661696347,0.02619485367245032
22,09.02.2026,15,2026,True,har_gpr,0.0446724265548944,0.025132009801802295
22,10.02.2026,15,2026,True,har_gpr,0.0444716707984407,0.02322624553925755
22,11.02.2026,15,2026,True,har_gpr,0.0455672817310516,0.02285954783482302
22,12.02.2026,15,2026,True,har_gpr,0.0445695770977365,0.022210616937796458
22,13.02.2026,15,2026,True,har_gpr,0.0445816522250786,0.02320976524781593
22,17.02.2026,15,2026,True,har_gpr,0.0442628005079406,0.021247573981712647
22,18.02.2026,15,2026,True,har_gpr,0.0440837613240542,0.0211316293391067
22,19.02.2026,15,2026,True,har_gpr,0.0528748986962586,0.024635744118010918
22,20.02.2026,15,2026,True,har_gpr,0.0531405906370583,0.02396808260858282
22,23.02.2026,15,2026,True,har_gpr,0.0536199379966172,0.022235108335963077
22,24.02.2026,15,2026,True,har_gpr,0.0538944478660716,0.022507281837627197
22,25.02.2026,15,2026,True,har_gpr,0.0539338388398393,0.022936813976279287
22,26.02.2026,15,2026,True,har_gpr,0.0538733653086086,0.020978929020794585
22,27.02.2026,15,2026,True,har_gpr,0.0541794780385456,0.020245350335554232
22,02.03.2026,15,2026,True,har_gpr,0.0651529597450192,0.021760158466320127
22,03.03.2026,15,2026,True,har_gpr,0.0661561398381445,0.028923529476616448
22,04.03.2026,15,2026,True,har_gpr,0.0661071624540776,0.025951228469769053
22,05.03.2026,15,2026,True,har_gpr,0.065750952009506,0.02437053213006676
22,06.03.2026,15,2026,True,har_gpr,0.071434945054168,0.02616053603122077
22,09.03.2026,15,2026,True,har_gpr,0.0700360241563215,0.029446822866781852
22,10.03.2026,15,2026,True,har_gpr,0.0649146725005295,0.0283555516812424
22,11.03.2026,15,2026,True,har_gpr,0.0648019637502652,0.04286380492580665
22,12.03.2026,15,2026,True,har_gpr,0.0627703237560363,0.04055476285139271
22,13.03.2026,15,2026,True,har_gpr,0.0624469645397965,0.044096094156360725
22,16.03.2026,15,2026,True,har_gpr,0.0630491478798708,0.0407222555573465
22,17.03.2026,15,2026,True,har_gpr,0.0657168406871142,0.04154163113975602
22,18.03.2026,15,2026,True,har_gpr,0.0663657739664835,0.03700894824516357
22,19.03.2026,15,2026,True,har_gpr,0.0667260348337791,0.037107908116068344
22,20.03.2026,15,2026,True,har_gpr,0.0667843053575438,0.03445057539600392
22,23.03.2026,15,2026,True,har_gpr,0.0623097281126631,0.035172943368977
22,24.03.2026,15,2026,True,har_gpr,0.0615929368010337,0.04681531193632497
22,25.03.2026,15,2026,True,har_gpr,0.0616353737156529,0.0444607115217507
22,26.03.2026,15,2026,True,har_gpr,0.0607933564686174,0.04366460057476215
22,27.03.2026,15,2026,True,har_gpr,0.0614622081541064,0.04577731276770246
22,30.03.2026,15,2026,True,har_gpr,0.0619614379215962,0.045517572708682244
22,31.03.2026,15,2026,True,har_gpr,0.0619916238084407,0.039041077408223976
22,01.04.2026,15,2026,True,har_gpr,0.0529699873863521,0.04080210889211828
22,02.04.2026,15,2026,True,har_gpr,0.0514822892681787,0.058213535788405
22,06.04.2026,15,2026,True,har_gpr,0.0543200864215505,0.05621447777519005
22,07.04.2026,15,2026,True,har_gpr,0.0543492245998351,0.05164155565930703
22,08.04.2026,15,2026,True,har_gpr,0.0447217486542741,0.050888211132078524
22,09.04.2026,15,2026,True,har_gpr,0.0450121664849491,0.05834290389229863
22,10.04.2026,15,2026,True,har_gpr,0.0453729537656854,0.05086029044617018
22,13.04.2026,15,2026,True,har_gpr,0.0448992283941479,0.04736561711519118
22,14.04.2026,15,2026,True,har_gpr,0.0435054941627424,0.051314938939954056
22,15.04.2026,15,2026,True,har_gpr,0.0439007557046396,0.05176389194208736
22,16.04.2026,15,2026,True,har_gpr,0.0432399644137607,0.0452947936478279
22,17.04.2026,15,2026,True,har_gpr,0.0371472463430663,0.04774585250825621
22,20.04.2026,15,2026,True,har_gpr,0.0383418234948645,0.05357443809297534
22,21.04.2026,15,2026,True,har_gpr,0.0382996737058662,0.052188542068367025
22,22.04.2026,15,2026,True,har_gpr,0.0376594843586727,0.048828718197812544
22,23.04.2026,15,2026,True,har_gpr,0.0379547094338326,0.04888484399018895
22,24.04.2026,15,2026,True,har_gpr,0.0395203131878672,0.048654342764556484
22,27.04.2026,15,2026,True,har_gpr,0.0388607729849784,0.042140874759297564
22,28.04.2026,15,2026,True,har_gpr,0.0381605190689719,0.0416321669807638
22,29.04.2026,15,2026,True,har_gpr,0.0362271800825387,0.04178780208317329
22,30.04.2026,15,2026,True,har_gpr,0.0360395980266082,0.04404315241865846
22,01.05.2026,15,2026,True,har_gpr,0.0350122081710312,0.039396752106977684
22,04.05.2026,15,2026,True,har_gpr,0.0325795666664964,0.04158240812475403
22,05.05.2026,15,2026,True,har_gpr,0.0319048300633474,0.04236480451983128
22,06.05.2026,15,2026,True,har_gpr,0.0275162719669057,0.04264175950962597
22,07.05.2026,15,2026,True,har_gpr,0.0280574969067254,0.0400267451240188
22,08.05.2026,15,2026,True,har_gpr,0.028239659559211,0.03763839123475265
22,11.05.2026,15,2026,True,har_gpr,0.0277918479891002,0.03762214784414703
22,12.05.2026,15,2026,True,har_gpr,0.0268872198084046,0.037021775329433175
22,13.05.2026,15,2026,True,har_gpr,0.0280933926337753,0.03705757188882236
22,14.05.2026,15,2026,True,har_gpr,0.0292749639124159,0.03405459305501053
22,15.05.2026,15,2026,True,har_gpr,0.0278278931555891,0.03260500677626245
22,18.05.2026,15,2026,True,har_gpr,0.0266943910836354,0.030962856448667163
22,19.05.2026,15,2026,True,har_gpr,0.026701141039646,0.029662892695218525
22,20.05.2026,15,2026,True,har_gpr,0.025037057056453,0.028740190703336013
22,21.05.2026,15,2026,True,har_gpr,0.025791676562621,0.03314476685760549
22,22.05.2026,15,2026,True,har_gpr,0.0263909398629345,0.03194114927359769
22,26.05.2026,15,2026,True,har_gpr,0.0266547509280008,0.030873552717069437
22,27.05.2026,15,2026,True,har_gpr,0.0258667883133189,0.032093652687716176
22,28.05.2026,15,2026,True,har_gpr,0.025904639140171,0.03318438085141909
22,29.05.2026,15,2026,True,har_gpr,0.0259149010029311,0.02957584490312463
22,01.06.2026,15,2026,True,har_gpr,0.0243508627332197,0.02982047182980641
22,02.06.2026,15,2026,True,har_gpr,0.0240413597425958,0.030612749581261534
22,03.06.2026,15,2026,True,har_gpr,0.0248362234714889,0.028353131061614835
22,04.06.2026,15,2026,True,har_gpr,0.0279551740514663,0.026969986251474967
22,05.06.2026,15,2026,True,har_gpr,0.0279905073122995,0.025693841615241155
22,08.06.2026,15,2026,True,har_gpr,0.0276106278262659,0.025572442108301372
22,09.06.2026,15,2026,True,har_gpr,0.0346369467883317,0.02552770351256902
22,10.06.2026,15,2026,True,har_gpr,0.0346112449549678,0.026153429458586154
22,11.06.2026,15,2026,True,har_gpr,0.0341656444722572,0.02519319611102388
22,12.06.2026,15,2026,True,har_gpr,0.0334679772819215,0.025795733962401812
22,15.06.2026,15,2026,True,har_gpr,0.033142279645154,0.02649882802772363
22,16.06.2026,15,2026,True,har_gpr,0.0308608747117906,0.027317300031101915
22,17.06.2026,15,2026,True,har_gpr,0.0310103581427768,0.027578756570961288
22,18.06.2026,15,2026,True,har_gpr,0.0315295333010624,0.02572136240221748
22,22.06.2026,15,2026,True,har_gpr,0.0331788768832367,0.025439683692091132
22,23.06.2026,15,2026,True,har_gpr,0.0346500040024096,0.026027941004036145
22,24.06.2026,15,2026,True,har_gpr,0.0392810539326016,0.024784976145153268
22,25.06.2026,15,2026,True,har_gpr,0.0410387489886812,0.02580562315190243
22,26.06.2026,15,2026,True,har_gpr,0.0421512763117659,0.02507591832234398
22,29.06.2026,15,2026,True,har_gpr,0.04259373500315,0.026690409443183672
22,30.06.2026,15,2026,True,har_gpr,0.0425119962124519,0.02531708087853385
22,01.07.2026,15,2026,True,har_gpr,0.0456981984590684,0.02396721368512715
22,02.07.2026,15,2026,True,har_gpr,0.0475293371416827,0.024043507026434853
22,06.07.2026,15,2026,True,har_gpr,0.0475333110567382,0.02265221046619313
22,07.07.2026,15,2026,True,har_gpr,0.0477605799483979,0.020818272632773416
22,08.07.2026,15,2026,True,har_gpr,0.046697061509629,0.023363856217781295
22,09.07.2026,15,2026,True,har_gpr,0.0473070132117301,0.026801359841141577
22,10.07.2026,15,2026,True,har_gpr,0.04727395984249,0.0257887059919227
22,13.07.2026,15,2026,True,har_gpr,0.0433499775445656,0.024877428435090214
22,14.07.2026,15,2026,True,har_gpr,0.0435391522534267,0.0338069546152031
22,15.07.2026,15,2026,True,har_gpr,0.04366080152838,0.030948407965862092
22,16.07.2026,15,2026,True,har_gpr,0.0438943352361889,0.029365460268899864
22,17.07.2026,15,2026,True,har_gpr,0.0429058449007866,0.028094937798183173
22,20.07.2026,15,2026,True,har_gpr,0.0428502519985121,0.02994613809632637
22,21.07.2026,15,2026,True,har_gpr,0.0429277299907879,0.02750430669341889
22,22.07.2026,15,2026,True,har_gpr,0.0423631426193018,0.02744603962505176
22,23.07.2026,15,2026,True,har_gpr,0.0398055027512681,0.028026800775693604
22,24.07.2026,15,2026,True,har_gpr,0.0398107216246869,0.02937333838741487
22,27.07.2026,15,2026,True,har_gpr,0.0347939722056959,0.03151071138715991
22,28.07.2026,15,2026,True,har_gpr,0.0332527757996031,0.037781434059546426
22,29.07.2026,15,2026,True,har_gpr,0.0289704004213668,0.03757918248381952
22,30.07.2026,15,2026,True,har_gpr,0.0288136477759307,0.041081799699962056
22,31.07.2026,15,2026,True,har_gpr,0.0302446867283322,0.03753557543004705
22,02.01.2026,15,2026,True,har_x,0.0248897299770288,0.016543761939118176
22,05.01.2026,15,2026,True,har_x,0.0257885349568096,0.016692315592859167
22,06.01.2026,15,2026,True,har_x,0.025347000416863,0.01722647390779234
22,07.01.2026,15,2026,True,har_x,0.0251093538809658,0.01745287941740948
22,08.01.2026,15,2026,True,har_x,0.0244497362158196,0.01852873414408429
22,09.01.2026,15,2026,True,har_x,0.0241810448643694,0.020224509780120668
22,12.01.2026,15,2026,True,har_x,0.0250742312263834,0.020649018839481663
22,13.01.2026,15,2026,True,har_x,0.024581798330296,0.021200108725105218
22,14.01.2026,15,2026,True,har_x,0.0244026865220301,0.021829094255108067
22,15.01.2026,15,2026,True,har_x,0.0239918247576385,0.022882709541115247
22,16.01.2026,15,2026,True,har_x,0.0241760998245812,0.02314543545918209
22,20.01.2026,15,2026,True,har_x,0.0241329137274269,0.023282148994026468
22,21.01.2026,15,2026,True,har_x,0.0241976555394014,0.023396326086365802
22,22.01.2026,15,2026,True,har_x,0.0238993321782519,0.024271007601115294
22,23.01.2026,15,2026,True,har_x,0.0233215643385728,0.024003986648122713
22,26.01.2026,15,2026,True,har_x,0.0232830360687757,0.025051566893329866
22,27.01.2026,15,2026,True,har_x,0.0230116001908713,0.023828075192845036
22,28.01.2026,15,2026,True,har_x,0.0270435392550545,0.024810193021360137
22,29.01.2026,15,2026,True,har_x,0.0277878466326955,0.02497302399660955
22,30.01.2026,15,2026,True,har_x,0.0277846730373958,0.026931611082102246
22,02.02.2026,15,2026,True,har_x,0.0243020398641237,0.026913877955350395
22,03.02.2026,15,2026,True,har_x,0.0285580571539954,0.026273784043625133
22,04.02.2026,15,2026,True,har_x,0.0303868924977153,0.027291987336709015
22,05.02.2026,15,2026,True,har_x,0.0411157187383807,0.028596545290505638
22,06.02.2026,15,2026,True,har_x,0.0417514661696347,0.0285048777930878
22,09.02.2026,15,2026,True,har_x,0.0446724265548944,0.027622400224413615
22,10.02.2026,15,2026,True,har_x,0.0444716707984407,0.025959773339901758
22,11.02.2026,15,2026,True,har_x,0.0455672817310516,0.024817851098122776
22,12.02.2026,15,2026,True,har_x,0.0445695770977365,0.023154847320951757
22,13.02.2026,15,2026,True,har_x,0.0445816522250786,0.022430272461358494
22,17.02.2026,15,2026,True,har_x,0.0442628005079406,0.02212013453480004
22,18.02.2026,15,2026,True,har_x,0.0440837613240542,0.022097747865637056
22,19.02.2026,15,2026,True,har_x,0.0528748986962586,0.026460663297644585
22,20.02.2026,15,2026,True,har_x,0.0531405906370583,0.02839886305088196
22,23.02.2026,15,2026,True,har_x,0.0536199379966172,0.027699471676837686
22,24.02.2026,15,2026,True,har_x,0.0538944478660716,0.02930569557349986
22,25.02.2026,15,2026,True,har_x,0.0539338388398393,0.02931745626186233
22,26.02.2026,15,2026,True,har_x,0.0538733653086086,0.028800274555865542
22,27.02.2026,15,2026,True,har_x,0.0541794780385456,0.02887024751525369
22,02.03.2026,15,2026,True,har_x,0.0651529597450192,0.031205288133481918
22,03.03.2026,15,2026,True,har_x,0.0661561398381445,0.036407051283059474
22,04.03.2026,15,2026,True,har_x,0.0661071624540776,0.037776403874597554
22,05.03.2026,15,2026,True,har_x,0.065750952009506,0.03797124920856522
22,06.03.2026,15,2026,True,har_x,0.071434945054168,0.04157751830540251
22,09.03.2026,15,2026,True,har_x,0.0700360241563215,0.04998810302456886
22,10.03.2026,15,2026,True,har_x,0.0649146725005295,0.047356247486832634
22,11.03.2026,15,2026,True,har_x,0.0648019637502652,0.05411037199651847
22,12.03.2026,15,2026,True,har_x,0.0627703237560363,0.05866415674640942
22,13.03.2026,15,2026,True,har_x,0.0624469645397965,0.05915679923981458
22,16.03.2026,15,2026,True,har_x,0.0630491478798708,0.05798237402568576
22,17.03.2026,15,2026,True,har_x,0.0657168406871142,0.051225331610086675
22,18.03.2026,15,2026,True,har_x,0.0663657739664835,0.0472752961005249
22,19.03.2026,15,2026,True,har_x,0.0667260348337791,0.04780988613761228
22,20.03.2026,15,2026,True,har_x,0.0667843053575438,0.04523906890067449
22,23.03.2026,15,2026,True,har_x,0.0623097281126631,0.045057249001072316
22,24.03.2026,15,2026,True,har_x,0.0615929368010337,0.04712582481351537
22,25.03.2026,15,2026,True,har_x,0.0616353737156529,0.046571655914424054
22,26.03.2026,15,2026,True,har_x,0.0607933564686174,0.04670109445478974
22,27.03.2026,15,2026,True,har_x,0.0614622081541064,0.04807094276036528
22,30.03.2026,15,2026,True,har_x,0.0619614379215962,0.04971309906009685
22,31.03.2026,15,2026,True,har_x,0.0619916238084407,0.04732016712304116
22,01.04.2026,15,2026,True,har_x,0.0529699873863521,0.04513741189826169
22,02.04.2026,15,2026,True,har_x,0.0514822892681787,0.05088271094804942
22,06.04.2026,15,2026,True,har_x,0.0543200864215505,0.05113178510960992
22,07.04.2026,15,2026,True,har_x,0.0543492245998351,0.05104262489259787
22,08.04.2026,15,2026,True,har_x,0.0447217486542741,0.05192359064037435
22,09.04.2026,15,2026,True,har_x,0.0450121664849491,0.04771316867543876
22,10.04.2026,15,2026,True,har_x,0.0453729537656854,0.04509542707392665
22,13.04.2026,15,2026,True,har_x,0.0448992283941479,0.04267928530666258
22,14.04.2026,15,2026,True,har_x,0.0435054941627424,0.045669534350398465
22,15.04.2026,15,2026,True,har_x,0.0439007557046396,0.04373671774076571
22,16.04.2026,15,2026,True,har_x,0.0432399644137607,0.04056021376424235
22,17.04.2026,15,2026,True,har_x,0.0371472463430663,0.04143921358726926
22,20.04.2026,15,2026,True,har_x,0.0383418234948645,0.041393461441820045
22,21.04.2026,15,2026,True,har_x,0.0382996737058662,0.042094773495562725
22,22.04.2026,15,2026,True,har_x,0.0376594843586727,0.04598104275964316
22,23.04.2026,15,2026,True,har_x,0.0379547094338326,0.04258177305619285
22,24.04.2026,15,2026,True,har_x,0.0395203131878672,0.043248894699499024
22,27.04.2026,15,2026,True,har_x,0.0388607729849784,0.040114530259438945
22,28.04.2026,15,2026,True,har_x,0.0381605190689719,0.03822412516795242
22,29.04.2026,15,2026,True,har_x,0.0362271800825387,0.037233828093632154
22,30.04.2026,15,2026,True,har_x,0.0360395980266082,0.03992080819318437
22,01.05.2026,15,2026,True,har_x,0.0350122081710312,0.03893449414391597
22,04.05.2026,15,2026,True,har_x,0.0325795666664964,0.04051159870807897
22,05.05.2026,15,2026,True,har_x,0.0319048300633474,0.041488159468013416
22,06.05.2026,15,2026,True,har_x,0.0275162719669057,0.040100400971276456
22,07.05.2026,15,2026,True,har_x,0.0280574969067254,0.038552757269744345
22,08.05.2026,15,2026,True,har_x,0.028239659559211,0.03810358313730867
22,11.05.2026,15,2026,True,har_x,0.0277918479891002,0.038058146041525284
22,12.05.2026,15,2026,True,har_x,0.0268872198084046,0.0394368296591875
22,13.05.2026,15,2026,True,har_x,0.0280933926337753,0.03950871282931974
22,14.05.2026,15,2026,True,har_x,0.0292749639124159,0.0366546928271389
22,15.05.2026,15,2026,True,har_x,0.0278278931555891,0.035554557166787876
22,18.05.2026,15,2026,True,har_x,0.0266943910836354,0.03657529191120938
22,19.05.2026,15,2026,True,har_x,0.026701141039646,0.03583822097507812
22,20.05.2026,15,2026,True,har_x,0.025037057056453,0.03596585817857732
22,21.05.2026,15,2026,True,har_x,0.025791676562621,0.037004780256521146
22,22.05.2026,15,2026,True,har_x,0.0263909398629345,0.03711354554998372
22,26.05.2026,15,2026,True,har_x,0.0266547509280008,0.03776594540654144
22,27.05.2026,15,2026,True,har_x,0.0258667883133189,0.03375925537453891
22,28.05.2026,15,2026,True,har_x,0.025904639140171,0.032004737418606086
22,29.05.2026,15,2026,True,har_x,0.0259149010029311,0.030634659486582044
22,01.06.2026,15,2026,True,har_x,0.0243508627332197,0.030497070405940355
22,02.06.2026,15,2026,True,har_x,0.0240413597425958,0.03183335177427938
22,03.06.2026,15,2026,True,har_x,0.0248362234714889,0.030719177258995166
22,04.06.2026,15,2026,True,har_x,0.0279551740514663,0.030592982418933122
22,05.06.2026,15,2026,True,har_x,0.0279905073122995,0.030148682456791594
22,08.06.2026,15,2026,True,har_x,0.0276106278262659,0.029347398498475157
22,09.06.2026,15,2026,True,har_x,0.0346369467883317,0.03020673604216503
22,10.06.2026,15,2026,True,har_x,0.0346112449549678,0.03006769062571611
22,11.06.2026,15,2026,True,har_x,0.0341656444722572,0.030912122890575933
22,12.06.2026,15,2026,True,har_x,0.0334679772819215,0.029477698044421918
22,15.06.2026,15,2026,True,har_x,0.033142279645154,0.02879904587493229
22,16.06.2026,15,2026,True,har_x,0.0308608747117906,0.02669160259345551
22,17.06.2026,15,2026,True,har_x,0.0310103581427768,0.02887463079417863
22,18.06.2026,15,2026,True,har_x,0.0315295333010624,0.028673237171082805
22,22.06.2026,15,2026,True,har_x,0.0331788768832367,0.027886104094607688
22,23.06.2026,15,2026,True,har_x,0.0346500040024096,0.02748751190252097
22,24.06.2026,15,2026,True,har_x,0.0392810539326016,0.02558393263648102
22,25.06.2026,15,2026,True,har_x,0.0410387489886812,0.026104044753308162
22,26.06.2026,15,2026,True,har_x,0.0421512763117659,0.025789927326226685
22,29.06.2026,15,2026,True,har_x,0.04259373500315,0.0259365500895133
22,30.06.2026,15,2026,True,har_x,0.0425119962124519,0.02456198342699558
22,01.07.2026,15,2026,True,har_x,0.0456981984590684,0.02356785213926268
22,02.07.2026,15,2026,True,har_x,0.0475293371416827,0.022679451683062783
22,06.07.2026,15,2026,True,har_x,0.0475333110567382,0.022687172243023527
22,07.07.2026,15,2026,True,har_x,0.0477605799483979,0.021094170520146793
22,08.07.2026,15,2026,True,har_x,0.046697061509629,0.024770272153407005
22,09.07.2026,15,2026,True,har_x,0.0473070132117301,0.026725634395098025
22,10.07.2026,15,2026,True,har_x,0.04727395984249,0.024829270294599012
22,13.07.2026,15,2026,True,har_x,0.0433499775445656,0.024161388646947755
22,14.07.2026,15,2026,True,har_x,0.0435391522534267,0.03236730518874819
22,15.07.2026,15,2026,True,har_x,0.04366080152838,0.03171887487290387
22,16.07.2026,15,2026,True,har_x,0.0438943352361889,0.031028083005769855
22,17.07.2026,15,2026,True,har_x,0.0429058449007866,0.02953329773302046
22,20.07.2026,15,2026,True,har_x,0.0428502519985121,0.03145275118825523
22,21.07.2026,15,2026,True,har_x,0.0429277299907879,0.03207797451040674
22,22.07.2026,15,2026,True,har_x,0.0423631426193018,0.032729048662525
22,23.07.2026,15,2026,True,har_x,0.0398055027512681,0.03343369602332405
22,24.07.2026,15,2026,True,har_x,0.0398107216246869,0.03512811792738846
22,27.07.2026,15,2026,True,har_x,0.0347939722056959,0.035507674040221766
22,28.07.2026,15,2026,True,har_x,0.0332527757996031,0.033579901790293
22,29.07.2026,15,2026,True,har_x,0.0289704004213668,0.0322501636746359
22,30.07.2026,15,2026,True,har_x,0.0288136477759307,0.037176507625546716
22,31.07.2026,15,2026,True,har_x,0.0302446867283322,0.034665110793748934
66,02.01.2026,15,2026,False,har,0.0462102950136738,0.019327655125228896
66,05.01.2026,15,2026,False,har,0.0462283774796534,0.018807596012763918
66,06.01.2026,15,2026,False,har,0.0463425515884575,0.019143926889211214
66,07.01.2026,15,2026,False,har,0.0467669018747974,0.01911750218940977
66,08.01.2026,15,2026,False,har,0.0466548961582881,0.018857829207562696
66,09.01.2026,15,2026,False,har,0.0468720378692314,0.02077564606970366
66,12.01.2026,15,2026,False,har,0.0485187474911291,0.020710630096454123
66,13.01.2026,15,2026,False,har,0.0488458564366483,0.02013026556455011
66,14.01.2026,15,2026,False,har,0.0489290461438525,0.02050364078554877
66,15.01.2026,15,2026,False,har,0.0486731484897909,0.019387944307620163
66,16.01.2026,15,2026,False,har,0.0487580995197383,0.022538355820324617
66,20.01.2026,15,2026,False,har,0.0487582506011629,0.02118882245183648
66,21.01.2026,15,2026,False,har,0.0488181347997526,0.02145337845693474
66,22.01.2026,15,2026,False,har,0.0487698698205486,0.020936921986878104
66,23.01.2026,15,2026,False,har,0.0491109766234267,0.02121260599759524
66,26.01.2026,15,2026,False,har,0.0493768179698028,0.02122898200518429
66,27.01.2026,15,2026,False,har,0.0498661947021829,0.02054997635956935
66,28.01.2026,15,2026,False,har,0.0502300016985866,0.02159226208502306
66,29.01.2026,15,2026,False,har,0.0504787506363002,0.020937155461620515
66,30.01.2026,15,2026,False,har,0.0516281060483467,0.02142621613928067
66,02.02.2026,15,2026,False,har,0.0509419330042036,0.020264851642593607
66,03.02.2026,15,2026,False,har,0.0509345868854477,0.0263081060818679
66,04.02.2026,15,2026,False,har,0.0509151475836051,0.024533206728827466
66,05.02.2026,15,2026,False,har,0.0508452963551682,0.025328339891682237
66,06.02.2026,15,2026,False,har,0.0509548321722639,0.025273165332606578
66,09.02.2026,15,2026,False,har,0.0509503657726611,0.02441829167676842
66,10.02.2026,15,2026,False,har,0.0510382077639646,0.022991238742164542
66,11.02.2026,15,2026,False,har,0.0510895400548125,0.022655709091759173
66,12.02.2026,15,2026,False,har,0.0509389297108264,0.02217659183657117
66,13.02.2026,15,2026,False,har,0.0515710411624075,0.022984404532727654
66,17.02.2026,15,2026,False,har,0.0516859012850616,0.02150437945217258
66,18.02.2026,15,2026,False,har,0.0514895032158185,0.021332580567393122
66,19.02.2026,15,2026,False,har,0.0517581796718812,0.024173704612461003
66,20.02.2026,15,2026,False,har,0.0522740532858326,0.023538771116342498
66,23.02.2026,15,2026,False,har,0.0522804741811738,0.02211623367892434
66,24.02.2026,15,2026,False,har,0.0523216021599924,0.02213882339828473
66,25.02.2026,15,2026,False,har,0.0524282474697848,0.02249701493513636
66,26.02.2026,15,2026,False,har,0.0524286099888107,0.020930128098674977
66,27.02.2026,15,2026,False,har,0.0524015324952683,0.020334187096827938
66,02.03.2026,15,2026,False,har,0.0519108642495616,0.021700532833467904
66,03.03.2026,15,2026,False,har,0.0517100062337832,0.02654571731071795
66,04.03.2026,15,2026,False,har,0.0517249815837283,0.024389083458058035
66,05.03.2026,15,2026,False,har,0.0515539532963007,0.022955226222826208
66,06.03.2026,15,2026,False,har,0.0506051151652946,0.02445488249636319
66,09.03.2026,15,2026,False,har,0.0500657327428031,0.02696549981850284
66,10.03.2026,15,2026,False,har,0.0480245259786599,0.027013019561589226
66,11.03.2026,15,2026,False,har,0.0480350726182581,0.037871654846403945
66,12.03.2026,15,2026,False,har,0.0470964568767033,0.03572330488275537
66,13.03.2026,15,2026,False,har,0.0469687337227553,0.03847083944515317
66,16.03.2026,15,2026,False,har,0.0468742965443406,0.03564285498616726
66,17.03.2026,15,2026,False,har,0.0467398651797789,0.03593286535024521
66,18.03.2026,15,2026,False,har,0.0464511921687279,0.03222018750088616
66,19.03.2026,15,2026,False,har,0.0466516880991773,0.03232810633979473
66,20.03.2026,15,2026,False,har,0.0465277464013814,0.030059049986429484
66,23.03.2026,15,2026,False,har,0.0447390804839936,0.03072575109784282
66,24.03.2026,15,2026,False,har,0.0443899516067937,0.04002925987328328
66,25.03.2026,15,2026,False,har,0.0443423475598138,0.037902061957334476
66,26.03.2026,15,2026,False,har,0.0437267296868556,0.03712234360869872
66,27.03.2026,15,2026,False,har,0.0433384487401389,0.038918744231690144
66,30.03.2026,15,2026,False,har,0.0433409540208562,0.03865070001520858
66,31.03.2026,15,2026,False,har,0.0430383583304357,0.033269092306165184
66,01.04.2026,15,2026,False,har,0.0393468179591613,0.03483998158972476
66,02.04.2026,15,2026,False,har,0.038150885817719,0.04774096642677795
66,06.04.2026,15,2026,False,har,0.0381211738492549,0.04577396703361342
66,07.04.2026,15,2026,False,har,0.0399532457917158,0.04271249010506556
66,08.04.2026,15,2026,False,har,0.0360862650186912,0.042212736309881344
66,09.04.2026,15,2026,False,har,0.0360482807073427,0.04849713857060671
66,10.04.2026,15,2026,False,har,0.0360508556749644,0.04203938258981425
66,13.04.2026,15,2026,False,har,0.0360927782515722,0.03944082694999401
66,14.04.2026,15,2026,False,har,0.0356868666692921,0.04135296201316063
66,15.04.2026,15,2026,False,har,0.0357775043179472,0.04168397332353534
66,16.04.2026,15,2026,False,har,0.0355546713247297,0.03626314188374809
66,17.04.2026,15,2026,False,har,0.0345592865185562,0.03837531233047365
66,20.04.2026,15,2026,False,har,0.0342752936309245,0.043033602099602
66,21.04.2026,15,2026,False,har,0.0358445536424223,0.042308719528384775
66,22.04.2026,15,2026,False,har,0.0360371092841017,0.0398961878766799
66,23.04.2026,15,2026,False,har,0.0371085868451826,0.03998431728415987
66,24.04.2026,15,2026,False,har,0.0371610612069112,0.03976636001923622
66,27.04.2026,15,2026,False,har,0.0370222393526794,0.03442858470821625
66,28.04.2026,15,2026,False,har,0.0378166030370013,0.03452461131882689
66,29.04.2026,15,2026,False,har,0.0374627411491537,0.03462070811099948
66,30.04.2026,15,2026,False,har,0.0373004919276638,0.036519930787779854
66,01.05.2026,15,2026,False,har,0.0371989712703014,0.03368152872491366
66,04.05.2026,15,2026,False,har,0.0364894143510683,0.03508892943350136
66,05.05.2026,15,2026,False,har,0.03679234227754,0.036179655514671845
66,06.05.2026,15,2026,False,har,0.0355264528579487,0.036285425971597465
66,07.05.2026,15,2026,False,har,0.0355056964352293,0.03493824607581851
66,08.05.2026,15,2026,False,har,0.0355454374164561,0.03277573084631623
66,11.05.2026,15,2026,False,har,0.0354171672869353,0.03276338485754377
66,12.05.2026,15,2026,False,har,0.0353129311656681,0.032290120225601376
66,13.05.2026,15,2026,False,har,0.0352487202941661,0.03243416798355851
66,14.05.2026,15,2026,False,har,0.0352635014045114,0.029878566634713076
66,15.05.2026,15,2026,False,har,0.0351356560333249,0.028728277401978836
66,18.05.2026,15,2026,False,har,0.0349796922490384,0.028043627959182076
66,19.05.2026,15,2026,False,har,0.0350725224829746,0.027367182388865516
66,20.05.2026,15,2026,False,har,0.0347031703836506,0.026581558229544434
66,21.05.2026,15,2026,False,har,0.0346126805651233,0.030160904753638064
66,22.05.2026,15,2026,False,har,0.034702560031352,0.029100208696930516
66,26.05.2026,15,2026,False,har,0.0343976923521873,0.028174177890239533
66,27.05.2026,15,2026,False,har,0.0337990872785571,0.02865918914986941
66,28.05.2026,15,2026,False,har,0.0342526452737518,0.029524117436048505
66,02.01.2026,15,2026,False,har_ovx,0.0462102950136738,0.018718675018058968
66,05.01.2026,15,2026,False,har_ovx,0.0462283774796534,0.01804775338507049
66,06.01.2026,15,2026,False,har_ovx,0.0463425515884575,0.01839067130493785
66,07.01.2026,15,2026,False,har_ovx,0.0467669018747974,0.018533273150271243
66,08.01.2026,15,2026,False,har_ovx,0.0466548961582881,0.01931499409209167
66,09.01.2026,15,2026,False,har_ovx,0.0468720378692314,0.020659493975135876
66,12.01.2026,15,2026,False,har_ovx,0.0485187474911291,0.020880887977554195
66,13.01.2026,15,2026,False,har_ovx,0.0488458564366483,0.02130115410083916
66,14.01.2026,15,2026,False,har_ovx,0.0489290461438525,0.021780817661195176
66,15.01.2026,15,2026,False,har_ovx,0.0486731484897909,0.022414463895352635
66,16.01.2026,15,2026,False,har_ovx,0.0487580995197383,0.02287374389591644
66,20.01.2026,15,2026,False,har_ovx,0.0487582506011629,0.02275234904413536
66,21.01.2026,15,2026,False,har_ovx,0.0488181347997526,0.0227164652387243
66,22.01.2026,15,2026,False,har_ovx,0.0487698698205486,0.023290038979099068
66,23.01.2026,15,2026,False,har_ovx,0.0491109766234267,0.02316712286892327
66,26.01.2026,15,2026,False,har_ovx,0.0493768179698028,0.023882089328280325
66,27.01.2026,15,2026,False,har_ovx,0.0498661947021829,0.02370552306528228
66,28.01.2026,15,2026,False,har_ovx,0.0502300016985866,0.024625983239279524
66,29.01.2026,15,2026,False,har_ovx,0.0504787506363002,0.024658044776511567
66,30.01.2026,15,2026,False,har_ovx,0.0516281060483467,0.026114312179369548
66,02.02.2026,15,2026,False,har_ovx,0.0509419330042036,0.025961585481973165
66,03.02.2026,15,2026,False,har_ovx,0.0509345868854477,0.025628410282787742
66,04.02.2026,15,2026,False,har_ovx,0.0509151475836051,0.02607297679467676
66,05.02.2026,15,2026,False,har_ovx,0.0508452963551682,0.02714167127267178
66,06.02.2026,15,2026,False,har_ovx,0.0509548321722639,0.026988328795876856
66,09.02.2026,15,2026,False,har_ovx,0.0509503657726611,0.026268824665430398
66,10.02.2026,15,2026,False,har_ovx,0.0510382077639646,0.02497850584030691
66,11.02.2026,15,2026,False,har_ovx,0.0510895400548125,0.02407557947529764
66,12.02.2026,15,2026,False,har_ovx,0.0509389297108264,0.022851827519621126
66,13.02.2026,15,2026,False,har_ovx,0.0515710411624075,0.022391816600329968
66,17.02.2026,15,2026,False,har_ovx,0.0516859012850616,0.022127994436805534
66,18.02.2026,15,2026,False,har_ovx,0.0514895032158185,0.022146677890668907
66,19.02.2026,15,2026,False,har_ovx,0.0517581796718812,0.025611872253774474
66,20.02.2026,15,2026,False,har_ovx,0.0522740532858326,0.0268927729685456
66,23.02.2026,15,2026,False,har_ovx,0.0522804741811738,0.026231694265817465
66,24.02.2026,15,2026,False,har_ovx,0.0523216021599924,0.027126227375704685
66,25.02.2026,15,2026,False,har_ovx,0.0524282474697848,0.02717682546070517
66,26.02.2026,15,2026,False,har_ovx,0.0524286099888107,0.02666926126044662
66,27.02.2026,15,2026,False,har_ovx,0.0524015324952683,0.026663355684470477
66,02.03.2026,15,2026,False,har_ovx,0.0519108642495616,0.028628064203694424
66,03.03.2026,15,2026,False,har_ovx,0.0517100062337832,0.031220554398530595
66,04.03.2026,15,2026,False,har_ovx,0.0517249815837283,0.03225437455748781
66,05.03.2026,15,2026,False,har_ovx,0.0515539532963007,0.032130133941978105
66,06.03.2026,15,2026,False,har_ovx,0.0506051151652946,0.03495600114895665
66,09.03.2026,15,2026,False,har_ovx,0.0500657327428031,0.04122193073299178
66,10.03.2026,15,2026,False,har_ovx,0.0480245259786599,0.04019108325888898
66,11.03.2026,15,2026,False,har_ovx,0.0480350726182581,0.045346518371116244
66,12.03.2026,15,2026,False,har_ovx,0.0470964568767033,0.048245202616491775
66,13.03.2026,15,2026,False,har_ovx,0.0469687337227553,0.04874865629983763
66,16.03.2026,15,2026,False,har_ovx,0.0468742965443406,0.04754407587911762
66,17.03.2026,15,2026,False,har_ovx,0.0467398651797789,0.04265197474484336
66,18.03.2026,15,2026,False,har_ovx,0.0464511921687279,0.03936866060259176
66,19.03.2026,15,2026,False,har_ovx,0.0466516880991773,0.039795479080802554
66,20.03.2026,15,2026,False,har_ovx,0.0465277464013814,0.037594405759399104
66,23.03.2026,15,2026,False,har_ovx,0.0447390804839936,0.03759460773662439
66,24.03.2026,15,2026,False,har_ovx,0.0443899516067937,0.03965311864122033
66,25.03.2026,15,2026,False,har_ovx,0.0443423475598138,0.03885730554101451
66,26.03.2026,15,2026,False,har_ovx,0.0437267296868556,0.038760126341569334
66,27.03.2026,15,2026,False,har_ovx,0.0433384487401389,0.04000621729591602
66,30.03.2026,15,2026,False,har_ovx,0.0433409540208562,0.041135865426153606
66,31.03.2026,15,2026,False,har_ovx,0.0430383583304357,0.03885823129342035
66,01.04.2026,15,2026,False,har_ovx,0.0393468179591613,0.03752808479064258
66,02.04.2026,15,2026,False,har_ovx,0.038150885817719,0.041945721510966594
66,06.04.2026,15,2026,False,har_ovx,0.0381211738492549,0.041639988500491054
66,07.04.2026,15,2026,False,har_ovx,0.0399532457917158,0.04163683240496967
66,08.04.2026,15,2026,False,har_ovx,0.0360862650186912,0.04233702391192359
66,09.04.2026,15,2026,False,har_ovx,0.0360482807073427,0.040039657180245894
66,10.04.2026,15,2026,False,har_ovx,0.0360508556749644,0.037172089394260664
66,13.04.2026,15,2026,False,har_ovx,0.0360927782515722,0.03536701510548272
66,14.04.2026,15,2026,False,har_ovx,0.0356868666692921,0.03673663376147111
66,15.04.2026,15,2026,False,har_ovx,0.0357775043179472,0.0353189298456443
66,16.04.2026,15,2026,False,har_ovx,0.0355546713247297,0.032323283439141176
66,17.04.2026,15,2026,False,har_ovx,0.0345592865185562,0.03327500263311991
66,20.04.2026,15,2026,False,har_ovx,0.0342752936309245,0.03361342551593532
66,21.04.2026,15,2026,False,har_ovx,0.0358445536424223,0.03469674199621885
66,22.04.2026,15,2026,False,har_ovx,0.0360371092841017,0.03760637901234576
66,23.04.2026,15,2026,False,har_ovx,0.0371085868451826,0.035158072883120305
66,24.04.2026,15,2026,False,har_ovx,0.0371610612069112,0.035599483076181195
66,27.04.2026,15,2026,False,har_ovx,0.0370222393526794,0.032748128713952655
66,28.04.2026,15,2026,False,har_ovx,0.0378166030370013,0.03198033858642326
66,29.04.2026,15,2026,False,har_ovx,0.0374627411491537,0.031235323491249023
66,30.04.2026,15,2026,False,har_ovx,0.0373004919276638,0.033446367766600586
66,01.05.2026,15,2026,False,har_ovx,0.0371989712703014,0.03329834917580676
66,04.05.2026,15,2026,False,har_ovx,0.0364894143510683,0.03405227544661445
66,05.05.2026,15,2026,False,har_ovx,0.03679234227754,0.03525428814165773
66,06.05.2026,15,2026,False,har_ovx,0.0355264528579487,0.034140211440062046
66,07.05.2026,15,2026,False,har_ovx,0.0355056964352293,0.03357180268230076
66,08.05.2026,15,2026,False,har_ovx,0.0355454374164561,0.03284232586204617
66,11.05.2026,15,2026,False,har_ovx,0.0354171672869353,0.03280853644432744
66,12.05.2026,15,2026,False,har_ovx,0.0353129311656681,0.03361740285240657
66,13.05.2026,15,2026,False,har_ovx,0.0352487202941661,0.03378717050871235
66,14.05.2026,15,2026,False,har_ovx,0.0352635014045114,0.03134403147718838
66,15.05.2026,15,2026,False,har_ovx,0.0351356560333249,0.030453201771156284
66,18.05.2026,15,2026,False,har_ovx,0.0349796922490384,0.031719043973499915
66,19.05.2026,15,2026,False,har_ovx,0.0350725224829746,0.03151872421513888
66,20.05.2026,15,2026,False,har_ovx,0.0347031703836506,0.03150666547649576
66,21.05.2026,15,2026,False,har_ovx,0.0346126805651233,0.03260769504587756
66,22.05.2026,15,2026,False,har_ovx,0.034702560031352,0.032515032044913086
66,26.05.2026,15,2026,False,har_ovx,0.0343976923521873,0.03285361760278183
66,27.05.2026,15,2026,False,har_ovx,0.0337990872785571,0.029813804780423673
66,28.05.2026,15,2026,False,har_ovx,0.0342526452737518,0.028588176051796147
66,02.01.2026,15,2026,False,har_gpr,0.0462102950136738,0.019391779171475117
66,05.01.2026,15,2026,False,har_gpr,0.0462283774796534,0.01956322089999628
66,06.01.2026,15,2026,False,har_gpr,0.0463425515884575,0.019230347685695832
66,07.01.2026,15,2026,False,har_gpr,0.0467669018747974,0.019206449192982134
66,08.01.2026,15,2026,False,har_gpr,0.0466548961582881,0.018948369742241882
66,09.01.2026,15,2026,False,har_gpr,0.0468720378692314,0.02084441959421616
66,12.01.2026,15,2026,False,har_gpr,0.0485187474911291,0.02078253931434961
66,13.01.2026,15,2026,False,har_gpr,0.0488458564366483,0.020783886045196466
66,14.01.2026,15,2026,False,har_gpr,0.0489290461438525,0.021158185403588877
66,15.01.2026,15,2026,False,har_gpr,0.0486731484897909,0.020063047235052336
66,16.01.2026,15,2026,False,har_gpr,0.0487580995197383,0.023166229167736006
66,20.01.2026,15,2026,False,har_gpr,0.0487582506011629,0.021835158552574896
66,21.01.2026,15,2026,False,har_gpr,0.0488181347997526,0.02184317000085343
66,22.01.2026,15,2026,False,har_gpr,0.0487698698205486,0.021335200696863205
66,23.01.2026,15,2026,False,har_gpr,0.0491109766234267,0.021607301078162913
66,26.01.2026,15,2026,False,har_gpr,0.0493768179698028,0.021631785788285715
66,27.01.2026,15,2026,False,har_gpr,0.0498661947021829,0.020448150400110467
66,28.01.2026,15,2026,False,har_gpr,0.0502300016985866,0.021472707682701528
66,29.01.2026,15,2026,False,har_gpr,0.0504787506363002,0.020825046616671908
66,30.01.2026,15,2026,False,har_gpr,0.0516281060483467,0.02131550042900498
66,02.02.2026,15,2026,False,har_gpr,0.0509419330042036,0.0201653555399814
66,03.02.2026,15,2026,False,har_gpr,0.0509345868854477,0.026346138368938146
66,04.02.2026,15,2026,False,har_gpr,0.0509151475836051,0.024596170171163615
66,05.02.2026,15,2026,False,har_gpr,0.0508452963551682,0.02537958161764829
66,06.02.2026,15,2026,False,har_gpr,0.0509548321722639,0.025330581544896955
66,09.02.2026,15,2026,False,har_gpr,0.0509503657726611,0.02448302330289027
66,10.02.2026,15,2026,False,har_gpr,0.0510382077639646,0.022885490550700823
66,11.02.2026,15,2026,False,har_gpr,0.0510895400548125,0.022554563167853914
66,12.02.2026,15,2026,False,har_gpr,0.0509389297108264,0.022083436960985265
66,13.02.2026,15,2026,False,har_gpr,0.0515710411624075,0.02288378186189141
66,17.02.2026,15,2026,False,har_gpr,0.0516859012850616,0.021414078207328397
66,18.02.2026,15,2026,False,har_gpr,0.0514895032158185,0.021480407899115487
66,19.02.2026,15,2026,False,har_gpr,0.0517581796718812,0.024282766560604015
66,20.02.2026,15,2026,False,har_gpr,0.0522740532858326,0.023656672697789847
66,23.02.2026,15,2026,False,har_gpr,0.0522804741811738,0.022255559977915704
66,24.02.2026,15,2026,False,har_gpr,0.0523216021599924,0.022521289068313525
66,25.02.2026,15,2026,False,har_gpr,0.0524282474697848,0.022874550335415893
66,26.02.2026,15,2026,False,har_gpr,0.0524286099888107,0.021332501925409846
66,27.02.2026,15,2026,False,har_gpr,0.0524015324952683,0.020748210268810012
66,02.03.2026,15,2026,False,har_gpr,0.0519108642495616,0.022087886408022683
66,03.03.2026,15,2026,False,har_gpr,0.0517100062337832,0.027060167684010955
66,04.03.2026,15,2026,False,har_gpr,0.0517249815837283,0.024916576980398217
66,05.03.2026,15,2026,False,har_gpr,0.0515539532963007,0.023501939248731618
66,06.03.2026,15,2026,False,har_gpr,0.0506051151652946,0.024989487208199927
66,09.03.2026,15,2026,False,har_gpr,0.0500657327428031,0.027477139286439495
66,10.03.2026,15,2026,False,har_gpr,0.0480245259786599,0.025920857204897795
66,11.03.2026,15,2026,False,har_gpr,0.0480350726182581,0.03665896849666587
66,12.03.2026,15,2026,False,har_gpr,0.0470964568767033,0.03454111776561934
66,13.03.2026,15,2026,False,har_gpr,0.0469687337227553,0.03726230674799487
66,16.03.2026,15,2026,False,har_gpr,0.0468742965443406,0.034469352057352506
66,17.03.2026,15,2026,False,har_gpr,0.0467398651797789,0.03555030355668111
66,18.03.2026,15,2026,False,har_gpr,0.0464511921687279,0.03191279256320721
66,19.03.2026,15,2026,False,har_gpr,0.0466516880991773,0.03201917775515463
66,20.03.2026,15,2026,False,har_gpr,0.0465277464013814,0.029791134279713173
66,23.03.2026,15,2026,False,har_gpr,0.0447390804839936,0.030447704674393252
66,24.03.2026,15,2026,False,har_gpr,0.0443899516067937,0.03892383804408235
66,25.03.2026,15,2026,False,har_gpr,0.0443423475598138,0.03682339678327602
66,26.03.2026,15,2026,False,har_gpr,0.0437267296868556,0.03605887663500333
66,27.03.2026,15,2026,False,har_gpr,0.0433384487401389,0.03782865753860379
66,30.03.2026,15,2026,False,har_gpr,0.0433409540208562,0.03756413918147488
66,31.03.2026,15,2026,False,har_gpr,0.0430383583304357,0.032412367241632864
66,01.04.2026,15,2026,False,har_gpr,0.0393468179591613,0.033962209708825825
66,02.04.2026,15,2026,False,har_gpr,0.038150885817719,0.04759872430174711
66,06.04.2026,15,2026,False,har_gpr,0.0381211738492549,0.04566006552495783
66,07.04.2026,15,2026,False,har_gpr,0.0399532457917158,0.04138694365493466
66,08.04.2026,15,2026,False,har_gpr,0.0360862650186912,0.04088784944647687
66,09.04.2026,15,2026,False,har_gpr,0.0360482807073427,0.04709213699533296
66,10.04.2026,15,2026,False,har_gpr,0.0360508556749644,0.04073194090095046
66,13.04.2026,15,2026,False,har_gpr,0.0360927782515722,0.038164352590681995
66,14.04.2026,15,2026,False,har_gpr,0.0356868666692921,0.042184067482868876
66,15.04.2026,15,2026,False,har_gpr,0.0357775043179472,0.04251291443253791
66,16.04.2026,15,2026,False,har_gpr,0.0355546713247297,0.03718974689698277
66,17.04.2026,15,2026,False,har_gpr,0.0345592865185562,0.039270985673740766
66,20.04.2026,15,2026,False,har_gpr,0.0342752936309245,0.04386528837473332
66,21.04.2026,15,2026,False,har_gpr,0.0358445536424223,0.04257892010686461
66,22.04.2026,15,2026,False,har_gpr,0.0360371092841017,0.04018017866565238
66,23.04.2026,15,2026,False,har_gpr,0.0371085868451826,0.040264923611633516
66,24.04.2026,15,2026,False,har_gpr,0.0371610612069112,0.040051842546536834
66,27.04.2026,15,2026,False,har_gpr,0.0370222393526794,0.03480890804437352
66,28.04.2026,15,2026,False,har_gpr,0.0378166030370013,0.03449293326675362
66,29.04.2026,15,2026,False,har_gpr,0.0374627411491537,0.03458954572066812
66,30.04.2026,15,2026,False,har_gpr,0.0373004919276638,0.036460396683439894
66,01.05.2026,15,2026,False,har_gpr,0.0371989712703014,0.03359921181862453
66,04.05.2026,15,2026,False,har_gpr,0.0364894143510683,0.03553111069618127
66,05.05.2026,15,2026,False,har_gpr,0.03679234227754,0.03576124771323435
66,06.05.2026,15,2026,False,har_gpr,0.0355264528579487,0.03586701527121944
66,07.05.2026,15,2026,False,har_gpr,0.0355056964352293,0.03450701450834465
66,08.05.2026,15,2026,False,har_gpr,0.0355454374164561,0.03237318620048414
66,11.05.2026,15,2026,False,har_gpr,0.0354171672869353,0.03236110078245583
66,12.05.2026,15,2026,False,har_gpr,0.0353129311656681,0.03181775549421629
66,13.05.2026,15,2026,False,har_gpr,0.0352487202941661,0.03195290352798288
66,14.05.2026,15,2026,False,har_gpr,0.0352635014045114,0.02944943005879566
66,15.05.2026,15,2026,False,har_gpr,0.0351356560333249,0.028311367234074528
66,18.05.2026,15,2026,False,har_gpr,0.0349796922490384,0.027606645903759282
66,19.05.2026,15,2026,False,har_gpr,0.0350725224829746,0.02658906835911612
66,20.05.2026,15,2026,False,har_gpr,0.0347031703836506,0.025813551895514476
66,21.05.2026,15,2026,False,har_gpr,0.0346126805651233,0.029344780540182167
66,22.05.2026,15,2026,False,har_gpr,0.034702560031352,0.028296144201050998
66,26.05.2026,15,2026,False,har_gpr,0.0343976923521873,0.027386305318673428
66,27.05.2026,15,2026,False,har_gpr,0.0337990872785571,0.02900630228604039
66,28.05.2026,15,2026,False,har_gpr,0.0342526452737518,0.02986256347792928
66,02.01.2026,15,2026,False,har_x,0.0462102950136738,0.01865784507912517
66,05.01.2026,15,2026,False,har_x,0.0462283774796534,0.01884828463290232
66,06.01.2026,15,2026,False,har_x,0.0463425515884575,0.018853486750255003
66,07.01.2026,15,2026,False,har_x,0.0467669018747974,0.018998102699676087
66,08.01.2026,15,2026,False,har_x,0.0466548961582881,0.019774239097266506
66,09.01.2026,15,2026,False,har_x,0.0468720378692314,0.021100740257782163
66,12.01.2026,15,2026,False,har_x,0.0485187474911291,0.021322321944754582
66,13.01.2026,15,2026,False,har_x,0.0488458564366483,0.022030769898843387
66,14.01.2026,15,2026,False,har_x,0.0489290461438525,0.022513389307581212
66,15.01.2026,15,2026,False,har_x,0.0486731484897909,0.02315833835518485
66,16.01.2026,15,2026,False,har_x,0.0487580995197383,0.023584445975142757
66,20.01.2026,15,2026,False,har_x,0.0487582506011629,0.02347111903445968
66,21.01.2026,15,2026,False,har_x,0.0488181347997526,0.02338523023311985
66,22.01.2026,15,2026,False,har_x,0.0487698698205486,0.02396058460178823
66,23.01.2026,15,2026,False,har_x,0.0491109766234267,0.02383800864916387
66,26.01.2026,15,2026,False,har_x,0.0493768179698028,0.02455951666026901
66,27.01.2026,15,2026,False,har_x,0.0498661947021829,0.023528360878440104
66,28.01.2026,15,2026,False,har_x,0.0502300016985866,0.02443283470060907
66,29.01.2026,15,2026,False,har_x,0.0504787506363002,0.024466476202018566
66,30.01.2026,15,2026,False,har_x,0.0516281060483467,0.025921511886899107
66,02.02.2026,15,2026,False,har_x,0.0509419330042036,0.025770314010894604
66,03.02.2026,15,2026,False,har_x,0.0509345868854477,0.025652412456257656
66,04.02.2026,15,2026,False,har_x,0.0509151475836051,0.026104444042906336
66,05.02.2026,15,2026,False,har_x,0.0508452963551682,0.027160240315172716
66,06.02.2026,15,2026,False,har_x,0.0509548321722639,0.027014321489019597
66,09.02.2026,15,2026,False,har_x,0.0509503657726611,0.026299205957877117
66,10.02.2026,15,2026,False,har_x,0.0510382077639646,0.024887557937792647
66,11.02.2026,15,2026,False,har_x,0.0510895400548125,0.02399192163622978
66,12.02.2026,15,2026,False,har_x,0.0509389297108264,0.02278279207181731
66,13.02.2026,15,2026,False,har_x,0.0515710411624075,0.022325121378059663
66,17.02.2026,15,2026,False,har_x,0.0516859012850616,0.022061522421499277
66,18.02.2026,15,2026,False,har_x,0.0514895032158185,0.02218636999912194
66,19.02.2026,15,2026,False,har_x,0.0517581796718812,0.02560877690813955
66,20.02.2026,15,2026,False,har_x,0.0522740532858326,0.026884197155882788
66,23.02.2026,15,2026,False,har_x,0.0522804741811738,0.02624036784971828
66,24.02.2026,15,2026,False,har_x,0.0523216021599924,0.027489508343819594
66,25.02.2026,15,2026,False,har_x,0.0524282474697848,0.027537337726747192
66,26.02.2026,15,2026,False,har_x,0.0524286099888107,0.02705022537588795
66,27.02.2026,15,2026,False,har_x,0.0524015324952683,0.027054037897387133
66,02.03.2026,15,2026,False,har_x,0.0519108642495616,0.028987451279506464
66,03.03.2026,15,2026,False,har_x,0.0517100062337832,0.032596710420984304
66,04.03.2026,15,2026,False,har_x,0.0517249815837283,0.033621062218370155
66,05.03.2026,15,2026,False,har_x,0.0515539532963007,0.03350388564838973
66,06.03.2026,15,2026,False,har_x,0.0506051151652946,0.03631470978587591
66,09.03.2026,15,2026,False,har_x,0.0500657327428031,0.04253591480997025
66,10.03.2026,15,2026,False,har_x,0.0480245259786599,0.039846015569609525
66,11.03.2026,15,2026,False,har_x,0.0480350726182581,0.044909154032447995
66,12.03.2026,15,2026,False,har_x,0.0470964568767033,0.04780027714107838
66,13.03.2026,15,2026,False,har_x,0.0469687337227553,0.048294317939927014
66,16.03.2026,15,2026,False,har_x,0.0468742965443406,0.047110442681187
66,17.03.2026,15,2026,False,har_x,0.0467398651797789,0.04263446234436061
66,18.03.2026,15,2026,False,har_x,0.0464511921687279,0.039435473750413515
66,19.03.2026,15,2026,False,har_x,0.0466516880991773,0.03985937615712201
66,20.03.2026,15,2026,False,har_x,0.0465277464013814,0.03770136321916306
66,23.03.2026,15,2026,False,har_x,0.0447390804839936,0.03769708091731391
66,24.03.2026,15,2026,False,har_x,0.0443899516067937,0.039189936541557446
66,25.03.2026,15,2026,False,har_x,0.0443423475598138,0.03840600195852961
66,26.03.2026,15,2026,False,har_x,0.0437267296868556,0.03831880817510438
66,27.03.2026,15,2026,False,har_x,0.0433384487401389,0.039542664520871004
66,30.03.2026,15,2026,False,har_x,0.0433409540208562,0.040665515688292214
66,31.03.2026,15,2026,False,har_x,0.0430383583304357,0.03849929090396342
66,01.04.2026,15,2026,False,har_x,0.0393468179591613,0.037170139176266104
66,02.04.2026,15,2026,False,har_x,0.038150885817719,0.042268179923568606
66,06.04.2026,15,2026,False,har_x,0.0381211738492549,0.04197265163858541
66,07.04.2026,15,2026,False,har_x,0.0399532457917158,0.04099166325658845
66,08.04.2026,15,2026,False,har_x,0.0360862650186912,0.04168442610738609
66,09.04.2026,15,2026,False,har_x,0.0360482807073427,0.03936998266245349
66,10.04.2026,15,2026,False,har_x,0.0360508556749644,0.03657274333029283
66,13.04.2026,15,2026,False,har_x,0.0360927782515722,0.03479705486221085
66,14.04.2026,15,2026,False,har_x,0.0356868666692921,0.038106316930674525
66,15.04.2026,15,2026,False,har_x,0.0357775043179472,0.03669794589412032
66,16.04.2026,15,2026,False,har_x,0.0355546713247297,0.033792724336217446
66,17.04.2026,15,2026,False,har_x,0.0345592865185562,0.034722765403007644
66,20.04.2026,15,2026,False,har_x,0.0342752936309245,0.035022620920937095
66,21.04.2026,15,2026,False,har_x,0.0358445536424223,0.035231814552129384
66,22.04.2026,15,2026,False,har_x,0.0360371092841017,0.03811921526874825
66,23.04.2026,15,2026,False,har_x,0.0371085868451826,0.03568351144400431
66,24.04.2026,15,2026,False,har_x,0.0371610612069112,0.03612585229150722
66,27.04.2026,15,2026,False,har_x,0.0370222393526794,0.03336373047289511
66,28.04.2026,15,2026,False,har_x,0.0378166030370013,0.032024520777753085
66,29.04.2026,15,2026,False,har_x,0.0374627411491537,0.031285567412034435
66,30.04.2026,15,2026,False,har_x,0.0373004919276638,0.033466662877810964
66,01.05.2026,15,2026,False,har_x,0.0371989712703014,0.03326957634985581
66,04.05.2026,15,2026,False,har_x,0.0364894143510683,0.034773720761313985
66,05.05.2026,15,2026,False,har_x,0.03679234227754,0.03514285344058504
66,06.05.2026,15,2026,False,har_x,0.0355264528579487,0.03403436178732465
66,07.05.2026,15,2026,False,har_x,0.0355056964352293,0.033450860065495906
66,08.05.2026,15,2026,False,har_x,0.0355454374164561,0.0327351059293622
66,11.05.2026,15,2026,False,har_x,0.0354171672869353,0.03270178116645071
66,12.05.2026,15,2026,False,har_x,0.0353129311656681,0.03361931280178634
66,13.05.2026,15,2026,False,har_x,0.0352487202941661,0.03377921789239306
66,14.05.2026,15,2026,False,har_x,0.0352635014045114,0.03139356235045483
66,15.05.2026,15,2026,False,har_x,0.0351356560333249,0.030512150569895924
66,18.05.2026,15,2026,False,har_x,0.0349796922490384,0.031746058312715826
66,19.05.2026,15,2026,False,har_x,0.0350725224829746,0.03113211348647622
66,20.05.2026,15,2026,False,har_x,0.0347031703836506,0.03112404538624108
66,21.05.2026,15,2026,False,har_x,0.0346126805651233,0.032193160997083504
66,22.05.2026,15,2026,False,har_x,0.034702560031352,0.03210312824224049
66,26.05.2026,15,2026,False,har_x,0.0343976923521873,0.03245028205507172
66,27.05.2026,15,2026,False,har_x,0.0337990872785571,0.030234058577389738
66,28.05.2026,15,2026,False,har_x,0.0342526452737518,0.0290141512649055
126,02.01.2026,15,2026,False,har,0.0414309216070683,0.020181335264329733
126,05.01.2026,15,2026,False,har,0.0416413346606189,0.01987056211497312
126,06.01.2026,15,2026,False,har,0.0416620308369402,0.020099772812085324
126,07.01.2026,15,2026,False,har,0.0416459718271782,0.020105135516278794
126,08.01.2026,15,2026,False,har,0.0423160429380117,0.01992393908317767
126,09.01.2026,15,2026,False,har,0.0423015428157304,0.021184743560520383
126,12.01.2026,15,2026,False,har,0.0422980946570083,0.021193352542035998
126,13.01.2026,15,2026,False,har,0.042260443788389,0.02082536675054475
126,14.01.2026,15,2026,False,har,0.0424155833770117,0.021102172065152455
126,15.01.2026,15,2026,False,har,0.0422354993102402,0.020450518175255096
126,16.01.2026,15,2026,False,har,0.0422624305482103,0.022409634986889596
126,20.01.2026,15,2026,False,har,0.0423403989928023,0.021605848224045106
126,21.01.2026,15,2026,False,har,0.0427351366310522,0.0217687381761447
126,22.01.2026,15,2026,False,har,0.0428640130381664,0.021462555561380832
126,23.01.2026,15,2026,False,har,0.0436195013460575,0.02161601288399944
126,26.01.2026,15,2026,False,har,0.0438598359934713,0.021699549841100608
126,27.01.2026,15,2026,False,har,0.0442871555683861,0.021299507900289685
126,28.01.2026,15,2026,False,har,0.0443188753247728,0.021887496596195606
126,29.01.2026,15,2026,False,har,0.0442402332512763,0.021479652902733466
126,30.01.2026,15,2026,False,har,0.044741631863514,0.021845361023278227
126,02.02.2026,15,2026,False,har,0.0446329856988635,0.021104013118784296
126,03.02.2026,15,2026,False,har,0.0446153070233635,0.025062215671985133
126,04.02.2026,15,2026,False,har,0.0446531948091602,0.0240136815949629
126,05.02.2026,15,2026,False,har,0.0445869931505968,0.024490522714366147
126,06.02.2026,15,2026,False,har,0.0447807760033318,0.0245228321499657
126,09.02.2026,15,2026,False,har,0.0447787086256526,0.023958268488759957
126,10.02.2026,15,2026,False,har,0.0447761365986844,0.023123238622091122
126,11.02.2026,15,2026,False,har,0.0448218677241551,0.02292762248436199
126,12.02.2026,15,2026,False,har,0.0447633640214564,0.022618566273015072
126,13.02.2026,15,2026,False,har,0.0448145210580709,0.023147088330376386
126,17.02.2026,15,2026,False,har,0.0448098882083934,0.022118044008271755
126,18.02.2026,15,2026,False,har,0.0446663439596313,0.022024015677847626
126,19.02.2026,15,2026,False,har,0.0446826439121951,0.023803811008755855
126,20.02.2026,15,2026,False,har,0.0446842691291786,0.023442470243001383
126,23.02.2026,15,2026,False,har,0.0447411852405975,0.022570173513566223
126,24.02.2026,15,2026,False,har,0.0448829630358587,0.022545671634681685
126,25.02.2026,15,2026,False,har,0.044892079089087,0.022766047861803074
126,26.02.2026,15,2026,False,har,0.0449238582600422,0.02179775614946821
126,27.02.2026,15,2026,False,har,0.04488255447282,0.02144626118267625
126,02.03.2026,15,2026,False,har,0.0444731317650921,0.022201241273410527
126,03.03.2026,15,2026,False,har,0.0444646981369981,0.02538176781508085
126,02.01.2026,15,2026,False,har_ovx,0.0414309216070683,0.01982208422465886
126,05.01.2026,15,2026,False,har_ovx,0.0416413346606189,0.019419489430858854
126,06.01.2026,15,2026,False,har_ovx,0.0416620308369402,0.019650760826607994
126,07.01.2026,15,2026,False,har_ovx,0.0416459718271782,0.019755944494118077
126,08.01.2026,15,2026,False,har_ovx,0.0423160429380117,0.020200511978288576
126,09.01.2026,15,2026,False,har_ovx,0.0423015428157304,0.02112241068469951
126,12.01.2026,15,2026,False,har_ovx,0.0422980946570083,0.02130205178674752
126,13.01.2026,15,2026,False,har_ovx,0.042260443788389,0.02153397160960871
126,14.01.2026,15,2026,False,har_ovx,0.0424155833770117,0.02187116425325212
126,15.01.2026,15,2026,False,har_ovx,0.0422354993102402,0.02226124630691801
126,16.01.2026,15,2026,False,har_ovx,0.0422624305482103,0.022621582915714318
126,20.01.2026,15,2026,False,har_ovx,0.0423403989928023,0.022551082712511716
126,21.01.2026,15,2026,False,har_ovx,0.0427351366310522,0.022534210340053634
126,22.01.2026,15,2026,False,har_ovx,0.0428640130381664,0.02287951019275229
126,23.01.2026,15,2026,False,har_ovx,0.0436195013460575,0.02279387872305927
126,26.01.2026,15,2026,False,har_ovx,0.0438598359934713,0.023290565158803667
126,27.01.2026,15,2026,False,har_ovx,0.0442871555683861,0.023190944077854152
126,28.01.2026,15,2026,False,har_ovx,0.0443188753247728,0.023711663404257136
126,29.01.2026,15,2026,False,har_ovx,0.0442402332512763,0.02371544480417665
126,30.01.2026,15,2026,False,har_ovx,0.044741631863514,0.02465740001661837
126,02.02.2026,15,2026,False,har_ovx,0.0446329856988635,0.024521424042046998
126,03.02.2026,15,2026,False,har_ovx,0.0446153070233635,0.024668739969429414
126,04.02.2026,15,2026,False,har_ovx,0.0446531948091602,0.024947079982416773
126,05.02.2026,15,2026,False,har_ovx,0.0445869931505968,0.02559174352948175
126,06.02.2026,15,2026,False,har_ovx,0.0447807760033318,0.025561350165400905
126,09.02.2026,15,2026,False,har_ovx,0.0447787086256526,0.02507817751709959
126,10.02.2026,15,2026,False,har_ovx,0.0447761365986844,0.024310216760379356
126,11.02.2026,15,2026,False,har_ovx,0.0448218677241551,0.023772936028716163
126,12.02.2026,15,2026,False,har_ovx,0.0447633640214564,0.023012790648138517
126,13.02.2026,15,2026,False,har_ovx,0.0448145210580709,0.022780272829789415
126,17.02.2026,15,2026,False,har_ovx,0.0448098882083934,0.022482487375771854
126,18.02.2026,15,2026,False,har_ovx,0.0446663439596313,0.02250051303868897
126,19.02.2026,15,2026,False,har_ovx,0.0446826439121951,0.024667034726642785
126,20.02.2026,15,2026,False,har_ovx,0.0446842691291786,0.025454650550651506
126,23.02.2026,15,2026,False,har_ovx,0.0447411852405975,0.02503213536149109
126,24.02.2026,15,2026,False,har_ovx,0.0448829630358587,0.0255332669333374
126,25.02.2026,15,2026,False,har_ovx,0.044892079089087,0.02557033298933012
126,26.02.2026,15,2026,False,har_ovx,0.0449238582600422,0.025228329885312303
126,27.02.2026,15,2026,False,har_ovx,0.04488255447282,0.025225621404457693
126,02.03.2026,15,2026,False,har_ovx,0.0444731317650921,0.02635082529388492
126,03.03.2026,15,2026,False,har_ovx,0.0444646981369981,0.028193960338676972
126,02.01.2026,15,2026,False,har_gpr,0.0414309216070683,0.020509709544541503
126,05.01.2026,15,2026,False,har_gpr,0.0416413346606189,0.020735613975360494
126,06.01.2026,15,2026,False,har_gpr,0.0416620308369402,0.01948312796259287
126,07.01.2026,15,2026,False,har_gpr,0.0416459718271782,0.019490838176978414
126,08.01.2026,15,2026,False,har_gpr,0.0423160429380117,0.01931271453829598
126,09.01.2026,15,2026,False,har_gpr,0.0423015428157304,0.020545103286357308
126,12.01.2026,15,2026,False,har_gpr,0.0422980946570083,0.020560116537149647
126,13.01.2026,15,2026,False,har_gpr,0.042260443788389,0.021478587476314634
126,14.01.2026,15,2026,False,har_gpr,0.0424155833770117,0.021751743435997457
126,15.01.2026,15,2026,False,har_gpr,0.0422354993102402,0.021123705756574827
126,16.01.2026,15,2026,False,har_gpr,0.0422624305482103,0.023026702405995157
126,20.01.2026,15,2026,False,har_gpr,0.0423403989928023,0.0222520412852105
126,21.01.2026,15,2026,False,har_gpr,0.0427351366310522,0.02169585236727033
126,22.01.2026,15,2026,False,har_gpr,0.0428640130381664,0.021400439487293407
126,23.01.2026,15,2026,False,har_gpr,0.0436195013460575,0.021546540840597806
126,26.01.2026,15,2026,False,har_gpr,0.0438598359934713,0.02163564168688222
126,27.01.2026,15,2026,False,har_gpr,0.0442871555683861,0.021279355234258925
126,28.01.2026,15,2026,False,har_gpr,0.0443188753247728,0.021842127317284934
126,29.01.2026,15,2026,False,har_gpr,0.0442402332512763,0.02144682015139204
126,30.01.2026,15,2026,False,har_gpr,0.044741631863514,0.021808066680006087
126,02.02.2026,15,2026,False,har_gpr,0.0446329856988635,0.02108743846881355
126,03.02.2026,15,2026,False,har_gpr,0.0446153070233635,0.02514192558938125
126,04.02.2026,15,2026,False,har_gpr,0.0446531948091602,0.024132512661296363
126,05.02.2026,15,2026,False,har_gpr,0.0445869931505968,0.02459292546115441
126,06.02.2026,15,2026,False,har_gpr,0.0447807760033318,0.024632406855817898
126,09.02.2026,15,2026,False,har_gpr,0.0447787086256526,0.024081120667057223
126,10.02.2026,15,2026,False,har_gpr,0.0447761365986844,0.022937907822477715
126,11.02.2026,15,2026,False,har_gpr,0.0448218677241551,0.02275005299678356
126,12.02.2026,15,2026,False,har_gpr,0.0447633640214564,0.022447838169370866
126,13.02.2026,15,2026,False,har_gpr,0.0448145210580709,0.022963413647458658
126,17.02.2026,15,2026,False,har_gpr,0.0448098882083934,0.02195186015255727
126,18.02.2026,15,2026,False,har_gpr,0.0446663439596313,0.022410384870482143
126,19.02.2026,15,2026,False,har_gpr,0.0446826439121951,0.024139696297023543
126,20.02.2026,15,2026,False,har_gpr,0.0446842691291786,0.0237940876065046
126,23.02.2026,15,2026,False,har_gpr,0.0447411852405975,0.02294862246609387
126,24.02.2026,15,2026,False,har_gpr,0.0448829630358587,0.02300028936525404
126,25.02.2026,15,2026,False,har_gpr,0.044892079089087,0.023213819980060862
126,26.02.2026,15,2026,False,har_gpr,0.0449238582600422,0.022273672154959713
126,27.02.2026,15,2026,False,har_gpr,0.04488255447282,0.021934107454595952
126,02.03.2026,15,2026,False,har_gpr,0.0444731317650921,0.022655400441494257
126,03.03.2026,15,2026,False,har_gpr,0.0444646981369981,0.024289527819119812
126,02.01.2026,15,2026,False,har_x,0.0414309216070683,0.02008755419044908
126,05.01.2026,15,2026,False,har_x,0.0416413346606189,0.020321066449005717
126,06.01.2026,15,2026,False,har_x,0.0416620308369402,0.01926818470848759
126,07.01.2026,15,2026,False,har_x,0.0416459718271782,0.01937260817741265
126,08.01.2026,15,2026,False,har_x,0.0423160429380117,0.01979827912339058
126,09.01.2026,15,2026,False,har_x,0.0423015428157304,0.02070359495806896
126,12.01.2026,15,2026,False,har_x,0.0422980946570083,0.020882994743428106
126,13.01.2026,15,2026,False,har_x,0.042260443788389,0.02220950546175989
126,14.01.2026,15,2026,False,har_x,0.0424155833770117,0.022542656447381383
126,15.01.2026,15,2026,False,har_x,0.0422354993102402,0.02292146782813594
126,16.01.2026,15,2026,False,har_x,0.0422624305482103,0.023279136217804638
126,20.01.2026,15,2026,False,har_x,0.0423403989928023,0.023210726131709287
126,21.01.2026,15,2026,False,har_x,0.0427351366310522,0.022602267364785527
126,22.01.2026,15,2026,False,har_x,0.0428640130381664,0.022935940276640338
126,23.01.2026,15,2026,False,har_x,0.0436195013460575,0.022852107280605355
126,26.01.2026,15,2026,False,har_x,0.0438598359934713,0.023341852567516953
126,27.01.2026,15,2026,False,har_x,0.0442871555683861,0.023073950313669843
126,28.01.2026,15,2026,False,har_x,0.0443188753247728,0.023572461887205638
126,29.01.2026,15,2026,False,har_x,0.0442402332512763,0.023573590672313106
126,30.01.2026,15,2026,False,har_x,0.044741631863514,0.024493379882130628
126,02.02.2026,15,2026,False,har_x,0.0446329856988635,0.024355109620011542
126,03.02.2026,15,2026,False,har_x,0.0446153070233635,0.02475149052804096
126,04.02.2026,15,2026,False,har_x,0.0446531948091602,0.025020897540527894
126,05.02.2026,15,2026,False,har_x,0.0445869931505968,0.025643732341383636
126,06.02.2026,15,2026,False,har_x,0.0447807760033318,0.025623032352560013
126,09.02.2026,15,2026,False,har_x,0.0447787086256526,0.0251490073773507
126,10.02.2026,15,2026,False,har_x,0.0447761365986844,0.02410090298394593
126,11.02.2026,15,2026,False,har_x,0.0448218677241551,0.02358258787374267
126,12.02.2026,15,2026,False,har_x,0.0447633640214564,0.022846044926418455
126,13.02.2026,15,2026,False,har_x,0.0448145210580709,0.022627991593273902
126,17.02.2026,15,2026,False,har_x,0.0448098882083934,0.022320940568860432
126,18.02.2026,15,2026,False,har_x,0.0446663439596313,0.022809892626663657
126,19.02.2026,15,2026,False,har_x,0.0446826439121951,0.02491265220456145
126,20.02.2026,15,2026,False,har_x,0.0446842691291786,0.02567491717998875
126,23.02.2026,15,2026,False,har_x,0.0447411852405975,0.025264045121804843
126,24.02.2026,15,2026,False,har_x,0.0448829630358587,0.025890894630170837
126,25.02.2026,15,2026,False,har_x,0.044892079089087,0.025927594121043458
126,26.02.2026,15,2026,False,har_x,0.0449238582600422,0.025593502862403215
126,27.02.2026,15,2026,False,har_x,0.04488255447282,0.02559178279730465
126,02.03.2026,15,2026,False,har_x,0.0444731317650921,0.026670102499448074
126,03.03.2026,15,2026,False,har_x,0.0444646981369981,0.027526496202281096
